

TREE # 1

  0  0.0000   7685.240422  x:  1.04517   1.03251   0.00000   0.27595   0.45608   1.32867   0.00718   0.13430   0.57889   0.68308   0.16653   0.73814   0.83264   1.92081   0.33195   0.39998   0.33500   0.37770  
  1 99.0000   7377.097343  x:  1.05224   1.03958   0.04376   0.31262   0.45880   1.30751   0.12182   0.20703   0.55517   0.66281   0.23111   0.73288   0.81951   1.93258   0.72979   0.12982   0.34188   0.39746  
  2 999.5196   7353.077076  x:  1.06423   1.05157   0.08570   0.32978   0.46319   1.30285   0.14694   0.22992   0.54299   0.65484   0.25808   0.73331   0.81695   1.93423   0.83596   0.20566   0.35287   0.41128  
  3 510.3265   7328.136665  x:  1.14495   1.13229   0.31263   0.34271   0.44055   1.24868   0.00000   0.20520   0.41134   0.56122   0.31976   0.69775   0.77232   1.89913   0.86629   0.18646   0.45975   0.49794  
  4 127.0463   7322.996687  x:  1.18610   1.17344   0.39571   0.40810   0.46012   1.21315   0.04884   0.24681   0.38321   0.54907   0.31319   0.68614   0.74959   1.84283   0.82701   0.17041   0.52591   0.52757  
  5 86.5401   7316.841243  x:  1.26053   1.24787   0.45312   0.48646   0.49842   1.15016   0.01611   0.22472   0.43371   0.60467   0.21739   0.69588   0.73422   1.65741   0.85445   0.15980   0.64673   0.52774  
  6 59.1416   7313.493838  x:  1.29501   1.28234   0.44091   0.50698   0.50860   1.12755   0.00000   0.22757   0.45365   0.62668   0.25564   0.71629   0.74777   1.54145   0.85834   0.15498   0.71931   0.53055  
  7 71.8004   7310.413582  x:  1.34440   1.33174   0.36710   0.47903   0.49076   1.13923   0.02474   0.21495   0.39367   0.59615   0.22566   0.74429   0.79044   1.36953   0.87826   0.16016   0.83895   0.58789  
  8 44.0992   7308.866412  x:  1.37865   1.36599   0.35487   0.40458   0.46207   1.18310   0.04815   0.22986   0.43995   0.60754   0.21037   0.73402   0.80743   1.31112   0.88491   0.15745   0.94211   0.67597  
  9 26.7265   7308.308544  x:  1.39023   1.37757   0.35027   0.39275   0.46872   1.20991   0.06967   0.19355   0.45139   0.61661   0.21699   0.72993   0.80831   1.30544   0.88748   0.15551   0.98868   0.70444  
 10 24.9207   7307.082621  x:  1.41092   1.39826   0.30209   0.41188   0.53515   1.30608   0.04502   0.20365   0.43895   0.64791   0.21064   0.73953   0.80311   1.34797   0.90230   0.15003   1.12921   0.74394  
 11 13.7151   7304.568151  x:  1.45314   1.44047   0.26815   0.45710   0.45249   1.40927   0.04297   0.20781   0.44338   0.65683   0.18762   0.82676   0.85721   1.47729   0.92710   0.14173   1.42244   0.65741  
 12 15.4600   7301.890630  x:  1.47211   1.45945   0.21650   0.40238   0.45651   1.40650   0.06016   0.22077   0.44988   0.60106   0.18415   0.73766   0.82468   1.54613   0.95950   0.15091   1.65476   0.50750  
 13 16.5058   7295.530383  x:  1.34478   1.33212   0.18835   0.27565   0.50409   1.12573   0.09134   0.22156   0.38145   0.66739   0.17777   0.74406   0.82261   1.64262   1.02786   0.16752   1.96684   0.51032  
 14 11.5956   7288.809196  x:  1.15832   1.14566   0.15412   0.34085   0.48081   0.96090   0.07125   0.21057   0.43966   0.54465   0.18080   0.68504   0.80685   1.64740   1.10842   0.18488   2.18841   0.60807  
 15 31.8111   7279.413194  x:  0.92560   0.91293   0.30836   0.32976   0.43179   1.05299   0.07980   0.22857   0.38472   0.55761   0.20368   0.62903   0.74159   1.46668   1.20835   0.18404   2.30002   0.59124  
 16 24.8998   7272.710778  x:  1.04676   1.03409   0.37368   0.27884   0.52843   1.08604   0.10216   0.23779   0.42754   0.45125   0.22806   0.72706   0.75608   1.41183   1.26957   0.16488   2.16011   0.61711  
 17 13.4025   7263.004056  x:  1.35013   1.33746   0.31300   0.34912   0.43418   1.08477   0.11067   0.24482   0.37796   0.54041   0.29760   0.61482   0.73946   1.38171   1.36946   0.15152   1.87934   0.73824  
 18 39.8671   7256.366278  x:  1.36192   1.34926   0.27252   0.39935   0.44643   1.14487   0.13958   0.23952   0.41244   0.60980   0.26989   0.80868   0.73711   1.34893   1.55999   0.15006   2.32934   0.81313  
 19  0.4566   7255.828956  x:  1.36090   1.34824   0.28466   0.40739   0.46606   1.15155   0.13948   0.23922   0.41345   0.61819   0.26497   0.78780   0.81590   1.34834   1.57452   0.14679   2.36411   0.81458  
 20 12.4589   7253.596987  x:  1.39262   1.37995   0.26646   0.36608   0.47675   1.13097   0.17738   0.23410   0.42656   0.57868   0.23966   0.70840   0.79984   1.39819   1.70021   0.15944   2.58072   0.85435  
 21  0.2601   7253.405744  x:  1.40677   1.39411   0.27155   0.36065   0.46621   1.14106   0.18261   0.23465   0.41509   0.58020   0.23830   0.70966   0.79073   1.38851   1.72808   0.15519   2.64653   0.86087  
 22  0.0750   7253.394470  x:  1.40713   1.39447   0.27222   0.36071   0.46414   1.13945   0.18282   0.23513   0.41485   0.58310   0.24177   0.71154   0.79331   1.39479   1.73483   0.15540   2.66128   0.85967  
 23  0.0172   7253.390487  x:  1.40610   1.39344   0.27179   0.36131   0.46559   1.14465   0.18216   0.23460   0.41614   0.58441   0.24121   0.71097   0.79445   1.39243   1.74048   0.15539   2.70149   0.86000  
 24  0.0211   7253.380474  x:  1.40042   1.38777   0.27407   0.36280   0.46661   1.13634   0.17680   0.23494   0.41481   0.58391   0.23931   0.71240   0.79243   1.39421   1.74373   0.15606   2.83325   0.84862  
 25  0.0247   7253.363724  x:  1.39877   1.38612   0.26716   0.36192   0.46379   1.14230   0.17150   0.23683   0.41427   0.58079   0.23917   0.71148   0.79329   1.40373   1.73909   0.15606   3.06422   0.83428  
 26  0.0859   7253.320038  x:  1.41207   1.39944   0.26483   0.35954   0.46744   1.13940   0.17530   0.23877   0.41934   0.58852   0.23425   0.70774   0.79934   1.40669   1.73052   0.15444   3.69027   0.81696  
 27  0.1058   7253.264023  x:  1.42189   1.40929   0.25549   0.36273   0.46369   1.14377   0.18560   0.23841   0.41370   0.58420   0.22884   0.71651   0.79884   1.40232   1.73674   0.15504   4.60120   0.81691  
 28  0.3185   7253.226068  x:  1.41416   1.40159   0.26026   0.36411   0.46956   1.14756   0.18457   0.23784   0.41755   0.58095   0.22874   0.71689   0.79300   1.41341   1.73452   0.15417   5.58666   0.81697  
 29  0.3663   7253.186147  x:  1.40659   1.39407   0.25277   0.36153   0.46564   1.14300   0.18276   0.23854   0.41827   0.58245   0.22268   0.71573   0.80341   1.40873   1.73305   0.15444   7.47720   0.80977  
 30  0.7995   7253.165168  x:  1.40523   1.39276   0.25298   0.36145   0.46417   1.14108   0.18422   0.23816   0.41523   0.58507   0.22520   0.71600   0.80105   1.40658   1.73465   0.15502   8.99195   0.82334  
 31  0.7465   7253.148374  x:  1.40681   1.39441   0.24840   0.36369   0.46569   1.14486   0.18347   0.23886   0.41516   0.58613   0.21979   0.71900   0.79901   1.41759   1.73455   0.15454  11.43566   0.81632  
 32  1.6922   7253.129876  x:  1.41347   1.40122   0.24954   0.36467   0.46528   1.14559   0.18127   0.23926   0.41991   0.58264   0.21874   0.71594   0.80320   1.41309   1.73206   0.15378  16.31452   0.80607  
 33  1.3631   7253.118178  x:  1.41546   1.40333   0.24545   0.36246   0.46750   1.14522   0.18326   0.23957   0.41568   0.58489   0.21926   0.72039   0.80217   1.41833   1.73519   0.15425  20.58543   0.80409  
 34  1.8946   7253.108435  x:  1.41316   1.40135   0.24873   0.36306   0.46477   1.14611   0.18374   0.23930   0.41772   0.58395   0.21622   0.71944   0.80237   1.41593   1.73486   0.15407  30.73799   0.80328  
 35  2.4365   7253.101744  x:  1.41135   1.39985   0.24427   0.36274   0.46664   1.14595   0.18311   0.23982   0.41708   0.58437   0.21792   0.71852   0.80286   1.41857   1.73288   0.15409  40.38704   0.80168  
 36  4.2287   7253.097010  x:  1.40947   1.39858   0.24588   0.36415   0.46613   1.14409   0.18389   0.23983   0.41636   0.58497   0.21577   0.72049   0.80250   1.41899   1.73536   0.15426  59.61741   0.80079  
 37  5.6096   7253.093662  x:  1.41052   1.40033   0.24516   0.36296   0.46563   1.14620   0.18359   0.23988   0.41768   0.58392   0.21715   0.71836   0.80257   1.41800   1.73335   0.15406  81.30505   0.80086  
 38  7.8151   7253.091873  x:  1.41109   1.40169   0.24347   0.36306   0.46627   1.14610   0.18348   0.24010   0.41722   0.58444   0.21573   0.71947   0.80335   1.41980   1.73351   0.15401  106.28940   0.79810  
 39 14.1335   7253.090271  x:  1.41072   1.40240   0.24513   0.36353   0.46670   1.14503   0.18342   0.23981   0.41647   0.58494   0.21593   0.72058   0.80312   1.41926   1.73477   0.15413  140.22182   0.80022  
 40 17.7470   7253.088779  x:  1.41096   1.40476   0.24352   0.36308   0.46579   1.14638   0.18335   0.23991   0.41769   0.58411   0.21584   0.71942   0.80325   1.41941   1.73381   0.15395  206.98406   0.80011  
 41 22.1261   7253.087765  x:  1.40794   1.40480   0.24443   0.36357   0.46691   1.14514   0.18323   0.23993   0.41657   0.58499   0.21573   0.72033   0.80344   1.41960   1.73421   0.15407  303.03134   0.79965  
 42 28.1455   7253.087063  x:  1.40589   1.40708   0.24379   0.36315   0.46566   1.14611   0.18371   0.23999   0.41749   0.58418   0.21568   0.71954   0.80300   1.41958   1.73405   0.15404  439.36365   0.79906  
 43 45.0263   7253.086622  x:  1.40202   1.40944   0.24432   0.36344   0.46673   1.14537   0.18346   0.24004   0.41674   0.58481   0.21569   0.71991   0.80337   1.41958   1.73391   0.15405  635.61261   0.79843  
 44 59.2369   7253.086281  x:  1.39789   1.41506   0.24379   0.36322   0.46574   1.14598   0.18370   0.23999   0.41739   0.58427   0.21559   0.71975   0.80302   1.41974   1.73417   0.15406  942.27974   0.79894  
 45 91.4993   7253.086221  x:  1.39699   1.41597   0.24383   0.36324   0.46586   1.14593   0.18365   0.23999   0.41732   0.58433   0.21560   0.71977   0.80308   1.41971   1.73414   0.15405  999.00000   0.79895  
 46 133.3305   7253.086191  x:  1.39419   1.41881   0.24396   0.36332   0.46624   1.14574   0.18350   0.23999   0.41711   0.58453   0.21563   0.71986   0.80326   1.41966   1.73405   0.15404  999.00000   0.79900  
 47  0.0040   7253.086191  x:  1.39421   1.41878   0.24397   0.36332   0.46623   1.14574   0.18350   0.23999   0.41711   0.58452   0.21564   0.71986   0.80325   1.41965   1.73405   0.15404  999.00000   0.79903  