res	aa	Beta	Turn	Helix	Aggregation	Conc-Stab_Aggregation
01	  M	  0.5	  0.0	0.000	0.019	0.019
02	  F	  3.0	  0.0	0.000	13.835	13.835
03	  N	  3.5	  0.0	0.114	14.263	14.263
04	  W	  3.7	  0.0	0.114	33.102	33.102
05	  I	  8.2	  0.0	0.215	35.445	35.445
06	  I	 10.4	  0.0	0.316	35.649	35.649
07	  V	 13.3	  0.0	0.316	35.667	35.667
08	  S	  6.8	  0.0	0.884	35.666	35.666
09	  Y	  4.7	  0.0	0.770	35.676	35.676
10	  L	  1.8	  0.0	0.770	35.671	35.671
11	  L	  2.6	  0.0	0.770	35.637	35.637
12	  I	  5.3	  0.0	0.770	35.444	35.444
13	  V	  7.0	  0.0	0.770	33.220	33.220
14	  Q	  5.7	  0.0	0.770	6.289	6.289
15	  W	  2.6	  0.0	0.122	5.170	5.170
16	  V	  0.0	  0.0	0.000	0.000	0.000
17	  H	  0.0	  0.0	0.000	0.000	0.000
18	  A	  0.0	  0.0	-1.#IO	0.000	0.000
19	  N	  0.0	  0.0	-1.#IO	0.000	0.000
20	  D	  0.0	  0.0	-1.#IO	0.000	0.000
21	  L	  0.0	  0.0	-1.#IO	0.000	0.000
22	  G	  0.0	  0.0	-1.#IO	0.000	0.000
23	  F	  0.0	  0.0	-1.#IO	0.000	0.000
24	  S	  0.0	  0.0	-1.#IO	0.000	0.000
25	  L	  0.0	  0.0	-1.#IO	0.000	0.000
26	  F	  0.0	  0.0	-1.#IO	0.000	0.000
27	  D	  0.0	  0.0	-1.#IO	0.000	0.000
28	  K	  0.0	  0.0	-1.#IO	0.000	0.000
29	  R	  0.0	  0.0	-1.#IO	0.000	0.000
30	  A	  0.0	  0.0	-1.#IO	0.000	0.000
31	  L	  0.0	  0.0	-1.#IO	0.000	0.000
32	  S	  0.0	  0.0	-1.#IO	0.000	0.000
33	  S	  0.0	  0.0	-1.#IO	0.000	0.000
34	  Q	  0.0	  0.0	-1.#IO	0.000	0.000
35	  N	  0.0	  0.0	-1.#IO	0.000	0.000
36	  P	  0.0	  0.0	-1.#IO	0.000	0.000
37	  F	  0.0	  0.0	-1.#IO	0.000	0.000
38	  G	  0.0	  0.0	-1.#IO	0.000	0.000
39	  Y	  0.0	  0.0	-1.#IO	0.000	0.000
40	  P	  0.0	  0.0	-1.#IO	0.000	0.000
41	  I	  0.0	  0.0	0.000	0.000	0.000
42	  G	  0.0	  0.0	0.000	0.000	0.000
43	  C	  0.2	  0.0	0.000	0.000	0.000
44	  S	  0.2	  0.3	0.000	0.000	0.000
45	  P	  0.2	  0.4	0.000	0.000	0.000
46	  Q	  0.1	  0.5	0.000	0.000	0.000
47	  S	  0.7	  0.9	0.000	0.000	0.000
48	  T	  1.4	  0.5	0.000	0.000	0.000
49	  N	  6.8	  0.4	0.000	0.000	0.000
50	  V	  6.8	  0.4	0.000	0.000	0.000
51	  I	  6.2	  0.3	0.000	0.000	0.000
52	  P	  0.6	  0.4	0.000	0.000	0.000
53	  G	  0.1	  0.4	0.279	0.000	0.000
54	  L	  2.4	  0.4	0.279	0.000	0.000
55	  T	  3.4	  0.1	0.797	0.000	0.000
56	  M	  4.1	  0.1	0.797	0.000	0.000
57	  E	  1.9	  0.1	0.797	0.000	0.000
58	  L	  1.4	  0.2	0.797	0.000	0.000
59	  Y	 10.3	  0.2	0.797	0.000	0.000
60	  S	 10.4	  0.1	0.518	0.000	0.000
61	  Y	  9.9	  0.1	0.242	0.000	0.000
62	  P	  0.3	  0.0	0.000	0.000	0.000
63	  I	  2.8	  0.0	0.000	0.000	0.000
64	  V	  3.4	  0.1	0.000	0.000	0.000
65	  S	  3.5	  0.1	0.000	0.000	0.000
66	  G	  0.7	  0.1	0.000	0.000	0.000
67	  T	  0.1	  0.1	0.000	0.000	0.000
68	  P	  0.0	  1.6	0.000	0.000	0.000
69	  P	  0.0	  1.7	0.000	0.000	0.000
70	  N	  2.3	  1.7	0.000	0.000	0.000
71	  C	  4.7	  1.8	0.000	0.000	0.000
72	  Y	  5.5	  0.2	0.000	0.000	0.000
73	  D	  3.3	  1.2	0.000	0.000	0.000
74	  A	  1.3	  1.2	0.000	0.000	0.000
75	  S	  1.5	  1.1	0.000	0.000	0.000
76	  Y	  4.0	  1.1	0.000	0.000	0.000
77	  V	  3.6	  0.0	0.000	0.000	0.000
78	  D	  2.8	  0.3	0.000	0.000	0.000
79	  P	  0.2	  0.3	0.000	0.000	0.000
80	  E	  0.1	  0.3	0.000	0.000	0.000
81	  Y	  0.1	  0.5	0.000	0.000	0.000
82	  P	  0.1	  0.4	0.000	0.000	0.000
83	  R	  0.1	  0.5	0.000	0.000	0.000
84	  T	  0.1	  0.5	0.000	0.000	0.000
85	  G	  0.1	  0.3	0.222	0.000	0.000
86	  Y	  0.9	  0.1	0.222	0.000	0.000
87	  L	  0.9	  0.1	0.222	0.000	0.000
88	  K	  1.3	  0.1	0.222	0.000	0.000
89	  R	  0.8	  0.1	0.222	0.000	0.000
90	  K	  1.3	  0.1	0.222	0.000	0.000
91	  M	  1.1	  0.2	0.000	0.000	0.000
92	  I	  0.8	  0.5	0.000	0.000	0.000
93	  G	  0.2	  0.6	0.000	0.000	0.000
94	  K	  0.7	  0.8	0.000	0.000	0.000
95	  S	  0.7	  0.8	0.000	0.000	0.000
96	  T	  0.7	  0.5	0.000	0.000	0.000
97	  G	  0.2	  0.4	0.000	0.000	0.000
98	  V	  0.8	  0.2	0.000	0.000	0.000
99	  T	  0.9	  0.6	0.000	0.000	0.000
100	  G	  0.8	  0.7	0.000	0.000	0.000
101	  S	  2.9	  1.4	0.173	0.000	0.000
102	  L	  4.4	  1.3	0.173	0.000	0.000
103	  N	  5.1	  0.8	0.173	0.000	0.000
104	  Y	  3.5	  0.7	0.173	0.000	0.000
105	  K	  2.4	  0.0	0.173	0.000	0.000
106	  F	  6.6	  0.0	0.173	0.000	0.000
107	  S	  8.9	  0.0	0.712	0.000	0.000
108	  V	  9.3	  0.0	0.712	0.000	0.000
109	  E	  4.9	  0.1	0.712	0.000	0.000
110	  K	  1.2	  0.1	0.712	0.000	0.000
111	  A	  0.4	  0.1	0.712	0.000	0.000
112	  C	  2.0	  0.0	0.712	0.000	0.000
113	  M	  2.5	  0.0	0.565	0.000	0.000
114	  V	  5.2	  0.0	0.314	0.000	0.000
115	  K	  3.7	  0.0	0.314	0.000	0.000
116	  Y	  3.2	  6.3	0.104	0.000	0.000
117	  G	  0.3	  6.3	0.104	0.000	0.000
118	  N	  0.1	  6.3	0.000	0.000	0.000
119	  L	  0.0	  6.5	0.000	0.000	0.000
120	  P	  0.0	  0.6	0.000	0.000	0.000
121	  A	  0.0	  0.6	0.000	0.000	0.000
122	  G	  0.1	  0.7	0.000	0.000	0.000
123	  Y	  3.6	  0.5	0.000	0.000	0.000
124	  N	  4.4	  0.6	0.000	0.000	0.000
125	  Y	  5.0	  0.6	0.000	0.000	0.000
126	  N	  1.7	  0.5	0.000	0.000	0.000
127	  E	  0.7	  0.5	0.000	0.000	0.000
128	  P	  0.0	  0.0	0.000	0.337	0.337
129	  L	  3.1	  0.0	0.000	28.874	28.874
130	  T	 19.5	  0.0	0.000	30.343	30.343
131	  V	 19.7	  0.2	0.000	32.782	32.782
132	  S	 16.8	  0.2	0.819	32.949	32.949
133	  N	  1.4	  0.2	1.131	34.557	34.557
134	  F	  5.1	  0.2	1.131	73.764	73.764
135	  T	  5.9	  0.0	1.651	76.529	76.529
136	  M	  5.9	  0.0	1.651	79.575	79.575
137	  L	  2.3	  0.0	1.651	81.947	81.947
138	  L	  1.6	  0.2	1.651	82.194	82.194
139	  Y	  0.8	  0.2	1.651	77.993	77.993
140	  G	  0.4	  0.2	1.020	62.220	62.220
141	  Y	  2.8	  0.2	0.351	60.666	60.666
142	  F	  2.8	  0.0	0.000	56.350	56.350
143	  K	  2.7	  0.1	0.000	0.000	0.000
144	  P	  0.2	  0.2	0.000	0.000	0.000
145	  Q	  0.1	  0.3	0.000	0.000	0.000
146	  T	  0.2	  0.4	0.000	0.000	0.000
147	  S	  0.2	  0.5	0.000	0.000	0.000
148	  G	  0.2	  0.4	0.105	0.694	0.694
149	  I	  1.3	  0.3	0.105	9.181	9.181
150	  H	  4.1	  0.2	0.105	9.852	9.852
151	  T	 10.0	  0.0	0.105	11.575	11.575
152	  F	 10.1	  0.0	0.105	12.327	12.327
153	  F	  8.7	  0.0	0.105	12.327	12.327
154	  V	  3.5	  0.0	0.000	11.688	11.688
155	  N	  2.2	  4.0	1.028	2.606	2.606
156	  A	  0.7	  4.2	1.028	1.204	1.204
157	  D	  0.0	  4.2	1.028	0.000	0.000
158	  D	  0.0	  4.2	1.491	0.000	0.000
159	  L	  0.5	  0.2	1.491	8.025	8.025
160	  L	  1.1	  0.0	1.491	11.122	11.122
161	  Y	  2.3	  0.0	1.302	11.225	11.225
162	  I	  6.2	  0.0	0.795	11.225	11.225
163	  N	  5.6	  0.4	0.795	11.225	11.225
164	  F	  4.5	  1.2	0.415	10.724	10.724
165	  G	  0.2	  1.4	0.201	1.618	1.618
166	  A	  0.2	  2.0	0.000	0.695	0.695
167	  G	  0.0	  1.7	0.000	0.000	0.000
168	  N	  0.2	  0.9	0.000	0.000	0.000
169	  A	  0.3	  0.6	0.000	0.000	0.000
170	  F	  5.3	  0.0	0.000	0.000	0.000
171	  D	  6.3	  0.0	0.351	0.000	0.000
172	  C	 13.8	  0.0	0.351	0.000	0.000
173	  C	  9.4	  0.1	0.351	0.000	0.000
174	  K	  8.3	  0.1	0.351	0.000	0.000
175	  R	  0.7	  0.6	0.351	0.000	0.000
176	  E	  0.3	  0.7	0.351	0.000	0.000
177	  D	  0.2	  0.7	0.682	0.000	0.000
178	  S	  0.3	  0.6	0.834	0.000	0.000
179	  K	  1.3	  0.1	0.834	0.000	0.000
180	  F	  2.6	  0.2	0.834	0.203	0.203
181	  K	  2.5	  0.1	0.834	0.203	0.203
182	  L	  1.5	  0.5	0.834	0.203	0.203
183	  G	  0.1	  0.5	0.767	0.203	0.203
184	  E	  0.1	  0.4	0.380	0.203	0.203
185	  Y	  2.6	  0.4	0.106	0.203	0.203
186	  V	  4.3	  0.0	0.106	0.203	0.203
187	  A	  4.3	  0.0	0.106	0.203	0.203
188	  Y	  5.0	  0.0	0.106	0.203	0.203
189	  D	  4.2	  0.0	0.000	0.000	0.000
190	  I	  4.3	  0.0	0.000	0.000	0.000
191	  W	  2.6	  0.0	0.000	0.000	0.000
192	  H	  2.8	  0.1	0.000	0.000	0.000
193	  V	  3.6	  0.1	0.000	0.000	0.000
194	  D	  2.3	  1.8	0.134	0.000	0.000
195	  S	  1.2	  1.9	0.230	0.000	0.000
196	  S	  0.7	  3.4	0.230	0.000	0.000
197	  K	  0.8	  3.4	0.230	0.000	0.000
198	  N	  0.7	  1.7	0.230	0.000	0.000
199	  K	  1.2	  1.6	0.230	0.000	0.000
200	  V	  5.7	  0.0	0.096	0.124	0.124
201	  S	  8.3	  0.7	0.096	0.124	0.124
202	  L	  8.6	  0.7	0.000	0.124	0.124
203	  N	  4.7	  0.7	0.233	0.124	0.124
204	  L	  1.9	  0.7	0.233	0.124	0.124
205	  E	  0.7	  0.2	0.233	0.000	0.000
206	  K	  0.5	  0.2	0.233	0.000	0.000
207	  D	  2.7	  0.2	0.233	0.000	0.000
208	  V	  5.6	  0.1	0.233	0.000	0.000
209	  Y	  5.6	  0.0	0.233	0.000	0.000
210	  Y	  3.3	  0.0	0.094	0.000	0.000
211	  P	  0.2	  0.0	0.000	0.000	0.000
212	  I	  4.4	  0.0	0.000	0.000	0.000
213	  R	  5.0	  0.0	0.000	0.000	0.000
214	  M	  5.7	  0.0	0.000	0.000	0.000
215	  F	  3.3	  0.1	0.000	0.000	0.000
216	  F	  3.0	  0.2	0.000	0.000	0.000
217	  N	  2.5	  0.2	0.000	0.000	0.000
218	  N	  0.7	  0.6	0.000	0.000	0.000
219	  I	  0.2	  0.8	0.000	0.000	0.000
220	  G	  0.1	  1.0	0.000	0.000	0.000
221	  K	  0.1	  1.1	0.000	0.000	0.000
222	  D	  0.1	  1.4	0.000	0.000	0.000
223	  S	  0.2	  1.2	0.000	0.000	0.000
224	  S	  1.9	  1.5	0.080	0.000	0.000
225	  L	  2.6	  1.4	0.080	0.000	0.000
226	  D	  2.6	  0.9	0.080	0.000	0.000
227	  L	  2.6	  0.9	0.080	0.357	0.357
228	  S	 20.8	  0.4	0.080	0.357	0.357
229	  F	 24.5	  0.3	0.080	0.357	0.357
230	  S	 26.8	  0.8	0.000	0.357	0.357
231	  V	  8.9	  2.5	0.000	0.357	0.357
232	  N	  4.3	  2.4	0.000	0.000	0.000
233	  G	  0.2	  2.4	0.000	0.000	0.000
234	  A	  0.2	  1.7	0.000	0.000	0.000
235	  V	  2.8	  0.0	0.000	0.000	0.000
236	  E	  2.9	  0.0	0.000	0.000	0.000
237	  H	  9.2	  0.0	0.000	0.000	0.000
238	  I	  7.1	  0.1	0.000	0.000	0.000
239	  T	  7.3	  0.1	0.000	0.000	0.000
240	  D	  1.3	  0.9	0.000	0.000	0.000
241	  F	  2.1	  1.1	0.000	0.274	0.274
242	  S	  1.8	  1.0	0.000	0.274	0.274
243	  G	  1.3	  1.0	0.000	0.274	0.274
244	  Y	  0.7	  0.2	0.000	0.274	0.274
245	  L	  1.2	  0.0	0.000	0.274	0.274
246	  Y	  8.9	  0.0	0.000	0.274	0.274
247	  S	  8.5	  0.0	0.000	0.000	0.000
248	  V	  7.9	  0.4	0.000	0.000	0.000
249	  P	  0.2	  0.4	0.000	0.000	0.000
250	  D	  0.0	  0.4	0.000	0.000	0.000
251	  Q	  0.0	  1.2	0.000	0.000	0.000
252	  P	  0.0	  0.9	0.000	0.000	0.000
253	  D	  0.0	  0.9	0.000	0.000	0.000
254	  A	  0.1	  0.9	0.000	0.000	0.000
255	  C	  0.1	  0.0	0.000	0.000	0.000
256	  P	  0.1	  0.0	0.000	0.000	0.000
257	  A	  0.1	  0.0	0.000	0.000	0.000
258	  P	  0.0	  0.1	0.000	0.000	0.000
259	  I	  0.2	  0.1	0.000	0.000	0.000
260	  G	  0.2	  0.2	0.126	0.000	0.000
261	  Y	  0.8	  0.2	0.126	0.000	0.000
262	  D	  0.9	  0.2	0.126	0.000	0.000
263	  T	  2.8	  0.2	0.126	0.000	0.000
264	  T	  5.8	  0.1	0.126	0.000	0.000
265	  C	  6.0	  0.3	0.126	0.000	0.000
266	  K	  4.3	  0.2	0.126	0.000	0.000
267	  S	  3.5	  0.5	0.000	0.000	0.000
268	  I	  3.8	  0.5	0.000	0.000	0.000
269	  D	  3.5	  0.5	0.000	0.000	0.000
270	  S	  1.2	  0.5	0.000	0.000	0.000
271	  T	  1.7	  0.2	0.000	0.000	0.000
272	  T	  4.4	  0.2	0.000	0.000	0.000
273	  T	 32.8	  0.1	0.000	0.000	0.000
274	  Y	 32.2	  0.1	0.000	0.000	0.000
275	  S	 30.0	  0.1	0.000	0.000	0.000
276	  T	  2.6	  0.1	0.000	0.000	0.000
277	  Q	  2.1	  0.1	0.000	0.000	0.000
278	  F	  2.5	  0.0	0.000	0.000	0.000
279	  I	  4.6	  0.0	0.000	0.000	0.000
280	  T	  9.5	  0.0	0.000	0.000	0.000
281	  T	  8.9	  0.0	0.000	0.000	0.000
282	  K	  5.6	  0.1	0.000	0.000	0.000
283	  P	  0.2	  0.2	0.000	0.000	0.000
284	  E	  0.0	  0.4	0.000	0.000	0.000
285	  E	  0.1	  0.4	0.000	0.000	0.000
286	  N	  0.4	  0.2	0.000	0.000	0.000
287	  V	  0.8	  0.1	0.000	0.000	0.000
288	  L	  0.8	  0.0	0.000	0.000	0.000
289	  P	  0.5	  0.0	0.000	0.286	0.286
290	  I	  2.4	  0.0	0.000	24.755	24.755
291	  T	  3.2	  0.1	0.000	26.843	26.843
292	  S	  3.6	  0.1	0.000	30.310	30.310
293	  T	  3.7	  0.1	0.000	56.823	56.823
294	  I	  3.9	  0.1	0.000	77.091	77.091
295	  Y	  4.5	  0.0	0.000	77.005	77.005
296	  Y	  3.5	  0.0	0.000	76.702	76.702
297	  I	  4.3	  0.0	0.000	75.372	75.372
298	  A	  3.3	  0.0	0.000	45.627	45.627
299	  T	  1.9	  0.1	0.136	0.279	0.279
300	  P	  0.1	  0.1	0.136	0.129	0.129
301	  C	  0.9	  0.1	0.136	0.000	0.000
302	  A	  1.0	  0.1	0.136	0.000	0.000
303	  K	  1.1	  0.0	0.136	0.000	0.000
304	  T	  0.3	  0.0	0.136	0.000	0.000
305	  P	  0.1	  0.0	0.000	0.000	0.000
306	  S	  0.1	  0.0	0.000	0.000	0.000
307	  P	  0.0	  0.0	0.000	0.000	0.000
308	  V	  0.0	  0.7	0.000	0.000	0.000
309	  P	  0.0	  0.7	0.000	0.000	0.000
310	  N	  2.0	  0.8	0.000	0.000	0.000
311	  C	  2.2	  1.4	0.000	0.000	0.000
312	  E	  2.2	  1.0	0.000	0.000	0.000
313	  G	  0.1	  1.0	0.000	0.000	0.000
314	  G	  0.0	  0.8	0.000	0.000	0.000
315	  F	  1.7	  0.2	0.000	0.000	0.000
316	  L	  1.8	  0.0	0.000	0.000	0.000
317	  D	  1.8	  0.4	0.284	0.000	0.000
318	  P	  0.1	  0.4	0.284	0.000	0.000
319	  L	  0.2	  0.6	0.284	0.000	0.000
320	  K	  0.5	  0.6	0.284	0.000	0.000
321	  N	  1.2	  0.2	0.284	0.000	0.000
322	  T	  5.4	  0.2	0.284	0.000	0.000
323	  C	  6.7	  0.0	0.284	0.000	0.000
324	  Y	  6.2	  0.0	0.284	0.000	0.000
325	  Y	  1.8	  0.0	0.147	0.000	0.000
326	  P	  0.2	  0.0	0.000	0.000	0.000
327	  K	  0.0	  0.2	0.000	0.000	0.000
328	  P	  0.0	  0.2	0.000	0.000	0.000
329	  E	  0.0	  0.2	0.000	0.000	0.000
330	  D	  0.0	  0.2	0.000	0.000	0.000
331	  P	  0.0	  0.0	0.000	0.000	0.000
332	  K	  0.0	  0.2	0.000	0.000	0.000
333	  P	  0.0	  0.2	0.000	0.000	0.000
334	  E	  0.0	  0.2	0.000	0.000	0.000
335	  D	  0.0	  0.2	0.000	0.000	0.000
336	  P	  0.0	  0.0	0.000	0.000	0.000
337	  K	  0.0	  0.2	0.000	0.000	0.000
338	  P	  0.0	  0.2	0.000	0.000	0.000
339	  E	  0.0	  0.2	0.000	0.000	0.000
340	  D	  0.0	  0.2	0.000	0.000	0.000
341	  P	  0.0	  0.0	0.000	0.000	0.000
342	  K	  0.0	  0.2	0.000	0.000	0.000
343	  P	  0.0	  0.2	0.000	0.000	0.000
344	  E	  0.0	  0.2	0.000	0.000	0.000
345	  D	  0.0	  0.2	0.000	0.000	0.000
346	  P	  0.0	  0.0	0.000	0.000	0.000
347	  K	  0.0	  0.2	0.000	0.000	0.000
348	  P	  0.0	  0.2	0.000	0.000	0.000
349	  E	  0.0	  0.2	0.000	0.000	0.000
350	  D	  0.0	  0.2	0.000	0.000	0.000
351	  P	  0.0	  0.0	0.000	0.000	0.000
352	  K	  0.0	  0.2	0.000	0.000	0.000
353	  P	  0.0	  0.2	0.000	0.000	0.000
354	  E	  0.0	  0.2	0.000	0.000	0.000
355	  D	  0.0	  0.2	0.000	0.000	0.000
356	  P	  0.0	  0.0	0.000	0.000	0.000
357	  K	  0.0	  0.2	0.000	0.000	0.000
358	  P	  0.0	  0.2	0.000	0.000	0.000
359	  E	  0.0	  0.2	0.000	0.000	0.000
360	  D	  0.0	  0.2	0.000	0.000	0.000
361	  P	  0.0	  0.0	0.000	0.000	0.000
362	  K	  0.0	  0.2	0.000	0.000	0.000
363	  P	  0.0	  0.2	0.000	0.000	0.000
364	  E	  0.0	  0.2	0.000	0.000	0.000
365	  D	  0.0	  0.2	0.000	0.000	0.000
366	  P	  0.0	  0.0	0.000	0.000	0.000
367	  K	  0.0	  0.2	0.000	0.000	0.000
368	  P	  0.0	  0.2	0.000	0.000	0.000
369	  E	  0.0	  0.2	0.000	0.000	0.000
370	  D	  0.0	  0.2	0.000	0.000	0.000
371	  P	  0.0	  0.0	0.000	0.000	0.000
372	  K	  0.0	  0.2	0.000	0.000	0.000
373	  P	  0.0	  0.2	0.000	0.000	0.000
374	  E	  0.0	  0.2	0.000	0.000	0.000
375	  D	  0.0	  0.2	0.000	0.000	0.000
376	  P	  0.0	  0.0	0.000	0.000	0.000
377	  K	  0.0	  0.2	0.000	0.000	0.000
378	  P	  0.0	  0.2	0.000	0.000	0.000
379	  E	  0.0	  0.2	0.000	0.000	0.000
380	  D	  0.0	  0.2	0.000	0.000	0.000
381	  P	  0.0	  0.0	0.000	0.000	0.000
382	  K	  0.0	  0.2	0.000	0.000	0.000
383	  P	  0.0	  0.2	0.000	0.000	0.000
384	  E	  0.0	  0.2	0.000	0.000	0.000
385	  D	  0.0	  0.2	0.000	0.000	0.000
386	  P	  0.0	  0.0	0.000	0.000	0.000
387	  K	  0.0	  0.2	0.000	0.000	0.000
388	  P	  0.0	  0.2	0.000	0.000	0.000
389	  E	  0.0	  0.2	0.000	0.000	0.000
390	  K	  0.0	  0.2	0.000	0.000	0.000
391	  P	  0.0	  0.0	0.000	0.000	0.000
392	  I	  0.3	  0.0	0.000	0.000	0.000
393	  D	  0.3	  0.0	0.000	0.000	0.000
394	  P	  0.3	  0.0	0.000	0.000	0.000
395	  K	  0.0	  0.2	0.000	0.000	0.000
396	  P	  0.0	  0.2	0.000	0.000	0.000
397	  E	  0.0	  0.2	0.000	0.000	0.000
398	  E	  0.0	  0.4	0.000	0.000	0.000
399	  P	  0.0	  0.4	0.000	0.000	0.000
400	  S	  1.5	  0.4	0.000	0.000	0.000
401	  H	  1.6	  0.4	0.000	0.000	0.000
402	  N	  1.6	  3.6	0.000	0.000	0.000
403	  P	  0.0	  3.6	0.000	0.000	0.000
404	  S	  0.1	  3.6	0.000	0.000	0.000
405	  S	  7.8	  3.6	0.000	0.000	0.000
406	  V	  8.0	  0.1	0.000	0.000	0.000
407	  N	  7.8	  3.2	0.125	0.000	0.000
408	  P	  0.2	  3.3	0.125	0.000	0.000
409	  S	  0.1	  3.3	0.125	0.000	0.000
410	  S	  7.7	  3.3	0.125	0.000	0.000
411	  V	  7.9	  0.1	0.125	0.000	0.000
412	  N	  7.8	  3.6	0.125	0.000	0.000
413	  P	  0.2	  3.7	0.000	0.000	0.000
414	  S	  0.3	  3.7	0.000	0.000	0.000
415	  S	  0.3	  3.7	0.000	0.000	0.000
416	  K	  0.3	  0.2	0.000	0.000	0.000
417	  P	  0.1	  0.0	0.000	0.000	0.000
418	  V	  0.2	  0.0	0.000	0.000	0.000
419	  D	  0.2	  0.0	0.000	0.000	0.000
420	  P	  0.2	  0.0	0.000	0.000	0.000
421	  S	  0.0	  0.2	0.000	0.000	0.000
422	  P	  0.0	  0.2	0.000	0.000	0.000
423	  A	  0.0	  0.2	0.000	0.000	0.000
424	  D	  0.0	  5.7	0.000	0.000	0.000
425	  P	  0.0	  5.6	0.000	0.000	0.000
426	  S	  1.5	  5.6	0.000	0.000	0.000
427	  H	  1.5	  5.6	0.000	0.000	0.000
428	  N	  1.5	  3.4	0.000	0.000	0.000
429	  P	  0.0	  3.5	0.000	0.000	0.000
430	  S	  0.1	  3.5	0.000	0.000	0.000
431	  S	  7.8	  3.5	0.000	0.000	0.000
432	  V	  8.0	  0.1	0.000	0.000	0.000
433	  N	  7.8	  3.2	0.125	0.000	0.000
434	  P	  0.2	  3.3	0.125	0.000	0.000
435	  S	  0.1	  3.3	0.125	0.000	0.000
436	  S	  7.7	  3.3	0.125	0.000	0.000
437	  V	  7.9	  0.1	0.125	0.000	0.000
438	  N	  7.8	  3.2	0.249	0.000	0.000
439	  P	  0.2	  3.3	0.124	0.000	0.000
440	  S	  0.1	  3.3	0.124	0.000	0.000
441	  S	  7.7	  3.3	0.124	0.000	0.000
442	  V	  7.9	  0.1	0.124	0.000	0.000
443	  N	  7.8	  3.2	0.249	0.000	0.000
444	  P	  0.2	  3.3	0.124	0.000	0.000
445	  S	  0.1	  3.3	0.124	0.000	0.000
446	  S	  7.7	  3.3	0.124	0.000	0.000
447	  V	  7.9	  0.1	0.124	0.000	0.000
448	  N	  7.8	  3.6	0.124	0.000	0.000
449	  P	  0.2	  3.7	0.000	0.000	0.000
450	  S	  0.3	  3.7	0.000	0.000	0.000
451	  S	  0.3	  3.7	0.000	0.000	0.000
452	  K	  0.3	  0.2	0.000	0.000	0.000
453	  P	  0.1	  0.0	0.000	0.000	0.000
454	  V	  0.2	  0.0	0.000	0.000	0.000
455	  D	  0.2	  0.0	0.000	0.000	0.000
456	  P	  0.2	  0.0	0.000	0.000	0.000
457	  S	  0.0	  0.2	0.000	0.000	0.000
458	  P	  0.0	  0.2	0.000	0.000	0.000
459	  A	  0.0	  0.2	0.000	0.000	0.000
460	  D	  0.0	  5.7	0.000	0.000	0.000
461	  P	  0.0	  5.6	0.000	0.000	0.000
462	  S	  1.5	  5.6	0.000	0.000	0.000
463	  H	  1.5	  5.6	0.000	0.000	0.000
464	  N	  1.5	  3.4	0.000	0.000	0.000
465	  P	  0.0	  3.5	0.000	0.000	0.000
466	  S	  0.1	  3.5	0.000	0.000	0.000
467	  S	  7.8	  3.5	0.000	0.000	0.000
468	  V	  8.0	  0.1	0.000	0.000	0.000
469	  N	  7.8	  3.2	0.125	0.000	0.000
470	  P	  0.2	  3.3	0.125	0.000	0.000
471	  S	  0.1	  3.3	0.125	0.000	0.000
472	  S	  7.7	  3.3	0.125	0.000	0.000
473	  V	  7.9	  0.1	0.125	0.000	0.000
474	  N	  7.8	  3.2	0.249	0.000	0.000
475	  P	  0.2	  3.3	0.124	0.000	0.000
476	  S	  0.1	  3.3	0.124	0.000	0.000
477	  S	  7.7	  3.3	0.124	0.000	0.000
478	  V	  7.9	  0.1	0.124	0.000	0.000
479	  N	  7.8	  3.2	0.249	0.000	0.000
480	  P	  0.2	  3.3	0.124	0.000	0.000
481	  S	  0.1	  3.3	0.124	0.000	0.000
482	  S	  7.7	  3.3	0.124	0.000	0.000
483	  V	  7.9	  0.1	0.124	0.000	0.000
484	  N	  7.8	  3.6	0.124	0.000	0.000
485	  P	  0.2	  3.7	0.000	0.000	0.000
486	  S	  0.3	  3.7	0.000	0.000	0.000
487	  S	  0.3	  3.7	0.000	0.000	0.000
488	  K	  0.3	  0.2	0.000	0.000	0.000
489	  P	  0.1	  0.0	0.000	0.000	0.000
490	  V	  0.2	  0.0	0.000	0.000	0.000
491	  D	  0.2	  0.0	0.000	0.000	0.000
492	  P	  0.2	  0.0	0.000	0.000	0.000
493	  S	  0.0	  0.2	0.000	0.000	0.000
494	  P	  0.0	  0.2	0.000	0.000	0.000
495	  A	  0.0	  0.2	0.000	0.000	0.000
496	  D	  0.0	  5.7	0.000	0.000	0.000
497	  P	  0.0	  5.6	0.000	0.000	0.000
498	  S	  1.5	  5.6	0.000	0.000	0.000
499	  H	  1.5	  5.6	0.000	0.000	0.000
500	  N	  1.5	  3.4	0.000	0.000	0.000
501	  P	  0.0	  3.5	0.000	0.000	0.000
502	  S	  0.1	  3.5	0.000	0.000	0.000
503	  S	  7.8	  3.5	0.000	0.000	0.000
504	  V	  8.0	  0.1	0.000	0.000	0.000
505	  N	  7.8	  3.2	0.125	0.000	0.000
506	  P	  0.2	  3.3	0.125	0.000	0.000
507	  S	  0.1	  3.3	0.125	0.000	0.000
508	  S	  7.7	  3.3	0.125	0.000	0.000
509	  V	  7.9	  0.1	0.125	0.000	0.000
510	  N	  7.8	  3.2	0.249	0.000	0.000
511	  P	  0.2	  3.3	0.124	0.000	0.000
512	  S	  0.1	  3.3	0.124	0.000	0.000
513	  S	  7.7	  3.3	0.124	0.000	0.000
514	  V	  7.9	  0.1	0.124	0.000	0.000
515	  N	  7.8	  3.2	0.249	0.000	0.000
516	  P	  0.2	  3.3	0.124	0.000	0.000
517	  S	  0.1	  3.3	0.124	0.000	0.000
518	  S	  7.7	  3.3	0.124	0.000	0.000
519	  V	  7.9	  0.1	0.124	0.000	0.000
520	  N	  7.8	  3.2	0.249	0.000	0.000
521	  P	  0.2	  3.3	0.124	0.000	0.000
522	  S	  0.1	  3.3	0.124	0.000	0.000
523	  S	  7.7	  3.3	0.124	0.000	0.000
524	  V	  7.9	  0.1	0.124	0.000	0.000
525	  N	  7.8	  3.2	0.249	0.000	0.000
526	  P	  0.2	  3.3	0.124	0.000	0.000
527	  S	  0.1	  3.3	0.124	0.000	0.000
528	  S	  7.7	  3.3	0.124	0.000	0.000
529	  V	  7.9	  0.1	0.124	0.000	0.000
530	  N	  7.8	  3.6	0.124	0.000	0.000
531	  P	  0.2	  3.7	0.000	0.000	0.000
532	  S	  0.3	  3.7	0.000	0.000	0.000
533	  S	  0.3	  3.7	0.000	0.000	0.000
534	  K	  0.3	  0.2	0.000	0.000	0.000
535	  P	  0.1	  0.0	0.000	0.000	0.000
536	  V	  0.2	  0.0	0.000	0.000	0.000
537	  D	  0.2	  0.0	0.000	0.000	0.000
538	  P	  0.2	  0.0	0.000	0.000	0.000
539	  S	  0.0	  0.2	0.000	0.000	0.000
540	  P	  0.0	  0.2	0.000	0.000	0.000
541	  A	  0.0	  0.2	0.000	0.000	0.000
542	  D	  0.0	  5.7	0.000	0.000	0.000
543	  P	  0.0	  5.6	0.000	0.000	0.000
544	  S	  1.5	  5.6	0.000	0.000	0.000
545	  H	  1.5	  5.6	0.000	0.000	0.000
546	  N	  1.5	  3.4	0.000	0.000	0.000
547	  P	  0.0	  3.5	0.000	0.000	0.000
548	  S	  0.1	  3.5	0.000	0.000	0.000
549	  S	  7.8	  3.5	0.000	0.000	0.000
550	  V	  8.0	  0.1	0.000	0.000	0.000
551	  N	  7.8	  3.2	0.125	0.000	0.000
552	  P	  0.2	  3.3	0.125	0.000	0.000
553	  S	  0.1	  3.3	0.125	0.000	0.000
554	  S	  7.7	  3.3	0.125	0.000	0.000
555	  V	  7.9	  0.1	0.125	0.000	0.000
556	  N	  7.8	  3.2	0.249	0.000	0.000
557	  P	  0.2	  3.3	0.124	0.000	0.000
558	  S	  0.1	  3.3	0.124	0.000	0.000
559	  S	  7.7	  3.3	0.124	0.000	0.000
560	  V	  7.9	  0.1	0.124	0.000	0.000
561	  N	  7.8	  3.2	0.249	0.000	0.000
562	  P	  0.2	  3.3	0.124	0.000	0.000
563	  S	  0.1	  3.3	0.124	0.000	0.000
564	  S	  7.7	  3.3	0.124	0.000	0.000
565	  V	  7.9	  0.1	0.124	0.000	0.000
566	  N	  7.8	  3.6	0.124	0.000	0.000
567	  P	  0.2	  3.7	0.000	0.000	0.000
568	  S	  0.3	  3.7	0.000	0.000	0.000
569	  S	  0.3	  3.7	0.000	0.000	0.000
570	  K	  0.3	  0.2	0.000	0.000	0.000
571	  P	  0.1	  0.0	0.000	0.000	0.000
572	  V	  0.2	  0.0	0.000	0.000	0.000
573	  D	  0.2	  0.0	0.000	0.000	0.000
574	  P	  0.2	  0.0	0.000	0.000	0.000
575	  S	  0.0	  0.2	0.000	0.000	0.000
576	  P	  0.0	  0.2	0.000	0.000	0.000
577	  A	  0.0	  0.2	0.000	0.000	0.000
578	  D	  0.0	  5.7	0.000	0.000	0.000
579	  P	  0.0	  5.6	0.000	0.000	0.000
580	  S	  1.5	  5.6	0.000	0.000	0.000
581	  H	  1.5	  5.6	0.000	0.000	0.000
582	  N	  1.5	  3.4	0.000	0.000	0.000
583	  P	  0.0	  3.5	0.000	0.000	0.000
584	  S	  0.1	  3.5	0.000	0.000	0.000
585	  S	  7.8	  3.5	0.000	0.000	0.000
586	  V	  8.0	  0.1	0.000	0.000	0.000
587	  N	  7.8	  3.2	0.125	0.000	0.000
588	  P	  0.2	  3.3	0.125	0.000	0.000
589	  S	  0.1	  3.3	0.125	0.000	0.000
590	  S	  7.7	  3.3	0.125	0.000	0.000
591	  V	  7.9	  0.1	0.125	0.000	0.000
592	  N	  7.8	  3.2	0.249	0.000	0.000
593	  P	  0.2	  3.3	0.124	0.000	0.000
594	  S	  0.1	  3.3	0.124	0.000	0.000
595	  S	  7.7	  3.3	0.124	0.000	0.000
596	  V	  7.9	  0.1	0.124	0.000	0.000
597	  N	  7.8	  3.2	0.249	0.000	0.000
598	  P	  0.2	  3.3	0.124	0.000	0.000
599	  S	  0.1	  3.3	0.124	0.000	0.000
600	  S	  7.7	  3.3	0.124	0.000	0.000
601	  V	  7.9	  0.1	0.124	0.000	0.000
602	  N	  7.8	  3.2	0.249	0.000	0.000
603	  P	  0.2	  3.3	0.124	0.000	0.000
604	  S	  0.1	  3.3	0.124	0.000	0.000
605	  S	  7.7	  3.3	0.124	0.000	0.000
606	  V	  7.9	  0.1	0.124	0.000	0.000
607	  N	  7.8	  3.6	0.124	0.000	0.000
608	  P	  0.2	  3.7	0.000	0.000	0.000
609	  S	  0.3	  3.7	0.000	0.000	0.000
610	  S	  0.3	  3.7	0.000	0.000	0.000
611	  K	  0.3	  0.2	0.000	0.000	0.000
612	  P	  0.1	  0.0	0.000	0.000	0.000
613	  V	  0.2	  0.0	0.000	0.000	0.000
614	  D	  0.2	  0.0	0.000	0.000	0.000
615	  P	  0.2	  0.0	0.000	0.000	0.000
616	  S	  0.0	  0.2	0.000	0.000	0.000
617	  P	  0.0	  0.2	0.000	0.000	0.000
618	  A	  0.0	  0.2	0.000	0.000	0.000
619	  D	  0.0	  5.7	0.000	0.000	0.000
620	  P	  0.0	  5.6	0.000	0.000	0.000
621	  S	  1.5	  5.6	0.000	0.000	0.000
622	  H	  1.5	  5.6	0.000	0.000	0.000
623	  N	  1.5	  3.4	0.000	0.000	0.000
624	  P	  0.0	  3.5	0.000	0.000	0.000
625	  S	  0.1	  3.5	0.000	0.000	0.000
626	  S	  7.8	  3.5	0.000	0.000	0.000
627	  V	  8.0	  0.1	0.000	0.000	0.000
628	  N	  7.8	  3.2	0.125	0.000	0.000
629	  P	  0.2	  3.3	0.125	0.000	0.000
630	  S	  0.1	  3.3	0.125	0.000	0.000
631	  S	  7.7	  3.3	0.125	0.000	0.000
632	  V	  7.9	  0.1	0.125	0.000	0.000
633	  N	  7.8	  3.2	0.249	0.000	0.000
634	  P	  0.2	  3.3	0.124	0.000	0.000
635	  S	  0.1	  3.3	0.124	0.000	0.000
636	  S	  7.7	  3.3	0.124	0.000	0.000
637	  V	  7.9	  0.1	0.124	0.000	0.000
638	  N	  7.8	  3.2	0.249	0.000	0.000
639	  P	  0.2	  3.3	0.124	0.000	0.000
640	  S	  0.1	  3.3	0.124	0.000	0.000
641	  S	  7.7	  3.3	0.124	0.000	0.000
642	  V	  7.9	  0.1	0.124	0.000	0.000
643	  N	  7.8	  3.6	0.124	0.000	0.000
644	  P	  0.2	  3.7	0.000	0.000	0.000
645	  S	  0.3	  3.7	0.000	0.000	0.000
646	  S	  0.3	  3.7	0.000	0.000	0.000
647	  K	  0.3	  0.2	0.000	0.000	0.000
648	  P	  0.1	  0.0	0.000	0.000	0.000
649	  V	  0.2	  0.0	0.000	0.000	0.000
650	  D	  0.2	  0.0	0.000	0.000	0.000
651	  P	  0.2	  0.0	0.000	0.000	0.000
652	  S	  0.0	  0.2	0.000	0.000	0.000
653	  P	  0.0	  0.2	0.000	0.000	0.000
654	  A	  0.0	  0.2	0.000	0.000	0.000
655	  D	  0.0	  5.7	0.000	0.000	0.000
656	  P	  0.0	  5.6	0.000	0.000	0.000
657	  S	  1.5	  5.6	0.000	0.000	0.000
658	  H	  1.5	  5.6	0.000	0.000	0.000
659	  N	  1.5	  3.4	0.000	0.000	0.000
660	  P	  0.0	  3.5	0.000	0.000	0.000
661	  S	  0.1	  3.5	0.000	0.000	0.000
662	  S	  7.8	  3.5	0.000	0.000	0.000
663	  V	  8.0	  0.1	0.000	0.000	0.000
664	  N	  7.8	  3.2	0.125	0.000	0.000
665	  P	  0.2	  3.3	0.125	0.000	0.000
666	  S	  0.1	  3.3	0.125	0.000	0.000
667	  S	  7.7	  3.3	0.125	0.000	0.000
668	  V	  7.9	  0.1	0.125	0.000	0.000
669	  N	  7.8	  3.2	0.249	0.000	0.000
670	  P	  0.2	  3.3	0.124	0.000	0.000
671	  S	  0.1	  3.3	0.124	0.000	0.000
672	  S	  7.7	  3.3	0.124	0.000	0.000
673	  V	  7.9	  0.1	0.124	0.000	0.000
674	  N	  7.8	  3.2	0.249	0.000	0.000
675	  P	  0.2	  3.3	0.124	0.000	0.000
676	  S	  0.1	  3.3	0.124	0.000	0.000
677	  S	  7.7	  3.3	0.124	0.000	0.000
678	  V	  7.9	  0.1	0.124	0.000	0.000
679	  N	  7.8	  3.6	0.124	0.000	0.000
680	  P	  0.2	  3.7	0.000	0.000	0.000
681	  S	  0.3	  3.7	0.000	0.000	0.000
682	  S	  0.3	  3.7	0.000	0.000	0.000
683	  K	  0.3	  0.2	0.000	0.000	0.000
684	  P	  0.1	  0.0	0.000	0.000	0.000
685	  V	  0.2	  0.0	0.000	0.000	0.000
686	  D	  0.2	  0.0	0.000	0.000	0.000
687	  P	  0.2	  0.0	0.000	0.000	0.000
688	  S	  0.0	  0.2	0.000	0.000	0.000
689	  P	  0.0	  0.2	0.000	0.000	0.000
690	  A	  0.0	  0.2	0.000	0.000	0.000
691	  D	  0.0	  5.7	0.000	0.000	0.000
692	  P	  0.0	  5.6	0.000	0.000	0.000
693	  S	  1.5	  5.6	0.000	0.000	0.000
694	  H	  1.5	  5.6	0.000	0.000	0.000
695	  N	  1.5	  3.4	0.000	0.000	0.000
696	  P	  0.0	  3.5	0.000	0.000	0.000
697	  S	  0.1	  3.5	0.000	0.000	0.000
698	  S	  7.8	  3.5	0.000	0.000	0.000
699	  V	  8.0	  0.1	0.000	0.000	0.000
700	  N	  7.8	  3.2	0.125	0.000	0.000
701	  P	  0.2	  3.3	0.125	0.000	0.000
702	  S	  0.1	  3.3	0.125	0.000	0.000
703	  S	  7.7	  3.3	0.125	0.000	0.000
704	  V	  7.9	  0.1	0.125	0.000	0.000
705	  N	  7.8	  3.2	0.249	0.000	0.000
706	  P	  0.2	  3.3	0.124	0.000	0.000
707	  S	  0.1	  3.3	0.124	0.000	0.000
708	  S	  7.7	  3.3	0.124	0.000	0.000
709	  V	  7.9	  0.1	0.124	0.000	0.000
710	  N	  7.8	  3.2	0.249	0.000	0.000
711	  P	  0.2	  3.3	0.124	0.000	0.000
712	  S	  0.1	  3.3	0.124	0.000	0.000
713	  S	  7.7	  3.3	0.124	0.000	0.000
714	  V	  7.9	  0.1	0.124	0.000	0.000
715	  N	  7.8	  3.2	0.249	0.000	0.000
716	  P	  0.2	  3.3	0.124	0.000	0.000
717	  S	  0.1	  3.3	0.124	0.000	0.000
718	  S	  7.7	  3.3	0.124	0.000	0.000
719	  V	  7.9	  0.1	0.124	0.000	0.000
720	  N	  7.8	  3.6	0.124	0.000	0.000
721	  P	  0.2	  3.7	0.000	0.000	0.000
722	  S	  0.3	  3.7	0.000	0.000	0.000
723	  S	  0.3	  3.7	0.000	0.000	0.000
724	  K	  0.3	  0.2	0.000	0.000	0.000
725	  P	  0.1	  0.0	0.000	0.000	0.000
726	  V	  0.2	  0.0	0.000	0.000	0.000
727	  D	  0.2	  0.0	0.000	0.000	0.000
728	  P	  0.2	  0.0	0.000	0.000	0.000
729	  S	  0.0	  0.2	0.000	0.000	0.000
730	  P	  0.0	  0.2	0.000	0.000	0.000
731	  A	  0.0	  0.2	0.000	0.000	0.000
732	  D	  0.0	  5.7	0.000	0.000	0.000
733	  P	  0.0	  5.6	0.000	0.000	0.000
734	  S	  1.5	  5.6	0.000	0.000	0.000
735	  H	  1.5	  5.6	0.000	0.000	0.000
736	  N	  1.5	  3.4	0.000	0.000	0.000
737	  P	  0.0	  3.5	0.000	0.000	0.000
738	  S	  0.1	  3.5	0.000	0.000	0.000
739	  S	  7.8	  3.5	0.000	0.000	0.000
740	  V	  8.0	  0.1	0.000	0.000	0.000
741	  N	  7.8	  3.2	0.125	0.000	0.000
742	  P	  0.2	  3.3	0.125	0.000	0.000
743	  S	  0.1	  3.3	0.125	0.000	0.000
744	  S	  7.7	  3.3	0.125	0.000	0.000
745	  V	  7.9	  0.1	0.125	0.000	0.000
746	  N	  7.8	  3.2	0.249	0.000	0.000
747	  P	  0.2	  3.3	0.124	0.000	0.000
748	  S	  0.1	  3.3	0.124	0.000	0.000
749	  S	  7.7	  3.3	0.124	0.000	0.000
750	  V	  7.9	  0.1	0.124	0.000	0.000
751	  N	  7.8	  3.2	0.249	0.000	0.000
752	  P	  0.2	  3.3	0.124	0.000	0.000
753	  S	  0.1	  3.3	0.124	0.000	0.000
754	  S	  7.7	  3.3	0.124	0.000	0.000
755	  V	  7.9	  0.1	0.124	0.000	0.000
756	  N	  7.8	  3.6	0.124	0.000	0.000
757	  P	  0.2	  3.7	0.000	0.000	0.000
758	  S	  0.3	  3.7	0.000	0.000	0.000
759	  S	  0.3	  3.7	0.000	0.000	0.000
760	  K	  0.3	  0.2	0.000	0.000	0.000
761	  P	  0.1	  0.0	0.000	0.000	0.000
762	  V	  0.2	  0.0	0.000	0.000	0.000
763	  D	  0.2	  0.0	0.000	0.000	0.000
764	  P	  0.2	  0.0	0.000	0.000	0.000
765	  S	  0.0	  0.2	0.000	0.000	0.000
766	  P	  0.0	  0.2	0.000	0.000	0.000
767	  A	  0.0	  0.2	0.000	0.000	0.000
768	  D	  0.0	  5.7	0.000	0.000	0.000
769	  P	  0.0	  5.6	0.000	0.000	0.000
770	  S	  1.5	  5.6	0.000	0.000	0.000
771	  H	  1.5	  5.6	0.000	0.000	0.000
772	  N	  1.5	  3.4	0.000	0.000	0.000
773	  P	  0.0	  3.5	0.000	0.000	0.000
774	  S	  0.1	  3.5	0.000	0.000	0.000
775	  S	  7.8	  3.5	0.000	0.000	0.000
776	  V	  8.0	  0.1	0.000	0.000	0.000
777	  N	  7.8	  3.2	0.125	0.000	0.000
778	  P	  0.2	  3.3	0.125	0.000	0.000
779	  S	  0.1	  3.3	0.125	0.000	0.000
780	  S	  7.7	  3.3	0.125	0.000	0.000
781	  V	  7.9	  0.1	0.125	0.000	0.000
782	  N	  7.8	  3.3	0.251	0.000	0.000
783	  P	  0.2	  3.4	0.126	0.000	0.000
784	  S	  0.1	  3.4	0.126	0.000	0.000
785	  S	  7.9	  3.4	0.126	0.000	0.000
786	  V	  8.1	  0.1	0.126	0.000	0.000
787	  N	  8.0	  0.0	0.126	0.000	0.000
788	  P	  0.2	  0.0	0.000	0.000	0.000
789	  S	  0.0	  2.2	0.000	0.000	0.000
790	  P	  0.0	  2.2	0.000	0.000	0.000
791	  S	  0.3	  2.2	0.000	0.000	0.000
792	  I	  2.0	  2.2	0.000	0.000	0.000
793	  F	  2.3	  0.0	0.000	0.000	0.000
794	  S	  2.1	  2.2	0.000	0.000	0.000
795	  P	  0.4	  2.2	0.000	0.000	0.000
796	  S	 10.0	  2.3	0.000	0.000	0.000
797	  V	 10.7	  2.3	0.000	0.000	0.000
798	  S	 10.9	  0.1	0.134	0.000	0.000
799	  T	  2.1	  0.2	0.134	0.000	0.000
800	  K	  1.9	  0.1	0.134	0.000	0.000
801	  T	 11.7	  0.1	0.134	0.000	0.000
802	  V	 17.0	  0.1	0.134	0.000	0.000
803	  T	 20.9	  0.0	0.134	0.000	0.000
804	  L	 11.4	  0.5	0.134	0.000	0.000
805	  S	  5.0	  0.9	0.134	0.000	0.000
806	  N	  0.1	  1.7	0.000	0.000	0.000
807	  G	  0.0	  1.7	0.000	0.000	0.000
808	  S	  0.5	  1.2	0.000	0.635	0.635
809	  T	  1.6	  0.9	0.000	6.077	6.077
810	  T	  2.9	  0.1	0.000	15.143	15.143
811	  T	  9.4	  0.0	0.000	28.538	28.538
812	  V	 20.6	  0.0	0.000	49.276	49.276
813	  T	 26.4	  0.0	0.000	49.276	49.276
814	  V	 33.5	  0.0	0.000	49.276	49.276
815	  T	 31.7	  0.0	0.000	47.568	47.568
816	  V	 24.6	  0.0	0.000	45.564	45.564
817	  T	 12.2	  0.0	0.000	0.079	0.079
818	  P	  0.0	  0.0	0.000	0.000	0.000
819	  P	  0.0	  0.0	0.000	0.000	0.000
820	  S	  0.0	 16.3	0.000	0.000	0.000
821	  P	  0.0	 16.5	0.000	0.000	0.000
822	  N	  0.0	 16.6	0.000	0.000	0.000
823	  G	  0.0	 17.0	0.000	0.000	0.000
824	  G	  0.0	  0.9	0.000	0.000	0.000
825	  S	  0.1	  2.1	0.000	0.000	0.000
826	  S	  0.2	  2.3	0.000	0.000	0.000
827	  N	  0.2	  3.2	0.000	0.000	0.000
828	  S	  0.1	  3.1	0.000	0.000	0.000
829	  N	  0.1	  2.2	0.000	0.000	0.000
830	  T	  0.5	  2.0	0.000	0.000	0.000
831	  D	  0.9	  0.6	0.000	0.000	0.000
832	  S	 21.6	  0.7	0.000	0.000	0.000
833	  F	 26.2	  0.2	0.000	0.000	0.000
834	  S	 25.8	  0.1	0.000	0.000	0.000
835	  L	  6.5	  0.1	0.000	0.000	0.000
836	  P	  0.0	  0.0	0.000	0.000	0.000
837	  P	  0.0	  0.1	0.000	0.000	0.000
838	  P	  0.0	  0.1	0.000	0.000	0.000
839	  Y	  1.3	  0.1	0.000	0.247	0.247
840	  T	  2.7	  0.1	0.000	0.247	0.247
841	  T	  4.6	  0.0	0.000	0.247	0.247
842	  T	 19.9	  0.0	0.000	0.247	0.247
843	  V	 19.2	  0.0	0.000	0.247	0.247
844	  S	 19.3	  0.5	0.000	0.000	0.000
845	  K	  3.2	  0.6	0.000	0.000	0.000
846	  S	  2.9	  0.6	0.000	0.000	0.000
847	  T	  2.7	  0.6	0.000	0.000	0.000
848	  T	  2.5	  0.1	0.000	0.000	0.000
849	  T	  2.0	  0.2	0.000	0.000	0.000
850	  E	  0.5	  0.2	0.000	0.000	0.000
851	  T	  0.4	  0.2	0.000	0.000	0.000
852	  D	  1.4	  0.1	0.000	0.000	0.000
853	  I	  4.2	  0.1	0.000	0.881	0.881
854	  V	  8.1	  0.0	0.000	0.881	0.881
855	  S	  8.7	  0.0	0.000	0.881	0.881
856	  F	  6.0	  0.0	0.000	0.881	0.881
857	  F	  1.9	  0.3	0.000	0.881	0.881
858	  P	  0.2	  0.4	0.000	0.396	0.396
859	  S	  0.4	  0.9	0.000	0.000	0.000
860	  T	  0.9	  1.0	0.000	0.000	0.000
861	  D	  0.9	 11.5	0.000	0.000	0.000
862	  S	  0.5	 11.9	0.000	0.000	0.000
863	  D	  0.0	 11.6	0.000	0.000	0.000
864	  G	  0.1	 11.5	0.000	0.000	0.000
865	  H	  0.7	  0.7	0.000	0.000	0.000
866	  T	  1.2	  0.4	0.000	0.000	0.000
867	  R	  1.2	  0.3	0.000	0.000	0.000
868	  T	  0.7	  0.6	0.000	0.000	0.000
869	  G	  0.1	  0.6	0.000	0.000	0.000
870	  T	  1.4	  0.4	0.000	0.847	0.847
871	  T	  2.3	  0.4	0.000	2.254	2.254
872	  T	 13.0	  0.0	0.000	3.134	3.134
873	  I	 21.0	  0.0	0.000	3.134	3.134
874	  T	 22.3	  0.1	0.000	3.134	3.134
875	  L	 12.2	  0.2	0.000	3.134	3.134
876	  T	  2.9	  0.5	0.000	1.727	1.727
877	  G	  0.3	  0.5	0.000	0.000	0.000
878	  S	  0.2	  0.4	0.000	0.000	0.000
879	  K	  0.1	  0.9	0.000	0.000	0.000
880	  P	  0.1	  1.9	0.000	0.000	0.000
881	  G	  0.0	  2.2	0.000	0.000	0.000
882	  N	  0.0	  2.6	0.000	0.000	0.000
883	  N	  0.0	  3.1	0.000	0.000	0.000
884	  G	  0.0	  1.9	0.000	0.000	0.000
885	  D	  0.0	  4.2	0.000	0.000	0.000
886	  S	  0.0	  4.4	0.000	0.000	0.000
887	  D	  0.5	  3.2	0.000	0.000	0.000
888	  S	 20.8	  3.2	0.000	0.000	0.000
889	  F	 25.7	  0.6	0.000	0.000	0.000
890	  S	 25.3	  0.1	0.000	0.000	0.000
891	  L	  6.3	  0.1	0.000	0.000	0.000
892	  P	  0.0	  0.0	0.000	0.000	0.000
893	  P	  0.0	  0.1	0.000	0.000	0.000
894	  P	  0.0	  0.1	0.000	0.000	0.000
895	  Y	  1.3	  0.1	0.000	0.247	0.247
896	  T	  2.7	  0.1	0.000	0.247	0.247
897	  T	  4.6	  0.0	0.000	0.247	0.247
898	  T	 19.9	  0.0	0.000	0.247	0.247
899	  V	 19.2	  0.0	0.000	0.247	0.247
900	  S	 19.3	  0.5	0.000	0.000	0.000
901	  K	  3.2	  0.6	0.000	0.000	0.000
902	  S	  2.9	  0.6	0.000	0.000	0.000
903	  T	  2.7	  0.6	0.000	0.000	0.000
904	  T	  2.5	  0.1	0.000	0.000	0.000
905	  T	  2.0	  0.2	0.000	0.000	0.000
906	  E	  0.5	  0.2	0.000	0.000	0.000
907	  T	  0.4	  0.2	0.000	0.000	0.000
908	  D	  1.4	  0.1	0.000	0.000	0.000
909	  I	  4.2	  0.1	0.000	0.881	0.881
910	  V	  8.1	  0.0	0.000	0.881	0.881
911	  S	  8.7	  0.0	0.000	0.881	0.881
912	  F	  6.0	  0.0	0.000	0.881	0.881
913	  F	  1.9	  0.3	0.000	0.881	0.881
914	  P	  0.2	  0.4	0.000	0.396	0.396
915	  S	  0.4	  0.9	0.000	0.000	0.000
916	  T	  0.9	  1.0	0.000	0.000	0.000
917	  D	  0.9	 11.5	0.000	0.000	0.000
918	  S	  0.5	 11.9	0.000	0.000	0.000
919	  D	  0.0	 11.6	0.000	0.000	0.000
920	  G	  0.1	 11.5	0.000	0.000	0.000
921	  H	  0.7	  0.7	0.000	0.000	0.000
922	  T	  1.2	  0.4	0.000	0.000	0.000
923	  R	  1.2	  0.3	0.000	0.000	0.000
924	  T	  0.7	  0.6	0.000	0.000	0.000
925	  G	  0.1	  0.6	0.000	0.000	0.000
926	  T	  1.4	  0.4	0.000	0.847	0.847
927	  T	  2.3	  0.4	0.000	2.254	2.254
928	  T	 13.0	  0.0	0.000	3.134	3.134
929	  I	 21.0	  0.0	0.000	3.134	3.134
930	  T	 22.3	  0.1	0.000	3.134	3.134
931	  L	 12.2	  0.2	0.000	3.134	3.134
932	  T	  2.9	  0.5	0.000	1.727	1.727
933	  G	  0.3	  0.5	0.000	0.000	0.000
934	  S	  0.2	  0.4	0.000	0.000	0.000
935	  K	  0.1	  0.9	0.000	0.000	0.000
936	  P	  0.1	  1.9	0.000	0.000	0.000
937	  G	  0.0	  2.2	0.000	0.000	0.000
938	  N	  0.0	  2.6	0.000	0.000	0.000
939	  N	  0.0	  3.1	0.000	0.000	0.000
940	  G	  0.0	  1.9	0.000	0.000	0.000
941	  D	  0.0	  4.2	0.000	0.000	0.000
942	  S	  0.0	  4.4	0.000	0.000	0.000
943	  D	  0.5	  3.2	0.000	0.000	0.000
944	  S	 20.8	  3.2	0.000	0.000	0.000
945	  F	 25.7	  0.6	0.000	0.000	0.000
946	  S	 25.3	  0.1	0.000	0.000	0.000
947	  L	  6.3	  0.1	0.000	0.000	0.000
948	  P	  0.0	  0.0	0.000	0.000	0.000
949	  P	  0.0	  0.1	0.000	0.000	0.000
950	  P	  0.0	  0.1	0.000	0.000	0.000
951	  Y	  1.3	  0.1	0.000	0.247	0.247
952	  T	  2.7	  0.1	0.000	0.247	0.247
953	  T	  4.6	  0.0	0.000	0.247	0.247
954	  T	 19.9	  0.0	0.000	0.247	0.247
955	  V	 19.2	  0.0	0.000	0.247	0.247
956	  S	 19.3	  0.5	0.000	0.000	0.000
957	  K	  3.2	  0.6	0.000	0.000	0.000
958	  S	  2.9	  0.6	0.000	0.000	0.000
959	  T	  2.7	  0.6	0.000	0.000	0.000
960	  T	  2.5	  0.1	0.000	0.000	0.000
961	  T	  2.0	  0.2	0.000	0.000	0.000
962	  E	  0.5	  0.2	0.000	0.000	0.000
963	  T	  0.4	  0.2	0.000	0.000	0.000
964	  D	  1.4	  0.1	0.000	0.000	0.000
965	  I	  4.2	  0.1	0.000	0.881	0.881
966	  V	  8.1	  0.0	0.000	0.881	0.881
967	  S	  8.7	  0.0	0.000	0.881	0.881
968	  F	  6.0	  0.0	0.000	0.881	0.881
969	  F	  1.9	  0.3	0.000	0.881	0.881
970	  P	  0.2	  0.4	0.000	0.396	0.396
971	  S	  0.4	  0.9	0.000	0.000	0.000
972	  T	  0.9	  1.0	0.000	0.000	0.000
973	  D	  0.9	 11.5	0.000	0.000	0.000
974	  S	  0.5	 11.9	0.000	0.000	0.000
975	  D	  0.0	 11.6	0.000	0.000	0.000
976	  G	  0.1	 11.5	0.000	0.000	0.000
977	  H	  0.7	  0.7	0.000	0.000	0.000
978	  T	  1.2	  0.4	0.000	0.000	0.000
979	  R	  1.2	  0.3	0.000	0.000	0.000
980	  T	  0.7	  0.6	0.000	0.000	0.000
981	  G	  0.1	  0.6	0.000	0.000	0.000
982	  T	  1.4	  0.4	0.000	0.847	0.847
983	  T	  2.3	  0.4	0.000	2.254	2.254
984	  T	 13.0	  0.0	0.000	3.134	3.134
985	  I	 21.0	  0.0	0.000	3.134	3.134
986	  T	 22.3	  0.1	0.000	3.134	3.134
987	  L	 12.2	  0.2	0.000	3.134	3.134
988	  T	  2.9	  0.5	0.000	1.727	1.727
989	  G	  0.3	  0.5	0.000	0.000	0.000
990	  S	  0.2	  0.4	0.000	0.000	0.000
991	  K	  0.1	  0.9	0.000	0.000	0.000
992	  P	  0.1	  1.9	0.000	0.000	0.000
993	  G	  0.0	  2.2	0.000	0.000	0.000
994	  N	  0.0	  2.6	0.000	0.000	0.000
995	  N	  0.0	  3.1	0.000	0.000	0.000
996	  G	  0.0	  1.9	0.000	0.000	0.000
997	  D	  0.0	  4.2	0.000	0.000	0.000
998	  S	  0.0	  4.4	0.000	0.000	0.000
999	  D	  0.5	  3.2	0.000	0.000	0.000
1000	  S	 20.8	  3.2	0.000	0.000	0.000
1001	  F	 25.7	  0.6	0.000	0.000	0.000
1002	  S	 25.3	  0.1	0.000	0.000	0.000
1003	  L	  6.3	  0.1	0.000	0.000	0.000
1004	  P	  0.0	  0.0	0.000	0.000	0.000
1005	  P	  0.0	  0.1	0.000	0.000	0.000
1006	  P	  0.0	  0.1	0.000	0.000	0.000
1007	  Y	  1.3	  0.1	0.000	0.247	0.247
1008	  T	  2.7	  0.1	0.000	0.247	0.247
1009	  T	  4.6	  0.0	0.000	0.247	0.247
1010	  T	 19.9	  0.0	0.000	0.247	0.247
1011	  V	 19.2	  0.0	0.000	0.247	0.247
1012	  S	 19.3	  0.5	0.000	0.000	0.000
1013	  K	  3.2	  0.6	0.000	0.000	0.000
1014	  S	  2.9	  0.6	0.000	0.000	0.000
1015	  T	  2.7	  0.6	0.000	0.000	0.000
1016	  T	  2.5	  0.1	0.000	0.000	0.000
1017	  T	  2.0	  0.2	0.000	0.000	0.000
1018	  E	  0.5	  0.2	0.000	0.000	0.000
1019	  T	  0.4	  0.2	0.000	0.000	0.000
1020	  D	  1.4	  0.1	0.000	0.000	0.000
1021	  I	  4.2	  0.1	0.000	0.881	0.881
1022	  V	  8.1	  0.0	0.000	0.881	0.881
1023	  S	  8.7	  0.0	0.000	0.881	0.881
1024	  F	  6.0	  0.0	0.000	0.881	0.881
1025	  F	  1.9	  0.3	0.000	0.881	0.881
1026	  P	  0.2	  0.4	0.000	0.396	0.396
1027	  S	  0.4	  0.9	0.000	0.000	0.000
1028	  T	  0.9	  1.0	0.000	0.000	0.000
1029	  D	  0.9	 11.5	0.000	0.000	0.000
1030	  S	  0.5	 11.9	0.000	0.000	0.000
1031	  D	  0.0	 11.6	0.000	0.000	0.000
1032	  G	  0.1	 11.5	0.000	0.000	0.000
1033	  H	  0.7	  0.7	0.000	0.000	0.000
1034	  T	  1.2	  0.4	0.000	0.000	0.000
1035	  R	  1.2	  0.3	0.000	0.000	0.000
1036	  T	  0.7	  0.6	0.000	0.000	0.000
1037	  G	  0.1	  0.6	0.000	0.000	0.000
1038	  T	  1.4	  0.4	0.000	0.847	0.847
1039	  T	  2.3	  0.4	0.000	2.254	2.254
1040	  T	 13.0	  0.0	0.000	3.134	3.134
1041	  I	 21.0	  0.0	0.000	3.134	3.134
1042	  T	 22.3	  0.1	0.000	3.134	3.134
1043	  L	 12.2	  0.2	0.000	3.134	3.134
1044	  T	  2.9	  0.5	0.000	1.727	1.727
1045	  G	  0.3	  0.5	0.000	0.000	0.000
1046	  S	  0.2	  0.4	0.000	0.000	0.000
1047	  K	  0.1	  0.9	0.000	0.000	0.000
1048	  P	  0.1	  1.9	0.000	0.000	0.000
1049	  G	  0.0	  2.2	0.000	0.000	0.000
1050	  N	  0.0	  2.6	0.000	0.000	0.000
1051	  N	  0.0	  3.1	0.000	0.000	0.000
1052	  G	  0.0	  1.9	0.000	0.000	0.000
1053	  D	  0.0	  4.2	0.000	0.000	0.000
1054	  S	  0.0	  4.4	0.000	0.000	0.000
1055	  D	  0.5	  3.2	0.000	0.000	0.000
1056	  S	 20.8	  3.2	0.000	0.000	0.000
1057	  F	 25.7	  0.6	0.000	0.000	0.000
1058	  S	 25.3	  0.1	0.000	0.000	0.000
1059	  L	  6.3	  0.1	0.000	0.000	0.000
1060	  P	  0.0	  0.0	0.000	0.000	0.000
1061	  P	  0.0	  0.1	0.000	0.000	0.000
1062	  P	  0.0	  0.1	0.000	0.000	0.000
1063	  Y	  1.3	  0.1	0.000	0.247	0.247
1064	  T	  2.7	  0.1	0.000	0.247	0.247
1065	  T	  4.6	  0.0	0.000	0.247	0.247
1066	  T	 19.9	  0.0	0.000	0.247	0.247
1067	  V	 19.2	  0.0	0.000	0.247	0.247
1068	  S	 19.3	  0.5	0.000	0.000	0.000
1069	  K	  3.2	  0.6	0.000	0.000	0.000
1070	  S	  2.9	  0.6	0.000	0.000	0.000
1071	  T	  2.7	  0.6	0.000	0.000	0.000
1072	  T	  2.5	  0.1	0.000	0.000	0.000
1073	  T	  2.0	  0.2	0.000	0.000	0.000
1074	  E	  0.5	  0.2	0.000	0.000	0.000
1075	  T	  0.4	  0.2	0.000	0.000	0.000
1076	  D	  1.4	  0.1	0.000	0.000	0.000
1077	  I	  4.2	  0.1	0.000	0.881	0.881
1078	  V	  8.1	  0.0	0.000	0.881	0.881
1079	  S	  8.7	  0.0	0.000	0.881	0.881
1080	  F	  6.0	  0.0	0.000	0.881	0.881
1081	  F	  1.9	  0.3	0.000	0.881	0.881
1082	  P	  0.2	  0.4	0.000	0.396	0.396
1083	  S	  0.4	  0.9	0.000	0.000	0.000
1084	  T	  0.9	  1.0	0.000	0.000	0.000
1085	  D	  0.9	 11.5	0.000	0.000	0.000
1086	  S	  0.5	 11.9	0.000	0.000	0.000
1087	  D	  0.0	 11.6	0.000	0.000	0.000
1088	  G	  0.1	 11.5	0.000	0.000	0.000
1089	  H	  0.7	  0.7	0.000	0.000	0.000
1090	  T	  1.2	  0.4	0.000	0.000	0.000
1091	  R	  1.2	  0.3	0.000	0.000	0.000
1092	  T	  0.7	  0.6	0.000	0.000	0.000
1093	  G	  0.1	  0.6	0.000	0.000	0.000
1094	  T	  1.4	  0.4	0.000	0.847	0.847
1095	  T	  2.3	  0.4	0.000	2.254	2.254
1096	  T	 13.0	  0.0	0.000	3.134	3.134
1097	  I	 21.0	  0.0	0.000	3.134	3.134
1098	  T	 22.3	  0.1	0.000	3.134	3.134
1099	  L	 12.2	  0.2	0.000	3.134	3.134
1100	  T	  2.9	  0.5	0.000	1.727	1.727
1101	  G	  0.3	  0.5	0.000	0.000	0.000
1102	  S	  0.2	  0.4	0.000	0.000	0.000
1103	  K	  0.1	  0.9	0.000	0.000	0.000
1104	  P	  0.1	  2.0	0.000	0.000	0.000
1105	  G	  0.0	  2.3	0.000	0.000	0.000
1106	  N	  0.0	  2.8	0.000	0.000	0.000
1107	  N	  0.0	  2.3	0.000	0.000	0.000
1108	  G	  0.0	  0.9	0.000	0.000	0.000
1109	  N	  0.0	  0.8	0.000	0.000	0.000
1110	  V	  0.1	  0.6	0.000	0.000	0.000
1111	  G	  0.1	  0.5	0.000	0.000	0.000
1112	  T	  1.4	  0.6	0.000	0.000	0.000
1113	  S	  1.6	  0.5	0.000	0.000	0.000
1114	  S	  1.6	  0.2	0.000	0.000	0.000
1115	  V	  0.3	  0.1	0.000	0.000	0.000
1116	  P	  0.0	  0.0	0.000	0.000	0.000
1117	  P	  0.0	  0.0	0.000	0.000	0.000
1118	  V	  0.0	  0.5	0.000	4.576	4.576
1119	  G	  0.1	  0.5	0.000	4.924	4.924
1120	  N	  1.9	  0.5	0.000	4.924	4.924
1121	  I	  9.4	  0.5	0.000	5.234	5.234
1122	  V	 15.1	  0.0	0.000	5.234	5.234
1123	  I	 13.9	  0.0	0.000	4.868	4.868
1124	  T	  6.7	  0.3	0.000	0.310	0.310
1125	  P	  0.7	  0.3	0.000	0.310	0.310
1126	  S	  9.8	  0.4	0.000	0.000	0.000
1127	  V	 10.4	  0.4	0.000	0.000	0.000
1128	  S	 10.9	  0.1	0.000	0.000	0.000
1129	  T	  1.7	  0.2	0.000	0.000	0.000
1130	  R	  1.4	  0.1	0.000	0.000	0.000
1131	  T	  9.5	  0.0	0.000	2.022	2.022
1132	  V	 16.1	  0.0	0.000	3.994	3.994
1133	  T	 32.0	  0.0	0.000	4.291	4.291
1134	  F	 25.2	  0.2	0.000	4.877	4.877
1135	  T	 18.3	  0.7	0.000	4.877	4.877
1136	  N	  1.6	  0.8	0.000	4.041	4.041
1137	  G	  0.1	  0.8	0.000	5.514	5.514
1138	  I	  1.8	  0.6	0.000	22.485	22.485
1139	  I	  2.6	  0.0	0.000	23.443	23.443
1140	  S	  2.9	  0.0	0.000	22.283	22.283
1141	  T	 11.1	  0.0	0.000	22.634	22.634
1142	  I	 13.1	  0.0	0.000	23.224	23.224
1143	  T	 14.0	  0.0	0.000	16.290	16.290
1144	  T	  5.1	  0.0	0.000	11.885	11.885
1145	  T	 13.9	  0.0	0.000	9.287	9.287
1146	  I	 12.6	  0.0	0.000	8.786	8.786
1147	  R	 11.7	  0.0	0.000	0.000	0.000
1148	  P	  0.0	  0.0	0.000	0.000	0.000
1149	  P	  0.0	  0.0	0.000	0.000	0.000
1150	  S	  0.0	 16.5	0.000	0.000	0.000
1151	  P	  0.0	 16.7	0.000	0.000	0.000
1152	  N	  0.0	 16.8	0.000	0.000	0.000
1153	  G	  0.0	 16.9	0.000	0.000	0.000
1154	  G	  0.0	  1.0	0.000	0.000	0.000
1155	  G	  0.0	  1.0	0.000	0.000	0.000
1156	  S	  0.1	  4.7	0.000	0.000	0.000
1157	  G	  0.1	  4.9	0.000	0.000	0.000
1158	  N	  0.0	  4.7	0.000	0.000	0.000
1159	  N	  0.0	  4.6	0.000	0.000	0.000
1160	  G	  0.0	  0.8	0.000	0.000	0.000
1161	  N	  0.0	  0.5	0.000	0.000	0.000
1162	  P	  0.0	  0.0	0.000	0.000	0.000
1163	  P	  0.0	  0.0	0.000	0.000	0.000
1164	  S	  0.0	 16.5	0.000	0.000	0.000
1165	  P	  0.0	 16.7	0.000	0.000	0.000
1166	  N	  0.0	 16.8	0.000	0.000	0.000
1167	  G	  0.0	 16.9	0.000	0.000	0.000
1168	  G	  0.0	  1.0	0.000	0.000	0.000
1169	  G	  0.0	  1.0	0.000	0.000	0.000
1170	  S	  0.1	  4.7	0.000	0.000	0.000
1171	  G	  0.1	  4.9	0.000	0.000	0.000
1172	  N	  0.0	  4.7	0.000	0.000	0.000
1173	  N	  0.0	  4.6	0.000	0.000	0.000
1174	  G	  0.0	  0.8	0.000	0.000	0.000
1175	  N	  0.0	  0.5	0.000	0.000	0.000
1176	  P	  0.0	  0.0	0.000	0.000	0.000
1177	  P	  0.0	  0.0	0.000	0.000	0.000
1178	  S	  0.0	 16.5	0.000	0.000	0.000
1179	  P	  0.0	 16.7	0.000	0.000	0.000
1180	  N	  0.0	 16.8	0.000	0.000	0.000
1181	  G	  0.0	 16.9	0.000	0.000	0.000
1182	  G	  0.0	  1.0	0.000	0.000	0.000
1183	  G	  0.0	  1.0	0.000	0.000	0.000
1184	  S	  0.1	  4.7	0.000	0.000	0.000
1185	  G	  0.1	  4.9	0.000	0.000	0.000
1186	  N	  0.0	  4.7	0.000	0.000	0.000
1187	  N	  0.0	  4.6	0.000	0.000	0.000
1188	  G	  0.0	  0.8	0.000	0.000	0.000
1189	  N	  0.0	  0.5	0.000	0.000	0.000
1190	  P	  0.0	  0.0	0.000	0.000	0.000
1191	  P	  0.0	  0.0	0.000	0.000	0.000
1192	  S	  0.0	 16.5	0.000	0.000	0.000
1193	  P	  0.0	 16.7	0.000	0.000	0.000
1194	  N	  0.0	 16.8	0.000	0.000	0.000
1195	  G	  0.0	 16.9	0.000	0.000	0.000
1196	  G	  0.0	  1.0	0.000	0.000	0.000
1197	  G	  0.0	  1.0	0.000	0.000	0.000
1198	  S	  0.1	  4.7	0.000	0.000	0.000
1199	  G	  0.1	  4.9	0.000	0.000	0.000
1200	  N	  0.0	  4.7	0.000	0.000	0.000
1201	  N	  0.0	  4.6	0.000	0.000	0.000
1202	  G	  0.0	  0.8	0.000	0.000	0.000
1203	  N	  0.0	  0.5	0.000	0.000	0.000
1204	  P	  0.0	  0.0	0.000	0.000	0.000
1205	  P	  0.0	  0.0	0.000	0.000	0.000
1206	  S	  0.0	 16.5	0.000	0.000	0.000
1207	  P	  0.0	 16.7	0.000	0.000	0.000
1208	  N	  0.0	 16.8	0.000	0.000	0.000
1209	  G	  0.0	 16.9	0.000	0.000	0.000
1210	  G	  0.0	  1.0	0.000	0.000	0.000
1211	  G	  0.0	  1.0	0.000	0.000	0.000
1212	  S	  0.1	  4.7	0.000	0.000	0.000
1213	  G	  0.1	  4.9	0.000	0.000	0.000
1214	  N	  0.0	  4.7	0.000	0.000	0.000
1215	  N	  0.0	  4.6	0.000	0.000	0.000
1216	  G	  0.0	  0.8	0.000	0.000	0.000
1217	  N	  0.0	  0.5	0.000	0.000	0.000
1218	  P	  0.0	  0.0	0.000	0.000	0.000
1219	  P	  0.0	  0.0	0.000	0.000	0.000
1220	  S	  0.0	 16.5	0.000	0.000	0.000
1221	  P	  0.0	 16.7	0.000	0.000	0.000
1222	  N	  0.0	 16.8	0.000	0.000	0.000
1223	  G	  0.0	 16.9	0.000	0.000	0.000
1224	  G	  0.0	  1.0	0.000	0.000	0.000
1225	  G	  0.0	  1.0	0.000	0.000	0.000
1226	  S	  0.1	  4.7	0.000	0.000	0.000
1227	  G	  0.1	  4.9	0.000	0.000	0.000
1228	  N	  0.0	  4.7	0.000	0.000	0.000
1229	  N	  0.0	  4.6	0.000	0.000	0.000
1230	  G	  0.0	  0.8	0.000	0.000	0.000
1231	  N	  0.0	  0.5	0.000	0.000	0.000
1232	  P	  0.0	  0.0	0.000	0.000	0.000
1233	  P	  0.0	  0.0	0.000	0.000	0.000
1234	  S	  0.0	 16.5	0.000	0.000	0.000
1235	  P	  0.0	 16.7	0.000	0.000	0.000
1236	  N	  0.0	 16.8	0.000	0.000	0.000
1237	  G	  0.0	 16.9	0.000	0.000	0.000
1238	  G	  0.0	  1.0	0.000	0.000	0.000
1239	  G	  0.0	  1.0	0.000	0.000	0.000
1240	  S	  0.1	  4.7	0.000	0.000	0.000
1241	  G	  0.1	  4.9	0.000	0.000	0.000
1242	  N	  0.0	  4.7	0.000	0.000	0.000
1243	  N	  0.0	  4.6	0.000	0.000	0.000
1244	  G	  0.0	  0.8	0.000	0.000	0.000
1245	  N	  0.0	  0.5	0.000	0.000	0.000
1246	  P	  0.0	  0.0	0.000	0.000	0.000
1247	  P	  0.0	  0.0	0.000	0.000	0.000
1248	  S	  0.0	 16.5	0.000	0.000	0.000
1249	  P	  0.0	 16.7	0.000	0.000	0.000
1250	  N	  0.0	 16.8	0.000	0.000	0.000
1251	  G	  0.0	 16.9	0.000	0.000	0.000
1252	  G	  0.0	  1.0	0.000	0.000	0.000
1253	  G	  0.0	  1.0	0.000	0.000	0.000
1254	  S	  0.1	  4.7	0.000	0.000	0.000
1255	  G	  0.1	  4.9	0.000	0.000	0.000
1256	  N	  0.0	  4.7	0.000	0.000	0.000
1257	  N	  0.0	  4.6	0.000	0.000	0.000
1258	  G	  0.0	  0.8	0.000	0.000	0.000
1259	  N	  0.0	  0.5	0.000	0.000	0.000
1260	  P	  0.0	  0.0	0.000	0.000	0.000
1261	  P	  0.0	  0.0	0.000	0.000	0.000
1262	  S	  0.0	 16.5	0.000	0.000	0.000
1263	  P	  0.0	 16.7	0.000	0.000	0.000
1264	  N	  0.0	 16.8	0.000	0.000	0.000
1265	  G	  0.0	 16.9	0.000	0.000	0.000
1266	  G	  0.0	  1.0	0.000	0.000	0.000
1267	  G	  0.0	  1.0	0.000	0.000	0.000
1268	  S	  0.1	  4.7	0.000	0.000	0.000
1269	  G	  0.1	  4.9	0.000	0.000	0.000
1270	  N	  0.0	  4.7	0.000	0.000	0.000
1271	  N	  0.0	  4.6	0.000	0.000	0.000
1272	  G	  0.0	  0.8	0.000	0.000	0.000
1273	  N	  0.0	  0.5	0.000	0.000	0.000
1274	  P	  0.0	  0.0	0.000	0.000	0.000
1275	  P	  0.0	  0.0	0.000	0.000	0.000
1276	  S	  0.0	 16.5	0.000	0.000	0.000
1277	  P	  0.0	 16.7	0.000	0.000	0.000
1278	  N	  0.0	 16.8	0.000	0.000	0.000
1279	  G	  0.0	 16.9	0.000	0.000	0.000
1280	  G	  0.0	  1.0	0.000	0.000	0.000
1281	  G	  0.0	  1.0	0.000	0.000	0.000
1282	  S	  0.1	  4.7	0.000	0.000	0.000
1283	  G	  0.1	  4.9	0.000	0.000	0.000
1284	  N	  0.0	  4.7	0.000	0.000	0.000
1285	  N	  0.0	  4.6	0.000	0.000	0.000
1286	  G	  0.0	  0.8	0.000	0.000	0.000
1287	  N	  0.0	  0.5	0.000	0.000	0.000
1288	  P	  0.0	  0.0	0.000	0.000	0.000
1289	  P	  0.0	  0.0	0.000	0.000	0.000
1290	  S	  0.0	 16.5	0.000	0.000	0.000
1291	  P	  0.0	 16.7	0.000	0.000	0.000
1292	  N	  0.0	 16.8	0.000	0.000	0.000
1293	  G	  0.0	 16.9	0.000	0.000	0.000
1294	  G	  0.0	  1.0	0.000	0.000	0.000
1295	  G	  0.0	  1.0	0.000	0.000	0.000
1296	  S	  0.1	  4.7	0.000	0.000	0.000
1297	  G	  0.1	  4.9	0.000	0.000	0.000
1298	  N	  0.0	  4.7	0.000	0.000	0.000
1299	  N	  0.0	  4.6	0.000	0.000	0.000
1300	  G	  0.0	  0.8	0.000	0.000	0.000
1301	  N	  0.0	  0.5	0.000	0.000	0.000
1302	  P	  0.0	  0.0	0.000	0.000	0.000
1303	  P	  0.0	  0.0	0.000	0.000	0.000
1304	  S	  0.0	 16.5	0.000	0.000	0.000
1305	  P	  0.0	 16.7	0.000	0.000	0.000
1306	  N	  0.0	 16.8	0.000	0.000	0.000
1307	  G	  0.0	 16.9	0.000	0.000	0.000
1308	  G	  0.0	  1.0	0.000	0.000	0.000
1309	  G	  0.0	  1.0	0.000	0.000	0.000
1310	  S	  0.1	  4.7	0.000	0.000	0.000
1311	  G	  0.1	  4.9	0.000	0.000	0.000
1312	  N	  0.0	  4.7	0.000	0.000	0.000
1313	  N	  0.0	  4.6	0.000	0.000	0.000
1314	  G	  0.0	  0.8	0.000	0.000	0.000
1315	  N	  0.0	  0.5	0.000	0.000	0.000
1316	  P	  0.0	  0.0	0.000	0.000	0.000
1317	  P	  0.0	  0.0	0.000	0.000	0.000
1318	  S	  0.0	 16.5	0.000	0.000	0.000
1319	  P	  0.0	 16.7	0.000	0.000	0.000
1320	  N	  0.0	 16.8	0.000	0.000	0.000
1321	  G	  0.0	 16.9	0.000	0.000	0.000
1322	  G	  0.0	  1.0	0.000	0.000	0.000
1323	  G	  0.0	  1.0	0.000	0.000	0.000
1324	  S	  0.1	  4.7	0.000	0.000	0.000
1325	  G	  0.1	  4.9	0.000	0.000	0.000
1326	  N	  0.0	  4.7	0.000	0.000	0.000
1327	  N	  0.0	  4.6	0.000	0.000	0.000
1328	  G	  0.0	  0.8	0.000	0.000	0.000
1329	  N	  0.0	  0.5	0.000	0.000	0.000
1330	  P	  0.0	  0.0	0.000	0.000	0.000
1331	  P	  0.0	  0.0	0.000	0.000	0.000
1332	  S	  0.0	 16.5	0.000	0.000	0.000
1333	  P	  0.0	 16.7	0.000	0.000	0.000
1334	  N	  0.0	 16.8	0.000	0.000	0.000
1335	  G	  0.0	 16.9	0.000	0.000	0.000
1336	  G	  0.0	  1.0	0.000	0.000	0.000
1337	  G	  0.0	  1.0	0.000	0.000	0.000
1338	  S	  0.1	  4.7	0.000	0.000	0.000
1339	  G	  0.1	  4.9	0.000	0.000	0.000
1340	  N	  0.0	  4.7	0.000	0.000	0.000
1341	  N	  0.0	  4.6	0.000	0.000	0.000
1342	  G	  0.0	  0.8	0.000	0.000	0.000
1343	  N	  0.0	  0.5	0.000	0.000	0.000
1344	  P	  0.0	  0.0	0.000	0.000	0.000
1345	  P	  0.0	  0.0	0.000	0.000	0.000
1346	  S	  0.0	 16.5	0.000	0.000	0.000
1347	  P	  0.0	 16.7	0.000	0.000	0.000
1348	  N	  0.0	 16.8	0.000	0.000	0.000
1349	  G	  0.0	 16.9	0.000	0.000	0.000
1350	  G	  0.0	  1.0	0.000	0.000	0.000
1351	  G	  0.0	  1.0	0.000	0.000	0.000
1352	  S	  0.1	  4.6	0.000	0.000	0.000
1353	  G	  0.1	  4.8	0.000	0.000	0.000
1354	  N	  0.0	  4.6	0.000	0.000	0.000
1355	  N	  0.0	  6.4	0.000	0.000	0.000
1356	  G	  0.0	  2.7	0.000	0.000	0.000
1357	  N	  0.1	  2.4	0.000	0.000	0.000
1358	  T	  0.1	  1.9	0.000	0.000	0.000
1359	  P	  0.1	  0.0	0.000	0.000	0.000
1360	  S	  0.1	 16.2	0.000	0.000	0.000
1361	  P	  0.0	 16.3	0.000	0.000	0.000
1362	  N	  0.0	 16.5	0.000	0.000	0.000
1363	  G	  0.0	 16.5	0.000	0.000	0.000
1364	  G	  0.0	  1.0	0.000	0.000	0.000
1365	  G	  0.0	  1.0	0.000	0.000	0.000
1366	  S	  0.1	  4.6	0.000	0.000	0.000
1367	  G	  0.1	  4.8	0.000	0.000	0.000
1368	  N	  0.0	  4.6	0.000	0.000	0.000
1369	  N	  0.0	  6.4	0.000	0.000	0.000
1370	  G	  0.0	  2.7	0.000	0.000	0.000
1371	  N	  0.1	  2.4	0.000	0.000	0.000
1372	  T	  0.1	  1.9	0.000	0.000	0.000
1373	  P	  0.1	  0.0	0.000	0.000	0.000
1374	  S	  0.1	 16.2	0.000	0.000	0.000
1375	  P	  0.0	 16.6	0.000	0.000	0.000
1376	  N	  0.0	 16.8	0.000	0.000	0.000
1377	  G	  0.0	 17.2	0.000	0.000	0.000
1378	  A	  0.1	  1.0	0.000	0.000	0.000
1379	  N	  0.1	  0.6	0.000	0.000	0.000
1380	  S	  0.1	  0.7	0.000	0.000	0.000
1381	  P	  0.0	  0.3	0.000	0.000	0.000
1382	  R	  0.4	  0.3	0.000	0.000	0.000
1383	  L	  0.6	  0.4	0.000	0.178	0.178
1384	  S	  2.5	  0.3	0.000	0.178	0.178
1385	  T	  2.8	  0.2	0.000	0.765	0.765
1386	  S	  3.2	  0.2	0.000	0.765	0.765
1387	  V	  8.0	  0.2	0.000	0.765	0.765
1388	  A	  7.5	  0.0	0.000	0.765	0.765
1389	  V	 10.1	  0.0	0.000	0.765	0.765
1390	  N	  3.6	  0.0	0.000	0.000	0.000
1391	  Q	  3.2	  0.2	0.000	0.000	0.000
1392	  P	  0.0	  0.2	0.000	0.000	0.000
1393	  T	  4.6	  0.2	0.000	0.000	0.000
1394	  L	  4.8	  0.3	0.000	0.000	0.000
1395	  S	  5.4	  0.2	0.000	0.000	0.000
1396	  T	 13.8	  0.2	0.000	0.000	0.000
1397	  F	 13.9	  0.6	0.000	0.000	0.000
1398	  K	 13.3	  0.6	0.000	0.000	0.000
1399	  G	  0.4	  1.3	0.000	0.000	0.000
1400	  E	  0.0	  1.7	0.000	0.000	0.000
1401	  G	  0.0	  1.3	0.134	0.000	0.000
1402	  S	  0.1	  1.2	0.657	0.000	0.000
1403	  Q	  0.3	  0.5	0.657	0.000	0.000
1404	  A	  0.9	  0.1	0.657	0.000	0.000
1405	  V	  7.3	  0.0	0.657	0.000	0.000
1406	  K	  7.6	  0.0	0.657	0.000	0.000
1407	  M	  7.0	  0.0	0.611	0.000	0.000
1408	  M	  0.7	  0.2	3.449	0.000	0.000
1409	  P	  0.1	  0.2	12.217	0.000	0.000
1410	  T	  0.7	  0.2	17.525	0.000	0.000
1411	  K	  0.9	  0.2	18.388	0.000	0.000
1412	  L	  1.5	  0.0	18.678	80.560	80.560
1413	  L	  1.6	  0.0	18.865	94.362	94.362
1414	  L	  2.0	  0.0	18.865	99.595	99.595
1415	  L	  2.9	  0.0	18.750	99.607	99.607
1416	  V	  4.5	  0.0	18.364	99.608	99.608
1417	  L	  4.9	  0.0	18.364	98.516	98.516
1418	  I	  3.6	  0.0	16.995	91.140	91.140
1419	  A	  1.4	  0.0	16.995	1.151	1.151
1420	  P	  0.3	  0.0	0.000	0.663	0.663
1421	  I	  1.5	  0.0	0.000	0.001	0.001
1422	  F	  1.5	  0.0	0.000	0.001	0.001
1423	  L	  1.5	  0.0	0.000	0.000	0.000
