res	aa	Beta	Turn	Helix	Aggregation	Conc-Stab_Aggregation
01	  M	  0.9	  0.0	0.202	0.363	0.363
02	  L	  1.3	  0.0	0.448	67.759	67.759
03	  I	  3.9	  0.0	0.704	72.454	72.454
04	  D	  3.7	  0.0	4.991	73.179	73.179
05	  C	  5.8	  0.0	7.091	73.229	73.229
06	  I	  3.9	  0.0	8.151	73.230	73.230
07	  L	  4.2	  0.1	8.517	73.230	73.230
08	  K	  2.0	  0.1	8.958	73.230	73.230
09	  L	  2.0	  0.1	8.958	95.573	95.573
10	  F	  1.5	  0.1	8.590	98.733	98.733
11	  L	  2.0	  0.0	8.151	99.266	99.266
12	  L	  1.5	  0.0	8.507	99.140	99.140
13	  I	  1.1	  0.1	8.378	97.994	97.994
14	  G	  0.8	  0.1	8.800	80.571	80.571
15	  I	  3.0	  0.1	4.557	78.937	78.937
16	  A	  3.0	  0.1	4.557	60.010	60.010
17	  L	  2.8	  0.0	3.791	43.947	43.947
18	  S	  1.4	  0.1	3.791	4.891	4.891
19	  K	  1.1	  0.1	2.456	0.000	0.000
20	  N	  0.9	  0.1	1.965	0.000	0.000
21	  P	  0.0	  0.0	0.842	0.000	0.000
22	  V	  4.6	  0.0	0.842	0.000	0.000
23	  E	  5.4	  0.1	0.842	0.000	0.000
24	  L	  5.5	  0.1	0.842	0.000	0.000
25	  N	  1.3	  0.1	0.842	0.000	0.000
26	  N	  0.9	  0.1	0.226	0.000	0.000
27	  V	  1.4	  0.0	0.000	0.000	0.000
28	  C	  5.9	  0.0	0.000	0.000	0.000
29	  T	  6.0	  0.0	0.000	0.000	0.000
30	  F	  5.5	  1.1	0.000	0.000	0.000
31	  P	  0.8	  1.2	0.000	0.000	0.000
32	  N	  0.1	  1.4	0.000	0.000	0.000
33	  D	  0.1	  1.9	0.000	0.000	0.000
34	  Y	  0.3	  1.2	0.000	0.000	0.000
35	  G	  0.2	  1.1	0.000	0.000	0.000
36	  R	  0.6	  0.9	0.000	0.000	0.000
37	  I	  0.5	  2.0	0.000	0.000	0.000
38	  P	  0.4	  1.5	0.000	0.000	0.000
39	  G	  0.1	  1.5	0.000	6.429	6.429
40	  F	 10.0	  1.5	0.000	67.089	67.089
41	  T	 13.3	  0.0	0.000	67.466	67.466
42	  V	 18.7	  0.0	0.000	67.466	67.466
43	  L	  9.2	  0.1	0.000	67.466	67.466
44	  V	  5.9	  0.3	0.000	66.484	66.484
45	  G	  0.2	  0.5	0.248	5.767	5.767
46	  R	  0.2	  0.5	0.248	0.082	0.082
47	  L	  0.2	  0.4	0.248	7.091	7.091
48	  G	  0.2	  0.2	0.248	7.550	7.550
49	  L	  0.9	  0.0	0.248	8.570	8.570
50	  L	  1.2	  0.0	0.248	8.570	8.570
51	  I	  2.7	  0.0	0.248	8.570	8.570
52	  S	  4.7	  1.4	1.585	4.620	4.620
53	  A	  4.3	  1.6	1.337	4.129	4.129
54	  S	  2.9	  1.6	2.184	0.476	0.476
55	  D	  0.4	  1.6	4.804	0.082	0.082
56	  Y	  1.0	  0.4	5.071	0.082	0.082
57	  K	  1.1	  0.2	5.708	0.000	0.000
58	  E	  0.7	  0.2	5.511	0.000	0.000
59	  L	  0.2	  0.2	5.511	0.000	0.000
60	  L	  2.1	  0.0	5.511	0.000	0.000
61	  R	  2.2	  0.0	5.345	0.000	0.000
62	  Y	  2.1	  1.4	4.017	0.000	0.000
63	  P	  0.1	  1.5	0.000	0.000	0.000
64	  G	  0.0	  1.5	0.000	4.810	4.810
65	  A	  0.3	  1.5	0.000	33.629	33.629
66	  F	  1.1	  0.1	0.000	40.739	40.739
67	  L	  1.7	  0.0	0.000	40.739	40.739
68	  I	  2.5	  0.0	0.000	40.739	40.739
69	  A	  1.9	  0.0	0.000	38.407	38.407
70	  T	  1.9	  0.2	0.000	13.640	13.640
71	  Q	  0.9	  0.2	0.000	0.524	0.524
72	  D	  0.7	  0.2	0.096	0.000	0.000
73	  T	  3.1	  0.2	0.096	0.000	0.000
74	  M	  3.2	  0.0	0.096	0.000	0.000
75	  T	  7.8	  0.0	0.096	0.000	0.000
76	  T	  5.0	  0.0	0.096	0.000	0.000
77	  S	  4.7	  5.8	0.096	0.000	0.000
78	  P	  0.1	  5.8	0.000	0.000	0.000
79	  N	  2.3	  5.8	0.000	0.000	0.000
80	  F	  4.4	  5.9	0.000	0.000	0.000
81	  E	  5.0	  0.0	0.000	0.000	0.000
82	  L	  2.8	  0.2	0.000	0.000	0.000
83	  T	  0.8	  0.2	0.000	0.000	0.000
84	  G	  0.2	  0.2	0.000	0.000	0.000
85	  F	  0.1	  0.3	0.000	0.000	0.000
86	  P	  0.0	  0.1	0.000	0.365	0.365
87	  F	  1.2	  0.1	0.000	39.566	39.566
88	  F	  2.6	  0.3	0.000	42.371	42.371
89	  T	  2.6	  0.2	0.000	42.508	42.508
90	  G	  1.5	  0.2	0.000	42.737	42.737
91	  L	  0.2	  0.2	0.000	45.767	45.767
92	  Y	  0.3	  0.3	0.000	44.464	44.464
93	  G	  0.3	  0.2	0.000	37.707	37.707
94	  L	  3.5	  0.2	0.000	37.149	37.149
95	  T	 12.0	  0.2	0.000	33.685	33.685
96	  V	 12.3	  0.0	0.000	31.394	31.394
97	  F	  9.1	  0.2	0.380	2.950	2.950
98	  P	  0.3	  0.3	2.356	0.711	0.711
99	  L	  0.8	  0.3	2.356	0.000	0.000
100	  D	  0.8	  0.3	4.655	0.000	0.000
101	  L	  1.6	  0.1	4.920	0.124	0.124
102	  L	  1.0	  0.0	5.052	0.124	0.124
103	  V	  5.2	  0.0	5.052	0.124	0.124
104	  E	  4.6	  0.0	5.052	0.124	0.124
105	  L	  4.6	  0.3	4.855	0.124	0.124
106	  R	  0.6	  0.3	4.752	0.124	0.124
107	  G	  0.3	  0.3	2.894	0.124	0.124
108	  Y	  2.3	  0.3	0.903	0.124	0.124
109	  F	  2.2	  0.0	0.000	0.124	0.124
110	  V	  2.2	  0.0	0.000	0.000	0.000
111	  P	  0.0	  1.0	0.000	0.000	0.000
112	  P	  0.0	  1.1	0.000	0.000	0.000
113	  N	  0.0	  1.7	0.000	0.000	0.000
114	  S	  0.0	  1.8	0.000	0.000	0.000
115	  G	  0.0	  0.8	0.000	0.000	0.000
116	  Q	  2.3	  0.7	0.000	0.000	0.000
117	  Y	 12.8	  0.1	0.000	2.610	2.610
118	  T	 28.9	  0.0	0.000	2.610	2.610
119	  F	 30.0	  0.0	0.000	2.610	2.610
120	  T	 24.0	  0.0	0.000	2.610	2.610
121	  L	  7.5	  0.2	0.000	2.610	2.610
122	  S	  3.9	  0.7	0.000	0.286	0.286
123	  D	  0.1	  4.8	0.000	0.000	0.000
124	  S	  0.1	  6.1	0.179	0.000	0.000
125	  D	  0.0	  6.0	1.162	0.000	0.000
126	  D	  0.0	  5.5	2.217	0.000	0.000
127	  A	  0.2	  1.3	2.217	19.634	19.634
128	  A	  0.8	  0.1	2.217	67.008	67.008
129	  I	  2.9	  0.0	2.217	78.062	78.062
130	  I	  4.0	  0.0	2.217	78.062	78.062
131	  F	  3.7	  0.0	2.217	78.062	78.062
132	  L	  1.6	  0.0	1.282	75.342	75.342
133	  G	  0.3	  0.0	1.001	16.366	16.366
134	  N	  0.0	  4.4	0.603	0.000	0.000
135	  P	  0.0	  4.4	0.000	0.000	0.000
136	  S	  0.4	  4.4	0.000	0.000	0.000
137	  A	  0.4	  4.4	0.000	0.000	0.000
138	  F	  0.4	  0.4	0.000	0.000	0.000
139	  P	  0.1	  0.4	0.000	0.000	0.000
140	  C	  0.1	  1.3	0.000	0.000	0.000
141	  G	  0.0	  1.3	0.157	0.000	0.000
142	  D	  0.2	  0.9	0.157	0.000	0.000
143	  L	  0.4	  1.3	0.157	0.000	0.000
144	  Q	  1.4	  0.4	0.157	0.000	0.000
145	  N	  1.3	  0.4	0.157	0.000	0.000
146	  W	  1.1	  0.4	0.157	0.000	0.000
147	  P	  0.1	  0.0	0.000	0.000	0.000
148	  K	  0.0	  0.3	0.000	0.000	0.000
149	  P	  0.0	  0.4	0.000	0.000	0.000
150	  S	  0.0	  0.5	0.000	0.000	0.000
151	  E	  0.0	  0.6	0.000	0.000	0.000
152	  E	  0.0	  0.3	0.000	0.000	0.000
153	  D	  1.1	  0.2	0.000	0.000	0.000
154	  I	 18.4	  0.1	0.000	0.000	0.000
155	  T	 27.4	  0.0	0.094	0.000	0.000
156	  V	 27.4	  0.0	0.094	0.000	0.000
157	  T	 11.5	  0.1	0.094	0.000	0.000
158	  D	  1.3	  0.1	0.094	0.000	0.000
159	  H	  0.8	  0.1	0.094	0.000	0.000
160	  L	  0.8	  0.0	0.094	0.000	0.000
161	  F	  0.8	  0.5	0.094	0.000	0.000
162	  P	  0.1	  0.5	0.000	0.000	0.000
163	  S	  0.3	  0.6	0.000	0.000	0.000
164	  R	  0.5	  0.6	0.000	0.000	0.000
165	  T	  1.6	  0.2	0.286	54.679	54.679
166	  L	  2.1	  0.1	0.286	54.679	54.679
167	  Y	  2.6	  0.0	0.286	54.679	54.679
168	  L	  1.6	  0.0	0.286	54.679	54.679
169	  I	  1.2	  0.2	0.286	54.679	54.679
170	  E	  0.4	  0.2	0.286	0.000	0.000
171	  G	  0.5	  0.2	0.165	0.000	0.000
172	  V	  3.0	  0.2	0.000	0.000	0.000
173	  A	  3.0	  0.0	0.000	0.000	0.000
174	  Y	  2.8	  0.0	0.000	0.000	0.000
175	  P	  0.0	  0.0	0.147	0.000	0.000
176	  M	  4.8	  0.0	0.147	0.000	0.000
177	  R	  6.2	  0.0	0.147	0.000	0.000
178	  I	  7.7	  0.0	0.147	0.230	0.230
179	  A	  3.2	  0.0	0.147	0.230	0.230
180	  Y	  3.3	  0.1	0.147	0.230	0.230
181	  Y	  2.3	 11.2	0.147	0.230	0.230
182	  N	  2.0	 11.3	0.000	0.230	0.230
183	  G	  0.5	 11.4	0.000	0.116	0.116
184	  I	  0.1	 11.8	0.000	0.116	0.116
185	  G	  0.1	  1.3	0.678	0.000	0.000
186	  A	  0.1	  1.4	0.678	0.000	0.000
187	  G	  0.0	  1.3	0.898	0.000	0.000
188	  R	  2.5	  0.8	0.898	0.000	0.000
189	  L	  2.7	  0.2	0.898	3.219	3.219
190	  N	  2.7	  0.1	0.898	3.736	3.736
191	  A	  0.4	  0.0	0.898	3.736	3.736
192	  A	  0.4	  0.0	0.698	3.736	3.736
193	  F	  2.1	  0.0	0.386	3.736	3.736
194	  I	  2.3	  0.0	0.000	3.478	3.478
195	  D	  2.0	 15.5	0.000	0.000	0.000
196	  P	  0.2	 15.6	0.000	0.000	0.000
197	  S	  0.1	 15.9	0.000	0.000	0.000
198	  G	  0.1	 15.9	0.000	0.000	0.000
199	  T	  0.6	  0.5	0.000	0.000	0.000
200	  R	  1.1	  0.3	0.000	0.000	0.000
201	  H	  1.5	  0.2	0.000	0.000	0.000
202	  T	  1.5	  0.2	0.000	0.000	0.000
203	  N	  2.7	  0.3	0.000	0.000	0.000
204	  W	  2.3	  0.6	0.000	0.000	0.000
205	  E	  1.8	  0.5	0.000	0.000	0.000
206	  G	  0.1	  0.5	0.000	0.117	0.117
207	  Y	  0.5	  0.4	0.000	1.413	1.413
208	  I	  1.4	  0.0	0.000	1.413	1.413
209	  W	  4.7	  0.0	0.000	1.413	1.413
210	  Q	  7.2	  0.0	0.000	1.413	1.413
211	  Y	  6.6	  0.0	0.000	1.413	1.413
212	  D	  3.3	  0.3	0.000	0.000	0.000
213	  P	  0.2	  0.3	0.000	0.000	0.000
214	  C	  0.1	  0.5	0.000	0.000	0.000
215	  S	  0.6	  0.5	0.000	0.000	0.000
216	  T	  5.1	  0.2	0.000	0.000	0.000
217	  C	  7.2	  0.2	0.000	0.000	0.000
218	  T	 35.4	  0.0	0.000	0.000	0.000
219	  Y	 32.0	  0.0	0.000	0.000	0.000
220	  S	 29.9	  0.0	0.000	0.000	0.000
221	  E	  1.6	  0.0	0.000	0.000	0.000
222	  P	  0.0	  0.2	0.000	0.000	0.000
223	  P	  0.0	  0.2	0.000	0.000	0.000
224	  T	  0.8	  0.2	0.000	0.000	0.000
225	  A	  0.9	  0.3	0.000	0.000	0.000
226	  T	  2.1	  0.0	0.000	0.000	0.000
227	  T	  4.0	  0.0	0.000	0.000	0.000
228	  T	 33.3	  0.0	0.000	0.000	0.000
229	  Y	 33.2	  0.3	0.000	0.180	0.180
230	  S	 30.7	  0.5	0.000	0.180	0.180
231	  S	  1.7	  0.5	0.000	0.367	0.367
232	  G	  0.1	  0.5	0.000	0.367	0.367
233	  W	  1.3	  0.3	0.000	0.367	0.367
234	  V	  5.8	  0.0	0.000	0.367	0.367
235	  V	  6.0	  0.0	0.000	0.367	0.367
236	  N	  4.8	  0.1	0.000	0.000	0.000
237	  E	  0.4	  0.2	0.000	0.000	0.000
238	  T	  1.8	  0.2	0.000	0.000	0.000
239	  T	  1.8	  0.3	0.000	0.000	0.000
240	  T	  1.7	  0.3	0.000	0.000	0.000
241	  G	  0.1	  0.4	0.000	0.000	0.000
242	  T	  1.4	  0.3	0.000	0.000	0.000
243	  S	 21.8	  0.4	0.000	0.138	0.138
244	  Y	 24.4	  0.2	0.000	1.086	1.086
245	  S	 23.4	  0.1	0.000	1.086	1.086
246	  I	  4.7	  0.1	0.000	1.736	1.736
247	  Y	  2.4	  0.1	0.000	1.736	1.736
248	  T	  2.2	  0.2	0.000	1.597	1.597
249	  G	  1.3	  0.4	0.000	0.938	0.938
250	  I	  0.9	  1.3	0.000	0.938	0.938
251	  D	  0.9	  1.2	0.000	0.000	0.000
252	  G	  0.7	  1.2	0.000	0.000	0.000
253	  V	  1.1	  1.0	0.000	0.000	0.000
254	  E	  1.2	  0.1	0.000	0.000	0.000
255	  S	  1.7	  0.1	0.267	1.917	1.917
256	  T	 19.0	  0.1	0.267	17.232	17.232
257	  Y	 25.8	  0.0	0.267	75.657	75.657
258	  T	 26.9	  0.0	0.267	90.833	90.833
259	  I	 10.6	  0.0	0.267	90.833	90.833
260	  F	  3.0	  0.0	0.267	90.833	90.833
261	  L	  1.6	  0.0	0.126	90.308	90.308
262	  V	 23.4	  0.0	0.126	84.577	84.577
263	  E	 22.9	  0.0	0.126	0.000	0.000
264	  V	 22.8	  0.0	0.000	0.000	0.000
265	  P	  0.2	  0.0	0.000	0.000	0.000
266	  T	 13.7	  0.0	0.000	0.000	0.000
267	  I	 14.3	  0.0	0.000	0.000	0.000
268	  T	 14.4	  0.4	0.000	0.000	0.000
269	  P	  0.7	  0.4	0.000	0.000	0.000
270	  S	  4.7	  0.6	0.000	0.000	0.000
271	  L	  7.3	  0.6	0.000	0.000	0.000
272	  S	  7.3	  0.3	0.000	0.000	0.000
273	  I	  2.9	  0.2	0.000	0.000	0.000
274	  P	  0.0	  0.0	0.000	0.000	0.000
275	  P	  0.0	  0.0	0.000	0.101	0.101
276	  I	  2.7	  0.0	0.000	10.956	10.956
277	  T	  4.2	  0.0	0.000	11.663	11.663
278	  T	 13.3	  0.0	0.000	11.810	11.810
279	  V	 18.7	  0.0	0.000	11.810	11.810
280	  T	 27.6	  0.0	0.000	11.810	11.810
281	  I	 20.6	  0.0	0.000	10.102	10.102
282	  S	 12.8	  0.0	0.000	1.165	1.165
283	  R	  1.9	  1.5	0.000	0.000	0.000
284	  P	  0.0	  1.5	0.000	0.000	0.000
285	  D	  0.3	  1.5	0.000	0.000	0.000
286	  Y	  1.1	  1.5	0.000	0.000	0.000
287	  I	  7.6	  0.0	0.000	0.000	0.000
288	  E	  8.9	  0.0	0.000	0.000	0.000
289	  V	 24.2	  0.0	0.000	0.000	0.000
290	  E	 18.2	  0.0	0.000	0.000	0.000
291	  V	 19.8	  0.0	0.000	50.993	50.993
292	  I	  6.8	  0.0	0.000	52.305	52.305
293	  S	  7.1	  0.0	0.000	52.305	52.305
294	  F	  5.5	  0.0	0.000	52.396	52.396
295	  V	  3.0	  0.0	0.000	52.396	52.396
296	  S	  2.9	  0.1	0.000	17.440	17.440
297	  T	  2.0	  0.2	0.000	12.700	12.700
298	  T	  1.4	  0.2	0.000	9.852	9.852
299	  N	  0.8	  0.6	0.000	0.151	0.151
300	  K	  0.3	  0.8	0.000	0.000	0.000
301	  E	  0.1	  0.7	0.000	0.000	0.000
302	  G	  0.0	  0.7	0.000	0.000	0.000
303	  V	  0.0	  0.3	0.000	0.000	0.000
304	  P	  0.0	  0.0	0.000	0.000	0.000
305	  I	  2.6	  0.1	0.000	0.000	0.000
306	  T	  2.7	  1.2	0.000	0.000	0.000
307	  G	  2.8	  1.3	0.000	0.000	0.000
308	  S	  0.8	  1.3	0.000	0.000	0.000
309	  T	  1.6	  1.2	0.000	0.000	0.000
310	  T	  6.7	  0.3	0.000	0.000	0.000
311	  I	  7.0	  2.6	0.000	0.000	0.000
312	  N	  6.1	  2.7	0.000	0.000	0.000
313	  G	  1.0	  2.7	0.000	0.000	0.000
314	  T	  0.2	  2.8	0.000	0.000	0.000
315	  R	  0.4	  0.4	0.000	0.000	0.000
316	  D	  0.4	  0.3	0.000	0.000	0.000
317	  Y	  1.1	  0.4	0.000	0.000	0.000
318	  L	  1.1	  0.1	0.000	0.000	0.000
319	  D	  1.1	  5.3	0.000	0.000	0.000
320	  A	  0.2	  5.3	0.000	0.000	0.000
321	  D	  0.0	  5.2	0.000	0.000	0.000
322	  A	  0.0	  5.4	0.000	0.000	0.000
323	  P	  0.0	  0.3	0.000	0.000	0.000
324	  H	  0.2	  0.4	0.000	0.000	0.000
325	  N	  0.2	  0.5	0.000	0.000	0.000
326	  S	  0.5	  0.2	0.000	0.000	0.000
327	  L	  0.3	  0.2	0.000	0.000	0.000
328	  A	  0.3	  0.1	0.000	0.000	0.000
329	  P	  0.0	  0.0	0.000	0.000	0.000
330	  A	  0.0	  0.0	0.000	0.000	0.000
331	  P	  0.0	  0.0	0.000	0.000	0.000
332	  S	  0.0	  0.0	0.000	0.000	0.000
333	  P	  0.0	  0.0	0.000	0.000	0.000
334	  V	  4.3	  0.0	0.000	0.000	0.000
335	  T	  6.8	  0.0	0.000	0.000	0.000
336	  H	  9.7	  0.0	0.000	0.000	0.000
337	  T	  9.6	  0.1	0.000	0.000	0.000
338	  I	  9.4	  0.1	0.000	0.000	0.000
339	  D	  6.4	  0.2	0.000	0.000	0.000
340	  L	  2.5	  1.8	0.000	0.000	0.000
341	  G	  0.0	  3.0	0.000	0.000	0.000
342	  N	  0.0	  3.0	0.094	0.000	0.000
343	  G	  0.1	  2.8	0.094	0.000	0.000
344	  V	  1.7	  1.3	0.094	0.000	0.000
345	  T	  2.2	  0.1	0.094	0.000	0.000
346	  N	  4.3	  0.1	0.094	0.000	0.000
347	  Y	 10.0	  0.1	0.094	0.000	0.000
348	  E	  9.9	  0.0	0.000	0.000	0.000
349	  V	 11.6	  0.0	0.000	0.000	0.000
350	  V	  7.9	  0.0	0.000	0.000	0.000
351	  S	 12.8	  0.0	0.000	0.000	0.000
352	  Y	  9.6	  0.1	0.000	0.000	0.000
353	  R	  6.4	  0.0	0.000	0.000	0.000
354	  T	  2.2	  0.1	0.000	0.000	0.000
355	  T	  2.3	  0.1	0.000	0.000	0.000
356	  T	  2.1	  0.1	0.000	0.000	0.000
357	  N	  0.6	  0.5	0.000	0.000	0.000
358	  E	  0.2	  0.5	0.000	0.000	0.000
359	  Y	  0.2	  2.5	0.000	0.000	0.000
360	  G	  0.1	  2.5	0.000	0.000	0.000
361	  G	  0.1	  2.1	0.000	1.024	1.024
362	  Y	  0.6	  2.1	0.000	6.292	6.292
363	  I	 17.6	  0.0	0.000	6.559	6.559
364	  T	 25.8	  0.0	0.000	6.559	6.559
365	  V	 25.7	  0.0	0.000	6.559	6.559
366	  T	  9.9	  0.1	0.000	5.920	5.920
367	  E	  0.6	  0.1	0.000	1.213	1.213
368	  T	  8.5	  0.1	0.000	1.213	1.213
369	  V	 15.8	  0.0	0.000	1.213	1.213
370	  T	 27.7	  0.0	0.000	1.213	1.213
371	  F	 21.7	  0.0	0.000	1.213	1.213
372	  K	 14.3	  0.0	0.000	1.213	1.213
373	  A	  2.6	  0.0	0.000	0.000	0.000
374	  P	  0.0	  0.0	0.000	0.000	0.000
375	  P	  0.0	  0.0	0.000	0.349	0.349
376	  V	 17.1	  0.0	0.000	0.606	0.606
377	  T	 21.5	  0.0	1.277	0.606	0.606
378	  V	 24.5	  0.0	1.277	0.606	0.606
379	  V	 11.6	  0.0	1.277	0.606	0.606
380	  E	  7.6	  0.0	1.277	0.257	0.257
381	  L	  4.6	  0.3	1.277	0.257	0.257
382	  K	  1.3	  1.8	1.277	0.257	0.257
383	  G	  0.1	  2.0	0.361	0.000	0.000
384	  D	  0.1	  2.0	0.108	0.000	0.000
385	  D	  0.4	  1.7	0.000	0.000	0.000
386	  Y	  2.4	  0.3	0.000	0.000	0.000
387	  V	  3.7	  0.1	0.000	0.000	0.000
388	  E	  3.4	  0.2	0.000	0.000	0.000
389	  S	  1.4	  0.2	0.000	0.000	0.000
390	  D	  0.3	  0.2	0.000	0.000	0.000
391	  W	  1.1	  0.2	0.000	68.686	68.686
392	  V	  5.1	  0.0	0.000	83.648	83.648
393	  S	  5.9	  0.0	0.000	84.356	84.356
394	  F	  6.0	  0.0	0.000	85.500	85.500
395	  F	  2.8	  0.0	0.000	85.500	85.500
396	  I	  5.1	  0.0	0.000	81.249	81.249
397	  T	  4.5	  0.1	0.000	21.024	21.024
398	  T	  3.8	  0.1	0.000	5.171	5.171
399	  D	  0.5	  0.7	0.000	0.000	0.000
400	  E	  0.0	  0.9	0.000	0.000	0.000
401	  K	  0.0	  1.3	0.000	0.000	0.000
402	  G	  0.0	  1.3	0.000	0.000	0.000
403	  D	  1.4	  0.7	0.266	0.000	0.000
404	  I	  5.7	  0.5	0.266	0.000	0.000
405	  I	  8.1	  0.1	0.266	0.000	0.000
406	  T	  6.8	  1.1	0.266	0.000	0.000
407	  G	  2.6	  1.2	0.266	0.000	0.000
408	  S	  0.8	  1.2	0.266	0.000	0.000
409	  T	  1.6	  1.1	0.000	0.000	0.000
410	  T	  6.7	  0.2	0.000	0.000	0.000
411	  I	  7.0	  2.6	0.000	0.000	0.000
412	  N	  6.0	  2.7	0.000	0.000	0.000
413	  G	  1.0	  2.7	0.000	0.000	0.000
414	  T	  0.2	  2.8	0.000	0.000	0.000
415	  R	  0.4	  0.4	0.000	0.000	0.000
416	  D	  0.4	  0.3	0.000	0.000	0.000
417	  Y	  1.1	  0.4	0.000	0.000	0.000
418	  L	  1.1	  0.1	0.000	0.000	0.000
419	  D	  1.1	  5.3	0.000	0.000	0.000
420	  A	  0.2	  5.3	0.000	0.000	0.000
421	  D	  0.0	  5.2	0.000	0.000	0.000
422	  A	  0.0	  5.4	0.000	0.000	0.000
423	  P	  0.0	  0.3	0.000	0.000	0.000
424	  H	  0.2	  0.4	0.000	0.000	0.000
425	  N	  0.2	  0.5	0.000	0.000	0.000
426	  S	  0.5	  0.2	0.000	0.000	0.000
427	  L	  0.3	  0.2	0.000	0.000	0.000
428	  A	  0.3	  0.1	0.000	0.000	0.000
429	  P	  0.0	  0.0	0.000	0.000	0.000
430	  A	  0.0	  0.0	0.000	0.000	0.000
431	  P	  0.0	  0.0	0.000	0.000	0.000
432	  S	  0.0	  0.0	0.000	0.000	0.000
433	  P	  0.0	  0.0	0.000	0.000	0.000
434	  V	  4.3	  0.0	0.000	0.000	0.000
435	  T	  6.8	  0.0	0.000	0.000	0.000
436	  H	  9.7	  0.0	0.000	0.000	0.000
437	  T	  9.6	  0.1	0.000	0.000	0.000
438	  I	  9.4	  0.1	0.000	0.000	0.000
439	  D	  6.4	  0.2	0.000	0.000	0.000
440	  L	  2.5	  1.8	0.000	0.000	0.000
441	  G	  0.0	  3.0	0.000	0.000	0.000
442	  N	  0.0	  3.0	0.094	0.000	0.000
443	  G	  0.1	  2.8	0.094	0.000	0.000
444	  V	  1.7	  1.3	0.094	0.000	0.000
445	  T	  2.2	  0.1	0.094	0.000	0.000
446	  N	  4.3	  0.1	0.094	0.000	0.000
447	  Y	 10.0	  0.1	0.094	0.000	0.000
448	  E	  9.9	  0.0	0.000	0.000	0.000
449	  V	 11.6	  0.0	0.000	0.000	0.000
450	  V	  7.9	  0.0	0.000	0.000	0.000
451	  S	 12.8	  0.0	0.000	0.000	0.000
452	  Y	  9.6	  0.1	0.000	0.000	0.000
453	  R	  6.4	  0.0	0.000	0.000	0.000
454	  T	  2.2	  0.1	0.000	0.000	0.000
455	  T	  2.3	  0.1	0.000	0.000	0.000
456	  T	  2.1	  0.1	0.000	0.000	0.000
457	  N	  0.6	  0.5	0.000	0.000	0.000
458	  E	  0.2	  0.5	0.000	0.000	0.000
459	  Y	  0.2	  2.5	0.000	0.000	0.000
460	  G	  0.1	  2.5	0.000	0.000	0.000
461	  G	  0.1	  2.1	0.000	1.024	1.024
462	  Y	  0.6	  2.1	0.000	6.292	6.292
463	  I	 17.6	  0.0	0.000	6.559	6.559
464	  T	 25.8	  0.0	0.000	6.559	6.559
465	  V	 25.7	  0.0	0.000	6.559	6.559
466	  T	  9.9	  0.1	0.000	5.920	5.920
467	  E	  0.6	  0.1	0.000	1.213	1.213
468	  T	  8.5	  0.1	0.000	1.213	1.213
469	  V	 15.8	  0.0	0.000	1.213	1.213
470	  T	 27.7	  0.0	0.000	1.213	1.213
471	  F	 21.7	  0.0	0.000	1.213	1.213
472	  K	 14.3	  0.0	0.000	1.213	1.213
473	  A	  2.6	  0.0	0.000	0.000	0.000
474	  P	  0.0	  0.0	0.000	0.000	0.000
475	  P	  0.0	  0.0	0.000	0.349	0.349
476	  V	 17.1	  0.0	0.000	0.606	0.606
477	  T	 21.5	  0.0	1.277	0.606	0.606
478	  V	 24.5	  0.0	1.277	0.606	0.606
479	  V	 11.6	  0.0	1.277	0.606	0.606
480	  E	  7.6	  0.0	1.277	0.257	0.257
481	  L	  4.6	  0.3	1.277	0.257	0.257
482	  K	  1.3	  1.8	1.277	0.257	0.257
483	  G	  0.1	  2.0	0.361	0.000	0.000
484	  D	  0.1	  2.0	0.108	0.000	0.000
485	  D	  0.4	  1.7	0.000	0.000	0.000
486	  Y	  2.4	  0.3	0.000	0.000	0.000
487	  V	  3.7	  0.1	0.000	0.000	0.000
488	  E	  3.4	  0.2	0.000	0.000	0.000
489	  S	  1.4	  0.2	0.000	0.000	0.000
490	  D	  0.3	  0.2	0.000	0.000	0.000
491	  W	  1.1	  0.2	0.000	68.686	68.686
492	  V	  5.1	  0.0	0.000	83.648	83.648
493	  S	  5.9	  0.0	0.000	84.356	84.356
494	  F	  6.0	  0.0	0.000	85.500	85.500
495	  F	  2.8	  0.0	0.000	85.500	85.500
496	  I	  5.1	  0.0	0.000	81.249	81.249
497	  T	  4.5	  0.1	0.000	21.024	21.024
498	  T	  3.8	  0.1	0.000	5.171	5.171
499	  D	  0.5	  0.7	0.000	0.000	0.000
500	  E	  0.0	  0.9	0.000	0.000	0.000
501	  K	  0.0	  1.3	0.000	0.000	0.000
502	  G	  0.0	  1.3	0.000	0.000	0.000
503	  D	  1.4	  0.7	0.266	0.000	0.000
504	  I	  5.7	  0.5	0.266	0.000	0.000
505	  I	  8.1	  0.1	0.266	0.000	0.000
506	  T	  6.8	  1.1	0.266	0.000	0.000
507	  G	  2.6	  1.2	0.266	0.000	0.000
508	  S	  0.8	  1.2	0.266	0.000	0.000
509	  T	  1.6	  1.1	0.000	0.000	0.000
510	  T	  6.7	  0.2	0.000	0.000	0.000
511	  I	  7.0	  2.6	0.000	0.000	0.000
512	  N	  6.0	  2.7	0.000	0.000	0.000
513	  G	  1.0	  2.7	0.000	0.000	0.000
514	  T	  0.2	  2.8	0.000	0.000	0.000
515	  R	  0.4	  0.4	0.000	0.000	0.000
516	  D	  0.4	  0.3	0.000	0.000	0.000
517	  Y	  1.1	  0.4	0.000	0.000	0.000
518	  L	  1.1	  0.1	0.000	0.000	0.000
519	  D	  1.1	  5.3	0.000	0.000	0.000
520	  A	  0.2	  5.3	0.000	0.000	0.000
521	  D	  0.0	  5.2	0.000	0.000	0.000
522	  A	  0.0	  5.4	0.000	0.000	0.000
523	  P	  0.0	  0.3	0.000	0.000	0.000
524	  H	  0.2	  0.4	0.000	0.000	0.000
525	  N	  0.2	  0.5	0.000	0.000	0.000
526	  S	  0.5	  0.2	0.000	0.000	0.000
527	  L	  0.3	  0.2	0.000	0.000	0.000
528	  A	  0.3	  0.1	0.000	0.000	0.000
529	  P	  0.0	  0.0	0.000	0.000	0.000
530	  A	  0.0	  0.0	0.000	0.000	0.000
531	  P	  0.0	  0.0	0.000	0.000	0.000
532	  S	  0.0	  0.0	0.000	0.000	0.000
533	  P	  0.0	  0.0	0.000	0.000	0.000
534	  V	  4.3	  0.0	0.000	0.000	0.000
535	  T	  6.8	  0.0	0.000	0.000	0.000
536	  H	  9.7	  0.0	0.000	0.000	0.000
537	  T	  9.6	  0.1	0.000	0.000	0.000
538	  I	  9.4	  0.1	0.000	0.000	0.000
539	  D	  6.4	  0.2	0.000	0.000	0.000
540	  L	  2.5	  1.8	0.000	0.000	0.000
541	  G	  0.0	  3.0	0.000	0.000	0.000
542	  N	  0.0	  3.0	0.094	0.000	0.000
543	  G	  0.1	  2.8	0.094	0.000	0.000
544	  V	  1.7	  1.3	0.094	0.000	0.000
545	  T	  2.2	  0.1	0.094	0.000	0.000
546	  N	  4.3	  0.1	0.094	0.000	0.000
547	  Y	 10.0	  0.1	0.094	0.000	0.000
548	  E	  9.9	  0.0	0.000	0.000	0.000
549	  V	 11.6	  0.0	0.000	0.000	0.000
550	  V	  7.9	  0.0	0.000	0.000	0.000
551	  S	 12.8	  0.0	0.000	0.000	0.000
552	  Y	  9.6	  0.1	0.000	0.000	0.000
553	  R	  6.4	  0.0	0.000	0.000	0.000
554	  T	  2.2	  0.1	0.000	0.000	0.000
555	  T	  2.3	  0.1	0.000	0.000	0.000
556	  T	  2.1	  0.1	0.000	0.000	0.000
557	  N	  0.6	  0.5	0.000	0.000	0.000
558	  E	  0.2	  0.5	0.000	0.000	0.000
559	  Y	  0.2	  2.5	0.000	0.000	0.000
560	  G	  0.1	  2.5	0.000	0.000	0.000
561	  G	  0.1	  2.1	0.000	1.024	1.024
562	  Y	  0.6	  2.1	0.000	6.292	6.292
563	  I	 17.6	  0.0	0.000	6.559	6.559
564	  T	 25.8	  0.0	0.000	6.559	6.559
565	  V	 25.7	  0.0	0.000	6.559	6.559
566	  T	  9.9	  0.1	0.000	5.920	5.920
567	  E	  0.6	  0.1	0.000	1.213	1.213
568	  T	  8.5	  0.1	0.000	1.213	1.213
569	  V	 15.8	  0.0	0.000	1.213	1.213
570	  T	 27.7	  0.0	0.000	1.213	1.213
571	  F	 21.7	  0.0	0.000	1.213	1.213
572	  K	 14.3	  0.0	0.000	1.213	1.213
573	  A	  2.6	  0.0	0.000	0.000	0.000
574	  P	  0.0	  0.0	0.000	0.000	0.000
575	  P	  0.0	  0.0	0.000	0.349	0.349
576	  V	 17.1	  0.0	0.000	0.606	0.606
577	  T	 21.5	  0.0	1.277	0.606	0.606
578	  V	 24.5	  0.0	1.277	0.606	0.606
579	  V	 11.6	  0.0	1.277	0.606	0.606
580	  E	  7.6	  0.0	1.277	0.257	0.257
581	  L	  4.6	  0.3	1.277	0.257	0.257
582	  K	  1.3	  1.8	1.277	0.257	0.257
583	  G	  0.1	  2.0	0.361	0.000	0.000
584	  D	  0.1	  2.0	0.108	0.000	0.000
585	  D	  0.4	  1.7	0.000	0.000	0.000
586	  Y	  2.4	  0.3	0.000	0.000	0.000
587	  V	  3.7	  0.1	0.000	0.000	0.000
588	  E	  3.4	  0.2	0.000	0.000	0.000
589	  S	  1.4	  0.2	0.000	0.000	0.000
590	  D	  0.3	  0.2	0.000	0.000	0.000
591	  W	  1.1	  0.2	0.000	68.686	68.686
592	  V	  5.1	  0.0	0.000	83.648	83.648
593	  S	  5.9	  0.0	0.000	84.356	84.356
594	  F	  6.0	  0.0	0.000	85.500	85.500
595	  F	  2.8	  0.0	0.000	85.500	85.500
596	  I	  5.1	  0.0	0.000	81.249	81.249
597	  T	  4.5	  0.1	0.000	21.024	21.024
598	  T	  3.8	  0.1	0.000	5.171	5.171
599	  D	  0.5	  0.7	0.000	0.000	0.000
600	  E	  0.0	  0.9	0.000	0.000	0.000
601	  K	  0.0	  1.3	0.000	0.000	0.000
602	  G	  0.0	  1.3	0.000	0.000	0.000
603	  D	  1.4	  0.7	0.266	0.000	0.000
604	  I	  5.7	  0.5	0.266	0.000	0.000
605	  I	  8.1	  0.1	0.266	0.000	0.000
606	  T	  6.8	  1.1	0.266	0.000	0.000
607	  G	  2.6	  1.2	0.266	0.000	0.000
608	  S	  0.8	  1.2	0.266	0.000	0.000
609	  T	  1.6	  1.1	0.000	0.000	0.000
610	  T	  6.7	  0.2	0.000	0.000	0.000
611	  I	  7.0	  2.6	0.000	0.000	0.000
612	  N	  6.0	  2.7	0.000	0.000	0.000
613	  G	  1.0	  2.7	0.000	0.000	0.000
614	  T	  0.2	  2.8	0.000	0.000	0.000
615	  R	  0.4	  0.4	0.000	0.000	0.000
616	  D	  0.4	  0.3	0.000	0.000	0.000
617	  Y	  1.1	  0.4	0.000	0.000	0.000
618	  L	  1.1	  0.1	0.000	0.000	0.000
619	  D	  1.1	  5.3	0.000	0.000	0.000
620	  A	  0.2	  5.3	0.000	0.000	0.000
621	  D	  0.0	  5.2	0.000	0.000	0.000
622	  A	  0.0	  5.4	0.000	0.000	0.000
623	  P	  0.0	  0.3	0.000	0.000	0.000
624	  H	  0.2	  0.4	0.000	0.000	0.000
625	  N	  0.2	  0.5	0.000	0.000	0.000
626	  S	  0.5	  0.2	0.000	0.000	0.000
627	  L	  0.3	  0.2	0.000	0.000	0.000
628	  A	  0.3	  0.1	0.000	0.000	0.000
629	  P	  0.0	  0.0	0.000	0.000	0.000
630	  A	  0.0	  0.0	0.000	0.000	0.000
631	  P	  0.0	  0.0	0.000	0.000	0.000
632	  S	  0.0	  0.0	0.000	0.000	0.000
633	  P	  0.0	  0.0	0.000	0.000	0.000
634	  V	  4.3	  0.0	0.000	0.000	0.000
635	  T	  6.8	  0.0	0.000	0.000	0.000
636	  H	  9.7	  0.0	0.000	0.000	0.000
637	  T	  9.6	  0.1	0.000	0.000	0.000
638	  I	  9.4	  0.1	0.000	0.000	0.000
639	  D	  6.4	  0.2	0.000	0.000	0.000
640	  L	  2.5	  1.8	0.000	0.000	0.000
641	  G	  0.0	  3.0	0.000	0.000	0.000
642	  N	  0.0	  3.0	0.094	0.000	0.000
643	  G	  0.1	  2.8	0.094	0.000	0.000
644	  V	  1.7	  1.3	0.094	0.000	0.000
645	  T	  2.2	  0.1	0.094	0.000	0.000
646	  N	  4.3	  0.1	0.094	0.000	0.000
647	  Y	 10.0	  0.1	0.094	0.000	0.000
648	  E	  9.9	  0.0	0.000	0.000	0.000
649	  V	 11.6	  0.0	0.000	0.000	0.000
650	  V	  7.9	  0.0	0.000	0.000	0.000
651	  S	 12.8	  0.0	0.000	0.000	0.000
652	  Y	  9.6	  0.1	0.000	0.000	0.000
653	  R	  6.4	  0.0	0.000	0.000	0.000
654	  T	  2.2	  0.1	0.000	0.000	0.000
655	  T	  2.3	  0.1	0.000	0.000	0.000
656	  T	  2.1	  0.1	0.000	0.000	0.000
657	  N	  0.6	  0.5	0.000	0.000	0.000
658	  E	  0.2	  0.5	0.000	0.000	0.000
659	  Y	  0.2	  2.5	0.000	0.000	0.000
660	  G	  0.1	  2.5	0.000	0.000	0.000
661	  G	  0.1	  2.1	0.000	1.024	1.024
662	  Y	  0.6	  2.1	0.000	6.292	6.292
663	  I	 17.6	  0.0	0.000	6.559	6.559
664	  T	 25.8	  0.0	0.000	6.559	6.559
665	  V	 25.7	  0.0	0.000	6.559	6.559
666	  T	  9.9	  0.1	0.000	5.920	5.920
667	  E	  0.6	  0.1	0.000	1.213	1.213
668	  T	  8.5	  0.1	0.000	1.213	1.213
669	  V	 15.8	  0.0	0.000	1.213	1.213
670	  T	 27.7	  0.0	0.000	1.213	1.213
671	  F	 21.7	  0.0	0.000	1.213	1.213
672	  K	 14.3	  0.0	0.000	1.213	1.213
673	  A	  2.6	  0.0	0.000	0.000	0.000
674	  P	  0.0	  0.0	0.000	0.000	0.000
675	  P	  0.0	  0.0	0.000	0.349	0.349
676	  V	 17.1	  0.0	0.000	0.606	0.606
677	  T	 21.5	  0.0	1.277	0.606	0.606
678	  V	 24.5	  0.0	1.277	0.606	0.606
679	  V	 11.6	  0.0	1.277	0.606	0.606
680	  E	  7.6	  0.0	1.277	0.257	0.257
681	  L	  4.6	  0.3	1.277	0.257	0.257
682	  K	  1.3	  1.8	1.277	0.257	0.257
683	  G	  0.1	  2.0	0.361	0.000	0.000
684	  D	  0.1	  2.0	0.108	0.000	0.000
685	  D	  0.4	  1.7	0.000	0.000	0.000
686	  Y	  2.4	  0.3	0.000	0.000	0.000
687	  V	  3.7	  0.1	0.000	0.000	0.000
688	  E	  3.4	  0.2	0.000	0.000	0.000
689	  S	  1.4	  0.2	0.000	0.000	0.000
690	  D	  0.3	  0.2	0.000	0.000	0.000
691	  W	  1.1	  0.2	0.000	68.686	68.686
692	  V	  5.1	  0.0	0.000	83.648	83.648
693	  S	  5.9	  0.0	0.000	84.356	84.356
694	  F	  6.0	  0.0	0.000	85.500	85.500
695	  F	  2.8	  0.0	0.000	85.500	85.500
696	  I	  5.1	  0.0	0.000	81.249	81.249
697	  T	  4.5	  0.1	0.000	21.024	21.024
698	  T	  3.8	  0.1	0.000	5.171	5.171
699	  D	  0.5	  0.7	0.000	0.000	0.000
700	  E	  0.0	  0.9	0.000	0.000	0.000
701	  K	  0.0	  1.3	0.000	0.000	0.000
702	  G	  0.0	  1.3	0.000	0.000	0.000
703	  D	  1.4	  0.7	0.266	0.000	0.000
704	  I	  5.7	  0.5	0.266	0.000	0.000
705	  I	  8.1	  0.1	0.266	0.000	0.000
706	  T	  6.8	  1.1	0.266	0.000	0.000
707	  G	  2.6	  1.2	0.266	0.000	0.000
708	  S	  0.8	  1.2	0.266	0.000	0.000
709	  T	  1.6	  1.1	0.000	0.000	0.000
710	  T	  6.7	  0.2	0.000	0.000	0.000
711	  I	  7.0	  2.6	0.000	0.000	0.000
712	  N	  6.0	  2.7	0.000	0.000	0.000
713	  G	  1.0	  2.7	0.000	0.000	0.000
714	  T	  0.2	  2.8	0.000	0.000	0.000
715	  R	  0.4	  0.4	0.000	0.000	0.000
716	  D	  0.4	  0.3	0.000	0.000	0.000
717	  Y	  1.1	  0.4	0.000	0.000	0.000
718	  L	  1.1	  0.1	0.000	0.000	0.000
719	  D	  1.1	  5.3	0.000	0.000	0.000
720	  A	  0.2	  5.3	0.000	0.000	0.000
721	  D	  0.0	  5.2	0.000	0.000	0.000
722	  A	  0.0	  5.4	0.000	0.000	0.000
723	  P	  0.0	  0.3	0.000	0.000	0.000
724	  H	  0.2	  0.4	0.000	0.000	0.000
725	  N	  0.2	  0.5	0.000	0.000	0.000
726	  S	  0.5	  0.2	0.000	0.000	0.000
727	  L	  0.3	  0.2	0.000	0.000	0.000
728	  A	  0.3	  0.1	0.000	0.000	0.000
729	  P	  0.0	  0.0	0.000	0.000	0.000
730	  A	  0.0	  0.0	0.000	0.000	0.000
731	  P	  0.0	  0.0	0.000	0.000	0.000
732	  S	  0.0	  0.0	0.000	0.000	0.000
733	  P	  0.0	  0.0	0.000	0.000	0.000
734	  V	  4.3	  0.0	0.000	0.000	0.000
735	  T	  6.8	  0.0	0.000	0.000	0.000
736	  H	  9.7	  0.0	0.000	0.000	0.000
737	  T	  9.6	  0.1	0.000	0.000	0.000
738	  I	  9.4	  0.1	0.000	0.000	0.000
739	  D	  6.4	  0.2	0.000	0.000	0.000
740	  L	  2.5	  1.8	0.000	0.000	0.000
741	  G	  0.0	  3.0	0.000	0.000	0.000
742	  N	  0.0	  3.0	0.094	0.000	0.000
743	  G	  0.1	  2.8	0.094	0.000	0.000
744	  V	  1.7	  1.3	0.094	0.000	0.000
745	  T	  2.2	  0.1	0.094	0.000	0.000
746	  N	  4.3	  0.1	0.094	0.000	0.000
747	  Y	 10.0	  0.1	0.094	0.000	0.000
748	  E	  9.9	  0.0	0.000	0.000	0.000
749	  V	 11.6	  0.0	0.000	0.000	0.000
750	  V	  7.9	  0.0	0.000	0.000	0.000
751	  S	 12.8	  0.0	0.000	0.000	0.000
752	  Y	  9.6	  0.1	0.000	0.000	0.000
753	  R	  6.4	  0.0	0.000	0.000	0.000
754	  T	  2.2	  0.1	0.000	0.000	0.000
755	  T	  2.3	  0.1	0.000	0.000	0.000
756	  T	  2.1	  0.1	0.000	0.000	0.000
757	  N	  0.6	  0.5	0.000	0.000	0.000
758	  E	  0.2	  0.5	0.000	0.000	0.000
759	  Y	  0.2	  2.5	0.000	0.000	0.000
760	  G	  0.1	  2.5	0.000	0.000	0.000
761	  G	  0.1	  2.1	0.000	1.024	1.024
762	  Y	  0.6	  2.1	0.000	6.292	6.292
763	  I	 17.6	  0.0	0.000	6.559	6.559
764	  T	 25.8	  0.0	0.000	6.559	6.559
765	  V	 25.7	  0.0	0.000	6.559	6.559
766	  T	  9.9	  0.1	0.000	5.920	5.920
767	  E	  0.6	  0.1	0.000	1.213	1.213
768	  T	  8.5	  0.1	0.000	1.213	1.213
769	  V	 15.8	  0.0	0.000	1.213	1.213
770	  T	 27.7	  0.0	0.000	1.213	1.213
771	  F	 21.7	  0.0	0.000	1.213	1.213
772	  K	 14.3	  0.0	0.000	1.213	1.213
773	  A	  2.6	  0.0	0.000	0.000	0.000
774	  P	  0.0	  0.0	0.000	0.000	0.000
775	  P	  0.0	  0.0	0.000	0.349	0.349
776	  V	 17.1	  0.0	0.000	0.606	0.606
777	  T	 21.5	  0.0	1.277	0.606	0.606
778	  V	 24.5	  0.0	1.277	0.606	0.606
779	  V	 11.6	  0.0	1.277	0.606	0.606
780	  E	  7.6	  0.0	1.277	0.257	0.257
781	  L	  4.6	  0.3	1.277	0.257	0.257
782	  K	  1.3	  1.8	1.277	0.257	0.257
783	  G	  0.1	  2.0	0.361	0.000	0.000
784	  D	  0.1	  2.0	0.108	0.000	0.000
785	  D	  0.4	  1.7	0.000	0.000	0.000
786	  Y	  2.4	  0.3	0.000	0.000	0.000
787	  V	  3.7	  0.1	0.000	0.000	0.000
788	  E	  3.4	  0.2	0.000	0.000	0.000
789	  S	  1.4	  0.2	0.000	0.000	0.000
790	  D	  0.3	  0.2	0.000	0.000	0.000
791	  W	  1.1	  0.2	0.000	68.686	68.686
792	  V	  5.1	  0.0	0.000	83.648	83.648
793	  S	  5.9	  0.0	0.000	84.356	84.356
794	  F	  6.0	  0.0	0.000	85.500	85.500
795	  F	  2.8	  0.0	0.000	85.500	85.500
796	  I	  5.1	  0.0	0.000	81.249	81.249
797	  T	  4.5	  0.1	0.000	21.024	21.024
798	  T	  3.8	  0.1	0.000	5.171	5.171
799	  D	  0.5	  0.7	0.000	0.000	0.000
800	  E	  0.0	  0.9	0.000	0.000	0.000
801	  K	  0.0	  1.3	0.000	0.000	0.000
802	  G	  0.0	  1.3	0.000	0.000	0.000
803	  D	  1.4	  0.7	0.266	0.000	0.000
804	  I	  5.7	  0.5	0.266	0.000	0.000
805	  I	  8.1	  0.1	0.266	0.000	0.000
806	  T	  6.8	  1.1	0.266	0.000	0.000
807	  G	  2.6	  1.2	0.266	0.000	0.000
808	  S	  0.8	  1.2	0.266	0.000	0.000
809	  T	  1.6	  1.1	0.000	0.000	0.000
810	  T	  6.7	  0.2	0.000	0.000	0.000
811	  I	  7.0	  2.6	0.000	0.000	0.000
812	  N	  6.0	  2.7	0.000	0.000	0.000
813	  G	  1.0	  2.7	0.000	0.000	0.000
814	  T	  0.2	  2.8	0.000	0.000	0.000
815	  R	  0.4	  0.4	0.000	0.000	0.000
816	  D	  0.4	  0.3	0.000	0.000	0.000
817	  Y	  1.1	  0.4	0.000	0.000	0.000
818	  L	  1.1	  0.1	0.000	0.000	0.000
819	  D	  1.1	  5.3	0.000	0.000	0.000
820	  A	  0.2	  5.3	0.000	0.000	0.000
821	  D	  0.0	  5.2	0.000	0.000	0.000
822	  A	  0.0	  5.4	0.000	0.000	0.000
823	  P	  0.0	  0.3	0.000	0.000	0.000
824	  H	  0.2	  0.4	0.000	0.000	0.000
825	  N	  0.2	  0.5	0.000	0.000	0.000
826	  S	  0.5	  0.2	0.000	0.000	0.000
827	  L	  0.3	  0.2	0.000	0.000	0.000
828	  A	  0.3	  0.1	0.000	0.000	0.000
829	  P	  0.0	  0.0	0.000	0.000	0.000
830	  P	  0.0	  0.0	0.000	0.000	0.000
831	  P	  0.0	  0.0	0.000	0.000	0.000
832	  S	  0.0	  0.0	0.248	0.000	0.000
833	  P	  0.0	  0.0	0.248	0.000	0.000
834	  V	  1.8	  0.0	0.248	6.114	6.114
835	  T	  2.0	  0.0	0.248	6.579	6.579
836	  N	  2.3	  0.0	0.248	6.579	6.579
837	  L	  1.8	  0.0	0.248	6.579	6.579
838	  I	  2.4	  0.0	0.000	6.579	6.579
839	  I	  8.6	  0.0	0.000	6.090	6.090
840	  D	  9.4	  0.0	0.000	0.000	0.000
841	  V	 11.6	  0.0	0.000	0.000	0.000
842	  Y	  6.1	  0.5	0.000	0.000	0.000
843	  E	  3.8	  0.5	0.000	0.000	0.000
844	  N	  2.6	  0.5	0.000	0.000	0.000
845	  V	  2.4	  0.5	0.000	0.000	0.000
846	  T	  2.6	  0.0	0.392	0.000	0.000
847	  E	  1.5	  0.0	0.392	0.000	0.000
848	  Y	  8.3	  0.0	0.392	0.132	0.132
849	  E	  8.6	  0.0	0.392	0.132	0.132
850	  V	 11.8	  0.0	0.392	75.630	75.630
851	  V	  7.9	  0.0	0.392	81.428	81.428
852	  S	  8.3	  0.0	3.050	81.428	81.428
853	  Y	  5.4	  0.0	2.920	81.428	81.428
854	  Y	  2.9	  0.0	2.758	81.428	81.428
855	  I	  3.4	  0.0	2.761	75.388	75.388
856	  K	  2.5	  0.3	2.761	0.132	0.132
857	  A	  1.4	  0.3	2.761	0.061	0.061
858	  N	  0.2	  0.7	2.615	0.000	0.000
859	  A	  0.3	  0.9	1.181	0.000	0.000
860	  Y	  0.4	  0.8	0.944	0.000	0.000
861	  G	  0.2	  0.8	0.226	0.000	0.000
862	  Q	  1.2	  0.4	0.096	0.000	0.000
863	  Y	  1.5	  0.3	0.000	1.339	1.339
864	  L	  3.7	  0.1	0.000	1.339	1.339
865	  T	  5.1	  0.1	0.000	1.339	1.339
866	  L	  4.7	  0.1	0.000	1.339	1.339
867	  T	  2.6	  0.1	0.000	1.339	1.339
868	  E	  0.1	  0.1	0.000	0.230	0.230
869	  T	  9.5	  0.1	0.000	0.230	0.230
870	  I	 22.8	  0.0	0.000	0.230	0.230
871	  T	 33.8	  0.0	0.000	0.230	0.230
872	  F	 27.0	  0.0	0.000	0.230	0.230
873	  K	 13.8	  0.0	0.000	0.230	0.230
874	  A	  2.4	  0.0	0.000	0.000	0.000
875	  P	  0.0	  0.2	0.000	0.000	0.000
876	  P	  0.0	  0.2	0.000	0.000	0.000
877	  T	  1.4	  0.2	0.000	0.000	0.000
878	  T	  5.3	  0.2	0.159	0.000	0.000
879	  V	  8.2	  0.0	0.159	0.000	0.000
880	  V	 25.9	  0.0	0.159	0.000	0.000
881	  E	 32.2	  0.0	0.159	0.000	0.000
882	  V	 29.9	  0.7	0.159	0.000	0.000
883	  K	 15.2	  0.8	0.159	0.000	0.000
884	  G	  0.4	  1.0	0.070	0.000	0.000
885	  R	  0.2	  1.0	0.070	0.000	0.000
886	  D	  0.5	  0.6	0.070	0.000	0.000
887	  Y	  3.4	  0.5	0.070	4.353	4.353
888	  D	  4.9	  0.3	0.608	4.572	4.572
889	  I	 12.5	  0.3	0.608	4.572	4.572
890	  R	 12.3	  0.0	0.608	4.572	4.572
891	  I	 11.8	  0.0	0.608	86.420	86.420
892	  Y	  5.3	  0.0	0.608	93.535	93.535
893	  V	  5.6	  0.0	0.538	96.958	96.958
894	  S	  5.2	  0.0	0.538	97.219	97.219
895	  Y	  4.7	  0.0	0.200	99.269	99.269
896	  F	  2.3	  0.0	0.086	99.524	99.524
897	  I	 18.2	  0.0	0.000	99.150	99.150
898	  T	 20.6	  0.0	0.000	94.606	94.606
899	  V	 20.6	  0.1	0.000	91.859	91.859
900	  A	  4.3	  0.3	0.000	57.545	57.545
901	  N	  0.6	  1.0	0.000	28.211	28.211
902	  N	  0.0	  1.0	0.000	27.025	27.025
903	  G	  0.0	  0.9	0.000	26.995	26.995
904	  V	  2.9	  0.7	0.000	26.992	26.992
905	  L	  3.3	  0.0	0.000	26.940	26.940
906	  I	  4.0	  0.0	0.000	26.658	26.658
907	  T	  1.3	  0.1	0.000	10.031	10.031
908	  E	  1.0	  0.1	0.000	0.000	0.000
909	  S	  1.0	  0.2	0.000	0.000	0.000
910	  T	  1.5	  0.2	0.000	0.000	0.000
911	  T	  6.0	  0.1	0.111	0.000	0.000
912	  L	  5.4	  0.1	0.111	0.000	0.000
913	  S	  4.8	  0.0	0.111	0.000	0.000
914	  E	 13.4	  0.0	0.111	0.000	0.000
915	  V	 14.6	  0.1	0.111	0.000	0.000
916	  K	 14.8	  0.1	0.111	0.000	0.000
917	  E	  1.7	  0.1	0.000	0.000	0.000
918	  C	  0.5	  0.3	0.000	0.000	0.000
919	  L	  0.3	  0.3	0.000	0.000	0.000
920	  G	  0.3	  0.6	0.120	0.000	0.000
921	  A	  0.0	  0.9	0.120	0.000	0.000
922	  E	  0.0	  0.8	0.120	0.000	0.000
923	  G	  0.1	  0.7	0.560	0.000	0.000
924	  I	  0.7	  0.4	0.560	0.000	0.000
925	  S	  0.8	  0.2	0.702	0.000	0.000
926	  K	  1.5	  0.1	0.702	0.000	0.000
927	  L	  1.1	  0.3	0.702	0.000	0.000
928	  K	  1.3	  0.2	0.702	0.000	0.000
929	  S	 19.5	  0.4	0.374	0.000	0.000
930	  Y	 24.2	  0.4	0.229	0.000	0.000
931	  S	 30.8	  0.5	0.000	0.000	0.000
932	  Y	 15.2	  0.5	0.000	0.000	0.000
933	  N	  9.5	  0.3	0.000	0.000	0.000
934	  W	  2.4	  0.3	0.000	0.000	0.000
935	  A	  0.2	  0.1	0.000	0.000	0.000
936	  P	  0.1	  0.2	0.000	0.000	0.000
937	  K	  0.1	  0.2	0.000	0.000	0.000
938	  Q	  0.7	  0.2	0.000	0.000	0.000
939	  L	  3.1	  0.1	0.000	0.000	0.000
940	  H	  3.2	  0.0	0.000	0.000	0.000
941	  F	  2.6	  0.8	0.000	0.000	0.000
942	  P	  0.3	  0.8	0.000	0.000	0.000
943	  N	  0.1	  0.8	0.000	0.000	0.000
944	  S	  0.5	  0.8	0.000	0.000	0.000
945	  T	 13.4	  0.1	0.000	0.000	0.000
946	  I	 13.8	  0.1	0.000	0.000	0.000
947	  S	 14.1	  0.8	0.000	0.000	0.000
948	  S	  2.1	  1.3	0.000	0.000	0.000
949	  S	  1.6	  1.3	0.000	0.000	0.000
950	  S	  3.5	  1.6	0.000	0.000	0.000
951	  I	  3.5	  0.9	0.000	0.000	0.000
952	  D	  3.6	  0.5	0.119	0.000	0.000
953	  S	  8.4	  0.5	0.119	0.000	0.000
954	  C	  8.5	  0.2	0.119	0.000	0.000
955	  T	  8.3	  0.2	0.119	0.000	0.000
956	  N	  1.0	  0.2	0.341	0.000	0.000
957	  E	  0.7	  0.3	0.341	0.000	0.000
958	  C	  1.0	  0.2	0.222	0.000	0.000
959	  D	  1.0	  0.2	0.374	0.000	0.000
960	  K	  1.0	  0.3	0.374	0.000	0.000
961	  M	  0.7	  0.3	0.374	0.000	0.000
962	  D	  0.7	  3.5	0.267	0.000	0.000
963	  E	  0.1	  3.5	0.267	0.000	0.000
964	  N	  0.1	  4.5	0.405	0.000	0.000
965	  S	  0.2	  4.5	0.413	0.000	0.000
966	  S	  0.5	  1.3	0.413	0.000	0.000
967	  K	  4.1	  1.2	0.413	0.000	0.000
968	  V	  6.5	  0.1	0.298	0.000	0.000
969	  K	  6.2	  0.0	0.298	0.000	0.000
970	  N	  2.5	  7.8	0.161	0.000	0.000
971	  P	  0.0	  7.8	0.000	0.000	0.000
972	  N	  0.0	  7.8	0.208	0.000	0.000
973	  A	  0.3	  7.9	0.208	0.000	0.000
974	  K	  0.4	  0.2	0.208	0.000	0.000
975	  L	  0.4	  0.3	0.208	0.000	0.000
976	  G	  0.1	  0.3	0.208	0.000	0.000
977	  H	  0.9	  0.4	0.208	0.000	0.000
978	  M	  0.9	  0.6	0.000	0.000	0.000
979	  S	  0.9	  0.5	0.000	0.000	0.000
980	  D	  0.1	  0.6	0.000	0.000	0.000
981	  A	  0.2	  0.4	0.000	0.000	0.000
982	  L	  1.8	  0.2	0.000	0.000	0.000
983	  S	  4.6	  0.1	0.000	0.000	0.000
984	  I	  8.4	  0.0	0.000	0.000	0.000
985	  T	  7.3	  0.0	0.000	0.000	0.000
986	  Q	  4.7	  0.0	0.000	0.000	0.000
987	  E	  2.4	  0.0	0.000	0.000	0.000
988	  V	  2.9	  0.0	0.000	0.000	0.000
989	  Y	  2.7	  1.2	0.000	0.000	0.000
990	  G	  1.0	  1.2	0.000	0.000	0.000
991	  E	  0.2	  1.2	0.000	0.000	0.000
992	  M	  0.2	  1.2	0.000	0.000	0.000
993	  L	  0.2	  0.6	0.000	0.000	0.000
994	  P	  0.1	  0.7	0.000	0.000	0.000
995	  N	  0.1	  1.8	0.000	0.000	0.000
996	  S	  0.3	  1.9	0.000	0.000	0.000
997	  S	  1.2	  1.3	0.000	0.000	0.000
998	  H	  5.7	  1.2	0.000	0.000	0.000
999	  I	  8.0	  0.1	0.000	0.000	0.000
1000	  S	  8.6	  0.0	0.000	0.000	0.000
1001	  I	  4.7	  0.1	0.000	0.000	0.000
1002	  E	  2.4	  0.1	0.000	0.000	0.000
1003	  T	  1.6	  0.1	0.000	0.000	0.000
1004	  F	  1.2	  0.4	0.000	0.000	0.000
1005	  P	  0.8	  0.3	0.000	0.000	0.000
1006	  T	  0.5	  0.4	0.000	0.000	0.000
1007	  S	  0.8	  0.4	0.000	0.000	0.000
1008	  L	  1.3	  0.1	0.000	0.000	0.000
1009	  I	  1.4	  0.1	0.000	0.000	0.000
1010	  S	  1.7	  0.1	0.000	0.000	0.000
1011	  S	  1.3	  0.1	0.000	0.000	0.000
1012	  R	  0.7	  0.6	0.000	0.000	0.000
1013	  P	  0.1	  0.6	0.000	0.000	0.000
1014	  N	  1.3	  0.6	0.000	0.000	0.000
1015	  T	  1.6	  0.8	0.000	0.000	0.000
1016	  I	  1.7	  0.5	0.000	0.000	0.000
1017	  G	  0.4	  1.1	0.000	0.000	0.000
1018	  E	  0.0	  1.2	0.000	0.000	0.000
1019	  S	  0.0	  1.5	0.000	0.000	0.000
1020	  G	  0.0	  1.4	0.000	0.000	0.000
1021	  A	  0.2	  0.9	0.000	0.000	0.000
1022	  S	  1.0	  1.8	0.000	0.000	0.000
1023	  S	  1.1	  3.1	0.000	0.000	0.000
1024	  S	  0.9	  2.9	0.000	0.000	0.000
1025	  N	  0.4	  2.8	0.000	0.000	0.000
1026	  L	  1.7	  1.7	0.000	0.000	0.000
1027	  I	  3.2	  0.0	0.000	0.000	0.000
1028	  M	  2.9	  0.3	0.000	0.000	0.000
1029	  S	  1.6	  0.3	0.087	0.000	0.000
1030	  D	  0.1	  0.4	0.087	0.000	0.000
1031	  K	  0.5	  0.4	0.087	0.000	0.000
1032	  L	  0.9	  0.1	0.087	0.000	0.000
1033	  I	  1.4	  0.1	0.087	0.000	0.000
1034	  D	  1.0	  0.1	0.631	0.000	0.000
1035	  S	  3.8	  0.1	0.544	0.000	0.000
1036	  V	 20.7	  0.0	0.544	0.000	0.000
1037	  T	 25.0	  0.0	1.424	0.000	0.000
1038	  V	 22.3	  0.0	1.424	0.000	0.000
1039	  N	  5.2	  0.0	1.846	0.000	0.000
1040	  E	  0.6	  0.0	1.426	0.000	0.000
1041	  I	  1.7	  0.0	1.426	0.000	0.000
1042	  F	  3.1	  0.0	1.426	0.000	0.000
1043	  R	  2.8	  0.1	0.677	0.000	0.000
1044	  H	  1.6	  0.2	0.565	0.000	0.000
1045	  S	  0.6	  0.2	0.083	0.000	0.000
1046	  T	 13.3	  0.1	0.000	0.000	0.000
1047	  I	 13.7	  0.2	0.000	0.000	0.000
1048	  S	 13.6	  0.2	0.000	0.000	0.000
1049	  S	  1.4	  0.6	0.000	0.000	0.000
1050	  T	  1.3	  0.6	0.000	0.000	0.000
1051	  N	  1.9	  0.9	0.000	0.000	0.000
1052	  F	  2.6	  0.8	0.000	0.000	0.000
1053	  N	  2.3	  0.5	0.000	0.000	0.000
1054	  S	  2.1	  0.5	0.000	0.000	0.000
1055	  T	  2.5	  0.2	0.000	0.000	0.000
1056	  T	  4.0	  0.2	0.000	0.000	0.000
1057	  T	  4.5	  0.1	0.000	0.000	0.000
1058	  T	  3.0	  0.3	0.000	0.000	0.000
1059	  R	  1.4	  0.3	0.000	0.000	0.000
1060	  D	  0.3	  0.4	0.000	0.000	0.000
1061	  S	  0.2	  0.4	0.119	0.181	0.181
1062	  L	  0.2	  0.4	0.119	0.439	0.439
1063	  A	  0.3	  0.3	0.119	0.439	0.439
1064	  N	  0.5	  0.2	0.651	0.439	0.439
1065	  V	  3.7	  0.2	0.651	1.009	1.009
1066	  A	  3.7	  0.0	0.651	1.009	1.009
1067	  I	  6.0	  0.0	0.533	1.009	1.009
1068	  E	  2.8	  0.0	0.533	0.569	0.569
1069	  L	  3.1	  0.0	0.533	0.569	0.569
1070	  I	  1.1	  0.0	0.533	0.569	0.569
1071	  S	  1.2	  0.1	0.533	0.569	0.569
1072	  K	  1.6	  0.1	0.281	0.569	0.569
1073	  L	  1.1	  0.1	0.105	0.569	0.569
1074	  S	  0.9	  0.5	0.000	0.000	0.000
1075	  P	  0.1	  0.4	0.000	0.000	0.000
1076	  H	  0.4	  0.8	0.000	0.000	0.000
1077	  K	  0.4	  1.3	0.000	0.000	0.000
1078	  S	  0.5	  0.9	0.000	0.000	0.000
1079	  D	  0.2	  0.9	0.000	0.000	0.000
1080	  A	  0.2	  0.6	0.000	0.000	0.000
1081	  F	  0.2	  0.0	0.000	0.000	0.000
1082	  P	  0.0	  0.0	0.000	0.000	0.000
1083	  A	  0.3	  0.0	0.000	0.000	0.000
1084	  T	  0.4	  0.0	0.000	0.000	0.000
1085	  T	  0.4	  0.8	0.000	0.000	0.000
1086	  P	  0.2	  1.3	0.000	0.000	0.000
1087	  G	  0.0	  1.4	0.000	0.000	0.000
1088	  N	  0.0	  1.4	0.392	0.000	0.000
1089	  E	  3.6	  0.6	0.392	0.000	0.000
1090	  I	  4.7	  0.1	0.392	0.000	0.000
1091	  N	  4.6	  2.2	0.683	0.000	0.000
1092	  S	  1.2	  2.4	0.683	0.000	0.000
1093	  N	  0.1	  2.5	0.683	0.000	0.000
1094	  S	  1.3	  2.4	0.291	0.000	0.000
1095	  L	  1.4	  0.3	0.291	0.000	0.000
1096	  Q	  1.3	  0.4	0.291	0.000	0.000
1097	  P	  0.1	  0.4	0.000	0.000	0.000
1098	  S	  0.2	  2.2	0.000	0.000	0.000
1099	  R	  0.3	  2.5	0.000	0.000	0.000
1100	  D	  0.3	  3.2	0.000	0.000	0.000
1101	  D	  0.1	  4.7	0.000	0.000	0.000
1102	  S	  0.9	  3.5	0.000	0.000	0.000
1103	  S	  1.0	  3.2	0.000	0.000	0.000
1104	  S	  1.1	  2.2	0.000	0.000	0.000
1105	  I	  0.3	  3.1	0.000	0.000	0.000
1106	  G	  0.2	  2.4	0.000	0.000	0.000
1107	  N	  0.0	  2.5	0.000	0.000	0.000
1108	  S	  0.2	  2.5	0.000	0.000	0.000
1109	  L	  0.7	  0.1	0.000	0.000	0.000
1110	  M	  0.9	  0.1	0.000	0.000	0.000
1111	  H	  0.8	  0.2	0.000	0.000	0.000
1112	  S	  0.5	  1.2	0.706	0.000	0.000
1113	  R	  0.4	  1.2	0.706	0.000	0.000
1114	  D	  1.0	  1.2	0.870	0.000	0.000
1115	  T	  4.8	  1.1	0.974	0.833	0.833
1116	  I	  6.0	  0.1	0.974	0.833	0.833
1117	  Q	  6.4	  0.0	0.974	0.833	0.833
1118	  L	  2.8	  0.1	0.704	0.833	0.833
1119	  Y	  2.6	  0.1	0.704	0.833	0.833
1120	  N	  1.6	  2.1	0.224	0.000	0.000
1121	  S	  1.2	  2.1	0.000	0.000	0.000
1122	  N	  0.1	  2.9	0.000	0.000	0.000
1123	  Q	  0.2	  2.9	0.000	0.000	0.000
1124	  S	  0.5	  1.0	0.000	0.000	0.000
1125	  S	  0.4	  0.9	0.000	0.000	0.000
1126	  K	  0.4	  0.3	0.000	0.000	0.000
1127	  P	  0.1	  0.2	0.000	0.000	0.000
1128	  E	  0.2	  0.2	0.000	0.000	0.000
1129	  L	  0.5	  0.2	0.000	0.000	0.000
1130	  Y	  1.3	  0.2	0.000	0.000	0.000
1131	  A	  1.1	  0.2	0.000	0.000	0.000
1132	  S	  0.8	  0.3	0.000	0.000	0.000
1133	  E	  0.1	  0.3	0.000	0.000	0.000
1134	  T	  2.8	  0.2	0.000	0.000	0.000
1135	  L	  3.1	  0.2	0.000	0.000	0.000
1136	  T	  4.4	  0.0	0.000	0.000	0.000
1137	  T	  3.5	  0.1	0.000	0.000	0.000
1138	  H	  3.3	  0.1	0.000	0.000	0.000
1139	  S	  2.0	  0.0	0.000	0.000	0.000
1140	  E	  0.1	  0.0	0.000	0.000	0.000
1141	  P	  0.0	  0.1	0.000	0.000	0.000
1142	  A	  0.2	  0.2	0.000	0.000	0.000
1143	  T	  0.2	  0.4	0.000	0.000	0.000
1144	  S	  0.3	  0.4	0.000	0.000	0.000
1145	  G	  0.1	  0.3	0.000	0.000	0.000
1146	  L	  0.5	  0.2	0.000	0.000	0.000
1147	  I	  2.0	  0.0	0.000	0.000	0.000
1148	  S	  2.9	  0.0	0.000	0.000	0.000
1149	  A	  2.5	  0.0	0.000	0.000	0.000
1150	  E	  0.9	  0.0	0.000	0.000	0.000
1151	  P	  0.0	  0.2	0.000	0.000	0.000
1152	  P	  0.0	  0.3	0.000	0.000	0.000
1153	  R	  0.2	  0.4	0.000	0.000	0.000
1154	  S	  0.3	  0.4	0.000	0.689	0.689
1155	  S	  0.9	  0.2	0.000	0.689	0.689
1156	  I	  2.8	  0.1	0.000	0.689	0.689
1157	  I	  4.5	  0.0	0.000	0.689	0.689
1158	  F	  4.3	  0.0	0.000	0.689	0.689
1159	  S	  2.3	  2.0	0.962	0.000	0.000
1160	  P	  0.4	  2.0	0.962	0.000	0.000
1161	  S	  0.4	  2.0	1.112	0.000	0.000
1162	  T	  5.4	  2.1	1.212	0.144	0.144
1163	  I	  9.2	  0.1	1.212	0.144	0.144
1164	  N	  9.2	  0.1	2.574	0.144	0.144
1165	  L	  4.9	  0.1	2.323	0.144	0.144
1166	  Y	  2.4	  0.1	2.218	0.144	0.144
1167	  S	  2.0	  0.1	1.649	0.000	0.000
1168	  R	  5.8	  0.1	1.362	0.000	0.000
1169	  F	  5.7	  0.1	1.362	0.000	0.000
1170	  N	  5.6	  0.1	1.084	0.000	0.000
1171	  S	  1.5	  0.2	0.366	0.000	0.000
1172	  T	  0.4	  0.2	0.124	0.816	0.816
1173	  L	  0.2	  0.2	0.124	2.095	2.095
1174	  G	  0.1	  0.1	0.124	2.095	2.095
1175	  T	  3.4	  0.0	0.289	2.095	2.095
1176	  V	  7.6	  0.0	0.289	2.095	2.095
1177	  I	  8.1	  0.1	0.289	1.956	1.956
1178	  S	  5.0	  0.1	0.289	0.145	0.145
1179	  K	  1.4	  0.1	0.289	0.000	0.000
1180	  Y	  1.4	  0.2	0.164	0.000	0.000
1181	  S	  1.3	  0.1	0.000	0.000	0.000
1182	  T	  6.1	  0.1	0.000	0.000	0.000
1183	  M	  7.6	  0.1	0.000	0.000	0.000
1184	  S	 24.0	  0.0	0.000	0.000	0.000
1185	  V	 19.0	  0.0	0.000	0.000	0.000
1186	  S	 16.9	  0.0	0.000	0.000	0.000
1187	  P	  0.0	  0.1	0.000	0.000	0.000
1188	  P	  0.0	  0.2	0.000	0.000	0.000
1189	  M	  0.3	  0.2	0.000	0.000	0.000
1190	  N	  0.3	  0.9	0.000	0.000	0.000
1191	  A	  0.8	  0.8	0.000	0.000	0.000
1192	  S	 21.1	  0.8	0.000	0.000	0.000
1193	  Y	 22.7	  0.9	0.000	0.000	0.000
1194	  S	 22.4	  0.3	0.000	0.000	0.000
1195	  K	  2.6	  0.3	0.000	0.000	0.000
1196	  Q	  1.9	  0.1	0.000	0.000	0.000
1197	  F	  2.3	  0.1	0.000	0.000	0.000
1198	  N	  2.2	  0.1	0.000	0.000	0.000
1199	  K	  1.4	  0.1	0.000	0.000	0.000
1200	  T	  3.1	  0.1	0.000	0.196	0.196
1201	  I	  3.6	  0.1	0.000	0.522	0.522
1202	  C	  4.9	  0.0	0.000	0.522	0.522
1203	  S	  3.5	  0.0	0.000	0.522	0.522
1204	  V	  6.1	  0.0	0.000	0.522	0.522
1205	  Y	  4.2	  0.0	0.000	0.522	0.522
1206	  Y	  3.3	  0.9	0.000	0.000	0.000
1207	  P	  0.2	  1.0	0.000	0.000	0.000
1208	  D	  0.1	  1.0	0.000	0.000	0.000
1209	  S	  0.4	  1.0	0.000	0.000	0.000
1210	  Q	  0.9	  0.2	0.000	0.000	0.000
1211	  I	  1.8	  0.1	0.000	0.000	0.000
1212	  I	  2.5	  1.1	0.000	0.000	0.000
1213	  N	  1.9	  1.3	0.000	0.000	0.000
1214	  G	  1.1	  1.3	0.000	0.000	0.000
1215	  C	  0.9	  2.2	0.000	0.000	0.000
1216	  A	  0.9	  1.4	0.000	0.000	0.000
1217	  S	  0.8	  1.2	0.000	0.000	0.000
1218	  G	  0.2	  1.2	0.000	0.808	0.808
1219	  I	  1.0	  0.2	0.000	10.397	10.397
1220	  I	  5.3	  0.1	0.000	10.397	10.397
1221	  N	  6.6	  0.1	0.162	10.397	10.397
1222	  Y	  7.1	  0.1	0.162	10.408	10.408
1223	  W	  6.7	  0.0	0.162	10.408	10.408
1224	  Q	  5.5	  0.0	0.162	0.609	0.609
1225	  C	  4.8	  0.0	0.162	0.236	0.236
1226	  N	  1.8	  0.0	0.162	0.070	0.070
1227	  F	  2.3	  0.0	0.162	0.071	0.071
1228	  I	  1.9	  0.0	0.162	0.071	0.071
1229	  F	  1.1	  0.0	0.162	0.001	0.001
1230	  P	  0.1	  0.0	0.990	1.120	1.120
1231	  I	  3.2	  0.0	0.990	90.671	90.671
1232	  L	  5.0	  0.0	1.100	98.458	98.458
1233	  V	  7.3	  0.0	1.100	99.809	99.809
1234	  L	  5.6	  0.1	1.100	99.920	99.920
1235	  Q	  4.7	  0.1	1.100	99.937	99.937
1236	  L	  3.0	  0.1	0.858	99.929	99.929
1237	  F	  2.6	  0.1	0.711	99.883	99.883
1238	  F	  2.5	  0.0	0.137	99.271	99.271
1239	  I	  2.0	  0.0	0.000	95.927	95.927
1240	  L	  1.0	  0.0	0.000	0.019	0.019
