res	aa	Beta	Turn	Helix	Aggregation	Conc-Stab_Aggregation
01	  M	  1.0	  0.0	0.000	0.000	0.000
02	  K	  2.0	  0.0	0.000	0.000	0.000
03	  Y	  2.7	  0.1	0.000	0.000	0.000
04	  K	  2.2	  0.1	0.000	0.000	0.000
05	  E	  2.9	  0.1	0.000	9.734	9.734
06	  V	  3.4	  0.1	0.000	9.734	9.734
07	  F	  4.0	  0.0	0.000	9.734	9.734
08	  K	  2.3	  0.0	0.000	9.734	9.734
09	  A	  1.5	  0.0	0.000	45.825	45.825
10	  F	  1.4	  0.0	0.000	87.276	87.276
11	  I	  1.9	  0.0	0.000	93.673	93.673
12	  L	  1.9	  0.0	0.000	94.104	94.104
13	  A	  1.1	  0.0	0.000	93.838	93.838
14	  L	  3.4	  0.0	0.000	92.633	92.633
15	  T	 17.0	  0.0	0.131	79.201	79.201
16	  W	 17.8	  0.1	0.131	70.396	70.396
17	  T	 15.1	  0.1	0.278	32.211	32.211
18	  N	  1.3	  0.1	0.383	9.186	9.186
19	  A	  0.4	  0.1	0.383	8.263	8.263
20	  V	  1.0	  0.0	0.383	7.481	7.481
21	  A	  1.0	  0.1	0.383	3.459	3.459
22	  K	  1.3	  0.1	0.383	0.049	0.049
23	  T	 11.4	  0.1	0.105	0.049	0.049
24	  Y	 12.1	  0.3	0.105	0.049	0.049
25	  E	 11.6	  0.2	0.000	0.049	0.049
26	  N	  1.1	  0.2	0.000	0.000	0.000
27	  Q	  0.5	  0.2	0.000	0.000	0.000
28	  E	  0.9	  0.0	0.000	0.000	0.000
29	  V	  8.4	  0.0	0.000	0.000	0.000
30	  V	 10.5	  0.0	0.000	0.000	0.000
31	  L	 10.3	  0.1	0.000	0.000	0.000
32	  D	  2.9	  0.3	0.000	0.000	0.000
33	  S	  2.2	  0.5	0.000	0.000	0.000
34	  T	  3.1	  0.9	0.000	0.000	0.000
35	  S	  3.1	  1.3	0.000	0.000	0.000
36	  S	  1.8	  1.1	0.000	0.000	0.000
37	  G	  0.5	  0.9	0.000	0.000	0.000
38	  S	  0.4	  0.9	0.000	0.000	0.000
39	  P	  0.0	  0.4	0.000	0.000	0.000
40	  T	 10.7	  0.4	0.000	0.000	0.000
41	  F	 11.3	  0.8	0.000	0.000	0.000
42	  E	 11.3	  0.5	0.000	0.000	0.000
43	  D	  0.7	  0.5	0.479	0.000	0.000
44	  D	  0.0	  0.6	1.488	0.000	0.000
45	  E	  0.0	  0.2	1.488	0.000	0.000
46	  L	  1.0	  0.1	1.488	0.218	0.218
47	  M	  3.3	  0.1	1.488	0.218	0.218
48	  V	  6.5	  0.1	1.488	0.218	0.218
49	  L	  5.7	  0.1	1.488	0.218	0.218
50	  N	  3.4	  0.1	1.403	0.218	0.218
51	  N	  0.2	  0.1	1.010	0.000	0.000
52	  A	  0.3	  0.1	0.386	0.000	0.000
53	  K	  5.4	  0.0	0.386	0.000	0.000
54	  V	 12.2	  0.0	0.272	0.000	0.000
55	  T	 14.6	  0.0	0.272	0.000	0.000
56	  L	  9.8	  0.5	0.272	0.000	0.000
57	  K	  3.2	  0.5	0.272	0.000	0.000
58	  N	  1.1	  0.7	0.000	0.000	0.000
59	  Y	  2.3	  0.9	0.000	0.000	0.000
60	  S	  2.3	  0.4	0.000	0.000	0.000
61	  S	  2.2	  0.4	0.000	0.000	0.000
62	  I	 11.2	  0.2	0.000	0.000	0.000
63	  K	 11.1	  0.0	0.000	0.000	0.000
64	  L	 10.4	  0.2	0.000	0.000	0.000
65	  P	  0.1	  0.5	0.000	0.000	0.000
66	  A	  0.1	  0.5	0.000	0.000	0.000
67	  G	  0.1	  0.5	0.000	0.000	0.000
68	  I	  3.8	  0.3	0.000	0.000	0.000
69	  S	  5.3	  0.2	0.000	0.000	0.000
70	  L	  5.4	  0.2	0.000	0.000	0.000
71	  T	  1.8	  0.4	0.000	0.000	0.000
72	  G	  0.1	  1.2	0.000	0.000	0.000
73	  G	  0.0	  1.1	0.000	0.161	0.161
74	  S	  0.2	  1.0	0.000	2.101	2.101
75	  T	  2.8	  0.9	0.000	16.368	16.368
76	  L	  6.1	  0.1	0.000	16.368	16.368
77	  T	  8.2	  0.0	0.000	16.368	16.368
78	  I	 12.3	  0.0	0.000	16.368	16.368
79	  I	  9.6	  0.0	0.000	16.212	16.212
80	  T	  7.4	  1.0	0.000	0.000	0.000
81	  P	  0.7	  1.4	0.000	0.000	0.000
82	  G	  0.0	  1.5	0.000	0.000	0.000
83	  G	  0.0	  1.6	0.100	0.000	0.000
84	  Q	  0.3	  0.5	0.100	0.000	0.000
85	  S	  3.7	  0.2	0.618	0.000	0.000
86	  V	  4.6	  0.2	0.618	0.000	0.000
87	  R	  4.3	  0.1	0.838	0.000	0.000
88	  N	  0.9	  0.1	2.856	0.000	0.000
89	  E	  0.1	  0.1	2.856	0.000	0.000
90	  L	  0.8	  0.1	2.856	0.180	0.180
91	  L	  1.2	  0.1	2.856	0.180	0.180
92	  I	  2.0	  9.1	2.856	0.180	0.180
93	  N	  1.3	  9.1	2.856	0.180	0.180
94	  G	  0.8	  9.1	1.378	0.180	0.180
95	  K	  3.5	  9.0	0.511	0.000	0.000
96	  V	  9.7	  0.0	0.000	0.000	0.000
97	  K	 10.6	  0.1	0.000	0.000	0.000
98	  I	  8.0	  0.2	0.000	0.000	0.000
99	  D	  1.8	  1.1	0.000	0.000	0.000
100	  S	  0.9	  2.2	0.000	0.000	0.000
101	  G	  0.2	  2.3	0.000	0.000	0.000
102	  S	  0.5	  2.2	0.000	0.223	0.223
103	  S	  1.1	  1.3	0.000	0.223	0.223
104	  F	  2.8	  0.2	0.000	0.223	0.223
105	  V	  5.5	  0.1	0.000	0.223	0.223
106	  Y	  5.0	  0.4	0.000	0.223	0.223
107	  D	  3.4	  0.7	0.000	0.000	0.000
108	  G	  0.3	  0.8	0.000	0.000	0.000
109	  S	  0.2	  0.7	0.331	0.000	0.000
110	  K	  2.0	  0.4	0.331	0.000	0.000
111	  L	  5.7	  0.1	0.331	0.000	0.000
112	  T	  9.0	  0.0	0.331	0.000	0.000
113	  Y	  8.0	  0.5	0.331	0.000	0.000
114	  A	  4.2	  0.5	0.331	0.000	0.000
115	  S	  0.8	  0.6	0.104	0.000	0.000
116	  G	  0.1	  2.0	0.000	0.000	0.000
117	  P	  0.0	  1.6	0.000	0.000	0.000
118	  D	  0.0	  1.6	0.820	0.000	0.000
119	  A	  0.4	  1.4	0.820	0.000	0.000
120	  V	  2.2	  0.1	0.820	0.000	0.000
121	  T	  2.6	  0.1	0.820	0.000	0.000
122	  N	  3.1	  0.4	0.820	0.000	0.000
123	  Y	  4.5	  0.4	0.820	0.000	0.000
124	  N	  4.6	  0.4	0.000	0.000	0.000
125	  F	  6.8	  0.4	0.000	0.000	0.000
126	  D	  4.6	  0.6	0.000	0.000	0.000
127	  I	  5.8	  0.6	0.000	0.000	0.000
128	  N	  2.8	  0.7	0.000	0.000	0.000
129	  T	  1.9	  0.9	0.000	0.000	0.000
130	  G	  0.0	  2.0	0.000	0.000	0.000
131	  A	  0.0	  2.3	0.000	0.000	0.000
132	  D	  0.0	  2.1	0.000	0.000	0.000
133	  G	  0.0	  1.9	0.000	0.000	0.000
134	  V	  5.8	  0.4	0.000	0.000	0.000
135	  Y	  7.2	  0.0	0.000	0.000	0.000
136	  V	  8.4	  0.1	0.000	0.000	0.000
137	  S	  2.8	  1.9	0.000	0.000	0.000
138	  S	  1.3	  2.4	0.000	0.000	0.000
139	  D	  0.2	  2.9	0.000	0.000	0.000
140	  S	  0.2	  2.8	0.000	0.000	0.000
141	  S	  0.4	  1.0	0.000	0.309	0.309
142	  M	  1.8	  0.6	0.000	0.766	0.766
143	  I	  5.5	  0.0	0.000	0.967	0.967
144	  I	 23.6	  0.0	0.000	0.967	0.967
145	  T	 22.4	  0.0	0.688	0.967	0.967
146	  L	 18.9	  0.0	0.939	0.658	0.658
147	  P	  0.2	  0.0	1.192	0.444	0.444
148	  A	  0.2	  0.0	1.192	0.000	0.000
149	  L	  0.4	  0.0	1.192	0.000	0.000
150	  L	  0.5	  0.6	1.192	0.000	0.000
151	  K	  0.3	  0.6	1.192	0.000	0.000
152	  G	  0.3	  0.6	0.810	0.000	0.000
153	  V	  1.3	  0.6	0.000	0.000	0.000
154	  A	  1.4	  0.0	0.000	0.000	0.000
155	  T	  1.7	  0.1	0.000	0.000	0.000
156	  T	  1.2	  0.1	0.000	0.000	0.000
157	  N	  1.1	  0.1	0.121	0.000	0.000
158	  T	  1.4	  0.1	0.121	0.000	0.000
159	  A	  1.4	  0.0	0.121	0.000	0.000
160	  R	  3.9	  0.0	0.121	0.000	0.000
161	  I	  9.2	  0.0	0.121	0.000	0.000
162	  H	  9.4	  0.1	0.121	0.000	0.000
163	  I	  7.1	  0.8	0.000	0.000	0.000
164	  G	  0.9	  0.9	0.000	0.000	0.000
165	  G	  0.1	  0.9	0.000	0.000	0.000
166	  T	 19.8	  0.8	0.000	0.000	0.000
167	  Y	 24.3	  0.2	0.000	0.000	0.000
168	  Q	 24.3	  0.0	0.000	0.000	0.000
169	  A	  5.9	  0.8	0.000	0.000	0.000
170	  P	  0.0	  0.9	0.000	0.000	0.000
171	  N	  0.0	  0.9	0.000	0.000	0.000
172	  N	  0.1	  0.9	0.000	0.000	0.000
173	  S	  0.1	  0.1	0.110	0.000	0.000
174	  P	  0.0	  0.0	0.110	0.000	0.000
175	  I	  1.2	  0.0	0.110	0.000	0.000
176	  Q	  2.1	  0.0	0.110	0.000	0.000
177	  I	  3.2	  0.0	0.110	0.000	0.000
178	  L	  2.1	  0.1	0.110	0.000	0.000
179	  G	  1.2	  0.2	0.110	0.000	0.000
180	  K	  0.5	  0.2	0.110	0.000	0.000
181	  L	  1.3	  0.2	0.000	0.000	0.000
182	  Q	  1.8	  0.0	0.000	0.000	0.000
183	  V	  4.1	  0.0	0.000	0.000	0.000
184	  L	  3.6	  0.2	0.000	0.000	0.000
185	  S	  3.1	  0.4	0.121	0.000	0.000
186	  T	  0.3	  0.5	0.121	0.000	0.000
187	  G	  0.1	  0.5	0.121	0.000	0.000
188	  A	  0.1	  0.4	0.121	0.000	0.000
189	  K	  0.2	  0.3	0.121	0.000	0.000
190	  S	  0.5	  0.3	0.121	0.000	0.000
191	  S	  1.0	  0.3	0.121	0.362	0.362
192	  T	  7.5	  0.2	0.000	0.695	0.695
193	  Y	  8.3	  0.1	0.000	1.247	1.247
194	  F	  9.2	  0.1	0.000	1.247	1.247
195	  T	  2.8	  0.1	0.211	1.247	1.247
196	  D	  1.6	  0.1	0.211	1.118	1.118
197	  R	  0.6	  0.1	0.211	1.118	1.118
198	  L	  0.9	  0.0	0.211	1.118	1.118
199	  W	  1.5	  0.0	0.211	1.118	1.118
200	  Y	  1.9	  0.3	0.211	1.118	1.118
201	  L	  2.4	  0.3	0.000	1.118	1.118
202	  D	  1.9	  0.3	0.000	0.000	0.000
203	  L	  1.0	  0.4	0.000	0.000	0.000
204	  G	  0.0	  1.6	0.000	0.000	0.000
205	  P	  0.0	  1.6	0.000	0.000	0.000
206	  D	  0.1	  1.6	0.000	0.000	0.000
207	  K	  1.3	  1.6	0.000	0.000	0.000
208	  I	  1.4	  0.2	0.000	0.000	0.000
209	  D	  1.3	  0.3	0.000	0.000	0.000
210	  N	  0.1	  0.4	0.000	0.000	0.000
211	  T	  0.1	  0.4	0.000	0.000	0.000
212	  G	  0.1	  0.4	0.000	0.000	0.000
213	  T	 31.1	  0.3	0.000	0.000	0.000
214	  F	 35.6	  0.2	0.000	0.000	0.000
215	  S	 35.6	  0.0	0.000	0.000	0.000
216	  M	  7.3	  0.6	0.000	0.000	0.000
217	  P	  0.1	  0.7	0.000	0.000	0.000
218	  N	  0.0	  0.7	0.000	0.000	0.000
219	  N	  0.3	  2.6	0.000	0.000	0.000
220	  M	  0.5	  2.2	0.000	0.000	0.000
221	  S	  0.5	  2.9	0.000	0.000	0.000
222	  G	  0.2	  3.0	0.000	0.000	0.000
223	  D	  0.7	  2.1	0.000	0.000	0.000
224	  I	  3.5	  1.9	0.000	0.000	0.000
225	  D	  4.5	  1.1	0.310	0.000	0.000
226	  C	  5.9	  1.2	0.416	0.000	0.000
227	  E	  3.3	  0.1	0.416	0.000	0.000
228	  C	  3.1	  0.1	0.724	6.131	6.131
229	  L	  1.5	  0.1	0.724	25.904	25.904
230	  I	  4.8	  0.0	0.724	26.794	26.794
231	  A	  4.4	  0.0	0.724	26.794	26.794
232	  V	  4.8	  0.0	0.616	26.794	26.794
233	  Y	  1.5	  2.6	0.616	24.510	24.510
234	  G	  1.0	  2.6	0.105	3.472	3.472
235	  D	  1.2	  2.6	0.105	0.925	0.925
236	  I	  1.5	  2.6	0.105	0.925	0.925
237	  F	  1.9	  0.4	0.105	0.925	0.925
238	  K	  0.8	  0.6	0.105	0.925	0.925
239	  G	  0.4	  0.7	0.105	0.000	0.000
240	  T	  0.1	  0.8	0.000	0.000	0.000
241	  N	  0.1	  0.4	0.000	0.019	0.019
242	  N	  0.2	  0.2	0.169	0.533	0.533
243	  A	  0.9	  0.1	0.169	13.441	13.441
244	  V	  3.3	  0.0	0.169	28.672	28.672
245	  L	  3.4	  0.0	0.169	29.912	29.912
246	  H	  3.6	  0.1	0.169	30.127	30.127
247	  T	  1.4	  0.1	0.169	37.015	37.015
248	  L	  1.2	  0.1	0.169	48.451	48.451
249	  G	  0.3	  0.1	0.169	50.558	50.558
250	  Y	  1.4	  0.1	0.000	74.414	74.414
251	  T	  1.4	  0.1	0.000	81.061	81.061
252	  G	  1.3	  0.1	0.000	91.297	91.297
253	  F	  2.0	  0.1	0.000	92.102	92.102
254	  V	 13.9	  0.0	0.000	92.130	92.130
255	  V	 17.6	  0.0	0.000	91.680	91.680
256	  V	 16.2	  0.0	0.000	85.570	85.570
257	  T	  4.5	  0.0	0.000	1.401	1.401
258	  P	  0.4	  0.0	0.000	0.660	0.660
259	  I	 12.4	  0.0	0.000	0.000	0.000
260	  T	 16.2	  0.1	0.104	0.000	0.000
261	  I	 18.6	  0.1	0.104	0.000	0.000
262	  D	  6.8	  0.7	0.104	0.000	0.000
263	  L	  2.8	  0.8	0.104	0.000	0.000
264	  S	  0.4	  0.7	0.104	0.000	0.000
265	  K	  0.3	  0.8	0.104	0.000	0.000
266	  G	  0.1	  0.4	0.000	0.000	0.000
267	  P	  0.0	  0.3	0.000	0.000	0.000
268	  Y	  0.3	  0.9	0.000	0.000	0.000
269	  K	  0.4	  1.0	0.000	0.000	0.000
270	  G	  0.4	  0.8	0.000	0.000	0.000
271	  T	  0.1	  1.1	0.000	0.000	0.000
272	  S	  0.1	  0.6	0.000	0.000	0.000
273	  D	  0.5	  0.4	0.160	0.000	0.000
274	  F	  1.1	  0.4	0.160	30.297	30.297
275	  I	  1.4	  0.0	0.160	32.399	32.399
276	  Y	  2.6	  0.0	0.160	32.399	32.399
277	  N	  2.2	  0.0	0.160	32.399	32.399
278	  L	  5.9	  0.0	0.160	32.399	32.399
279	  V	  4.7	  0.0	0.160	30.236	30.236
280	  L	  4.4	  1.1	0.160	2.106	2.106
281	  P	  0.4	  1.5	0.000	1.156	1.156
282	  S	  0.0	  1.7	0.000	0.000	0.000
283	  G	  0.0	  2.6	0.000	0.000	0.000
284	  Q	  0.1	  1.7	0.000	0.000	0.000
285	  D	  0.0	  1.2	0.000	0.000	0.000
286	  G	  0.1	  1.1	0.000	0.000	0.000
287	  F	  2.0	  0.2	0.000	0.000	0.000
288	  K	  3.1	  0.3	0.000	0.000	0.000
289	  I	  3.7	  2.1	0.000	0.000	0.000
290	  D	  1.9	  2.1	0.000	0.000	0.000
291	  G	  0.7	  2.1	0.000	0.000	0.000
292	  Y	  0.7	  1.9	0.000	0.290	0.290
293	  L	  1.1	  0.0	0.000	0.290	0.290
294	  Y	  3.9	  0.0	0.000	0.290	0.290
295	  H	  7.3	  0.0	0.000	0.290	0.290
296	  Y	  7.1	  0.0	0.000	0.290	0.290
297	  D	  4.3	 10.4	0.000	0.000	0.000
298	  P	  0.2	 10.4	0.000	0.000	0.000
299	  N	  0.0	 10.4	0.000	0.000	0.000
300	  A	  0.0	 10.4	0.000	0.000	0.000
301	  P	  0.0	  0.0	0.000	0.000	0.000
302	  A	  0.1	  0.0	0.000	0.000	0.000
303	  A	  0.1	  0.0	0.000	0.000	0.000
304	  R	  0.9	  0.0	0.000	0.000	0.000
305	  T	  1.2	  0.0	0.000	30.639	30.639
306	  I	  1.4	  0.1	0.000	81.413	81.413
307	  G	  0.6	  0.1	0.555	82.193	82.193
308	  L	  0.7	  0.1	0.555	88.956	88.956
309	  L	  1.2	  0.1	0.555	88.956	88.956
310	  Y	  1.9	  0.0	0.555	88.896	88.896
311	  L	  1.7	  0.0	0.555	88.328	88.328
312	  Y	  1.8	  0.1	0.555	70.390	70.390
313	  D	  1.1	  1.2	0.137	0.000	0.000
314	  A	  0.8	  2.9	0.000	0.000	0.000
315	  G	  0.0	  3.1	0.000	0.000	0.000
316	  D	  0.1	  3.0	0.000	0.000	0.000
317	  N	  0.4	  1.9	0.125	0.000	0.000
318	  V	  3.7	  0.2	0.125	0.225	0.225
319	  A	  3.8	  0.0	0.125	0.225	0.225
320	  L	  4.0	  0.1	0.125	0.225	0.225
321	  T	  0.7	  0.2	0.125	0.225	0.225
322	  S	  0.6	  0.4	0.125	0.225	0.225
323	  G	  0.4	  0.6	0.000	0.114	0.114
324	  I	  1.2	  4.2	0.000	0.114	0.114
325	  N	  1.2	  4.1	0.000	0.000	0.000
326	  G	  1.0	  3.8	0.000	0.000	0.000
327	  I	  1.2	  3.6	0.000	0.000	0.000
328	  Q	  2.2	  0.0	0.000	0.000	0.000
329	  I	  3.0	  0.0	0.000	0.000	0.000
330	  R	  2.6	  0.0	0.000	0.000	0.000
331	  H	  2.2	  0.0	0.000	0.000	0.000
332	  T	  1.4	  0.0	0.000	0.000	0.000
333	  N	  0.7	  0.0	0.000	0.000	0.000
334	  P	  0.0	  0.0	0.000	0.000	0.000
335	  V	  1.2	  0.0	0.000	0.000	0.000
336	  K	  1.8	  0.0	0.000	0.000	0.000
337	  T	 12.3	  0.0	0.000	0.000	0.000
338	  I	 20.7	  0.0	0.000	0.000	0.000
339	  T	 22.8	  0.0	0.000	0.000	0.000
340	  M	 14.5	  0.0	0.000	0.000	0.000
341	  K	  6.8	  0.0	0.000	0.000	0.000
342	  V	  3.9	  0.0	0.000	0.000	0.000
343	  D	  2.2	  2.4	0.251	0.000	0.000
344	  P	  0.2	  2.4	0.251	0.000	0.000
345	  S	  2.7	  3.2	0.499	0.000	0.000
346	  L	  3.0	  3.2	0.499	0.000	0.000
347	  N	  3.0	  1.1	0.596	0.000	0.000
348	  A	  0.3	  1.1	0.596	0.000	0.000
349	  G	  0.1	  0.3	0.596	0.000	0.000
350	  Y	  1.3	  0.3	0.464	0.000	0.000
351	  F	  1.5	  1.6	0.098	0.000	0.000
352	  K	  1.5	  1.6	0.098	0.000	0.000
353	  G	  0.3	  1.7	0.098	0.000	0.000
354	  K	  0.9	  1.7	0.098	0.000	0.000
355	  R	 13.1	  0.1	0.000	0.000	0.000
356	  I	 13.2	  0.1	0.000	0.000	0.000
357	  D	 12.5	  0.0	0.000	0.000	0.000
358	  E	  0.3	  0.0	0.000	0.000	0.000
359	  I	  0.2	  0.0	0.000	0.000	0.000
360	  P	  0.1	  0.0	0.000	0.000	0.000
361	  Y	  4.4	  0.0	0.000	0.000	0.000
362	  R	  4.5	  0.0	0.000	0.000	0.000
363	  Y	  4.5	  0.0	0.000	0.000	0.000
364	  P	  0.1	  0.0	0.000	0.000	0.000
365	  V	  1.6	  0.1	0.000	0.000	0.000
366	  H	  2.0	  0.1	0.000	0.000	0.000
367	  N	  2.1	  0.1	0.328	0.000	0.000
368	  Y	  0.8	  0.6	0.328	0.249	0.249
369	  A	  0.5	  0.6	0.328	0.249	0.249
370	  N	  0.5	  0.6	4.167	0.249	0.249
371	  V	  1.6	  0.6	4.346	0.249	0.249
372	  L	  2.1	  0.0	4.346	0.249	0.249
373	  E	  2.0	  0.0	4.346	0.000	0.000
374	  M	  2.1	  0.0	4.346	0.000	0.000
375	  I	  2.9	  0.0	4.346	0.000	0.000
376	  L	  3.2	  0.0	4.346	0.000	0.000
377	  F	  2.2	  0.0	4.060	0.000	0.000
378	  E	  0.7	  0.0	0.803	0.000	0.000
379	  P	  0.4	  0.0	0.000	0.000	0.000
380	  I	 13.0	  0.0	0.000	5.641	5.641
381	  T	 27.9	  0.0	0.000	6.769	6.769
382	  Y	 28.9	  0.0	0.000	7.784	7.784
383	  T	 18.0	  0.0	0.000	7.784	7.784
384	  T	 10.1	  0.0	0.000	7.784	7.784
385	  I	 11.5	  0.0	0.000	7.568	7.568
386	  T	 12.2	  0.0	0.000	4.564	4.564
387	  T	  4.6	  0.1	0.000	2.237	2.237
388	  T	  2.2	  0.1	0.000	0.841	0.841
389	  N	  2.3	  0.4	0.000	0.000	0.000
390	  I	  2.0	  0.4	0.000	0.000	0.000
391	  N	  1.8	  0.4	0.223	0.000	0.000
392	  E	  2.5	  0.4	0.223	0.000	0.000
393	  Y	  3.9	  0.0	0.223	0.000	0.000
394	  T	  4.1	  0.0	1.913	0.000	0.000
395	  T	  1.9	  0.0	2.723	0.000	0.000
396	  E	  0.6	  0.0	2.936	0.000	0.000
397	  I	  1.8	  0.0	3.123	0.000	0.000
398	  I	  4.3	  0.0	3.281	0.000	0.000
399	  E	  4.1	  0.0	3.422	0.000	0.000
400	  L	  3.1	  0.0	3.553	3.948	3.948
401	  I	  1.6	  0.0	3.453	3.948	3.948
402	  A	  1.7	  0.0	3.453	3.948	3.948
403	  T	  3.6	  0.0	2.957	3.948	3.948
404	  A	  2.6	  0.0	2.957	3.948	3.948
405	  K	  2.5	  0.5	2.581	0.000	0.000
406	  P	  0.0	  0.7	0.000	0.000	0.000
407	  R	  0.2	  0.7	0.000	0.000	0.000
408	  G	  0.2	  0.7	0.000	0.000	0.000
409	  F	  0.2	  0.4	0.000	0.000	0.000
410	  P	  0.0	  0.1	0.000	0.000	0.000
411	  F	  0.3	  0.2	0.000	0.000	0.000
412	  N	  0.3	  2.1	0.000	0.000	0.000
413	  E	  0.4	  2.0	0.000	0.000	0.000
414	  N	  0.4	  2.0	0.000	0.000	0.000
415	  T	  1.0	  2.1	0.000	0.000	0.000
416	  Q	  1.1	  0.1	0.000	0.000	0.000
417	  T	  1.7	  0.1	0.000	2.504	2.504
418	  T	 12.2	  0.1	0.000	6.870	6.870
419	  I	 15.1	  0.0	0.000	14.244	14.244
420	  T	 15.7	  0.0	0.000	14.721	14.721
421	  T	  5.6	  0.0	0.000	14.721	14.721
422	  T	  4.6	  0.0	0.000	14.721	14.721
423	  I	  3.4	  0.0	0.000	14.721	14.721
424	  Y	  3.9	  0.1	0.000	11.700	11.700
425	  N	  1.7	  0.1	0.221	0.480	0.480
426	  Q	  2.2	  0.1	0.221	0.125	0.125
427	  L	  0.8	  0.1	0.221	0.125	0.125
428	  R	  0.8	  0.1	0.221	0.000	0.000
429	  E	  0.1	  0.1	0.221	0.000	0.000
430	  E	  0.5	  0.1	0.221	0.000	0.000
431	  T	  1.3	  0.1	0.000	0.000	0.000
432	  K	  2.7	  0.1	0.000	0.000	0.000
433	  I	  3.0	  0.0	0.000	0.000	0.000
434	  I	  4.9	  0.1	0.000	0.000	0.000
435	  D	  3.5	  0.2	0.000	0.000	0.000
436	  L	  2.7	  1.9	0.000	0.000	0.000
437	  G	  0.0	  3.2	0.000	0.000	0.000
438	  N	  0.0	  3.2	0.131	0.000	0.000
439	  G	  0.1	  3.0	0.131	0.000	0.000
440	  V	  0.8	  1.3	0.131	0.000	0.000
441	  T	  1.0	  0.0	0.131	0.000	0.000
442	  E	  2.2	  0.0	0.131	0.000	0.000
443	  Y	  4.0	  0.0	0.131	0.000	0.000
444	  Q	  4.2	  0.0	0.000	0.000	0.000
445	  V	  5.6	  0.1	0.000	0.000	0.000
446	  L	  4.2	  0.1	0.000	0.000	0.000
447	  D	  4.6	  0.1	0.000	0.000	0.000
448	  Y	  3.0	  0.1	0.000	0.000	0.000
449	  Y	  2.8	  0.0	0.000	0.000	0.000
450	  L	  2.1	  0.1	0.000	0.000	0.000
451	  S	  1.3	  0.2	0.000	0.000	0.000
452	  S	  3.1	  1.1	0.000	0.000	0.000
453	  L	  2.9	  1.1	0.000	0.000	0.000
454	  N	  3.0	  1.0	0.000	0.000	0.000
455	  D	  1.1	  1.6	0.000	0.000	0.000
456	  I	  1.7	  0.7	0.000	0.000	0.000
457	  N	  1.6	  0.6	0.000	0.000	0.000
458	  H	  0.8	  1.3	0.000	0.000	0.000
459	  P	  0.0	  0.8	0.000	0.000	0.000
460	  F	  0.1	  1.4	0.000	0.000	0.000
461	  G	  0.1	  1.4	0.000	0.000	0.000
462	  T	  0.8	  0.8	0.000	0.000	0.000
463	  S	  1.0	  0.7	0.000	0.000	0.000
464	  T	  1.4	  0.1	0.000	0.000	0.000
465	  K	  1.5	  0.1	0.000	0.000	0.000
466	  I	  3.6	  0.0	0.000	0.000	0.000
467	  V	  9.6	  0.0	0.000	0.000	0.000
468	  T	 49.4	  0.0	0.000	0.000	0.000
469	  Y	 47.2	  0.0	0.000	0.000	0.000
470	  S	 42.2	  0.0	0.000	0.000	0.000
471	  P	  0.0	  0.0	0.000	0.000	0.000
472	  P	  0.0	  0.0	0.000	0.000	0.000
473	  P	  0.0	  0.4	0.000	0.000	0.000
474	  P	  0.0	  0.4	0.000	0.000	0.000
475	  S	  3.6	  0.4	0.000	0.000	0.000
476	  V	  6.5	  0.4	0.000	0.000	0.000
477	  T	  7.6	  0.0	0.000	0.000	0.000
478	  A	  4.2	  0.0	0.000	0.000	0.000
479	  T	  2.9	  0.0	0.000	0.000	0.000
480	  T	  2.1	  0.1	0.000	0.000	0.000
481	  T	  2.3	  0.1	0.000	0.000	0.000
482	  D	  1.7	  0.1	0.000	0.000	0.000
483	  Y	  2.3	  0.1	0.000	0.000	0.000
484	  Y	  3.0	  0.0	0.000	0.000	0.000
485	  I	  2.6	  0.2	0.000	0.000	0.000
486	  E	  1.7	  0.2	0.000	0.000	0.000
487	  S	  1.6	  0.2	0.247	8.180	8.180
488	  Y	  1.7	  0.2	0.247	73.462	73.462
489	  W	  2.1	  0.0	0.247	93.487	93.487
490	  I	  5.1	  0.0	0.247	97.848	97.848
491	  S	  5.5	  0.0	0.247	97.941	97.941
492	  F	  5.9	  0.0	0.247	98.088	98.088
493	  F	  2.8	  0.0	0.247	97.739	97.739
494	  I	  5.1	  0.0	0.000	91.976	91.976
495	  T	  4.5	  0.1	0.000	22.408	22.408
496	  T	  3.9	  0.3	0.000	4.659	4.659
497	  D	  0.5	  0.4	0.000	0.000	0.000
498	  D	  0.1	  0.5	0.000	0.000	0.000
499	  Q	  0.3	  0.4	0.000	0.000	0.000
500	  H	  2.8	  0.3	0.000	0.000	0.000
501	  R	  7.8	  0.1	0.000	0.000	0.000
502	  I	 11.5	  0.0	0.000	0.000	0.000
503	  I	 11.3	  0.0	0.000	0.000	0.000
504	  T	  7.4	  0.1	0.000	0.000	0.000
505	  S	  3.3	  0.2	0.083	0.000	0.000
506	  S	  1.4	  0.2	0.083	0.000	0.000
507	  Q	  0.7	  0.2	0.083	0.000	0.000
508	  T	 17.6	  0.1	0.083	0.000	0.000
509	  V	 18.1	  0.1	0.083	0.000	0.000
510	  S	 17.9	  0.1	0.292	0.000	0.000
511	  T	  2.9	  0.1	0.297	0.000	0.000
512	  L	  3.3	  0.1	0.297	0.000	0.000
513	  R	  3.5	  0.0	0.297	0.000	0.000
514	  L	  1.7	  0.3	0.297	0.000	0.000
515	  E	  0.5	  0.3	0.297	0.000	0.000
516	  N	  0.2	  0.3	0.088	0.000	0.000
517	  D	  0.9	  0.3	0.000	0.000	0.000
518	  Y	  2.3	  0.1	0.000	0.000	0.000
519	  T	  3.8	  0.0	0.000	0.000	0.000
520	  T	  5.1	  0.0	0.000	0.000	0.000
521	  T	  8.0	  0.1	0.000	0.000	0.000
522	  V	  8.4	  0.1	0.000	0.000	0.000
523	  D	  6.4	  0.2	0.000	0.000	0.000
524	  L	  2.2	  1.9	0.000	0.000	0.000
525	  G	  0.0	  3.0	0.000	0.000	0.000
526	  N	  0.0	  3.0	0.000	0.000	0.000
527	  G	  0.0	  2.8	0.000	0.000	0.000
528	  V	  3.3	  1.2	0.000	0.000	0.000
529	  F	  3.7	  0.1	0.000	0.000	0.000
530	  E	  3.8	  0.2	0.000	0.000	0.000
531	  T	  0.6	  0.2	0.000	0.000	0.000
532	  D	  0.4	  0.2	0.000	0.000	0.000
533	  L	  0.7	  0.1	0.000	0.000	0.000
534	  I	  1.2	  0.0	0.000	0.000	0.000
535	  S	  1.9	  0.0	0.102	0.000	0.000
536	  H	  8.2	  0.0	0.102	0.000	0.000
537	  I	  8.2	  0.0	0.102	0.000	0.000
538	  T	  7.4	  0.1	0.612	0.000	0.000
539	  E	  0.9	  0.2	0.612	0.000	0.000
540	  R	  0.3	  0.2	0.612	0.000	0.000
541	  D	  0.2	 10.7	0.510	0.000	0.000
542	  E	  0.0	 12.7	0.510	0.000	0.000
543	  N	  0.0	 12.7	0.510	0.000	0.000
544	  G	  0.0	 12.6	0.262	0.000	0.000
545	  E	  0.0	  2.3	0.000	0.000	0.000
546	  P	  0.0	  0.2	0.000	0.000	0.000
547	  T	  0.6	  0.2	0.000	0.000	0.000
548	  N	  1.4	  0.2	0.000	0.000	0.000
549	  T	  8.1	  0.1	0.000	0.000	0.000
550	  V	  8.1	  0.0	0.000	0.000	0.000
551	  R	  7.5	  0.0	0.000	0.000	0.000
552	  T	  1.6	  0.0	0.000	0.000	0.000
553	  T	 11.1	  0.0	0.000	0.000	0.000
554	  I	 15.6	  0.0	0.000	0.000	0.000
555	  K	 16.4	  0.0	0.000	0.000	0.000
556	  L	 10.1	  0.0	0.000	0.000	0.000
557	  T	  6.0	  0.0	0.000	0.000	0.000
558	  F	  4.2	  0.1	0.000	0.000	0.000
559	  G	  0.8	  0.1	0.000	0.000	0.000
560	  P	  0.0	  0.1	0.000	0.000	0.000
561	  A	  0.0	  0.1	0.000	0.000	0.000
562	  P	  0.0	  0.0	0.000	0.000	0.000
563	  P	  0.0	  0.0	0.000	0.000	0.000
564	  A	  0.4	  0.0	0.000	0.000	0.000
565	  I	  2.7	  0.0	0.000	0.000	0.000
566	  T	  4.1	  0.1	0.000	0.000	0.000
567	  K	  4.4	  0.1	0.000	0.000	0.000
568	  T	  6.7	  0.1	0.000	0.000	0.000
569	  V	  7.4	  0.2	0.000	0.000	0.000
570	  D	  6.6	  0.2	0.000	0.000	0.000
571	  L	  2.2	  0.8	0.000	0.000	0.000
572	  G	  0.0	  0.8	0.000	0.000	0.000
573	  N	  0.1	  0.7	0.641	0.000	0.000
574	  E	  5.2	  0.6	0.641	0.000	0.000
575	  V	  5.9	  0.0	0.641	0.000	0.000
576	  T	  6.0	  0.0	0.857	0.000	0.000
577	  E	  1.0	  0.0	0.857	0.000	0.000
578	  Y	  1.2	  0.0	0.857	79.193	79.193
579	  L	  3.1	  0.0	0.412	89.899	89.899
580	  V	  7.1	  0.0	0.412	94.088	94.088
581	  I	 10.0	  0.0	0.412	94.267	94.267
582	  S	  8.7	  0.0	0.412	94.267	94.267
583	  Y	  5.5	  0.0	0.202	93.748	93.748
584	  W	  2.4	  0.0	0.000	91.331	91.331
585	  T	  3.2	  0.0	0.000	47.105	47.105
586	  T	  3.0	  0.1	0.000	20.368	20.368
587	  T	  2.2	  0.1	0.000	4.267	4.267
588	  N	  0.6	  0.3	0.000	0.164	0.164
589	  E	  0.2	  0.3	0.000	0.000	0.000
590	  F	  0.2	  2.1	0.000	0.177	0.177
591	  G	  0.1	  2.1	0.000	0.177	0.177
592	  G	  0.1	  1.9	0.000	0.310	0.310
593	  L	  0.4	  1.9	0.000	0.310	0.310
594	  I	  3.9	  0.0	0.000	0.310	0.310
595	  T	  4.4	  0.1	0.000	0.134	0.134
596	  T	  4.8	  0.1	0.000	0.134	0.134
597	  N	  1.4	  0.2	0.000	0.000	0.000
598	  S	  0.9	  0.2	0.084	0.000	0.000
599	  T	  0.8	  0.2	0.084	0.000	0.000
600	  A	  1.3	  0.2	0.084	0.000	0.000
601	  T	 45.6	  0.1	0.084	0.000	0.000
602	  Y	 45.0	  0.1	0.084	0.000	0.000
603	  S	 44.5	  0.0	0.084	0.000	0.000
604	  P	  0.0	  0.0	0.000	0.000	0.000
605	  P	  0.0	  0.0	0.000	0.000	0.000
606	  P	  0.0	  0.0	0.000	0.000	0.000
607	  V	 17.9	  0.0	0.000	5.629	5.629
608	  T	 26.9	  0.0	0.000	5.763	5.763
609	  V	 29.1	  0.0	0.000	5.896	5.896
610	  T	 13.4	  0.0	0.000	5.896	5.896
611	  A	  3.3	  0.0	0.000	5.896	5.896
612	  T	  1.5	  0.0	0.000	3.204	3.204
613	  T	  3.3	  0.2	0.000	1.455	1.455
614	  A	  3.2	  0.6	0.000	0.348	0.348
615	  S	  2.7	  0.5	0.000	0.000	0.000
616	  D	  0.5	  0.5	0.000	0.000	0.000
617	  Y	  1.5	  0.3	0.000	0.000	0.000
618	  I	  2.0	  0.1	0.000	0.000	0.000
619	  E	  1.6	  0.3	0.000	0.000	0.000
620	  S	  0.6	  0.3	0.000	0.000	0.000
621	  D	  0.3	  0.3	0.104	0.000	0.000
622	  W	  0.8	  0.2	0.104	64.101	64.101
623	  I	  4.2	  0.0	0.104	78.494	78.494
624	  S	  4.8	  0.0	0.104	80.299	80.299
625	  F	  5.1	  0.0	0.104	92.347	92.347
626	  F	  2.3	  0.0	0.104	92.347	92.347
627	  I	 18.3	  0.0	0.000	90.234	90.234
628	  T	 21.3	  0.0	0.114	60.297	60.297
629	  V	 20.8	  0.0	0.114	52.399	52.399
630	  D	  4.4	  0.5	0.114	0.000	0.000
631	  E	  0.1	  0.7	0.114	0.000	0.000
632	  K	  0.0	  1.1	0.114	0.000	0.000
633	  G	  0.0	  1.1	0.114	0.000	0.000
634	  D	  1.1	  0.7	0.168	0.000	0.000
635	  I	  5.2	  0.5	0.168	1.919	1.919
636	  V	  7.8	  0.0	0.168	2.051	2.051
637	  T	  8.0	  0.1	0.168	2.051	2.051
638	  S	  4.2	  0.2	0.168	2.051	2.051
639	  S	  1.7	  0.2	0.168	2.051	2.051
640	  T	  1.5	  0.2	0.000	2.185	2.185
641	  L	  1.6	  0.1	0.000	2.408	2.408
642	  F	  2.7	  0.0	0.000	2.292	2.292
643	  N	  1.7	  0.2	0.000	0.647	0.647
644	  A	  1.4	  0.2	0.000	0.647	0.647
645	  T	  0.5	  0.5	0.000	0.357	0.357
646	  R	  0.6	  0.5	0.000	0.000	0.000
647	  D	  0.9	  0.6	0.000	0.000	0.000
648	  Y	  4.2	  0.6	0.000	0.000	0.000
649	  N	  4.1	  0.4	0.000	0.000	0.000
650	  L	  3.6	  0.5	0.000	0.000	0.000
651	  P	  0.0	  0.2	0.000	0.000	0.000
652	  E	  0.0	  0.2	0.000	0.000	0.000
653	  A	  0.0	  0.4	0.000	0.000	0.000
654	  P	  0.0	  0.2	0.000	0.000	0.000
655	  H	  0.7	  0.3	0.000	0.000	0.000
656	  T	  2.2	  0.3	0.000	0.000	0.000
657	  S	  3.0	  0.1	0.000	0.000	0.000
658	  F	  2.3	  0.2	0.000	0.000	0.000
659	  G	  0.7	  0.1	0.000	0.000	0.000
660	  P	  0.0	  0.1	0.000	0.000	0.000
661	  A	  0.0	  0.1	0.000	0.000	0.000
662	  P	  0.0	  0.0	0.000	0.000	0.000
663	  P	  0.0	  0.0	0.000	0.000	0.000
664	  V	  0.6	  0.0	0.000	0.000	0.000
665	  E	  1.1	  0.0	0.000	0.000	0.000
666	  T	  3.5	  0.1	0.000	0.000	0.000
667	  H	  5.2	  0.1	0.000	0.000	0.000
668	  T	  9.8	  0.0	0.000	0.000	0.000
669	  V	 14.5	  0.0	0.000	0.000	0.000
670	  V	 13.4	  0.0	0.000	0.000	0.000
671	  L	  8.5	  0.2	0.000	0.000	0.000
672	  E	  1.3	  0.3	0.000	0.000	0.000
673	  N	  0.1	  0.3	0.320	0.000	0.000
674	  N	  0.4	  0.3	0.320	0.000	0.000
675	  M	  0.7	  0.2	0.320	0.000	0.000
676	  T	  1.2	  0.1	0.320	0.000	0.000
677	  N	  3.1	  0.1	0.320	0.000	0.000
678	  Y	 10.4	  0.1	0.320	0.000	0.000
679	  E	 10.4	  0.0	0.000	0.000	0.000
680	  V	 12.2	  0.0	0.000	24.308	24.308
681	  V	  8.0	  0.0	0.000	25.355	25.355
682	  S	  8.3	  0.0	0.000	25.355	25.355
683	  Y	  5.1	  0.0	0.000	25.498	25.498
684	  W	  2.4	  0.0	0.000	25.498	25.498
685	  T	  3.2	  0.0	0.000	13.676	13.676
686	  T	  3.0	  0.1	0.000	5.960	5.960
687	  T	  2.2	  0.1	0.000	1.321	1.321
688	  N	  0.6	  0.3	0.000	0.000	0.000
689	  E	  0.2	  0.3	0.000	0.000	0.000
690	  F	  0.2	  2.0	0.000	0.181	0.181
691	  G	  0.1	  2.0	0.000	0.181	0.181
692	  G	  0.1	  1.8	0.102	0.314	0.314
693	  L	  0.4	  1.8	0.102	0.499	0.499
694	  I	  3.9	  0.0	0.102	0.499	0.499
695	  T	  6.5	  0.0	0.102	0.318	0.318
696	  T	  7.4	  0.1	0.102	0.318	0.318
697	  S	  4.2	  0.2	0.102	0.185	0.185
698	  S	  2.7	  0.3	0.000	0.000	0.000
699	  T	  1.9	  0.3	0.000	0.000	0.000
700	  S	  2.2	  0.2	0.000	0.000	0.000
701	  T	 31.7	  0.2	0.000	0.000	0.000
702	  Y	 37.1	  0.1	0.000	0.000	0.000
703	  S	 36.7	  0.0	0.000	0.000	0.000
704	  A	  9.6	  0.0	0.000	0.000	0.000
705	  P	  0.0	  0.1	0.000	0.000	0.000
706	  P	  0.0	  0.1	0.000	0.000	0.000
707	  L	  3.3	  0.1	0.000	2.754	2.754
708	  T	 13.8	  0.1	0.000	2.892	2.892
709	  V	 16.4	  0.0	0.000	3.029	3.029
710	  T	 14.2	  0.0	0.000	3.029	3.029
711	  A	  3.9	  0.0	0.000	3.029	3.029
712	  T	  1.7	  0.0	0.000	1.712	1.712
713	  T	  3.3	  0.2	0.000	0.784	0.784
714	  A	  3.2	  0.6	0.000	0.170	0.170
715	  S	  2.7	  0.5	0.000	0.000	0.000
716	  D	  0.5	  0.5	0.000	0.000	0.000
717	  Y	  1.5	  0.3	0.000	0.000	0.000
718	  I	  2.0	  0.1	0.000	0.000	0.000
719	  E	  1.6	  0.3	0.000	0.000	0.000
720	  S	  0.6	  0.3	0.000	0.000	0.000
721	  D	  0.3	  0.3	0.104	0.000	0.000
722	  W	  0.8	  0.2	0.104	64.101	64.101
723	  I	  4.2	  0.0	0.104	78.494	78.494
724	  S	  4.8	  0.0	0.104	80.299	80.299
725	  F	  5.1	  0.0	0.104	92.347	92.347
726	  F	  2.3	  0.0	0.104	92.347	92.347
727	  I	 18.3	  0.0	0.000	90.234	90.234
728	  T	 21.3	  0.0	0.114	60.297	60.297
729	  V	 20.8	  0.0	0.114	52.399	52.399
730	  D	  4.4	  0.5	0.114	0.000	0.000
731	  E	  0.1	  0.7	0.114	0.000	0.000
732	  K	  0.0	  1.1	0.114	0.000	0.000
733	  G	  0.0	  1.1	0.114	0.000	0.000
734	  D	  1.1	  0.7	0.168	0.000	0.000
735	  I	  5.2	  0.5	0.168	1.919	1.919
736	  V	  7.8	  0.0	0.168	2.051	2.051
737	  T	  8.0	  0.1	0.168	2.051	2.051
738	  S	  4.2	  0.2	0.168	2.051	2.051
739	  S	  1.7	  0.2	0.168	2.051	2.051
740	  T	  1.5	  0.2	0.000	2.185	2.185
741	  L	  1.6	  0.1	0.000	2.408	2.408
742	  F	  2.7	  0.0	0.000	2.292	2.292
743	  N	  1.7	  0.2	0.000	0.647	0.647
744	  A	  1.4	  0.2	0.000	0.647	0.647
745	  T	  0.5	  0.5	0.000	0.357	0.357
746	  R	  0.6	  0.5	0.000	0.000	0.000
747	  D	  0.9	  0.6	0.000	0.000	0.000
748	  Y	  4.2	  0.6	0.000	0.000	0.000
749	  N	  4.1	  0.4	0.000	0.000	0.000
750	  L	  3.6	  0.5	0.000	0.000	0.000
751	  P	  0.0	  0.2	0.000	0.000	0.000
752	  E	  0.0	  0.2	0.000	0.000	0.000
753	  A	  0.0	  0.4	0.000	0.000	0.000
754	  P	  0.0	  0.2	0.000	0.000	0.000
755	  H	  0.7	  0.3	0.000	0.000	0.000
756	  T	  2.2	  0.3	0.000	0.000	0.000
757	  S	  3.0	  0.1	0.000	0.000	0.000
758	  F	  2.3	  0.2	0.000	0.000	0.000
759	  G	  0.7	  0.1	0.000	0.000	0.000
760	  P	  0.0	  0.1	0.000	0.000	0.000
761	  A	  0.0	  0.1	0.000	0.000	0.000
762	  P	  0.0	  0.0	0.000	0.000	0.000
763	  P	  0.0	  0.0	0.000	0.000	0.000
764	  V	  0.6	  0.0	0.000	0.000	0.000
765	  E	  1.1	  0.0	0.000	0.000	0.000
766	  T	  3.5	  0.1	0.000	0.000	0.000
767	  H	  5.2	  0.1	0.000	0.000	0.000
768	  T	  9.8	  0.0	0.000	0.000	0.000
769	  V	 14.5	  0.0	0.000	0.000	0.000
770	  V	 13.4	  0.0	0.000	0.000	0.000
771	  L	  8.5	  0.2	0.000	0.000	0.000
772	  E	  1.3	  0.3	0.000	0.000	0.000
773	  N	  0.1	  0.3	0.320	0.000	0.000
774	  N	  0.4	  0.3	0.320	0.000	0.000
775	  M	  0.7	  0.2	0.320	0.000	0.000
776	  T	  1.2	  0.1	0.320	0.000	0.000
777	  N	  3.1	  0.1	0.320	0.000	0.000
778	  Y	 10.4	  0.1	0.320	0.000	0.000
779	  E	 10.4	  0.0	0.000	0.000	0.000
780	  V	 12.2	  0.0	0.000	24.308	24.308
781	  V	  8.0	  0.0	0.000	25.355	25.355
782	  S	  8.3	  0.0	0.000	25.355	25.355
783	  Y	  5.1	  0.0	0.000	25.498	25.498
784	  W	  2.4	  0.0	0.000	25.498	25.498
785	  T	  3.2	  0.0	0.000	13.676	13.676
786	  T	  3.0	  0.1	0.000	5.960	5.960
787	  T	  2.2	  0.1	0.000	1.321	1.321
788	  N	  0.6	  0.3	0.000	0.000	0.000
789	  E	  0.2	  0.3	0.000	0.000	0.000
790	  F	  0.2	  2.0	0.000	0.181	0.181
791	  G	  0.1	  2.0	0.000	0.181	0.181
792	  G	  0.1	  1.8	0.102	0.314	0.314
793	  L	  0.4	  1.8	0.102	0.499	0.499
794	  I	  3.9	  0.0	0.102	0.499	0.499
795	  T	  6.5	  0.0	0.102	0.318	0.318
796	  T	  7.4	  0.1	0.102	0.318	0.318
797	  S	  4.2	  0.2	0.102	0.185	0.185
798	  S	  2.7	  0.3	0.000	0.000	0.000
799	  T	  1.9	  0.3	0.000	0.000	0.000
800	  S	  2.2	  0.2	0.000	0.000	0.000
801	  T	 31.7	  0.2	0.000	0.000	0.000
802	  Y	 37.1	  0.1	0.000	0.000	0.000
803	  S	 36.7	  0.0	0.000	0.000	0.000
804	  A	  9.6	  0.0	0.000	0.000	0.000
805	  P	  0.0	  0.1	0.000	0.000	0.000
806	  P	  0.0	  0.1	0.000	0.000	0.000
807	  L	  3.3	  0.1	0.000	2.754	2.754
808	  T	 13.8	  0.1	0.000	2.892	2.892
809	  V	 16.4	  0.0	0.000	3.029	3.029
810	  T	 14.2	  0.0	0.000	3.029	3.029
811	  A	  3.9	  0.0	0.000	3.029	3.029
812	  T	  1.7	  0.0	0.000	1.712	1.712
813	  T	  3.3	  0.2	0.000	0.784	0.784
814	  A	  3.2	  0.6	0.000	0.170	0.170
815	  S	  2.7	  0.5	0.000	0.000	0.000
816	  D	  0.5	  0.5	0.000	0.000	0.000
817	  Y	  1.5	  0.3	0.000	0.000	0.000
818	  I	  2.0	  0.1	0.000	0.000	0.000
819	  E	  1.6	  0.3	0.000	0.000	0.000
820	  S	  0.6	  0.3	0.000	0.000	0.000
821	  D	  0.3	  0.3	0.104	0.000	0.000
822	  W	  0.8	  0.2	0.104	64.101	64.101
823	  I	  4.2	  0.0	0.104	78.494	78.494
824	  S	  4.8	  0.0	0.104	80.299	80.299
825	  F	  5.1	  0.0	0.104	92.347	92.347
826	  F	  2.3	  0.0	0.104	92.347	92.347
827	  I	 18.3	  0.0	0.000	90.234	90.234
828	  T	 21.3	  0.0	0.114	60.297	60.297
829	  V	 20.8	  0.0	0.114	52.399	52.399
830	  D	  4.4	  0.5	0.114	0.000	0.000
831	  E	  0.1	  0.7	0.114	0.000	0.000
832	  K	  0.0	  1.1	0.114	0.000	0.000
833	  G	  0.0	  1.1	0.114	0.000	0.000
834	  D	  1.1	  0.7	0.168	0.000	0.000
835	  I	  5.2	  0.5	0.168	1.919	1.919
836	  V	  7.8	  0.0	0.168	2.051	2.051
837	  T	  8.0	  0.1	0.168	2.051	2.051
838	  S	  4.2	  0.2	0.168	2.051	2.051
839	  S	  1.7	  0.2	0.168	2.051	2.051
840	  T	  1.5	  0.2	0.000	2.185	2.185
841	  L	  1.6	  0.1	0.000	2.408	2.408
842	  F	  2.7	  0.0	0.000	2.292	2.292
843	  N	  1.7	  0.2	0.000	0.647	0.647
844	  A	  1.4	  0.2	0.000	0.647	0.647
845	  T	  0.5	  0.5	0.000	0.357	0.357
846	  R	  0.6	  0.5	0.000	0.000	0.000
847	  D	  0.9	  0.6	0.000	0.000	0.000
848	  Y	  4.2	  0.6	0.000	0.000	0.000
849	  N	  4.1	  0.4	0.000	0.000	0.000
850	  L	  3.6	  0.5	0.000	0.000	0.000
851	  P	  0.0	  0.2	0.000	0.000	0.000
852	  E	  0.0	  0.2	0.000	0.000	0.000
853	  A	  0.0	  0.4	0.000	0.000	0.000
854	  P	  0.0	  0.2	0.000	0.000	0.000
855	  H	  0.7	  0.3	0.000	0.000	0.000
856	  T	  2.2	  0.3	0.000	0.000	0.000
857	  S	  3.0	  0.1	0.000	0.000	0.000
858	  F	  2.3	  0.2	0.000	0.000	0.000
859	  G	  0.7	  0.1	0.000	0.000	0.000
860	  P	  0.0	  0.1	0.000	0.000	0.000
861	  A	  0.0	  0.1	0.000	0.000	0.000
862	  P	  0.0	  0.0	0.000	0.000	0.000
863	  P	  0.0	  0.0	0.000	0.000	0.000
864	  V	  0.6	  0.0	0.000	0.000	0.000
865	  E	  1.1	  0.0	0.000	0.000	0.000
866	  T	  3.5	  0.1	0.000	0.000	0.000
867	  H	  5.2	  0.1	0.000	0.000	0.000
868	  T	  9.8	  0.0	0.000	0.000	0.000
869	  V	 14.5	  0.0	0.000	0.000	0.000
870	  V	 13.4	  0.0	0.000	0.000	0.000
871	  L	  8.5	  0.2	0.000	0.000	0.000
872	  E	  1.3	  0.3	0.000	0.000	0.000
873	  N	  0.1	  0.3	0.320	0.000	0.000
874	  N	  0.4	  0.3	0.320	0.000	0.000
875	  M	  0.7	  0.2	0.320	0.000	0.000
876	  T	  1.2	  0.1	0.320	0.000	0.000
877	  N	  3.1	  0.1	0.320	0.000	0.000
878	  Y	 10.4	  0.1	0.320	0.000	0.000
879	  E	 10.4	  0.0	0.000	0.000	0.000
880	  V	 12.2	  0.0	0.000	24.308	24.308
881	  V	  8.0	  0.0	0.000	25.355	25.355
882	  S	  8.3	  0.0	0.000	25.355	25.355
883	  Y	  5.1	  0.0	0.000	25.498	25.498
884	  W	  2.4	  0.0	0.000	25.498	25.498
885	  T	  3.2	  0.0	0.000	13.676	13.676
886	  T	  3.0	  0.1	0.000	5.960	5.960
887	  T	  2.2	  0.1	0.000	1.321	1.321
888	  N	  0.6	  0.3	0.000	0.000	0.000
889	  E	  0.2	  0.3	0.000	0.000	0.000
890	  F	  0.2	  2.0	0.000	0.181	0.181
891	  G	  0.1	  2.0	0.000	0.181	0.181
892	  G	  0.1	  1.8	0.102	0.314	0.314
893	  L	  0.4	  1.8	0.102	0.499	0.499
894	  I	  3.9	  0.0	0.102	0.499	0.499
895	  T	  6.5	  0.0	0.102	0.318	0.318
896	  T	  7.4	  0.1	0.102	0.318	0.318
897	  S	  4.2	  0.2	0.102	0.185	0.185
898	  S	  2.7	  0.3	0.000	0.000	0.000
899	  T	  1.9	  0.3	0.000	0.000	0.000
900	  S	  2.2	  0.2	0.000	0.000	0.000
901	  T	 31.7	  0.2	0.000	0.000	0.000
902	  Y	 37.1	  0.1	0.000	0.000	0.000
903	  S	 36.7	  0.0	0.000	0.000	0.000
904	  A	  9.6	  0.0	0.000	0.000	0.000
905	  P	  0.0	  0.1	0.000	0.000	0.000
906	  P	  0.0	  0.1	0.000	0.000	0.000
907	  L	  3.3	  0.1	0.000	2.754	2.754
908	  T	 13.8	  0.1	0.000	2.892	2.892
909	  V	 16.4	  0.0	0.000	3.029	3.029
910	  T	 14.2	  0.0	0.000	3.029	3.029
911	  A	  3.9	  0.0	0.000	3.029	3.029
912	  T	  1.7	  0.0	0.000	1.712	1.712
913	  T	  3.3	  0.2	0.000	0.784	0.784
914	  A	  3.2	  0.6	0.000	0.170	0.170
915	  S	  2.7	  0.5	0.000	0.000	0.000
916	  D	  0.5	  0.5	0.000	0.000	0.000
917	  Y	  1.5	  0.3	0.000	0.000	0.000
918	  I	  2.0	  0.1	0.000	0.000	0.000
919	  E	  1.6	  0.3	0.000	0.000	0.000
920	  S	  0.6	  0.3	0.000	0.000	0.000
921	  D	  0.3	  0.3	0.104	0.000	0.000
922	  W	  0.8	  0.2	0.104	64.101	64.101
923	  I	  4.2	  0.0	0.104	78.494	78.494
924	  S	  4.8	  0.0	0.104	80.299	80.299
925	  F	  5.1	  0.0	0.104	92.347	92.347
926	  F	  2.3	  0.0	0.104	92.347	92.347
927	  I	 18.3	  0.0	0.000	90.234	90.234
928	  T	 21.3	  0.0	0.114	60.297	60.297
929	  V	 20.8	  0.0	0.114	52.399	52.399
930	  D	  4.4	  0.5	0.114	0.000	0.000
931	  E	  0.1	  0.7	0.114	0.000	0.000
932	  K	  0.0	  1.1	0.114	0.000	0.000
933	  G	  0.0	  1.1	0.114	0.000	0.000
934	  D	  1.1	  0.7	0.168	0.000	0.000
935	  I	  5.2	  0.5	0.168	1.917	1.917
936	  V	  7.8	  0.0	0.168	2.049	2.049
937	  T	  8.0	  0.1	0.168	2.049	2.049
938	  S	  4.2	  0.2	0.168	2.049	2.049
939	  S	  1.7	  0.2	0.168	2.049	2.049
940	  T	  1.5	  0.2	0.000	2.184	2.184
941	  L	  1.6	  0.1	0.000	2.408	2.408
942	  F	  2.7	  0.0	0.000	2.291	2.291
943	  N	  1.7	  0.2	0.121	0.649	0.649
944	  A	  1.5	  0.2	0.121	0.649	0.649
945	  T	  0.4	  0.3	0.121	0.359	0.359
946	  R	  0.5	  0.3	0.121	0.000	0.000
947	  E	  0.4	  0.1	0.121	0.000	0.000
948	  Y	  1.6	  0.1	0.121	0.000	0.000
949	  V	  2.0	  0.1	0.156	0.000	0.000
950	  D	  1.9	  0.3	2.865	0.000	0.000
951	  A	  0.6	  0.3	2.865	0.000	0.000
952	  E	  0.1	  0.3	2.865	0.000	0.000
953	  A	  0.2	  0.3	2.865	4.749	4.749
954	  L	  0.9	  0.0	2.865	5.027	5.027
955	  F	  1.7	  0.0	2.865	5.027	5.027
956	  M	  2.0	  0.0	1.465	5.027	5.027
957	  L	  1.3	  0.3	0.653	5.027	5.027
958	  S	  0.6	  1.5	0.369	0.513	0.513
959	  D	  0.1	  2.6	0.114	0.000	0.000
960	  D	  0.1	  4.0	0.000	0.000	0.000
961	  S	  0.2	  3.8	0.136	0.000	0.000
962	  S	  0.3	  2.6	0.380	0.000	0.000
963	  Q	  0.4	  1.7	0.380	0.000	0.000
964	  A	  0.3	  0.6	0.380	0.000	0.000
965	  S	  0.2	  0.9	0.380	0.000	0.000
966	  N	  0.0	  0.9	0.380	0.000	0.000
967	  N	  0.0	  0.8	0.380	0.000	0.000
968	  E	  0.1	  0.8	0.000	0.000	0.000
969	  A	  0.1	  0.4	0.000	0.000	0.000
970	  D	  0.9	  0.3	0.000	0.000	0.000
971	  Y	  2.4	  0.3	0.000	0.545	0.545
972	  T	  3.9	  0.0	0.000	0.545	0.545
973	  T	  4.2	  0.0	0.000	0.545	0.545
974	  T	  6.9	  0.0	0.000	0.545	0.545
975	  I	  5.5	  0.1	0.000	0.545	0.545
976	  D	  4.4	  0.7	0.000	0.000	0.000
977	  K	  0.2	  1.9	0.000	0.000	0.000
978	  G	  0.0	  2.6	0.000	0.000	0.000
979	  N	  0.0	  2.7	0.000	0.000	0.000
980	  G	  0.0	  2.0	0.000	0.000	0.000
981	  E	  0.8	  0.8	0.000	0.000	0.000
982	  F	  1.2	  0.2	0.000	0.000	0.000
983	  E	  1.3	  0.1	0.000	0.000	0.000
984	  T	  0.9	  0.1	0.000	0.000	0.000
985	  D	  1.5	  0.1	0.000	0.000	0.000
986	  V	  5.4	  0.0	0.000	0.200	0.200
987	  V	  7.0	  0.0	0.000	0.200	0.200
988	  S	  6.8	  0.0	0.000	0.200	0.200
989	  H	  9.0	  0.0	0.000	0.200	0.200
990	  I	  9.8	  0.0	0.000	0.200	0.200
991	  T	 11.1	  0.0	0.000	0.200	0.200
992	  T	  5.5	  0.3	0.000	0.000	0.000
993	  K	  2.6	  0.3	0.000	0.000	0.000
994	  D	  0.4	 10.8	0.000	0.000	0.000
995	  S	  0.0	 11.3	0.000	0.000	0.000
996	  D	  0.0	 11.1	0.000	0.000	0.000
997	  G	  0.0	 11.0	0.000	0.000	0.000
998	  K	  0.0	  0.7	0.000	0.000	0.000
999	  P	  0.0	  0.2	0.000	0.000	0.000
1000	  T	  1.0	  0.2	0.000	1.252	1.252
1001	  T	  5.8	  0.2	0.000	3.252	3.252
1002	  I	  9.8	  0.0	0.000	3.477	3.477
1003	  V	 10.5	  0.0	0.000	3.477	3.477
1004	  T	  7.5	  0.0	0.000	3.477	3.477
1005	  T	  3.9	  0.0	0.000	2.696	2.696
1006	  I	  2.3	  0.0	0.000	0.361	0.361
1007	  P	  0.5	  0.0	0.000	0.000	0.000
1008	  W	  0.1	  0.0	0.000	0.000	0.000
1009	  K	  0.1	  0.3	0.000	0.000	0.000
1010	  P	  0.1	  0.4	0.000	0.000	0.000
1011	  S	  0.0	  0.5	0.114	0.000	0.000
1012	  E	  0.0	  0.5	0.114	0.000	0.000
1013	  E	  0.1	  0.5	0.114	0.000	0.000
1014	  A	  0.1	  0.4	0.114	0.000	0.000
1015	  D	  0.9	  0.3	0.114	0.000	0.000
1016	  Y	  2.4	  0.3	0.114	0.544	0.544
1017	  T	  3.9	  0.0	0.000	0.544	0.544
1018	  T	  4.2	  0.0	0.000	0.544	0.544
1019	  T	  6.9	  0.0	0.000	0.544	0.544
1020	  I	  5.5	  0.1	0.000	0.544	0.544
1021	  D	  4.4	  0.7	0.000	0.000	0.000
1022	  K	  0.2	  1.9	0.000	0.000	0.000
1023	  G	  0.0	  2.6	0.000	0.000	0.000
1024	  N	  0.0	  2.7	0.000	0.000	0.000
1025	  G	  0.0	  2.0	0.000	0.000	0.000
1026	  E	  0.8	  0.8	0.000	0.000	0.000
1027	  F	  1.2	  0.2	0.000	0.000	0.000
1028	  E	  1.3	  0.1	0.000	0.000	0.000
1029	  T	  0.9	  0.1	0.000	0.000	0.000
1030	  D	  1.5	  0.1	0.000	0.000	0.000
1031	  V	  5.4	  0.0	0.000	0.200	0.200
1032	  V	  7.0	  0.0	0.000	0.200	0.200
1033	  S	  6.8	  0.0	0.000	0.200	0.200
1034	  H	  9.0	  0.0	0.000	0.200	0.200
1035	  I	  9.8	  0.0	0.000	0.200	0.200
1036	  T	 11.1	  0.0	0.000	0.200	0.200
1037	  T	  5.5	  0.3	0.000	0.000	0.000
1038	  K	  2.6	  0.3	0.000	0.000	0.000
1039	  D	  0.4	 10.8	0.000	0.000	0.000
1040	  S	  0.0	 11.3	0.000	0.000	0.000
1041	  D	  0.0	 11.1	0.000	0.000	0.000
1042	  G	  0.0	 11.0	0.000	0.000	0.000
1043	  K	  0.0	  0.7	0.000	0.000	0.000
1044	  P	  0.0	  0.2	0.000	0.000	0.000
1045	  T	  1.0	  0.2	0.000	1.252	1.252
1046	  T	  5.8	  0.2	0.000	3.252	3.252
1047	  I	  9.8	  0.0	0.000	3.477	3.477
1048	  V	 10.5	  0.0	0.000	3.477	3.477
1049	  T	  7.5	  0.0	0.000	3.477	3.477
1050	  T	  3.9	  0.0	0.000	2.696	2.696
1051	  I	  2.3	  0.0	0.000	0.361	0.361
1052	  P	  0.5	  0.0	0.000	0.000	0.000
1053	  W	  0.1	  0.0	0.000	0.000	0.000
1054	  K	  0.1	  0.3	0.000	0.000	0.000
1055	  P	  0.1	  0.4	0.000	0.000	0.000
1056	  S	  0.0	  0.5	0.114	0.000	0.000
1057	  E	  0.0	  0.5	0.114	0.000	0.000
1058	  E	  0.1	  0.5	0.114	0.000	0.000
1059	  A	  0.1	  0.4	0.114	0.000	0.000
1060	  D	  0.9	  0.3	0.114	0.000	0.000
1061	  Y	  2.4	  0.3	0.114	0.544	0.544
1062	  T	  3.9	  0.0	0.000	0.544	0.544
1063	  T	  4.2	  0.0	0.000	0.544	0.544
1064	  T	  6.9	  0.0	0.000	0.544	0.544
1065	  I	  5.5	  0.1	0.000	0.544	0.544
1066	  D	  4.4	  0.7	0.000	0.000	0.000
1067	  K	  0.2	  1.9	0.000	0.000	0.000
1068	  G	  0.0	  2.6	0.000	0.000	0.000
1069	  N	  0.0	  2.7	0.000	0.000	0.000
1070	  G	  0.0	  2.0	0.000	0.000	0.000
1071	  E	  0.8	  0.8	0.000	0.000	0.000
1072	  F	  1.2	  0.2	0.000	0.000	0.000
1073	  E	  1.3	  0.1	0.000	0.000	0.000
1074	  T	  0.9	  0.1	0.000	0.000	0.000
1075	  D	  1.5	  0.1	0.000	0.000	0.000
1076	  V	  5.4	  0.0	0.000	0.200	0.200
1077	  V	  7.0	  0.0	0.000	0.200	0.200
1078	  S	  6.8	  0.0	0.000	0.200	0.200
1079	  H	  9.0	  0.0	0.000	0.200	0.200
1080	  I	  9.8	  0.0	0.000	0.200	0.200
1081	  T	 11.1	  0.0	0.000	0.200	0.200
1082	  T	  5.5	  0.3	0.000	0.000	0.000
1083	  K	  2.6	  0.3	0.000	0.000	0.000
1084	  D	  0.4	 10.8	0.000	0.000	0.000
1085	  S	  0.0	 11.3	0.000	0.000	0.000
1086	  D	  0.0	 11.1	0.000	0.000	0.000
1087	  G	  0.0	 11.0	0.000	0.000	0.000
1088	  K	  0.0	  0.7	0.000	0.000	0.000
1089	  P	  0.0	  0.2	0.000	0.000	0.000
1090	  T	  1.0	  0.2	0.000	1.252	1.252
1091	  T	  5.8	  0.2	0.000	3.252	3.252
1092	  I	  9.8	  0.0	0.000	3.477	3.477
1093	  V	 10.5	  0.0	0.000	3.477	3.477
1094	  T	  7.5	  0.0	0.000	3.477	3.477
1095	  T	  3.9	  0.0	0.000	2.696	2.696
1096	  I	  2.3	  0.0	0.000	0.361	0.361
1097	  P	  0.5	  0.0	0.000	0.000	0.000
1098	  W	  0.1	  0.0	0.000	0.000	0.000
1099	  K	  0.1	  0.3	0.000	0.000	0.000
1100	  P	  0.1	  0.4	0.000	0.000	0.000
1101	  S	  0.0	  0.5	0.114	0.000	0.000
1102	  E	  0.0	  0.5	0.114	0.000	0.000
1103	  E	  0.1	  0.5	0.114	0.000	0.000
1104	  A	  0.1	  0.4	0.114	0.000	0.000
1105	  D	  0.9	  0.3	0.114	0.000	0.000
1106	  Y	  2.4	  0.3	0.114	0.544	0.544
1107	  T	  3.9	  0.0	0.000	0.544	0.544
1108	  T	  4.2	  0.0	0.000	0.544	0.544
1109	  T	  6.9	  0.0	0.000	0.544	0.544
1110	  I	  5.5	  0.1	0.000	0.544	0.544
1111	  D	  4.4	  0.7	0.000	0.000	0.000
1112	  K	  0.2	  1.9	0.000	0.000	0.000
1113	  G	  0.0	  2.6	0.000	0.000	0.000
1114	  N	  0.0	  2.7	0.000	0.000	0.000
1115	  G	  0.0	  2.0	0.000	0.000	0.000
1116	  E	  0.8	  0.8	0.000	0.000	0.000
1117	  F	  1.2	  0.2	0.000	0.000	0.000
1118	  E	  1.3	  0.1	0.000	0.000	0.000
1119	  T	  0.9	  0.1	0.000	0.000	0.000
1120	  D	  1.5	  0.1	0.000	0.000	0.000
1121	  V	  5.4	  0.0	0.000	0.200	0.200
1122	  V	  7.0	  0.0	0.000	0.200	0.200
1123	  S	  6.8	  0.0	0.000	0.200	0.200
1124	  H	  9.0	  0.0	0.000	0.200	0.200
1125	  I	  9.8	  0.0	0.000	0.200	0.200
1126	  T	 11.1	  0.0	0.000	0.200	0.200
1127	  T	  5.5	  0.3	0.000	0.000	0.000
1128	  K	  2.6	  0.3	0.000	0.000	0.000
1129	  D	  0.4	 10.8	0.000	0.000	0.000
1130	  S	  0.0	 11.3	0.000	0.000	0.000
1131	  D	  0.0	 11.1	0.000	0.000	0.000
1132	  G	  0.0	 11.0	0.000	0.000	0.000
1133	  K	  0.0	  0.7	0.000	0.000	0.000
1134	  P	  0.0	  0.2	0.000	0.000	0.000
1135	  T	  1.0	  0.2	0.000	1.252	1.252
1136	  T	  5.8	  0.2	0.000	3.252	3.252
1137	  I	  9.8	  0.0	0.000	3.477	3.477
1138	  V	 10.5	  0.0	0.000	3.477	3.477
1139	  T	  7.5	  0.0	0.000	3.477	3.477
1140	  T	  3.9	  0.0	0.000	2.696	2.696
1141	  I	  2.3	  0.0	0.000	0.361	0.361
1142	  P	  0.5	  0.0	0.000	0.000	0.000
1143	  W	  0.1	  0.0	0.000	0.000	0.000
1144	  K	  0.1	  0.3	0.000	0.000	0.000
1145	  P	  0.1	  0.4	0.000	0.000	0.000
1146	  S	  0.0	  0.5	0.114	0.000	0.000
1147	  E	  0.0	  0.5	0.114	0.000	0.000
1148	  E	  0.1	  0.5	0.114	0.000	0.000
1149	  A	  0.1	  0.4	0.114	0.000	0.000
1150	  D	  0.9	  0.3	0.114	0.000	0.000
1151	  Y	  2.4	  0.3	0.114	0.544	0.544
1152	  T	  3.9	  0.0	0.000	0.544	0.544
1153	  T	  4.2	  0.0	0.000	0.544	0.544
1154	  T	  6.9	  0.0	0.000	0.544	0.544
1155	  I	  5.5	  0.1	0.000	0.544	0.544
1156	  D	  4.4	  0.7	0.000	0.000	0.000
1157	  K	  0.2	  1.9	0.000	0.000	0.000
1158	  G	  0.0	  2.6	0.000	0.000	0.000
1159	  N	  0.0	  2.7	0.000	0.000	0.000
1160	  G	  0.0	  2.0	0.000	0.000	0.000
1161	  E	  0.8	  0.8	0.000	0.000	0.000
1162	  F	  1.2	  0.2	0.000	0.000	0.000
1163	  E	  1.3	  0.1	0.000	0.000	0.000
1164	  T	  0.9	  0.1	0.000	0.000	0.000
1165	  D	  1.5	  0.1	0.000	0.000	0.000
1166	  V	  5.4	  0.0	0.000	0.200	0.200
1167	  V	  7.0	  0.0	0.000	0.200	0.200
1168	  S	  6.8	  0.0	0.000	0.200	0.200
1169	  H	  9.0	  0.0	0.000	0.200	0.200
1170	  I	  9.8	  0.0	0.000	0.200	0.200
1171	  T	 11.1	  0.0	0.000	0.200	0.200
1172	  T	  5.5	  0.3	0.000	0.000	0.000
1173	  K	  2.6	  0.3	0.000	0.000	0.000
1174	  D	  0.4	 10.8	0.000	0.000	0.000
1175	  S	  0.0	 11.3	0.000	0.000	0.000
1176	  D	  0.0	 11.1	0.000	0.000	0.000
1177	  G	  0.0	 11.0	0.000	0.000	0.000
1178	  K	  0.0	  0.7	0.000	0.000	0.000
1179	  P	  0.0	  0.2	0.000	0.000	0.000
1180	  T	  1.0	  0.2	0.000	1.252	1.252
1181	  T	  5.8	  0.2	0.000	3.252	3.252
1182	  I	  9.8	  0.0	0.000	3.477	3.477
1183	  V	 10.5	  0.0	0.000	3.477	3.477
1184	  T	  7.5	  0.0	0.000	3.477	3.477
1185	  T	  3.9	  0.0	0.000	2.696	2.696
1186	  I	  2.3	  0.0	0.000	0.361	0.361
1187	  P	  0.5	  0.0	0.000	0.000	0.000
1188	  W	  0.1	  0.0	0.000	0.000	0.000
1189	  K	  0.1	  0.3	0.000	0.000	0.000
1190	  P	  0.1	  0.4	0.000	0.000	0.000
1191	  S	  0.0	  0.5	0.114	0.000	0.000
1192	  E	  0.0	  0.5	0.114	0.000	0.000
1193	  E	  0.1	  0.5	0.114	0.000	0.000
1194	  A	  0.1	  0.4	0.114	0.000	0.000
1195	  D	  0.9	  0.3	0.114	0.000	0.000
1196	  Y	  2.4	  0.3	0.114	0.544	0.544
1197	  T	  3.9	  0.0	0.000	0.544	0.544
1198	  T	  4.2	  0.0	0.000	0.544	0.544
1199	  T	  6.9	  0.0	0.000	0.544	0.544
1200	  I	  5.5	  0.1	0.000	0.544	0.544
1201	  D	  4.4	  0.7	0.000	0.000	0.000
1202	  K	  0.2	  1.9	0.000	0.000	0.000
1203	  G	  0.0	  2.6	0.000	0.000	0.000
1204	  N	  0.0	  2.7	0.000	0.000	0.000
1205	  G	  0.0	  2.0	0.000	0.000	0.000
1206	  E	  0.8	  0.8	0.000	0.000	0.000
1207	  F	  1.2	  0.2	0.000	0.000	0.000
1208	  E	  1.3	  0.1	0.000	0.000	0.000
1209	  T	  0.9	  0.1	0.000	0.000	0.000
1210	  D	  1.5	  0.1	0.000	0.000	0.000
1211	  V	  5.4	  0.0	0.000	0.200	0.200
1212	  V	  7.0	  0.0	0.000	0.200	0.200
1213	  S	  6.8	  0.0	0.000	0.200	0.200
1214	  H	  9.0	  0.0	0.000	0.200	0.200
1215	  I	  9.8	  0.0	0.000	0.200	0.200
1216	  T	 11.1	  0.0	0.000	0.200	0.200
1217	  T	  5.5	  0.3	0.000	0.000	0.000
1218	  K	  2.6	  0.3	0.000	0.000	0.000
1219	  D	  0.4	 10.8	0.000	0.000	0.000
1220	  S	  0.0	 11.3	0.000	0.000	0.000
1221	  D	  0.0	 11.1	0.000	0.000	0.000
1222	  G	  0.0	 11.0	0.000	0.000	0.000
1223	  K	  0.0	  0.7	0.000	0.000	0.000
1224	  P	  0.0	  0.1	0.000	0.000	0.000
1225	  T	  1.0	  0.1	0.000	0.000	0.000
1226	  T	 12.3	  0.1	0.000	0.000	0.000
1227	  I	 15.4	  0.0	0.000	0.000	0.000
1228	  T	 16.0	  0.0	0.000	0.000	0.000
1229	  T	  6.4	  0.0	0.000	0.000	0.000
1230	  T	  3.6	  0.0	0.000	0.000	0.000
1231	  I	  2.1	  0.0	0.000	0.000	0.000
1232	  P	  0.5	  0.0	0.000	0.000	0.000
1233	  L	  0.1	  0.0	0.000	0.000	0.000
1234	  K	  0.1	  0.5	0.000	0.000	0.000
1235	  P	  0.1	  0.9	0.000	0.000	0.000
1236	  S	  0.0	  1.0	0.000	0.000	0.000
1237	  D	  0.0	  2.2	0.125	0.000	0.000
1238	  A	  0.0	  1.8	0.125	0.000	0.000
1239	  G	  0.0	  1.4	0.125	0.000	0.000
1240	  E	  0.1	  1.6	0.125	0.000	0.000
1241	  A	  0.2	  0.4	0.125	0.000	0.000
1242	  D	  0.9	  0.3	0.125	0.000	0.000
1243	  Y	  2.3	  0.3	0.125	0.544	0.544
1244	  T	  3.9	  0.0	0.000	0.544	0.544
1245	  T	  4.2	  0.0	0.000	0.544	0.544
1246	  T	  6.9	  0.0	0.000	0.544	0.544
1247	  I	  5.5	  0.1	0.000	0.544	0.544
1248	  D	  4.5	  0.7	0.000	0.000	0.000
1249	  K	  0.2	  1.9	0.000	0.000	0.000
1250	  G	  0.0	  2.1	0.000	0.000	0.000
1251	  N	  0.0	  2.7	0.000	0.000	0.000
1252	  G	  0.0	  2.1	0.000	0.000	0.000
1253	  D	  1.4	  0.9	0.178	0.000	0.000
1254	  F	  1.8	  0.8	0.178	0.000	0.000
1255	  E	  1.9	  0.2	0.178	0.000	0.000
1256	  T	  0.6	  0.2	0.178	0.000	0.000
1257	  D	  0.3	  0.2	0.178	0.000	0.000
1258	  L	  0.9	  0.1	0.178	0.000	0.000
1259	  V	  2.9	  0.0	0.178	0.000	0.000
1260	  S	  3.6	  0.0	0.178	0.000	0.000
1261	  H	  9.3	  0.0	0.000	0.000	0.000
1262	  I	 10.2	  0.0	0.000	0.000	0.000
1263	  T	 11.5	  0.0	0.000	0.000	0.000
1264	  T	  5.6	  0.3	0.000	0.000	0.000
1265	  K	  2.6	  0.3	0.000	0.000	0.000
1266	  D	  0.4	 10.8	0.000	0.000	0.000
1267	  S	  0.0	 11.3	0.000	0.000	0.000
1268	  D	  0.0	 11.1	0.000	0.000	0.000
1269	  G	  0.0	 11.0	0.000	0.000	0.000
1270	  K	  0.0	  0.7	0.000	0.000	0.000
1271	  P	  0.0	  0.1	0.000	0.000	0.000
1272	  T	  1.0	  0.1	0.000	0.000	0.000
1273	  T	 12.3	  0.1	0.000	0.000	0.000
1274	  I	 15.4	  0.0	0.000	0.000	0.000
1275	  T	 16.0	  0.0	0.000	0.000	0.000
1276	  T	  6.4	  0.0	0.000	0.000	0.000
1277	  T	  3.6	  0.0	0.000	0.000	0.000
1278	  I	  2.1	  0.0	0.000	0.000	0.000
1279	  P	  0.5	  0.0	0.000	0.000	0.000
1280	  L	  0.1	  0.0	0.000	0.000	0.000
1281	  K	  0.1	  0.5	0.000	0.000	0.000
1282	  P	  0.1	  0.9	0.000	0.000	0.000
1283	  S	  0.0	  1.0	0.000	0.000	0.000
1284	  D	  0.0	  2.2	0.125	0.000	0.000
1285	  A	  0.0	  1.8	0.125	0.000	0.000
1286	  G	  0.0	  1.4	0.125	0.000	0.000
1287	  E	  0.1	  1.6	0.125	0.000	0.000
1288	  A	  0.2	  0.4	0.125	0.000	0.000
1289	  D	  0.8	  0.3	0.125	0.000	0.000
1290	  Y	  2.1	  0.3	0.125	0.231	0.231
1291	  T	  3.6	  0.0	0.000	0.231	0.231
1292	  T	  3.8	  0.0	0.000	0.231	0.231
1293	  T	 13.7	  0.0	0.000	0.231	0.231
1294	  I	 14.3	  0.0	0.000	0.231	0.231
1295	  T	 13.4	  0.8	0.000	0.000	0.000
1296	  S	  2.3	  1.2	0.000	0.000	0.000
1297	  D	  0.1	  1.4	0.000	0.000	0.000
1298	  G	  0.0	  1.4	0.000	0.000	0.000
1299	  H	  3.1	  0.6	0.000	0.000	0.000
1300	  T	 14.0	  0.2	0.000	0.000	0.000
1301	  I	 14.5	  0.0	0.000	0.000	0.000
1302	  T	 12.0	  0.0	0.000	0.000	0.000
1303	  E	  1.3	  0.0	0.000	0.000	0.000
1304	  V	  4.4	  0.0	0.000	0.000	0.000
1305	  V	  6.1	  0.0	0.000	0.000	0.000
1306	  S	  6.5	  0.0	0.000	0.000	0.000
1307	  H	  9.0	  0.0	0.000	0.000	0.000
1308	  I	  9.9	  0.0	0.000	0.000	0.000
1309	  T	 10.4	  0.0	0.000	0.000	0.000
1310	  T	  4.7	  0.1	0.000	0.000	0.000
1311	  T	  2.2	  0.2	0.000	0.000	0.000
1312	  D	  0.8	  9.5	0.000	0.000	0.000
1313	  S	  0.4	  9.6	0.000	0.000	0.000
1314	  D	  0.0	 11.0	0.000	0.000	0.000
1315	  G	  0.0	 10.9	0.000	0.000	0.000
1316	  N	  0.6	  1.6	0.000	0.000	0.000
1317	  T	  8.6	  1.5	0.000	1.506	1.506
1318	  V	 15.5	  0.0	0.000	3.381	3.381
1319	  T	 30.8	  0.0	0.000	3.381	3.381
1320	  Y	 24.4	  0.0	0.000	3.381	3.381
1321	  T	 18.8	  0.0	0.000	3.381	3.381
1322	  T	  3.1	  0.0	0.082	2.885	2.885
1323	  T	  2.1	  0.0	0.082	2.034	2.034
1324	  M	  1.1	  0.4	0.082	1.521	1.521
1325	  A	  1.1	  0.4	0.082	0.894	0.894
1326	  S	  8.1	  0.6	0.082	0.363	0.363
1327	  F	  8.9	  0.7	0.082	0.363	0.363
1328	  D	  8.4	  0.3	0.000	0.000	0.000
1329	  Q	  1.5	  0.3	0.000	0.000	0.000
1330	  V	  0.8	  0.3	0.000	0.000	0.000
1331	  D	  0.7	  0.7	0.000	0.000	0.000
1332	  D	  0.3	  0.7	0.000	0.000	0.000
1333	  G	  0.0	  0.7	0.000	0.000	0.000
1334	  V	  2.8	  0.4	0.000	0.000	0.000
1335	  Y	  5.8	  0.0	0.000	0.000	0.000
1336	  T	  6.7	  0.0	0.000	0.000	0.000
1337	  S	  4.0	  0.0	0.000	0.000	0.000
1338	  A	  1.0	  0.0	0.000	0.000	0.000
1339	  P	  0.0	  0.2	0.000	0.000	0.000
1340	  P	  0.0	  0.2	0.000	0.000	0.000
1341	  Y	  4.5	  0.2	0.000	0.000	0.000
1342	  S	  4.5	  0.2	0.000	0.000	0.000
1343	  Q	  4.5	  0.0	0.000	0.000	0.000
1344	  P	  0.0	  0.0	0.000	0.000	0.000
1345	  P	  0.0	  0.0	0.000	0.111	0.111
1346	  V	  2.5	  0.0	0.000	12.980	12.980
1347	  V	  4.1	  0.0	0.000	13.898	13.898
1348	  T	  5.6	  0.0	0.000	13.898	13.898
1349	  T	  5.0	  0.0	0.000	13.898	13.898
1350	  T	 13.6	  0.0	0.000	13.898	13.898
1351	  V	 12.8	  0.0	0.000	12.153	12.153
1352	  T	 10.9	  0.4	0.000	2.421	2.421
1353	  E	  0.7	  0.7	0.000	0.000	0.000
1354	  D	  0.1	  1.7	0.000	0.000	0.000
1355	  D	  0.0	  2.2	0.000	0.000	0.000
1356	  G	  0.0	  2.0	0.000	0.000	0.000
1357	  S	  0.1	  1.7	0.000	0.000	0.000
1358	  S	  0.6	  0.9	0.000	0.000	0.000
1359	  K	  1.3	  0.3	0.000	0.000	0.000
1360	  T	  4.7	  0.1	0.000	11.114	11.114
1361	  V	  9.0	  0.1	0.000	25.474	25.474
1362	  V	 11.0	  0.0	0.000	25.474	25.474
1363	  I	 11.1	  0.0	0.000	25.474	25.474
1364	  S	 33.9	  0.0	0.000	25.474	25.474
1365	  Y	 31.5	  0.0	0.000	22.970	22.970
1366	  S	 28.9	  1.7	0.000	0.000	0.000
1367	  P	  0.3	  1.8	0.000	0.000	0.000
1368	  S	  0.0	  2.3	0.000	0.000	0.000
1369	  E	  0.0	  2.6	0.000	0.000	0.000
1370	  G	  0.0	  2.3	0.000	0.000	0.000
1371	  E	  0.0	  2.7	0.000	0.000	0.000
1372	  D	  0.0	  2.2	0.000	0.000	0.000
1373	  G	  0.1	  2.0	0.000	0.000	0.000
1374	  V	  1.8	  0.6	0.000	0.000	0.000
1375	  T	  2.4	  0.2	0.000	0.000	0.000
1376	  R	  2.4	  0.3	0.000	0.000	0.000
1377	  T	  0.7	  0.6	0.000	0.000	0.000
1378	  G	  0.1	  0.6	0.000	0.000	0.000
1379	  T	  1.6	  0.5	0.000	0.133	0.133
1380	  T	  2.4	  0.4	0.000	0.598	0.598
1381	  T	 13.5	  0.0	0.000	1.371	1.371
1382	  I	 12.8	  0.1	0.000	2.047	2.047
1383	  S	 12.2	  0.0	0.462	2.047	2.047
1384	  T	 11.1	  0.0	0.462	2.047	2.047
1385	  I	 13.6	  0.0	0.462	2.047	2.047
1386	  T	 15.6	  0.5	0.462	1.328	1.328
1387	  A	  6.0	  0.7	0.462	0.609	0.609
1388	  S	  2.6	  0.9	0.462	0.000	0.000
1389	  G	  0.1	  0.9	0.000	0.000	0.000
1390	  E	  0.2	  0.6	0.000	0.000	0.000
1391	  A	  0.2	  0.4	0.000	0.000	0.000
1392	  D	  0.9	  0.3	0.000	0.000	0.000
1393	  Y	  2.4	  0.2	0.000	0.544	0.544
1394	  T	  3.9	  0.0	0.000	0.544	0.544
1395	  T	  4.2	  0.0	0.000	0.544	0.544
1396	  T	  6.9	  0.0	0.000	0.544	0.544
1397	  I	  5.5	  0.1	0.000	0.544	0.544
1398	  D	  4.5	  0.7	0.000	0.000	0.000
1399	  K	  0.2	  1.9	0.000	0.000	0.000
1400	  G	  0.0	  2.1	0.000	0.000	0.000
1401	  N	  0.0	  2.7	0.000	0.000	0.000
1402	  G	  0.0	  2.1	0.000	0.000	0.000
1403	  D	  1.4	  0.9	0.178	0.000	0.000
1404	  F	  1.8	  0.8	0.178	0.000	0.000
1405	  E	  1.9	  0.2	0.178	0.000	0.000
1406	  T	  0.6	  0.2	0.178	0.000	0.000
1407	  D	  0.3	  0.2	0.178	0.000	0.000
1408	  L	  0.9	  0.1	0.178	0.000	0.000
1409	  V	  2.9	  0.0	0.178	0.000	0.000
1410	  S	  3.6	  0.0	0.178	0.000	0.000
1411	  H	  9.3	  0.0	0.000	0.000	0.000
1412	  I	 10.2	  0.0	0.000	0.000	0.000
1413	  T	 11.5	  0.0	0.000	0.000	0.000
1414	  T	  5.6	  0.3	0.000	0.000	0.000
1415	  K	  2.6	  0.3	0.000	0.000	0.000
1416	  D	  0.4	 10.8	0.000	0.000	0.000
1417	  S	  0.0	 11.3	0.000	0.000	0.000
1418	  D	  0.0	 11.1	0.000	0.000	0.000
1419	  G	  0.0	 11.0	0.000	0.000	0.000
1420	  K	  0.0	  0.7	0.000	0.000	0.000
1421	  P	  0.0	  0.1	0.000	0.000	0.000
1422	  T	  1.0	  0.1	0.000	0.000	0.000
1423	  T	 12.3	  0.1	0.000	0.000	0.000
1424	  I	 15.4	  0.0	0.000	0.000	0.000
1425	  T	 16.0	  0.0	0.000	0.000	0.000
1426	  T	  6.4	  0.0	0.000	0.000	0.000
1427	  T	  3.6	  0.0	0.000	0.000	0.000
1428	  I	  2.1	  0.0	0.000	0.000	0.000
1429	  P	  0.5	  0.0	0.000	0.000	0.000
1430	  L	  0.1	  0.0	0.000	0.000	0.000
1431	  K	  0.1	  0.5	0.000	0.000	0.000
1432	  P	  0.1	  0.9	0.000	0.000	0.000
1433	  S	  0.0	  1.0	0.000	0.000	0.000
1434	  D	  0.0	  2.2	0.125	0.000	0.000
1435	  A	  0.0	  1.8	0.125	0.000	0.000
1436	  G	  0.0	  1.4	0.125	0.000	0.000
1437	  E	  0.1	  1.6	0.125	0.000	0.000
1438	  A	  0.2	  0.4	0.125	0.000	0.000
1439	  D	  0.9	  0.3	0.125	0.000	0.000
1440	  Y	  2.3	  0.3	0.125	0.544	0.544
1441	  T	  3.9	  0.0	0.000	0.544	0.544
1442	  T	  4.2	  0.0	0.000	0.544	0.544
1443	  T	  6.9	  0.0	0.000	0.544	0.544
1444	  I	  5.5	  0.1	0.000	0.544	0.544
1445	  D	  4.5	  0.7	0.000	0.000	0.000
1446	  K	  0.2	  1.9	0.000	0.000	0.000
1447	  G	  0.0	  2.1	0.000	0.000	0.000
1448	  N	  0.0	  2.7	0.000	0.000	0.000
1449	  G	  0.0	  2.1	0.000	0.000	0.000
1450	  D	  1.4	  0.9	0.178	0.000	0.000
1451	  F	  1.8	  0.8	0.178	0.000	0.000
1452	  E	  1.9	  0.2	0.178	0.000	0.000
1453	  T	  0.6	  0.2	0.178	0.000	0.000
1454	  D	  0.3	  0.2	0.178	0.000	0.000
1455	  L	  0.9	  0.1	0.178	0.000	0.000
1456	  V	  2.9	  0.0	0.178	0.000	0.000
1457	  S	  3.6	  0.0	0.178	0.000	0.000
1458	  H	  9.3	  0.0	0.000	0.000	0.000
1459	  I	 10.2	  0.0	0.000	0.000	0.000
1460	  T	 11.5	  0.0	0.000	0.000	0.000
1461	  T	  5.6	  0.3	0.000	0.000	0.000
1462	  K	  2.6	  0.3	0.000	0.000	0.000
1463	  D	  0.4	 10.8	0.000	0.000	0.000
1464	  S	  0.0	 11.3	0.000	0.000	0.000
1465	  D	  0.0	 11.1	0.000	0.000	0.000
1466	  G	  0.0	 11.0	0.000	0.000	0.000
1467	  K	  0.0	  0.7	0.000	0.000	0.000
1468	  P	  0.0	  0.2	0.000	0.000	0.000
1469	  T	  1.0	  0.2	0.000	0.000	0.000
1470	  T	  3.2	  0.2	0.000	0.000	0.000
1471	  I	  6.6	  0.0	0.000	0.000	0.000
1472	  I	  6.4	  0.0	0.000	0.000	0.000
1473	  R	  4.8	  0.0	0.000	0.000	0.000
1474	  T	 11.4	  0.0	0.000	0.953	0.953
1475	  V	 16.8	  0.0	0.000	0.953	0.953
1476	  T	 18.6	  0.0	0.000	0.953	0.953
1477	  L	  9.1	  0.0	0.000	0.953	0.953
1478	  T	  2.7	  0.0	0.000	0.953	0.953
1479	  E	  0.1	  0.0	0.000	0.000	0.000
1480	  E	  0.1	  0.6	0.000	0.000	0.000
1481	  P	  0.0	  0.6	0.000	0.000	0.000
1482	  D	  0.8	  0.6	0.000	0.000	0.000
1483	  Y	  3.6	  0.7	0.000	6.719	6.719
1484	  T	  4.3	  0.1	0.000	8.328	8.328
1485	  S	  4.4	  0.1	0.000	9.033	9.033
1486	  V	  7.3	  0.1	0.000	9.033	9.033
1487	  F	  8.0	  0.0	0.000	9.033	9.033
1488	  V	  7.3	  0.4	0.000	8.036	8.036
1489	  S	  1.8	  0.8	0.000	1.521	1.521
1490	  D	  0.2	  1.0	0.000	0.000	0.000
1491	  G	  0.0	  1.0	0.000	0.000	0.000
1492	  H	  3.0	  0.6	0.000	0.074	0.074
1493	  T	 13.8	  0.2	0.000	19.094	19.094
1494	  I	 17.2	  0.0	0.000	48.640	48.640
1495	  T	 15.1	  0.0	0.000	48.942	48.942
1496	  A	  4.9	  0.0	0.000	49.006	49.006
1497	  V	  5.0	  0.0	0.000	49.081	49.081
1498	  V	  6.4	  0.0	0.000	47.814	47.814
1499	  S	  6.1	  0.0	0.000	6.847	6.847
1500	  H	  3.8	  0.0	0.000	1.423	1.423
1501	  V	  3.4	  0.0	0.000	1.423	1.423
1502	  T	  4.7	  0.0	0.000	0.630	0.630
1503	  T	  3.8	  0.1	0.000	0.237	0.237
1504	  T	  2.2	  0.2	0.000	0.000	0.000
1505	  N	  0.7	  0.2	0.000	0.000	0.000
1506	  D	  0.2	  0.7	0.000	0.000	0.000
1507	  I	  0.2	  0.8	0.000	0.197	0.197
1508	  G	  0.1	  0.8	0.000	0.197	0.197
1509	  Q	  0.4	  0.8	0.000	0.648	0.648
1510	  T	  9.8	  0.2	0.000	14.023	14.023
1511	  V	 11.0	  0.1	0.000	36.233	36.233
1512	  T	 11.8	  0.0	0.000	37.882	37.882
1513	  T	  3.9	  0.0	0.000	40.694	40.694
1514	  T	 11.1	  0.0	0.000	43.500	43.500
1515	  V	 24.7	  0.0	0.000	44.404	44.404
1516	  T	 26.0	  0.0	0.000	42.609	42.609
1517	  V	 20.7	  0.1	0.000	41.528	41.528
1518	  M	  7.2	  0.1	0.000	26.380	26.380
1519	  S	  9.9	  0.4	0.000	5.744	5.744
1520	  Y	  8.5	  0.4	0.000	4.517	4.517
1521	  D	  6.7	  0.4	0.000	0.000	0.000
1522	  Q	  1.0	  0.4	0.000	0.000	0.000
1523	  V	  0.2	  0.4	0.000	0.000	0.000
1524	  G	  0.1	  0.8	0.000	0.000	0.000
1525	  E	  0.1	  0.8	0.000	0.000	0.000
1526	  G	  0.0	  0.8	0.517	0.000	0.000
1527	  V	  2.8	  0.5	0.517	1.254	1.254
1528	  Y	  5.7	  0.1	0.517	1.254	1.254
1529	  T	  6.0	  0.1	1.103	1.254	1.254
1530	  S	  3.4	  0.1	1.275	1.254	1.254
1531	  A	  0.6	  0.1	1.275	1.254	1.254
1532	  L	  0.4	  0.0	1.275	1.254	1.254
1533	  A	  0.8	  0.0	1.275	0.852	0.852
1534	  Y	  2.2	  0.0	1.167	0.511	0.511
1535	  S	  2.0	  0.0	0.172	0.000	0.000
1536	  E	  1.6	  0.0	0.000	0.000	0.000
1537	  P	  0.0	  0.0	0.000	0.000	0.000
1538	  P	  0.0	  0.0	0.000	0.000	0.000
1539	  V	  1.5	  0.0	0.000	1.187	1.187
1540	  T	  2.8	  0.0	0.000	1.187	1.187
1541	  T	  4.2	  0.0	0.000	1.187	1.187
1542	  T	  4.6	  0.0	0.000	1.187	1.187
1543	  T	 19.9	  0.0	0.000	1.187	1.187
1544	  V	 20.1	  0.0	0.000	1.187	1.187
1545	  S	 18.7	  1.5	0.000	0.000	0.000
1546	  A	  2.3	  1.6	0.000	0.000	0.000
1547	  D	  0.4	  1.6	0.000	0.000	0.000
1548	  T	  1.1	  1.7	0.000	1.257	1.257
1549	  A	  1.2	  0.2	0.000	3.457	3.457
1550	  T	  2.2	  0.1	0.000	9.706	9.706
1551	  A	  1.7	  0.1	0.000	16.791	16.791
1552	  T	  6.6	  0.0	0.000	20.029	20.029
1553	  V	 13.0	  0.0	0.000	24.347	24.347
1554	  V	 15.3	  0.1	0.000	24.347	24.347
1555	  M	 12.8	  0.2	0.000	21.010	21.010
1556	  S	  6.9	  0.2	0.000	12.619	12.619
1557	  Y	  4.1	  0.2	0.000	11.007	11.007
1558	  F	  1.7	  0.9	0.000	1.264	1.264
1559	  P	  0.2	  0.8	0.000	0.521	0.521
1560	  S	  0.2	  1.0	0.000	0.000	0.000
1561	  I	  0.2	  3.3	0.000	0.000	0.000
1562	  G	  0.2	  3.3	0.000	0.000	0.000
1563	  D	  0.0	  3.7	0.000	0.000	0.000
1564	  D	  0.0	  3.5	0.000	0.000	0.000
1565	  G	  0.1	  1.3	0.000	0.000	0.000
1566	  V	  1.8	  0.4	0.000	0.000	0.000
1567	  T	  2.4	  0.2	0.000	0.000	0.000
1568	  R	  2.4	  0.3	0.000	0.000	0.000
1569	  T	  0.7	  0.6	0.000	0.000	0.000
1570	  G	  0.1	  0.6	0.000	0.000	0.000
1571	  T	  1.6	  0.5	0.000	0.349	0.349
1572	  T	  2.3	  0.4	0.000	0.928	0.928
1573	  T	 12.4	  0.0	0.000	1.892	1.892
1574	  I	 11.6	  0.0	0.000	2.856	2.856
1575	  S	 11.1	  0.0	0.000	2.856	2.856
1576	  T	 17.0	  0.0	0.000	2.856	2.856
1577	  V	 22.7	  0.0	0.000	2.856	2.856
1578	  S	 22.7	  0.1	0.000	2.104	2.104
1579	  V	  8.4	  1.0	0.000	2.104	2.104
1580	  G	  0.3	  1.1	0.000	0.000	0.000
1581	  G	  0.1	  1.1	0.000	0.000	0.000
1582	  E	  0.1	  1.3	0.000	0.000	0.000
1583	  A	  0.2	  0.3	0.000	0.000	0.000
1584	  D	  0.9	  0.3	0.000	0.000	0.000
1585	  Y	  2.3	  0.3	0.000	0.580	0.580
1586	  T	  3.9	  0.0	0.000	0.580	0.580
1587	  T	  5.2	  0.0	0.000	0.580	0.580
1588	  T	  8.1	  0.1	0.000	0.580	0.580
1589	  V	  6.7	  0.1	0.000	0.580	0.580
1590	  D	  4.6	  0.4	0.000	0.000	0.000
1591	  R	  0.3	  0.9	0.000	0.000	0.000
1592	  G	  0.1	  1.1	0.000	0.000	0.000
1593	  N	  0.1	  1.2	0.000	0.000	0.000
1594	  G	  0.0	  0.9	0.000	0.000	0.000
1595	  S	  1.7	  0.4	0.000	0.000	0.000
1596	  I	  2.2	  0.1	0.000	0.000	0.000
1597	  E	  2.2	  0.1	0.000	0.000	0.000
1598	  T	  1.0	  0.1	0.000	0.000	0.000
1599	  D	  2.1	  0.1	0.000	0.000	0.000
1600	  V	  5.9	  0.0	0.000	0.000	0.000
1601	  I	  6.0	  0.0	0.000	0.000	0.000
1602	  S	  5.2	  0.0	0.000	0.000	0.000
1603	  H	  7.6	  0.0	0.000	0.000	0.000
1604	  I	 10.0	  0.0	0.000	0.000	0.000
1605	  T	 10.6	  0.0	0.000	0.000	0.000
1606	  T	  4.8	  0.1	0.000	0.000	0.000
1607	  T	  2.3	  0.2	0.000	0.000	0.000
1608	  D	  0.8	  9.4	0.000	0.000	0.000
1609	  S	  0.5	  9.8	0.000	0.000	0.000
1610	  N	  0.0	  9.7	0.000	0.000	0.000
1611	  G	  0.0	  9.6	0.000	0.000	0.000
1612	  N	  0.0	  0.8	0.000	0.000	0.000
1613	  P	  0.0	  0.4	0.000	0.000	0.000
1614	  T	  1.0	  0.4	0.000	0.999	0.999
1615	  T	 11.2	  0.4	0.000	2.668	2.668
1616	  I	 14.1	  0.0	0.000	5.437	5.437
1617	  T	 14.5	  0.0	0.000	5.437	5.437
1618	  T	  5.2	  0.0	0.000	5.437	5.437
1619	  T	 12.4	  0.0	0.000	5.437	5.437
1620	  I	 11.5	  0.0	0.000	5.437	5.437
1621	  T	 10.9	  0.0	0.000	2.044	2.044
1622	  N	  0.7	  0.0	0.000	0.000	0.000
1623	  A	  0.2	  0.0	0.000	0.000	0.000
1624	  P	  0.0	  0.0	0.000	0.000	0.000
1625	  A	  0.0	  0.3	0.000	0.000	0.000
1626	  P	  0.0	  0.3	0.000	0.000	0.000
1627	  S	  5.8	  0.5	0.000	0.000	0.000
1628	  I	  6.4	  0.5	0.000	0.000	0.000
1629	  S	  6.5	  0.3	0.132	0.000	0.000
1630	  K	  0.8	  0.5	0.132	0.000	0.000
1631	  A	  0.3	  0.3	0.132	0.000	0.000
1632	  N	  0.2	  0.7	0.132	0.000	0.000
1633	  V	  0.3	  1.3	0.132	0.000	0.000
1634	  G	  0.2	  1.5	0.132	0.000	0.000
1635	  S	  0.1	  1.5	0.000	0.000	0.000
1636	  D	  0.7	  1.1	0.000	0.000	0.000
1637	  Y	  2.2	  0.4	0.000	1.604	1.604
1638	  T	  3.7	  0.0	0.000	1.946	1.946
1639	  T	  4.9	  0.0	0.000	2.116	2.116
1640	  T	  8.8	  0.0	0.000	2.116	2.116
1641	  V	 11.3	  0.0	0.000	2.116	2.116
1642	  V	  9.6	  0.3	0.000	1.878	1.878
1643	  S	  4.4	  0.7	0.000	0.322	0.322
1644	  D	  0.2	  0.9	0.000	0.000	0.000
1645	  G	  0.0	  0.9	0.000	0.000	0.000
1646	  H	  2.7	  0.6	0.000	0.000	0.000
1647	  T	 21.0	  0.2	0.000	0.000	0.000
1648	  F	 21.8	  0.0	0.000	0.000	0.000
1649	  T	 19.6	  0.0	0.000	0.000	0.000
1650	  E	  1.7	  0.0	0.000	0.000	0.000
1651	  V	  4.3	  0.0	0.000	0.000	0.000
1652	  V	  6.2	  0.0	0.000	0.000	0.000
1653	  S	  7.1	  0.2	0.000	0.000	0.000
1654	  H	  3.6	  0.7	0.000	0.000	0.000
1655	  S	  1.5	  0.8	0.000	0.000	0.000
1656	  T	  0.2	  1.0	0.000	0.000	0.000
1657	  G	  0.1	  0.9	0.000	0.000	0.000
1658	  T	  0.1	  0.5	0.000	0.000	0.000
1659	  D	  0.1	  1.1	0.000	0.000	0.000
1660	  E	  0.1	  1.5	0.000	0.000	0.000
1661	  H	  0.1	  1.7	0.000	0.000	0.000
1662	  G	  0.1	  1.6	0.000	0.000	0.000
1663	  H	  3.2	  0.9	0.000	0.000	0.000
1664	  T	  7.4	  0.3	0.000	7.295	7.295
1665	  I	  9.8	  0.0	0.000	19.240	19.240
1666	  V	  7.5	  0.0	0.000	19.789	19.789
1667	  S	  3.6	  0.0	0.087	19.789	19.789
1668	  T	 11.1	  0.0	0.087	19.789	19.789
1669	  V	 13.6	  0.0	0.087	19.730	19.730
1670	  T	 13.9	  0.1	0.087	10.291	10.291
1671	  Q	  4.4	  0.1	0.087	4.275	4.275
1672	  T	  1.5	  0.1	0.087	4.128	4.128
1673	  V	  1.1	  0.2	0.087	4.128	4.128
1674	  G	  0.9	  0.1	0.087	2.195	2.195
1675	  V	  1.5	  0.2	0.000	2.098	2.098
1676	  Q	  1.3	  0.2	0.000	0.000	0.000
1677	  S	  1.4	  0.5	0.000	0.000	0.000
1678	  H	  0.4	  1.8	0.000	0.000	0.000
1679	  G	  0.2	  1.9	0.000	0.000	0.000
1680	  S	  0.4	  1.7	0.000	0.000	0.000
1681	  T	 18.0	  1.4	0.000	0.000	0.000
1682	  V	 19.1	  0.1	0.000	0.000	0.000
1683	  S	 18.8	  0.1	0.000	0.000	0.000
1684	  S	  1.6	  0.1	0.000	0.000	0.000
1685	  A	  0.3	  0.1	0.000	0.000	0.000
1686	  A	  0.2	  0.0	0.000	0.000	0.000
1687	  P	  0.0	  0.0	0.000	0.000	0.000
1688	  V	  0.7	  0.0	0.000	0.000	0.000
1689	  S	  1.1	  0.0	0.000	0.000	0.000
1690	  T	 18.7	  0.1	0.000	0.000	0.000
1691	  V	 18.4	  0.2	0.000	0.000	0.000
1692	  S	 18.1	  0.7	0.000	0.000	0.000
1693	  G	  0.6	  1.3	0.000	0.000	0.000
1694	  A	  0.0	  1.9	0.000	0.000	0.000
1695	  G	  0.0	  2.1	0.000	0.000	0.000
1696	  S	  0.0	  1.6	0.000	0.000	0.000
1697	  N	  0.0	  1.0	0.000	0.000	0.000
1698	  A	  0.0	  1.4	0.000	0.000	0.000
1699	  P	  0.0	  1.1	0.000	0.000	0.000
1700	  G	  0.1	  1.1	0.000	0.000	0.000
1701	  T	  0.2	  1.4	0.000	0.000	0.000
1702	  A	  0.2	  0.5	0.000	0.000	0.000
1703	  G	  0.1	  0.5	0.000	0.000	0.000
1704	  V	  0.1	  1.7	0.000	0.845	0.845
1705	  G	  0.1	  1.4	0.000	0.845	0.845
1706	  G	  0.1	  1.4	0.000	0.845	0.845
1707	  I	  1.2	  1.3	0.000	0.845	0.845
1708	  V	  2.7	  0.1	0.000	0.845	0.845
1709	  N	  2.8	  0.2	0.000	0.000	0.000
1710	  S	  2.1	  0.2	0.000	0.000	0.000
1711	  Q	  0.6	  0.2	0.000	0.000	0.000
1712	  K	  0.5	  0.3	0.000	0.000	0.000
1713	  P	  0.0	  0.5	0.000	0.000	0.000
1714	  Q	  0.0	  0.6	0.000	0.000	0.000
1715	  S	  0.1	  1.3	0.000	0.000	0.000
1716	  G	  0.1	  1.1	0.000	0.000	0.000
1717	  N	  0.4	  0.7	0.000	0.000	0.000
1718	  V	  1.0	  0.9	0.000	0.000	0.000
1719	  A	  1.0	  0.4	0.000	0.000	0.000
1720	  G	  0.6	  0.9	0.000	0.000	0.000
1721	  Q	  0.0	  1.5	0.000	0.000	0.000
1722	  G	  0.0	  1.4	0.000	0.000	0.000
1723	  S	  0.1	  2.8	0.000	0.000	0.000
1724	  G	  0.1	  2.3	0.000	0.000	0.000
1725	  N	  0.1	  1.7	0.000	0.000	0.000
1726	  E	  0.1	  1.6	0.000	0.000	0.000
1727	  K	  0.1	  0.2	0.000	0.000	0.000
1728	  P	  0.0	  0.2	0.000	0.000	0.000
1729	  T	  0.5	  0.2	0.000	0.000	0.000
1730	  Q	  0.5	  0.2	0.000	0.000	0.000
1731	  A	  0.5	  0.3	0.000	0.000	0.000
1732	  A	  0.1	  0.4	0.000	0.000	0.000
1733	  G	  0.1	  0.4	0.000	0.000	0.000
1734	  T	  0.2	  0.7	0.000	0.000	0.000
1735	  A	  0.2	  0.7	0.000	0.000	0.000
1736	  G	  0.1	  1.3	0.000	0.000	0.000
1737	  G	  0.0	  1.7	0.000	0.000	0.000
1738	  S	  0.3	  3.3	0.000	0.000	0.000
1739	  G	  0.3	  3.5	0.000	0.000	0.000
1740	  S	  0.5	  4.5	0.000	0.000	0.000
1741	  G	  0.3	  4.5	0.000	0.000	0.000
1742	  S	  0.5	  4.5	0.000	0.000	0.000
1743	  G	  0.2	  4.5	0.000	0.000	0.000
1744	  S	  0.5	  4.5	0.000	0.000	0.000
1745	  G	  0.3	  4.5	0.000	0.000	0.000
1746	  S	  0.5	  4.5	0.000	0.000	0.000
1747	  G	  0.3	  4.1	0.000	0.000	0.000
1748	  S	  0.3	  2.3	0.000	0.000	0.000
1749	  G	  0.0	  1.9	0.000	0.000	0.000
1750	  P	  0.0	  0.0	0.000	0.000	0.000
1751	  V	  2.2	  0.0	0.000	0.000	0.000
1752	  H	  2.5	  0.2	0.000	0.000	0.000
1753	  Q	  2.8	  0.2	0.000	0.000	0.000
1754	  S	  0.9	  0.2	0.000	0.000	0.000
1755	  V	  0.7	  0.7	0.000	0.000	0.000
1756	  G	  0.4	  0.5	0.000	0.000	0.000
1757	  N	  3.3	  0.5	0.000	0.000	0.000
1758	  I	  3.8	  0.5	0.000	0.000	0.000
1759	  V	  3.9	  0.6	0.000	0.000	0.000
1760	  P	  0.6	  1.0	0.000	0.000	0.000
1761	  S	  0.5	  1.0	0.000	0.000	0.000
1762	  G	  0.5	  1.0	0.000	0.000	0.000
1763	  S	  0.5	  2.9	0.000	0.000	0.000
1764	  P	  0.0	  2.5	0.000	0.000	0.000
1765	  S	  1.3	  2.5	0.000	0.000	0.000
1766	  V	  3.3	  2.5	0.000	0.000	0.000
1767	  Q	  3.4	  0.0	0.000	0.000	0.000
1768	  S	  2.1	  0.2	0.000	0.000	0.000
1769	  P	  0.0	  0.3	0.000	0.000	0.000
1770	  M	  0.2	  0.4	0.000	0.000	0.000
1771	  D	  0.3	  0.4	0.000	0.000	0.000
1772	  T	  5.3	  0.2	0.000	0.000	0.000
1773	  A	  5.1	  0.1	0.000	0.000	0.000
1774	  S	  5.0	  0.0	0.000	0.000	0.000
1775	  P	  0.0	  0.0	0.000	0.000	0.000
1776	  V	  0.6	  0.1	0.000	0.000	0.000
1777	  S	  0.6	  0.3	0.000	0.000	0.000
1778	  G	  0.7	  0.3	0.000	0.000	0.000
1779	  I	  0.5	  0.3	0.000	0.000	0.000
1780	  H	  0.5	  0.4	0.000	0.000	0.000
1781	  S	  0.6	  0.3	0.000	0.000	0.000
1782	  S	  0.8	  0.3	0.000	0.000	0.000
1783	  Q	  0.7	  0.3	0.000	0.000	0.000
1784	  T	  0.6	  0.3	0.000	0.000	0.000
1785	  P	  0.0	  0.3	0.000	0.000	0.000
1786	  H	  0.4	  0.3	0.000	0.000	0.000
1787	  S	  0.6	  0.3	0.000	0.000	0.000
1788	  V	  0.6	  0.2	0.000	0.000	0.000
1789	  P	  0.2	  0.3	0.000	0.000	0.000
1790	  S	  0.1	  0.3	0.000	0.000	0.000
1791	  Q	  0.3	  0.3	0.000	0.000	0.000
1792	  A	  0.4	  0.2	0.000	0.000	0.000
1793	  Q	  0.6	  0.2	0.000	0.000	0.000
1794	  Q	  0.4	  0.5	0.000	0.000	0.000
1795	  Q	  0.3	  0.5	0.000	0.000	0.000
1796	  G	  0.0	  1.1	0.000	0.000	0.000
1797	  Q	  0.0	  1.0	0.000	0.000	0.000
1798	  G	  0.0	  1.3	0.000	0.000	0.000
1799	  Q	  0.0	  1.3	0.000	0.000	0.000
1800	  G	  0.2	  0.7	0.000	0.000	0.000
1801	  Q	  0.2	  0.6	0.000	0.000	0.000
1802	  A	  0.2	  0.4	0.000	0.000	0.000
1803	  P	  0.0	  0.6	0.000	0.000	0.000
1804	  S	  0.3	  0.7	0.000	0.000	0.000
1805	  S	  0.5	  0.7	0.000	0.000	0.000
1806	  R	  0.9	  0.4	0.000	0.000	0.000
1807	  Q	  0.7	  0.2	0.000	0.000	0.000
1808	  Q	  0.5	  0.1	0.000	0.000	0.000
1809	  A	  0.1	  0.1	0.000	1.194	1.194
1810	  A	  0.2	  0.0	0.000	2.394	2.394
1811	  T	  2.1	  0.0	0.000	2.394	2.394
1812	  T	  5.4	  0.0	0.000	2.394	2.394
1813	  V	  9.8	  0.0	0.000	2.394	2.394
1814	  L	  8.0	  0.0	0.000	2.217	2.217
1815	  S	  4.7	  8.0	0.000	0.000	0.000
1816	  P	  0.1	  8.3	0.000	0.000	0.000
1817	  S	  0.2	  9.4	0.000	0.000	0.000
1818	  G	  0.2	  9.9	0.000	0.000	0.000
1819	  S	  0.3	  2.1	0.000	0.000	0.000
1820	  S	  0.1	  5.1	0.000	0.000	0.000
1821	  G	  0.1	  4.1	0.000	0.000	0.000
1822	  N	  0.1	  5.5	0.000	0.000	0.000
1823	  N	  0.0	  5.8	0.000	0.000	0.000
1824	  N	  0.0	  2.8	0.000	0.000	0.000
1825	  G	  0.0	  2.8	0.000	0.000	0.000
1826	  S	  0.2	  1.0	0.000	0.000	0.000
1827	  R	  1.2	  0.5	0.000	0.000	0.000
1828	  F	  2.7	  0.2	0.000	0.000	0.000
1829	  S	  2.8	  0.2	0.000	0.000	0.000
1830	  S	  2.2	  0.2	0.382	0.000	0.000
1831	  T	  1.4	  0.3	0.382	0.000	0.000
1832	  Q	  1.1	  0.2	0.382	0.000	0.000
1833	  T	  3.5	  0.3	0.382	0.000	0.000
1834	  A	  2.9	  0.3	0.382	0.000	0.000
1835	  S	  3.1	  0.2	0.382	0.000	0.000
1836	  A	  0.4	  0.2	0.114	0.000	0.000
1837	  L	  0.3	  1.7	0.114	0.000	0.000
1838	  P	  0.0	  1.9	0.000	0.000	0.000
1839	  G	  0.1	  1.9	0.096	0.000	0.000
1840	  S	  0.2	  1.9	1.519	0.000	0.000
1841	  A	  0.2	  0.2	1.519	0.000	0.000
1842	  A	  0.8	  0.0	1.519	0.000	0.000
1843	  T	 11.8	  0.0	1.519	0.000	0.000
1844	  I	 13.1	  0.0	1.519	0.000	0.000
1845	  K	 12.7	  0.0	1.519	0.000	0.000
1846	  A	  1.9	  0.0	0.407	0.113	0.113
1847	  T	  0.6	  0.2	0.586	0.246	0.246
1848	  S	  0.2	  0.2	3.968	0.350	0.350
1849	  N	  0.1	  0.2	11.720	1.177	1.177
1850	  T	  0.3	  0.2	20.719	21.671	21.671
1851	  A	  0.7	  0.0	22.520	55.698	55.698
1852	  I	  2.9	  0.0	24.691	95.843	95.843
1853	  L	  3.9	  0.0	25.307	99.334	99.334
1854	  V	  5.5	  0.0	25.682	99.941	99.941
1855	  L	  4.3	  0.0	25.682	99.991	99.991
1856	  I	  6.9	  0.0	25.479	99.999	99.999
1857	  I	  6.0	  0.0	25.479	99.999	99.999
1858	  L	  5.4	  0.0	25.479	99.989	99.989
1859	  F	  2.2	  0.0	24.751	99.931	99.931
1860	  F	  1.3	  0.1	16.721	99.175	99.175
1861	  L	  1.0	  0.1	4.852	89.392	89.392
1862	  G	  0.3	  0.1	4.153	33.064	33.064
1863	  L	  0.1	  0.1	0.985	30.911	30.911
1864	  T	  0.0	  0.1	0.000	0.001	0.001
