res	aa	Beta	Turn	Helix	Aggregation	Conc-Stab_Aggregation
01	  M	  0.3	  0.1	0.000	0.000	0.000
02	  Q	  0.8	  0.1	0.000	0.000	0.000
03	  N	  2.0	  0.3	0.000	0.000	0.000
04	  V	  6.2	  0.3	0.000	0.000	0.000
05	  D	  5.8	  0.5	0.000	0.000	0.000
06	  I	  4.6	  0.9	0.000	0.000	0.000
07	  G	  0.1	  0.9	0.000	0.000	0.000
08	  A	  0.2	  0.9	0.000	0.000	0.000
09	  S	  0.8	  0.6	0.000	0.000	0.000
10	  T	  2.3	  0.2	0.000	0.000	0.000
11	  T	  3.8	  0.1	0.000	0.000	0.000
12	  T	  5.2	  0.1	0.000	0.000	0.000
13	  T	  9.0	  0.1	0.000	0.000	0.000
14	  V	  8.0	  0.1	0.000	0.000	0.000
15	  N	  6.0	  0.3	0.000	0.000	0.000
16	  N	  0.6	  0.3	0.000	0.000	0.000
17	  N	  0.4	  0.3	0.000	0.000	0.000
18	  L	  0.5	  0.3	0.000	0.000	0.000
19	  W	  2.9	  0.0	0.000	0.000	0.000
20	  E	  4.8	  0.0	0.000	0.000	0.000
21	  F	  6.1	  0.2	0.000	0.000	0.000
22	  T	  3.9	  0.3	0.000	0.000	0.000
23	  G	  1.5	  0.4	0.128	0.000	0.000
24	  S	  3.7	  0.7	0.128	0.000	0.000
25	  I	  4.4	  0.5	0.128	0.000	0.000
26	  N	  4.4	  0.3	0.128	0.000	0.000
27	  A	  1.2	  0.3	0.128	0.000	0.000
28	  Q	  1.5	  0.1	0.128	0.000	0.000
29	  I	  2.4	  2.5	0.000	0.000	0.000
30	  N	  2.1	  2.5	0.000	0.000	0.000
31	  G	  1.0	  2.5	0.000	0.000	0.000
32	  A	  0.5	  2.4	0.000	0.000	0.000
33	  V	  1.1	  0.1	0.000	0.000	0.000
34	  S	  1.1	  0.3	0.000	0.000	0.000
35	  G	  0.6	  0.3	0.293	0.000	0.000
36	  A	  0.1	  0.3	0.293	0.000	0.000
37	  A	  0.4	  0.2	0.293	0.000	0.000
38	  Q	  1.5	  0.0	0.293	0.000	0.000
39	  I	  5.4	  0.0	0.293	0.000	0.000
40	  N	  5.4	  3.4	0.293	0.000	0.000
41	  L	  4.3	  3.6	0.187	0.000	0.000
42	  D	  0.3	  4.4	0.187	0.000	0.000
43	  G	  0.1	  4.6	0.000	0.000	0.000
44	  S	  0.0	  1.3	0.000	0.000	0.000
45	  N	  0.6	  1.0	0.103	0.000	0.000
46	  M	  1.3	  0.3	0.103	0.513	0.513
47	  F	  2.9	  0.0	0.103	0.513	0.513
48	  V	  2.9	  0.0	0.103	0.513	0.513
49	  N	  2.1	  1.6	0.292	0.513	0.513
50	  A	  0.6	  1.6	0.292	0.513	0.513
51	  N	  2.4	  1.5	0.292	0.122	0.122
52	  T	 31.7	  1.6	0.189	0.122	0.122
53	  F	 32.5	  0.3	0.189	0.234	0.234
54	  S	 30.4	  0.3	0.189	0.112	0.112
55	  G	  1.4	  0.3	0.000	0.112	0.112
56	  Q	  0.5	  0.3	0.000	0.897	0.897
57	  V	  4.9	  0.0	0.000	20.605	20.605
58	  V	  8.2	  0.0	0.000	20.605	20.605
59	  N	  8.0	  0.0	0.000	20.605	20.605
60	  L	  4.2	  0.1	0.000	20.605	20.605
61	  I	  1.8	  1.0	0.000	20.605	20.605
62	  N	  1.4	  1.1	0.000	0.765	0.765
63	  G	  0.9	  1.7	0.000	0.000	0.000
64	  G	  0.0	  1.5	0.000	0.000	0.000
65	  S	  0.6	  0.7	0.000	0.000	0.000
66	  F	  1.4	  0.5	0.000	0.000	0.000
67	  L	  1.4	  0.0	0.000	0.000	0.000
68	  Q	  1.0	  0.1	0.000	0.000	0.000
69	  T	  0.3	  0.1	0.000	0.000	0.000
70	  S	  0.2	  0.1	0.000	0.000	0.000
71	  D	  0.1	  0.4	0.000	0.000	0.000
72	  P	  0.0	  0.4	0.000	0.070	0.070
73	  L	  0.0	  0.5	0.000	6.534	6.534
74	  S	  0.1	  0.5	0.000	9.195	9.195
75	  N	  1.8	  0.1	0.000	28.901	28.901
76	  I	  9.8	  0.1	0.000	59.714	59.714
77	  V	 16.3	  0.0	0.000	60.769	60.769
78	  V	 19.6	  0.1	0.000	60.838	60.838
79	  I	 12.6	  1.9	0.000	60.146	60.146
80	  N	  5.9	  1.9	0.000	33.625	33.625
81	  G	  0.8	  1.9	0.000	14.066	14.066
82	  L	  0.0	  2.1	0.000	12.189	12.189
83	  G	  0.0	  0.3	0.000	1.155	1.155
84	  T	  0.1	  0.5	0.000	0.219	0.219
85	  S	  0.1	  0.7	0.000	0.000	0.000
86	  D	  0.1	  0.7	0.000	0.000	0.000
87	  T	  0.1	  0.7	0.000	0.777	0.777
88	  G	  0.1	  0.4	0.000	2.178	2.178
89	  V	  2.7	  0.2	0.000	4.953	4.953
90	  T	  3.0	  0.0	0.503	5.165	5.165
91	  S	  3.2	  0.0	1.154	5.165	5.165
92	  I	  4.0	  0.0	1.154	5.165	5.165
93	  A	  4.3	  0.0	1.154	5.165	5.165
94	  V	  4.5	  1.6	1.154	4.844	4.844
95	  K	  1.2	  1.7	1.154	0.000	0.000
96	  G	  0.5	  2.4	0.788	0.000	0.000
97	  K	  0.0	  2.5	0.608	0.000	0.000
98	  G	  0.0	  1.1	0.000	0.000	0.000
99	  K	  0.3	  0.9	0.000	0.000	0.000
100	  S	  6.5	  0.2	0.000	0.000	0.000
101	  F	 17.3	  0.1	0.000	0.000	0.000
102	  T	 28.3	  0.0	0.000	0.000	0.000
103	  Y	 22.6	  0.0	0.000	0.000	0.000
104	  N	 12.1	  2.8	0.000	0.000	0.000
105	  P	  0.2	  3.2	0.000	0.000	0.000
106	  S	  0.0	  3.3	0.000	0.000	0.000
107	  S	  0.1	  3.4	0.000	0.000	0.000
108	  G	  0.1	  0.6	0.000	0.000	0.000
109	  I	  2.6	  0.2	0.000	0.141	0.141
110	  V	  9.2	  0.0	0.000	0.141	0.141
111	  K	 10.7	  0.0	0.000	0.141	0.141
112	  L	  8.5	  0.0	0.000	0.141	0.141
113	  T	  4.1	  0.0	0.097	0.141	0.141
114	  T	  8.3	  0.0	0.097	0.141	0.141
115	  V	  8.2	  0.3	0.097	0.141	0.141
116	  E	  6.4	  0.7	0.097	0.141	0.141
117	  G	  0.2	  0.8	0.097	0.000	0.000
118	  K	  0.6	  0.8	0.097	0.000	0.000
119	  T	  4.0	  0.5	0.000	0.000	0.000
120	  Y	  4.8	  0.1	0.000	0.150	0.150
121	  A	  4.7	  0.0	0.000	0.150	0.150
122	  Y	  5.0	  0.0	0.000	0.150	0.150
123	  Q	  4.3	  0.2	0.000	0.150	0.150
124	  I	  4.0	  1.3	0.000	0.150	0.150
125	  G	  0.2	  1.3	0.000	0.000	0.000
126	  C	  0.2	  1.3	0.000	0.000	0.000
127	  G	  0.2	  1.2	0.876	0.000	0.000
128	  Y	  1.1	  0.1	0.876	0.000	0.000
129	  N	  1.4	  0.1	0.876	0.000	0.000
130	  T	  2.3	  0.2	0.876	0.000	0.000
131	  K	  1.5	  0.1	0.876	0.000	0.000
132	  K	  1.5	  0.1	0.876	0.000	0.000
133	  F	  1.2	  0.1	0.247	0.000	0.000
134	  I	  1.7	  0.0	0.000	0.000	0.000
135	  T	  1.4	  0.1	0.000	0.000	0.000
136	  N	  0.6	  0.8	0.000	0.000	0.000
137	  N	  0.1	  3.1	0.000	0.000	0.000
138	  D	  0.0	  3.8	0.000	0.000	0.000
139	  S	  0.0	  4.1	0.000	0.000	0.000
140	  G	  0.0	  3.7	0.000	0.000	0.000
141	  A	  0.6	  1.3	0.000	0.000	0.000
142	  S	  7.0	  0.6	0.000	0.000	0.000
143	  Y	  8.1	  0.4	0.000	0.000	0.000
144	  E	  7.6	  0.2	0.000	0.000	0.000
145	  S	  1.6	  3.0	0.000	0.000	0.000
146	  A	  0.4	  3.2	0.000	0.000	0.000
147	  D	  0.4	  3.0	0.000	0.000	0.000
148	  N	  1.7	  3.0	0.000	4.693	4.693
149	  F	  2.6	  0.2	0.000	76.528	76.528
150	  F	  3.6	  0.0	0.000	84.790	84.790
151	  V	  3.1	  0.0	0.000	84.862	84.862
152	  L	  5.2	  0.0	0.000	84.862	84.862
153	  T	 33.3	  0.0	0.000	83.070	83.070
154	  Y	 33.2	  0.0	0.000	55.273	55.273
155	  S	 30.5	  0.0	0.000	6.216	6.216
156	  E	  1.7	  0.0	0.000	0.000	0.000
157	  P	  0.0	  0.0	0.000	0.000	0.000
158	  Y	  0.4	  0.0	0.000	0.000	0.000
159	  S	  0.4	  0.3	0.587	0.000	0.000
160	  P	  0.4	  0.4	0.587	0.000	0.000
161	  Q	  0.2	  0.4	0.587	0.000	0.000
162	  T	  6.2	  0.4	0.587	0.000	0.000
163	  C	  7.4	  0.2	0.587	0.000	0.000
164	  Q	  8.5	  0.1	0.587	0.000	0.000
165	  L	  2.8	  0.3	0.286	0.000	0.000
166	  E	  1.4	  0.3	0.286	0.000	0.000
167	  N	  0.2	  0.7	0.114	0.000	0.000
168	  S	  0.3	  0.7	0.000	0.000	0.000
169	  S	  0.5	  0.5	0.000	0.000	0.000
170	  I	  1.5	  0.4	0.000	0.839	0.839
171	  F	  2.8	  0.2	0.000	0.839	0.839
172	  S	  2.6	  2.0	0.000	0.839	0.839
173	  S	  1.6	  2.0	0.000	0.839	0.839
174	  N	  0.9	  2.0	0.000	0.839	0.839
175	  F	  1.7	  1.9	0.000	0.839	0.839
176	  I	  2.6	  0.1	0.000	0.839	0.839
177	  S	  3.7	  0.2	0.000	0.000	0.000
178	  T	  3.6	  0.3	0.000	0.000	0.000
179	  S	  4.6	  0.5	0.000	0.000	0.000
180	  T	  3.9	  0.6	0.000	0.000	0.000
181	  S	  3.9	  1.2	0.000	0.000	0.000
182	  S	  2.9	  1.9	0.000	0.000	0.000
183	  S	  2.5	  2.4	0.000	0.000	0.000
184	  S	  2.4	  3.1	0.000	0.000	0.000
185	  S	  2.4	  3.1	0.000	0.000	0.000
186	  S	  2.4	  3.2	0.000	0.000	0.000
187	  S	  1.7	  2.5	0.000	0.000	0.000
188	  S	  3.8	  2.8	0.000	0.000	0.000
189	  A	  3.1	  2.1	0.000	0.000	0.000
190	  S	  3.2	  1.2	0.000	0.000	0.000
191	  S	  0.4	  1.2	0.000	0.000	0.000
192	  L	  0.3	  0.4	0.000	0.000	0.000
193	  P	  0.1	  0.5	0.000	0.000	0.000
194	  S	  0.1	  0.5	0.000	0.000	0.000
195	  S	  6.3	  0.9	0.000	0.000	0.000
196	  M	  6.6	  0.7	0.000	0.000	0.000
197	  S	  7.3	  1.4	0.000	0.000	0.000
198	  S	  1.4	  1.4	0.000	0.000	0.000
199	  S	  1.1	  1.0	0.000	0.000	0.000
200	  L	  0.3	  1.2	0.000	0.000	0.000
201	  P	  0.1	  0.5	0.000	0.000	0.000
202	  S	  0.1	  0.5	0.000	0.000	0.000
203	  S	  5.2	  0.9	0.000	0.000	0.000
204	  L	  5.5	  0.6	0.000	0.000	0.000
205	  S	  6.2	  1.3	0.000	0.000	0.000
206	  S	  1.2	  1.3	0.000	0.000	0.000
207	  S	  5.7	  1.2	0.000	0.000	0.000
208	  L	  5.2	  1.2	0.000	0.000	0.000
209	  S	  5.8	  1.2	0.000	0.000	0.000
210	  S	  1.1	  1.2	0.000	0.000	0.000
211	  S	  5.6	  1.2	0.000	0.000	0.000
212	  L	  5.1	  1.2	0.000	0.000	0.000
213	  S	  5.8	  1.2	0.000	0.000	0.000
214	  S	  1.1	  1.1	0.000	0.000	0.000
215	  S	  6.3	  1.2	0.000	0.000	0.000
216	  M	  5.8	  1.2	0.000	0.000	0.000
217	  S	  6.5	  1.2	0.000	0.000	0.000
218	  S	  1.2	  1.2	0.000	0.000	0.000
219	  S	  6.6	  1.2	0.000	0.123	0.123
220	  M	  6.2	  1.2	0.000	1.105	1.105
221	  S	  6.2	  0.6	0.000	1.909	1.909
222	  S	  0.7	  0.6	0.000	2.376	2.376
223	  L	  1.0	  0.2	0.000	2.376	2.376
224	  F	  3.2	  0.1	0.000	2.376	2.376
225	  I	  3.0	  0.0	0.000	2.376	2.376
226	  I	  2.4	  0.0	0.000	0.467	0.467
227	  P	  0.0	  0.0	0.000	0.000	0.000
228	  P	  0.0	  0.1	0.000	0.000	0.000
229	  P	  0.0	  0.1	0.000	0.000	0.000
230	  Y	  1.6	  0.2	0.000	0.000	0.000
231	  T	  3.3	  0.2	0.000	0.000	0.000
232	  T	  4.4	  0.1	0.000	0.000	0.000
233	  T	  4.9	  0.1	0.000	0.000	0.000
234	  R	  3.4	  0.5	0.000	0.000	0.000
235	  S	  2.4	  1.0	0.000	0.000	0.000
236	  S	  0.5	  2.2	0.000	0.000	0.000
237	  G	  0.3	  2.3	0.000	0.000	0.000
238	  S	  0.4	  1.9	0.000	0.000	0.000
239	  S	  0.7	  1.4	0.000	0.000	0.000
240	  I	  1.5	  0.2	0.000	0.000	0.000
241	  I	  2.7	  0.0	0.000	0.000	0.000
242	  D	  2.2	  0.1	0.234	0.000	0.000
243	  T	  1.6	  0.1	0.357	0.000	0.000
244	  E	  0.5	  0.0	0.357	0.000	0.000
245	  I	  3.3	  0.0	0.357	19.557	19.557
246	  V	  7.1	  0.0	0.357	19.738	19.738
247	  S	  7.9	  0.0	0.357	19.738	19.738
248	  F	  7.1	  0.1	0.253	19.738	19.738
249	  Y	  3.9	  0.1	0.000	19.738	19.738
250	  S	  3.5	  0.1	0.000	3.104	3.104
251	  T	  1.8	  0.2	0.000	0.839	0.839
252	  T	  2.0	  0.2	0.000	0.310	0.310
253	  D	  1.4	  0.1	0.000	0.000	0.000
254	  S	  1.0	  2.9	0.000	0.000	0.000
255	  P	  0.0	  3.0	0.000	0.000	0.000
256	  G	  0.0	  3.0	0.000	0.000	0.000
257	  H	  3.0	  3.0	0.000	0.000	0.000
258	  T	 14.0	  0.1	0.000	0.000	0.000
259	  I	 16.1	  0.0	0.000	0.000	0.000
260	  T	 13.4	  0.4	0.000	0.000	0.000
261	  G	  2.4	  0.4	0.000	0.000	0.000
262	  T	  1.6	  0.4	0.000	0.000	0.000
263	  T	  3.1	  0.4	0.000	0.163	0.163
264	  T	  4.7	  0.1	0.000	0.435	0.435
265	  T	  4.1	  0.1	0.000	0.435	0.435
266	  T	  3.5	  0.1	0.000	0.435	0.435
267	  L	  2.0	  0.0	0.000	0.435	0.435
268	  Y	  1.2	  0.3	0.000	0.435	0.435
269	  G	  0.1	  0.5	0.000	0.000	0.000
270	  P	  0.0	  0.5	0.000	0.000	0.000
271	  H	  1.0	  0.6	0.000	0.000	0.000
272	  T	  2.7	  0.3	0.000	0.000	0.000
273	  H	  2.8	  0.3	0.000	0.000	0.000
274	  S	  1.9	  0.3	0.000	0.000	0.000
275	  S	 10.5	  0.3	0.000	0.000	0.000
276	  V	 11.8	  0.3	0.000	0.000	0.000
277	  S	 11.7	  0.1	0.000	0.000	0.000
278	  T	  1.5	  0.5	0.000	0.000	0.000
279	  P	  0.1	  0.5	0.000	0.000	0.000
280	  S	  0.9	  1.4	0.000	0.000	0.000
281	  S	  1.7	  2.1	0.000	0.000	0.000
282	  S	  1.8	  1.8	0.000	0.000	0.000
283	  S	  1.1	  2.6	0.000	0.000	0.000
284	  E	  0.3	  1.8	0.000	0.000	0.000
285	  S	  0.5	  1.2	0.000	0.000	0.000
286	  S	  1.0	  1.1	0.000	0.000	0.000
287	  T	  3.8	  0.2	0.000	0.000	0.000
288	  T	  3.6	  0.4	0.000	0.000	0.000
289	  S	  3.0	  0.5	0.000	0.000	0.000
290	  N	  0.2	  0.9	0.000	0.000	0.000
291	  S	  0.3	  0.9	0.000	0.000	0.000
292	  S	  1.9	  0.6	0.000	0.000	0.000
293	  I	  2.3	  0.5	0.000	0.000	0.000
294	  E	  2.3	  0.1	0.000	0.000	0.000
295	  S	  1.5	  1.0	0.000	0.000	0.000
296	  S	  1.1	  1.0	0.000	0.000	0.000
297	  S	  1.1	  1.0	0.000	0.000	0.000
298	  L	  0.3	  1.0	0.000	0.000	0.000
299	  P	  0.1	  0.1	0.000	0.000	0.000
300	  H	  0.6	  0.2	0.000	0.000	0.000
301	  T	  1.4	  0.2	0.000	0.000	0.000
302	  S	 11.9	  0.2	0.000	0.000	0.000
303	  V	 12.5	  0.2	0.000	0.000	0.000
304	  S	 12.2	  0.2	0.000	0.000	0.000
305	  S	  1.8	  0.2	0.000	0.000	0.000
306	  T	  0.5	  0.2	0.000	0.000	0.000
307	  P	  0.1	  0.4	0.000	0.000	0.000
308	  E	  0.1	  0.4	0.000	0.000	0.000
309	  S	  0.2	  0.4	0.000	0.000	0.000
310	  S	  5.1	  0.2	0.000	0.000	0.000
311	  I	  5.8	  0.1	0.000	0.000	0.000
312	  T	  5.7	  0.4	0.000	0.000	0.000
313	  P	  0.8	  0.6	0.000	0.000	0.000
314	  S	  0.1	  1.6	0.000	0.000	0.000
315	  S	  0.1	  1.6	0.000	0.000	0.000
316	  N	  1.2	  1.3	0.000	0.000	0.000
317	  T	 14.0	  1.1	0.000	0.000	0.000
318	  I	 14.5	  0.1	0.000	0.000	0.000
319	  S	 14.8	  0.1	0.000	0.000	0.000
320	  S	  2.1	  0.1	0.000	0.000	0.000
321	  S	  1.4	  0.4	0.000	0.000	0.000
322	  P	  0.0	  0.4	0.000	0.000	0.000
323	  T	  0.1	  0.8	0.000	0.000	0.000
324	  S	  0.1	  0.8	0.000	0.000	0.000
325	  D	  0.6	  0.7	0.000	0.000	0.000
326	  F	  2.1	  0.9	0.000	0.000	0.000
327	  S	  2.2	  0.5	0.000	0.000	0.000
328	  S	  3.0	  0.5	0.000	0.000	0.000
329	  V	  2.6	  0.3	0.000	0.000	0.000
330	  Q	  2.5	  0.1	0.000	0.000	0.000
331	  S	  2.1	  0.8	0.000	0.000	0.000
332	  S	  1.1	  0.8	0.000	0.000	0.000
333	  S	  1.3	  0.8	0.136	0.000	0.000
334	  I	  1.2	  0.7	0.136	0.000	0.000
335	  M	  1.2	  0.1	0.136	0.000	0.000
336	  E	  1.0	  0.2	0.136	0.000	0.000
337	  S	  1.0	  0.9	0.136	0.000	0.000
338	  S	  1.0	  0.9	0.136	0.000	0.000
339	  S	  1.8	  0.8	0.000	0.363	0.363
340	  V	  5.2	  0.7	0.000	2.631	2.631
341	  V	  7.2	  0.0	0.000	2.795	2.795
342	  A	  6.5	  0.1	0.000	2.795	2.795
343	  S	  3.1	  0.8	0.000	2.795	2.795
344	  S	  1.0	  0.8	0.000	2.679	2.679
345	  S	  2.0	  0.8	0.000	2.563	2.563
346	  V	  6.9	  0.7	0.000	2.563	2.563
347	  I	  7.8	  0.0	0.000	2.390	2.390
348	  N	  6.8	  1.1	0.000	0.000	0.000
349	  S	  2.0	  1.7	0.000	0.000	0.000
350	  S	  1.0	  1.7	0.000	0.000	0.000
351	  S	  1.5	  1.7	0.000	0.000	0.000
352	  I	  1.5	  0.7	0.000	0.000	0.000
353	  V	  2.4	  0.1	0.000	0.000	0.000
354	  D	  1.8	  1.5	0.000	0.000	0.000
355	  S	  1.8	  2.3	0.000	0.000	0.000
356	  S	  1.7	  3.1	0.000	0.000	0.000
357	  S	  2.4	  4.0	0.000	0.000	0.000
358	  S	  1.7	  2.5	0.000	0.000	0.000
359	  S	  3.8	  2.8	0.000	0.000	0.000
360	  A	  3.1	  2.1	0.000	0.000	0.000
361	  S	  3.2	  1.2	0.000	0.000	0.000
362	  S	  0.4	  1.2	0.000	0.000	0.000
363	  L	  0.3	  0.4	0.000	0.000	0.000
364	  P	  0.1	  0.5	0.000	0.000	0.000
365	  S	  0.1	  0.5	0.000	0.000	0.000
366	  S	  5.9	  0.9	0.000	0.000	0.000
367	  M	  6.3	  0.6	0.000	0.000	0.000
368	  S	  6.9	  1.3	0.000	0.000	0.000
369	  S	  1.2	  1.3	0.000	0.000	0.000
370	  S	  5.6	  1.2	0.000	0.000	0.000
371	  L	  5.1	  1.2	0.000	0.000	0.000
372	  S	  5.8	  1.2	0.000	0.000	0.000
373	  S	  1.1	  1.1	0.000	0.000	0.000
374	  S	  6.6	  1.2	0.000	0.000	0.000
375	  M	  6.2	  1.2	0.000	0.000	0.000
376	  S	  6.9	  1.3	0.000	0.000	0.000
377	  S	  1.4	  1.3	0.000	0.000	0.000
378	  S	  1.1	  0.9	0.000	0.000	0.000
379	  L	  0.3	  1.2	0.000	0.000	0.000
380	  P	  0.1	  0.5	0.000	0.000	0.000
381	  S	  0.1	  0.5	0.000	0.000	0.000
382	  S	  5.9	  0.9	0.000	0.000	0.000
383	  M	  6.3	  0.6	0.000	0.000	0.000
384	  S	  6.9	  1.3	0.000	0.000	0.000
385	  S	  1.2	  1.3	0.000	0.000	0.000
386	  S	  5.6	  1.2	0.000	0.000	0.000
387	  L	  5.1	  1.2	0.000	0.000	0.000
388	  S	  5.8	  1.2	0.000	0.000	0.000
389	  S	  1.1	  1.2	0.000	0.000	0.000
390	  S	  5.7	  1.2	0.000	0.000	0.000
391	  L	  5.2	  1.2	0.000	0.000	0.000
392	  S	  5.8	  1.2	0.000	0.000	0.000
393	  S	  1.1	  1.2	0.000	0.000	0.000
394	  S	  5.6	  1.2	0.000	0.000	0.000
395	  L	  5.1	  1.2	0.000	0.000	0.000
396	  S	  5.8	  1.2	0.000	0.000	0.000
397	  S	  1.1	  1.1	0.000	0.000	0.000
398	  S	  6.3	  1.2	0.000	0.000	0.000
399	  M	  5.8	  1.2	0.000	0.000	0.000
400	  S	  6.5	  1.2	0.000	0.000	0.000
401	  S	  1.2	  1.2	0.000	0.000	0.000
402	  S	  6.6	  1.2	0.000	0.123	0.123
403	  M	  6.2	  1.2	0.000	1.105	1.105
404	  S	  6.2	  0.6	0.000	1.909	1.909
405	  S	  0.7	  0.6	0.000	2.376	2.376
406	  L	  1.0	  0.2	0.000	2.376	2.376
407	  F	  3.2	  0.1	0.000	2.376	2.376
408	  I	  3.0	  0.0	0.000	2.376	2.376
409	  I	  2.4	  0.0	0.000	0.467	0.467
410	  P	  0.0	  0.0	0.000	0.000	0.000
411	  P	  0.0	  0.1	0.000	0.000	0.000
412	  P	  0.0	  0.1	0.000	0.000	0.000
413	  Y	  1.6	  0.2	0.000	0.000	0.000
414	  T	  3.3	  0.2	0.000	0.000	0.000
415	  T	  4.4	  0.1	0.000	0.000	0.000
416	  T	  4.9	  0.1	0.000	0.000	0.000
417	  R	  3.4	  0.5	0.000	0.000	0.000
418	  S	  2.4	  1.0	0.000	0.000	0.000
419	  S	  0.5	  2.2	0.000	0.000	0.000
420	  G	  0.3	  2.3	0.000	0.000	0.000
421	  S	  0.4	  1.9	0.000	0.000	0.000
422	  S	  0.7	  1.4	0.000	0.000	0.000
423	  I	  1.5	  0.2	0.000	0.000	0.000
424	  I	  2.7	  0.0	0.000	0.000	0.000
425	  D	  2.2	  0.1	0.234	0.000	0.000
426	  T	  1.6	  0.1	0.357	0.000	0.000
427	  E	  0.5	  0.0	0.357	0.000	0.000
428	  I	  3.3	  0.0	0.357	19.557	19.557
429	  V	  7.1	  0.0	0.357	19.738	19.738
430	  S	  7.9	  0.0	0.357	19.738	19.738
431	  F	  7.1	  0.1	0.253	19.738	19.738
432	  Y	  3.9	  0.1	0.000	19.738	19.738
433	  S	  3.5	  0.1	0.000	3.104	3.104
434	  T	  1.8	  0.2	0.000	0.839	0.839
435	  T	  2.0	  0.2	0.000	0.310	0.310
436	  D	  1.4	  0.1	0.000	0.000	0.000
437	  S	  1.0	  2.9	0.000	0.000	0.000
438	  P	  0.0	  3.0	0.000	0.000	0.000
439	  G	  0.0	  3.0	0.000	0.000	0.000
440	  H	  3.0	  3.0	0.000	0.000	0.000
441	  T	 14.0	  0.1	0.000	0.000	0.000
442	  I	 16.1	  0.0	0.000	0.000	0.000
443	  T	 13.4	  0.4	0.000	0.000	0.000
444	  G	  2.4	  0.4	0.000	0.000	0.000
445	  T	  1.6	  0.4	0.000	0.000	0.000
446	  T	  3.1	  0.4	0.000	0.163	0.163
447	  T	  4.7	  0.1	0.000	0.435	0.435
448	  T	  4.1	  0.1	0.000	0.435	0.435
449	  T	  3.5	  0.1	0.000	0.435	0.435
450	  L	  2.0	  0.0	0.000	0.435	0.435
451	  Y	  1.2	  0.3	0.000	0.435	0.435
452	  G	  0.1	  0.5	0.000	0.000	0.000
453	  P	  0.0	  0.5	0.000	0.000	0.000
454	  H	  1.0	  0.6	0.000	0.000	0.000
455	  T	  2.7	  0.3	0.000	0.000	0.000
456	  H	  2.8	  0.3	0.000	0.000	0.000
457	  S	  1.9	  0.3	0.000	0.000	0.000
458	  S	 10.5	  0.3	0.000	0.000	0.000
459	  V	 11.8	  0.3	0.000	0.000	0.000
460	  S	 11.7	  0.1	0.000	0.000	0.000
461	  T	  1.5	  0.5	0.000	0.000	0.000
462	  P	  0.1	  0.5	0.000	0.000	0.000
463	  S	  0.9	  1.4	0.000	0.000	0.000
464	  S	  1.7	  2.1	0.000	0.000	0.000
465	  S	  1.8	  1.8	0.000	0.000	0.000
466	  S	  1.1	  2.6	0.000	0.000	0.000
467	  E	  0.3	  1.8	0.000	0.000	0.000
468	  S	  0.5	  1.2	0.000	0.000	0.000
469	  S	  1.0	  1.1	0.000	0.000	0.000
470	  T	  3.8	  0.2	0.000	0.000	0.000
471	  T	  3.6	  0.4	0.000	0.000	0.000
472	  S	  3.0	  0.5	0.000	0.000	0.000
473	  N	  0.2	  0.9	0.000	0.000	0.000
474	  S	  0.3	  0.9	0.000	0.000	0.000
475	  S	  1.9	  0.6	0.000	0.000	0.000
476	  I	  2.3	  0.5	0.000	0.000	0.000
477	  E	  2.3	  0.1	0.000	0.000	0.000
478	  S	  1.5	  1.0	0.000	0.000	0.000
479	  S	  1.1	  1.0	0.000	0.000	0.000
480	  S	  1.1	  1.0	0.000	0.000	0.000
481	  L	  0.3	  1.0	0.000	0.000	0.000
482	  P	  0.1	  0.1	0.000	0.000	0.000
483	  H	  0.6	  0.2	0.000	0.000	0.000
484	  T	  1.4	  0.2	0.000	0.000	0.000
485	  S	 11.9	  0.2	0.000	0.000	0.000
486	  V	 12.5	  0.2	0.000	0.000	0.000
487	  S	 12.2	  0.2	0.000	0.000	0.000
488	  S	  1.8	  0.2	0.000	0.000	0.000
489	  T	  0.5	  0.2	0.000	0.000	0.000
490	  P	  0.1	  0.4	0.000	0.000	0.000
491	  E	  0.1	  0.4	0.000	0.000	0.000
492	  S	  0.2	  0.4	0.000	0.000	0.000
493	  S	  5.1	  0.2	0.000	0.000	0.000
494	  I	  5.8	  0.1	0.000	0.000	0.000
495	  T	  5.7	  0.4	0.000	0.000	0.000
496	  P	  0.8	  0.6	0.000	0.000	0.000
497	  S	  0.1	  1.6	0.000	0.000	0.000
498	  S	  0.1	  1.6	0.000	0.000	0.000
499	  N	  1.2	  1.3	0.000	0.000	0.000
500	  T	 14.0	  1.1	0.000	0.000	0.000
501	  I	 14.5	  0.1	0.000	0.000	0.000
502	  S	 14.8	  0.1	0.000	0.000	0.000
503	  S	  2.1	  0.1	0.000	0.000	0.000
504	  S	  1.4	  0.4	0.000	0.000	0.000
505	  P	  0.0	  0.4	0.000	0.000	0.000
506	  T	  0.1	  0.8	0.000	0.000	0.000
507	  S	  0.1	  0.8	0.000	0.000	0.000
508	  D	  0.6	  0.7	0.000	0.000	0.000
509	  F	  2.1	  0.9	0.000	0.000	0.000
510	  S	  2.2	  0.5	0.000	0.000	0.000
511	  S	  3.0	  0.5	0.000	0.000	0.000
512	  V	  2.6	  0.3	0.000	0.000	0.000
513	  Q	  2.5	  0.1	0.000	0.000	0.000
514	  S	  2.1	  0.8	0.000	0.000	0.000
515	  S	  1.1	  0.8	0.000	0.000	0.000
516	  S	  1.3	  0.8	0.136	0.000	0.000
517	  I	  1.2	  0.7	0.136	0.000	0.000
518	  M	  1.2	  0.1	0.136	0.000	0.000
519	  E	  1.0	  0.2	0.136	0.000	0.000
520	  S	  1.0	  0.9	0.136	0.000	0.000
521	  S	  1.0	  0.9	0.136	0.000	0.000
522	  S	  1.8	  0.8	0.000	0.363	0.363
523	  V	  5.2	  0.7	0.000	2.631	2.631
524	  V	  7.2	  0.0	0.000	2.795	2.795
525	  A	  6.5	  0.1	0.000	2.795	2.795
526	  S	  3.1	  0.8	0.000	2.795	2.795
527	  S	  1.0	  0.8	0.000	2.679	2.679
528	  S	  2.0	  0.8	0.000	2.563	2.563
529	  V	  6.9	  0.7	0.000	2.563	2.563
530	  I	  7.8	  0.0	0.000	2.390	2.390
531	  N	  6.8	  1.1	0.000	0.000	0.000
532	  S	  2.0	  1.7	0.000	0.000	0.000
533	  S	  1.0	  1.7	0.000	0.000	0.000
534	  S	  1.5	  1.7	0.000	0.000	0.000
535	  I	  1.5	  0.7	0.000	0.000	0.000
536	  V	  2.4	  0.1	0.000	0.000	0.000
537	  D	  1.8	  1.5	0.000	0.000	0.000
538	  S	  1.8	  2.3	0.000	0.000	0.000
539	  S	  1.7	  3.1	0.000	0.000	0.000
540	  S	  2.4	  4.0	0.000	0.000	0.000
541	  S	  1.7	  2.5	0.000	0.000	0.000
542	  S	  3.8	  2.8	0.000	0.000	0.000
543	  A	  3.1	  2.1	0.000	0.000	0.000
544	  S	  3.2	  1.2	0.000	0.000	0.000
545	  S	  0.4	  1.2	0.000	0.000	0.000
546	  L	  0.3	  0.5	0.000	0.000	0.000
547	  P	  0.1	  0.5	0.000	0.000	0.000
548	  S	  0.2	  0.5	0.000	0.000	0.000
549	  S	  0.3	  0.5	0.000	0.000	0.000
550	  M	  0.3	  0.5	0.000	0.000	0.000
551	  P	  0.1	  0.6	0.000	0.000	0.000
552	  S	  0.2	  0.6	0.000	0.000	0.000
553	  S	  0.3	  0.6	0.000	0.000	0.000
554	  L	  0.3	  0.5	0.000	0.000	0.000
555	  P	  0.1	  0.5	0.000	0.000	0.000
556	  S	  0.1	  0.5	0.000	0.000	0.000
557	  S	  5.9	  0.9	0.000	0.000	0.000
558	  M	  6.3	  0.6	0.000	0.000	0.000
559	  S	  6.9	  1.3	0.000	0.000	0.000
560	  S	  1.2	  1.3	0.000	0.000	0.000
561	  S	  5.6	  1.2	0.000	0.000	0.000
562	  L	  5.1	  1.2	0.000	0.000	0.000
563	  S	  5.8	  1.2	0.000	0.000	0.000
564	  S	  1.1	  1.1	0.000	0.000	0.000
565	  S	  6.3	  1.2	0.000	0.000	0.000
566	  M	  5.9	  1.2	0.000	0.000	0.000
567	  S	  6.6	  1.3	0.000	0.000	0.000
568	  S	  1.2	  1.3	0.000	0.000	0.000
569	  S	  5.6	  1.2	0.000	0.000	0.000
570	  L	  5.1	  1.2	0.000	0.000	0.000
571	  S	  5.8	  1.2	0.000	0.000	0.000
572	  S	  1.1	  1.2	0.000	0.000	0.000
573	  S	  5.7	  1.2	0.000	0.000	0.000
574	  L	  5.2	  1.2	0.000	0.000	0.000
575	  S	  5.8	  1.2	0.000	0.000	0.000
576	  S	  1.1	  1.2	0.000	0.000	0.000
577	  S	  5.6	  1.2	0.000	0.000	0.000
578	  L	  5.1	  1.2	0.000	0.000	0.000
579	  S	  5.8	  1.2	0.000	0.000	0.000
580	  S	  1.1	  1.1	0.000	0.000	0.000
581	  S	  6.3	  1.2	0.000	0.000	0.000
582	  M	  5.8	  1.2	0.000	0.000	0.000
583	  S	  6.5	  1.2	0.000	0.000	0.000
584	  S	  1.2	  1.2	0.000	0.000	0.000
585	  S	  6.6	  1.2	0.000	0.123	0.123
586	  M	  6.2	  1.2	0.000	1.105	1.105
587	  S	  6.2	  0.6	0.000	1.909	1.909
588	  S	  0.7	  0.6	0.000	2.376	2.376
589	  L	  1.0	  0.2	0.000	2.376	2.376
590	  F	  3.2	  0.1	0.000	2.376	2.376
591	  I	  3.0	  0.0	0.000	2.376	2.376
592	  I	  2.4	  0.0	0.000	0.467	0.467
593	  P	  0.0	  0.0	0.000	0.000	0.000
594	  P	  0.0	  0.1	0.000	0.000	0.000
595	  P	  0.0	  0.1	0.000	0.000	0.000
596	  Y	  1.6	  0.2	0.000	0.000	0.000
597	  T	  3.3	  0.2	0.000	0.000	0.000
598	  T	  4.4	  0.1	0.000	0.000	0.000
599	  T	  4.9	  0.1	0.000	0.000	0.000
600	  R	  3.4	  0.5	0.000	0.000	0.000
601	  S	  2.4	  1.0	0.000	0.000	0.000
602	  S	  0.5	  2.2	0.000	0.000	0.000
603	  G	  0.3	  2.3	0.000	0.000	0.000
604	  S	  0.4	  1.9	0.000	0.000	0.000
605	  S	  0.7	  1.4	0.000	0.000	0.000
606	  I	  1.5	  0.2	0.000	0.000	0.000
607	  I	  2.7	  0.0	0.000	0.000	0.000
608	  D	  2.2	  0.1	0.234	0.000	0.000
609	  T	  1.6	  0.1	0.357	0.000	0.000
610	  E	  0.5	  0.0	0.357	0.000	0.000
611	  I	  3.3	  0.0	0.357	19.557	19.557
612	  V	  7.1	  0.0	0.357	19.738	19.738
613	  S	  7.9	  0.0	0.357	19.738	19.738
614	  F	  7.1	  0.1	0.253	19.738	19.738
615	  Y	  3.9	  0.1	0.000	19.738	19.738
616	  S	  3.5	  0.1	0.000	3.104	3.104
617	  T	  1.8	  0.2	0.000	0.839	0.839
618	  T	  2.0	  0.2	0.000	0.310	0.310
619	  D	  1.4	  0.1	0.000	0.000	0.000
620	  S	  1.0	  2.9	0.000	0.000	0.000
621	  P	  0.0	  3.0	0.000	0.000	0.000
622	  G	  0.0	  3.0	0.000	0.000	0.000
623	  H	  3.0	  3.0	0.000	0.000	0.000
624	  T	 14.0	  0.1	0.000	0.000	0.000
625	  I	 16.1	  0.0	0.000	0.000	0.000
626	  T	 13.4	  0.4	0.000	0.000	0.000
627	  G	  2.4	  0.4	0.000	0.000	0.000
628	  T	  1.6	  0.4	0.000	0.000	0.000
629	  T	  3.1	  0.4	0.000	0.163	0.163
630	  T	  4.7	  0.1	0.000	0.435	0.435
631	  T	  4.1	  0.1	0.000	0.435	0.435
632	  T	  3.5	  0.1	0.000	0.435	0.435
633	  L	  2.0	  0.0	0.000	0.435	0.435
634	  Y	  1.2	  0.3	0.000	0.435	0.435
635	  G	  0.1	  0.5	0.000	0.000	0.000
636	  P	  0.0	  0.5	0.000	0.000	0.000
637	  H	  1.0	  0.6	0.000	0.000	0.000
638	  T	  2.7	  0.3	0.000	0.000	0.000
639	  H	  2.8	  0.3	0.000	0.000	0.000
640	  S	  1.9	  0.3	0.000	0.000	0.000
641	  S	 10.5	  0.3	0.000	0.000	0.000
642	  V	 11.8	  0.3	0.000	0.000	0.000
643	  S	 11.7	  0.1	0.000	0.000	0.000
644	  T	  1.5	  0.5	0.000	0.000	0.000
645	  P	  0.1	  0.5	0.000	0.000	0.000
646	  S	  0.9	  1.4	0.000	0.000	0.000
647	  S	  1.7	  2.1	0.000	0.000	0.000
648	  S	  1.8	  1.8	0.000	0.000	0.000
649	  S	  1.1	  2.6	0.000	0.000	0.000
650	  E	  0.3	  1.8	0.000	0.000	0.000
651	  S	  0.5	  1.2	0.000	0.000	0.000
652	  S	  1.0	  1.1	0.000	0.000	0.000
653	  T	  3.8	  0.2	0.000	0.000	0.000
654	  T	  3.6	  0.4	0.000	0.000	0.000
655	  S	  3.0	  0.5	0.000	0.000	0.000
656	  N	  0.2	  0.9	0.000	0.000	0.000
657	  S	  0.3	  0.9	0.000	0.000	0.000
658	  S	  1.9	  0.6	0.000	0.000	0.000
659	  I	  2.3	  0.5	0.000	0.000	0.000
660	  E	  2.3	  0.1	0.000	0.000	0.000
661	  S	  1.5	  1.0	0.000	0.000	0.000
662	  S	  1.1	  1.0	0.000	0.000	0.000
663	  S	  1.1	  1.0	0.000	0.000	0.000
664	  L	  0.3	  1.0	0.000	0.000	0.000
665	  P	  0.1	  0.1	0.000	0.000	0.000
666	  H	  0.6	  0.2	0.000	0.000	0.000
667	  T	  1.4	  0.2	0.000	0.000	0.000
668	  S	 11.9	  0.2	0.000	0.000	0.000
669	  V	 12.5	  0.2	0.000	0.000	0.000
670	  S	 12.2	  0.2	0.000	0.000	0.000
671	  S	  1.8	  0.2	0.000	0.000	0.000
672	  T	  0.5	  0.2	0.000	0.000	0.000
673	  P	  0.1	  0.4	0.000	0.000	0.000
674	  E	  0.1	  0.4	0.000	0.000	0.000
675	  S	  0.2	  0.4	0.000	0.000	0.000
676	  S	  5.1	  0.2	0.000	0.000	0.000
677	  I	  5.8	  0.1	0.000	0.000	0.000
678	  T	  5.7	  0.4	0.000	0.000	0.000
679	  P	  0.8	  0.6	0.000	0.000	0.000
680	  S	  0.1	  1.6	0.000	0.000	0.000
681	  S	  0.1	  1.6	0.000	0.000	0.000
682	  N	  1.2	  1.3	0.000	0.000	0.000
683	  T	 14.0	  1.1	0.000	0.000	0.000
684	  I	 14.5	  0.1	0.000	0.000	0.000
685	  S	 14.8	  0.1	0.000	0.000	0.000
686	  S	  2.1	  0.1	0.000	0.000	0.000
687	  S	  1.4	  0.4	0.000	0.000	0.000
688	  P	  0.0	  0.4	0.000	0.000	0.000
689	  T	  0.1	  0.8	0.000	0.000	0.000
690	  S	  0.1	  0.8	0.000	0.000	0.000
691	  D	  0.6	  0.7	0.000	0.000	0.000
692	  F	  2.1	  0.9	0.000	0.000	0.000
693	  S	  2.2	  0.5	0.000	0.000	0.000
694	  S	  3.0	  0.5	0.000	0.000	0.000
695	  V	  2.6	  0.3	0.000	0.000	0.000
696	  Q	  2.5	  0.1	0.000	0.000	0.000
697	  S	  2.1	  0.8	0.000	0.000	0.000
698	  S	  1.1	  0.8	0.000	0.000	0.000
699	  S	  1.3	  0.8	0.136	0.000	0.000
700	  I	  1.2	  0.7	0.136	0.000	0.000
701	  M	  1.2	  0.1	0.136	0.000	0.000
702	  E	  1.0	  0.2	0.136	0.000	0.000
703	  S	  1.0	  0.9	0.136	0.000	0.000
704	  S	  1.0	  0.9	0.136	0.000	0.000
705	  S	  1.8	  0.8	0.000	0.118	0.118
706	  V	  5.2	  0.7	0.000	0.236	0.236
707	  V	  7.2	  0.0	0.000	0.236	0.236
708	  A	  6.4	  0.1	0.000	0.236	0.236
709	  S	  3.1	  1.0	0.000	0.236	0.236
710	  S	  1.0	  1.0	0.295	0.118	0.118
711	  S	  1.6	  1.2	0.295	0.000	0.000
712	  A	  1.0	  1.1	0.295	0.000	0.000
713	  T	  3.1	  0.3	0.295	0.000	0.000
714	  Q	  2.4	  0.3	0.295	0.000	0.000
715	  S	  3.0	  0.9	0.295	0.000	0.000
716	  S	  1.0	  0.9	0.000	0.000	0.000
717	  S	  2.0	  0.8	0.000	0.000	0.000
718	  V	  6.9	  0.7	0.000	0.000	0.000
719	  I	  7.8	  0.0	0.000	0.000	0.000
720	  N	  6.8	  1.1	0.000	0.000	0.000
721	  S	  2.0	  1.7	0.000	0.000	0.000
722	  S	  1.0	  1.7	0.000	0.000	0.000
723	  S	  1.5	  1.7	0.000	0.000	0.000
724	  I	  1.5	  0.7	0.000	0.000	0.000
725	  V	  2.4	  0.1	0.000	0.000	0.000
726	  D	  1.8	  1.5	0.000	0.000	0.000
727	  S	  1.8	  2.3	0.000	0.000	0.000
728	  S	  1.7	  3.1	0.000	0.000	0.000
729	  S	  2.4	  4.0	0.000	0.000	0.000
730	  S	  1.7	  2.5	0.000	0.000	0.000
731	  S	  3.8	  2.8	0.000	0.000	0.000
732	  A	  3.1	  2.1	0.000	0.000	0.000
733	  S	  3.2	  1.2	0.000	0.000	0.000
734	  S	  0.4	  1.2	0.000	0.000	0.000
735	  L	  0.3	  0.5	0.000	0.000	0.000
736	  P	  0.1	  0.5	0.000	0.000	0.000
737	  S	  0.2	  0.5	0.000	0.000	0.000
738	  S	  0.3	  0.5	0.000	0.000	0.000
739	  M	  0.3	  0.5	0.000	0.000	0.000
740	  P	  0.1	  0.6	0.000	0.000	0.000
741	  S	  0.2	  0.6	0.000	0.000	0.000
742	  S	  0.3	  0.6	0.000	0.000	0.000
743	  L	  0.3	  0.5	0.000	0.000	0.000
744	  P	  0.1	  0.5	0.000	0.000	0.000
745	  S	  0.1	  0.5	0.000	0.000	0.000
746	  S	  5.2	  0.9	0.000	0.000	0.000
747	  L	  5.5	  0.6	0.000	0.000	0.000
748	  S	  6.2	  1.3	0.000	0.000	0.000
749	  S	  1.2	  1.3	0.000	0.000	0.000
750	  S	  5.7	  1.2	0.000	0.000	0.000
751	  L	  5.2	  1.2	0.000	0.000	0.000
752	  S	  5.8	  1.2	0.000	0.000	0.000
753	  S	  1.1	  1.2	0.000	0.000	0.000
754	  S	  5.6	  1.2	0.000	0.000	0.000
755	  L	  5.1	  1.2	0.000	0.000	0.000
756	  S	  5.8	  1.2	0.000	0.000	0.000
757	  S	  1.1	  1.1	0.000	0.000	0.000
758	  S	  6.3	  1.2	0.000	0.000	0.000
759	  M	  5.8	  1.2	0.000	0.000	0.000
760	  S	  6.5	  1.2	0.000	0.000	0.000
761	  S	  1.2	  1.2	0.000	0.000	0.000
762	  S	  6.6	  1.2	0.000	0.123	0.123
763	  M	  6.2	  1.2	0.000	1.105	1.105
764	  S	  6.2	  0.6	0.000	1.909	1.909
765	  S	  0.7	  0.6	0.000	2.376	2.376
766	  L	  1.0	  0.2	0.000	2.376	2.376
767	  F	  3.2	  0.1	0.000	2.376	2.376
768	  I	  3.0	  0.0	0.000	2.376	2.376
769	  I	  2.4	  0.0	0.000	0.467	0.467
770	  P	  0.0	  0.0	0.000	0.000	0.000
771	  P	  0.0	  0.1	0.000	0.000	0.000
772	  P	  0.0	  0.1	0.000	0.000	0.000
773	  Y	  1.6	  0.2	0.000	0.000	0.000
774	  T	  3.3	  0.2	0.000	0.000	0.000
775	  T	  4.4	  0.1	0.000	0.000	0.000
776	  T	  4.9	  0.1	0.000	0.000	0.000
777	  R	  3.4	  0.5	0.000	0.000	0.000
778	  S	  2.4	  1.0	0.000	0.000	0.000
779	  S	  0.5	  2.2	0.000	0.000	0.000
780	  G	  0.3	  2.3	0.000	0.000	0.000
781	  S	  0.4	  1.9	0.000	0.000	0.000
782	  S	  0.7	  1.4	0.000	0.000	0.000
783	  I	  1.5	  0.2	0.000	0.000	0.000
784	  I	  2.7	  0.0	0.000	0.000	0.000
785	  D	  2.2	  0.1	0.234	0.000	0.000
786	  T	  1.6	  0.1	0.357	0.000	0.000
787	  E	  0.5	  0.0	0.357	0.000	0.000
788	  I	  3.3	  0.0	0.357	19.557	19.557
789	  V	  7.1	  0.0	0.357	19.738	19.738
790	  S	  7.9	  0.0	0.357	19.738	19.738
791	  F	  7.1	  0.1	0.253	19.738	19.738
792	  Y	  3.9	  0.1	0.000	19.738	19.738
793	  S	  3.5	  0.1	0.000	3.104	3.104
794	  T	  1.8	  0.2	0.000	0.839	0.839
795	  T	  2.0	  0.2	0.000	0.310	0.310
796	  D	  1.4	  0.1	0.000	0.000	0.000
797	  S	  1.0	  2.9	0.000	0.000	0.000
798	  P	  0.0	  3.0	0.000	0.000	0.000
799	  G	  0.0	  3.0	0.000	0.000	0.000
800	  H	  3.0	  3.0	0.000	0.000	0.000
801	  T	 14.0	  0.1	0.000	0.000	0.000
802	  I	 16.1	  0.0	0.000	0.000	0.000
803	  T	 13.4	  0.4	0.000	0.000	0.000
804	  G	  2.4	  0.4	0.000	0.000	0.000
805	  T	  1.6	  0.4	0.000	0.000	0.000
806	  T	  3.1	  0.4	0.000	0.000	0.000
807	  T	  4.7	  0.1	0.000	0.000	0.000
808	  T	  4.1	  0.1	0.000	0.000	0.000
809	  T	  3.5	  0.1	0.000	0.000	0.000
810	  L	  2.0	  0.0	0.000	0.000	0.000
811	  Y	  2.4	  0.1	0.000	0.000	0.000
812	  E	  1.4	  0.2	0.000	0.000	0.000
813	  S	  1.4	  0.2	0.000	0.000	0.000
814	  S	  0.5	  0.2	0.000	0.000	0.000
815	  I	  1.4	  0.1	0.000	0.000	0.000
816	  Y	  2.8	  0.1	0.000	0.000	0.000
817	  S	  3.4	  0.9	0.000	0.000	0.000
818	  S	  3.2	  1.7	0.000	0.000	0.000
819	  S	  2.5	  2.3	0.000	0.000	0.000
820	  S	  1.9	  2.3	0.000	0.000	0.000
821	  S	  1.6	  1.5	0.000	0.000	0.000
822	  T	  4.8	  0.7	0.000	0.000	0.000
823	  I	  4.6	  0.1	0.000	0.000	0.000
824	  Q	  4.2	  0.1	0.000	0.000	0.000
825	  E	  0.2	  0.1	0.000	0.000	0.000
826	  S	  0.1	  0.2	0.000	0.000	0.000
827	  E	  0.4	  0.2	0.000	0.000	0.000
828	  L	  0.4	  0.3	0.000	0.000	0.000
829	  S	  0.5	  0.3	0.000	0.000	0.000
830	  N	  0.3	  0.6	0.000	0.000	0.000
831	  T	  0.8	  0.6	0.000	0.000	0.000
832	  S	  1.0	  0.5	0.000	0.000	0.000
833	  R	  1.0	  0.5	0.000	0.000	0.000
834	  T	  1.4	  0.1	0.000	0.000	0.000
835	  T	  4.3	  0.1	0.000	0.000	0.000
836	  M	  4.6	  0.1	0.000	0.000	0.000
837	  T	  3.9	  0.3	0.000	0.000	0.000
838	  S	  0.8	  0.4	0.000	0.000	0.000
839	  N	  0.2	  0.8	0.000	0.000	0.000
840	  S	  0.3	  0.8	0.000	0.000	0.000
841	  S	 10.1	  0.7	0.000	0.000	0.000
842	  V	 13.3	  0.5	0.000	0.000	0.000
843	  S	 18.1	  0.2	0.000	0.000	0.000
844	  I	  9.0	  0.3	0.000	0.000	0.000
845	  S	  6.0	  0.3	0.000	0.000	0.000
846	  S	  2.6	  0.5	0.000	0.000	0.000
847	  T	  3.3	  0.4	0.000	0.000	0.000
848	  S	  3.2	  0.5	0.000	0.000	0.000
849	  S	  2.7	  0.9	0.000	0.000	0.000
850	  R	  1.6	  0.8	0.000	0.000	0.000
851	  S	  1.6	  0.7	0.000	0.000	0.000
852	  S	 20.4	  0.7	0.000	0.000	0.000
853	  F	 20.5	  0.4	0.000	0.000	0.000
854	  S	 20.3	  0.3	0.000	0.000	0.000
855	  N	  0.7	  0.3	0.000	0.000	0.000
856	  T	  2.9	  0.3	0.000	0.000	0.000
857	  K	  2.9	  0.2	0.000	0.000	0.000
858	  S	  2.9	  0.3	0.000	0.350	0.350
859	  S	  0.8	  0.2	0.000	3.492	3.492
860	  T	  5.1	  0.2	0.000	10.324	10.324
861	  I	 12.0	  0.1	0.000	10.777	10.777
862	  V	 15.3	  0.0	0.000	10.777	10.777
863	  I	 11.9	  0.0	0.000	10.777	10.777
864	  S	  6.0	  0.6	0.000	7.631	7.631
865	  Q	  2.3	  0.6	0.000	0.725	0.725
866	  S	  4.3	  1.7	0.000	0.000	0.000
867	  A	  3.8	  1.6	0.000	0.000	0.000
868	  S	  3.9	  1.1	0.000	0.000	0.000
869	  L	  1.1	  1.8	0.000	0.000	0.000
870	  P	  0.1	  0.9	0.000	0.000	0.000
871	  D	  0.1	  1.0	0.135	0.000	0.000
872	  S	  0.6	  1.1	0.135	0.000	0.000
873	  K	  0.8	  0.5	0.135	0.000	0.000
874	  T	  0.9	  0.4	0.135	0.000	0.000
875	  D	  1.8	  0.2	0.135	0.000	0.000
876	  I	  7.2	  0.1	0.135	1.629	1.629
877	  I	  8.2	  0.0	0.135	1.629	1.629
878	  L	  7.0	  0.1	0.135	1.629	1.629
879	  S	  3.4	  0.3	0.135	1.629	1.629
880	  T	  3.2	  0.4	0.000	1.629	1.629
881	  S	  3.2	  1.7	0.000	0.181	0.181
882	  S	  1.3	  1.7	0.000	0.000	0.000
883	  N	  0.1	  1.6	0.000	0.000	0.000
884	  I	  0.2	  1.4	0.000	0.000	0.000
885	  G	  0.2	  0.1	0.000	0.000	0.000
886	  Y	  1.7	  0.2	0.000	0.000	0.000
887	  S	  1.9	  0.2	0.000	0.000	0.000
888	  S	  3.3	  0.9	0.000	0.000	0.000
889	  R	  2.3	  0.9	0.000	0.000	0.000
890	  S	  2.2	  0.8	0.000	0.000	0.000
891	  L	  1.1	  0.7	0.000	0.000	0.000
892	  L	  0.7	  0.3	0.000	0.000	0.000
893	  S	  0.5	  0.4	0.000	0.000	0.000
894	  D	  0.0	  0.6	0.000	0.000	0.000
895	  L	  0.0	  0.8	0.000	0.000	0.000
896	  G	  0.0	  0.6	0.000	0.000	0.000
897	  T	  0.4	  0.4	0.000	0.000	0.000
898	  S	  6.0	  0.4	0.000	0.000	0.000
899	  I	  6.0	  0.4	0.000	0.000	0.000
900	  S	  5.8	  1.1	0.268	0.000	0.000
901	  D	  0.1	  2.4	0.268	0.000	0.000
902	  S	  0.1	  2.2	0.268	0.000	0.000
903	  D	  0.3	  2.0	0.268	0.000	0.000
904	  I	  0.8	  1.3	0.268	0.000	0.000
905	  H	  1.0	  0.1	0.268	0.000	0.000
906	  H	  1.0	  0.1	0.117	0.000	0.000
907	  S	  1.0	  0.1	0.000	0.000	0.000
908	  V	  3.2	  0.1	0.000	0.000	0.000
909	  L	  3.1	  0.0	0.000	0.000	0.000
910	  H	  2.6	  0.1	0.000	0.000	0.000
911	  S	  0.4	  0.2	0.000	0.000	0.000
912	  T	  0.4	  0.3	0.000	0.000	0.000
913	  E	  0.5	  0.3	0.000	0.000	0.000
914	  S	 20.4	  0.3	0.000	0.000	0.000
915	  Y	 21.4	  0.4	0.000	0.000	0.000
916	  S	 21.3	  1.4	0.000	0.000	0.000
917	  S	  1.6	  1.5	0.000	0.000	0.000
918	  N	  0.1	  4.6	0.000	0.000	0.000
919	  E	  0.0	  4.6	0.000	0.000	0.000
920	  S	  0.1	  4.0	0.000	0.000	0.000
921	  G	  0.1	  4.0	0.000	0.000	0.000
922	  T	  0.1	  0.7	0.000	0.000	0.000
923	  N	  0.1	  0.7	0.000	0.000	0.000
924	  P	  0.0	  0.2	0.000	0.000	0.000
925	  F	  3.0	  0.2	0.000	0.989	0.989
926	  T	  3.3	  0.2	0.000	0.989	0.989
927	  S	  3.6	  0.1	0.120	0.989	0.989
928	  I	  1.6	  0.1	0.120	0.989	0.989
929	  A	  1.7	  0.0	0.120	0.989	0.989
930	  S	  6.7	  0.5	0.120	0.415	0.415
931	  L	  5.8	  1.0	0.120	0.415	0.415
932	  S	  5.4	  1.0	0.120	0.000	0.000
933	  N	  1.4	  1.0	0.000	0.000	0.000
934	  F	  1.5	  0.5	0.000	0.000	0.000
935	  I	  1.5	  0.0	0.000	0.000	0.000
936	  P	  0.1	  0.2	0.000	0.000	0.000
937	  E	  0.1	  0.2	0.000	0.000	0.000
938	  S	  0.9	  1.2	0.000	0.000	0.000
939	  S	  1.1	  1.2	0.000	0.000	0.000
940	  S	  2.2	  1.1	0.000	0.000	0.000
941	  H	  2.0	  1.1	0.000	0.000	0.000
942	  T	  2.6	  0.3	0.000	0.000	0.000
943	  S	  1.6	  0.2	0.000	0.000	0.000
944	  T	  1.3	  0.3	0.000	0.000	0.000
945	  A	  0.6	  0.4	0.000	0.000	0.000
946	  L	  0.5	  0.6	0.000	0.000	0.000
947	  G	  0.1	  0.7	0.000	0.000	0.000
948	  S	  0.1	  2.3	0.000	0.000	0.000
949	  E	  0.1	  2.2	0.000	0.000	0.000
950	  N	  0.4	  1.9	0.000	0.000	0.000
951	  S	  1.4	  1.8	0.000	0.000	0.000
952	  V	  5.5	  0.0	0.000	0.000	0.000
953	  I	  5.8	  0.1	0.000	0.000	0.000
954	  S	  4.8	  1.6	0.000	0.000	0.000
955	  S	  0.7	  1.6	0.000	0.000	0.000
956	  D	  0.1	  1.6	0.449	0.000	0.000
957	  I	  1.6	  1.5	0.449	0.751	0.751
958	  L	  1.9	  0.0	0.449	0.751	0.751
959	  T	  2.7	  0.0	0.449	0.751	0.751
960	  T	  7.3	  0.0	0.449	0.751	0.751
961	  M	  8.4	  0.0	0.449	0.751	0.751
962	  S	  7.6	  0.0	0.167	0.000	0.000
963	  H	  1.6	  0.0	0.000	0.000	0.000
964	  P	  0.1	  0.0	0.000	0.000	0.000
965	  V	  1.1	  0.0	0.000	0.000	0.000
966	  A	  1.1	  0.1	0.000	0.000	0.000
967	  T	  1.9	  0.2	0.000	0.000	0.000
968	  N	  0.9	  0.7	0.000	0.000	0.000
969	  S	  0.8	  2.4	0.000	0.000	0.000
970	  G	  0.0	  2.4	0.000	0.000	0.000
971	  D	  0.0	  2.3	0.000	0.000	0.000
972	  K	  0.0	  1.9	0.000	0.000	0.000
973	  P	  0.0	  0.2	0.000	0.000	0.000
974	  T	  0.2	  0.2	0.000	0.000	0.000
975	  T	  0.2	  0.4	0.000	0.000	0.000
976	  P	  0.2	  0.3	0.000	0.000	0.000
977	  K	  0.2	  0.3	0.000	0.000	0.000
978	  R	  0.3	  0.4	0.000	0.000	0.000
979	  S	  0.3	  0.3	0.000	0.000	0.000
980	  E	  0.1	  0.2	0.000	0.000	0.000
981	  Q	  0.5	  0.2	0.000	0.000	0.000
982	  V	  1.3	  0.1	0.000	0.000	0.000
983	  S	  2.0	  0.1	0.000	0.000	0.000
984	  T	  2.4	  0.1	0.000	0.000	0.000
985	  T	  4.6	  0.1	0.000	0.000	0.000
986	  M	  4.6	  0.1	0.000	0.000	0.000
987	  T	  5.0	  0.5	0.000	0.000	0.000
988	  S	  2.0	  0.5	0.000	0.000	0.000
989	  S	  1.3	  0.8	0.000	0.000	0.000
990	  G	  0.1	  0.8	0.000	0.000	0.000
991	  P	  0.0	  0.3	0.000	0.000	0.000
992	  T	  0.0	  1.1	0.000	0.000	0.000
993	  P	  0.0	  0.8	0.000	0.000	0.000
994	  D	  0.1	  1.2	0.000	0.000	0.000
995	  T	  1.3	  1.4	0.000	0.000	0.000
996	  S	  1.6	  0.6	0.000	0.000	0.000
997	  S	  8.6	  0.8	0.000	0.000	0.000
998	  F	  7.9	  0.4	0.000	0.000	0.000
999	  D	  7.7	  3.2	0.000	0.000	0.000
1000	  T	  0.7	  3.5	0.249	0.000	0.000
1001	  D	  0.1	  3.3	0.384	0.000	0.000
1002	  G	  0.0	  3.2	0.510	0.000	0.000
1003	  M	  0.7	  0.4	0.510	0.000	0.000
1004	  S	  1.0	  0.1	0.510	0.000	0.000
1005	  A	  1.4	  0.1	0.510	0.000	0.000
1006	  Y	  3.9	  0.1	0.510	0.000	0.000
1007	  S	  3.7	  0.0	0.126	0.000	0.000
1008	  R	  3.3	  0.2	0.000	0.000	0.000
1009	  P	  0.0	  0.2	0.000	0.000	0.000
1010	  E	  2.3	  0.2	0.000	0.000	0.000
1011	  F	  3.9	  0.2	0.000	0.000	0.000
1012	  T	  4.4	  0.1	0.000	0.000	0.000
1013	  T	  2.8	  0.1	0.000	0.000	0.000
1014	  N	  1.2	  0.2	0.000	0.000	0.000
1015	  S	  1.7	  0.2	0.108	0.000	0.000
1016	  L	  2.6	  0.1	0.108	0.000	0.000
1017	  E	  8.3	  0.1	0.108	0.000	0.000
1018	  V	  7.7	  0.0	0.108	0.000	0.000
1019	  N	  6.2	  1.1	0.108	0.000	0.000
1020	  K	  0.5	  1.1	0.108	0.000	0.000
1021	  S	  0.4	  1.2	0.108	0.000	0.000
1022	  S	  2.4	  1.4	0.000	0.000	0.000
1023	  T	  3.4	  0.5	0.000	0.000	0.000
1024	  S	  3.2	  0.5	0.181	0.000	0.000
1025	  Q	  1.3	  0.4	0.181	0.000	0.000
1026	  L	  0.2	  1.8	0.181	0.000	0.000
1027	  G	  0.1	  1.8	0.181	0.000	0.000
1028	  N	  0.0	  1.6	0.181	0.000	0.000
1029	  N	  0.0	  1.7	0.382	0.000	0.000
1030	  K	  0.2	  0.2	0.201	0.000	0.000
1031	  Q	  0.9	  0.1	0.201	0.000	0.000
1032	  T	 30.9	  0.1	0.201	0.000	0.000
1033	  F	 30.9	  0.5	0.201	0.000	0.000
1034	  S	 30.3	  0.4	0.201	0.000	0.000
1035	  N	  0.5	  0.4	0.230	0.000	0.000
1036	  L	  1.2	  0.5	0.128	0.000	0.000
1037	  Q	  2.5	  0.0	0.128	0.000	0.000
1038	  L	  2.5	  0.1	0.128	0.000	0.000
1039	  E	  1.6	  0.1	0.128	0.000	0.000
1040	  S	  1.6	  0.1	0.128	0.000	0.000
1041	  T	  1.6	  0.1	0.000	0.000	0.000
1042	  R	  1.5	  0.3	0.000	0.000	0.000
1043	  P	  0.1	  0.2	0.000	0.000	0.000
1044	  H	  0.0	  0.4	0.000	0.000	0.000
1045	  S	  0.1	  2.0	0.000	0.000	0.000
1046	  E	  0.1	  1.8	0.000	0.000	0.000
1047	  N	  0.1	  1.8	0.293	0.000	0.000
1048	  E	  4.6	  1.6	0.293	0.000	0.000
1049	  V	  5.0	  0.1	0.293	0.000	0.000
1050	  D	  5.0	  0.7	2.991	0.000	0.000
1051	  N	  0.4	  0.7	3.770	0.000	0.000
1052	  N	  0.6	  0.7	4.730	0.000	0.000
1053	  T	  0.9	  0.7	4.818	0.000	0.000
1054	  R	  1.3	  0.1	4.818	0.000	0.000
1055	  L	  0.9	  0.0	4.818	0.000	0.000
1056	  L	  0.8	  0.1	4.259	0.000	0.000
1057	  Q	  0.5	  0.1	4.084	0.000	0.000
1058	  S	  0.7	  0.1	2.686	0.000	0.000
1059	  I	  0.8	  0.1	1.416	0.000	0.000
1060	  Q	  0.8	  0.1	1.416	0.000	0.000
1061	  Q	  0.6	  0.2	0.617	0.000	0.000
1062	  S	  0.5	  0.3	0.118	0.000	0.000
1063	  S	  1.1	  0.3	0.000	0.000	0.000
1064	  T	  2.0	  0.2	0.000	0.000	0.000
1065	  Y	  1.7	  0.9	0.000	0.000	0.000
1066	  G	  1.1	  0.9	0.000	0.000	0.000
1067	  T	  0.2	  1.0	0.000	0.000	0.000
1068	  N	  0.2	  1.0	0.000	0.000	0.000
1069	  N	  2.6	  0.2	0.000	0.000	0.000
1070	  V	  2.8	  0.1	0.000	0.000	0.000
1071	  N	  2.7	  0.3	0.000	0.000	0.000
1072	  P	  0.2	  0.3	0.000	0.000	0.000
1073	  L	  0.1	  0.3	0.000	0.000	0.000
1074	  S	  0.1	  1.6	0.000	0.000	0.000
1075	  P	  0.1	  1.5	0.000	0.000	0.000
1076	  T	  0.1	  1.7	0.000	0.000	0.000
1077	  G	  0.2	  1.7	0.000	0.000	0.000
1078	  S	  5.9	  0.5	0.000	0.000	0.000
1079	  I	 10.0	  0.3	0.000	0.000	0.000
1080	  S	 10.1	  0.1	0.000	0.000	0.000
1081	  I	  4.7	  0.1	0.000	0.000	0.000
1082	  P	  0.1	  0.0	0.000	0.000	0.000
1083	  L	  0.1	  0.0	0.000	0.000	0.000
1084	  T	  0.1	  1.2	0.000	0.000	0.000
1085	  E	  0.1	  1.9	0.000	0.000	0.000
1086	  D	  0.0	  2.0	0.000	0.000	0.000
1087	  G	  0.0	  2.3	0.000	0.000	0.000
1088	  Q	  0.0	  2.4	0.000	0.000	0.000
1089	  G	  0.0	  2.0	0.000	0.000	0.000
1090	  D	  0.0	  2.9	0.000	0.000	0.000
1091	  N	  0.0	  2.8	0.000	0.000	0.000
1092	  N	  0.1	  1.6	0.000	0.000	0.000
1093	  N	  0.8	  1.9	0.000	0.000	0.000
1094	  W	  2.1	  0.9	0.000	0.000	0.000
1095	  N	  2.0	  0.6	0.000	0.000	0.000
1096	  S	  1.4	  0.7	0.312	0.000	0.000
1097	  P	  0.0	  0.3	0.312	0.000	0.000
1098	  A	  0.1	  0.3	0.312	0.000	0.000
1099	  T	  0.1	  0.4	0.312	0.000	0.000
1100	  N	  0.1	  0.4	0.312	0.000	0.000
1101	  D	  0.2	  0.3	0.843	0.000	0.000
1102	  L	  0.3	  0.2	0.531	0.000	0.000
1103	  C	  3.5	  0.1	0.531	0.000	0.000
1104	  T	  4.0	  0.0	0.531	0.097	0.097
1105	  Q	  4.6	  0.0	0.531	0.259	0.259
1106	  I	  5.3	  0.0	0.531	6.772	6.772
1107	  S	 12.8	  0.2	0.531	7.246	7.246
1108	  F	 13.6	  0.2	0.345	11.478	11.478
1109	  N	 10.3	  0.2	0.152	11.704	11.704
1110	  L	  2.5	  0.2	0.000	19.814	19.814
1111	  T	  1.7	  0.0	0.000	20.967	20.967
1112	  A	  1.5	  0.0	0.000	23.040	23.040
1113	  T	  1.6	  0.0	0.000	25.426	25.426
1114	  T	 10.5	  0.0	0.000	28.613	28.613
1115	  I	 25.9	  0.0	0.000	28.613	28.613
1116	  T	 33.0	  0.0	0.000	27.296	27.296
1117	  V	 25.1	  0.0	0.000	26.466	26.466
1118	  T	  9.9	  0.0	0.000	21.263	21.263
1119	  D	  1.0	  0.0	0.000	0.000	0.000
1120	  R	  4.7	  0.0	0.000	0.000	0.000
1121	  I	 16.9	  0.0	0.000	0.000	0.000
1122	  T	 26.7	  0.0	0.000	0.000	0.000
1123	  I	 22.7	  0.0	0.000	0.000	0.000
1124	  T	 11.7	  0.1	0.000	0.000	0.000
1125	  D	  0.9	  0.1	0.000	0.000	0.000
1126	  S	  1.1	  0.1	0.000	0.000	0.000
1127	  I	  0.9	  0.1	0.000	0.000	0.000
1128	  H	  1.5	  0.0	0.000	0.000	0.000
1129	  D	  1.5	  0.3	0.000	0.000	0.000
1130	  I	  1.9	  0.4	0.000	0.000	0.000
1131	  S	  1.3	  0.4	0.105	0.000	0.000
1132	  S	  0.7	  0.4	0.105	0.000	0.000
1133	  E	  0.6	  0.1	0.105	0.000	0.000
1134	  V	  4.5	  0.1	0.105	46.748	46.748
1135	  I	  6.8	  0.0	0.105	50.549	50.549
1136	  T	  7.9	  0.0	0.105	51.213	51.213
1137	  S	  4.6	  0.0	0.105	51.923	51.923
1138	  Y	  2.9	  0.0	0.105	57.678	57.678
1139	  I	  2.5	  0.0	0.000	58.885	58.885
1140	  Y	  2.2	  0.1	0.000	54.201	54.201
1141	  Q	  1.7	  0.1	0.000	36.830	36.830
1142	  T	  5.5	  0.1	0.116	36.120	36.120
1143	  I	  5.9	  0.1	0.116	35.636	35.636
1144	  V	  6.7	  0.0	0.116	32.957	32.957
1145	  D	  1.9	  0.1	0.387	0.000	0.000
1146	  Q	  1.2	  0.2	0.387	0.000	0.000
1147	  K	  1.0	  0.1	0.387	0.000	0.000
1148	  T	 11.1	  0.1	0.271	0.186	0.186
1149	  V	 14.0	  0.0	0.271	0.494	0.494
1150	  T	 14.0	  0.0	0.271	0.494	0.494
1151	  Q	  4.3	  0.0	0.271	0.494	0.494
1152	  T	  4.9	  0.2	0.000	0.494	0.494
1153	  V	  4.4	  1.7	0.000	0.494	0.494
1154	  D	  4.1	  1.8	1.390	0.000	0.000
1155	  G	  0.2	  2.0	1.819	0.000	0.000
1156	  K	  0.2	  1.8	1.819	0.000	0.000
1157	  S	  0.3	  0.3	2.189	0.000	0.000
1158	  L	  0.3	  0.5	2.189	0.000	0.000
1159	  A	  0.2	  0.3	2.189	0.000	0.000
1160	  N	  0.1	  0.3	2.051	0.000	0.000
1161	  K	  0.5	  0.3	1.230	0.000	0.000
1162	  M	  0.9	  0.1	0.537	0.000	0.000
1163	  S	  1.1	  0.1	0.117	0.000	0.000
1164	  S	  0.7	  0.1	0.000	0.000	0.000
1165	  I	  0.4	  0.1	0.000	0.000	0.000
1166	  P	  0.1	  0.0	0.000	0.000	0.000
1167	  K	  0.0	  0.3	0.000	0.000	0.000
1168	  P	  0.0	  0.5	0.000	0.000	0.000
1169	  S	  0.3	  0.6	0.000	0.000	0.000
1170	  S	  1.9	  1.2	0.000	0.000	0.000
1171	  R	  2.3	  0.9	0.000	0.000	0.000
1172	  S	  2.4	  0.8	0.000	0.000	0.000
1173	  L	  1.0	  0.7	0.000	0.000	0.000
1174	  I	  0.6	  0.0	0.000	0.000	0.000
1175	  Q	  0.3	  0.0	0.000	0.000	0.000
1176	  P	  0.1	  0.0	0.000	0.000	0.000
1177	  Q	  0.0	  0.0	0.000	0.000	0.000
1178	  P	  0.0	  0.0	0.000	0.000	0.000
1179	  P	  0.0	  0.0	0.000	0.000	0.000
1180	  V	  3.2	  0.0	0.000	0.000	0.000
1181	  A	  3.4	  0.0	0.000	0.000	0.000
1182	  I	  6.1	  0.0	0.000	0.000	0.000
1183	  E	  3.2	  0.0	0.000	0.000	0.000
1184	  L	  3.1	  0.1	0.000	0.000	0.000
1185	  Q	  0.4	  0.5	0.000	0.000	0.000
1186	  E	  0.0	  0.6	0.000	0.000	0.000
1187	  G	  0.0	  0.6	0.000	0.000	0.000
1188	  A	  0.1	  0.6	0.000	0.000	0.000
1189	  A	  0.2	  0.4	0.000	0.000	0.000
1190	  S	  2.1	  0.4	0.000	0.000	0.000
1191	  T	  2.5	  0.5	0.000	0.000	0.000
1192	  S	  2.6	  0.3	0.000	0.001	0.001
1193	  R	  1.8	  0.3	0.000	0.006	0.006
1194	  V	  5.5	  0.1	0.000	80.618	80.618
1195	  S	  5.7	  0.0	0.693	87.275	87.275
1196	  L	  5.2	  0.0	0.693	96.878	96.878
1197	  V	  5.2	  0.1	0.693	98.546	98.546
1198	  S	  5.1	  0.0	0.798	98.684	98.684
1199	  L	  5.0	  0.0	0.798	99.783	99.783
1200	  F	  1.7	  0.1	0.798	99.974	99.974
1201	  I	  3.7	  0.0	0.511	99.989	99.989
1202	  S	  3.6	  0.0	0.675	99.988	99.988
1203	  I	  8.2	  0.0	0.537	99.997	99.997
1204	  I	  8.8	  0.0	0.537	99.993	99.993
1205	  L	 10.1	  0.0	0.537	99.951	99.951
1206	  V	  8.3	  0.0	0.422	99.708	99.708
1207	  L	  5.3	  0.0	0.422	93.216	93.216
1208	  L	  3.5	  0.0	0.000	0.010	0.010
