res	aa	Beta	Turn	Helix	Aggregation	Conc-Stab_Aggregation
01	  M	  0.4	  0.0	1.914	0.044	0.044
02	  L	  1.5	  0.0	3.147	64.990	64.990
03	  S	  2.0	  0.0	21.022	69.506	69.506
04	  I	  6.0	  0.0	21.305	97.406	97.406
05	  I	  6.9	  0.0	21.612	99.545	99.545
06	  L	  7.1	  0.0	21.612	99.700	99.700
07	  L	  3.5	  0.0	21.938	99.627	99.627
08	  L	  1.5	  0.0	21.938	99.011	99.011
09	  M	  2.1	  0.0	21.462	92.147	92.147
10	  Q	  2.0	  0.0	19.425	83.373	83.373
11	  L	  2.6	  0.0	15.575	83.007	83.007
12	  V	  2.1	  0.0	14.723	80.900	80.900
13	  A	  1.6	  0.2	14.107	55.368	55.368
14	  A	  1.0	  0.2	8.678	25.412	25.412
15	  D	  0.2	  0.2	5.264	0.015	0.015
16	  I	  3.4	  0.2	0.736	0.015	0.015
17	  A	  3.9	  0.0	0.736	0.014	0.014
18	  V	  4.8	  0.0	0.438	0.013	0.013
19	  V	  1.7	  0.1	0.362	0.002	0.002
20	  G	  1.0	  0.7	0.362	0.000	0.000
21	  P	  0.0	  0.7	0.000	0.000	0.000
22	  S	  2.1	  1.4	0.000	0.000	0.000
23	  L	  2.2	  1.3	0.000	0.000	0.000
24	  D	  2.3	  1.3	0.000	0.000	0.000
25	  Q	  1.0	  1.2	0.000	0.000	0.000
26	  S	  7.7	  0.9	0.000	0.000	0.000
27	  F	  8.3	  0.9	0.000	0.000	0.000
28	  D	  7.6	  6.3	0.000	0.000	0.000
29	  A	  0.9	  6.5	0.000	0.000	0.000
30	  S	  0.1	  6.6	0.000	0.000	0.000
31	  G	  0.1	  6.6	0.000	0.000	0.000
32	  G	  0.1	  0.6	0.000	0.000	0.000
33	  T	  1.3	  0.5	0.000	0.000	0.000
34	  A	  1.9	  0.1	0.000	0.000	0.000
35	  K	  1.9	  0.0	0.000	0.000	0.000
36	  I	  0.8	  0.0	0.000	0.000	0.000
37	  P	  0.2	  0.0	0.131	0.000	0.000
38	  I	  1.2	  0.0	0.131	9.046	9.046
39	  Q	  1.9	  0.0	0.131	9.046	9.046
40	  W	  2.3	  0.0	0.131	9.046	9.046
41	  L	  1.6	  0.0	0.131	9.046	9.046
42	  F	  1.5	  0.0	0.131	9.046	9.046
43	  T	  1.1	  0.7	0.000	0.000	0.000
44	  P	  0.6	  0.7	0.000	0.000	0.000
45	  N	  0.1	  0.7	0.000	0.000	0.000
46	  T	  0.1	  1.1	0.000	0.000	0.000
47	  P	  0.1	  0.5	0.000	0.000	0.000
48	  S	  0.6	  2.4	0.000	0.000	0.000
49	  Q	  0.6	  2.5	0.000	0.000	0.000
50	  D	  0.7	  2.1	0.078	0.000	0.000
51	  D	  0.8	  2.0	0.078	0.000	0.000
52	  F	  2.8	  0.2	0.078	0.796	0.796
53	  T	  3.0	  0.1	0.078	0.796	0.796
54	  S	  3.4	  0.1	0.078	1.032	1.032
55	  L	  4.4	  0.1	0.078	3.307	3.307
56	  T	 32.9	  0.0	0.000	3.307	3.307
57	  F	 34.0	  0.0	0.000	3.307	3.307
58	  S	 31.7	  0.0	0.000	2.829	2.829
59	  L	  4.0	  0.0	0.000	2.829	2.829
60	  C	  0.9	  0.0	0.000	0.394	0.394
61	  S	  0.5	  0.2	0.000	0.000	0.000
62	  G	  0.2	  1.5	0.000	0.000	0.000
63	  P	  0.0	  1.5	0.000	0.000	0.000
64	  N	  0.7	  1.5	0.446	0.000	0.000
65	  Y	  2.6	  1.3	0.561	0.000	0.000
66	  K	  6.4	  0.0	0.669	0.000	0.000
67	  I	  6.5	  0.0	0.669	0.330	0.330
68	  E	  4.7	  0.0	0.775	0.330	0.330
69	  A	  1.2	  0.0	0.775	0.330	0.330
70	  F	  2.7	  0.0	0.775	0.330	0.330
71	  K	  4.9	  0.0	0.373	0.330	0.330
72	  V	  5.6	  0.0	0.105	0.330	0.330
73	  I	  3.3	  0.2	0.105	0.330	0.330
74	  G	  1.0	  0.3	0.105	0.000	0.000
75	  K	  0.5	  0.3	0.000	0.000	0.000
76	  L	  0.5	  0.5	0.000	0.000	0.000
77	  S	  0.5	  0.3	0.000	0.000	0.000
78	  D	  0.1	  0.4	0.000	0.000	0.000
79	  I	  0.1	  1.1	0.000	0.000	0.000
80	  G	  0.1	  0.9	0.000	0.000	0.000
81	  T	  0.5	  1.0	0.000	0.000	0.000
82	  T	  0.8	  0.8	0.000	0.000	0.000
83	  D	  2.2	  0.1	0.000	0.000	0.000
84	  F	  3.9	  0.1	0.000	0.000	0.000
85	  E	  3.6	  0.0	0.000	0.000	0.000
86	  A	  2.4	  0.0	0.000	0.000	0.000
87	  E	  3.0	  0.0	0.000	0.000	0.000
88	  V	  4.8	  0.0	0.000	0.000	0.000
89	  S	  6.0	  0.5	0.000	0.000	0.000
90	  Q	  3.6	  0.5	0.000	0.000	0.000
91	  S	  2.2	  0.7	0.000	0.000	0.000
92	  V	  0.7	  1.1	0.000	0.133	0.133
93	  G	  0.4	  1.9	0.000	0.133	0.133
94	  A	  0.1	  4.3	0.000	0.254	0.254
95	  N	  0.0	  4.1	0.000	0.431	0.431
96	  G	  0.1	  3.8	0.214	5.633	5.633
97	  Y	  1.3	  2.4	0.214	54.268	54.268
98	  Y	  2.6	  0.0	0.214	67.849	67.849
99	  Y	  3.9	  0.0	0.214	71.338	71.338
100	  V	  6.3	  0.0	0.214	71.987	71.987
101	  Q	  6.2	  0.0	0.214	71.130	71.130
102	  I	  5.6	  0.0	0.214	70.927	70.927
103	  Y	  2.6	  0.0	0.214	64.997	64.997
104	  A	  1.4	  0.0	0.102	42.525	42.525
105	  A	  0.9	  0.0	0.000	23.191	23.191
106	  T	  0.6	  0.3	0.000	6.810	6.810
107	  T	  0.5	  0.5	0.000	2.560	2.560
108	  D	  0.4	  0.5	0.000	0.000	0.000
109	  G	  0.1	  0.5	0.000	0.000	0.000
110	  Y	  8.2	  0.2	0.000	0.189	0.189
111	  T	 11.3	  0.0	0.000	0.189	0.189
112	  I	 14.0	  0.0	0.000	0.189	0.189
113	  H	 11.5	  0.0	0.000	0.189	0.189
114	  Y	  8.7	  0.0	0.000	0.189	0.189
115	  S	  5.9	  0.3	0.463	0.000	0.000
116	  P	  0.3	  0.3	0.463	0.000	0.000
117	  R	  0.5	  0.3	0.463	0.000	0.000
118	  F	  1.8	  0.3	0.463	0.000	0.000
119	  K	  3.7	  0.0	0.463	0.000	0.000
120	  L	  3.4	  0.1	0.463	0.000	0.000
121	  T	  2.1	  0.1	0.253	0.000	0.000
122	  G	  0.2	  0.3	0.253	0.000	0.000
123	  M	  0.3	  0.4	0.110	0.000	0.000
124	  T	  0.4	  0.7	0.000	0.000	0.000
125	  G	  0.3	  0.8	0.000	0.000	0.000
126	  S	  0.5	  0.6	0.000	0.000	0.000
127	  K	  0.4	  0.5	0.000	0.000	0.000
128	  L	  0.4	  0.7	0.000	0.000	0.000
129	  P	  0.1	  0.7	0.000	0.000	0.000
130	  D	  0.0	  0.7	0.000	0.000	0.000
131	  T	  0.7	  0.7	0.000	3.640	3.640
132	  L	  1.5	  0.1	0.000	3.640	3.640
133	  L	  1.8	  0.0	0.000	3.640	3.640
134	  I	 10.7	  0.0	0.000	3.640	3.640
135	  T	 10.0	  0.0	0.000	3.640	3.640
136	  A	  9.6	  0.0	0.000	0.000	0.000
137	  P	  0.0	  0.0	0.000	0.000	0.000
138	  P	  0.0	  0.0	0.000	0.000	0.000
139	  T	  0.0	  0.2	0.000	0.000	0.000
140	  P	  0.0	  0.3	0.000	0.000	0.000
141	  E	  0.1	  0.3	0.000	0.000	0.000
142	  T	  1.0	  0.3	0.000	0.000	0.000
143	  R	  3.2	  0.1	0.000	0.000	0.000
144	  V	  4.9	  0.0	0.000	0.000	0.000
145	  T	  4.1	  0.2	0.144	0.000	0.000
146	  T	  1.8	  1.4	0.144	0.000	0.000
147	  G	  0.1	  1.5	0.144	0.000	0.000
148	  D	  0.0	  1.8	0.414	0.000	0.000
149	  L	  0.0	  2.0	0.414	0.000	0.000
150	  G	  0.0	  0.7	0.414	0.000	0.000
151	  A	  0.8	  0.6	0.414	0.000	0.000
152	  T	  5.0	  0.3	0.270	0.000	0.000
153	  I	  5.7	  0.1	0.270	0.000	0.000
154	  D	  5.0	  0.2	0.270	0.000	0.000
155	  S	  2.7	  1.0	0.118	0.000	0.000
156	  K	  2.4	  1.0	0.118	0.000	0.000
157	  S	  9.7	  1.2	0.000	0.000	0.000
158	  F	 12.7	  1.1	0.000	0.000	0.000
159	  D	 12.5	  0.2	0.000	0.000	0.000
160	  I	  5.6	  0.4	0.000	0.000	0.000
161	  P	  0.1	  0.3	0.000	0.000	0.000
162	  Y	  0.1	  0.6	0.000	0.000	0.000
163	  G	  0.1	  0.7	0.183	0.000	0.000
164	  E	  0.2	  0.8	0.183	0.000	0.000
165	  Q	  0.1	  4.0	0.183	0.000	0.000
166	  N	  0.1	  3.9	0.431	0.000	0.000
167	  G	  0.1	  3.8	0.431	0.000	0.000
168	  K	  0.3	  3.5	0.431	0.000	0.000
169	  A	  0.5	  0.1	0.247	0.000	0.000
170	  K	  1.7	  0.0	0.247	0.000	0.000
171	  F	  1.6	  0.0	0.247	0.000	0.000
172	  A	  1.4	  0.0	0.000	0.000	0.000
173	  P	  0.2	  0.0	0.000	0.000	0.000
174	  M	  0.1	  0.0	0.000	0.000	0.000
175	  Q	  0.6	  0.0	0.000	0.000	0.000
176	  T	  0.8	  0.0	0.000	0.000	0.000
177	  Q	  0.7	  0.7	0.000	0.000	0.000
178	  P	  0.2	  0.8	0.000	0.000	0.000
179	  G	  0.0	  0.8	0.000	0.000	0.000
180	  T	  0.8	  0.8	0.000	0.000	0.000
181	  K	  5.8	  0.1	0.000	0.000	0.000
182	  I	  8.9	  0.0	0.000	0.000	0.000
183	  T	  9.0	  0.0	0.000	0.000	0.000
184	  A	  4.1	  0.0	0.000	0.000	0.000
185	  T	  3.3	  0.0	0.000	0.000	0.000
186	  T	 24.3	  0.0	0.240	0.000	0.000
187	  W	 24.9	  0.0	0.240	0.000	0.000
188	  S	 23.1	  0.1	0.240	0.000	0.000
189	  R	  2.1	  0.1	0.240	0.000	0.000
190	  R	  1.3	  0.1	0.240	0.000	0.000
191	  Y	  1.2	  0.1	0.240	0.769	0.769
192	  A	  0.7	  0.0	0.121	1.197	1.197
193	  T	  0.9	  0.1	0.000	2.630	2.630
194	  S	  0.8	  0.1	0.000	5.185	5.185
195	  A	  1.1	  0.1	0.000	25.008	25.008
196	  V	  4.7	  0.0	0.000	39.383	39.383
197	  S	  5.5	  0.0	0.000	40.066	40.066
198	  F	  6.1	  0.0	0.000	45.517	45.517
199	  F	  4.9	  0.1	0.000	45.665	45.665
200	  T	  4.3	  0.1	0.000	35.991	35.991
201	  S	  4.8	  0.1	0.000	24.739	24.739
202	  L	  2.7	  0.1	0.000	23.411	23.411
203	  T	  4.2	  0.0	0.000	12.389	12.389
204	  A	  2.6	  0.0	0.000	5.684	5.684
205	  T	  1.9	  0.0	0.000	0.000	0.000
206	  P	  0.0	  0.0	0.000	0.000	0.000
207	  V	  1.7	  0.0	0.000	0.000	0.000
208	  Q	  2.1	  0.0	0.000	0.000	0.000
209	  H	  2.7	  0.1	0.000	0.000	0.000
210	  T	  1.9	  0.1	0.000	0.000	0.000
211	  T	  5.9	  0.1	0.000	0.000	0.000
212	  L	  5.4	  0.1	0.000	0.000	0.000
213	  T	  4.7	  1.7	0.000	0.000	0.000
214	  P	  0.1	  1.7	0.000	0.000	0.000
215	  G	  0.0	  1.7	0.000	1.721	1.721
216	  W	  3.7	  1.7	0.000	20.333	20.333
217	  S	  4.8	  0.0	0.000	20.333	20.333
218	  Y	  5.7	  0.0	0.000	20.333	20.333
219	  Y	  3.0	  0.0	0.000	20.333	20.333
220	  I	  2.5	  0.1	0.000	20.195	20.195
221	  S	  1.5	  2.3	0.000	1.037	1.037
222	  S	  0.6	  2.3	0.000	0.114	0.114
223	  D	  0.5	  2.7	0.000	0.000	0.000
224	  Y	  3.8	  2.6	0.000	0.000	0.000
225	  N	  4.1	  0.4	0.000	0.000	0.000
226	  Y	  3.6	  0.4	0.000	0.000	0.000
227	  A	  0.3	  0.0	0.000	0.000	0.000
228	  P	  0.0	  0.0	0.000	0.000	0.000
229	  P	  0.0	  0.0	0.000	0.000	0.000
230	  A	  0.0	  0.0	0.000	0.000	0.000
231	  P	  0.0	  0.0	0.000	0.000	0.000
232	  F	  0.0	  0.6	0.000	0.000	0.000
233	  P	  0.0	  1.0	0.000	0.000	0.000
234	  S	  0.0	  4.6	0.000	0.000	0.000
235	  D	  0.0	  5.5	0.000	0.000	0.000
236	  N	  0.0	  5.0	0.000	0.000	0.000
237	  G	  0.0	  4.6	0.000	0.000	0.000
238	  G	  0.0	  1.0	0.000	0.000	0.000
239	  W	  1.6	  0.1	0.000	0.000	0.000
240	  Y	  1.8	  0.0	0.000	0.000	0.000
241	  D	  1.8	  0.6	4.195	0.000	0.000
242	  P	  0.2	  0.6	4.195	0.000	0.000
243	  K	  0.1	  0.7	4.195	0.000	0.000
244	  K	  0.3	  0.7	4.195	0.000	0.000
245	  R	  0.6	  0.2	4.195	0.000	0.000
246	  Q	  1.3	  0.1	4.195	0.000	0.000
247	  S	  8.1	  0.1	2.256	0.000	0.000
248	  F	  9.3	  0.1	1.329	0.000	0.000
249	  T	  9.5	  0.0	1.231	0.000	0.000
250	  T	  3.3	  0.1	1.520	0.000	0.000
251	  R	  2.1	  0.1	1.520	0.000	0.000
252	  K	  1.8	  0.1	1.520	0.000	0.000
253	  L	  2.3	  0.1	1.320	0.000	0.000
254	  N	  2.3	  1.4	7.659	0.000	0.000
255	  M	  1.7	  1.4	7.790	0.000	0.000
256	  D	  0.3	  1.5	8.537	0.000	0.000
257	  K	  0.7	  1.5	8.537	0.000	0.000
258	  L	  0.8	  0.2	8.537	0.000	0.000
259	  R	  1.0	  0.2	8.537	0.000	0.000
260	  K	  0.7	  0.1	7.597	0.000	0.000
261	  R	  0.9	  0.1	3.471	0.000	0.000
262	  R	  0.9	  0.1	1.244	0.000	0.000
263	  Q	  0.8	  0.1	0.602	0.000	0.000
264	  T	  0.4	  0.1	0.000	0.000	0.000
265	  S	  0.1	  0.0	0.000	0.000	0.000
