res	aa	Beta	Turn	Helix	Aggregation	Conc-Stab_Aggregation
01	  M	  0.6	  0.0	0.000	0.333	0.333
02	  W	  1.7	  0.0	0.000	57.062	57.062
03	  L	  2.6	  0.0	0.000	57.074	57.074
04	  C	  3.5	  0.0	0.000	57.074	57.074
05	  F	  5.0	  0.0	0.000	57.074	57.074
06	  I	  4.6	  0.0	0.000	57.043	57.043
07	  V	  3.3	  0.0	0.000	0.632	0.632
08	  P	  0.6	  0.0	0.000	1.384	1.384
09	  V	  1.6	  0.0	0.000	81.653	81.653
10	  L	  2.1	  0.0	0.000	83.041	83.041
11	  F	  3.0	  0.0	0.000	83.245	83.245
12	  F	  2.3	  0.0	0.000	83.245	83.245
13	  L	  3.1	  0.0	0.000	83.110	83.110
14	  Q	  2.1	  0.0	0.000	18.547	18.547
15	  L	  1.4	  0.0	0.000	15.647	15.647
16	  T	  0.0	  0.0	0.000	0.000	0.000
17	  C	  0.0	  0.0	0.000	0.000	0.000
18	  A	  0.0	  0.0	-1.#IO	0.000	0.000
19	  Y	  0.0	  0.0	-1.#IO	0.000	0.000
20	  E	  0.0	  0.0	-1.#IO	0.000	0.000
21	  Y	  0.0	  0.0	-1.#IO	0.000	0.000
22	  A	  0.0	  0.0	-1.#IO	0.000	0.000
23	  P	  0.0	  0.0	-1.#IO	0.000	0.000
24	  E	  0.0	  0.0	-1.#IO	0.000	0.000
25	  F	  0.0	  0.0	-1.#IO	0.000	0.000
26	  Y	  0.0	  0.0	-1.#IO	0.000	0.000
27	  G	  0.0	  0.0	-1.#IO	0.000	0.000
28	  K	  0.0	  0.0	-1.#IO	0.000	0.000
29	  K	  0.0	  0.0	-1.#IO	0.000	0.000
30	  D	  0.0	  0.0	-1.#IO	0.000	0.000
31	  S	  0.0	  0.0	-1.#IO	0.000	0.000
32	  S	  0.0	  0.0	-1.#IO	0.000	0.000
33	  E	  0.0	  0.0	-1.#IO	0.000	0.000
34	  N	  0.0	  0.0	-1.#IO	0.000	0.000
35	  G	  0.0	  0.0	-1.#IO	0.000	0.000
36	  Y	  0.0	  0.0	-1.#IO	0.000	0.000
37	  A	  0.0	  0.0	-1.#IO	0.000	0.000
38	  H	  0.0	  0.0	0.000	0.000	0.000
39	  G	  0.0	  0.0	0.000	0.000	0.000
40	  C	  0.2	  0.0	0.000	0.000	0.000
41	  S	  0.2	  2.3	1.543	0.000	0.000
42	  P	  0.2	  2.3	1.543	0.000	0.000
43	  S	  2.3	  2.3	3.469	0.000	0.000
44	  I	  3.5	  2.3	3.469	0.000	0.000
45	  R	  3.5	  0.0	3.469	0.000	0.000
46	  A	  1.5	  0.0	3.469	0.000	0.000
47	  K	  2.3	  0.0	3.347	0.000	0.000
48	  L	  2.3	  0.0	2.600	0.000	0.000
49	  K	  2.1	  0.6	1.838	0.000	0.000
50	  P	  0.1	  0.6	0.000	0.000	0.000
51	  G	  0.0	  0.6	0.113	0.000	0.000
52	  L	  1.8	  0.6	0.113	0.000	0.000
53	  S	  2.9	  0.0	0.597	0.000	0.000
54	  M	  4.4	  0.0	0.597	0.000	0.000
55	  E	  3.1	  0.0	0.597	0.000	0.000
56	  I	  3.0	  0.0	0.597	13.233	13.233
57	  Y	  7.6	  0.0	0.597	14.213	14.213
58	  S	  7.7	  0.0	0.483	14.213	14.213
59	  Y	  7.4	  0.0	0.325	14.213	14.213
60	  A	  1.7	  0.0	0.103	14.213	14.213
61	  L	  1.3	  0.0	0.103	12.253	12.253
62	  R	  0.6	  0.3	0.103	0.000	0.000
63	  P	  0.1	  0.4	0.000	0.000	0.000
64	  T	  0.1	  0.7	0.000	0.000	0.000
65	  D	  0.0	  0.9	0.000	0.000	0.000
66	  D	  0.1	  0.6	0.000	0.000	0.000
67	  H	  1.3	  0.4	0.000	0.000	0.000
68	  C	  3.1	  0.4	0.000	0.000	0.000
69	  W	  3.5	  0.2	0.000	0.000	0.000
70	  D	  2.3	  0.3	0.000	0.000	0.000
71	  S	  0.8	  0.3	0.000	0.000	0.000
72	  A	  0.6	  0.1	0.000	0.000	0.000
73	  Y	  2.3	  0.0	0.000	0.000	0.000
74	  L	  2.1	  0.0	0.000	0.000	0.000
75	  D	  1.8	  0.2	0.000	0.000	0.000
76	  P	  0.1	  0.2	0.000	0.000	0.000
77	  M	  0.1	  0.2	0.000	0.000	0.000
78	  F	  0.1	  0.3	0.000	0.000	0.000
79	  P	  0.1	  0.4	0.000	0.000	0.000
80	  R	  0.1	  0.5	0.000	0.000	0.000
81	  T	  0.1	  0.5	0.000	0.000	0.000
82	  G	  0.1	  0.3	1.376	0.000	0.000
83	  Y	  0.5	  0.1	1.510	0.000	0.000
84	  L	  1.5	  0.0	1.510	0.000	0.000
85	  T	  4.5	  0.0	1.861	0.000	0.000
86	  H	  4.6	  0.1	1.861	0.000	0.000
87	  K	  3.8	  0.1	1.861	0.000	0.000
88	  L	  0.9	  0.2	1.598	0.000	0.000
89	  L	  0.3	  0.3	1.598	0.000	0.000
90	  G	  0.2	  0.2	1.438	0.000	0.000
91	  K	  0.4	  0.4	0.479	0.000	0.000
92	  A	  0.4	  0.6	0.000	0.000	0.000
93	  E	  0.3	  0.5	0.000	0.000	0.000
94	  G	  0.1	  0.5	0.000	0.000	0.000
95	  I	  2.1	  0.3	0.000	0.000	0.000
96	  I	  2.1	  0.2	0.000	0.000	0.000
97	  G	  2.0	  0.3	0.448	0.000	0.000
98	  P	  0.0	  0.5	0.448	0.000	0.000
99	  L	  1.6	  0.5	0.448	0.370	0.370
100	  N	  1.7	  0.4	6.117	0.370	0.370
101	  F	  2.3	  0.1	6.117	0.370	0.370
102	  L	  0.7	  0.0	6.117	0.370	0.370
103	  A	  0.7	  0.0	6.117	0.370	0.370
104	  K	  0.1	  0.0	6.117	0.000	0.000
105	  N	  0.1	  0.3	5.973	0.000	0.000
106	  P	  0.0	  0.3	0.000	0.000	0.000
107	  A	  0.6	  0.3	0.000	0.000	0.000
108	  C	  1.0	  0.3	0.000	0.000	0.000
109	  I	  1.0	  0.0	0.000	0.000	0.000
110	  P	  0.4	  0.0	0.000	0.000	0.000
111	  A	  0.5	  0.0	0.000	0.000	0.000
112	  V	  1.4	  0.0	0.000	0.000	0.000
113	  S	  1.8	  0.0	0.000	0.000	0.000
114	  T	  1.4	  0.0	0.000	0.000	0.000
115	  L	  0.6	  0.2	0.000	0.000	0.000
116	  P	  0.2	  0.1	0.000	0.000	0.000
117	  L	  0.2	  0.1	0.000	0.000	0.000
118	  A	  0.7	  0.1	0.000	0.000	0.000
119	  F	  5.9	  0.0	0.000	0.000	0.000
120	  H	  5.9	  0.0	0.000	0.000	0.000
121	  F	  5.5	  0.0	0.000	0.000	0.000
122	  P	  0.3	  0.0	0.000	0.000	0.000
123	  K	  0.0	  0.0	0.000	0.000	0.000
124	  P	  0.0	  0.0	0.000	0.363	0.363
125	  F	  8.5	  0.0	0.000	30.936	30.936
126	  T	 18.8	  0.0	0.000	36.441	36.441
127	  I	 19.3	  0.1	0.000	45.590	45.590
128	  T	 11.9	  0.1	0.087	46.372	46.372
129	  N	  2.0	  0.1	0.405	47.687	47.687
130	  F	  5.8	  0.1	0.405	79.797	79.797
131	  T	  6.2	  0.0	0.895	81.960	81.960
132	  M	  6.1	  0.0	0.895	84.506	84.506
133	  L	  2.4	  0.0	0.895	86.468	86.468
134	  L	  1.6	  0.2	0.895	86.127	86.127
135	  Y	  0.8	  0.2	0.895	79.743	79.743
136	  G	  0.3	  0.2	0.589	56.579	56.579
137	  Y	  2.0	  0.2	0.190	54.397	54.397
138	  L	  1.9	  0.0	0.000	46.392	46.392
139	  S	  1.9	  0.3	0.000	0.000	0.000
140	  P	  0.1	  0.4	0.000	0.000	0.000
141	  K	  0.2	  0.5	0.000	0.000	0.000
142	  K	  0.3	  0.7	0.000	0.000	0.000
143	  T	  0.3	  0.5	0.000	0.000	0.000
144	  G	  0.1	  0.5	0.000	0.000	0.000
145	  K	  2.6	  0.3	0.000	0.000	0.000
146	  Y	 14.0	  0.2	0.000	0.115	0.115
147	  T	 26.1	  0.0	0.000	0.115	0.115
148	  F	 24.7	  0.1	0.000	0.115	0.115
149	  K	 14.0	  0.1	0.000	0.115	0.115
150	  L	  1.7	  0.1	0.000	0.115	0.115
151	  L	  0.4	  0.4	0.000	0.115	0.115
152	  A	  0.2	  0.5	0.000	0.115	0.115
153	  D	  0.0	  0.6	1.653	0.115	0.115
154	  D	  0.0	  0.6	2.693	0.000	0.000
155	  L	  0.9	  0.2	2.693	1.303	1.303
156	  L	  1.8	  0.0	2.693	1.840	1.840
157	  L	  2.2	  0.3	2.693	1.840	1.840
158	  M	  3.4	  0.3	2.693	1.840	1.840
159	  N	  2.5	  0.6	1.971	1.840	1.840
160	  F	  2.2	  1.1	1.025	1.840	1.840
161	  G	  0.2	  1.4	0.801	0.000	0.000
162	  A	  0.2	  1.6	0.135	0.000	0.000
163	  D	  0.0	  1.3	0.135	0.000	0.000
164	  N	  0.2	  0.8	0.135	0.000	0.000
165	  A	  0.3	  0.2	0.135	0.000	0.000
166	  F	  5.2	  0.0	0.135	0.000	0.000
167	  D	  6.1	  0.0	0.000	0.000	0.000
168	  C	 14.4	  0.0	0.000	0.000	0.000
169	  C	 10.8	  0.2	0.000	0.000	0.000
170	  S	 10.1	  0.6	0.000	0.000	0.000
171	  H	  2.0	  0.6	0.000	0.000	0.000
172	  D	  0.8	  0.9	0.000	0.000	0.000
173	  A	  0.3	  0.8	0.000	0.000	0.000
174	  T	  0.7	  0.7	0.000	0.000	0.000
175	  K	  0.7	  0.8	0.000	0.000	0.000
176	  D	  0.5	  0.5	0.000	0.000	0.000
177	  N	  0.1	  0.8	0.100	0.000	0.000
178	  I	  0.1	  1.2	0.100	0.000	0.000
179	  G	  0.1	  1.1	0.417	0.000	0.000
180	  E	  0.2	  1.1	0.417	0.000	0.000
181	  Y	  2.5	  0.8	0.417	6.167	6.167
182	  V	  4.2	  0.0	0.417	7.475	7.475
183	  A	  4.5	  0.0	0.417	7.475	7.475
184	  Y	  6.8	  0.0	0.417	7.475	7.475
185	  S	  6.4	  0.0	0.164	7.475	7.475
186	  V	  6.2	  0.0	0.000	7.091	7.091
187	  W	  1.6	  2.5	0.000	1.134	1.134
188	  P	  0.3	  2.5	0.000	0.553	0.553
189	  G	  0.1	  2.5	0.000	0.000	0.000
190	  V	  0.4	  2.5	0.000	0.000	0.000
191	  N	  0.4	  0.7	0.000	0.000	0.000
192	  K	  0.5	  0.7	0.000	0.000	0.000
193	  N	  1.9	  0.7	0.000	3.341	3.341
194	  V	 19.5	  0.7	0.000	73.802	73.802
195	  T	 23.9	  0.0	0.000	73.802	73.802
196	  V	 25.0	  0.0	0.000	73.802	73.802
197	  Y	  8.5	  0.0	0.000	73.802	73.802
198	  L	  3.4	  0.3	0.000	73.308	73.308
199	  E	  0.6	  0.4	0.000	0.000	0.000
200	  S	  0.1	  0.6	0.000	0.000	0.000
201	  G	  0.1	  0.6	0.000	0.000	0.000
202	  I	  1.7	  0.3	0.000	0.000	0.000
203	  Y	  1.9	  0.2	0.000	0.000	0.000
204	  Y	  1.8	  0.1	0.116	0.000	0.000
205	  P	  0.2	  0.1	0.226	0.000	0.000
206	  L	  1.5	  0.2	0.226	0.000	0.000
207	  R	  2.1	  0.2	0.226	0.000	0.000
208	  L	  2.6	  0.1	0.226	0.000	0.000
209	  F	  3.0	  0.1	0.226	0.000	0.000
210	  F	  2.9	  0.1	0.110	0.000	0.000
211	  N	  2.4	  0.2	0.376	0.000	0.000
212	  N	  0.5	  2.3	0.805	0.000	0.000
213	  R	  0.0	  2.2	0.805	0.000	0.000
214	  D	  0.1	  2.2	1.122	0.000	0.000
215	  A	  0.3	  2.1	1.122	0.102	0.102
216	  I	  1.2	  0.0	1.122	0.102	0.102
217	  A	  1.3	  0.0	1.122	0.102	0.102
218	  Q	  1.8	  0.0	1.122	0.102	0.102
219	  L	  2.1	  0.0	0.656	0.102	0.102
220	  D	  1.9	  0.0	0.554	0.000	0.000
221	  F	  2.0	  0.0	0.554	17.156	17.156
222	  A	  1.2	  0.0	0.442	17.156	17.156
223	  Y	  2.5	  0.0	0.442	17.156	17.156
224	  Y	  3.5	  0.0	0.442	17.156	17.156
225	  F	  3.7	  0.1	0.442	17.156	17.156
226	  N	  2.4	  0.1	0.221	0.666	0.666
227	  D	  0.5	  0.1	0.000	0.000	0.000
228	  S	  0.0	  0.1	0.000	0.000	0.000
229	  P	  0.0	  0.0	0.000	0.000	0.000
230	  I	  2.2	  0.0	0.000	0.000	0.000
231	  R	  2.4	  0.1	0.000	0.000	0.000
232	  Q	  2.5	  0.1	0.000	0.000	0.000
233	  T	  0.7	  0.1	0.000	0.000	0.000
234	  D	  1.0	  1.0	0.000	0.000	0.000
235	  F	  2.2	  1.5	0.000	0.792	0.792
236	  S	  1.9	  1.5	0.000	0.792	0.792
237	  G	  1.3	  1.5	0.000	0.937	0.937
238	  M	  0.7	  0.6	0.000	0.937	0.937
239	  F	  2.8	  0.0	0.000	0.937	0.937
240	  F	  8.4	  0.0	0.000	0.937	0.937
241	  S	  7.9	  0.0	0.000	0.145	0.145
242	  I	  5.8	  0.4	0.000	0.000	0.000
243	  P	  0.1	  0.5	0.108	0.000	0.000
244	  D	  0.1	  0.5	0.108	0.000	0.000
245	  S	  1.7	  0.5	0.108	0.000	0.000
246	  V	  9.7	  0.1	0.108	0.000	0.000
247	  K	  9.7	  0.0	0.108	0.000	0.000
248	  C	  8.2	  0.2	0.225	0.000	0.000
249	  P	  0.1	  0.5	0.118	0.000	0.000
250	  A	  0.2	  0.5	0.118	0.000	0.000
251	  N	  0.2	  0.6	0.118	0.000	0.000
252	  I	  0.3	  0.4	0.118	0.000	0.000
253	  G	  0.2	  0.1	0.118	0.000	0.000
254	  Y	  1.5	  0.1	0.118	0.000	0.000
255	  K	  4.6	  0.0	0.000	0.000	0.000
256	  F	 11.7	  0.0	0.000	0.000	0.000
257	  E	 10.7	  0.0	0.000	0.000	0.000
258	  C	  8.5	  0.2	0.000	0.000	0.000
259	  R	  2.0	  0.2	0.000	0.000	0.000
260	  S	  2.3	  0.1	0.000	0.000	0.000
261	  I	  2.6	  0.2	0.000	0.000	0.000
262	  K	  2.4	  0.1	0.000	0.000	0.000
263	  S	  2.1	  0.1	0.000	0.000	0.000
264	  T	  2.1	  0.1	0.000	0.000	0.000
265	  T	  4.4	  0.1	0.000	0.000	0.000
266	  T	 32.9	  0.1	0.103	0.000	0.000
267	  Y	 32.4	  0.1	0.103	0.000	0.000
268	  S	 30.1	  0.1	0.103	0.000	0.000
269	  T	  1.9	  0.1	0.103	0.000	0.000
270	  K	  1.3	  0.1	0.103	0.000	0.000
271	  Y	  1.8	  0.0	0.103	0.000	0.000
272	  I	  4.4	  0.0	0.000	0.000	0.000
273	  T	  6.7	  0.0	0.143	0.000	0.000
274	  T	  9.1	  0.2	0.253	0.000	0.000
275	  K	  6.1	  0.2	0.253	0.000	0.000
276	  S	  3.7	  0.3	0.372	0.000	0.000
277	  A	  0.6	  0.5	0.372	0.000	0.000
278	  K	  0.3	  0.4	0.372	0.000	0.000
279	  N	  0.2	  0.3	0.229	0.000	0.000
280	  E	  0.8	  0.2	0.118	0.000	0.000
281	  I	  2.5	  0.0	0.118	50.416	50.416
282	  A	  2.8	  0.0	0.118	54.786	54.786
283	  F	  5.0	  0.0	0.118	67.038	67.038
284	  T	  4.0	  0.1	0.000	67.978	67.978
285	  S	  4.0	  0.1	0.000	69.522	69.522
286	  T	  3.7	  0.1	0.000	81.328	81.328
287	  I	  3.8	  0.1	0.000	90.358	90.358
288	  Y	  4.7	  0.0	0.000	90.135	90.135
289	  Y	  4.8	  0.0	0.000	89.332	89.332
290	  V	  5.5	  0.0	0.000	86.410	86.410
291	  A	  4.2	  0.0	0.000	44.652	44.652
292	  T	  1.8	  0.1	0.217	0.270	0.270
293	  P	  0.1	  0.1	0.217	0.124	0.124
294	  C	  1.2	  0.1	0.217	0.000	0.000
295	  A	  2.1	  0.1	0.217	0.000	0.000
296	  V	  2.5	  0.0	0.217	0.000	0.000
297	  Q	  1.4	  0.0	0.217	0.000	0.000
298	  P	  0.3	  0.0	0.000	0.000	0.000
299	  N	  0.0	  0.0	0.000	0.000	0.000
300	  P	  0.0	  0.3	0.000	0.000	0.000
301	  P	  0.0	  0.3	0.000	0.000	0.000
302	  L	  0.2	  0.6	0.000	0.000	0.000
303	  C	  0.4	  0.8	0.000	0.000	0.000
304	  G	  0.4	  1.1	0.000	0.000	0.000
305	  K	  0.2	  1.1	0.000	0.000	0.000
306	  G	  0.0	  0.8	0.000	0.000	0.000
307	  F	  3.0	  0.6	0.000	0.000	0.000
308	  Y	  3.2	  0.0	0.000	0.000	0.000
309	  D	  3.2	  0.0	0.487	0.000	0.000
310	  P	  0.2	  0.1	0.487	0.000	0.000
311	  I	  0.2	  0.1	0.487	0.000	0.000
312	  N	  0.2	  0.2	0.487	0.000	0.000
313	  N	  0.2	  0.2	0.487	0.000	0.000
314	  K	  0.7	  0.1	0.487	0.000	0.000
315	  C	  2.4	  0.1	0.000	0.000	0.000
316	  F	  3.0	  0.0	0.000	0.000	0.000
317	  T	  2.4	  0.0	0.000	0.000	0.000
318	  P	  0.6	  0.0	0.000	0.000	0.000
319	  E	  0.0	  0.6	0.000	0.000	0.000
320	  P	  0.0	  0.6	0.000	0.000	0.000
321	  D	  0.4	  0.6	0.000	0.000	0.000
322	  Y	  1.1	  0.6	0.000	9.548	9.548
323	  I	  4.6	  0.0	0.000	9.548	9.548
324	  T	  5.2	  0.0	0.197	9.548	9.548
325	  T	  8.6	  0.0	0.197	9.548	9.548
326	  I	  5.4	  0.1	0.197	9.548	9.548
327	  D	  4.4	  0.7	0.197	0.000	0.000
328	  K	  0.2	  1.9	0.197	0.000	0.000
329	  G	  0.0	  2.6	0.197	0.000	0.000
330	  N	  0.0	  2.6	0.000	0.000	0.000
331	  G	  0.0	  2.0	0.000	0.000	0.000
332	  E	  0.8	  0.8	0.000	0.000	0.000
333	  F	  1.3	  0.2	0.000	0.000	0.000
334	  E	  1.3	  0.2	0.000	0.000	0.000
335	  T	  0.6	  0.2	0.000	0.000	0.000
336	  D	  0.4	  0.2	0.000	0.000	0.000
337	  L	  0.7	  0.1	0.000	0.000	0.000
338	  I	  1.1	  0.0	0.000	0.000	0.000
339	  S	  1.8	  0.0	0.162	0.000	0.000
340	  H	  7.9	  0.0	0.162	0.000	0.000
341	  I	 11.0	  0.0	0.162	0.000	0.000
342	  T	 11.6	  0.1	0.321	0.000	0.000
343	  Q	  5.3	  0.2	0.321	0.000	0.000
344	  K	  1.7	  0.3	0.321	0.000	0.000
345	  D	  0.1	  9.4	0.159	0.000	0.000
346	  S	  0.0	 10.1	0.159	0.000	0.000
347	  N	  0.0	  9.9	0.159	0.000	0.000
348	  G	  0.0	  9.9	0.000	0.000	0.000
349	  T	  0.0	  1.0	0.000	0.000	0.000
350	  P	  0.0	  0.3	0.000	0.000	0.000
351	  T	  0.5	  0.4	0.000	0.000	0.000
352	  N	  1.6	  0.4	0.000	0.000	0.000
353	  T	 12.6	  0.1	0.000	1.086	1.086
354	  I	 15.1	  0.0	0.000	2.888	2.888
355	  T	 15.4	  0.0	0.000	2.888	2.888
356	  T	  5.5	  0.0	0.000	2.888	2.888
357	  T	  5.3	  0.0	0.000	2.888	2.888
358	  I	  6.3	  0.0	0.000	2.888	2.888
359	  H	  6.3	  0.0	0.000	0.000	0.000
360	  L	  3.5	  0.0	0.000	0.000	0.000
361	  T	  1.1	  0.3	0.000	0.000	0.000
362	  P	  0.1	  0.3	0.000	0.000	0.000
363	  T	  7.2	  0.4	0.000	0.000	0.000
364	  Y	  9.2	  0.4	0.000	0.000	0.000
365	  D	  9.8	  0.1	0.000	0.000	0.000
366	  Y	  6.3	  0.1	0.000	0.000	0.000
367	  T	  5.2	  0.1	0.000	0.000	0.000
368	  K	  5.2	  0.1	0.000	0.000	0.000
369	  T	 12.2	  0.1	0.000	0.000	0.000
370	  V	 13.2	  0.1	0.000	0.000	0.000
371	  T	 12.6	  0.8	0.000	0.000	0.000
372	  S	  2.5	  1.2	0.000	0.000	0.000
373	  D	  0.1	  1.4	0.000	0.000	0.000
374	  G	  0.0	  1.4	0.000	0.000	0.000
375	  H	  3.1	  0.6	0.000	0.000	0.000
376	  T	 14.0	  0.2	0.000	0.000	0.000
377	  I	 14.5	  0.0	0.000	0.000	0.000
378	  T	 12.0	  0.0	0.000	0.000	0.000
379	  E	  1.3	  0.0	0.000	0.000	0.000
380	  V	  4.4	  0.0	0.000	0.000	0.000
381	  V	  6.1	  0.0	0.000	0.000	0.000
382	  S	  6.5	  0.0	0.000	0.000	0.000
383	  H	  9.0	  0.0	0.000	0.000	0.000
384	  I	  9.9	  0.0	0.000	0.000	0.000
385	  T	 10.4	  0.0	0.000	0.000	0.000
386	  T	  4.7	  0.1	0.000	0.000	0.000
387	  T	  2.2	  0.2	0.000	0.000	0.000
388	  D	  0.8	 10.7	0.000	0.000	0.000
389	  S	  0.4	 11.0	0.000	0.000	0.000
390	  D	  0.0	 11.2	0.000	0.000	0.000
391	  G	  0.0	 11.5	0.000	0.000	0.000
392	  E	  0.0	  1.0	0.000	0.000	0.000
393	  G	  0.0	  0.6	0.000	3.707	3.707
394	  V	  3.6	  0.4	0.000	40.989	40.989
395	  V	  5.5	  0.0	0.000	41.195	41.195
396	  Y	  5.8	  0.0	0.000	41.195	41.195
397	  A	  2.4	  0.0	0.000	41.195	41.195
398	  T	  1.5	  0.0	0.000	40.617	40.617
399	  T	  1.6	  0.0	0.000	15.396	15.396
400	  R	  2.2	  0.0	0.000	0.000	0.000
401	  M	  1.8	  0.0	0.000	0.000	0.000
402	  F	  3.0	  0.0	0.000	0.000	0.000
403	  Y	  2.7	  0.0	0.000	0.000	0.000
404	  A	  2.0	  0.1	0.000	0.000	0.000
405	  E	  0.4	  0.3	0.000	0.000	0.000
406	  A	  0.0	  0.4	0.000	0.000	0.000
407	  G	  0.0	  0.4	0.000	0.000	0.000
408	  E	  0.1	  0.3	0.000	0.000	0.000
409	  A	  0.9	  0.1	0.000	0.000	0.000
410	  V	  2.5	  0.0	0.000	0.000	0.000
411	  H	  3.2	  0.1	0.000	0.000	0.000
412	  T	  2.7	  0.1	0.000	0.000	0.000
413	  S	  1.4	  0.1	0.000	0.000	0.000
414	  A	  0.8	  0.1	0.000	0.000	0.000
415	  W	  0.4	  0.2	0.000	0.000	0.000
416	  P	  0.0	  0.2	0.000	0.000	0.000
417	  Y	  4.5	  0.2	0.000	0.000	0.000
418	  S	  4.5	  0.2	0.000	0.000	0.000
419	  Q	  4.5	  0.3	0.000	0.000	0.000
420	  P	  0.1	  0.3	0.000	0.000	0.000
421	  S	  0.8	  0.3	0.000	0.000	0.000
422	  V	  3.2	  0.3	0.000	0.000	0.000
423	  V	  4.6	  0.0	0.000	0.000	0.000
424	  T	  4.3	  0.0	0.000	0.000	0.000
425	  R	  2.5	  0.0	0.000	0.000	0.000
426	  T	 18.0	  0.0	0.000	0.000	0.000
427	  V	 17.8	  0.1	0.000	0.000	0.000
428	  S	 17.3	  1.1	0.000	0.000	0.000
429	  E	  0.5	  1.5	0.000	0.000	0.000
430	  S	  0.2	  1.8	0.000	0.000	0.000
431	  D	  0.0	  1.7	0.000	0.000	0.000
432	  G	  0.0	  0.7	0.000	0.000	0.000
433	  V	  3.4	  0.3	0.000	0.000	0.000
434	  V	  4.1	  0.0	0.000	0.000	0.000
435	  D	  4.5	  0.0	0.000	0.000	0.000
436	  T	  6.0	  0.0	0.000	12.248	12.248
437	  V	 11.7	  0.0	0.000	28.585	28.585
438	  V	 15.0	  0.0	0.000	28.998	28.998
439	  I	 13.9	  0.0	0.000	28.998	28.998
440	  S	  8.9	  0.0	0.000	28.998	28.998
441	  Y	  5.3	  0.0	0.000	26.589	26.589
442	  F	  1.7	  0.8	0.000	3.795	3.795
443	  P	  0.2	  0.8	0.000	1.704	1.704
444	  S	  0.3	  1.1	0.000	0.000	0.000
445	  V	  0.4	  1.3	0.000	0.000	0.000
446	  G	  0.4	  1.8	0.000	0.000	0.000
447	  E	  0.1	  2.4	0.000	0.000	0.000
448	  D	  0.0	  2.2	0.000	0.000	0.000
449	  G	  0.1	  2.0	0.000	0.000	0.000
450	  V	  1.6	  0.6	0.000	0.000	0.000
451	  T	  2.1	  0.1	0.000	0.000	0.000
452	  R	  2.7	  0.1	0.000	0.000	0.000
453	  T	 11.2	  0.1	0.000	0.000	0.000
454	  V	 12.8	  0.1	0.000	0.000	0.000
455	  T	 12.9	  0.1	0.000	0.000	0.000
456	  S	  3.4	  0.1	0.000	0.000	0.000
457	  T	  6.8	  0.1	0.000	0.000	0.000
458	  V	  6.7	  0.1	0.000	0.000	0.000
459	  R	  7.0	  0.0	0.000	0.000	0.000
460	  T	 12.0	  0.0	0.000	0.000	0.000
461	  I	 14.8	  0.0	0.000	0.000	0.000
462	  T	 14.4	  0.4	0.000	0.000	0.000
463	  A	  3.9	  0.4	0.000	0.000	0.000
464	  D	  0.8	  0.4	0.000	0.000	0.000
465	  Y	  2.0	  0.4	0.000	0.247	0.247
466	  T	  3.4	  0.0	0.000	0.247	0.247
467	  T	  4.7	  0.0	0.000	0.247	0.247
468	  T	 13.7	  0.0	0.000	0.247	0.247
469	  V	 14.6	  0.0	0.000	0.247	0.247
470	  T	 12.8	  0.8	0.000	0.000	0.000
471	  S	  2.5	  1.2	0.000	0.000	0.000
472	  D	  0.1	  1.4	0.000	0.000	0.000
473	  G	  0.0	  1.4	0.000	0.000	0.000
474	  H	  3.1	  0.6	0.000	0.000	0.000
475	  T	 14.0	  0.2	0.000	0.000	0.000
476	  I	 14.5	  0.0	0.000	0.000	0.000
477	  T	 12.0	  0.0	0.000	0.000	0.000
478	  E	  1.3	  0.0	0.000	0.000	0.000
479	  V	  4.4	  0.0	0.000	0.000	0.000
480	  V	  6.1	  0.0	0.000	0.000	0.000
481	  S	  6.5	  0.0	0.000	0.000	0.000
482	  H	  9.0	  0.0	0.000	0.000	0.000
483	  I	  9.9	  0.0	0.000	0.000	0.000
484	  T	 10.4	  0.0	0.000	0.000	0.000
485	  T	  4.7	  0.1	0.000	0.000	0.000
486	  T	  2.2	  0.2	0.000	0.000	0.000
487	  D	  0.8	 10.7	0.000	0.000	0.000
488	  S	  0.4	 11.0	0.000	0.000	0.000
489	  D	  0.0	 11.2	0.000	0.000	0.000
490	  G	  0.0	 11.5	0.000	0.000	0.000
491	  E	  0.0	  1.0	0.000	0.000	0.000
492	  G	  0.0	  0.6	0.000	3.707	3.707
493	  V	  3.6	  0.4	0.000	40.989	40.989
494	  V	  5.5	  0.0	0.000	41.195	41.195
495	  Y	  5.8	  0.0	0.000	41.195	41.195
496	  A	  2.4	  0.0	0.000	41.195	41.195
497	  T	  1.5	  0.0	0.000	40.617	40.617
498	  T	  1.6	  0.0	0.000	15.396	15.396
499	  R	  2.2	  0.0	0.000	0.000	0.000
500	  M	  1.8	  0.0	0.000	0.000	0.000
501	  F	  3.0	  0.0	0.000	0.000	0.000
502	  Y	  2.7	  0.0	0.000	0.000	0.000
503	  A	  2.0	  0.1	0.000	0.000	0.000
504	  E	  0.4	  0.3	0.000	0.000	0.000
505	  A	  0.0	  0.4	0.000	0.000	0.000
506	  G	  0.0	  0.4	0.000	0.000	0.000
507	  E	  0.1	  0.3	0.000	0.000	0.000
508	  A	  0.9	  0.1	0.000	0.000	0.000
509	  V	  2.5	  0.0	0.000	0.000	0.000
510	  H	  3.2	  0.1	0.000	0.000	0.000
511	  T	  2.7	  0.1	0.000	0.000	0.000
512	  S	  1.4	  0.1	0.000	0.000	0.000
513	  A	  0.8	  0.1	0.000	0.000	0.000
514	  W	  0.4	  0.2	0.000	0.000	0.000
515	  P	  0.0	  0.2	0.000	0.000	0.000
516	  Y	  4.5	  0.2	0.000	0.000	0.000
517	  S	  4.5	  0.2	0.000	0.000	0.000
518	  Q	  4.5	  0.3	0.000	0.000	0.000
519	  P	  0.1	  0.3	0.000	0.000	0.000
520	  S	  0.8	  0.3	0.000	0.000	0.000
521	  V	  3.2	  0.3	0.000	0.000	0.000
522	  V	  4.6	  0.0	0.000	0.000	0.000
523	  T	  4.3	  0.0	0.000	0.000	0.000
524	  R	  2.5	  0.0	0.000	0.000	0.000
525	  T	 18.0	  0.0	0.000	0.000	0.000
526	  V	 17.8	  0.1	0.000	0.000	0.000
527	  S	 17.3	  1.1	0.000	0.000	0.000
528	  E	  0.5	  1.5	0.000	0.000	0.000
529	  S	  0.2	  1.8	0.000	0.000	0.000
530	  D	  0.0	  1.7	0.000	0.000	0.000
531	  G	  0.0	  0.7	0.000	0.000	0.000
532	  V	  3.4	  0.3	0.000	0.000	0.000
533	  V	  4.1	  0.0	0.000	0.000	0.000
534	  D	  4.5	  0.0	0.000	0.000	0.000
535	  T	  6.0	  0.0	0.000	12.248	12.248
536	  V	 11.7	  0.0	0.000	28.585	28.585
537	  V	 15.0	  0.0	0.000	28.998	28.998
538	  I	 13.9	  0.0	0.000	28.998	28.998
539	  S	  8.9	  0.0	0.000	28.998	28.998
540	  Y	  5.3	  0.0	0.000	26.589	26.589
541	  F	  1.7	  0.8	0.000	3.795	3.795
542	  P	  0.2	  0.8	0.000	1.704	1.704
543	  S	  0.3	  1.1	0.000	0.000	0.000
544	  V	  0.4	  1.3	0.000	0.000	0.000
545	  G	  0.4	  1.8	0.000	0.000	0.000
546	  E	  0.1	  2.4	0.000	0.000	0.000
547	  D	  0.0	  2.2	0.000	0.000	0.000
548	  G	  0.1	  2.0	0.000	0.000	0.000
549	  V	  1.6	  0.6	0.000	0.000	0.000
550	  T	  2.1	  0.1	0.000	0.000	0.000
551	  R	  2.7	  0.1	0.000	0.000	0.000
552	  T	 11.2	  0.1	0.000	0.000	0.000
553	  V	 12.8	  0.1	0.000	0.000	0.000
554	  T	 12.9	  0.1	0.000	0.000	0.000
555	  S	  3.4	  0.1	0.000	0.000	0.000
556	  T	  6.8	  0.1	0.000	0.000	0.000
557	  V	  6.7	  0.1	0.000	0.000	0.000
558	  R	  7.0	  0.0	0.000	0.000	0.000
559	  T	 12.0	  0.0	0.000	0.000	0.000
560	  I	 14.8	  0.0	0.000	0.000	0.000
561	  T	 14.4	  0.4	0.000	0.000	0.000
562	  A	  3.9	  0.4	0.000	0.000	0.000
563	  D	  0.8	  0.4	0.000	0.000	0.000
564	  Y	  2.0	  0.4	0.000	0.247	0.247
565	  T	  3.4	  0.0	0.000	0.247	0.247
566	  T	  4.7	  0.0	0.000	0.247	0.247
567	  T	 13.7	  0.0	0.000	0.247	0.247
568	  V	 14.6	  0.0	0.000	0.247	0.247
569	  T	 12.8	  0.8	0.000	0.000	0.000
570	  S	  2.5	  1.2	0.000	0.000	0.000
571	  D	  0.1	  1.4	0.000	0.000	0.000
572	  G	  0.0	  1.4	0.000	0.000	0.000
573	  H	  3.1	  0.6	0.000	0.000	0.000
574	  T	 14.0	  0.2	0.000	0.000	0.000
575	  I	 14.5	  0.0	0.000	0.000	0.000
576	  T	 12.0	  0.0	0.000	0.000	0.000
577	  E	  1.3	  0.0	0.000	0.000	0.000
578	  V	  4.4	  0.0	0.000	0.000	0.000
579	  V	  6.1	  0.0	0.000	0.000	0.000
580	  S	  6.5	  0.0	0.000	0.000	0.000
581	  H	  9.0	  0.0	0.000	0.000	0.000
582	  I	  9.9	  0.0	0.000	0.000	0.000
583	  T	 10.4	  0.0	0.000	0.000	0.000
584	  T	  4.7	  0.1	0.000	0.000	0.000
585	  T	  2.2	  0.2	0.000	0.000	0.000
586	  D	  0.8	 10.7	0.000	0.000	0.000
587	  S	  0.4	 11.0	0.000	0.000	0.000
588	  D	  0.0	 11.2	0.000	0.000	0.000
589	  G	  0.0	 11.5	0.000	0.000	0.000
590	  E	  0.0	  1.0	0.000	0.000	0.000
591	  G	  0.0	  0.6	0.000	3.707	3.707
592	  V	  3.6	  0.4	0.000	40.989	40.989
593	  V	  5.5	  0.0	0.000	41.195	41.195
594	  Y	  5.8	  0.0	0.000	41.195	41.195
595	  A	  2.4	  0.0	0.000	41.195	41.195
596	  T	  1.5	  0.0	0.000	40.617	40.617
597	  T	  1.6	  0.0	0.000	15.396	15.396
598	  R	  2.2	  0.0	0.000	0.000	0.000
599	  M	  1.8	  0.0	0.000	0.000	0.000
600	  F	  3.0	  0.0	0.000	0.000	0.000
601	  Y	  2.7	  0.0	0.000	0.000	0.000
602	  A	  2.0	  0.1	0.000	0.000	0.000
603	  E	  0.4	  0.3	0.000	0.000	0.000
604	  A	  0.0	  0.4	0.000	0.000	0.000
605	  G	  0.0	  0.4	0.000	0.000	0.000
606	  E	  0.1	  0.3	0.000	0.000	0.000
607	  A	  0.9	  0.1	0.000	0.000	0.000
608	  V	  2.5	  0.0	0.000	0.000	0.000
609	  H	  3.2	  0.1	0.000	0.000	0.000
610	  T	  2.7	  0.1	0.000	0.000	0.000
611	  S	  1.4	  0.1	0.000	0.000	0.000
612	  A	  0.8	  0.1	0.000	0.000	0.000
613	  W	  0.4	  0.2	0.000	0.000	0.000
614	  P	  0.0	  0.2	0.000	0.000	0.000
615	  Y	  4.5	  0.2	0.000	0.000	0.000
616	  S	  4.5	  0.2	0.000	0.000	0.000
617	  Q	  4.5	  0.3	0.000	0.000	0.000
618	  P	  0.1	  0.3	0.000	0.000	0.000
619	  S	  0.8	  0.3	0.000	0.000	0.000
620	  V	  3.2	  0.3	0.000	0.000	0.000
621	  V	  4.6	  0.0	0.000	0.000	0.000
622	  T	  4.3	  0.0	0.000	0.000	0.000
623	  R	  2.5	  0.0	0.000	0.000	0.000
624	  T	 18.0	  0.0	0.000	0.000	0.000
625	  V	 17.8	  0.1	0.000	0.000	0.000
626	  S	 17.3	  1.1	0.000	0.000	0.000
627	  E	  0.5	  1.5	0.000	0.000	0.000
628	  S	  0.2	  1.8	0.000	0.000	0.000
629	  D	  0.0	  1.7	0.000	0.000	0.000
630	  G	  0.0	  0.7	0.000	0.000	0.000
631	  V	  3.4	  0.3	0.000	0.000	0.000
632	  V	  4.1	  0.0	0.000	0.000	0.000
633	  D	  4.5	  0.0	0.000	0.000	0.000
634	  T	  6.0	  0.0	0.000	12.248	12.248
635	  V	 11.7	  0.0	0.000	28.585	28.585
636	  V	 15.0	  0.0	0.000	28.998	28.998
637	  I	 13.9	  0.0	0.000	28.998	28.998
638	  S	  8.9	  0.0	0.000	28.998	28.998
639	  Y	  5.3	  0.0	0.000	26.589	26.589
640	  F	  1.7	  0.8	0.000	3.795	3.795
641	  P	  0.2	  0.8	0.000	1.704	1.704
642	  S	  0.3	  1.1	0.000	0.000	0.000
643	  V	  0.4	  1.3	0.000	0.000	0.000
644	  G	  0.4	  1.8	0.000	0.000	0.000
645	  E	  0.1	  2.4	0.000	0.000	0.000
646	  D	  0.0	  2.2	0.000	0.000	0.000
647	  G	  0.1	  2.0	0.000	0.000	0.000
648	  V	  1.6	  0.6	0.000	0.000	0.000
649	  T	  2.1	  0.1	0.000	0.000	0.000
650	  R	  2.7	  0.1	0.000	0.000	0.000
651	  T	 11.2	  0.1	0.000	0.000	0.000
652	  V	 12.8	  0.1	0.000	0.000	0.000
653	  T	 12.9	  0.1	0.000	0.000	0.000
654	  S	  3.4	  0.1	0.000	0.000	0.000
655	  T	  6.8	  0.1	0.000	0.000	0.000
656	  V	  6.7	  0.1	0.000	0.000	0.000
657	  R	  7.0	  0.0	0.000	0.000	0.000
658	  T	 12.0	  0.0	0.000	0.000	0.000
659	  I	 14.8	  0.0	0.000	0.000	0.000
660	  T	 14.4	  0.4	0.000	0.000	0.000
661	  A	  3.9	  0.4	0.000	0.000	0.000
662	  D	  0.8	  0.4	0.000	0.000	0.000
663	  Y	  2.0	  0.4	0.000	0.247	0.247
664	  T	  3.4	  0.0	0.000	0.247	0.247
665	  T	  4.7	  0.0	0.000	0.247	0.247
666	  T	 13.7	  0.0	0.000	0.247	0.247
667	  V	 14.6	  0.0	0.000	0.247	0.247
668	  T	 12.8	  0.8	0.000	0.000	0.000
669	  S	  2.5	  1.2	0.000	0.000	0.000
670	  D	  0.1	  1.4	0.000	0.000	0.000
671	  G	  0.0	  1.4	0.000	0.000	0.000
672	  H	  3.1	  0.6	0.000	0.000	0.000
673	  T	 14.0	  0.2	0.000	0.000	0.000
674	  I	 14.5	  0.0	0.000	0.000	0.000
675	  T	 12.0	  0.0	0.000	0.000	0.000
676	  E	  1.3	  0.0	0.000	0.000	0.000
677	  V	  4.4	  0.0	0.000	0.000	0.000
678	  V	  6.1	  0.0	0.000	0.000	0.000
679	  S	  6.5	  0.0	0.000	0.000	0.000
680	  H	  9.0	  0.0	0.000	0.000	0.000
681	  I	  9.9	  0.0	0.000	0.000	0.000
682	  T	 10.4	  0.0	0.000	0.000	0.000
683	  T	  4.7	  0.1	0.000	0.000	0.000
684	  T	  2.2	  0.2	0.000	0.000	0.000
685	  D	  0.8	 10.7	0.000	0.000	0.000
686	  S	  0.4	 11.0	0.000	0.000	0.000
687	  D	  0.0	 11.2	0.000	0.000	0.000
688	  G	  0.0	 11.5	0.000	0.000	0.000
689	  E	  0.0	  1.0	0.000	0.000	0.000
690	  G	  0.0	  0.6	0.000	3.707	3.707
691	  V	  3.6	  0.4	0.000	40.989	40.989
692	  V	  5.5	  0.0	0.000	41.195	41.195
693	  Y	  5.8	  0.0	0.000	41.195	41.195
694	  A	  2.4	  0.0	0.000	41.195	41.195
695	  T	  1.5	  0.0	0.000	40.617	40.617
696	  T	  1.6	  0.0	0.000	15.396	15.396
697	  R	  2.2	  0.0	0.000	0.000	0.000
698	  M	  1.8	  0.0	0.000	0.000	0.000
699	  F	  3.0	  0.0	0.000	0.000	0.000
700	  Y	  2.7	  0.0	0.000	0.000	0.000
701	  A	  2.0	  0.1	0.000	0.000	0.000
702	  E	  0.4	  0.3	0.000	0.000	0.000
703	  A	  0.0	  0.4	0.000	0.000	0.000
704	  G	  0.0	  0.4	0.000	0.000	0.000
705	  E	  0.1	  0.3	0.000	0.000	0.000
706	  A	  0.9	  0.1	0.000	0.000	0.000
707	  V	  2.5	  0.0	0.000	0.000	0.000
708	  H	  3.2	  0.1	0.000	0.000	0.000
709	  T	  2.7	  0.1	0.000	0.000	0.000
710	  S	  1.4	  0.1	0.000	0.000	0.000
711	  A	  0.8	  0.1	0.000	0.000	0.000
712	  W	  0.4	  0.2	0.000	0.000	0.000
713	  P	  0.0	  0.2	0.000	0.000	0.000
714	  Y	  4.5	  0.2	0.000	0.000	0.000
715	  S	  4.5	  0.2	0.000	0.000	0.000
716	  Q	  4.5	  0.3	0.000	0.000	0.000
717	  P	  0.1	  0.3	0.000	0.000	0.000
718	  S	  0.8	  0.3	0.000	0.000	0.000
719	  V	  3.2	  0.3	0.000	0.000	0.000
720	  V	  4.6	  0.0	0.000	0.000	0.000
721	  T	  4.3	  0.0	0.000	0.000	0.000
722	  R	  2.5	  0.0	0.000	0.000	0.000
723	  T	 18.0	  0.0	0.000	0.000	0.000
724	  V	 17.8	  0.1	0.000	0.000	0.000
725	  S	 17.3	  1.1	0.000	0.000	0.000
726	  E	  0.5	  1.5	0.000	0.000	0.000
727	  S	  0.2	  1.8	0.000	0.000	0.000
728	  D	  0.0	  1.7	0.000	0.000	0.000
729	  G	  0.0	  0.7	0.000	0.000	0.000
730	  V	  3.4	  0.3	0.000	0.000	0.000
731	  V	  4.1	  0.0	0.000	0.000	0.000
732	  D	  4.5	  0.0	0.000	0.000	0.000
733	  T	  6.0	  0.0	0.000	12.248	12.248
734	  V	 11.7	  0.0	0.000	28.585	28.585
735	  V	 15.0	  0.0	0.000	28.998	28.998
736	  I	 13.9	  0.0	0.000	28.998	28.998
737	  S	  8.9	  0.0	0.000	28.998	28.998
738	  Y	  5.3	  0.0	0.000	26.589	26.589
739	  F	  1.7	  0.8	0.000	3.795	3.795
740	  P	  0.2	  0.8	0.000	1.704	1.704
741	  S	  0.3	  1.1	0.000	0.000	0.000
742	  V	  0.4	  1.3	0.000	0.000	0.000
743	  G	  0.4	  1.8	0.000	0.000	0.000
744	  E	  0.1	  2.4	0.000	0.000	0.000
745	  D	  0.0	  2.2	0.000	0.000	0.000
746	  G	  0.1	  2.0	0.000	0.000	0.000
747	  V	  1.6	  0.6	0.000	0.000	0.000
748	  T	  2.1	  0.1	0.000	0.000	0.000
749	  R	  2.7	  0.1	0.000	0.000	0.000
750	  T	 11.2	  0.1	0.000	0.000	0.000
751	  V	 12.8	  0.1	0.000	0.000	0.000
752	  T	 12.9	  0.1	0.000	0.000	0.000
753	  S	  3.4	  0.1	0.000	0.000	0.000
754	  T	  6.8	  0.1	0.000	0.000	0.000
755	  V	  6.7	  0.1	0.000	0.000	0.000
756	  R	  7.0	  0.0	0.000	0.000	0.000
757	  T	 12.0	  0.0	0.000	0.000	0.000
758	  I	 14.8	  0.0	0.000	0.000	0.000
759	  T	 14.4	  0.4	0.000	0.000	0.000
760	  A	  3.9	  0.4	0.000	0.000	0.000
761	  D	  0.8	  0.4	0.000	0.000	0.000
762	  Y	  2.0	  0.4	0.000	0.247	0.247
763	  T	  3.4	  0.0	0.000	0.247	0.247
764	  T	  4.7	  0.0	0.000	0.247	0.247
765	  T	 13.7	  0.0	0.000	0.247	0.247
766	  V	 14.6	  0.0	0.000	0.247	0.247
767	  T	 12.8	  0.8	0.000	0.000	0.000
768	  S	  2.5	  1.2	0.000	0.000	0.000
769	  D	  0.1	  1.4	0.000	0.000	0.000
770	  G	  0.0	  1.4	0.000	0.000	0.000
771	  H	  3.1	  0.6	0.000	0.000	0.000
772	  T	 14.0	  0.2	0.000	0.000	0.000
773	  I	 14.5	  0.0	0.000	0.000	0.000
774	  T	 12.0	  0.0	0.000	0.000	0.000
775	  E	  1.3	  0.0	0.000	0.000	0.000
776	  V	  4.4	  0.0	0.000	0.000	0.000
777	  V	  6.1	  0.0	0.000	0.000	0.000
778	  S	  6.5	  0.0	0.000	0.000	0.000
779	  H	  9.0	  0.0	0.000	0.000	0.000
780	  I	  9.9	  0.0	0.000	0.000	0.000
781	  T	 10.4	  0.0	0.000	0.000	0.000
782	  T	  4.7	  0.1	0.000	0.000	0.000
783	  T	  2.2	  0.2	0.000	0.000	0.000
784	  D	  0.8	 10.5	0.000	0.000	0.000
785	  S	  0.4	 11.0	0.000	0.000	0.000
786	  D	  0.0	 10.9	0.000	0.000	0.000
787	  G	  0.0	 10.9	0.000	0.000	0.000
788	  Q	  0.5	  0.6	0.000	0.000	0.000
789	  C	  2.4	  0.1	0.000	0.000	0.000
790	  V	 10.1	  0.0	0.000	0.000	0.000
791	  V	 10.0	  0.0	0.000	0.000	0.000
792	  S	  8.1	  0.2	0.326	0.000	0.000
793	  P	  0.3	  0.3	0.326	0.000	0.000
794	  K	  0.7	  0.3	0.326	0.000	0.000
795	  T	  3.0	  0.3	0.326	0.000	0.000
796	  I	  8.7	  0.1	0.326	0.000	0.000
797	  I	 10.7	  0.0	0.326	0.000	0.000
798	  L	  8.5	  0.0	0.326	0.000	0.000
799	  T	  2.9	  0.2	0.186	0.000	0.000
800	  P	  0.1	  0.2	0.000	0.000	0.000
801	  K	  0.7	  0.2	0.000	0.000	0.000
802	  L	  0.7	  0.2	0.000	0.000	0.000
803	  A	  0.8	  0.0	0.000	0.000	0.000
804	  P	  0.0	  0.0	0.000	0.000	0.000
805	  I	  4.7	  0.0	0.000	0.000	0.000
806	  V	  5.3	  0.0	0.000	0.000	0.000
807	  R	  5.5	  0.0	0.000	0.000	0.000
808	  T	  1.6	  0.0	0.000	0.000	0.000
809	  R	  2.2	  0.0	0.000	0.000	0.000
810	  Y	  3.8	  0.0	0.000	0.000	0.000
811	  F	  4.3	  0.1	0.000	0.000	0.000
812	  N	  3.2	  0.5	0.000	0.000	0.000
813	  S	  1.5	  0.5	0.000	0.000	0.000
814	  S	  2.5	  0.5	0.000	0.000	0.000
815	  I	  3.4	  0.5	0.000	0.000	0.000
816	  R	  3.4	  0.1	0.000	0.000	0.000
817	  T	  1.9	  0.1	0.000	0.000	0.000
818	  S	  2.9	  0.3	0.000	0.000	0.000
819	  T	  4.0	  0.4	0.000	0.000	0.000
820	  S	  3.5	  0.5	0.000	0.000	0.000
821	  S	  2.2	  0.5	0.000	0.000	0.000
822	  T	  1.8	  0.2	0.000	0.000	0.000
823	  R	  2.4	  0.1	0.000	0.000	0.000
824	  Y	  3.3	  0.1	0.000	0.000	0.000
825	  S	  2.8	  0.2	0.000	0.000	0.000
826	  S	  1.9	  0.2	0.000	0.000	0.000
827	  T	  2.3	  0.3	0.000	0.000	0.000
828	  M	  2.5	  0.3	0.000	0.000	0.000
829	  N	  2.4	  3.5	0.000	0.000	0.000
830	  S	  0.5	  4.6	0.000	0.000	0.000
831	  D	  0.0	  4.5	0.000	0.000	0.000
832	  N	  0.0	  4.5	0.000	0.000	0.000
833	  K	  0.0	  1.4	0.000	0.000	0.000
834	  P	  0.0	  0.2	0.000	0.000	0.000
835	  T	  0.8	  0.2	0.000	0.000	0.000
836	  K	  5.8	  0.2	0.000	0.000	0.000
837	  I	  9.1	  0.0	0.000	0.000	0.000
838	  T	 10.0	  0.0	0.000	0.000	0.000
839	  T	  8.0	  0.0	0.000	0.000	0.000
840	  T	  5.3	  0.0	0.000	0.000	0.000
841	  V	  3.8	  0.0	0.000	0.000	0.000
842	  P	  0.6	  0.0	0.000	0.000	0.000
843	  V	  2.9	  0.1	0.000	0.000	0.000
844	  K	  2.9	  0.3	0.000	0.000	0.000
845	  S	  2.9	  0.8	0.000	0.000	0.000
846	  N	  0.1	  1.0	0.000	0.000	0.000
847	  D	  0.0	  1.3	0.000	0.000	0.000
848	  L	  0.0	  1.1	0.000	0.000	0.000
849	  G	  0.0	  0.7	0.000	0.000	0.000
850	  E	  0.1	  0.7	0.000	0.000	0.000
851	  A	  0.2	  0.4	0.000	0.000	0.000
852	  D	  0.9	  0.3	0.000	0.000	0.000
853	  F	  4.6	  0.3	0.000	0.000	0.000
854	  T	  5.3	  0.0	0.000	0.000	0.000
855	  K	  5.9	  0.0	0.000	0.000	0.000
856	  I	  6.2	  0.0	0.000	0.000	0.000
857	  I	  8.7	  0.0	0.000	0.000	0.000
858	  T	  7.8	  0.2	0.000	0.000	0.000
859	  T	  3.7	  0.6	0.000	0.000	0.000
860	  D	  0.4	  0.6	0.000	0.000	0.000
861	  G	  0.1	  0.6	0.000	0.000	0.000
862	  H	  8.0	  0.3	0.000	0.000	0.000
863	  I	 11.7	  0.0	0.000	0.000	0.000
864	  V	 12.2	  0.0	0.000	0.000	0.000
865	  T	  4.8	  0.0	0.136	0.000	0.000
866	  E	  1.2	  0.0	0.136	0.000	0.000
867	  V	  6.9	  0.0	0.136	6.101	6.101
868	  I	  7.1	  0.0	0.136	6.224	6.224
869	  L	  9.7	  0.0	0.136	6.224	6.224
870	  H	  9.4	  0.0	0.136	6.224	6.224
871	  I	 12.5	  0.0	0.000	6.224	6.224
872	  T	 10.7	  0.1	0.000	3.751	3.751
873	  A	  4.8	  0.2	0.000	2.139	2.139
874	  T	  1.9	  0.2	0.000	0.880	0.880
875	  N	  0.8	  0.5	0.000	0.124	0.124
876	  S	  0.9	  0.6	0.000	0.124	0.124
877	  L	  0.2	  0.5	0.000	0.124	0.124
878	  G	  0.2	  0.5	0.000	0.000	0.000
879	  R	  1.9	  0.2	0.000	0.000	0.000
880	  V	  4.5	  0.0	0.000	73.457	73.457
881	  V	 12.6	  0.0	0.000	77.722	77.722
882	  T	 15.2	  0.0	0.000	78.050	78.050
883	  Y	 13.4	  0.0	0.000	78.410	78.410
884	  V	  6.9	  0.0	0.000	78.453	78.453
885	  T	  2.8	  0.0	0.112	56.611	56.611
886	  T	  2.3	  0.0	0.112	42.375	42.375
887	  A	  0.9	  0.2	0.112	33.673	33.673
888	  A	  0.9	  0.2	0.112	26.123	26.123
889	  S	  8.1	  0.6	0.112	19.552	19.552
890	  Y	  8.9	  0.6	0.112	15.265	15.265
891	  D	  8.5	  0.5	0.000	0.000	0.000
892	  Q	  1.5	  0.5	0.000	0.000	0.000
893	  V	  0.6	  0.1	0.000	0.000	0.000
894	  D	  0.5	  0.5	0.334	0.000	0.000
895	  E	  0.2	  0.6	0.334	0.000	0.000
896	  G	  0.0	  0.6	0.334	0.000	0.000
897	  V	  2.3	  0.5	0.334	0.000	0.000
898	  F	  5.4	  0.0	0.334	0.000	0.000
899	  R	  5.4	  0.0	0.334	0.000	0.000
900	  S	  3.2	  2.8	0.334	0.000	0.000
901	  P	  0.1	  2.8	0.000	0.000	0.000
902	  S	  5.2	  3.1	0.000	0.000	0.000
903	  L	  5.5	  3.2	0.000	0.000	0.000
904	  S	  5.8	  0.5	0.000	0.000	0.000
905	  S	  0.7	  0.4	0.000	0.000	0.000
906	  Q	  0.3	  0.1	0.000	0.000	0.000
907	  P	  0.0	  0.0	0.000	0.000	0.000
908	  P	  0.0	  0.0	0.000	0.000	0.000
909	  V	  0.9	  0.0	0.000	0.000	0.000
910	  S	  3.1	  0.6	0.000	0.000	0.000
911	  K	  3.7	  0.7	0.000	0.000	0.000
912	  S	  3.5	  0.7	0.000	0.000	0.000
913	  T	  4.7	  0.7	0.000	0.000	0.000
914	  F	  4.4	  0.1	0.000	0.000	0.000
915	  A	  3.8	  0.4	0.000	0.000	0.000
916	  E	  0.4	  0.7	0.000	0.000	0.000
917	  D	  0.0	  1.8	0.000	0.000	0.000
918	  D	  0.0	  2.3	0.000	0.000	0.000
919	  G	  0.0	  2.1	0.000	0.000	0.000
920	  S	  0.1	  1.9	0.000	0.000	0.000
921	  S	  2.3	  1.4	0.000	0.000	0.000
922	  K	  2.8	  0.9	0.000	0.000	0.000
923	  S	  3.1	  0.7	0.000	0.121	0.121
924	  T	  4.1	  0.6	0.000	1.097	1.097
925	  V	  7.6	  0.1	0.000	1.396	1.396
926	  I	 11.0	  0.0	0.000	1.396	1.396
927	  S	  8.9	  0.0	0.000	1.396	1.396
928	  Y	  5.1	  0.0	0.000	1.396	1.396
929	  L	  1.2	  0.4	0.000	0.299	0.299
930	  P	  0.1	  0.6	0.000	0.159	0.159
931	  S	  0.0	  0.6	0.000	0.000	0.000
932	  N	  1.2	  0.8	0.000	0.000	0.000
933	  I	  1.4	  0.4	0.000	0.000	0.000
934	  S	  1.5	  3.4	0.000	0.000	0.000
935	  E	  0.4	  3.5	0.000	0.000	0.000
936	  S	  0.2	  3.8	0.000	0.000	0.000
937	  G	  0.1	  4.1	0.000	0.000	0.000
938	  E	  0.1	  1.0	0.000	0.000	0.000
939	  N	  0.2	  0.8	0.000	0.000	0.000
940	  L	  1.0	  0.4	0.000	0.000	0.000
941	  C	  2.5	  0.0	0.000	0.000	0.000
942	  V	  3.6	  0.1	0.000	0.000	0.000
943	  S	  3.7	  0.7	0.890	0.000	0.000
944	  S	  2.4	  0.8	0.890	0.000	0.000
945	  S	  1.5	  0.9	1.031	0.000	0.000
946	  T	  1.4	  0.8	1.271	0.000	0.000
947	  K	  1.3	  0.2	1.271	0.000	0.000
948	  L	  1.4	  0.1	1.271	0.000	0.000
949	  Y	  0.8	  0.4	0.996	0.000	0.000
950	  A	  0.6	  0.3	0.718	0.000	0.000
951	  N	  0.3	  0.8	0.718	0.000	0.000
952	  K	  0.2	  0.9	0.113	0.000	0.000
953	  S	  5.3	  1.0	0.000	0.000	0.000
954	  L	  5.3	  1.4	0.000	0.000	0.000
955	  S	  5.1	  0.9	0.000	0.000	0.000
956	  D	  0.4	  0.9	0.000	0.000	0.000
957	  F	  4.4	  0.5	0.000	4.354	4.354
958	  S	 13.0	  0.1	0.000	4.591	4.591
959	  V	 20.2	  0.1	0.000	4.929	4.929
960	  S	 24.8	  0.2	0.189	4.929	4.929
961	  V	 19.8	  0.2	0.189	4.929	4.929
962	  S	 14.0	  0.1	0.189	4.172	4.172
963	  L	  6.7	  0.1	0.189	3.639	3.639
964	  R	  4.0	  0.0	0.189	0.000	0.000
965	  V	  3.3	  0.0	0.189	0.000	0.000
966	  S	  2.1	  0.1	0.189	0.000	0.000
967	  K	  1.9	  0.1	0.000	0.000	0.000
968	  T	 14.1	  0.1	0.000	0.000	0.000
969	  I	 14.1	  0.2	0.000	0.000	0.000
970	  S	 13.4	  0.4	0.150	0.000	0.000
971	  S	  0.7	  0.6	0.150	0.000	0.000
972	  G	  0.1	  0.6	0.150	0.000	0.000
973	  T	  3.3	  0.6	0.150	0.000	0.000
974	  K	  3.4	  0.4	0.150	0.000	0.000
975	  S	  4.1	  0.2	0.150	0.000	0.000
976	  R	  1.2	  0.2	0.150	0.000	0.000
977	  I	  1.1	  0.3	0.000	0.000	0.000
978	  P	  0.4	  0.4	0.000	0.000	0.000
979	  S	  0.1	  0.9	0.000	0.000	0.000
980	  K	  0.1	  1.1	0.000	0.000	0.000
981	  G	  0.1	  1.0	0.000	0.000	0.000
982	  T	  0.0	  2.5	0.000	0.000	0.000
983	  G	  0.0	  2.1	0.000	0.000	0.000
984	  D	  0.2	  1.9	0.000	0.000	0.000
985	  S	  5.7	  1.9	0.147	0.000	0.000
986	  I	  6.6	  0.2	0.147	0.235	0.235
987	  S	  6.5	  0.2	0.147	0.235	0.235
988	  T	  1.8	  0.2	0.147	0.235	0.235
989	  A	  2.5	  0.0	0.147	0.235	0.235
990	  V	  2.8	  0.0	0.147	0.235	0.235
991	  L	  2.0	  0.4	0.147	0.000	0.000
992	  P	  0.4	  0.7	0.000	0.000	0.000
993	  S	  0.0	  0.7	0.000	0.000	0.000
994	  N	  0.3	  0.7	0.000	0.000	0.000
995	  I	  3.0	  0.2	0.000	0.000	0.000
996	  A	  3.2	  0.0	0.000	0.000	0.000
997	  L	  3.1	  0.0	0.000	0.000	0.000
998	  T	  0.4	  0.4	0.000	0.000	0.000
999	  P	  0.2	  0.4	0.000	0.000	0.000
1000	  S	  5.0	  0.7	0.000	0.133	0.133
1001	  L	  6.6	  0.7	0.000	1.788	1.788
1002	  S	 11.2	  0.5	0.000	1.972	1.972
1003	  V	 12.2	  0.5	0.000	3.631	3.631
1004	  N	 10.7	  0.2	0.000	3.631	3.631
1005	  I	  9.4	  0.2	0.000	3.631	3.631
1006	  A	  3.8	  0.0	0.000	3.383	3.383
1007	  V	  3.8	  0.4	0.000	3.173	3.173
1008	  S	  0.7	  0.7	0.000	0.317	0.317
1009	  D	  0.2	  1.5	0.000	0.000	0.000
1010	  G	  0.0	  1.7	0.000	0.000	0.000
1011	  G	  0.0	  1.4	0.000	0.000	0.000
1012	  T	  1.2	  1.1	0.000	0.008	0.008
1013	  T	  3.9	  0.3	0.000	0.080	0.080
1014	  H	  7.1	  0.0	0.000	0.282	0.282
1015	  F	 11.8	  0.0	0.000	25.571	25.571
1016	  S	 11.1	  0.0	0.000	28.253	28.253
1017	  F	 10.1	  0.0	0.000	60.590	60.590
1018	  H	  4.6	  0.2	0.000	63.088	63.088
1019	  V	  2.6	  0.4	0.000	70.716	70.716
1020	  G	  0.4	  0.4	0.000	71.345	71.345
1021	  T	  0.8	  0.4	0.000	78.041	78.041
1022	  M	  1.7	  0.3	0.000	89.065	89.065
1023	  L	  2.9	  0.0	0.000	98.007	98.007
1024	  I	  6.1	  0.0	0.000	99.558	99.558
1025	  V	 11.8	  0.0	0.000	99.685	99.685
1026	  T	 12.5	  0.0	0.704	99.537	99.537
1027	  C	  9.9	  0.0	0.822	99.402	99.402
1028	  M	  4.2	  0.0	0.822	99.346	99.346
1029	  L	  2.3	  0.0	0.822	99.211	99.211
1030	  L	  1.5	  0.0	0.822	98.245	98.245
1031	  A	  0.8	  0.0	0.822	92.690	92.690
1032	  I	  1.5	  0.0	0.634	88.030	88.030
1033	  A	  1.2	  0.0	0.634	35.352	35.352
1034	  A	  0.9	  0.0	0.340	23.504	23.504
1035	  G	  0.0	  0.0	0.164	0.000	0.000
