res	aa	Beta	Turn	Helix	Aggregation	Conc-Stab_Aggregation
01	  M	  0.8	  0.0	7.413	0.101	0.101
02	  L	  1.4	  0.0	18.066	90.838	90.838
03	  L	  1.6	  0.0	23.447	97.205	97.205
04	  L	  1.0	  0.0	24.384	99.192	99.192
05	  A	  0.8	  0.0	24.500	99.536	99.536
06	  I	  2.6	  0.0	24.923	99.941	99.941
07	  L	  2.7	  0.0	25.032	99.966	99.966
08	  L	  3.5	  0.1	25.137	99.907	99.907
09	  S	  1.7	  0.1	29.101	99.529	99.529
10	  L	  1.6	  0.1	27.310	99.488	99.488
11	  F	  0.9	  0.1	26.542	99.212	99.212
12	  A	  0.9	  0.0	24.176	95.638	95.638
13	  L	  0.8	  0.0	23.189	92.607	92.607
14	  I	  1.2	  0.0	21.968	85.270	85.270
15	  R	  1.2	  0.4	21.968	0.864	0.864
16	  A	  1.1	  0.4	11.738	0.864	0.864
17	  D	  0.8	  0.5	6.298	0.864	0.864
18	  V	  6.0	  0.5	0.751	0.807	0.807
19	  N	  7.7	  0.1	0.751	0.124	0.124
20	  I	 13.3	  0.1	0.000	0.096	0.096
21	  V	  8.7	  0.0	0.000	0.045	0.045
22	  E	  6.8	  0.0	0.000	0.000	0.000
23	  P	  0.6	  0.1	0.000	0.000	0.000
24	  G	  0.0	  1.5	0.000	0.000	0.000
25	  P	  0.0	  2.7	0.000	0.000	0.000
26	  G	  0.0	  2.8	0.000	0.000	0.000
27	  D	  1.3	  2.7	0.000	0.000	0.000
28	  T	 30.5	  1.4	0.000	0.000	0.000
29	  F	 31.4	  0.3	0.000	0.000	0.000
30	  S	 30.3	  0.5	0.000	0.000	0.000
31	  G	  1.5	  1.4	0.000	0.000	0.000
32	  A	  0.0	  1.5	0.000	0.000	0.000
33	  D	  0.0	  1.3	0.000	0.000	0.000
34	  G	  0.0	  1.1	0.000	0.000	0.000
35	  T	 16.6	  0.1	0.108	0.362	0.362
36	  V	 19.5	  0.0	0.108	0.362	0.362
37	  S	 22.4	  0.2	0.299	0.362	0.362
38	  I	  9.8	  0.3	0.299	0.362	0.362
39	  N	  6.6	  0.3	0.390	0.362	0.362
40	  L	  4.1	  0.3	0.390	0.362	0.362
41	  K	  1.2	  0.0	0.390	0.000	0.000
42	  W	  1.6	  0.1	0.282	0.000	0.000
43	  V	  1.4	  0.3	0.090	0.000	0.000
44	  D	  1.1	  2.7	0.090	0.000	0.000
45	  N	  0.4	  2.8	0.000	0.000	0.000
46	  G	  0.0	  2.8	0.000	0.000	0.000
47	  A	  0.0	  2.5	0.000	0.000	0.000
48	  Y	  0.0	  0.1	0.000	0.000	0.000
49	  P	  0.0	  0.2	0.000	0.000	0.000
50	  P	  0.0	  0.4	0.000	0.000	0.000
51	  L	  0.1	  0.4	0.000	0.234	0.234
52	  D	  0.1	  0.4	2.423	0.269	0.269
53	  K	  2.2	  0.2	2.423	0.269	0.269
54	  V	  3.8	  0.0	2.423	93.071	93.071
55	  A	  4.0	  0.0	2.423	94.524	94.524
56	  Y	  2.9	  0.0	2.423	96.697	96.697
57	  Y	  1.8	  0.0	2.423	97.258	97.258
58	  L	  2.1	  0.0	1.965	97.335	97.335
59	  F	  4.2	  0.1	1.827	94.462	94.462
60	  S	  4.1	  0.1	1.387	56.558	56.558
61	  L	  4.5	  0.1	1.091	51.975	51.975
62	  C	  2.3	  0.1	0.989	25.555	25.555
63	  Y	  1.7	  0.4	0.842	19.953	19.953
64	  G	  0.8	  1.2	0.652	0.015	0.015
65	  P	  0.0	  1.2	0.108	0.005	0.005
66	  N	  0.4	  1.2	0.108	0.000	0.000
67	  T	  1.3	  0.9	0.108	0.000	0.000
68	  K	  1.8	  0.0	0.108	0.000	0.000
69	  I	  2.0	  0.0	0.108	0.000	0.000
70	  Q	  1.7	  0.0	0.108	0.000	0.000
71	  C	  1.9	  0.0	0.000	0.000	0.000
72	  V	  3.7	  0.0	0.000	0.000	0.000
73	  Y	  3.3	  0.0	0.000	0.000	0.000
74	  K	  2.6	  1.1	0.000	0.000	0.000
75	  P	  0.2	  1.1	0.000	0.000	0.000
76	  D	  0.2	  1.1	0.000	0.000	0.000
77	  T	  1.0	  1.1	0.000	0.000	0.000
78	  K	  9.5	  0.1	0.000	0.000	0.000
79	  I	 10.0	  0.0	0.000	0.000	0.000
80	  T	  9.3	  1.2	0.399	0.000	0.000
81	  P	  0.7	  1.4	0.399	0.000	0.000
82	  D	  0.0	  1.5	0.565	0.000	0.000
83	  D	  0.1	  3.1	0.565	0.000	0.000
84	  L	  0.2	  1.9	0.565	0.000	0.000
85	  D	  0.2	  6.1	0.767	0.000	0.000
86	  K	  0.1	  6.3	0.611	0.000	0.000
87	  D	  0.0	  4.8	0.504	0.000	0.000
88	  D	  0.0	  5.3	0.374	0.000	0.000
89	  A	  0.0	  1.0	0.374	0.000	0.000
90	  G	  0.1	  0.7	0.374	0.000	0.000
91	  T	 30.3	  0.6	0.171	0.000	0.000
92	  Y	 34.6	  0.2	0.171	0.000	0.000
93	  S	 35.5	  0.0	0.171	0.000	0.000
94	  Y	  8.7	  0.0	0.171	0.000	0.000
95	  K	  2.4	  0.0	0.000	0.000	0.000
96	  F	  4.2	  0.0	0.000	0.000	0.000
97	  D	  3.6	  0.0	0.000	0.000	0.000
98	  I	  3.4	  0.0	0.000	0.000	0.000
99	  Q	  0.6	  0.1	0.000	0.000	0.000
100	  S	  0.5	  0.1	0.000	0.007	0.007
101	  S	  1.1	  0.1	0.000	0.074	0.074
102	  V	  2.1	  0.1	0.000	0.605	0.605
103	  V	  2.1	  1.2	0.000	0.648	0.648
104	  G	  1.2	  1.6	0.000	0.651	0.651
105	  S	  0.2	  1.8	0.000	0.689	0.689
106	  G	  0.1	  1.8	0.000	1.010	1.010
107	  Q	  2.9	  0.6	0.000	4.564	4.564
108	  F	  4.2	  0.1	0.000	90.120	90.120
109	  Y	  5.5	  0.0	0.000	96.717	96.717
110	  V	  6.7	  0.0	0.000	97.575	97.575
111	  Q	  6.4	  0.0	0.000	97.640	97.640
112	  V	  6.9	  0.0	0.000	99.167	99.167
113	  F	  3.6	  0.0	0.000	99.016	99.016
114	  A	  2.7	  0.0	0.000	96.896	96.896
115	  W	  1.6	  0.2	0.000	95.065	95.065
116	  V	  1.2	  1.2	0.000	87.932	87.932
117	  D	  1.0	  1.2	0.000	0.000	0.000
118	  G	  0.2	  1.6	0.000	0.000	0.000
119	  Q	  0.0	  1.4	0.000	0.000	0.000
120	  G	  0.2	  0.4	0.000	0.000	0.000
121	  Y	  4.5	  0.3	0.000	0.223	0.223
122	  T	  5.7	  0.0	0.000	0.223	0.223
123	  L	  6.9	  0.0	0.000	0.223	0.223
124	  H	  7.5	  0.0	0.000	0.223	0.223
125	  Y	  6.8	  0.0	0.000	0.223	0.223
126	  T	  5.5	  0.1	0.000	0.000	0.000
127	  P	  0.5	  0.1	0.000	0.000	0.000
128	  R	  2.9	  0.1	0.000	0.000	0.000
129	  I	  5.7	  0.2	0.000	0.000	0.000
130	  E	  6.2	  0.0	0.000	0.000	0.000
131	  L	  3.7	  0.1	0.000	0.000	0.000
132	  T	  1.2	  0.1	0.000	0.000	0.000
133	  N	  0.5	  0.3	0.000	0.000	0.000
134	  M	  0.2	  0.3	0.000	0.000	0.000
135	  G	  0.0	  0.3	0.000	0.000	0.000
136	  G	  0.0	  0.6	0.000	0.000	0.000
137	  P	  0.0	  0.4	0.000	0.000	0.000
138	  T	  3.3	  0.4	0.000	0.000	0.000
139	  T	 13.5	  0.3	0.000	0.000	0.000
140	  F	 15.0	  0.1	0.000	0.000	0.000
141	  E	 11.9	  0.1	0.000	0.000	0.000
142	  L	  1.9	  0.1	0.000	0.487	0.487
143	  L	  3.2	  0.1	0.000	0.487	0.487
144	  T	 20.5	  0.0	0.000	0.487	0.487
145	  Y	 21.6	  0.0	0.000	0.487	0.487
146	  T	 19.0	  0.1	0.000	0.487	0.487
147	  D	  2.3	  0.1	0.000	0.000	0.000
148	  T	  7.7	  0.1	0.000	0.000	0.000
149	  I	  7.5	  0.0	0.000	0.000	0.000
150	  Q	  7.0	  0.0	0.000	0.000	0.000
151	  P	  0.1	  0.0	0.000	0.000	0.000
152	  V	  0.0	  0.0	0.000	0.000	0.000
153	  P	  0.0	  0.1	0.000	0.000	0.000
154	  Q	  0.1	  0.1	0.000	0.000	0.000
155	  T	  0.4	  0.1	0.000	0.000	0.000
156	  S	  2.9	  0.1	0.000	0.000	0.000
157	  I	  3.9	  0.1	0.000	0.000	0.000
158	  R	  3.6	  0.2	0.000	0.000	0.000
159	  T	  1.2	  0.4	0.000	0.000	0.000
160	  G	  0.1	  0.5	0.000	0.000	0.000
161	  T	  0.5	  0.4	0.000	0.000	0.000
162	  D	  0.5	  1.0	0.000	0.000	0.000
163	  T	  1.0	  0.8	0.000	0.000	0.000
164	  N	  0.9	  0.7	0.000	0.000	0.000
165	  T	  2.9	  0.8	0.000	0.000	0.000
166	  Q	  3.2	  0.2	0.000	0.000	0.000
167	  S	 10.0	  0.4	0.000	0.000	0.000
168	  F	  8.8	  0.4	0.000	0.000	0.000
169	  D	  7.9	  2.0	0.219	0.000	0.000
170	  A	  0.9	  2.1	0.219	0.000	0.000
171	  S	  0.3	  1.8	0.219	0.000	0.000
172	  S	  1.1	  1.8	0.219	0.000	0.000
173	  V	  5.3	  0.1	0.219	0.000	0.000
174	  Y	 11.0	  0.0	0.219	0.000	0.000
175	  S	 10.4	  0.0	0.000	0.000	0.000
176	  L	  6.2	  0.0	0.000	0.000	0.000
177	  P	  0.1	  0.0	0.000	0.000	0.000
178	  Y	  1.1	  0.0	0.000	0.000	0.000
179	  T	  1.2	  0.1	0.796	0.000	0.000
180	  E	  1.2	  0.1	0.796	0.000	0.000
181	  Q	  0.3	  0.1	0.796	0.000	0.000
182	  T	  3.2	  0.1	0.938	0.000	0.000
183	  L	  3.2	  0.1	0.938	0.000	0.000
184	  K	  3.3	  0.1	0.938	0.000	0.000
185	  T	  1.3	  0.1	0.497	0.000	0.000
186	  R	  3.3	  0.1	0.497	0.000	0.000
187	  V	  3.5	  0.0	0.276	0.000	0.000
188	  A	  2.6	  0.0	0.276	0.000	0.000
189	  P	  0.4	  0.0	0.000	0.000	0.000
190	  I	  0.4	  0.0	0.000	0.000	0.000
191	  Q	  1.0	  0.0	0.000	0.000	0.000
192	  Q	  1.0	  0.0	0.000	0.000	0.000
193	  Q	  0.7	  0.7	0.000	0.000	0.000
194	  P	  0.0	  0.8	0.000	0.000	0.000
195	  G	  0.0	  0.8	0.000	0.000	0.000
196	  T	  1.8	  0.8	0.000	0.000	0.000
197	  K	  6.9	  0.1	0.000	0.000	0.000
198	  V	  9.0	  0.0	0.000	0.000	0.000
199	  T	  8.2	  0.0	0.000	0.000	0.000
200	  A	  3.1	  0.0	0.000	0.000	0.000
201	  T	  3.3	  0.0	0.300	0.000	0.000
202	  T	 24.2	  0.0	1.161	0.000	0.000
203	  W	 24.8	  0.0	1.161	0.000	0.000
204	  S	 23.1	  0.1	1.161	0.000	0.000
205	  R	  2.5	  0.1	1.161	0.000	0.000
206	  R	  1.5	  0.1	1.161	0.000	0.000
207	  Y	  1.1	  0.3	1.161	0.000	0.000
208	  P	  0.1	  0.3	0.000	0.000	0.000
209	  T	  0.3	  0.3	0.000	1.646	1.646
210	  S	  0.6	  0.3	0.267	4.419	4.419
211	  A	  0.9	  0.1	0.267	23.516	23.516
212	  V	  8.9	  0.0	0.267	31.665	31.665
213	  T	 14.0	  0.0	0.267	32.152	32.152
214	  F	 15.4	  0.0	0.267	32.961	32.961
215	  Y	  8.0	  0.1	0.267	32.279	32.279
216	  S	  3.1	  0.1	0.000	17.665	17.665
217	  T	 12.3	  0.1	0.000	14.035	14.035
218	  F	 13.3	  0.1	0.000	13.194	13.194
219	  R	 12.9	  0.2	0.000	0.000	0.000
220	  S	  2.1	  0.3	0.000	0.000	0.000
221	  S	  2.3	  0.9	0.000	0.000	0.000
222	  L	  2.2	  0.8	0.000	0.000	0.000
223	  D	  2.2	  0.8	0.000	0.000	0.000
224	  Q	  0.8	  0.7	0.000	0.000	0.000
225	  L	  0.9	  0.2	0.000	0.000	0.000
226	  S	  1.0	  0.2	0.000	0.000	0.000
227	  T	  5.0	  0.1	0.000	0.000	0.000
228	  L	  5.0	  0.1	0.000	0.000	0.000
229	  T	  4.8	  0.0	0.154	0.000	0.000
230	  P	  0.1	  0.0	0.154	0.000	0.000
231	  A	  0.1	  0.1	0.154	0.523	0.523
232	  W	  1.6	  0.1	0.154	1.139	1.139
233	  N	  2.7	  0.1	0.154	1.139	1.139
234	  Y	 12.2	  0.1	0.154	1.401	1.401
235	  T	 26.5	  0.0	0.000	1.401	1.401
236	  V	 26.4	  0.0	0.000	1.523	1.523
237	  S	 17.8	  0.1	0.000	0.383	0.383
238	  S	  1.4	  0.1	0.000	0.383	0.383
239	  A	  0.5	  0.1	0.000	0.383	0.383
240	  V	  3.3	  0.1	0.000	0.383	0.383
241	  N	  3.3	  0.0	0.000	0.000	0.000
242	  Y	  3.5	  0.0	0.000	0.000	0.000
243	  A	  0.7	  0.0	0.000	0.000	0.000
244	  T	  0.5	  0.1	0.000	0.000	0.000
245	  P	  0.0	  0.1	0.000	0.000	0.000
246	  A	  0.3	  0.1	0.000	0.000	0.000
247	  A	  0.3	  0.1	0.000	0.000	0.000
248	  M	  0.3	  0.5	0.000	0.000	0.000
249	  P	  0.0	  0.9	0.000	0.000	0.000
250	  S	  0.0	  4.5	0.000	0.000	0.000
251	  D	  0.0	  5.4	0.000	0.000	0.000
252	  N	  0.0	  5.0	0.000	0.000	0.000
253	  G	  0.0	  4.6	0.000	0.000	0.000
254	  G	  0.0	  1.0	0.000	0.000	0.000
255	  W	  1.7	  0.1	0.000	0.000	0.000
256	  Y	  1.9	  0.0	0.000	0.000	0.000
257	  N	  1.9	  0.0	0.974	0.000	0.000
258	  P	  0.2	  0.0	0.974	0.000	0.000
259	  I	  1.9	  0.0	0.974	0.000	0.000
260	  K	  2.2	  0.1	0.974	0.000	0.000
261	  R	  2.5	  0.1	0.974	0.000	0.000
262	  Q	  0.7	  0.2	0.974	0.000	0.000
263	  S	  5.6	  0.4	1.365	0.000	0.000
264	  L	  5.5	  0.4	1.196	0.000	0.000
265	  S	  5.9	  0.4	1.662	0.000	0.000
266	  T	  1.7	  0.4	1.662	0.000	0.000
267	  R	  1.8	  0.2	1.662	0.000	0.000
268	  K	  1.9	  0.1	1.662	0.000	0.000
269	  L	  3.9	  0.1	0.941	0.000	0.000
270	  N	  6.6	  0.0	0.929	0.000	0.000
271	  V	  8.0	  0.0	0.352	0.000	0.000
272	  R	  5.7	  0.0	0.352	0.000	0.000
273	  Y	  3.6	  0.0	0.131	0.000	0.000
274	  L	  1.9	  0.0	0.131	0.000	0.000
275	  S	  1.4	  0.0	0.131	0.000	0.000
276	  S	  0.5	  0.0	0.000	0.000	0.000
