res	aa	Beta	Turn	Helix	Aggregation	Conc-Stab_Aggregation
01	  M	  0.5	  0.0	0.000	0.000	0.000
02	  N	  0.5	  2.1	0.131	0.000	0.000
03	  S	  0.5	  2.2	0.131	0.000	0.000
04	  D	  0.1	  2.5	0.131	0.000	0.000
05	  T	  0.3	  2.5	0.131	0.000	0.000
06	  N	  0.5	  0.5	0.400	0.000	0.000
07	  M	  2.3	  0.4	0.400	0.000	0.000
08	  Q	  2.8	  0.0	0.269	0.000	0.000
09	  M	  3.1	  0.0	0.269	0.000	0.000
10	  M	  1.5	  0.0	0.269	0.000	0.000
11	  S	  1.2	  0.0	0.269	0.000	0.000
12	  K	  1.8	  0.0	0.166	0.000	0.000
13	  V	  7.5	  0.0	0.000	0.000	0.000
14	  S	  7.1	  0.0	0.000	0.000	0.000
15	  I	  6.0	  0.0	0.000	0.000	0.000
16	  P	  0.0	  0.0	0.000	0.000	0.000
17	  P	  0.0	  0.0	0.000	0.125	0.125
18	  I	  0.7	  0.0	0.000	10.115	10.115
19	  W	  2.7	  0.0	0.111	10.115	10.115
20	  S	  3.0	  0.0	0.228	10.115	10.115
21	  I	  3.0	  0.0	0.228	10.115	10.115
22	  L	  1.1	  0.7	0.228	10.115	10.115
23	  K	  0.9	  0.9	0.228	0.000	0.000
24	  G	  0.1	  1.3	0.228	0.000	0.000
25	  R	  0.1	  1.5	0.117	0.000	0.000
26	  D	  0.1	  0.9	0.000	0.000	0.000
27	  D	  0.1	  2.4	0.000	0.000	0.000
28	  E	  0.0	  2.0	0.000	0.000	0.000
29	  D	  1.1	  1.7	0.000	0.000	0.000
30	  V	  5.8	  1.6	0.000	0.000	0.000
31	  T	  5.9	  0.0	0.000	0.000	0.000
32	  S	  4.8	  0.3	0.000	0.000	0.000
33	  P	  0.1	  0.3	0.000	0.000	0.000
34	  R	  1.7	  0.3	0.000	0.000	0.000
35	  Y	  5.8	  0.4	0.000	0.000	0.000
36	  T	  5.9	  0.8	0.000	0.000	0.000
37	  K	  4.2	  0.8	0.000	0.000	0.000
38	  G	  0.1	  0.9	0.000	0.000	0.000
39	  K	  0.1	  0.9	0.000	0.000	0.000
40	  Q	  0.9	  0.2	0.000	0.000	0.000
41	  L	  2.7	  0.1	0.000	0.000	0.000
42	  S	  2.8	  0.0	0.000	0.000	0.000
43	  M	  2.6	  0.0	0.000	0.000	0.000
44	  L	  1.0	  0.1	0.000	0.000	0.000
45	  S	  1.0	  0.5	0.000	0.000	0.000
46	  S	  0.7	  0.9	0.000	0.000	0.000
47	  H	  0.4	  1.7	0.000	0.000	0.000
48	  G	  0.2	  2.0	0.000	0.000	0.000
49	  S	  0.1	  2.2	0.000	0.000	0.000
50	  D	  0.1	  1.9	0.000	0.000	0.000
51	  S	  1.1	  1.1	0.000	0.000	0.000
52	  L	  1.1	  0.8	0.000	0.000	0.000
53	  E	  1.2	  0.2	0.000	0.000	0.000
54	  T	  0.3	  0.1	0.000	0.000	0.000
55	  S	  0.2	  0.3	0.000	0.000	0.000
56	  P	  0.1	  0.3	0.000	0.000	0.000
57	  R	  0.1	  0.3	0.000	0.000	0.000
58	  T	  0.5	  0.3	0.000	0.000	0.000
59	  S	  3.4	  0.1	0.000	0.000	0.000
60	  I	  5.7	  0.0	0.000	0.000	0.000
61	  T	  5.9	  0.1	0.000	0.000	0.000
62	  S	  3.8	  0.5	0.000	0.000	0.000
63	  H	  1.5	  0.6	0.000	0.000	0.000
64	  D	  1.1	  0.5	0.000	0.000	0.000
65	  L	  0.6	  0.5	0.000	0.000	0.000
66	  T	  2.5	  0.1	0.000	0.000	0.000
67	  Q	  2.5	  0.2	0.000	0.000	0.000
68	  S	  3.0	  1.0	0.000	0.000	0.000
69	  S	  1.8	  1.8	0.000	0.000	0.000
70	  S	  2.5	  4.3	0.000	0.000	0.000
71	  S	  1.7	  4.5	0.000	0.000	0.000
72	  S	  0.9	  3.8	0.000	0.000	0.000
73	  G	  0.1	  3.0	0.000	0.000	0.000
74	  V	  1.3	  0.4	0.000	0.000	0.000
75	  S	  1.3	  1.8	0.000	0.000	0.000
76	  S	  1.3	  1.7	0.000	0.000	0.000
77	  N	  1.3	  1.7	0.000	0.000	0.000
78	  Y	  2.6	  1.7	0.000	0.232	0.232
79	  T	  3.6	  0.0	0.000	0.232	0.232
80	  T	 13.5	  0.0	0.098	0.232	0.232
81	  I	 12.7	  0.0	0.098	0.232	0.232
82	  T	 11.9	  0.0	1.650	0.232	0.232
83	  E	  0.7	  0.0	1.650	0.000	0.000
84	  A	  0.2	  0.0	1.650	0.000	0.000
85	  E	  0.6	  0.0	1.650	0.000	0.000
86	  F	  2.7	  0.0	1.650	0.000	0.000
87	  Y	  4.2	  0.1	1.553	0.000	0.000
88	  S	  4.1	  0.2	0.750	0.000	0.000
89	  R	  2.7	  0.2	0.564	0.000	0.000
90	  C	  1.3	  0.3	0.390	0.000	0.000
91	  S	  1.5	  0.7	0.240	0.000	0.000
92	  T	  0.9	  0.6	1.123	0.000	0.000
93	  N	  1.1	  0.6	3.503	0.000	0.000
94	  L	  0.7	  0.5	3.503	1.030	1.030
95	  E	  0.6	  0.1	3.503	1.209	1.209
96	  K	  0.7	  0.1	3.503	1.387	1.387
97	  L	  2.0	  0.1	3.503	1.387	1.387
98	  I	  3.5	  0.0	3.328	1.387	1.387
99	  I	  3.6	  0.0	3.328	1.387	1.387
100	  E	  2.4	  0.1	3.328	0.178	0.178
101	  K	  0.9	  0.2	2.444	0.000	0.000
102	  N	  0.4	  0.2	0.929	0.000	0.000
103	  E	  1.4	  0.1	0.427	0.000	0.000
104	  I	  1.9	  0.0	0.427	0.000	0.000
105	  S	  2.1	  0.1	0.661	0.000	0.000
106	  K	  1.0	  0.2	0.661	0.000	0.000
107	  Q	  1.0	  0.2	0.661	0.000	0.000
108	  L	  1.0	  0.3	0.461	0.000	0.000
109	  D	  1.4	  0.4	0.633	0.000	0.000
110	  S	  2.3	  0.3	0.633	0.000	0.000
111	  Y	  3.1	  0.4	0.411	0.000	0.000
112	  K	  2.8	  0.2	0.172	0.000	0.000
113	  A	  1.7	  0.0	0.172	0.000	0.000
114	  V	  2.4	  0.1	0.172	0.000	0.000
115	  T	  2.6	  0.3	0.172	0.000	0.000
116	  K	  2.2	  0.4	0.172	0.000	0.000
117	  D	  0.5	  0.4	0.000	0.000	0.000
118	  S	  0.4	  0.4	0.000	0.000	0.000
119	  L	  1.0	  0.1	0.000	0.000	0.000
120	  V	  2.3	  0.1	0.000	0.000	0.000
121	  S	  2.0	  2.3	0.000	0.000	0.000
122	  S	  1.3	  2.3	0.297	0.000	0.000
123	  D	  0.5	  2.3	0.700	0.000	0.000
124	  F	  1.6	  2.2	0.700	0.000	0.000
125	  I	  2.3	  0.1	0.700	0.000	0.000
126	  K	  2.0	  0.1	0.700	0.000	0.000
127	  E	  2.2	  0.1	0.700	0.000	0.000
128	  F	  1.7	  0.4	0.700	0.000	0.000
129	  S	  1.6	  0.3	1.497	0.000	0.000
130	  D	  0.2	  0.4	1.551	0.000	0.000
131	  R	  0.6	  0.4	1.551	0.000	0.000
132	  L	  1.0	  0.1	1.551	0.248	0.248
133	  I	  3.6	  0.0	1.551	0.248	0.248
134	  S	  3.4	  0.0	1.551	0.248	0.248
135	  I	  3.1	  0.0	1.206	0.248	0.248
136	  Q	  0.7	  0.1	1.206	0.248	0.248
137	  K	  0.7	  0.1	0.534	0.000	0.000
138	  S	  3.0	  0.4	0.886	0.000	0.000
139	  I	  2.9	  0.3	0.788	0.000	0.000
140	  D	  2.6	  0.3	11.084	0.000	0.000
141	  E	  3.2	  0.3	11.084	0.000	0.000
142	  I	  5.1	  0.0	11.084	0.000	0.000
143	  T	  5.8	  0.0	11.084	0.000	0.000
144	  K	  3.2	  0.0	11.084	0.000	0.000
145	  L	  1.6	  0.1	10.965	0.000	0.000
146	  Q	  1.0	  0.1	7.192	0.000	0.000
147	  H	  0.8	  0.1	3.283	0.000	0.000
148	  D	  1.6	  0.1	1.637	0.000	0.000
149	  Y	  6.3	  0.0	1.199	0.000	0.000
150	  E	  6.7	  0.0	0.874	0.000	0.000
151	  I	  6.5	  0.0	0.689	0.000	0.000
152	  A	  2.0	  0.0	0.689	0.000	0.000
153	  T	  2.7	  0.1	3.144	0.000	0.000
154	  Q	  1.9	  0.1	3.253	0.000	0.000
155	  Q	  1.8	  0.1	3.131	0.000	0.000
156	  E	  0.4	  0.1	3.250	0.000	0.000
157	  K	  1.4	  0.1	3.250	0.000	0.000
158	  I	  9.7	  0.0	3.250	0.000	0.000
159	  R	 12.3	  0.0	3.250	0.000	0.000
160	  I	 11.8	  0.0	3.014	0.000	0.000
161	  L	  3.7	  0.0	3.014	0.000	0.000
162	  A	  1.1	  0.0	2.685	0.000	0.000
163	  C	  1.9	  0.0	2.466	0.000	0.000
164	  Q	  1.8	  0.0	1.224	0.000	0.000
165	  Y	  1.7	  1.2	0.840	0.000	0.000
166	  P	  0.2	  1.6	0.000	0.000	0.000
167	  S	  0.3	  2.9	0.000	0.000	0.000
168	  G	  0.3	  3.0	0.000	0.000	0.000
169	  S	  0.5	  1.9	0.000	0.000	0.000
170	  S	  1.8	  2.1	0.000	0.000	0.000
171	  R	  1.9	  1.0	0.000	0.000	0.000
172	  S	  1.9	  0.8	0.000	0.000	0.000
173	  S	  1.3	  0.7	0.000	0.000	0.000
174	  Y	  4.0	  0.1	0.000	0.000	0.000
175	  V	  4.0	  0.0	0.000	0.000	0.000
176	  S	  3.2	  0.3	0.306	0.000	0.000
177	  P	  0.3	  0.4	0.306	0.000	0.000
178	  E	  0.3	  0.4	0.306	0.000	0.000
179	  Q	  0.9	  0.4	0.306	0.000	0.000
180	  K	  1.4	  0.1	0.306	0.000	0.000
181	  F	  1.2	  0.0	0.306	0.000	0.000
182	  L	  0.6	  1.0	0.000	0.000	0.000
183	  P	  0.1	  1.0	0.000	0.000	0.000
184	  S	  1.5	  1.0	0.000	0.000	0.000
185	  F	  2.1	  1.6	0.000	0.000	0.000
186	  K	  2.1	  0.6	0.000	0.000	0.000
187	  N	  0.6	  0.6	0.000	0.000	0.000
188	  L	  0.2	  0.7	0.000	0.000	0.000
189	  A	  0.6	  0.1	0.000	0.000	0.000
190	  S	  0.6	  0.1	0.000	0.000	0.000
191	  Q	  0.5	  0.3	0.000	0.000	0.000
192	  P	  0.1	  0.2	0.000	0.000	0.000
193	  Q	  0.3	  0.2	0.000	0.000	0.000
194	  Q	  0.6	  0.3	0.000	0.000	0.000
195	  Q	  0.8	  0.2	0.000	0.000	0.000
196	  Q	  1.0	  0.1	0.000	0.000	0.000
197	  H	  1.0	  0.2	0.000	0.000	0.000
198	  Q	  1.1	  0.2	0.000	0.000	0.000
199	  Q	  0.9	  0.2	0.000	0.000	0.000
200	  Q	  0.9	  0.2	0.000	0.000	0.000
201	  Q	  0.9	  0.1	0.000	0.000	0.000
202	  Q	  0.7	  0.2	0.000	0.000	0.000
203	  Q	  0.7	  0.2	0.000	0.000	0.000
204	  N	  0.7	  0.2	0.000	0.000	0.000
205	  T	  3.3	  0.2	0.000	0.000	0.000
206	  T	  4.4	  0.2	0.000	0.000	0.000
207	  S	  5.5	  0.2	0.000	0.000	0.000
208	  S	  2.9	  0.2	0.000	0.000	0.000
209	  S	  1.6	  4.9	0.000	0.000	0.000
210	  P	  0.0	  4.8	0.000	0.000	0.000
211	  N	  0.4	  4.8	0.000	0.000	0.000
212	  Q	  1.3	  4.8	0.000	0.000	0.000
213	  I	  2.3	  0.0	0.000	0.000	0.000
214	  S	  1.9	  0.0	0.000	0.000	0.000
215	  S	  1.1	  0.3	0.000	0.000	0.000
216	  P	  0.0	  0.3	0.000	0.000	0.000
217	  T	  3.5	  0.3	0.000	0.000	0.000
218	  T	  4.1	  0.3	0.000	0.000	0.000
219	  V	  4.2	  0.0	0.000	0.000	0.000
220	  P	  0.7	  0.1	0.000	0.000	0.000
221	  Q	  0.1	  0.1	0.000	0.000	0.000
222	  T	  0.5	  0.1	0.112	0.000	0.000
223	  S	  0.7	  0.1	0.246	0.000	0.000
224	  A	  1.1	  0.1	0.246	0.000	0.000
225	  Y	  2.8	  0.1	0.246	0.000	0.000
226	  Q	  3.6	  0.0	0.246	0.000	0.000
227	  R	  3.3	  0.0	0.246	0.000	0.000
228	  Q	  1.2	  0.0	0.134	0.000	0.000
229	  P	  0.1	  0.0	0.000	0.000	0.000
230	  V	  2.4	  0.0	0.000	0.000	0.000
231	  S	  3.7	  0.2	0.000	0.000	0.000
232	  H	  4.2	  0.2	0.000	0.000	0.000
233	  S	  2.0	  0.2	0.000	0.000	0.000
234	  I	  0.6	  0.3	0.000	0.000	0.000
235	  P	  0.1	  0.2	0.000	0.000	0.000
236	  S	  0.7	  0.2	0.000	0.000	0.000
237	  I	  1.0	  0.2	0.000	0.000	0.000
238	  H	  1.2	  0.1	0.000	0.000	0.000
239	  S	  6.0	  0.5	0.000	0.000	0.000
240	  L	  5.7	  0.5	0.000	0.000	0.000
241	  S	  5.6	  0.5	0.000	0.000	0.000
242	  N	  0.1	  0.4	0.000	0.000	0.000
243	  P	  0.0	  0.0	0.000	0.000	0.000
244	  V	  2.4	  0.0	0.000	0.000	0.000
245	  S	  2.4	  0.0	0.000	0.000	0.000
246	  S	  2.5	  0.2	0.000	0.000	0.000
247	  P	  0.0	  0.2	0.000	0.000	0.000
248	  L	  0.1	  0.2	0.000	0.000	0.000
249	  V	  0.1	  0.3	0.000	0.000	0.000
250	  P	  0.1	  0.2	0.000	0.000	0.000
251	  T	  0.1	  0.4	0.000	0.000	0.000
252	  S	  0.1	  0.5	1.255	0.000	0.000
253	  N	  0.1	  0.4	1.913	0.000	0.000
254	  R	  0.3	  0.3	1.913	0.000	0.000
255	  T	  3.1	  0.1	1.913	0.000	0.000
256	  L	  4.4	  0.1	1.913	0.000	0.000
257	  Q	  5.0	  0.0	1.913	0.000	0.000
258	  L	  2.9	  0.0	1.515	0.000	0.000
259	  K	  1.5	  0.0	1.212	0.000	0.000
260	  S	  0.6	  4.9	0.277	0.000	0.000
261	  P	  0.1	  4.9	0.000	0.000	0.000
262	  N	  0.1	  5.0	0.135	0.000	0.000
263	  Q	  0.3	  5.0	0.135	0.000	0.000
264	  T	  1.1	  0.2	0.135	0.000	0.000
265	  K	  1.5	  0.1	0.135	0.000	0.000
266	  I	  2.5	  0.0	0.135	0.000	0.000
267	  L	  1.7	  0.1	0.135	0.000	0.000
268	  G	  1.1	  1.1	0.580	0.000	0.000
269	  P	  0.0	  1.2	0.446	0.000	0.000
270	  N	  0.0	  1.3	0.446	0.000	0.000
271	  E	  0.1	  1.2	0.446	0.000	0.000
272	  L	  0.1	  0.1	0.446	0.000	0.000
273	  A	  0.1	  0.1	0.446	0.000	0.000
274	  N	  0.1	  0.2	0.446	0.000	0.000
275	  P	  0.0	  0.2	0.000	0.000	0.000
276	  A	  0.1	  0.2	0.000	0.000	0.000
277	  Q	  0.4	  0.3	0.000	0.000	0.000
278	  Q	  0.6	  0.1	0.000	0.000	0.000
279	  Q	  0.6	  0.1	0.000	0.000	0.000
280	  H	  0.7	  0.1	0.000	0.000	0.000
281	  S	  1.3	  0.1	0.000	0.000	0.000
282	  Y	  1.6	  0.0	0.000	0.213	0.213
283	  I	  2.5	  0.0	0.000	0.213	0.213
284	  Q	  4.9	  0.0	0.000	0.213	0.213
285	  Y	  8.3	  0.1	0.000	0.213	0.213
286	  T	  7.1	  0.3	0.000	0.213	0.213
287	  Q	  4.0	  0.5	0.000	0.000	0.000
288	  G	  0.1	  0.5	0.000	0.000	0.000
289	  E	  0.1	  0.4	0.000	0.000	0.000
290	  Y	  0.1	  0.6	0.000	0.000	0.000
291	  P	  0.1	  0.7	0.000	0.000	0.000
292	  S	  0.7	  0.8	0.000	0.000	0.000
293	  Y	  0.9	  0.8	0.000	0.000	0.000
294	  G	  1.0	  0.3	0.000	0.000	0.000
295	  Y	  2.1	  0.2	0.000	0.000	0.000
296	  Q	  2.1	  0.1	0.000	0.000	0.000
297	  K	  2.3	  0.1	0.000	0.000	0.000
298	  Q	  1.9	  0.1	0.000	0.000	0.000
299	  F	  3.3	  0.1	0.000	0.514	0.514
300	  V	  3.9	  0.1	0.000	0.514	0.514
301	  N	  2.6	  0.2	0.000	0.514	0.514
302	  A	  1.4	  0.2	0.000	0.514	0.514
303	  Y	  2.2	  0.3	0.000	0.514	0.514
304	  Q	  2.3	  0.3	0.000	0.000	0.000
305	  N	  2.4	  0.2	0.000	0.000	0.000
306	  T	  1.1	  0.4	0.000	0.000	0.000
307	  R	  0.9	  0.3	0.000	0.000	0.000
308	  N	  0.4	  0.7	0.000	0.000	0.000
309	  S	  0.1	  1.7	0.000	0.000	0.000
310	  E	  0.1	  1.6	0.000	0.000	0.000
311	  G	  0.0	  1.5	0.000	0.000	0.000
312	  Q	  1.2	  1.1	0.000	0.000	0.000
313	  I	  2.5	  0.0	0.000	0.175	0.175
314	  F	  4.9	  0.0	0.000	0.175	0.175
315	  Q	  3.8	  0.0	0.000	0.175	0.175
316	  V	  2.6	  0.9	0.000	0.175	0.175
317	  G	  0.1	  0.9	0.100	0.175	0.175
318	  N	  0.1	  3.4	0.285	0.000	0.000
319	  E	  0.0	  3.4	0.285	0.000	0.000
320	  N	  0.0	  3.4	0.386	0.000	0.000
321	  R	  0.3	  3.4	0.386	0.000	0.000
322	  S	  2.3	  1.7	0.386	0.000	0.000
323	  K	  2.5	  1.7	0.286	0.000	0.000
324	  S	  5.0	  1.4	0.101	0.722	0.722
325	  L	  5.7	  1.4	0.101	6.494	6.494
326	  N	  5.9	  0.6	0.709	6.494	6.494
327	  V	  5.4	  0.5	0.709	10.962	10.962
328	  A	  2.8	  0.0	0.709	11.167	11.167
329	  S	  2.7	  0.0	0.709	11.167	11.167
330	  I	  3.7	  0.0	0.709	11.167	11.167
331	  L	  3.7	  0.1	0.709	11.167	11.167
332	  M	  3.8	  0.2	0.570	6.239	6.239
333	  D	  0.8	  0.4	0.436	0.000	0.000
334	  S	  0.9	  0.6	0.219	0.000	0.000
335	  R	  0.7	  0.7	0.219	0.000	0.000
336	  R	  0.6	  0.7	0.219	0.000	0.000
337	  G	  0.2	  0.6	0.219	0.000	0.000
338	  S	  0.2	  0.4	0.219	0.000	0.000
339	  L	  0.1	  0.1	0.000	0.000	0.000
340	  P	  0.1	  0.0	0.000	0.000	0.000
341	  F	  0.0	  0.1	0.000	0.000	0.000
342	  P	  0.0	  0.3	0.000	0.000	0.000
343	  A	  0.1	  0.3	0.000	0.000	0.000
344	  Y	  0.2	  7.0	0.000	0.000	0.000
345	  G	  0.2	  6.9	0.000	0.000	0.000
346	  N	  0.5	  6.7	0.000	0.000	0.000
347	  L	  0.5	  6.7	0.000	0.000	0.000
348	  Q	  0.5	  0.2	0.000	0.000	0.000
349	  P	  0.1	  0.2	0.000	0.000	0.000
350	  T	  1.5	  0.2	0.000	0.177	0.177
351	  S	  2.1	  0.2	0.000	0.177	0.177
352	  Y	  3.3	  0.0	0.000	0.177	0.177
353	  A	  2.6	  0.0	0.000	0.177	0.177
354	  V	  3.8	  0.0	0.000	0.177	0.177
355	  H	  2.7	  0.0	0.000	0.000	0.000
356	  S	  1.8	  0.0	0.000	0.000	0.000
357	  P	  0.0	  0.0	0.000	0.000	0.000
358	  I	  0.1	  0.6	0.000	0.000	0.000
359	  G	  0.1	  1.5	0.000	0.000	0.000
360	  G	  0.1	  1.5	0.000	0.000	0.000
361	  N	  0.5	  1.5	0.000	0.000	0.000
362	  L	  1.0	  0.9	0.000	0.000	0.000
363	  F	  1.5	  0.0	0.000	0.000	0.000
364	  H	  1.1	  0.3	0.000	0.000	0.000
365	  S	  0.8	  0.3	0.000	0.000	0.000
366	  S	  3.2	  0.3	0.000	0.000	0.000
367	  Y	  8.5	  0.3	0.000	0.000	0.000
368	  Q	 10.4	  0.0	0.000	0.000	0.000
369	  F	 11.0	  0.1	0.000	0.000	0.000
370	  S	  5.9	  0.8	0.000	0.000	0.000
371	  A	  3.6	  0.8	0.000	0.000	0.000
372	  G	  0.1	  0.8	0.000	0.000	0.000
373	  S	  0.0	  1.1	0.111	0.000	0.000
374	  P	  0.0	  0.4	0.111	0.000	0.000
375	  T	  3.2	  0.5	0.111	0.000	0.000
376	  M	  3.3	  0.7	0.111	0.000	0.000
377	  T	  3.4	  0.3	0.111	0.000	0.000
378	  G	  0.3	  0.3	0.111	0.000	0.000
379	  Y	  1.0	  0.3	0.111	0.000	0.000
380	  K	  1.3	  0.1	0.000	0.000	0.000
381	  S	  2.0	  0.3	0.472	0.000	0.000
382	  A	  1.3	  0.3	0.472	0.000	0.000
383	  T	  1.3	  0.3	0.472	0.000	0.000
384	  T	  0.6	  0.3	0.472	0.000	0.000
385	  D	  0.5	  0.1	0.599	0.000	0.000
386	  A	  0.3	  0.1	0.599	0.000	0.000
387	  M	  1.0	  0.0	0.599	0.000	0.000
388	  S	  1.4	  0.0	0.352	0.000	0.000
389	  A	  1.2	  0.0	0.127	0.000	0.000
390	  V	  0.5	  1.0	0.127	0.000	0.000
391	  P	  0.1	  1.7	0.000	0.000	0.000
392	  G	  0.0	  1.9	0.000	0.000	0.000
393	  S	  0.0	  1.9	0.000	0.000	0.000
394	  G	  0.2	  0.9	0.000	0.000	0.000
395	  I	  1.2	  0.3	0.000	0.000	0.000
396	  I	  1.2	  0.1	0.000	0.000	0.000
397	  N	  1.1	  0.1	0.000	0.000	0.000
398	  D	  0.2	  0.1	0.000	0.000	0.000
399	  K	  0.1	  0.1	0.000	0.000	0.000
400	  S	  0.1	  3.0	0.000	0.000	0.000
401	  P	  0.1	  3.0	0.000	0.000	0.000
402	  S	  5.3	  3.4	0.000	0.000	0.000
403	  L	  5.3	  3.5	0.000	0.000	0.000
404	  S	  5.3	  0.6	0.000	0.000	0.000
405	  N	  0.2	  0.6	0.000	0.000	0.000
406	  V	  2.1	  0.2	0.000	0.000	0.000
407	  L	  2.3	  0.2	0.000	0.000	0.000
408	  D	  2.6	  0.3	0.000	0.000	0.000
409	  S	 20.3	  0.4	0.000	0.000	0.000
410	  Y	 24.0	  0.4	0.000	0.000	0.000
411	  S	 26.4	  0.2	0.000	0.000	0.000
412	  V	 10.0	  0.1	0.000	0.000	0.000
413	  T	  5.2	  0.0	0.000	0.000	0.000
414	  N	  2.2	  0.0	0.000	0.000	0.000
415	  P	  0.0	  0.0	0.000	0.000	0.000
416	  G	  0.0	  0.3	0.338	0.000	0.000
417	  P	  0.0	  0.4	0.338	0.000	0.000
418	  K	  0.1	  0.5	0.338	0.000	0.000
419	  K	  0.2	  0.7	0.338	0.000	0.000
420	  R	  0.2	  0.4	0.338	0.000	0.000
421	  G	  0.2	  0.4	0.338	0.000	0.000
422	  R	  0.1	  0.3	0.135	0.000	0.000
423	  K	  0.1	  0.2	0.000	0.000	0.000
424	  K	  0.3	  0.1	0.000	0.000	0.000
425	  K	  2.9	  0.1	0.000	0.000	0.000
426	  I	  3.5	  0.1	0.000	0.000	0.000
427	  K	  3.3	  0.3	0.000	0.000	0.000
428	  E	  0.7	  0.3	0.000	0.000	0.000
429	  G	  0.1	  0.3	0.000	0.000	0.000
430	  I	  2.4	  0.2	0.000	0.000	0.000
431	  V	  3.5	  0.1	0.000	0.000	0.000
432	  S	  4.1	  0.8	0.000	0.000	0.000
433	  S	  2.0	  0.8	0.000	0.000	0.000
434	  S	 21.0	  0.9	0.000	0.000	0.000
435	  F	 21.5	  1.2	0.000	0.000	0.000
436	  S	 21.3	  0.6	0.000	0.000	0.000
437	  S	  1.6	  0.6	0.000	0.000	0.000
438	  G	  0.1	  0.5	0.000	0.000	0.000
439	  L	  0.1	  0.2	0.000	0.000	0.000
440	  P	  0.0	  0.0	0.000	0.000	0.000
441	  I	  0.0	  0.1	0.000	0.000	0.000
442	  P	  0.0	  0.1	0.000	0.000	0.000
443	  H	  0.2	  0.3	0.000	0.000	0.000
444	  S	  0.3	  0.3	0.676	0.171	0.171
445	  L	  0.6	  0.1	0.676	0.171	0.171
446	  A	  0.5	  0.1	0.676	0.171	0.171
447	  L	  0.4	  0.3	0.676	0.171	0.171
448	  A	  0.1	  0.3	0.676	0.171	0.171
449	  N	  0.1	  0.4	3.721	0.000	0.000
450	  A	  0.1	  0.5	3.279	0.000	0.000
451	  E	  0.1	  0.2	3.156	0.000	0.000
452	  T	  6.1	  0.2	3.044	0.000	0.000
453	  L	  6.1	  0.1	3.044	0.000	0.000
454	  K	  6.1	  0.2	3.044	0.000	0.000
455	  P	  0.1	  0.2	0.000	0.000	0.000
456	  Q	  0.4	  0.2	0.000	0.000	0.000
457	  H	  6.6	  0.3	0.000	0.000	0.000
458	  I	  7.6	  0.1	0.000	0.000	0.000
459	  N	  7.2	  0.2	0.152	0.000	0.000
460	  S	  6.0	  0.5	0.152	0.000	0.000
461	  L	  5.2	  0.5	0.152	0.000	0.000
462	  S	  5.7	  1.7	0.152	0.000	0.000
463	  K	  1.1	  1.6	0.152	0.000	0.000
464	  N	  2.4	  1.8	0.152	0.000	0.000
465	  I	  2.0	  1.8	0.000	0.000	0.000
466	  N	  1.7	  0.9	0.000	0.000	0.000
467	  N	  0.2	  1.0	0.000	0.000	0.000
468	  S	  0.1	  0.9	0.000	0.000	0.000
469	  A	  0.1	  0.9	0.000	1.147	1.147
470	  G	  0.1	  0.5	0.000	2.040	2.040
471	  T	  5.3	  0.4	0.000	6.704	6.704
472	  V	 12.9	  0.0	0.000	8.723	8.723
473	  V	 14.4	  0.0	0.000	8.723	8.723
474	  M	 10.0	  0.0	0.000	8.329	8.329
475	  T	  4.0	  0.1	0.000	7.272	7.272
476	  S	  3.4	  0.1	0.000	3.138	3.138
477	  C	  4.0	  0.1	0.000	1.954	1.954
478	  L	  4.0	  0.1	0.000	1.797	1.797
479	  H	  3.3	  0.0	0.000	0.461	0.461
480	  C	  2.2	  0.2	0.000	0.000	0.000
481	  G	  0.5	  0.6	0.000	0.000	0.000
482	  E	  0.2	  0.6	0.000	0.000	0.000
483	  N	  0.4	  0.6	0.000	0.000	0.000
484	  H	  0.5	  0.4	0.000	0.000	0.000
485	  T	  0.4	  0.2	1.105	0.000	0.000
486	  P	  0.1	  0.2	1.216	0.000	0.000
487	  E	  0.5	  0.2	1.216	0.000	0.000
488	  W	  1.5	  0.4	1.216	0.000	0.000
489	  R	  1.7	  0.1	1.216	0.000	0.000
490	  R	  1.2	  0.2	1.216	0.000	0.000
491	  G	  0.1	  0.9	0.849	0.000	0.000
492	  P	  0.0	  0.7	0.000	0.000	0.000
493	  Y	  0.1	  3.5	0.000	0.000	0.000
494	  G	  0.1	  3.4	0.171	0.000	0.000
495	  N	  0.1	  2.8	0.171	0.000	0.000
496	  R	  0.3	  2.8	0.171	0.000	0.000
497	  T	  1.5	  0.1	0.171	0.000	0.000
498	  L	  1.7	  0.1	0.171	0.000	0.000
499	  C	  2.6	  0.0	0.171	0.000	0.000
500	  N	  1.5	  0.3	0.248	0.000	0.000
501	  A	  1.2	  0.3	0.248	0.000	0.000
502	  C	  0.3	  0.4	0.248	0.000	0.000
503	  G	  0.2	  0.4	0.357	0.000	0.000
504	  L	  0.8	  0.0	0.357	0.000	0.000
505	  F	  2.5	  0.0	0.357	0.000	0.000
506	  Y	  3.8	  0.0	0.221	0.000	0.000
507	  R	  3.3	  0.1	0.221	0.000	0.000
508	  K	  1.7	  0.1	0.109	0.000	0.000
509	  A	  0.7	  0.1	0.000	0.000	0.000
510	  I	  1.2	  0.1	0.000	0.000	0.000
511	  S	  1.2	  0.2	0.000	0.000	0.000
512	  K	  1.1	  0.2	0.000	0.000	0.000
513	  F	  0.6	  0.2	0.000	0.000	0.000
514	  G	  0.4	  0.2	0.000	0.000	0.000
515	  V	  1.9	  0.1	0.000	0.000	0.000
516	  K	  1.8	  0.1	0.000	0.000	0.000
517	  N	  1.7	  1.5	1.331	0.000	0.000
518	  A	  0.1	  1.5	1.331	0.000	0.000
519	  N	  0.1	  1.4	4.428	0.000	0.000
520	  L	  0.9	  1.3	4.428	0.000	0.000
521	  L	  1.0	  0.0	4.573	0.000	0.000
522	  L	  2.1	  0.0	4.573	0.000	0.000
523	  R	  2.3	  0.0	4.345	0.000	0.000
524	  Y	  3.5	  0.0	4.041	0.000	0.000
525	  R	  2.5	  0.1	2.151	0.000	0.000
526	  K	  2.3	  0.1	1.031	0.000	0.000
527	  R	  3.2	  0.1	0.190	0.000	0.000
528	  I	  3.1	  0.1	0.000	0.000	0.000
529	  S	  2.2	  0.1	0.000	0.000	0.000
530	  N	  0.1	  0.1	0.211	0.000	0.000
531	  T	  0.4	  0.5	0.363	0.000	0.000
532	  A	  0.3	  0.4	0.363	0.000	0.000
533	  N	  0.3	  0.4	0.363	0.000	0.000
534	  R	  1.4	  0.4	0.363	0.000	0.000
535	  R	  1.6	  0.0	0.363	0.000	0.000
536	  V	  1.5	  0.0	0.153	0.000	0.000
537	  P	  0.2	  0.0	0.000	0.000	0.000
538	  K	  0.3	  0.0	0.000	0.000	0.000
539	  M	  0.6	  0.0	0.000	0.000	0.000
540	  L	  3.5	  0.0	0.000	0.000	0.000
541	  K	  3.4	  0.0	0.000	0.000	0.000
542	  I	  3.1	  0.0	0.000	0.000	0.000
543	  P	  0.2	  0.0	0.000	0.000	0.000
544	  I	  0.3	  0.0	0.000	0.000	0.000
545	  G	  0.4	  0.0	0.000	0.000	0.000
546	  I	  2.0	  0.0	0.000	0.000	0.000
547	  I	  1.9	  0.1	0.000	0.000	0.000
548	  E	  1.9	  0.1	0.000	0.000	0.000
549	  E	  2.2	  0.1	0.000	0.000	0.000
550	  F	  2.7	  0.1	0.000	0.000	0.000
551	  D	  2.7	  0.1	0.000	0.000	0.000
552	  A	  0.8	  0.1	0.000	0.000	0.000
553	  D	  0.0	  0.3	0.334	0.000	0.000
554	  P	  0.0	  0.2	0.334	0.000	0.000
555	  Y	  0.9	  0.3	0.334	0.000	0.000
556	  L	  1.2	  0.4	0.334	0.000	0.000
557	  D	  1.2	  1.8	0.334	0.000	0.000
558	  S	  0.3	  1.8	0.334	0.000	0.000
559	  N	  0.8	  2.0	0.610	0.000	0.000
560	  Y	  1.6	  2.0	0.385	0.000	0.000
561	  N	  2.8	  0.4	0.499	0.000	0.000
562	  T	  8.7	  0.4	0.499	0.000	0.000
563	  I	  8.6	  0.0	0.499	0.000	0.000
564	  R	  7.6	  0.1	0.499	0.000	0.000
565	  K	  1.2	  0.1	0.229	0.000	0.000
566	  E	  0.5	  0.1	0.114	0.000	0.000
567	  E	  0.4	  0.0	0.000	0.000	0.000
