res	aa	Beta	Turn	Helix	Aggregation	Conc-Stab_Aggregation
01	  M	  1.0	  0.0	0.000	0.000	0.000
02	  K	  4.5	  0.0	0.000	0.233	0.233
03	  F	  5.4	  0.1	0.000	0.233	0.233
04	  E	  4.5	  0.1	0.000	0.233	0.233
05	  Q	  1.5	  0.1	0.000	3.565	3.565
06	  F	  2.1	  0.1	0.000	83.805	83.805
07	  I	  6.2	  0.0	0.000	98.477	98.477
08	  V	  8.7	  0.0	0.000	99.750	99.750
09	  A	  7.8	  0.0	0.000	99.855	99.855
10	  I	  5.4	  0.0	0.000	99.979	99.979
11	  I	  6.2	  0.0	0.000	99.972	99.972
12	  S	  6.5	  0.0	0.105	99.750	99.750
13	  V	  8.8	  0.0	0.105	99.729	99.729
14	  I	  8.6	  0.0	0.105	99.386	99.386
15	  S	  8.4	  0.0	0.282	95.435	95.435
16	  F	  6.1	  0.1	0.282	94.940	94.940
17	  V	  2.8	  0.3	0.282	88.534	88.534
18	  S	  2.1	  0.3	0.282	10.944	10.944
19	  G	  0.6	  0.3	0.282	1.225	1.225
20	  F	  0.1	  0.3	0.282	0.350	0.350
21	  P	  0.0	  0.0	0.000	0.278	0.278
22	  F	  1.9	  0.0	0.000	0.000	0.000
23	  R	  2.3	  0.1	0.000	0.000	0.000
24	  R	  3.5	  0.1	0.000	0.000	0.000
25	  Q	  2.5	  0.1	0.000	0.000	0.000
26	  I	  2.0	  0.0	0.000	0.000	0.000
27	  A	  0.9	  0.0	0.000	0.000	0.000
28	  P	  0.0	  0.2	0.000	0.000	0.000
29	  P	  0.0	  0.2	0.000	0.000	0.000
30	  L	  0.3	  0.2	0.000	0.000	0.000
31	  F	  2.3	  0.2	0.000	0.000	0.000
32	  T	  2.9	  0.1	0.000	0.000	0.000
33	  N	  3.0	  0.1	0.000	0.000	0.000
34	  T	  2.8	  0.1	0.000	0.000	0.000
35	  T	  2.7	  0.0	0.000	0.000	0.000
36	  I	  2.4	  0.2	0.000	0.000	0.000
37	  P	  0.5	  0.2	0.000	0.000	0.000
38	  H	  0.1	  0.7	0.000	0.000	0.000
39	  N	  0.1	  1.5	0.000	0.000	0.000
40	  N	  0.1	  1.6	0.000	0.000	0.000
41	  G	  0.0	  1.8	0.000	0.000	0.000
42	  T	  0.1	  2.0	0.000	0.000	0.000
43	  N	  0.1	  1.5	0.000	0.000	0.000
44	  G	  0.0	  1.4	0.000	0.000	0.000
45	  T	  0.0	  1.3	0.000	0.000	0.000
46	  G	  0.0	  0.8	0.000	0.000	0.000
47	  G	  0.0	  0.7	0.000	0.000	0.000
48	  G	  0.0	  1.0	0.000	0.000	0.000
49	  G	  0.0	  0.9	0.000	0.000	0.000
50	  G	  0.0	  0.9	0.000	0.000	0.000
51	  Q	  0.0	  1.0	0.000	0.000	0.000
52	  E	  0.0	  0.8	0.000	0.000	0.000
53	  G	  0.0	  0.9	0.000	0.000	0.000
54	  G	  0.0	  1.2	0.000	0.000	0.000
55	  G	  0.0	  1.1	0.000	0.000	0.000
56	  G	  0.0	  1.0	0.000	0.000	0.000
57	  Q	  0.0	  1.0	0.000	0.000	0.000
58	  G	  0.0	  0.6	0.000	0.000	0.000
59	  G	  0.0	  0.7	0.000	0.000	0.000
60	  G	  0.0	  0.5	0.000	0.000	0.000
61	  G	  0.0	  1.2	0.000	0.000	0.000
62	  G	  0.0	  1.3	0.000	0.000	0.000
63	  S	  0.0	  1.5	0.000	0.000	0.000
64	  G	  0.0	  1.5	0.000	0.000	0.000
65	  G	  0.0	  1.5	0.000	0.000	0.000
66	  G	  0.0	  1.5	0.000	0.000	0.000
67	  S	  0.0	  1.5	0.000	0.000	0.000
68	  G	  0.0	  1.5	0.000	0.000	0.000
69	  G	  0.0	  1.5	0.000	0.000	0.000
70	  G	  0.0	  1.5	0.000	0.000	0.000
71	  S	  0.0	  1.5	0.000	0.000	0.000
72	  G	  0.0	  1.5	0.000	0.000	0.000
73	  G	  0.0	  1.5	0.000	0.000	0.000
74	  G	  0.0	  1.5	0.000	0.000	0.000
75	  S	  0.0	  1.5	0.000	0.000	0.000
76	  G	  0.0	  1.5	0.000	0.000	0.000
77	  G	  0.0	  1.5	0.000	0.000	0.000
78	  G	  0.0	  1.5	0.000	0.000	0.000
79	  S	  0.0	  1.5	0.000	0.000	0.000
80	  G	  0.0	  1.5	0.000	0.000	0.000
81	  G	  0.0	  1.5	0.000	0.000	0.000
82	  G	  0.0	  1.5	0.000	0.000	0.000
83	  S	  0.0	  1.5	0.000	0.000	0.000
84	  G	  0.0	  1.5	0.000	0.000	0.000
85	  G	  0.0	  1.5	0.000	0.000	0.000
86	  G	  0.0	  1.5	0.000	0.000	0.000
87	  S	  0.0	  1.5	0.000	0.000	0.000
88	  G	  0.0	  1.5	0.000	0.000	0.000
89	  G	  0.0	  1.5	0.000	0.000	0.000
90	  G	  0.0	  1.5	0.000	0.000	0.000
91	  S	  0.0	  1.5	0.000	0.000	0.000
92	  G	  0.0	  1.5	0.000	0.000	0.000
93	  G	  0.0	  1.5	0.000	0.000	0.000
94	  G	  0.0	  1.5	0.000	0.000	0.000
95	  S	  0.0	  1.5	0.000	0.000	0.000
96	  G	  0.0	  1.5	0.000	0.000	0.000
97	  G	  0.0	  1.5	0.000	0.000	0.000
98	  G	  0.0	  1.5	0.000	0.000	0.000
99	  S	  0.0	  1.5	0.000	0.000	0.000
100	  G	  0.0	  1.5	0.000	0.000	0.000
101	  G	  0.0	  1.5	0.000	0.000	0.000
102	  G	  0.0	  1.5	0.000	0.000	0.000
103	  S	  0.0	  1.5	0.000	0.000	0.000
104	  G	  0.0	  1.5	0.000	0.000	0.000
105	  G	  0.0	  1.5	0.000	0.000	0.000
106	  G	  0.0	  1.5	0.000	0.000	0.000
107	  S	  0.0	  1.5	0.000	0.000	0.000
108	  G	  0.0	  1.5	0.000	0.000	0.000
109	  G	  0.0	  1.5	0.000	0.000	0.000
110	  G	  0.0	  1.5	0.000	0.000	0.000
111	  S	  0.0	  1.5	0.000	0.000	0.000
112	  G	  0.0	  1.6	0.000	0.000	0.000
113	  G	  0.0	  0.8	0.000	0.000	0.000
114	  G	  0.0	  0.5	0.000	0.000	0.000
115	  L	  0.4	  0.2	0.000	0.000	0.000
116	  I	  4.7	  0.0	0.000	0.000	0.000
117	  T	  4.8	  0.0	0.000	0.000	0.000
118	  S	  4.4	  3.1	0.000	0.000	0.000
119	  P	  0.1	  3.5	0.000	0.000	0.000
120	  G	  0.0	  3.6	0.000	0.000	0.000
121	  S	  0.3	  3.8	0.000	0.000	0.000
122	  S	  3.0	  0.7	0.000	0.000	0.000
123	  Y	  7.9	  0.3	0.000	0.000	0.000
124	  C	  7.9	  0.1	0.000	0.000	0.000
125	  Y	  5.3	  0.5	0.000	0.000	0.000
126	  P	  0.3	  1.4	0.000	0.000	0.000
127	  S	  0.0	  2.8	0.000	0.000	0.000
128	  N	  0.0	  2.9	0.000	0.000	0.000
129	  G	  0.1	  2.4	0.000	0.000	0.000
130	  H	  0.3	  1.5	0.000	0.000	0.000
131	  Y	  0.3	  1.3	0.000	0.000	0.000
132	  P	  0.3	  2.8	0.000	0.000	0.000
133	  G	  0.0	  2.9	0.000	0.000	0.000
134	  D	  0.6	  2.9	0.246	0.000	0.000
135	  T	 12.0	  1.6	0.246	0.000	0.000
136	  I	 15.1	  0.1	0.246	0.000	0.000
137	  T	 14.5	  0.2	0.422	0.000	0.000
138	  T	  3.4	  0.3	0.422	0.000	0.000
139	  G	  0.1	  0.4	0.422	0.000	0.000
140	  R	  0.7	  0.3	0.279	0.000	0.000
141	  K	  0.8	  0.2	0.175	0.000	0.000
142	  I	  1.1	  0.4	0.175	9.172	9.172
143	  G	  0.6	  0.3	0.175	9.879	9.879
144	  I	  1.3	  0.3	0.000	17.735	17.735
145	  F	  2.2	  0.3	0.000	18.155	18.155
146	  Y	  3.5	  0.1	0.000	18.155	18.155
147	  T	  2.5	  0.5	0.000	13.267	13.267
148	  G	  1.4	  0.5	0.000	9.721	9.721
149	  G	  0.0	  0.5	0.186	8.031	8.031
150	  Y	  0.6	  0.5	0.186	8.343	8.343
151	  L	  0.6	  0.2	0.186	7.889	7.889
152	  A	  0.8	  0.2	0.186	4.467	4.467
153	  N	  0.8	  0.2	0.186	1.652	1.652
154	  I	  0.9	  0.2	0.186	1.652	1.652
155	  Q	  0.8	  0.0	0.186	0.000	0.000
156	  H	  0.3	  0.4	0.000	0.000	0.000
157	  S	  0.1	  0.4	0.102	0.000	0.000
158	  D	  0.9	  0.4	0.102	0.000	0.000
159	  V	 18.8	  0.4	0.102	0.000	0.000
160	  T	 24.3	  0.0	1.107	0.000	0.000
161	  V	 24.5	  0.0	1.192	0.000	0.000
162	  E	  7.5	  0.0	1.192	0.000	0.000
163	  R	  1.6	  0.0	1.089	0.000	0.000
164	  L	  0.8	  0.0	1.089	2.947	2.947
165	  F	  5.5	  0.0	1.089	2.947	2.947
166	  N	  7.5	  0.0	0.563	2.947	2.947
167	  I	  7.7	  0.0	0.094	2.947	2.947
168	  T	  3.7	  0.0	0.211	2.947	2.947
169	  N	  1.3	  0.1	0.211	0.000	0.000
170	  T	  0.8	  0.1	0.118	0.000	0.000
171	  E	  1.1	  0.1	0.118	0.000	0.000
172	  L	  4.3	  0.1	0.118	1.820	1.820
173	  N	  6.6	  0.1	0.335	2.137	2.137
174	  I	  9.6	  0.0	0.217	5.258	5.258
175	  T	  7.1	  0.0	0.217	5.379	5.379
176	  Q	  5.5	  0.0	0.217	5.581	5.581
177	  L	  2.3	  0.0	0.217	14.050	14.050
178	  Y	  6.1	  0.0	0.320	15.257	15.257
179	  S	  5.7	  0.0	1.368	15.206	15.206
180	  V	  6.3	  0.0	1.368	17.166	17.166
181	  A	  1.7	  0.0	1.368	16.716	16.716
182	  A	  1.3	  0.0	1.368	15.009	15.009
183	  A	  0.5	  0.0	1.368	13.366	13.366
184	  V	  0.8	  0.0	1.368	11.974	11.974
185	  N	  0.7	  0.1	1.368	0.197	0.197
186	  K	  0.6	  0.1	0.493	0.000	0.000
187	  T	  0.4	  0.1	0.000	0.000	0.000
188	  L	  0.3	  1.8	0.000	0.000	0.000
189	  G	  0.1	  2.5	0.000	0.000	0.000
190	  N	  0.0	  2.5	0.000	0.000	0.000
191	  G	  0.0	  2.5	0.000	0.000	0.000
192	  E	  2.9	  0.8	0.000	0.196	0.196
193	  Y	  3.2	  3.0	0.000	0.196	0.196
194	  K	  3.2	  2.9	0.000	0.196	0.196
195	  G	  0.3	  2.9	0.000	16.635	16.635
196	  V	  2.7	  2.9	0.000	31.987	31.987
197	  L	  4.1	  0.0	0.000	32.103	32.103
198	  I	  6.8	  0.0	0.000	32.103	32.103
199	  V	  4.3	  2.2	0.000	32.103	32.103
200	  G	  2.8	  2.3	0.000	16.825	16.825
201	  N	  0.1	  2.9	0.000	0.711	0.711
202	  N	  0.0	  3.0	0.000	0.000	0.000
203	  N	  0.0	  0.9	0.239	0.000	0.000
204	  S	  1.6	  0.9	0.239	0.388	0.388
205	  L	  1.8	  0.4	0.239	4.133	4.133
206	  T	  1.8	  0.4	0.239	4.679	4.679
207	  G	  0.2	  0.4	0.239	5.726	5.726
208	  L	  0.1	  0.3	0.239	17.345	17.345
209	  G	  0.1	  0.2	0.000	19.306	19.306
210	  Y	  2.3	  0.2	0.000	41.557	41.557
211	  F	  3.8	  0.3	0.000	47.693	47.693
212	  S	  3.9	  0.3	0.000	47.815	47.815
213	  S	  1.9	  0.3	0.000	47.859	47.859
214	  I	  1.9	  0.2	0.000	48.140	48.140
215	  L	  2.2	  0.0	0.000	47.742	47.742
216	  F	  2.8	  0.0	0.000	44.583	44.583
217	  N	  1.4	  0.6	0.000	2.338	2.338
218	  T	  1.2	  0.7	0.000	0.586	0.586
219	  N	  0.4	  0.7	0.000	0.000	0.000
220	  K	  1.0	  0.7	0.000	0.000	0.000
221	  T	  5.3	  0.1	0.000	3.366	3.366
222	  I	 12.5	  0.1	0.000	3.988	3.988
223	  V	 15.5	  0.0	0.000	3.988	3.988
224	  I	 11.7	  0.1	0.000	3.988	3.988
225	  S	  4.5	  1.5	0.000	3.988	3.988
226	  S	  0.7	  1.7	0.000	0.997	0.997
227	  N	  0.3	  1.7	0.000	0.000	0.000
228	  S	  0.3	  1.7	0.000	0.000	0.000
229	  T	  0.4	  0.3	0.000	0.000	0.000
230	  L	  0.4	  0.1	0.000	0.000	0.000
231	  G	  0.3	  0.1	0.000	0.000	0.000
232	  L	  0.2	  0.0	0.000	0.000	0.000
233	  P	  0.0	  0.0	0.000	0.000	0.000
234	  I	  0.1	  0.1	0.000	0.000	0.000
235	  A	  0.2	  0.1	0.000	0.000	0.000
236	  N	  0.2	  0.5	0.000	0.000	0.000
237	  Q	  0.3	  0.6	0.000	0.000	0.000
238	  S	  5.7	  0.7	0.312	0.000	0.000
239	  L	  5.8	  0.8	0.312	0.000	0.000
240	  S	  6.2	  0.8	0.312	0.000	0.000
241	  T	  0.9	  0.8	0.312	0.000	0.000
242	  N	  0.7	  0.6	0.312	0.000	0.000
243	  R	  0.1	  0.5	0.312	0.000	0.000
244	  G	  0.0	  0.1	0.107	0.000	0.000
245	  P	  0.0	  0.0	0.000	0.000	0.000
246	  I	  1.7	  0.0	0.000	0.000	0.000
247	  L	  2.9	  0.0	0.000	0.000	0.000
248	  T	  3.7	  0.1	0.000	0.000	0.000
249	  H	  2.0	  0.2	0.000	0.000	0.000
250	  N	  0.9	  1.1	0.000	0.000	0.000
251	  D	  0.1	  1.1	0.000	0.000	0.000
252	  S	  0.3	  1.0	0.000	0.000	0.000
253	  A	  0.8	  0.8	0.000	0.000	0.000
254	  V	  5.3	  0.1	0.000	0.000	0.000
255	  Y	  6.3	  0.2	0.000	0.000	0.000
256	  S	  5.8	  0.4	0.000	0.000	0.000
257	  G	  1.4	  0.4	0.000	0.000	0.000
258	  G	  0.0	  0.4	0.000	0.000	0.000
259	  L	  0.0	  0.2	0.000	0.000	0.000
260	  P	  0.0	  0.2	0.000	0.000	0.000
261	  P	  0.0	  0.2	0.000	0.000	0.000
262	  Y	  4.1	  0.2	0.000	0.000	0.000
263	  K	  4.3	  0.2	0.000	0.000	0.000
264	  V	  4.3	  0.0	0.000	0.000	0.000
265	  P	  0.2	  0.1	0.000	0.128	0.128
266	  I	  0.2	  0.1	0.000	0.128	0.128
267	  G	  0.2	  0.1	0.000	0.128	0.128
268	  V	  2.9	  0.2	0.000	0.128	0.128
269	  L	  2.9	  0.1	0.000	0.128	0.128
270	  D	  2.9	  2.8	0.000	0.000	0.000
271	  T	  0.3	  3.4	0.000	0.000	0.000
272	  N	  0.1	  3.5	0.000	0.000	0.000
273	  G	  0.1	  3.4	0.000	0.000	0.000
274	  T	  0.7	  0.8	0.000	0.168	0.168
275	  A	  1.0	  0.2	0.000	0.447	0.447
276	  H	  3.0	  0.1	0.000	0.447	0.447
277	  Y	  3.8	  0.1	0.000	0.447	0.447
278	  F	  5.3	  0.0	0.000	0.447	0.447
279	  Y	  4.5	  0.2	0.000	0.447	0.447
280	  R	  3.1	  0.6	0.000	0.000	0.000
281	  G	  1.3	  0.6	0.000	0.000	0.000
282	  G	  0.0	  0.5	0.000	0.000	0.000
283	  L	  0.0	  0.8	0.000	0.000	0.000
284	  P	  0.0	  0.4	0.000	0.000	0.000
285	  K	  0.3	  0.4	0.000	0.000	0.000
286	  F	  1.9	  0.5	0.000	0.000	0.000
287	  F	  2.2	  0.2	0.000	0.000	0.000
288	  D	  1.9	  0.9	0.000	0.000	0.000
289	  R	  0.3	  1.2	0.000	0.000	0.000
290	  G	  0.0	  1.3	0.000	0.000	0.000
291	  S	  0.1	  1.2	0.000	0.000	0.000
292	  G	  0.0	  0.5	0.190	0.000	0.000
293	  L	  1.5	  0.3	0.190	0.000	0.000
294	  R	  3.9	  0.1	0.190	0.000	0.000
295	  L	  5.6	  0.0	0.190	0.000	0.000
296	  N	  5.5	  0.0	0.190	0.000	0.000
297	  Y	  4.9	  0.1	0.190	0.000	0.000
298	  T	  3.7	  0.1	0.000	0.000	0.000
299	  N	  3.7	  0.1	0.000	0.000	0.000
300	  F	  4.7	  0.1	0.000	0.000	0.000
301	  T	  4.3	  0.0	0.000	0.000	0.000
302	  D	  2.9	  4.4	0.458	0.000	0.000
303	  P	  0.0	  4.6	0.458	0.000	0.000
304	  G	  0.0	  4.6	0.458	0.000	0.000
305	  A	  0.2	  4.6	0.458	0.000	0.000
306	  Y	  0.8	  0.2	0.458	0.000	0.000
307	  N	  0.9	  0.2	0.458	0.000	0.000
308	  K	  0.9	  0.2	0.458	0.000	0.000
309	  T	  1.0	  0.2	0.000	0.000	0.000
310	  R	  2.2	  0.2	0.000	0.000	0.000
311	  T	  2.4	  0.1	0.000	0.000	0.000
312	  I	  1.7	  0.0	0.000	0.000	0.000
313	  P	  0.5	  0.0	0.000	0.000	0.000
314	  T	  6.5	  0.0	0.000	0.000	0.000
315	  I	 14.6	  0.0	0.000	0.000	0.000
316	  R	 18.9	  0.0	0.000	0.000	0.000
317	  I	 13.8	  0.0	0.000	0.000	0.000
318	  V	  6.9	  0.0	0.000	0.000	0.000
319	  N	  2.4	  0.2	0.000	0.000	0.000
320	  Q	  1.5	  0.2	0.000	0.000	0.000
321	  T	  0.8	  0.2	0.000	0.000	0.000
322	  N	  2.7	  0.2	0.000	0.000	0.000
323	  V	  4.1	  0.1	0.000	0.000	0.000
324	  T	  3.5	  0.3	0.296	0.000	0.000
325	  D	  1.6	  0.3	0.452	0.000	0.000
326	  D	  0.5	  0.3	0.620	0.000	0.000
327	  F	  1.7	  0.2	0.620	0.000	0.000
328	  I	  1.9	  0.1	0.620	0.000	0.000
329	  R	  1.8	  0.1	0.620	0.000	0.000
330	  N	  1.4	  0.1	0.620	0.000	0.000
331	  V	  1.6	  0.1	0.293	0.000	0.000
332	  A	  1.3	  0.8	0.293	0.000	0.000
333	  P	  0.4	  0.9	0.000	0.000	0.000
334	  N	  0.2	  1.0	0.000	0.000	0.000
335	  L	  0.2	  1.1	0.000	1.321	1.321
336	  Q	  0.2	  0.3	0.000	1.453	1.453
337	  G	  0.1	  0.3	0.000	4.019	4.019
338	  L	  1.6	  0.1	0.000	31.244	31.244
339	  V	  6.0	  0.0	0.000	33.118	33.118
340	  V	 12.4	  0.0	0.000	33.118	33.118
341	  N	 13.1	  0.0	0.000	32.229	32.229
342	  I	 11.2	  0.0	0.000	32.101	32.101
343	  T	  5.0	  0.0	0.000	13.842	13.842
344	  G	  2.4	  0.0	0.000	1.126	1.126
345	  T	  0.1	  0.0	0.000	0.000	0.000
346	  P	  0.0	  0.0	0.000	0.000	0.000
347	  F	  1.7	  0.0	0.000	0.000	0.000
348	  T	  3.4	  0.1	0.000	0.000	0.000
349	  T	  3.4	  0.2	0.000	0.000	0.000
350	  T	  1.8	  0.2	0.000	0.000	0.000
351	  G	  0.1	  0.2	0.624	0.000	0.000
352	  L	  0.3	  0.2	0.733	0.000	0.000
353	  Q	  0.4	  0.1	0.733	0.000	0.000
354	  S	  2.4	  0.1	0.733	0.000	0.000
355	  L	  4.2	  0.1	0.733	0.000	0.000
356	  R	  4.1	  0.0	0.733	0.000	0.000
357	  Y	  2.2	  0.0	0.614	0.000	0.000
358	  P	  0.1	  0.0	0.000	1.797	1.797
359	  V	  1.7	  0.0	0.000	1.941	1.941
360	  M	  2.5	  0.0	0.000	1.941	1.941
361	  F	  4.6	  0.0	0.000	1.941	1.941
362	  V	  4.3	  0.1	0.000	1.941	1.941
363	  K	  3.5	  0.1	0.000	0.144	0.144
364	  D	  1.5	  0.3	0.488	0.144	0.144
365	  Q	  0.4	  0.3	0.488	0.000	0.000
366	  Q	  0.7	  0.2	0.488	0.187	0.187
367	  Q	  0.7	  0.2	0.488	0.995	0.995
368	  L	  0.6	  0.1	0.488	3.433	3.433
369	  A	  0.6	  0.0	0.488	3.433	3.433
370	  F	  2.0	  0.0	0.488	3.433	3.433
371	  V	  2.7	  0.0	0.141	3.433	3.433
372	  S	  2.6	  0.0	0.141	2.438	2.438
373	  K	  1.6	  0.0	0.000	0.000	0.000
374	  W	  5.6	  0.0	0.000	0.000	0.000
375	  N	  5.5	  0.0	0.000	0.000	0.000
376	  V	  5.0	  0.4	0.000	0.000	0.000
377	  P	  0.2	  0.5	0.000	0.000	0.000
378	  T	  0.1	  0.5	0.000	0.000	0.000
379	  G	  0.2	  0.5	0.000	0.000	0.000
380	  I	  0.7	  0.1	0.000	0.000	0.000
381	  I	  0.7	  0.6	0.000	0.000	0.000
382	  P	  0.5	  0.9	0.000	0.000	0.000
383	  G	  0.0	  0.9	0.000	0.000	0.000
384	  G	  0.0	  0.9	0.000	0.000	0.000
385	  Y	  1.7	  0.3	0.000	0.000	0.000
386	  L	  1.8	  0.0	0.000	0.000	0.000
387	  S	  1.8	  0.1	3.028	0.000	0.000
388	  P	  0.1	  0.2	3.028	0.000	0.000
389	  A	  0.1	  0.3	3.028	0.100	0.100
390	  Q	  0.2	  0.3	3.028	0.218	0.218
391	  A	  0.5	  0.2	3.028	3.070	3.070
392	  Q	  1.5	  0.0	3.028	6.423	6.423
393	  L	  1.9	  0.0	2.243	86.207	86.207
394	  F	  2.4	  0.0	1.979	98.052	98.052
395	  L	  2.0	  0.0	1.526	98.833	98.833
396	  Y	  3.7	  0.0	1.621	98.939	98.939
397	  V	  4.2	  0.0	1.405	98.865	98.865
398	  A	  3.7	  0.0	1.405	86.358	86.358
399	  A	  1.4	  0.1	1.257	74.052	74.052
400	  L	  0.4	  0.2	1.154	63.508	63.508
401	  N	  0.3	  0.2	0.832	2.689	2.689
402	  N	  0.2	  0.4	0.420	0.231	0.231
403	  A	  0.4	  0.3	0.000	0.133	0.133
404	  T	  0.5	  0.2	0.000	0.050	0.050
405	  S	  0.4	  0.4	0.665	0.000	0.000
406	  P	  0.1	  0.2	0.665	0.000	0.000
407	  A	  0.1	  0.2	0.665	0.000	0.000
408	  A	  0.4	  0.2	0.665	0.000	0.000
409	  W	  1.6	  0.0	0.665	0.000	0.000
410	  S	  1.9	  0.0	0.827	0.000	0.000
411	  Q	  3.6	  0.0	0.582	0.000	0.000
412	  W	  2.6	  0.0	0.374	0.000	0.000
413	  F	  2.3	  0.0	0.374	0.000	0.000
414	  G	  0.2	  0.0	0.374	0.000	0.000
415	  N	  0.1	  3.4	0.374	0.000	0.000
416	  P	  0.0	  3.4	0.000	0.000	0.000
417	  D	  1.7	  3.4	0.000	0.000	0.000
418	  I	  1.7	  3.4	0.000	0.000	0.000
419	  I	  1.7	  0.0	0.000	0.000	0.000
