res	aa	Beta	Turn	Helix	Aggregation	Conc-Stab_Aggregation
01	  M	  2.1	  0.0	0.000	0.003	0.003
02	  N	  2.1	  0.0	2.048	2.214	2.214
03	  Y	  2.3	  0.1	2.048	24.675	24.675
04	  G	  0.2	  0.1	3.349	29.928	29.928
05	  L	  0.7	  0.1	3.444	88.553	88.553
06	  I	  1.2	  0.1	3.554	98.840	98.840
07	  Y	  2.0	  0.0	3.554	99.735	99.735
08	  A	  1.8	  0.0	3.554	99.851	99.851
09	  F	  1.6	  0.0	3.354	99.988	99.988
10	  I	  1.5	  0.0	2.880	99.999	99.999
11	  F	  1.8	  0.0	2.880	99.999	99.999
12	  W	  1.7	  0.0	2.436	99.983	99.983
13	  I	 13.5	  0.0	2.042	99.813	99.813
14	  T	 14.5	  0.0	2.042	97.863	97.863
15	  I	 14.8	  0.0	2.042	96.688	96.688
16	  W	  2.6	  0.1	2.042	83.179	83.179
17	  Q	  1.1	  0.1	1.596	24.722	24.722
18	  T	 17.2	  0.1	0.182	22.295	22.295
19	  V	 18.6	  0.1	0.182	20.833	20.833
20	  S	 19.0	  0.1	0.182	3.128	3.128
21	  A	  2.8	  0.2	0.000	0.961	0.961
22	  T	  1.9	  0.2	0.000	0.350	0.350
23	  K	  4.2	  0.2	0.000	0.000	0.000
24	  Y	  4.0	  0.0	0.000	0.000	0.000
25	  T	  3.0	  0.0	0.000	0.000	0.000
26	  D	  0.0	  0.0	0.000	0.000	0.000
27	  K	  0.0	  0.0	0.000	0.000	0.000
28	  E	  0.0	  0.0	-1.#IO	0.000	0.000
29	  I	  0.0	  0.0	-1.#IO	0.000	0.000
30	  V	  0.0	  0.0	-1.#IO	0.000	0.000
31	  F	  0.0	  0.0	-1.#IO	0.000	0.000
32	  D	  0.0	  0.0	-1.#IO	0.000	0.000
33	  G	  0.0	  0.0	-1.#IO	0.000	0.000
34	  S	  0.0	  0.0	-1.#IO	0.000	0.000
35	  S	  0.0	  0.0	-1.#IO	0.000	0.000
36	  T	  0.0	  0.0	-1.#IO	0.000	0.000
37	  G	  0.0	  0.0	-1.#IO	0.000	0.000
38	  T	  0.0	  0.0	-1.#IO	0.000	0.000
39	  E	  0.0	  0.0	-1.#IO	0.000	0.000
40	  N	  0.0	  0.0	-1.#IO	0.000	0.000
41	  P	  0.0	  0.0	0.000	0.000	0.000
42	  V	  0.0	  0.0	0.000	0.000	0.000
43	  F	  1.6	  0.1	0.000	0.000	0.000
44	  T	  1.6	  0.1	0.208	0.000	0.000
45	  D	  1.6	  0.2	0.359	0.000	0.000
46	  A	  0.7	  0.2	0.359	6.786	6.786
47	  T	  4.3	  0.1	0.506	14.706	14.706
48	  V	  7.0	  0.1	0.506	38.406	38.406
49	  L	  8.0	  0.0	0.506	38.406	38.406
50	  S	  4.8	  0.0	0.402	38.406	38.406
51	  L	  2.5	  0.1	0.402	38.334	38.334
52	  V	  2.2	  0.1	0.402	37.428	37.428
53	  N	  1.9	  0.1	0.402	3.187	3.187
54	  S	  1.7	  0.1	0.246	0.311	0.311
55	  K	  5.0	  0.0	0.246	0.000	0.000
56	  V	 13.8	  0.0	0.246	0.000	0.000
57	  T	 23.3	  0.0	0.246	0.000	0.000
58	  I	 19.1	  0.2	0.246	0.000	0.000
59	  K	 10.8	  0.2	0.246	0.000	0.000
60	  N	  0.3	  0.2	0.000	0.000	0.000
61	  Y	  0.1	  0.2	0.000	0.000	0.000
62	  A	  0.0	  0.0	0.000	0.000	0.000
63	  K	  0.0	  0.0	0.000	0.000	0.000
64	  V	  0.0	  0.0	-1.#IO	0.000	0.000
65	  A	  0.0	  0.0	-1.#IO	0.000	0.000
66	  L	  0.0	  0.0	-1.#IO	0.000	0.000
67	  P	  0.0	  0.0	-1.#IO	0.000	0.000
68	  A	  0.0	  0.0	-1.#IO	0.000	0.000
69	  G	  0.0	  0.0	-1.#IO	0.000	0.000
70	  F	  0.0	  0.0	-1.#IO	0.000	0.000
71	  F	  0.0	  0.0	-1.#IO	0.000	0.000
72	  L	  0.0	  0.0	-1.#IO	0.000	0.000
73	  Q	  0.0	  0.0	-1.#IO	0.000	0.000
74	  N	  0.0	  0.0	-1.#IO	0.000	0.000
75	  H	  0.0	  0.0	-1.#IO	0.000	0.000
76	  S	  0.0	  0.0	-1.#IO	0.000	0.000
77	  T	  0.0	  0.0	0.000	0.000	0.000
78	  L	  0.0	  0.0	0.000	0.000	0.000
79	  T	  4.0	  0.0	0.000	0.000	0.000
80	  I	  4.4	  0.0	0.000	0.000	0.000
81	  I	  4.5	  0.0	0.000	0.000	0.000
82	  P	  0.5	  0.0	0.000	0.000	0.000
83	  I	  0.1	  0.4	0.000	0.000	0.000
84	  P	  0.0	  0.5	0.000	0.000	0.000
85	  G	  0.2	  0.5	0.000	0.000	0.000
86	  I	  9.0	  0.5	0.000	0.000	0.000
87	  D	  9.0	  0.0	0.000	0.000	0.000
88	  I	  8.8	  0.0	0.000	0.000	0.000
89	  P	  0.1	  0.0	0.000	0.000	0.000
90	  F	  2.8	  0.0	0.000	0.000	0.000
91	  S	  5.0	  0.7	0.000	0.000	0.000
92	  L	  7.0	  0.7	0.000	0.000	0.000
93	  D	  5.1	  2.5	0.000	0.000	0.000
94	  V	  3.1	  3.3	0.000	0.000	0.000
95	  N	  1.1	  3.4	0.000	0.000	0.000
96	  G	  0.3	  3.4	0.000	0.000	0.000
97	  D	  0.0	  1.8	0.000	0.000	0.000
98	  A	  0.3	  0.9	0.000	0.000	0.000
99	  Q	  2.3	  0.2	0.000	0.000	0.000
100	  F	  3.1	  0.2	0.000	0.000	0.000
101	  N	  2.9	  0.4	0.000	0.000	0.000
102	  T	  1.0	  0.8	0.000	0.000	0.000
103	  G	  0.2	  0.9	0.000	0.000	0.000
104	  S	  0.4	  0.8	0.000	0.000	0.000
105	  K	  0.7	  0.5	0.000	0.123	0.123
106	  F	  1.3	  0.1	0.000	0.123	0.123
107	  I	  1.3	  0.1	0.000	0.123	0.123
108	  F	  1.2	  0.4	0.000	0.123	0.123
109	  D	  0.6	  0.7	0.000	0.123	0.123
110	  G	  0.4	  0.7	0.168	0.000	0.000
111	  S	  0.5	  0.8	0.168	0.000	0.000
112	  K	  0.6	  0.4	0.168	0.000	0.000
113	  T	  2.0	  0.2	0.168	0.000	0.000
114	  S	 21.9	  0.3	0.168	0.000	0.000
115	  Y	 22.9	  0.3	0.168	0.000	0.000
116	  S	 22.4	  0.8	0.000	0.000	0.000
117	  S	  2.4	  0.8	0.000	0.000	0.000
118	  S	  1.1	  0.6	0.174	0.000	0.000
119	  I	  0.7	  0.6	0.174	0.000	0.000
120	  Q	  0.7	  0.0	0.174	0.000	0.000
121	  A	  0.7	  0.0	0.174	0.000	0.000
122	  I	  1.5	  0.1	0.174	0.000	0.000
123	  N	  2.2	  0.1	0.174	0.000	0.000
124	  S	  3.9	  0.1	0.076	0.000	0.000
125	  F	  5.5	  0.0	0.076	0.000	0.000
126	  H	  7.6	  0.0	0.000	0.000	0.000
127	  F	 11.6	  0.0	0.000	0.000	0.000
128	  S	 15.5	  0.3	0.000	0.000	0.000
129	  F	 13.5	  0.3	0.000	0.000	0.000
130	  D	  7.9	  0.6	0.000	0.000	0.000
131	  L	  1.1	  0.9	0.000	0.156	0.156
132	  G	  0.0	  0.9	0.000	0.156	0.156
133	  A	  0.0	  1.1	0.000	1.161	1.161
134	  G	  0.0	  0.9	0.000	2.351	2.351
135	  G	  0.0	  0.6	0.000	11.865	11.865
136	  L	  1.4	  0.3	0.000	13.690	13.690
137	  I	  9.8	  0.0	0.000	13.690	13.690
138	  V	 11.9	  0.0	0.000	13.690	13.690
139	  L	 10.7	  0.2	0.000	13.047	13.047
140	  Q	  2.5	  0.3	0.000	1.988	1.988
141	  D	  0.2	  0.8	0.000	0.000	0.000
142	  D	  0.5	  0.8	0.000	0.000	0.000
143	  S	  7.9	  0.6	0.000	0.000	0.000
144	  F	 12.9	  0.5	0.000	0.000	0.000
145	  T	 13.5	  0.1	0.000	0.000	0.000
146	  A	  7.0	  0.1	0.000	0.000	0.000
147	  T	  2.2	  0.1	0.000	0.000	0.000
148	  L	  1.0	  0.6	0.000	0.000	0.000
149	  P	  0.2	  0.5	0.000	0.000	0.000
150	  T	  0.9	  0.7	0.000	0.000	0.000
151	  Y	  1.0	  2.5	0.000	0.000	0.000
152	  G	  1.0	  2.0	0.254	0.000	0.000
153	  S	  7.6	  2.0	0.254	0.000	0.000
154	  Y	 11.6	  1.9	0.254	0.000	0.000
155	  T	 11.7	  0.2	0.254	0.000	0.000
156	  L	  4.5	  0.4	0.254	0.000	0.000
157	  G	  0.1	  0.5	0.254	0.000	0.000
158	  S	  1.5	  0.5	0.127	0.000	0.000
159	  K	  1.5	  0.3	0.000	0.000	0.000
160	  R	  1.5	  0.4	0.000	0.000	0.000
161	  P	  0.1	  0.3	0.000	0.000	0.000
162	  S	  0.8	  0.3	0.000	0.000	0.000
163	  I	  5.9	  0.3	0.000	0.000	0.000
164	  K	  6.1	  0.1	0.000	0.000	0.000
165	  I	  5.4	  1.6	0.000	0.129	0.129
166	  G	  0.3	  1.7	0.000	0.129	0.129
167	  S	  0.5	  1.7	0.232	0.129	0.129
168	  T	 11.7	  1.6	0.507	0.129	0.129
169	  I	 12.1	  0.1	0.507	0.129	0.129
170	  T	 12.0	  0.1	1.013	0.000	0.000
171	  D	  0.8	  0.1	1.013	0.000	0.000
172	  T	  3.0	  0.1	1.013	0.000	0.000
173	  L	  3.5	  0.1	1.013	0.000	0.000
174	  K	  4.7	  0.0	1.013	0.000	0.000
175	  Y	  2.4	  0.0	0.726	0.000	0.000
176	  S	  1.5	  0.0	0.455	0.000	0.000
177	  P	  0.4	  0.0	0.324	1.654	1.654
178	  V	  2.8	  0.0	0.324	38.935	38.935
179	  L	  3.3	  0.0	0.324	41.271	41.271
180	  I	  4.2	  0.0	0.324	41.637	41.637
181	  Y	  1.5	  2.6	0.324	41.637	41.637
182	  G	  1.0	  2.7	0.105	40.406	40.406
183	  S	  1.6	  2.7	0.105	31.274	31.274
184	  L	  5.0	  2.7	0.105	30.051	30.051
185	  T	  9.2	  0.0	0.105	22.835	22.835
186	  I	  8.7	  0.0	0.105	21.048	21.048
187	  D	  5.2	  0.2	0.105	0.000	0.000
188	  Q	  1.1	  0.3	0.000	0.000	0.000
189	  T	  0.2	  0.3	0.000	0.000	0.000
190	  D	  0.1	  0.5	0.000	0.000	0.000
191	  R	  0.4	  0.3	0.000	0.000	0.000
192	  T	  1.2	  0.2	0.000	0.000	0.000
193	  H	  1.7	  0.2	0.000	0.000	0.000
194	  L	  1.6	  0.0	0.000	0.000	0.000
195	  Y	  4.6	  0.0	0.000	0.000	0.000
196	  Q	  5.0	  0.0	0.000	0.000	0.000
197	  I	  7.7	  0.0	0.000	0.000	0.000
198	  D	  3.9	  0.0	0.000	0.000	0.000
199	  F	  2.9	  0.3	0.000	0.000	0.000
200	  G	  0.0	  1.4	0.000	0.000	0.000
201	  P	  0.0	  1.4	0.000	0.000	0.000
202	  N	  0.0	  1.4	0.000	0.000	0.000
203	  K	  0.0	  1.1	0.000	0.000	0.000
204	  P	  0.0	  0.0	0.000	0.000	0.000
205	  V	  9.8	  0.0	0.000	0.000	0.000
206	  V	 10.2	  0.0	0.000	0.000	0.000
207	  A	 10.2	  0.7	0.000	0.000	0.000
208	  P	  0.4	  1.2	0.000	0.000	0.000
209	  G	  0.0	  1.2	0.000	0.000	0.000
210	  N	  0.0	  1.2	0.000	0.000	0.000
211	  A	  0.0	  0.5	0.000	0.000	0.000
212	  P	  0.0	  0.0	0.000	0.000	0.000
213	  A	  0.2	  0.0	0.000	5.079	5.079
214	  L	  2.0	  0.0	0.000	5.079	5.079
215	  S	  3.1	  0.0	0.000	5.079	5.079
216	  V	  8.6	  0.0	0.000	5.079	5.079
217	  I	  8.7	  0.0	0.000	5.079	5.079
218	  N	  8.0	  0.0	0.000	0.000	0.000
219	  T	  3.1	  0.0	0.000	0.000	0.000
220	  K	  1.5	  0.0	0.000	0.000	0.000
221	  I	  2.1	  0.0	0.000	4.098	4.098
222	  Y	  1.6	  0.4	0.000	4.302	4.302
223	  G	  1.6	  0.4	0.000	4.439	4.439
224	  I	  1.2	  0.4	0.000	6.621	6.621
225	  T	  1.1	  0.4	0.245	6.754	6.754
226	  N	  1.2	  0.0	1.178	6.402	6.402
227	  L	  1.0	  0.0	1.178	12.527	12.527
228	  Y	  1.1	  0.5	1.178	13.352	13.352
229	  A	  0.7	  0.5	1.178	12.592	12.592
230	  N	  2.5	  0.5	1.178	11.948	11.948
231	  I	  3.5	  0.5	1.058	11.948	11.948
232	  F	  4.9	  0.1	1.058	11.226	11.226
233	  Q	  3.0	  0.1	0.681	0.227	0.227
234	  N	  3.0	  0.2	0.000	0.000	0.000
235	  T	  1.8	  0.2	0.000	0.000	0.000
236	  I	  1.6	  0.5	0.000	0.000	0.000
237	  G	  0.4	  0.8	0.000	0.000	0.000
238	  G	  0.1	  0.9	0.000	0.000	0.000
239	  S	  5.3	  1.2	0.000	0.000	0.000
240	  L	  5.5	  0.7	0.000	0.000	0.000
241	  S	  7.4	  1.1	0.000	0.000	0.000
242	  T	  2.2	  1.2	0.000	0.000	0.000
243	  S	  2.0	  1.0	0.000	0.000	0.000
244	  G	  0.1	  1.0	0.000	0.000	0.000
245	  L	  0.4	  0.2	0.000	0.000	0.000
246	  H	  0.7	  0.2	0.000	0.000	0.000
247	  A	  1.2	  0.1	0.000	0.000	0.000
248	  Y	  1.1	  0.1	0.000	0.000	0.000
249	  V	  0.7	  0.2	0.000	0.000	0.000
250	  P	  0.2	  0.3	0.000	0.000	0.000
251	  Q	  0.0	  0.4	0.000	0.000	0.000
252	  N	  0.2	  0.4	2.534	0.413	0.413
253	  A	  0.5	  0.2	2.534	11.016	11.016
254	  F	  4.9	  0.0	2.534	23.525	23.525
255	  T	  6.4	  0.1	3.908	24.457	24.457
256	  L	  7.4	  0.1	3.908	25.667	25.667
257	  N	  3.1	  0.1	3.908	25.667	25.667
258	  L	  1.8	  0.1	3.626	25.667	25.667
259	  L	  0.9	  0.0	3.509	24.817	24.817
260	  Y	  1.2	  0.0	3.267	19.635	19.635
261	  Q	  0.7	  0.2	1.528	0.000	0.000
262	  P	  0.3	  0.2	0.000	0.000	0.000
263	  T	 18.2	  0.2	0.000	0.000	0.000
264	  F	 20.7	  0.2	0.000	0.000	0.000
265	  T	 20.8	  0.0	0.000	0.000	0.000
266	  N	  3.0	  5.4	0.000	0.000	0.000
267	  P	  0.0	  5.4	0.000	0.000	0.000
268	  N	  0.0	  5.4	0.000	0.000	0.000
269	  E	  0.0	  5.4	0.000	0.000	0.000
270	  E	  0.0	  0.1	0.000	0.000	0.000
271	  P	  0.0	  0.1	0.000	0.000	0.000
272	  Y	  3.1	  0.1	0.000	0.000	0.000
273	  D	  3.2	  0.1	0.000	0.000	0.000
274	  I	  4.6	  0.0	0.000	4.502	4.502
275	  L	  1.8	  0.0	0.000	4.502	4.502
276	  F	  6.9	  0.0	0.000	4.502	4.502
277	  T	  5.7	  0.3	0.000	4.502	4.502
278	  A	  5.4	  0.4	0.000	4.502	4.502
279	  D	  0.3	  0.5	0.706	0.000	0.000
280	  Q	  0.1	  0.5	0.706	1.005	1.005
281	  T	  0.4	  0.2	0.931	25.967	25.967
282	  A	  0.6	  0.2	0.931	32.764	32.764
283	  L	  0.9	  0.0	0.931	32.764	32.764
284	  I	 13.4	  0.0	0.931	32.764	32.764
285	  T	 22.9	  0.0	1.291	32.764	32.764
286	  I	 22.9	  0.1	1.291	30.687	30.687
287	  K	 11.2	  0.1	1.291	0.000	0.000
288	  N	  0.6	  0.1	0.447	0.000	0.000
289	  M	  0.5	  0.1	0.447	0.000	0.000
290	  I	  2.6	  0.0	0.360	0.000	0.000
291	  Q	  2.5	  0.0	0.360	0.000	0.000
292	  Y	  2.4	  0.5	0.241	0.000	0.000
293	  P	  0.2	  0.8	0.000	0.000	0.000
294	  S	  0.0	  0.8	0.000	0.000	0.000
295	  D	  1.2	  0.8	0.114	0.000	0.000
296	  I	  2.4	  0.3	0.114	0.000	0.000
297	  Y	  5.7	  0.0	0.114	0.000	0.000
298	  Q	  5.6	  0.0	0.114	0.000	0.000
299	  L	  4.4	  0.0	0.114	0.000	0.000
300	  Q	  1.1	  0.1	0.114	0.000	0.000
301	  G	  0.0	  0.1	0.114	0.000	0.000
302	  P	  0.0	  0.1	0.000	0.000	0.000
303	  F	  0.0	  0.2	0.000	0.000	0.000
304	  P	  0.0	  0.2	0.108	0.000	0.000
305	  A	  0.4	  0.2	0.108	0.000	0.000
306	  I	  7.1	  0.2	0.108	0.000	0.000
307	  R	  8.6	  0.0	0.108	0.000	0.000
308	  V	 10.8	  0.0	0.108	0.000	0.000
309	  L	  4.4	  0.6	0.108	0.000	0.000
310	  S	  2.7	  1.3	0.000	0.000	0.000
311	  N	  0.1	  1.6	0.000	0.000	0.000
312	  G	  0.0	  2.0	0.000	0.000	0.000
313	  A	  0.0	  1.4	0.000	0.000	0.000
314	  G	  0.0	  0.7	0.000	0.000	0.000
315	  V	  2.3	  0.4	0.000	0.000	0.000
316	  L	  2.5	  0.1	0.000	0.000	0.000
317	  S	  3.2	  0.8	0.000	0.000	0.000
318	  S	  1.2	  0.8	0.000	0.000	0.000
319	  S	 19.8	  1.0	0.000	0.000	0.000
320	  F	 19.5	  0.9	0.000	0.000	0.000
321	  S	 19.3	  0.1	0.000	0.000	0.000
322	  D	  0.5	  7.3	0.000	0.000	0.000
323	  P	  0.0	  7.2	0.000	0.000	0.000
324	  N	  0.0	  7.2	0.501	0.000	0.000
325	  Q	  0.5	  7.2	0.501	0.163	0.163
326	  L	  0.9	  0.0	0.501	4.779	4.779
327	  L	  2.2	  0.0	0.501	5.460	5.460
328	  N	  1.8	  0.0	0.630	5.460	5.460
329	  L	  1.7	  0.0	0.630	5.460	5.460
330	  A	  0.4	  0.2	0.397	5.460	5.460
331	  I	  0.5	  0.7	0.253	5.112	5.112
332	  G	  0.2	  0.7	0.530	0.353	0.353
333	  S	  0.6	  2.4	0.923	0.000	0.000
334	  A	  0.6	  2.3	0.794	0.000	0.000
335	  N	  3.5	  1.7	1.041	0.000	0.000
336	  V	  5.1	  1.7	1.041	0.000	0.000
337	  R	  6.0	  0.0	1.041	0.000	0.000
338	  F	  6.8	  0.0	0.866	0.000	0.000
339	  R	  4.8	  0.0	0.498	0.000	0.000
340	  L	  3.8	  0.0	0.372	0.000	0.000
341	  P	  0.1	  0.0	0.000	0.000	0.000
342	  K	  0.0	  0.2	0.000	0.000	0.000
343	  P	  0.0	  0.2	0.000	0.000	0.000
344	  E	  0.8	  0.3	0.000	0.000	0.000
345	  R	  1.3	  0.3	0.000	0.000	0.000
346	  K	  1.9	  0.2	0.000	0.611	0.611
347	  F	  2.3	  0.2	0.000	0.611	0.611
348	  D	  1.8	  0.1	1.482	0.611	0.611
349	  L	  1.3	  0.1	1.482	1.849	1.849
350	  L	  0.6	  0.1	1.482	1.849	1.849
351	  A	  0.6	  0.2	1.482	1.849	1.849
352	  I	  0.5	  1.6	1.482	1.849	1.849
353	  G	  0.1	  1.9	1.482	1.238	1.238
354	  S	  0.1	  1.9	0.634	0.511	0.511
355	  N	  0.0	  2.6	0.137	0.000	0.000
356	  R	  0.1	  1.3	0.000	0.000	0.000
357	  D	  0.3	  0.9	0.000	0.000	0.000
358	  L	  0.4	  0.9	0.000	0.000	0.000
359	  S	  0.3	  6.5	0.000	0.000	0.000
360	  P	  0.1	  6.5	0.000	0.000	0.000
361	  N	  0.1	  6.5	0.000	0.000	0.000
362	  Y	  1.4	  6.5	0.000	0.000	0.000
363	  A	  1.4	  0.0	0.000	0.000	0.000
364	  I	  1.3	  0.4	0.000	0.000	0.000
365	  P	  0.0	  0.4	0.000	0.000	0.000
366	  S	 20.2	  0.6	0.000	0.171	0.171
367	  Y	 20.4	  1.0	0.000	1.616	1.616
368	  S	 20.4	  0.6	0.000	2.022	2.022
369	  N	  0.4	  0.6	1.280	5.267	5.267
370	  V	  1.4	  0.3	1.280	84.016	84.016
371	  L	  4.9	  0.0	1.280	90.343	90.343
372	  T	  7.4	  0.0	1.588	91.267	91.267
373	  I	  8.6	  0.0	1.588	91.394	91.394
374	  A	  5.3	  0.0	1.588	91.237	91.237
375	  L	  2.8	  0.0	1.360	88.988	88.988
376	  I	  0.4	  1.7	1.224	75.007	75.007
377	  G	  0.1	  1.7	1.334	6.333	6.333
378	  D	  0.1	  1.7	0.520	0.021	0.021
379	  L	  2.4	  1.7	0.110	0.021	0.021
380	  V	  9.0	  0.0	0.110	0.021	0.021
381	  I	  8.9	  0.0	0.110	0.021	0.021
382	  R	  6.7	  0.0	0.110	0.021	0.021
383	  P	  0.0	  0.0	0.000	0.000	0.000
384	  P	  0.0	  0.0	0.000	0.000	0.000
385	  F	  1.6	  0.0	0.000	0.000	0.000
386	  T	  3.3	  0.0	0.000	0.000	0.000
387	  T	  4.5	  0.1	0.000	0.000	0.000
388	  T	  5.7	  0.1	0.000	0.000	0.000
389	  H	  4.6	  0.1	0.000	0.000	0.000
390	  T	  3.4	  0.0	0.000	0.000	0.000
391	  D	  0.7	  0.4	1.615	0.000	0.000
392	  P	  0.0	  0.5	1.615	0.000	0.000
393	  K	  0.9	  0.5	1.615	0.000	0.000
394	  T	  1.1	  0.5	1.788	0.000	0.000
395	  T	  1.3	  0.1	1.941	0.000	0.000
396	  E	  0.6	  0.0	1.941	0.000	0.000
397	  I	  3.2	  0.0	1.567	5.592	5.592
398	  L	  3.9	  0.0	1.567	5.592	5.592
399	  L	  4.2	  0.0	1.376	5.592	5.592
400	  I	  1.3	  0.3	0.976	5.592	5.592
401	  S	  0.5	  0.3	0.976	5.592	5.592
402	  D	  0.6	  0.7	0.000	0.000	0.000
403	  Y	  2.1	  0.8	0.000	0.000	0.000
404	  S	  2.9	  1.6	0.203	0.000	0.000
405	  S	  2.4	  3.7	0.323	0.000	0.000
406	  S	  1.0	  3.4	0.705	0.000	0.000
407	  D	  0.1	  3.4	0.930	0.000	0.000
408	  A	  0.0	  2.6	0.930	0.000	0.000
409	  A	  0.1	  0.5	0.930	0.000	0.000
410	  N	  0.1	  0.5	0.930	0.000	0.000
411	  H	  1.0	  0.3	0.607	0.000	0.000
412	  Q	  2.0	  0.0	0.384	0.125	0.125
413	  W	  3.2	  0.0	0.000	1.013	1.013
414	  V	  3.3	  0.0	0.000	1.237	1.237
415	  I	  2.3	  0.2	0.000	1.237	1.237
416	  G	  1.0	  0.2	0.000	1.237	1.237
417	  H	  0.1	  0.3	0.000	1.112	1.112
418	  S	  0.4	  0.3	0.437	1.843	1.843
419	  T	 11.4	  0.1	0.437	6.555	6.555
420	  I	 20.4	  0.1	0.437	6.882	6.882
421	  T	 20.9	  0.0	0.437	6.882	6.882
422	  L	 10.8	  0.0	0.437	6.882	6.882
423	  Y	  3.8	  0.0	0.437	6.717	6.717
424	  N	  2.8	  0.0	0.000	0.510	0.510
425	  Q	  2.5	  0.5	0.000	0.000	0.000
426	  P	  0.0	  0.8	0.000	0.000	0.000
427	  Q	  0.0	  2.4	0.000	0.000	0.000
428	  G	  0.0	  2.4	0.000	0.000	0.000
429	  D	  0.2	  1.9	0.000	0.000	0.000
430	  T	  1.0	  1.6	0.000	0.000	0.000
431	  K	  2.4	  0.1	0.000	0.000	0.000
432	  I	  3.0	  0.0	0.000	0.000	0.000
433	  I	  4.9	  0.1	0.000	0.000	0.000
434	  D	  3.5	  0.2	0.000	0.000	0.000
435	  L	  2.7	  1.9	0.000	0.000	0.000
436	  G	  0.0	  3.2	0.000	0.000	0.000
437	  N	  0.0	  3.2	0.130	0.000	0.000
438	  G	  0.1	  3.0	0.130	0.000	0.000
439	  V	  0.8	  1.3	0.130	0.000	0.000
440	  T	  1.0	  0.0	0.130	0.000	0.000
441	  E	  2.2	  0.0	0.130	0.000	0.000
442	  Y	  3.6	  0.0	0.130	0.000	0.000
443	  Q	  3.8	  0.0	0.000	0.000	0.000
444	  V	  5.0	  0.1	0.000	0.000	0.000
445	  L	  4.9	  0.1	0.000	0.000	0.000
446	  S	 19.1	  0.1	0.000	0.000	0.000
447	  Y	 17.3	  0.1	0.000	0.000	0.000
448	  E	 15.4	  0.2	0.000	0.000	0.000
449	  P	  0.6	  0.2	0.000	0.000	0.000
450	  S	  0.3	  0.2	0.000	0.000	0.000
451	  Q	  1.0	  0.2	0.000	0.000	0.000
452	  I	  1.1	  0.1	0.000	0.000	0.000
453	  Q	  0.9	  0.0	0.000	0.000	0.000
454	  N	  0.2	  0.3	0.000	0.000	0.000
455	  P	  0.0	  0.3	0.000	0.000	0.000
456	  A	  0.0	  0.3	0.000	0.000	0.000
457	  N	  0.0	  0.6	0.000	0.000	0.000
458	  P	  0.0	  0.3	0.000	0.000	0.000
459	  L	  0.1	  0.3	0.000	0.000	0.000
460	  K	  0.1	  0.5	0.000	0.000	0.000
461	  P	  0.1	  0.1	0.000	0.000	0.000
462	  Y	  0.3	  0.3	0.000	0.146	0.146
463	  A	  0.9	  0.3	0.000	0.146	0.146
464	  T	 11.4	  0.2	0.000	0.146	0.146
465	  V	 12.6	  0.2	0.000	0.146	0.146
466	  T	 12.5	  0.0	0.100	0.146	0.146
467	  R	  2.7	  0.0	0.100	0.000	0.000
468	  T	  4.4	  0.0	0.100	0.000	0.000
469	  V	  5.4	  0.0	0.100	0.000	0.000
470	  L	  5.8	  0.0	0.100	0.000	0.000
471	  Y	  2.6	  0.0	0.100	0.000	0.000
472	  S	  1.1	  0.0	0.100	0.000	0.000
473	  P	  0.0	  0.0	0.000	0.000	0.000
474	  P	  0.0	  0.0	0.000	0.000	0.000
475	  P	  0.0	  0.0	0.000	0.000	0.000
476	  V	  1.7	  0.0	0.000	0.935	0.935
477	  T	  2.4	  0.0	0.000	0.935	0.935
478	  T	  7.6	  0.0	0.000	0.935	0.935
479	  L	  7.5	  0.0	0.000	0.935	0.935
480	  S	  9.4	  0.3	0.000	0.935	0.935
481	  I	  5.4	  0.3	0.000	0.935	0.935
482	  D	  3.8	  2.4	0.000	0.000	0.000
483	  Q	  1.1	  2.4	0.000	0.000	0.000
484	  N	  0.3	  2.2	0.000	0.000	0.000
485	  H	  0.5	  2.3	0.000	0.000	0.000
486	  E	  0.5	  0.2	0.000	0.000	0.000
487	  H	  5.2	  0.2	0.000	0.000	0.000
488	  I	  5.1	  0.2	0.000	0.000	0.000
489	  E	  4.9	  0.0	0.000	0.000	0.000
490	  E	  0.7	  0.0	0.000	0.000	0.000
491	  V	  4.7	  0.1	0.000	54.020	54.020
492	  V	  8.5	  0.0	0.000	63.973	63.973
493	  S	  9.0	  0.0	0.000	64.532	64.532
494	  Y	  5.9	  0.0	0.000	66.209	66.209
495	  F	  2.6	  0.0	0.000	66.209	66.209
496	  I	  4.9	  0.0	0.000	63.054	63.054
497	  T	  4.4	  0.1	0.000	19.691	19.691
498	  T	  4.2	  0.2	0.000	8.444	8.444
499	  D	  0.9	  3.0	0.000	0.000	0.000
500	  S	  0.6	  3.2	0.000	0.000	0.000
501	  N	  0.2	  3.2	0.000	0.000	0.000
502	  S	  0.5	  3.1	0.000	0.000	0.000
503	  K	  1.9	  0.3	0.000	0.000	0.000
504	  I	  6.0	  0.0	0.000	0.000	0.000
505	  I	  6.1	  0.0	0.000	0.000	0.000
506	  T	  5.2	  0.1	0.000	0.000	0.000
507	  D	  1.0	  0.2	0.000	0.000	0.000
508	  S	  0.9	  0.2	0.000	0.000	0.000
509	  K	  2.5	  0.1	0.000	0.000	0.000
510	  V	  6.3	  0.1	0.000	2.133	2.133
511	  I	  8.3	  0.0	0.000	2.133	2.133
512	  S	  8.9	  0.0	0.423	2.133	2.133
513	  I	  8.3	  0.0	0.423	2.133	2.133
514	  T	  8.3	  0.0	0.423	2.133	2.133
515	  T	  6.8	  0.0	0.423	0.813	0.813
516	  K	  4.8	  0.0	0.423	0.000	0.000
517	  Y	  2.6	  0.0	0.423	0.000	0.000
518	  D	  1.4	  0.0	0.000	0.000	0.000
519	  P	  0.2	  0.0	0.000	0.000	0.000
520	  A	  0.0	  0.0	0.000	0.000	0.000
521	  P	  0.0	  0.0	0.000	0.000	0.000
522	  D	  0.0	  0.5	0.000	0.000	0.000
523	  P	  0.0	  0.6	0.000	0.000	0.000
524	  E	  0.1	  0.6	0.000	0.000	0.000
525	  T	  0.5	  0.6	0.000	0.000	0.000
526	  N	  3.1	  0.2	0.102	0.000	0.000
527	  I	  3.8	  0.1	0.102	0.000	0.000
528	  I	  6.2	  0.1	0.102	0.000	0.000
529	  D	  3.5	  0.2	0.102	0.000	0.000
530	  L	  2.7	  0.8	0.102	0.000	0.000
531	  G	  0.0	  0.8	0.102	0.000	0.000
532	  N	  0.1	  0.7	0.419	0.000	0.000
533	  E	  5.1	  0.6	0.419	0.000	0.000
534	  V	  5.8	  0.0	0.419	0.000	0.000
535	  T	  5.9	  0.0	0.514	0.000	0.000
536	  E	  0.9	  0.0	0.514	0.000	0.000
537	  Y	  2.2	  0.0	0.514	84.673	84.673
538	  V	  8.8	  0.0	0.095	96.019	96.019
539	  V	 12.6	  0.0	0.095	98.178	98.178
540	  I	 14.4	  0.0	0.095	98.311	98.311
541	  S	  8.4	  0.0	0.265	98.318	98.318
542	  Y	  5.1	  0.0	0.265	98.067	98.067
543	  W	  2.2	  0.0	0.170	96.644	96.644
544	  T	  2.5	  0.0	0.170	71.232	71.232
545	  T	  7.0	  0.1	0.170	55.900	55.900
546	  I	  6.3	  0.1	0.170	46.666	46.666
547	  N	  5.4	  0.4	0.170	1.814	1.814
548	  D	  0.1	  1.6	0.000	0.002	0.002
549	  Q	  0.0	  1.5	0.000	0.002	0.002
550	  G	  0.0	  1.5	0.000	0.002	0.002
551	  K	  0.9	  1.2	0.000	0.002	0.002
552	  V	  3.5	  0.0	0.000	0.002	0.002
553	  F	  5.1	  0.0	0.000	0.002	0.002
554	  T	  6.9	  0.1	0.000	0.000	0.000
555	  T	  5.5	  0.1	0.000	0.000	0.000
556	  S	  4.1	  0.1	0.000	0.000	0.000
557	  K	  2.2	  0.1	0.000	0.000	0.000
558	  V	  1.2	  0.1	0.000	0.000	0.000
559	  Q	  1.6	  0.0	0.000	0.000	0.000
560	  T	 45.1	  0.0	0.000	0.000	0.000
561	  Y	 44.9	  0.0	0.000	0.000	0.000
562	  S	 44.4	  0.0	0.000	0.000	0.000
563	  P	  0.0	  0.0	0.000	0.000	0.000
564	  P	  0.0	  0.0	0.000	0.000	0.000
565	  P	  0.0	  0.0	0.000	0.000	0.000
566	  V	  9.1	  0.0	0.000	5.602	5.602
567	  T	 19.7	  0.0	0.000	5.728	5.728
568	  I	 23.2	  0.0	0.000	5.854	5.854
569	  T	 15.8	  0.0	0.000	5.854	5.854
570	  A	  4.7	  0.0	0.000	5.854	5.854
571	  T	  1.7	  0.0	0.000	3.306	3.306
572	  T	  0.9	  0.0	0.000	1.652	1.652
573	  A	  0.8	  0.4	0.000	0.605	0.605
574	  A	  0.3	  0.4	0.000	0.276	0.276
575	  D	  0.4	  0.4	0.000	0.000	0.000
576	  Y	  2.4	  0.4	0.000	0.000	0.000
577	  V	  3.0	  0.1	0.000	0.000	0.000
578	  E	  2.7	  0.1	0.000	0.000	0.000
579	  T	  1.0	  0.1	0.000	0.000	0.000
580	  D	  0.7	  0.1	0.242	0.000	0.000
581	  W	  1.1	  0.0	0.242	69.026	69.026
582	  I	  4.8	  0.0	0.242	84.311	84.311
583	  S	  5.5	  0.0	0.242	85.701	85.701
584	  F	  6.0	  0.0	0.242	88.334	88.334
585	  F	  2.8	  0.0	0.242	88.372	88.372
586	  I	  5.1	  0.0	0.118	85.172	85.172
587	  T	  4.6	  0.1	0.118	39.843	39.843
588	  T	  3.9	  0.2	0.118	11.492	11.492
589	  N	  0.6	  0.4	0.118	2.154	2.154
590	  D	  0.1	  1.7	0.000	0.000	0.000
591	  K	  0.0	  1.6	0.000	0.000	0.000
592	  G	  0.1	  1.6	0.000	0.000	0.000
593	  E	  0.2	  1.3	0.000	0.000	0.000
594	  I	  4.6	  0.0	0.000	0.000	0.000
595	  I	  5.0	  0.0	0.000	0.000	0.000
596	  T	  5.4	  0.1	0.000	0.000	0.000
597	  D	  1.0	  0.2	0.000	0.000	0.000
598	  S	  0.7	  0.2	0.000	0.000	0.000
599	  T	  1.3	  0.2	0.000	0.227	0.227
600	  L	  1.7	  0.1	0.000	0.454	0.454
601	  F	  2.7	  0.0	0.000	0.454	0.454
602	  N	  1.7	  0.2	0.000	0.454	0.454
603	  A	  1.4	  0.2	0.000	0.454	0.454
604	  T	  0.5	  0.5	0.000	0.227	0.227
605	  R	  0.6	  0.5	0.000	0.000	0.000
606	  D	  0.9	  0.6	0.000	0.000	0.000
607	  Y	  4.2	  0.6	0.000	0.000	0.000
608	  N	  4.1	  0.4	0.000	0.000	0.000
609	  L	  3.6	  0.5	0.000	0.000	0.000
610	  P	  0.0	  0.2	0.000	0.000	0.000
611	  E	  0.0	  0.2	0.000	0.000	0.000
612	  A	  0.0	  0.4	0.000	0.000	0.000
613	  P	  0.0	  0.2	0.000	0.000	0.000
614	  H	  0.7	  0.3	0.000	0.000	0.000
615	  T	  2.2	  0.3	0.000	0.000	0.000
616	  S	  3.0	  0.1	0.000	0.000	0.000
617	  F	  2.3	  0.2	0.000	0.000	0.000
618	  G	  0.7	  0.1	0.000	0.000	0.000
619	  P	  0.0	  0.1	0.000	0.000	0.000
620	  A	  0.0	  0.1	0.000	0.000	0.000
621	  P	  0.0	  0.0	0.000	0.000	0.000
622	  P	  0.0	  0.0	0.000	0.000	0.000
623	  A	  0.0	  0.1	0.000	0.000	0.000
624	  E	  0.5	  0.1	0.000	0.000	0.000
625	  T	  1.9	  0.2	0.000	0.000	0.000
626	  K	  2.6	  0.2	0.000	0.000	0.000
627	  T	  6.8	  0.1	0.000	0.000	0.000
628	  V	  7.5	  0.2	0.000	0.000	0.000
629	  D	  6.7	  0.2	0.000	0.000	0.000
630	  L	  2.3	  0.8	0.000	0.000	0.000
631	  G	  0.0	  0.8	0.000	0.000	0.000
632	  N	  0.1	  0.7	0.641	0.000	0.000
633	  E	  5.2	  0.6	0.641	0.000	0.000
634	  V	  5.9	  0.0	0.641	0.000	0.000
635	  T	  6.0	  0.0	0.857	0.000	0.000
636	  E	  1.0	  0.0	0.857	0.000	0.000
637	  Y	  1.2	  0.0	0.857	79.165	79.165
638	  L	  3.1	  0.0	0.412	89.868	89.868
639	  V	  7.1	  0.0	0.412	94.055	94.055
640	  I	 10.0	  0.0	0.412	94.234	94.234
641	  S	  8.7	  0.0	0.412	94.234	94.234
642	  Y	  5.5	  0.0	0.202	93.715	93.715
643	  W	  2.4	  0.0	0.000	91.299	91.299
644	  T	  3.2	  0.0	0.000	47.088	47.088
645	  T	  3.0	  0.1	0.000	20.360	20.360
646	  T	  2.2	  0.1	0.000	4.266	4.266
647	  N	  0.6	  0.3	0.000	0.164	0.164
648	  E	  0.2	  0.3	0.000	0.000	0.000
649	  F	  0.2	  2.0	0.000	0.175	0.175
650	  G	  0.1	  2.0	0.000	0.175	0.175
651	  G	  0.1	  1.8	0.104	0.307	0.307
652	  L	  0.4	  1.8	0.104	0.491	0.491
653	  I	  3.9	  0.0	0.104	0.491	0.491
654	  T	  6.6	  0.0	0.104	0.316	0.316
655	  T	  7.5	  0.1	0.104	0.316	0.316
656	  S	  4.3	  0.2	0.104	0.184	0.184
657	  S	  1.8	  0.2	0.061	0.000	0.000
658	  T	  0.9	  0.2	0.061	0.000	0.000
659	  R	  1.6	  0.1	0.061	0.000	0.000
660	  T	 45.5	  0.0	0.061	0.000	0.000
661	  Y	 45.1	  0.0	0.061	0.000	0.000
662	  S	 44.4	  0.0	0.061	0.000	0.000
663	  P	  0.0	  0.0	0.000	0.000	0.000
664	  P	  0.0	  0.0	0.000	0.000	0.000
665	  P	  0.0	  0.0	0.000	0.000	0.000
666	  V	  9.1	  0.0	0.000	5.602	5.602
667	  T	 19.7	  0.0	0.000	5.728	5.728
668	  I	 23.2	  0.0	0.000	5.854	5.854
669	  T	 15.8	  0.0	0.000	5.854	5.854
670	  A	  4.7	  0.0	0.000	5.854	5.854
671	  T	  1.7	  0.0	0.000	3.306	3.306
672	  T	  0.9	  0.0	0.000	1.652	1.652
673	  A	  0.8	  0.4	0.000	0.605	0.605
674	  A	  0.3	  0.4	0.000	0.276	0.276
675	  D	  0.4	  0.4	0.000	0.000	0.000
676	  Y	  2.4	  0.4	0.000	0.000	0.000
677	  V	  3.0	  0.1	0.000	0.000	0.000
678	  E	  2.7	  0.1	0.000	0.000	0.000
679	  T	  1.0	  0.1	0.000	0.000	0.000
680	  D	  0.7	  0.1	0.242	0.000	0.000
681	  W	  1.1	  0.0	0.242	69.026	69.026
682	  I	  4.8	  0.0	0.242	84.311	84.311
683	  S	  5.5	  0.0	0.242	85.701	85.701
684	  F	  6.0	  0.0	0.242	88.334	88.334
685	  F	  2.8	  0.0	0.242	88.372	88.372
686	  I	  5.1	  0.0	0.118	85.172	85.172
687	  T	  4.6	  0.1	0.118	39.843	39.843
688	  T	  3.9	  0.2	0.118	11.492	11.492
689	  N	  0.6	  0.4	0.118	2.154	2.154
690	  D	  0.1	  1.7	0.000	0.000	0.000
691	  K	  0.0	  1.6	0.000	0.000	0.000
692	  G	  0.1	  1.6	0.000	0.000	0.000
693	  E	  0.2	  1.3	0.000	0.000	0.000
694	  I	  4.6	  0.0	0.000	0.000	0.000
695	  I	  5.0	  0.0	0.000	0.000	0.000
696	  T	  5.4	  0.1	0.000	0.000	0.000
697	  D	  1.0	  0.2	0.000	0.000	0.000
698	  S	  0.7	  0.2	0.000	0.000	0.000
699	  T	  1.3	  0.2	0.000	0.227	0.227
700	  L	  1.7	  0.1	0.000	0.454	0.454
701	  F	  2.7	  0.0	0.000	0.454	0.454
702	  N	  1.7	  0.2	0.000	0.454	0.454
703	  A	  1.4	  0.2	0.000	0.454	0.454
704	  T	  0.5	  0.5	0.000	0.227	0.227
705	  R	  0.6	  0.5	0.000	0.000	0.000
706	  D	  0.9	  0.6	0.000	0.000	0.000
707	  Y	  4.2	  0.6	0.000	0.000	0.000
708	  N	  4.1	  0.4	0.000	0.000	0.000
709	  L	  3.6	  0.5	0.000	0.000	0.000
710	  P	  0.0	  0.2	0.000	0.000	0.000
711	  E	  0.0	  0.2	0.000	0.000	0.000
712	  A	  0.0	  0.4	0.000	0.000	0.000
713	  P	  0.0	  0.2	0.000	0.000	0.000
714	  H	  0.7	  0.3	0.000	0.000	0.000
715	  T	  2.2	  0.3	0.000	0.000	0.000
716	  S	  3.0	  0.1	0.000	0.000	0.000
717	  F	  2.3	  0.2	0.000	0.000	0.000
718	  G	  0.7	  0.1	0.000	0.000	0.000
719	  P	  0.0	  0.1	0.000	0.000	0.000
720	  A	  0.0	  0.1	0.000	0.000	0.000
721	  P	  0.0	  0.0	0.000	0.000	0.000
722	  P	  0.0	  0.0	0.000	0.000	0.000
723	  A	  0.0	  0.1	0.000	0.000	0.000
724	  E	  0.5	  0.1	0.000	0.000	0.000
725	  T	  1.9	  0.2	0.000	0.000	0.000
726	  K	  2.6	  0.2	0.000	0.000	0.000
727	  T	  6.8	  0.1	0.000	0.000	0.000
728	  V	  7.5	  0.2	0.000	0.000	0.000
729	  D	  6.7	  0.2	0.000	0.000	0.000
730	  L	  2.3	  0.8	0.000	0.000	0.000
731	  G	  0.0	  0.8	0.000	0.000	0.000
732	  N	  0.1	  0.7	0.641	0.000	0.000
733	  E	  5.2	  0.6	0.641	0.000	0.000
734	  V	  5.9	  0.0	0.641	0.000	0.000
735	  T	  6.0	  0.0	0.857	0.000	0.000
736	  E	  1.0	  0.0	0.857	0.000	0.000
737	  Y	  1.2	  0.0	0.857	79.165	79.165
738	  L	  3.1	  0.0	0.412	89.868	89.868
739	  V	  7.1	  0.0	0.412	94.055	94.055
740	  I	 10.0	  0.0	0.412	94.234	94.234
741	  S	  8.7	  0.0	0.412	94.234	94.234
742	  Y	  5.5	  0.0	0.202	93.715	93.715
743	  W	  2.4	  0.0	0.000	91.299	91.299
744	  T	  3.2	  0.0	0.000	47.088	47.088
745	  T	  3.0	  0.1	0.000	20.360	20.360
746	  T	  2.2	  0.1	0.000	4.266	4.266
747	  N	  0.6	  0.3	0.000	0.164	0.164
748	  E	  0.2	  0.3	0.000	0.000	0.000
749	  F	  0.2	  2.0	0.000	0.175	0.175
750	  G	  0.1	  2.0	0.000	0.175	0.175
751	  G	  0.1	  1.8	0.104	0.307	0.307
752	  L	  0.4	  1.8	0.104	0.491	0.491
753	  I	  3.9	  0.0	0.104	0.491	0.491
754	  T	  6.6	  0.0	0.104	0.316	0.316
755	  T	  7.5	  0.1	0.104	0.316	0.316
756	  S	  4.3	  0.2	0.104	0.184	0.184
757	  S	  1.8	  0.2	0.061	0.000	0.000
758	  T	  0.9	  0.2	0.061	0.000	0.000
759	  R	  1.6	  0.1	0.061	0.000	0.000
760	  T	 45.5	  0.0	0.061	0.000	0.000
761	  Y	 45.1	  0.0	0.061	0.000	0.000
762	  S	 44.4	  0.0	0.061	0.000	0.000
763	  P	  0.0	  0.0	0.000	0.000	0.000
764	  P	  0.0	  0.0	0.000	0.000	0.000
765	  P	  0.0	  0.0	0.000	0.000	0.000
766	  V	  9.1	  0.0	0.000	5.602	5.602
767	  T	 19.7	  0.0	0.000	5.728	5.728
768	  I	 23.2	  0.0	0.000	5.854	5.854
769	  T	 15.8	  0.0	0.000	5.854	5.854
770	  A	  4.7	  0.0	0.000	5.854	5.854
771	  T	  1.7	  0.0	0.000	3.306	3.306
772	  T	  0.9	  0.0	0.000	1.652	1.652
773	  A	  0.8	  0.4	0.000	0.605	0.605
774	  A	  0.3	  0.4	0.000	0.276	0.276
775	  D	  0.4	  0.4	0.000	0.000	0.000
776	  Y	  2.4	  0.4	0.000	0.000	0.000
777	  V	  3.0	  0.1	0.000	0.000	0.000
778	  E	  2.7	  0.1	0.000	0.000	0.000
779	  T	  1.0	  0.1	0.000	0.000	0.000
780	  D	  0.7	  0.1	0.242	0.000	0.000
781	  W	  1.1	  0.0	0.242	69.026	69.026
782	  I	  4.8	  0.0	0.242	84.311	84.311
783	  S	  5.5	  0.0	0.242	85.701	85.701
784	  F	  6.0	  0.0	0.242	88.334	88.334
785	  F	  2.8	  0.0	0.242	88.372	88.372
786	  I	  5.1	  0.0	0.118	85.172	85.172
787	  T	  4.6	  0.1	0.118	39.843	39.843
788	  T	  3.9	  0.2	0.118	11.492	11.492
789	  N	  0.6	  0.4	0.118	2.154	2.154
790	  D	  0.1	  1.7	0.000	0.000	0.000
791	  K	  0.0	  1.6	0.000	0.000	0.000
792	  G	  0.1	  1.6	0.000	0.000	0.000
793	  E	  0.2	  1.3	0.000	0.000	0.000
794	  I	  4.6	  0.0	0.000	0.000	0.000
795	  I	  5.0	  0.0	0.000	0.000	0.000
796	  T	  5.4	  0.1	0.000	0.000	0.000
797	  D	  1.0	  0.2	0.000	0.000	0.000
798	  S	  0.7	  0.2	0.000	0.000	0.000
799	  T	  1.3	  0.2	0.000	0.227	0.227
800	  L	  1.7	  0.1	0.000	0.454	0.454
801	  F	  2.7	  0.0	0.000	0.454	0.454
802	  N	  1.7	  0.2	0.000	0.454	0.454
803	  A	  1.4	  0.2	0.000	0.454	0.454
804	  T	  0.5	  0.5	0.000	0.227	0.227
805	  R	  0.6	  0.5	0.000	0.000	0.000
806	  D	  0.9	  0.6	0.000	0.000	0.000
807	  Y	  4.2	  0.6	0.000	0.000	0.000
808	  N	  4.1	  0.4	0.000	0.000	0.000
809	  L	  3.6	  0.5	0.000	0.000	0.000
810	  P	  0.0	  0.2	0.000	0.000	0.000
811	  E	  0.0	  0.2	0.000	0.000	0.000
812	  A	  0.0	  0.4	0.000	0.000	0.000
813	  P	  0.0	  0.2	0.000	0.000	0.000
814	  H	  0.7	  0.3	0.000	0.000	0.000
815	  T	  2.2	  0.3	0.000	0.000	0.000
816	  S	  3.0	  0.1	0.000	0.000	0.000
817	  F	  2.3	  0.2	0.000	0.000	0.000
818	  G	  0.7	  0.1	0.000	0.000	0.000
819	  P	  0.0	  0.1	0.000	0.000	0.000
820	  A	  0.0	  0.1	0.000	0.000	0.000
821	  P	  0.0	  0.0	0.000	0.000	0.000
822	  P	  0.0	  0.0	0.000	0.000	0.000
823	  A	  0.0	  0.1	0.000	0.000	0.000
824	  E	  0.5	  0.1	0.000	0.000	0.000
825	  T	  1.9	  0.2	0.000	0.000	0.000
826	  K	  2.6	  0.2	0.000	0.000	0.000
827	  T	  6.8	  0.1	0.000	0.000	0.000
828	  V	  7.5	  0.2	0.000	0.000	0.000
829	  D	  6.7	  0.2	0.000	0.000	0.000
830	  L	  2.3	  0.8	0.000	0.000	0.000
831	  G	  0.0	  0.8	0.000	0.000	0.000
832	  N	  0.1	  0.7	0.641	0.000	0.000
833	  E	  5.2	  0.6	0.641	0.000	0.000
834	  V	  5.9	  0.0	0.641	0.000	0.000
835	  T	  6.0	  0.0	0.857	0.000	0.000
836	  E	  1.0	  0.0	0.857	0.000	0.000
837	  Y	  1.2	  0.0	0.857	79.165	79.165
838	  L	  3.1	  0.0	0.412	89.868	89.868
839	  V	  7.1	  0.0	0.412	94.055	94.055
840	  I	 10.0	  0.0	0.412	94.234	94.234
841	  S	  8.7	  0.0	0.412	94.234	94.234
842	  Y	  5.5	  0.0	0.202	93.715	93.715
843	  W	  2.4	  0.0	0.000	91.299	91.299
844	  T	  3.2	  0.0	0.000	47.088	47.088
845	  T	  3.0	  0.1	0.000	20.360	20.360
846	  T	  2.2	  0.1	0.000	4.266	4.266
847	  N	  0.6	  0.3	0.000	0.164	0.164
848	  E	  0.2	  0.3	0.000	0.000	0.000
849	  F	  0.2	  2.0	0.000	0.175	0.175
850	  G	  0.1	  2.0	0.000	0.175	0.175
851	  G	  0.1	  1.8	0.104	0.307	0.307
852	  L	  0.4	  1.8	0.104	0.491	0.491
853	  I	  3.9	  0.0	0.104	0.491	0.491
854	  T	  6.6	  0.0	0.104	0.316	0.316
855	  T	  7.5	  0.1	0.104	0.316	0.316
856	  S	  4.3	  0.2	0.104	0.184	0.184
857	  S	  1.8	  0.2	0.061	0.000	0.000
858	  T	  0.9	  0.2	0.061	0.000	0.000
859	  R	  1.6	  0.1	0.061	0.000	0.000
860	  T	 45.5	  0.0	0.061	0.000	0.000
861	  Y	 45.1	  0.0	0.061	0.000	0.000
862	  S	 44.4	  0.0	0.061	0.000	0.000
863	  P	  0.0	  0.0	0.000	0.000	0.000
864	  P	  0.0	  0.0	0.000	0.000	0.000
865	  P	  0.0	  0.0	0.000	0.000	0.000
866	  V	  9.1	  0.0	0.000	5.602	5.602
867	  T	 19.7	  0.0	0.000	5.728	5.728
868	  I	 23.2	  0.0	0.000	5.854	5.854
869	  T	 15.8	  0.0	0.000	5.854	5.854
870	  A	  4.7	  0.0	0.000	5.854	5.854
871	  T	  1.7	  0.0	0.000	3.306	3.306
872	  T	  0.9	  0.0	0.000	1.652	1.652
873	  A	  0.8	  0.4	0.000	0.605	0.605
874	  A	  0.3	  0.4	0.000	0.276	0.276
875	  D	  0.4	  0.4	0.000	0.000	0.000
876	  Y	  2.4	  0.4	0.000	0.000	0.000
877	  V	  3.0	  0.1	0.000	0.000	0.000
878	  E	  2.7	  0.1	0.000	0.000	0.000
879	  T	  1.0	  0.1	0.000	0.000	0.000
880	  D	  0.7	  0.1	0.242	0.000	0.000
881	  W	  1.1	  0.0	0.242	69.026	69.026
882	  I	  4.8	  0.0	0.242	84.311	84.311
883	  S	  5.5	  0.0	0.242	85.701	85.701
884	  F	  6.0	  0.0	0.242	88.334	88.334
885	  F	  2.8	  0.0	0.242	88.372	88.372
886	  I	  5.1	  0.0	0.118	85.172	85.172
887	  T	  4.6	  0.1	0.118	39.843	39.843
888	  T	  3.9	  0.2	0.118	11.492	11.492
889	  N	  0.6	  0.4	0.118	2.154	2.154
890	  D	  0.1	  1.7	0.000	0.000	0.000
891	  K	  0.0	  1.6	0.000	0.000	0.000
892	  G	  0.1	  1.6	0.000	0.000	0.000
893	  E	  0.2	  1.3	0.000	0.000	0.000
894	  I	  4.6	  0.0	0.000	0.000	0.000
895	  I	  5.0	  0.0	0.000	0.000	0.000
896	  T	  5.4	  0.1	0.000	0.000	0.000
897	  D	  1.0	  0.2	0.000	0.000	0.000
898	  S	  0.7	  0.2	0.000	0.000	0.000
899	  T	  1.3	  0.2	0.000	0.227	0.227
900	  L	  1.7	  0.1	0.000	0.454	0.454
901	  F	  2.7	  0.0	0.000	0.454	0.454
902	  N	  1.7	  0.2	0.000	0.454	0.454
903	  A	  1.4	  0.2	0.000	0.454	0.454
904	  T	  0.5	  0.5	0.000	0.227	0.227
905	  R	  0.6	  0.5	0.000	0.000	0.000
906	  D	  0.9	  0.6	0.000	0.000	0.000
907	  Y	  4.2	  0.6	0.000	0.000	0.000
908	  N	  4.1	  0.4	0.000	0.000	0.000
909	  L	  3.6	  0.5	0.000	0.000	0.000
910	  P	  0.0	  0.2	0.000	0.000	0.000
911	  E	  0.0	  0.2	0.000	0.000	0.000
912	  A	  0.0	  0.4	0.000	0.000	0.000
913	  P	  0.0	  0.2	0.000	0.000	0.000
914	  H	  0.7	  0.3	0.000	0.000	0.000
915	  T	  2.2	  0.3	0.000	0.000	0.000
916	  S	  3.0	  0.1	0.000	0.000	0.000
917	  F	  2.3	  0.2	0.000	0.000	0.000
918	  G	  0.7	  0.1	0.000	0.000	0.000
919	  P	  0.0	  0.1	0.000	0.000	0.000
920	  A	  0.0	  0.1	0.000	0.000	0.000
921	  P	  0.0	  0.0	0.000	0.000	0.000
922	  P	  0.0	  0.0	0.000	0.000	0.000
923	  A	  0.0	  0.1	0.000	0.000	0.000
924	  E	  0.5	  0.1	0.000	0.000	0.000
925	  T	  1.9	  0.2	0.000	0.000	0.000
926	  K	  2.6	  0.2	0.000	0.000	0.000
927	  T	  6.8	  0.1	0.000	0.000	0.000
928	  V	  7.5	  0.2	0.000	0.000	0.000
929	  D	  6.7	  0.2	0.000	0.000	0.000
930	  L	  2.3	  0.8	0.000	0.000	0.000
931	  G	  0.0	  0.8	0.000	0.000	0.000
932	  N	  0.1	  0.7	0.641	0.000	0.000
933	  E	  5.2	  0.6	0.641	0.000	0.000
934	  V	  5.9	  0.0	0.641	0.000	0.000
935	  T	  6.0	  0.0	0.857	0.000	0.000
936	  E	  1.0	  0.0	0.857	0.000	0.000
937	  Y	  1.2	  0.0	0.857	79.165	79.165
938	  L	  3.1	  0.0	0.412	89.868	89.868
939	  V	  7.1	  0.0	0.412	94.055	94.055
940	  I	 10.0	  0.0	0.412	94.234	94.234
941	  S	  8.7	  0.0	0.412	94.234	94.234
942	  Y	  5.5	  0.0	0.202	93.715	93.715
943	  W	  2.4	  0.0	0.000	91.299	91.299
944	  T	  3.2	  0.0	0.000	47.088	47.088
945	  T	  3.0	  0.1	0.000	20.360	20.360
946	  T	  2.2	  0.1	0.000	4.266	4.266
947	  N	  0.6	  0.3	0.000	0.164	0.164
948	  E	  0.2	  0.3	0.000	0.000	0.000
949	  F	  0.2	  2.0	0.000	0.175	0.175
950	  G	  0.1	  2.0	0.000	0.175	0.175
951	  G	  0.1	  1.8	0.104	0.307	0.307
952	  L	  0.4	  1.8	0.104	0.491	0.491
953	  I	  3.9	  0.0	0.104	0.491	0.491
954	  T	  6.6	  0.0	0.104	0.316	0.316
955	  T	  7.5	  0.1	0.104	0.316	0.316
956	  S	  4.3	  0.2	0.104	0.184	0.184
957	  S	  1.8	  0.2	0.061	0.000	0.000
958	  T	  0.9	  0.2	0.061	0.000	0.000
959	  R	  1.6	  0.1	0.061	0.000	0.000
960	  T	 45.5	  0.0	0.061	0.000	0.000
961	  Y	 45.1	  0.0	0.061	0.000	0.000
962	  S	 44.4	  0.0	0.061	0.000	0.000
963	  P	  0.0	  0.0	0.000	0.000	0.000
964	  P	  0.0	  0.0	0.000	0.000	0.000
965	  P	  0.0	  0.0	0.000	0.000	0.000
966	  V	  9.1	  0.0	0.000	5.602	5.602
967	  T	 19.7	  0.0	0.000	5.728	5.728
968	  I	 23.2	  0.0	0.000	5.854	5.854
969	  T	 15.8	  0.0	0.000	5.854	5.854
970	  A	  4.7	  0.0	0.000	5.854	5.854
971	  T	  1.7	  0.0	0.000	3.306	3.306
972	  T	  0.9	  0.0	0.000	1.652	1.652
973	  A	  0.8	  0.4	0.000	0.605	0.605
974	  A	  0.3	  0.4	0.000	0.276	0.276
975	  D	  0.4	  0.4	0.000	0.000	0.000
976	  Y	  2.4	  0.4	0.000	0.000	0.000
977	  V	  3.0	  0.1	0.000	0.000	0.000
978	  E	  2.7	  0.1	0.000	0.000	0.000
979	  T	  1.0	  0.1	0.000	0.000	0.000
980	  D	  0.7	  0.1	0.242	0.000	0.000
981	  W	  1.1	  0.0	0.242	69.026	69.026
982	  I	  4.8	  0.0	0.242	84.311	84.311
983	  S	  5.5	  0.0	0.242	85.701	85.701
984	  F	  6.0	  0.0	0.242	88.334	88.334
985	  F	  2.8	  0.0	0.242	88.372	88.372
986	  I	  5.1	  0.0	0.118	85.172	85.172
987	  T	  4.6	  0.1	0.118	39.843	39.843
988	  T	  3.9	  0.2	0.118	11.492	11.492
989	  N	  0.6	  0.4	0.118	2.154	2.154
990	  D	  0.1	  1.7	0.000	0.000	0.000
991	  K	  0.0	  1.6	0.000	0.000	0.000
992	  G	  0.1	  1.6	0.000	0.000	0.000
993	  E	  0.2	  1.3	0.000	0.000	0.000
994	  I	  4.6	  0.0	0.000	0.000	0.000
995	  I	  5.0	  0.0	0.000	0.000	0.000
996	  T	  5.4	  0.1	0.000	0.000	0.000
997	  D	  1.0	  0.2	0.000	0.000	0.000
998	  S	  0.7	  0.2	0.000	0.000	0.000
999	  T	  1.3	  0.2	0.000	0.227	0.227
1000	  L	  1.7	  0.1	0.000	0.454	0.454
1001	  F	  2.7	  0.0	0.000	0.454	0.454
1002	  N	  1.7	  0.2	0.000	0.454	0.454
1003	  A	  1.4	  0.2	0.000	0.454	0.454
1004	  T	  0.5	  0.5	0.000	0.227	0.227
1005	  R	  0.6	  0.5	0.000	0.000	0.000
1006	  D	  0.9	  0.6	0.000	0.000	0.000
1007	  Y	  4.2	  0.6	0.000	0.000	0.000
1008	  N	  4.1	  0.4	0.000	0.000	0.000
1009	  L	  3.6	  0.5	0.000	0.000	0.000
1010	  P	  0.0	  0.2	0.000	0.000	0.000
1011	  E	  0.0	  0.2	0.000	0.000	0.000
1012	  A	  0.0	  0.4	0.000	0.000	0.000
1013	  P	  0.0	  0.2	0.000	0.000	0.000
1014	  H	  0.7	  0.3	0.000	0.000	0.000
1015	  T	  2.2	  0.3	0.000	0.000	0.000
1016	  S	  3.0	  0.1	0.000	0.000	0.000
1017	  F	  2.3	  0.2	0.000	0.000	0.000
1018	  G	  0.7	  0.1	0.000	0.000	0.000
1019	  P	  0.0	  0.1	0.000	0.000	0.000
1020	  A	  0.0	  0.1	0.000	0.000	0.000
1021	  P	  0.0	  0.0	0.000	0.000	0.000
1022	  P	  0.0	  0.0	0.000	0.000	0.000
1023	  A	  0.0	  0.1	0.000	0.000	0.000
1024	  E	  0.5	  0.1	0.000	0.000	0.000
1025	  T	  1.9	  0.2	0.000	0.000	0.000
1026	  K	  2.6	  0.2	0.000	0.000	0.000
1027	  T	  6.8	  0.1	0.000	0.000	0.000
1028	  V	  7.5	  0.2	0.000	0.000	0.000
1029	  D	  6.7	  0.2	0.000	0.000	0.000
1030	  L	  2.3	  0.8	0.000	0.000	0.000
1031	  G	  0.0	  0.8	0.000	0.000	0.000
1032	  N	  0.1	  0.7	0.641	0.000	0.000
1033	  E	  5.2	  0.6	0.641	0.000	0.000
1034	  V	  5.9	  0.0	0.641	0.000	0.000
1035	  T	  6.0	  0.0	0.857	0.000	0.000
1036	  E	  1.0	  0.0	0.857	0.000	0.000
1037	  Y	  1.2	  0.0	0.857	79.165	79.165
1038	  L	  3.1	  0.0	0.412	89.868	89.868
1039	  V	  7.1	  0.0	0.412	94.055	94.055
1040	  I	 10.0	  0.0	0.412	94.234	94.234
1041	  S	  8.7	  0.0	0.412	94.234	94.234
1042	  Y	  5.5	  0.0	0.202	93.715	93.715
1043	  W	  2.4	  0.0	0.000	91.299	91.299
1044	  T	  3.2	  0.0	0.000	47.088	47.088
1045	  T	  3.0	  0.1	0.000	20.360	20.360
1046	  T	  2.2	  0.1	0.000	4.266	4.266
1047	  N	  0.6	  0.3	0.000	0.164	0.164
1048	  E	  0.2	  0.3	0.000	0.000	0.000
1049	  F	  0.2	  2.0	0.000	0.175	0.175
1050	  G	  0.1	  2.0	0.000	0.175	0.175
1051	  G	  0.1	  1.8	0.104	0.307	0.307
1052	  L	  0.4	  1.8	0.104	0.491	0.491
1053	  I	  3.9	  0.0	0.104	0.491	0.491
1054	  T	  6.6	  0.0	0.104	0.316	0.316
1055	  T	  7.5	  0.1	0.104	0.316	0.316
1056	  S	  4.3	  0.2	0.104	0.184	0.184
1057	  S	  1.8	  0.2	0.061	0.000	0.000
1058	  T	  0.9	  0.2	0.061	0.000	0.000
1059	  R	  1.6	  0.1	0.061	0.000	0.000
1060	  T	 45.5	  0.0	0.061	0.000	0.000
1061	  Y	 45.1	  0.0	0.061	0.000	0.000
1062	  S	 44.4	  0.0	0.061	0.000	0.000
1063	  P	  0.0	  0.0	0.000	0.000	0.000
1064	  P	  0.0	  0.0	0.000	0.000	0.000
1065	  P	  0.0	  0.0	0.000	0.000	0.000
1066	  V	  9.1	  0.0	0.000	5.602	5.602
1067	  T	 19.7	  0.0	0.000	5.728	5.728
1068	  I	 23.2	  0.0	0.000	5.854	5.854
1069	  T	 15.8	  0.0	0.000	5.854	5.854
1070	  A	  4.7	  0.0	0.000	5.854	5.854
1071	  T	  1.7	  0.0	0.000	3.306	3.306
1072	  T	  0.9	  0.0	0.000	1.652	1.652
1073	  A	  0.8	  0.4	0.000	0.605	0.605
1074	  A	  0.3	  0.4	0.000	0.276	0.276
1075	  D	  0.4	  0.4	0.000	0.000	0.000
1076	  Y	  2.4	  0.4	0.000	0.000	0.000
1077	  V	  3.0	  0.1	0.000	0.000	0.000
1078	  E	  2.7	  0.1	0.000	0.000	0.000
1079	  T	  1.0	  0.1	0.000	0.000	0.000
1080	  D	  0.7	  0.1	0.242	0.000	0.000
1081	  W	  1.1	  0.0	0.242	69.026	69.026
1082	  I	  4.8	  0.0	0.242	84.311	84.311
1083	  S	  5.5	  0.0	0.242	85.701	85.701
1084	  F	  6.0	  0.0	0.242	88.334	88.334
1085	  F	  2.8	  0.0	0.242	88.372	88.372
1086	  I	  5.1	  0.0	0.118	85.172	85.172
1087	  T	  4.6	  0.1	0.118	39.843	39.843
1088	  T	  3.9	  0.2	0.118	11.492	11.492
1089	  N	  0.6	  0.4	0.118	2.154	2.154
1090	  D	  0.1	  1.7	0.000	0.000	0.000
1091	  K	  0.0	  1.6	0.000	0.000	0.000
1092	  G	  0.1	  1.6	0.000	0.000	0.000
1093	  E	  0.2	  1.3	0.000	0.000	0.000
1094	  I	  4.6	  0.0	0.000	0.000	0.000
1095	  I	  5.0	  0.0	0.000	0.000	0.000
1096	  T	  5.4	  0.1	0.000	0.000	0.000
1097	  D	  1.0	  0.2	0.000	0.000	0.000
1098	  S	  0.7	  0.2	0.000	0.000	0.000
1099	  T	  1.3	  0.2	0.000	0.227	0.227
1100	  L	  1.7	  0.1	0.000	0.454	0.454
1101	  F	  2.7	  0.0	0.000	0.454	0.454
1102	  N	  1.7	  0.2	0.000	0.454	0.454
1103	  A	  1.4	  0.2	0.000	0.454	0.454
1104	  T	  0.5	  0.5	0.000	0.227	0.227
1105	  R	  0.6	  0.5	0.000	0.000	0.000
1106	  D	  0.9	  0.6	0.000	0.000	0.000
1107	  Y	  4.2	  0.6	0.000	0.000	0.000
1108	  N	  4.1	  0.4	0.000	0.000	0.000
1109	  L	  3.6	  0.5	0.000	0.000	0.000
1110	  P	  0.0	  0.2	0.000	0.000	0.000
1111	  E	  0.0	  0.2	0.000	0.000	0.000
1112	  A	  0.0	  0.4	0.000	0.000	0.000
1113	  P	  0.0	  0.2	0.000	0.000	0.000
1114	  H	  0.7	  0.3	0.000	0.000	0.000
1115	  T	  2.2	  0.3	0.000	0.000	0.000
1116	  S	  3.0	  0.1	0.000	0.000	0.000
1117	  F	  2.3	  0.2	0.000	0.000	0.000
1118	  G	  0.7	  0.1	0.000	0.000	0.000
1119	  P	  0.0	  0.1	0.000	0.000	0.000
1120	  A	  0.0	  0.1	0.000	0.000	0.000
1121	  P	  0.0	  0.0	0.000	0.000	0.000
1122	  P	  0.0	  0.0	0.000	0.000	0.000
1123	  A	  0.0	  0.1	0.000	0.000	0.000
1124	  E	  0.5	  0.1	0.000	0.000	0.000
1125	  T	  1.9	  0.2	0.000	0.000	0.000
1126	  K	  2.6	  0.2	0.000	0.000	0.000
1127	  T	  6.8	  0.1	0.000	0.000	0.000
1128	  V	  7.5	  0.2	0.000	0.000	0.000
1129	  D	  6.7	  0.2	0.000	0.000	0.000
1130	  L	  2.3	  0.8	0.000	0.000	0.000
1131	  G	  0.0	  0.8	0.000	0.000	0.000
1132	  N	  0.1	  0.7	0.641	0.000	0.000
1133	  E	  5.2	  0.6	0.641	0.000	0.000
1134	  V	  5.9	  0.0	0.641	0.000	0.000
1135	  T	  6.0	  0.0	0.857	0.000	0.000
1136	  E	  1.0	  0.0	0.857	0.000	0.000
1137	  Y	  1.2	  0.0	0.857	79.165	79.165
1138	  L	  3.1	  0.0	0.412	89.868	89.868
1139	  V	  7.1	  0.0	0.412	94.055	94.055
1140	  I	 10.0	  0.0	0.412	94.234	94.234
1141	  S	  8.7	  0.0	0.412	94.234	94.234
1142	  Y	  5.5	  0.0	0.202	93.715	93.715
1143	  W	  2.4	  0.0	0.000	91.299	91.299
1144	  T	  3.2	  0.0	0.000	47.088	47.088
1145	  T	  3.0	  0.1	0.000	20.360	20.360
1146	  T	  2.2	  0.1	0.000	4.266	4.266
1147	  N	  0.6	  0.3	0.000	0.164	0.164
1148	  E	  0.2	  0.3	0.000	0.000	0.000
1149	  F	  0.2	  2.0	0.000	0.175	0.175
1150	  G	  0.1	  2.0	0.000	0.175	0.175
1151	  G	  0.1	  1.8	0.104	0.307	0.307
1152	  L	  0.4	  1.8	0.104	0.491	0.491
1153	  I	  3.9	  0.0	0.104	0.491	0.491
1154	  T	  6.6	  0.0	0.104	0.316	0.316
1155	  T	  7.5	  0.1	0.104	0.316	0.316
1156	  S	  4.3	  0.2	0.104	0.184	0.184
1157	  S	  1.8	  0.2	0.061	0.000	0.000
1158	  T	  0.9	  0.2	0.061	0.000	0.000
1159	  R	  1.6	  0.1	0.061	0.000	0.000
1160	  T	 45.5	  0.0	0.061	0.000	0.000
1161	  Y	 45.1	  0.0	0.061	0.000	0.000
1162	  S	 44.4	  0.0	0.061	0.000	0.000
1163	  P	  0.0	  0.0	0.000	0.000	0.000
1164	  P	  0.0	  0.0	0.000	0.000	0.000
1165	  P	  0.0	  0.0	0.000	0.000	0.000
1166	  V	  9.1	  0.0	0.000	5.602	5.602
1167	  T	 19.7	  0.0	0.000	5.728	5.728
1168	  I	 23.2	  0.0	0.000	5.854	5.854
1169	  T	 15.8	  0.0	0.000	5.854	5.854
1170	  A	  4.7	  0.0	0.000	5.854	5.854
1171	  T	  1.7	  0.0	0.000	3.306	3.306
1172	  T	  0.9	  0.0	0.000	1.652	1.652
1173	  A	  0.8	  0.4	0.000	0.605	0.605
1174	  A	  0.3	  0.4	0.000	0.276	0.276
1175	  D	  0.4	  0.4	0.000	0.000	0.000
1176	  Y	  2.4	  0.4	0.000	0.000	0.000
1177	  V	  3.0	  0.1	0.000	0.000	0.000
1178	  E	  2.7	  0.1	0.000	0.000	0.000
1179	  T	  1.0	  0.1	0.000	0.000	0.000
1180	  D	  0.7	  0.1	0.242	0.000	0.000
1181	  W	  1.1	  0.0	0.242	69.026	69.026
1182	  I	  4.8	  0.0	0.242	84.311	84.311
1183	  S	  5.5	  0.0	0.242	85.701	85.701
1184	  F	  6.0	  0.0	0.242	88.334	88.334
1185	  F	  2.8	  0.0	0.242	88.372	88.372
1186	  I	  5.1	  0.0	0.118	85.172	85.172
1187	  T	  4.6	  0.1	0.118	39.843	39.843
1188	  T	  3.9	  0.2	0.118	11.492	11.492
1189	  N	  0.6	  0.4	0.118	2.154	2.154
1190	  D	  0.1	  1.7	0.000	0.000	0.000
1191	  K	  0.0	  1.6	0.000	0.000	0.000
1192	  G	  0.1	  1.6	0.000	0.000	0.000
1193	  E	  0.2	  1.3	0.000	0.000	0.000
1194	  I	  4.6	  0.0	0.000	0.000	0.000
1195	  I	  5.0	  0.0	0.000	0.000	0.000
1196	  T	  5.4	  0.1	0.000	0.000	0.000
1197	  D	  1.0	  0.2	0.000	0.000	0.000
1198	  S	  0.7	  0.2	0.000	0.000	0.000
1199	  T	  1.3	  0.2	0.000	0.228	0.228
1200	  L	  1.6	  0.1	0.000	0.455	0.455
1201	  F	  2.7	  0.0	0.000	0.455	0.455
1202	  N	  1.7	  0.2	0.122	0.455	0.455
1203	  A	  1.5	  0.2	0.122	0.455	0.455
1204	  T	  0.4	  0.3	0.122	0.227	0.227
1205	  R	  0.5	  0.3	0.122	0.000	0.000
1206	  E	  0.4	  0.1	0.122	0.000	0.000
1207	  Y	  1.3	  0.1	0.122	0.000	0.000
1208	  I	  1.8	  0.1	0.000	0.000	0.000
1209	  D	  1.8	  0.3	2.392	0.000	0.000
1210	  A	  0.7	  0.3	2.392	0.000	0.000
1211	  E	  0.0	  0.3	2.392	0.000	0.000
1212	  E	  0.2	  0.3	2.392	0.000	0.000
1213	  L	  0.8	  0.1	2.392	0.000	0.000
1214	  Y	  1.7	  0.1	2.392	0.000	0.000
1215	  I	  2.1	  0.1	0.969	0.000	0.000
1216	  S	  2.4	  0.9	0.969	0.000	0.000
1217	  S	  2.9	  0.9	0.368	0.000	0.000
1218	  S	  2.4	  0.9	0.115	0.000	0.000
1219	  S	  1.6	  3.5	0.000	0.000	0.000
1220	  P	  0.1	  2.8	0.000	0.000	0.000
1221	  S	  0.8	  3.6	0.000	0.000	0.000
1222	  S	  0.9	  3.7	0.000	0.000	0.000
1223	  S	  5.8	  1.3	0.000	0.000	0.000
1224	  L	  5.3	  1.3	0.000	0.000	0.000
1225	  S	  6.0	  1.2	0.000	0.000	0.000
1226	  S	  1.1	  1.2	0.000	0.000	0.000
1227	  S	  5.9	  1.2	0.000	0.000	0.000
1228	  L	  5.4	  1.2	0.000	0.128	0.128
1229	  S	  6.1	  1.3	0.301	0.128	0.128
1230	  S	  1.2	  1.3	0.451	0.305	0.305
1231	  S	  1.1	  1.0	0.451	0.485	0.485
1232	  L	  1.1	  0.9	0.451	0.485	0.485
1233	  L	  1.4	  0.1	0.451	0.485	0.485
1234	  L	  1.6	  0.1	0.451	0.485	0.485
1235	  S	  1.5	  1.2	0.327	0.179	0.179
1236	  S	  1.2	  2.7	0.000	0.000	0.000
1237	  S	  0.9	  2.7	0.000	0.000	0.000
1238	  D	  0.9	  2.9	0.000	0.000	0.000
1239	  I	  5.2	  1.8	0.000	0.000	0.000
1240	  N	  5.3	  0.3	0.000	0.000	0.000
1241	  Y	  4.6	  0.3	0.000	0.000	0.000
1242	  L	  0.3	  0.4	0.000	0.000	0.000
1243	  P	  0.1	  0.7	0.000	0.000	0.000
1244	  S	  0.0	  0.7	0.000	0.000	0.000
1245	  D	  1.6	  0.7	0.000	0.000	0.000
1246	  T	  6.5	  0.3	0.000	0.000	0.000
1247	  Y	  8.0	  0.1	0.000	0.000	0.000
1248	  V	  7.2	  0.0	0.000	0.000	0.000
1249	  S	  4.1	  0.2	0.000	0.000	0.000
1250	  T	  3.7	  0.3	0.000	0.000	0.000
1251	  S	  3.1	  0.3	0.000	0.000	0.000
1252	  S	  6.7	  0.4	0.000	0.000	0.000
1253	  I	  6.1	  0.3	0.000	0.000	0.000
1254	  S	  6.1	  1.5	0.000	0.000	0.000
1255	  S	  0.7	  1.5	0.000	0.000	0.000
1256	  N	  1.2	  1.6	0.000	0.000	0.000
1257	  I	  1.1	  1.6	0.000	0.000	0.000
1258	  S	  1.2	  0.5	0.000	0.000	0.000
1259	  N	  0.4	  0.5	0.000	0.000	0.000
1260	  S	  4.4	  0.6	0.000	0.000	0.000
1261	  V	  6.5	  0.5	0.000	0.000	0.000
1262	  D	  6.4	  1.0	0.000	0.000	0.000
1263	  L	  2.7	  1.0	0.000	0.000	0.000
1264	  S	  1.2	  1.3	0.000	0.000	0.000
1265	  S	  1.2	  1.3	0.000	0.000	0.000
1266	  S	  6.3	  0.9	0.000	0.000	0.000
1267	  I	  6.1	  0.8	0.000	0.000	0.000
1268	  S	  6.8	  1.0	0.000	0.000	0.000
1269	  S	  2.2	  1.7	0.000	0.000	0.000
1270	  S	  2.4	  2.6	0.000	0.000	0.000
1271	  S	  1.7	  4.3	0.000	0.000	0.000
1272	  S	  0.9	  3.6	0.000	0.000	0.000
1273	  N	  1.1	  3.0	0.000	0.000	0.000
1274	  F	  2.4	  2.2	0.000	0.000	0.000
1275	  S	  2.5	  2.4	0.000	0.000	0.000
1276	  S	  1.5	  2.4	0.000	0.000	0.000
1277	  D	  0.1	  3.4	0.000	0.000	0.000
1278	  K	  0.6	  3.3	0.000	0.000	0.000
1279	  S	  0.9	  1.3	0.000	0.000	0.000
1280	  T	  1.1	  1.2	0.000	0.000	0.000
1281	  M	  0.6	  0.4	0.000	0.000	0.000
1282	  P	  0.2	  0.5	0.000	0.000	0.000
1283	  S	  0.9	  1.5	0.000	0.000	0.000
1284	  S	  0.9	  1.5	0.116	0.000	0.000
1285	  S	  1.1	  1.4	0.116	0.000	0.000
1286	  A	  0.2	  1.4	0.116	0.000	0.000
1287	  L	  0.2	  0.9	0.116	0.000	0.000
1288	  G	  0.1	  1.3	0.116	0.000	0.000
1289	  S	  0.0	  1.1	0.116	0.000	0.000
1290	  D	  0.8	  0.9	0.000	0.000	0.000
1291	  F	  0.9	  0.5	0.000	0.000	0.000
1292	  I	  0.9	  0.2	0.000	0.000	0.000
1293	  P	  0.1	  0.4	0.000	0.000	0.000
1294	  S	  0.9	  1.1	0.000	0.000	0.000
1295	  S	  1.0	  1.1	0.000	0.000	0.000
1296	  S	  1.5	  0.9	0.000	0.000	0.000
1297	  I	  2.1	  0.7	0.000	0.000	0.000
1298	  I	  2.4	  0.1	0.000	0.000	0.000
1299	  E	  1.9	  0.1	0.000	0.000	0.000
1300	  S	 10.7	  0.2	0.106	0.396	0.396
1301	  V	 14.6	  0.2	0.106	0.396	0.396
1302	  S	 14.9	  0.1	0.211	0.396	0.396
1303	  M	  5.3	  0.1	0.211	0.396	0.396
1304	  I	  1.7	  0.0	0.211	0.396	0.396
1305	  R	  1.5	  0.1	0.211	0.000	0.000
1306	  S	  1.6	  0.2	0.211	0.204	0.204
1307	  S	  0.8	  0.2	0.105	0.407	0.407
1308	  T	  6.1	  0.2	0.000	0.407	0.407
1309	  V	  9.9	  0.1	0.000	0.407	0.407
1310	  V	  9.7	  0.1	0.000	0.407	0.407
1311	  S	  4.4	  0.1	0.000	0.203	0.203
1312	  D	  1.2	  0.1	0.220	0.000	0.000
1313	  I	  5.1	  0.1	0.220	1.129	1.129
1314	  V	  5.8	  0.0	0.220	1.129	1.129
1315	  T	  4.8	  0.1	0.220	1.129	1.129
1316	  G	  0.7	  0.3	0.220	1.129	1.129
1317	  L	  0.1	  0.3	0.220	1.129	1.129
1318	  G	  0.0	  0.2	0.000	0.000	0.000
1319	  S	  0.0	  0.5	0.092	0.000	0.000
1320	  P	  0.0	  0.3	0.092	0.000	0.000
1321	  T	 30.9	  0.3	0.238	0.000	0.000
1322	  Y	 33.0	  0.4	0.238	0.000	0.000
1323	  S	 33.1	  0.0	0.238	0.000	0.000
1324	  L	  3.7	  0.0	0.238	0.000	0.000
1325	  A	  0.3	  0.0	0.238	0.000	0.000
1326	  H	  0.2	  0.0	0.238	0.000	0.000
1327	  S	  0.1	  2.9	0.000	0.000	0.000
1328	  P	  0.1	  3.1	0.000	0.000	0.000
1329	  S	  0.1	  4.9	0.000	0.000	0.000
1330	  S	  0.1	  4.9	0.000	0.000	0.000
1331	  D	  0.2	  2.7	0.000	0.000	0.000
1332	  M	  0.5	  2.6	0.000	0.000	0.000
1333	  S	  0.6	  0.9	0.000	0.000	0.000
1334	  S	  3.7	  1.1	0.000	0.000	0.000
1335	  I	  4.4	  0.4	0.000	0.000	0.000
1336	  N	  5.2	  0.4	0.000	0.000	0.000
1337	  S	  9.0	  0.8	0.000	0.000	0.000
1338	  Y	  8.8	  0.6	0.000	0.000	0.000
1339	  D	  7.9	  2.2	0.000	0.000	0.000
1340	  S	  1.0	  2.2	0.000	0.000	0.000
1341	  S	  0.3	  1.8	0.000	0.000	0.000
1342	  K	  1.2	  1.7	0.000	0.000	0.000
1343	  L	  1.1	  0.1	0.000	0.000	0.000
1344	  I	  1.0	  0.4	0.000	0.000	0.000
1345	  P	  0.1	  0.7	0.000	0.000	0.000
1346	  E	  0.0	  0.9	0.000	0.000	0.000
1347	  G	  0.0	  0.9	0.000	0.000	0.000
1348	  G	  0.1	  0.6	0.000	0.000	0.000
1349	  F	  1.3	  0.5	0.000	0.000	0.000
1350	  S	  1.6	  2.3	0.000	0.000	0.000
1351	  G	  1.6	  2.4	0.000	0.000	0.000
1352	  S	  0.7	  2.4	0.000	0.000	0.000
1353	  T	  6.2	  2.1	0.000	0.000	0.000
1354	  V	  8.8	  0.1	0.000	0.000	0.000
1355	  H	  8.6	  0.1	0.000	0.000	0.000
1356	  H	  3.0	  0.3	0.000	0.000	0.000
1357	  S	  0.4	  0.3	0.000	0.000	0.000
1358	  S	  1.0	  0.3	0.000	0.000	0.000
1359	  V	  5.2	  0.2	0.000	0.000	0.000
1360	  Y	  5.8	  0.1	0.000	0.000	0.000
1361	  S	  6.9	  0.3	0.000	0.000	0.000
1362	  T	  3.9	  0.4	0.000	0.000	0.000
1363	  S	  5.0	  1.2	0.000	0.000	0.000
1364	  K	  3.1	  1.3	0.000	0.000	0.000
1365	  S	  2.0	  1.0	0.000	0.000	0.000
1366	  N	  1.0	  1.1	0.000	0.250	0.250
1367	  V	  9.6	  0.2	0.000	1.493	1.493
1368	  N	 10.9	  0.1	0.000	1.493	1.493
1369	  V	 25.9	  0.1	0.000	1.493	1.493
1370	  T	 30.6	  0.0	0.000	1.493	1.493
1371	  V	 29.3	  0.0	0.000	1.493	1.493
1372	  S	 15.4	  0.7	0.090	0.138	0.138
1373	  E	  0.5	  0.7	0.090	0.000	0.000
1374	  S	  0.3	  0.7	0.173	0.000	0.000
1375	  S	  0.8	  0.7	0.173	0.000	0.000
1376	  I	  2.7	  0.0	0.173	0.000	0.000
1377	  I	  2.8	  0.0	0.173	0.000	0.000
1378	  G	  2.2	  0.1	0.173	0.000	0.000
1379	  M	  0.3	  0.6	0.084	0.000	0.000
1380	  G	  0.1	  0.6	0.000	0.000	0.000
1381	  T	 13.6	  0.6	0.000	0.000	0.000
1382	  Y	 13.8	  0.5	0.000	0.000	0.000
1383	  D	 13.7	  0.6	0.000	0.000	0.000
1384	  P	  0.2	  0.6	0.000	0.000	0.000
1385	  H	  0.1	  0.8	0.000	0.000	0.000
1386	  S	  2.1	  1.0	0.119	0.000	0.000
1387	  T	  2.9	  0.4	0.119	0.000	0.000
1388	  S	  3.0	  0.4	0.119	0.000	0.000
1389	  T	  1.1	  0.3	0.119	0.000	0.000
1390	  E	  0.4	  0.2	0.119	0.000	0.000
1391	  Q	  0.3	  0.3	0.119	0.000	0.000
1392	  Q	  0.3	  0.2	0.000	0.000	0.000
1393	  D	  1.1	  0.7	0.000	0.000	0.000
1394	  I	  1.2	  0.6	0.000	0.000	0.000
1395	  N	  1.1	  0.5	0.000	0.000	0.000
1396	  E	  0.6	  0.5	0.000	0.000	0.000
1397	  V	  4.5	  0.0	0.000	0.000	0.000
1398	  I	  6.8	  0.0	0.000	0.000	0.000
1399	  T	  7.7	  0.1	0.000	0.000	0.000
1400	  S	  4.5	  1.0	0.000	0.000	0.000
1401	  S	  2.2	  1.0	0.000	0.000	0.000
1402	  S	  1.4	  1.0	0.000	0.000	0.000
1403	  L	  0.7	  0.9	0.000	0.000	0.000
1404	  Q	  0.8	  0.1	0.000	0.000	0.000
1405	  S	  0.9	  0.1	0.000	0.000	0.000
1406	  T	 20.0	  0.1	0.000	0.000	0.000
1407	  Y	 21.0	  0.2	0.000	0.000	0.000
1408	  T	 20.6	  0.7	0.000	0.000	0.000
1409	  G	  1.4	  0.8	0.000	0.000	0.000
1410	  S	  0.2	  0.9	0.000	0.000	0.000
1411	  S	  5.2	  1.1	0.000	0.000	0.000
1412	  L	  5.4	  0.6	0.000	0.000	0.000
1413	  S	  5.5	  0.5	0.000	0.000	0.000
1414	  S	  0.7	  0.5	0.160	0.000	0.000
1415	  K	  5.3	  0.2	0.160	0.000	0.000
1416	  I	  7.5	  0.1	0.160	0.000	0.000
1417	  T	  8.4	  0.2	0.160	0.000	0.000
1418	  S	  3.6	  2.3	0.160	0.000	0.000
1419	  S	  1.3	  2.3	0.160	0.000	0.000
1420	  D	  0.1	  2.3	0.000	0.000	0.000
1421	  Y	  0.8	  2.1	0.000	0.000	0.000
1422	  L	  1.3	  0.0	0.000	0.000	0.000
1423	  I	  2.4	  0.1	0.000	0.000	0.000
1424	  N	  1.9	  0.1	0.000	0.000	0.000
1425	  S	  1.4	  0.1	0.000	0.000	0.000
1426	  Q	  0.3	  0.6	0.000	0.000	0.000
1427	  P	  0.1	  0.6	0.000	0.000	0.000
1428	  D	  0.1	  1.5	0.000	0.000	0.000
1429	  T	  0.2	  1.5	0.000	0.000	0.000
1430	  N	  0.2	  2.5	0.000	0.000	0.000
1431	  A	  0.5	  2.5	0.000	0.000	0.000
1432	  S	  1.3	  1.6	0.000	0.000	0.000
1433	  H	  5.8	  1.6	0.000	0.000	0.000
1434	  I	  6.7	  0.1	0.000	1.276	1.276
1435	  L	  6.5	  0.2	0.000	1.276	1.276
1436	  S	  2.5	  0.2	0.000	1.276	1.276
1437	  H	  3.2	  0.2	0.000	1.276	1.276
1438	  Y	  4.1	  0.1	0.000	1.276	1.276
1439	  F	  3.8	  0.0	0.000	1.276	1.276
1440	  A	  1.9	  0.0	0.000	0.651	0.651
1441	  T	  0.6	  0.1	0.000	0.158	0.158
1442	  S	  0.3	  6.0	0.000	0.000	0.000
1443	  E	  0.2	  6.5	0.000	0.000	0.000
1444	  D	  0.0	  6.5	0.000	0.000	0.000
1445	  G	  0.0	  6.4	0.000	2.782	2.782
1446	  V	 11.3	  0.5	0.000	73.036	73.036
1447	  V	 13.6	  0.0	0.000	86.709	86.709
1448	  V	 15.9	  0.0	0.000	87.774	87.774
1449	  T	  5.5	  0.0	0.000	87.842	87.842
1450	  S	  3.4	  0.0	0.282	87.842	87.842
1451	  V	  2.0	  0.0	0.282	88.036	88.036
1452	  A	  1.9	  0.0	0.282	82.490	82.490
1453	  T	 12.2	  0.0	0.282	77.738	77.738
1454	  I	 12.0	  0.0	0.282	74.851	74.851
1455	  S	 11.7	  0.0	0.282	41.554	41.554
1456	  T	 16.6	  0.0	0.000	37.336	37.336
1457	  V	 17.5	  0.0	0.000	34.797	34.797
1458	  S	 18.3	  0.2	0.000	3.883	3.883
1459	  H	  3.4	  0.3	0.000	0.032	0.032
1460	  S	  2.0	  0.3	0.000	0.000	0.000
1461	  H	  1.1	  0.3	0.000	0.000	0.000
1462	  F	  1.0	  0.3	0.000	0.000	0.000
1463	  P	  0.3	  0.1	0.000	0.000	0.000
1464	  A	  0.2	  0.1	0.000	0.000	0.000
1465	  F	  0.5	  0.1	0.000	0.000	0.000
1466	  N	  0.5	  0.1	0.169	0.000	0.000
1467	  E	  0.4	  0.4	0.169	0.000	0.000
1468	  A	  0.1	  0.5	0.169	0.000	0.000
1469	  D	  0.1	  1.9	0.169	0.000	0.000
1470	  N	  0.0	  2.5	0.169	0.000	0.000
1471	  S	  0.3	  3.5	0.169	0.000	0.000
1472	  G	  0.3	  3.5	0.000	0.000	0.000
1473	  S	  0.5	  2.4	0.000	0.000	0.000
1474	  S	  0.4	  1.8	0.000	0.000	0.000
1475	  R	  0.4	  1.1	0.000	0.000	0.000
1476	  G	  0.1	  1.0	0.000	0.000	0.000
1477	  N	  0.9	  0.7	0.000	0.000	0.000
1478	  T	  6.1	  0.6	0.000	3.254	3.254
1479	  V	  8.7	  0.0	0.000	4.205	4.205
1480	  V	 10.7	  0.0	0.000	4.205	4.205
1481	  T	  8.0	  0.2	0.000	4.205	4.205
1482	  A	  5.3	  0.4	0.000	4.205	4.205
1483	  S	  2.7	  0.6	0.000	1.523	1.523
1484	  N	  0.3	  0.6	0.000	0.627	0.627
1485	  S	  1.4	  0.4	0.000	0.627	0.627
1486	  V	  7.2	  0.2	0.000	0.627	0.627
1487	  I	  7.1	  0.1	0.000	0.627	0.627
1488	  N	  6.1	  0.3	0.000	0.000	0.000
1489	  N	  0.2	  0.4	0.169	0.000	0.000
1490	  S	  0.1	  0.6	0.169	0.000	0.000
1491	  E	  0.2	  0.6	0.169	0.000	0.000
1492	  T	  0.2	  0.4	0.169	0.000	0.000
1493	  N	  0.2	  0.3	0.169	0.000	0.000
1494	  N	  0.3	  0.2	0.169	0.000	0.000
1495	  T	  0.4	  0.2	0.000	0.000	0.000
1496	  E	  0.4	  0.2	0.000	0.000	0.000
1497	  Q	  0.3	  0.2	0.000	0.000	0.000
1498	  S	  0.8	  0.6	0.000	0.000	0.000
1499	  T	  1.1	  0.5	0.000	0.000	0.000
1500	  N	  3.9	  0.4	0.000	0.000	0.000
1501	  I	  3.4	  0.5	0.000	0.000	0.000
1502	  E	  3.1	  0.2	0.000	0.000	0.000
1503	  N	  0.2	  0.8	0.000	0.000	0.000
1504	  N	  0.1	  0.9	0.000	0.000	0.000
1505	  N	  0.0	  0.8	0.126	0.000	0.000
1506	  S	  1.6	  0.8	0.126	0.000	0.000
1507	  L	  1.9	  0.2	0.126	0.000	0.000
1508	  T	  4.7	  0.1	0.126	0.000	0.000
1509	  T	  3.2	  0.4	0.126	0.000	0.000
1510	  S	  2.9	  0.9	0.126	0.000	0.000
1511	  N	  0.1	  1.4	0.000	0.000	0.000
1512	  N	  0.0	  1.4	0.000	0.000	0.000
1513	  N	  0.1	  1.9	0.000	0.000	0.000
1514	  Q	  0.2	  1.4	0.000	0.000	0.000
1515	  S	  0.3	  0.9	0.000	0.000	0.000
1516	  E	  0.7	  0.8	0.000	0.000	0.000
1517	  I	  1.5	  0.0	0.000	0.000	0.000
1518	  Y	  1.5	  0.3	0.000	0.000	0.000
1519	  G	  1.1	  0.3	0.000	0.000	0.000
1520	  T	  1.3	  0.3	0.000	0.000	0.000
1521	  A	  1.4	  0.3	0.000	0.000	0.000
1522	  T	  2.1	  0.0	0.000	0.000	0.000
1523	  T	  3.7	  0.0	0.000	0.000	0.000
1524	  L	  3.8	  0.1	0.000	0.000	0.000
1525	  T	  3.8	  0.1	0.000	0.000	0.000
1526	  N	  1.4	  0.1	0.000	0.000	0.000
1527	  S	  1.9	  0.1	0.000	0.000	0.000
1528	  I	  1.6	  0.1	0.000	0.000	0.000
1529	  K	  1.8	  0.0	0.000	0.000	0.000
1530	  H	  1.4	  0.2	0.000	0.000	0.000
1531	  T	  1.0	  0.3	0.000	0.000	0.000
1532	  N	  0.5	  0.3	0.000	0.000	0.000
1533	  D	  0.1	  0.5	0.177	0.000	0.000
1534	  A	  0.3	  0.3	0.177	0.000	0.000
1535	  L	  0.4	  0.2	0.177	0.000	0.000
1536	  H	  0.5	  0.8	0.177	0.000	0.000
1537	  E	  0.2	  0.6	0.177	0.000	0.000
1538	  N	  0.2	  0.6	0.177	0.000	0.000
1539	  S	  0.3	  0.6	0.122	0.000	0.000
1540	  A	  0.6	  0.0	0.122	0.000	0.000
1541	  I	  5.1	  0.0	0.122	0.000	0.000
1542	  S	  6.1	  0.0	0.122	0.000	0.000
1543	  V	  6.2	  0.0	0.122	0.000	0.000
1544	  Q	  1.8	  0.0	0.122	0.000	0.000
1545	  T	  1.3	  0.1	0.000	0.000	0.000
1546	  S	  2.9	  0.3	0.000	0.000	0.000
1547	  T	  3.6	  0.4	0.000	0.000	0.000
1548	  S	  3.1	  0.3	0.000	0.000	0.000
1549	  T	  1.3	  0.3	0.000	0.000	0.000
1550	  L	  0.5	  0.6	0.000	0.000	0.000
1551	  P	  0.2	  0.6	0.000	0.000	0.000
1552	  N	  1.4	  0.8	0.000	0.000	0.000
1553	  V	  2.7	  0.8	0.000	0.000	0.000
1554	  S	  2.8	  0.4	0.000	0.000	0.000
1555	  S	  3.7	  1.0	0.000	0.000	0.000
1556	  K	  2.8	  0.8	0.000	0.000	0.000
1557	  S	  3.2	  0.8	0.000	0.000	0.000
1558	  I	  1.3	  0.7	0.000	0.000	0.000
1559	  L	  0.9	  0.2	0.000	0.000	0.000
1560	  P	  0.3	  0.3	0.000	0.000	0.000
1561	  T	  1.3	  0.4	0.000	0.000	0.000
1562	  S	  1.5	  0.4	0.000	0.000	0.000
1563	  S	  1.8	  0.2	0.000	0.000	0.000
1564	  I	  1.0	  0.1	0.000	0.000	0.000
1565	  Q	  1.0	  0.1	0.000	0.000	0.000
1566	  R	  0.8	  0.1	0.000	0.000	0.000
1567	  T	  1.4	  0.2	0.000	0.000	0.000
1568	  S	  1.9	  0.2	0.000	0.000	0.000
1569	  Q	  2.3	  0.2	0.000	0.000	0.000
1570	  R	  2.5	  0.1	0.000	0.000	0.000
1571	  V	  2.0	  0.1	0.000	0.000	0.000
1572	  S	  1.5	  0.4	0.000	0.000	0.000
1573	  E	  0.3	  0.6	0.000	0.000	0.000
1574	  G	  0.1	  0.6	0.000	0.000	0.000
1575	  T	 29.8	  0.5	0.000	0.000	0.000
1576	  F	 32.2	  0.2	0.000	0.000	0.000
1577	  S	 34.2	  0.2	0.484	0.000	0.000
1578	  I	  6.7	  0.2	0.484	0.000	0.000
1579	  D	  3.1	  0.2	0.484	0.000	0.000
1580	  T	  1.9	  0.2	0.598	0.000	0.000
1581	  L	  1.1	  0.0	0.598	0.000	0.000
1582	  Y	  3.3	  0.0	0.598	0.000	0.000
1583	  E	  2.5	  0.3	0.114	0.000	0.000
1584	  A	  2.4	  0.6	0.114	0.000	0.000
1585	  S	  0.5	  1.9	0.114	0.000	0.000
1586	  G	  0.3	  2.0	0.000	0.000	0.000
1587	  S	  0.8	  1.7	0.000	0.000	0.000
1588	  H	  1.1	  1.4	0.000	0.000	0.000
1589	  H	  1.2	  0.3	0.000	0.000	0.000
1590	  K	  0.8	  0.2	0.000	0.000	0.000
1591	  K	  0.9	  0.3	0.000	0.076	0.076
1592	  S	  1.4	  0.3	0.000	0.076	0.076
1593	  T	  2.1	  0.2	0.000	0.076	0.076
1594	  T	  2.2	  0.1	1.195	0.076	0.076
1595	  L	  1.6	  0.0	1.366	0.076	0.076
1596	  L	  0.9	  0.1	1.498	0.076	0.076
1597	  E	  0.2	  0.1	1.978	0.076	0.076
1598	  S	  0.4	  0.1	4.374	2.617	2.617
1599	  M	  1.4	  0.1	4.374	22.901	22.901
1600	  M	  2.4	  0.0	4.233	62.086	62.086
1601	  L	  2.6	  0.0	4.233	94.017	94.017
1602	  I	  2.3	  0.0	4.233	99.532	99.532
1603	  F	  2.6	  0.0	4.233	99.997	99.997
1604	  I	  4.1	  0.0	3.448	99.996	99.996
1605	  I	  4.2	  0.0	3.448	99.967	99.967
1606	  F	  5.0	  0.0	3.448	99.453	99.453
1607	  F	  3.0	  0.0	1.120	96.479	96.479
1608	  I	  2.1	  0.0	0.000	0.037	0.037
