res	aa	Beta	Turn	Helix	Aggregation	Conc-Stab_Aggregation
01	  M	  1.1	  0.0	0.667	0.126	0.126
02	  L	  1.5	  0.0	2.029	91.444	91.444
03	  L	  1.9	  0.0	2.147	97.805	97.805
04	  W	  1.7	  0.0	2.500	99.769	99.769
05	  V	  2.8	  0.0	2.678	99.980	99.980
06	  L	  3.0	  0.0	2.678	99.997	99.997
07	  F	  2.8	  0.0	2.902	99.997	99.997
08	  L	  2.0	  0.0	2.902	99.966	99.966
09	  Y	  2.0	  0.0	2.793	99.781	99.781
10	  L	  1.6	  0.0	2.248	98.397	98.397
11	  L	  1.0	  0.4	2.248	90.427	90.427
12	  A	  0.4	  0.7	2.248	44.539	44.539
13	  S	  0.4	  1.4	1.822	5.640	5.640
14	  G	  0.4	  1.4	0.218	0.768	0.768
15	  S	  0.6	  1.0	0.111	0.329	0.329
16	  A	  0.7	  0.7	0.111	0.274	0.274
17	  F	  3.3	  0.0	0.111	0.254	0.254
18	  R	  3.3	  0.1	0.111	0.000	0.000
19	  F	  3.0	  0.7	0.111	0.000	0.000
20	  G	  0.4	  1.7	0.000	0.000	0.000
21	  G	  0.1	  1.8	0.000	0.000	0.000
22	  N	  0.0	  2.1	0.000	0.000	0.000
23	  D	  0.4	  1.5	0.000	0.000	0.000
24	  S	  1.1	  0.5	0.426	0.000	0.000
25	  W	  1.8	  0.4	0.426	0.000	0.000
26	  W	  1.6	  0.0	0.426	0.000	0.000
27	  N	  1.1	  0.1	2.355	0.000	0.000
28	  R	  0.9	  0.5	2.355	0.000	0.000
29	  R	  0.7	  0.5	2.355	0.000	0.000
30	  D	  0.6	  0.5	2.204	0.000	0.000
31	  L	  0.2	  0.4	2.092	0.000	0.000
32	  A	  0.1	  0.3	2.092	0.000	0.000
33	  A	  0.1	  0.5	1.782	0.000	0.000
34	  G	  0.0	  0.7	1.132	0.000	0.000
35	  G	  0.0	  0.8	0.476	0.000	0.000
36	  S	  0.1	  0.5	0.000	0.000	0.000
37	  E	  1.6	  0.3	0.000	0.000	0.000
38	  V	  8.1	  0.1	0.000	0.000	0.000
39	  A	  8.3	  0.0	0.000	0.000	0.000
40	  V	  9.0	  0.0	0.000	0.000	0.000
41	  D	  2.6	  0.0	2.011	0.000	0.000
42	  M	  3.9	  0.1	2.011	0.000	0.000
43	  Q	  2.2	  0.0	2.011	0.000	0.000
44	  L	  2.4	  0.0	2.011	0.000	0.000
45	  L	  3.2	  0.0	2.011	0.000	0.000
46	  D	  3.7	  0.0	2.163	0.000	0.000
47	  I	  4.4	  0.0	1.850	0.000	0.000
48	  V	  2.5	  0.0	1.850	0.000	0.000
49	  N	  1.4	  0.1	1.850	0.000	0.000
50	  K	  0.4	  1.9	1.148	0.000	0.000
51	  A	  0.1	  2.0	0.410	0.000	0.000
52	  D	  0.1	  2.5	0.000	0.000	0.000
53	  G	  0.0	  3.3	0.000	0.000	0.000
54	  G	  0.0	  1.6	0.000	0.000	0.000
55	  S	  1.9	  1.6	0.000	0.000	0.000
56	  T	  2.7	  1.2	0.000	0.000	0.000
57	  S	  4.6	  0.6	0.000	0.000	0.000
58	  T	  4.0	  0.6	0.000	0.000	0.000
59	  S	  3.3	  2.1	0.000	0.000	0.000
60	  S	  1.3	  2.0	0.000	0.000	0.000
61	  D	  0.1	  2.2	0.000	0.000	0.000
62	  V	  0.1	  2.3	0.000	0.000	0.000
63	  G	  0.1	  0.9	0.000	0.000	0.000
64	  A	  0.2	  1.0	0.000	0.000	0.000
65	  S	  1.0	  1.6	0.000	0.000	0.000
66	  S	  1.1	  1.4	0.000	0.000	0.000
67	  S	  1.2	  1.3	0.106	0.000	0.000
68	  A	  0.4	  1.3	0.106	0.000	0.000
69	  Q	  0.3	  0.5	0.106	0.000	0.000
70	  S	  0.1	  0.4	0.106	0.000	0.000
71	  N	  0.0	  4.6	0.106	0.000	0.000
72	  A	  0.0	  4.6	0.106	0.000	0.000
73	  D	  0.0	  4.6	0.106	0.000	0.000
74	  D	  0.1	  7.2	0.000	0.000	0.000
75	  T	  0.1	  3.1	0.000	0.000	0.000
76	  N	  0.1	  4.9	0.000	0.000	0.000
77	  G	  0.0	  5.0	0.000	0.000	0.000
78	  D	  0.0	  3.5	0.000	0.000	0.000
79	  G	  0.0	  3.6	0.000	0.000	0.000
80	  D	  0.0	  4.5	0.000	0.000	0.000
81	  D	  0.0	 10.9	0.000	0.000	0.000
82	  D	  0.0	 10.4	0.000	0.000	0.000
83	  D	  0.0	 11.2	0.000	0.000	0.000
84	  G	  0.0	  8.7	0.000	0.000	0.000
85	  D	  0.0	  4.4	0.000	0.000	0.000
86	  D	  0.0	  6.3	0.000	0.000	0.000
87	  D	  0.0	  7.9	0.000	0.000	0.000
88	  D	  0.0	 10.4	0.000	0.000	0.000
89	  D	  0.0	 14.7	0.000	0.000	0.000
90	  D	  0.0	 12.9	0.000	0.000	0.000
91	  D	  0.0	 10.3	0.000	0.000	0.000
92	  G	  0.0	  8.0	0.000	0.000	0.000
93	  E	  0.0	  1.2	0.000	0.000	0.000
94	  D	  0.0	  0.5	0.000	0.000	0.000
95	  E	  0.0	  0.3	0.000	0.000	0.000
96	  P	  0.0	  0.0	0.000	0.000	0.000
97	  Q	  0.6	  0.0	0.000	0.000	0.000
98	  I	  1.5	  0.0	0.000	0.169	0.169
99	  I	  2.7	  0.0	0.000	0.169	0.169
100	  N	  2.2	  1.1	0.161	0.169	0.169
101	  S	  1.2	  1.1	0.161	0.169	0.169
102	  N	  0.3	  1.1	0.161	0.169	0.169
103	  L	  0.8	  1.1	0.161	0.169	0.169
104	  I	  1.6	  0.0	0.161	0.169	0.169
105	  Y	  4.9	  0.0	0.161	0.169	0.169
106	  E	  7.1	  0.0	0.000	0.000	0.000
107	  W	  6.6	  0.0	0.000	0.000	0.000
108	  T	  3.4	  0.0	0.178	0.000	0.000
109	  P	  0.3	  0.0	0.178	0.000	0.000
110	  I	  2.0	  0.0	0.178	0.000	0.000
111	  I	  2.5	  0.0	0.178	0.000	0.000
112	  S	  2.7	  0.0	0.178	0.000	0.000
113	  K	  4.2	  0.0	0.178	0.000	0.000
114	  M	  3.8	  0.0	0.000	0.000	0.000
115	  T	  3.6	  2.5	0.000	0.000	0.000
116	  P	  0.2	  2.6	0.000	0.000	0.000
117	  G	  0.0	  2.6	0.000	0.000	0.000
118	  K	  1.4	  2.7	0.000	0.000	0.000
119	  V	  1.8	  0.3	0.000	0.000	0.000
120	  D	  1.9	  0.3	0.000	0.000	0.000
121	  N	  0.5	  0.3	0.000	0.000	0.000
122	  Y	  0.9	  0.2	0.000	0.695	0.695
123	  M	  1.3	  0.0	0.000	0.695	0.695
124	  F	  6.1	  0.0	0.000	0.695	0.695
125	  N	  7.9	  0.0	0.000	0.695	0.695
126	  I	  7.7	  0.0	0.000	0.695	0.695
127	  N	  3.0	  0.4	0.000	0.000	0.000
128	  P	  0.3	  0.5	0.000	0.000	0.000
129	  E	  0.1	  0.7	0.000	0.000	0.000
130	  S	  0.2	  0.8	0.000	0.000	0.000
131	  T	  0.2	  0.5	0.000	0.000	0.000
132	  G	  0.1	  0.5	0.000	0.000	0.000
133	  L	  0.1	  0.4	0.000	0.000	0.000
134	  G	  0.4	  0.3	0.000	0.000	0.000
135	  F	  0.6	  0.2	0.000	0.000	0.000
136	  A	  0.5	  0.4	0.000	0.000	0.000
137	  P	  0.1	  0.4	0.000	0.000	0.000
138	  S	  6.6	  0.4	0.539	0.000	0.000
139	  Y	 11.4	  0.4	0.539	0.000	0.000
140	  E	 11.6	  0.0	0.647	0.000	0.000
141	  I	  7.1	  0.0	0.647	93.443	93.443
142	  L	  2.5	  0.0	0.647	94.466	94.466
143	  I	  3.6	  0.0	0.647	94.514	94.514
144	  F	  2.6	  0.2	0.647	94.514	94.514
145	  L	  2.3	  0.3	0.348	94.514	94.514
146	  S	  1.1	  1.1	0.348	12.751	12.751
147	  G	  0.2	  1.1	0.000	1.608	1.608
148	  N	  0.8	  0.9	0.000	0.571	0.571
149	  I	  1.4	  0.8	0.000	0.537	0.537
150	  C	  4.3	  0.0	0.000	0.092	0.092
151	  Q	  3.6	  0.0	0.000	0.000	0.000
152	  Q	  3.0	  0.2	0.000	0.000	0.000
153	  P	  0.0	  0.3	0.000	0.000	0.000
154	  T	  0.8	  0.3	0.000	0.000	0.000
155	  N	  0.9	  0.6	0.122	0.000	0.000
156	  S	  1.4	  0.8	0.300	0.000	0.000
157	  T	  0.7	  0.8	0.554	0.000	0.000
158	  D	  0.7	  0.7	1.476	0.000	0.000
159	  L	  1.6	  0.5	1.476	0.000	0.000
160	  Q	  2.5	  0.0	1.476	0.000	0.000
161	  I	  8.4	  0.0	1.476	0.114	0.114
162	  R	  9.1	  0.0	1.476	0.114	0.114
163	  V	  9.6	  0.0	1.476	12.671	12.671
164	  Y	  5.5	  0.0	1.476	12.671	12.671
165	  Y	  8.7	  0.0	0.423	12.671	12.671
166	  S	 13.4	  0.2	2.961	12.671	12.671
167	  F	 11.9	  0.3	2.961	12.671	12.671
168	  D	  6.8	  0.3	4.557	0.114	0.114
169	  E	  0.2	  0.3	4.648	0.000	0.000
170	  K	  0.3	  0.1	4.648	0.000	0.000
171	  M	  0.8	  0.1	4.648	0.000	0.000
172	  L	  0.8	  0.1	4.254	0.000	0.000
173	  S	  0.6	  0.1	3.725	0.000	0.000
174	  N	  1.2	  0.1	2.937	0.000	0.000
175	  I	  4.4	  0.2	0.495	0.000	0.000
176	  S	  4.5	  0.1	0.495	0.000	0.000
177	  L	  3.4	  1.9	0.000	0.000	0.000
178	  G	  0.2	  1.9	0.000	0.000	0.000
179	  N	  1.7	  1.8	0.232	0.000	0.000
180	  F	  2.0	  1.9	0.232	0.000	0.000
181	  E	  2.2	  0.1	0.232	0.000	0.000
182	  T	 29.3	  0.1	0.232	0.000	0.000
183	  F	 29.2	  0.6	0.232	0.000	0.000
184	  S	 29.1	  1.8	0.460	0.000	0.000
185	  N	  0.3	  1.9	0.472	0.000	0.000
186	  G	  0.0	  1.9	0.671	0.000	0.000
187	  Y	  0.6	  1.3	0.808	0.000	0.000
188	  L	  0.8	  0.0	0.808	0.000	0.000
189	  E	  0.8	  0.0	0.808	0.000	0.000
190	  A	  0.4	  0.0	0.808	0.000	0.000
191	  L	  1.8	  0.0	0.808	0.000	0.000
192	  Q	  3.3	  0.0	0.808	0.000	0.000
193	  I	  3.4	  0.0	0.083	0.000	0.000
194	  S	  1.8	  0.0	0.083	0.000	0.000
195	  P	  0.2	  0.0	0.000	0.000	0.000
196	  V	  1.1	  0.0	0.000	0.000	0.000
197	  N	  1.3	  0.0	0.000	0.000	0.000
198	  H	  1.9	  0.1	0.000	0.000	0.000
199	  T	  0.9	  1.0	0.000	0.000	0.000
200	  S	  0.7	  1.8	0.000	0.000	0.000
201	  N	  0.1	  2.1	0.000	0.000	0.000
202	  G	  0.1	  2.1	0.000	0.000	0.000
203	  T	  0.8	  1.2	0.000	0.000	0.000
204	  T	  2.5	  0.5	0.000	0.000	0.000
205	  L	  2.9	  0.2	0.000	0.000	0.000
206	  N	  2.2	  0.3	0.268	0.000	0.000
207	  S	  1.1	  1.8	0.268	0.000	0.000
208	  K	  0.8	  1.7	0.268	0.000	0.000
209	  N	  1.1	  1.6	0.268	1.560	1.560
210	  L	  1.1	  1.5	0.268	41.483	41.483
211	  Y	  2.4	  0.0	0.268	43.096	43.096
212	  V	 10.2	  0.0	0.000	43.242	43.242
213	  S	 12.8	  0.0	0.612	43.242	43.242
214	  V	 14.6	  0.0	0.612	43.340	43.340
215	  R	  7.2	  0.0	1.204	40.932	40.932
216	  L	  3.9	  0.0	1.204	40.932	40.932
217	  W	  1.3	  0.0	1.204	40.932	40.932
218	  D	  1.0	  0.0	1.204	40.932	40.932
219	  L	  1.3	  0.1	1.204	40.833	40.833
220	  I	  0.8	  0.1	1.204	40.038	40.038
221	  N	  0.7	  0.1	1.790	0.874	0.874
222	  D	  0.2	  0.2	0.865	0.000	0.000
223	  K	  0.5	  0.2	0.586	0.000	0.000
224	  E	  5.2	  0.2	0.586	0.000	0.000
225	  V	  5.4	  0.1	0.586	0.000	0.000
226	  D	  4.9	  4.2	0.586	0.000	0.000
227	  K	  0.3	  4.2	0.304	0.000	0.000
228	  D	  0.0	  4.2	0.192	0.000	0.000
229	  D	  0.0	  8.0	0.873	0.000	0.000
230	  P	  0.0	  3.8	0.873	0.000	0.000
231	  N	  1.8	  3.8	0.873	0.000	0.000
232	  I	  2.0	  3.9	0.873	0.000	0.000
233	  K	  2.1	  0.1	0.873	0.000	0.000
234	  N	  0.6	  0.1	0.873	0.000	0.000
235	  L	  0.9	  0.1	0.333	0.000	0.000
236	  T	  1.6	  0.1	0.000	0.000	0.000
237	  S	  1.5	  0.1	0.000	0.000	0.000
238	  T	  1.2	  0.1	0.261	0.000	0.000
239	  E	  1.7	  0.1	0.261	0.000	0.000
240	  W	  2.7	  0.1	0.261	0.000	0.000
241	  D	  3.6	  0.1	0.261	0.000	0.000
242	  Y	  4.1	  0.1	0.261	0.000	0.000
243	  R	  3.2	  0.0	0.261	0.000	0.000
244	  L	  3.7	  0.0	0.261	0.000	0.000
245	  S	  7.3	  0.2	0.139	0.000	0.000
246	  I	  7.1	  0.2	0.000	0.000	0.000
247	  S	  5.7	  2.4	0.847	0.000	0.000
248	  E	  0.3	  2.4	0.847	0.000	0.000
249	  N	  0.1	  2.3	0.847	0.000	0.000
250	  D	  0.2	  2.3	0.847	0.000	0.000
251	  L	  1.3	  0.1	0.847	1.751	1.751
252	  V	  5.3	  0.0	0.847	1.751	1.751
253	  F	  9.6	  0.0	0.847	1.751	1.751
254	  Q	  9.5	  0.0	0.219	1.751	1.751
255	  W	  5.9	  0.1	0.100	1.751	1.751
256	  D	  1.7	  0.1	0.000	0.000	0.000
257	  T	  2.6	  0.1	0.000	0.000	0.000
258	  R	  3.5	  0.1	0.000	0.000	0.000
259	  S	  3.8	  0.0	0.159	0.000	0.000
260	  W	  2.4	  0.0	0.159	0.000	0.000
261	  I	  7.4	  0.0	0.159	0.000	0.000
262	  D	  7.0	  0.0	0.159	0.000	0.000
263	  V	  8.9	  0.0	0.159	0.000	0.000
264	  L	  2.8	  0.1	0.159	0.000	0.000
265	  D	  2.8	  1.0	0.000	0.000	0.000
266	  T	  0.8	  1.0	0.000	0.000	0.000
267	  D	  0.6	  1.2	0.000	0.000	0.000
268	  S	  2.6	  1.4	0.108	0.000	0.000
269	  T	  2.5	  0.6	0.232	0.000	0.000
270	  S	  2.5	  0.5	0.232	0.000	0.000
271	  A	  0.8	  0.3	0.232	0.268	0.268
272	  L	  0.8	  0.0	0.232	0.268	0.268
273	  I	  1.6	  0.1	0.232	0.268	0.268
274	  S	  1.4	  0.2	0.232	0.268	0.268
275	  T	  1.0	  0.6	0.000	0.268	0.268
276	  G	  0.1	  0.6	0.000	0.000	0.000
277	  N	  2.0	  0.4	0.000	0.000	0.000
278	  V	  3.5	  0.4	0.000	0.000	0.000
279	  T	  3.5	  0.7	0.000	0.000	0.000
280	  D	  1.5	  1.8	0.000	0.000	0.000
281	  D	  0.0	  1.9	0.000	0.000	0.000
282	  G	  0.0	  1.8	0.180	0.000	0.000
283	  Q	  1.2	  1.2	0.180	0.000	0.000
284	  I	  2.2	  0.0	0.180	0.583	0.583
285	  Y	  2.4	  0.3	0.180	0.583	0.583
286	  S	  1.2	  0.3	0.329	0.583	0.583
287	  N	  1.6	  0.3	0.329	0.583	0.583
288	  Y	  9.9	  0.2	0.149	0.583	0.583
289	  T	 12.2	  0.0	0.149	0.583	0.583
290	  I	 11.4	  0.0	0.149	0.583	0.583
291	  Y	  3.1	  0.0	0.149	0.455	0.455
292	  D	  0.6	  0.3	0.865	0.000	0.000
293	  P	  0.2	  0.3	0.865	0.000	0.000
294	  T	  1.1	  0.3	2.188	0.000	0.000
295	  L	  1.4	  0.3	2.188	0.000	0.000
296	  Y	  2.5	  0.0	2.188	0.000	0.000
297	  D	  1.7	  0.0	2.188	0.000	0.000
298	  L	  1.9	  0.0	2.188	5.739	5.739
299	  Y	  1.3	  0.0	2.188	6.342	6.342
300	  L	  1.3	  0.0	1.873	6.342	6.342
301	  Y	 11.8	  0.0	1.343	6.342	6.342
302	  T	 17.1	  0.0	4.112	6.342	6.342
303	  Y	 17.0	  0.0	4.112	4.041	4.041
304	  D	  6.4	  0.1	6.394	0.000	0.000
305	  E	  1.2	  0.1	6.759	0.000	0.000
306	  Y	  2.6	  0.2	6.759	0.000	0.000
307	  Q	  3.1	  0.1	6.759	0.000	0.000
308	  K	  2.3	  0.0	6.514	0.000	0.000
309	  F	  1.7	  0.2	5.953	0.606	0.606
310	  L	  3.9	  0.2	4.756	0.606	0.606
311	  N	  4.9	  0.3	5.472	0.606	0.606
312	  V	  4.3	  0.4	2.453	0.606	0.606
313	  S	  1.6	  0.3	2.761	0.606	0.606
314	  E	  0.7	  0.3	1.698	0.000	0.000
315	  L	  1.9	  0.1	1.698	1.110	1.110
316	  S	  2.5	  0.1	3.647	1.307	1.307
317	  L	  2.5	  0.1	3.244	1.307	1.307
318	  C	  1.6	  0.1	3.195	1.307	1.307
319	  A	  1.5	  0.0	2.905	1.307	1.307
320	  I	  1.4	  0.4	2.905	1.307	1.307
321	  K	  0.7	  0.4	2.905	0.000	0.000
322	  N	  0.3	  0.5	1.139	0.000	0.000
323	  G	  0.0	  0.8	0.776	0.000	0.000
324	  P	  0.0	  0.4	0.000	0.000	0.000
325	  H	  0.8	  0.4	0.000	0.000	0.000
326	  L	  1.5	  0.3	0.000	0.000	0.000
327	  V	  2.8	  0.1	0.000	0.000	0.000
328	  S	  2.1	  0.4	0.000	0.000	0.000
329	  S	  1.4	  1.1	0.144	0.000	0.000
330	  E	  0.1	  1.4	0.144	0.000	0.000
331	  G	  0.0	  1.6	0.298	0.000	0.000
332	  A	  0.2	  1.3	0.298	0.000	0.000
333	  S	  0.9	  0.8	0.298	0.000	0.000
334	  A	  1.0	  0.5	0.298	0.000	0.000
335	  T	  0.9	  0.2	0.298	0.000	0.000
336	  N	  0.1	  0.2	0.298	0.000	0.000
337	  P	  0.0	  0.2	0.000	0.000	0.000
338	  P	  0.0	  0.2	0.000	0.000	0.000
339	  L	  0.7	  0.2	0.000	0.000	0.000
340	  E	  0.7	  0.2	0.000	0.000	0.000
341	  M	  0.9	  0.0	0.000	0.000	0.000
342	  L	  0.3	  0.0	0.000	0.000	0.000
343	  Q	  0.3	  0.2	0.000	0.000	0.000
344	  E	  0.1	  0.3	0.000	0.000	0.000
345	  T	  0.1	  0.3	0.336	0.000	0.000
346	  G	  0.1	  0.3	0.636	0.000	0.000
347	  L	  1.7	  0.1	0.636	0.000	0.000
348	  K	  2.2	  0.0	0.636	0.000	0.000
349	  I	  2.4	  0.0	0.636	0.000	0.000
350	  Q	  0.9	  0.1	0.636	0.000	0.000
351	  K	  1.3	  0.1	0.413	0.000	0.000
352	  R	  2.8	  0.1	0.226	0.000	0.000
353	  I	  2.9	  0.0	0.113	0.000	0.000
354	  A	  2.0	  0.1	0.113	0.000	0.000
355	  E	  0.4	  0.2	0.113	0.000	0.000
356	  S	  0.9	  3.0	0.113	0.000	0.000
357	  S	  1.0	  3.2	0.155	0.000	0.000
358	  S	  0.9	  3.2	0.261	0.000	0.000
359	  G	  0.5	  3.1	0.425	0.000	0.000
360	  I	  0.8	  0.3	0.425	0.000	0.000
361	  A	  0.8	  0.2	0.425	0.000	0.000
362	  E	  0.5	  0.1	0.425	0.000	0.000
363	  Q	  3.1	  0.1	0.425	0.503	0.503
364	  F	  4.1	  0.1	0.165	5.338	5.338
365	  Y	  4.7	  0.0	0.000	6.092	6.092
366	  I	  4.3	  0.0	0.000	6.092	6.092
367	  T	  3.3	  0.1	0.000	6.092	6.092
368	  G	  2.6	  0.1	0.000	5.760	5.760
369	  L	  0.3	  0.1	0.000	5.045	5.045
370	  T	  0.2	  0.7	0.000	0.000	0.000
371	  P	  0.1	  0.7	0.000	0.000	0.000
372	  N	  0.3	  0.7	0.236	0.000	0.000
373	  T	  3.7	  0.7	0.997	2.591	2.591
374	  T	  7.1	  0.0	2.850	6.892	6.892
375	  Y	  7.4	  0.0	2.850	12.267	12.267
376	  A	  4.1	  0.0	2.850	12.584	12.584
377	  A	  1.1	  0.0	2.850	12.584	12.584
378	  F	  0.8	  0.0	3.011	12.584	12.584
379	  L	  1.1	  0.0	2.742	10.879	10.879
380	  T	  1.8	  0.1	2.544	2.453	2.453
381	  K	  1.5	  0.1	2.544	0.000	0.000
382	  K	  1.4	  0.2	1.973	0.000	0.000
383	  I	  0.4	  0.6	1.351	0.000	0.000
384	  G	  0.3	  1.4	1.351	0.000	0.000
385	  K	  0.1	  1.5	0.200	0.000	0.000
386	  G	  0.0	  1.4	0.000	0.000	0.000
387	  Q	  0.2	  1.0	0.000	0.000	0.000
388	  S	  5.5	  0.6	0.000	0.000	0.000
389	  L	  5.6	  0.7	0.000	0.000	0.000
390	  S	  5.4	  0.6	0.000	0.000	0.000
391	  N	  0.1	  0.8	0.000	0.000	0.000
392	  V	  0.1	  2.3	0.000	2.452	2.452
393	  G	  0.1	  2.2	0.000	2.640	2.640
394	  G	  0.0	  2.2	0.000	2.640	2.640
395	  V	  1.5	  2.0	0.000	2.640	2.640
396	  L	  1.9	  0.0	0.000	2.640	2.640
397	  F	  2.7	  0.0	0.000	2.464	2.464
398	  D	  1.2	  0.0	0.000	0.000	0.000
399	  A	  1.0	  0.0	0.000	0.000	0.000
400	  E	  0.7	  0.0	0.000	0.000	0.000
401	  I	  2.1	  0.0	0.000	0.000	0.000
402	  F	  3.5	  0.0	0.000	0.000	0.000
403	  T	  5.3	  0.0	0.000	0.000	0.000
404	  T	  4.7	  0.1	0.000	0.000	0.000
405	  Q	  3.2	  0.1	0.000	0.000	0.000
406	  T	  0.9	  0.4	0.000	0.000	0.000
407	  S	  0.1	  0.5	0.000	0.000	0.000
408	  D	  0.1	  0.6	0.165	0.000	0.000
409	  A	  0.2	  0.5	0.165	0.399	0.399
410	  C	  1.6	  0.2	0.165	0.870	0.870
411	  S	  1.9	  0.2	0.165	2.780	2.780
412	  L	  2.2	  0.1	0.165	15.430	15.430
413	  I	  1.8	  0.1	0.165	16.934	16.934
414	  F	  1.6	  0.0	0.165	17.046	17.046
415	  G	  1.1	  0.0	0.165	16.176	16.176
416	  M	  2.8	  0.0	0.000	15.703	15.703
417	  S	  5.4	  0.0	0.000	10.473	10.473
418	  F	  7.5	  0.0	0.000	9.837	9.837
419	  C	  5.1	  0.7	0.000	0.729	0.729
420	  S	  2.3	  1.8	0.000	0.000	0.000
421	  D	  0.1	  1.8	0.000	0.000	0.000
422	  N	  0.2	  1.9	0.000	0.000	0.000
423	  A	  0.6	  1.2	0.000	0.000	0.000
424	  Y	  8.3	  0.1	0.000	0.000	0.000
425	  S	  8.3	  0.1	0.000	0.000	0.000
426	  V	  7.8	  0.2	0.000	0.000	0.000
427	  P	  0.2	  0.3	0.000	0.000	0.000
428	  S	  0.1	  0.4	0.000	0.000	0.000
429	  S	  0.1	  0.4	0.414	0.000	0.000
430	  E	  2.5	  0.2	0.414	0.000	0.000
431	  F	  4.4	  0.3	0.414	0.000	0.000
432	  T	  4.3	  0.6	0.414	0.000	0.000
433	  N	  2.0	  1.3	0.414	0.000	0.000
434	  G	  0.0	  1.3	0.414	0.000	0.000
435	  N	  0.0	  2.6	0.231	0.000	0.000
436	  K	  0.1	  2.7	0.000	0.000	0.000
437	  S	  0.1	  2.0	0.000	0.000	0.000
438	  D	  0.0	  2.0	0.303	0.000	0.000
439	  L	  0.4	  0.5	0.303	0.000	0.000
440	  A	  0.5	  0.0	0.303	0.000	0.000
441	  I	  3.3	  0.0	0.303	0.000	0.000
442	  E	  4.8	  0.0	0.303	0.000	0.000
443	  Y	  5.0	  0.3	0.303	0.000	0.000
444	  D	  2.4	  0.3	0.318	0.000	0.000
445	  N	  0.7	  0.3	1.113	0.000	0.000
446	  I	  1.4	  0.3	1.113	0.906	0.906
447	  A	  1.5	  0.0	1.113	1.019	1.019
448	  S	  1.3	  0.0	1.236	1.019	1.019
449	  A	  0.4	  0.0	1.236	1.019	1.019
450	  L	  0.8	  0.0	1.236	1.019	1.019
451	  Y	  1.0	  0.3	1.046	0.864	0.864
452	  S	  0.9	  0.3	0.474	0.201	0.201
453	  N	  1.4	  0.5	0.405	0.201	0.201
454	  F	  3.2	  0.5	0.283	0.201	0.201
455	  S	  3.3	  0.3	0.529	0.000	0.000
456	  K	  2.3	  0.3	0.529	0.000	0.000
457	  A	  0.4	  0.1	0.529	0.000	0.000
458	  L	  1.8	  0.1	0.529	0.000	0.000
459	  Q	  2.9	  0.0	0.529	0.000	0.000
460	  L	  2.8	  0.0	0.246	0.000	0.000
461	  V	  1.4	  0.0	0.000	0.000	0.000
462	  P	  0.1	  0.0	0.000	0.000	0.000
463	  C	  0.8	  0.0	0.133	0.000	0.000
464	  D	  0.7	  2.3	0.803	0.000	0.000
465	  A	  0.8	  2.3	0.913	0.000	0.000
466	  D	  0.2	  3.9	1.546	0.000	0.000
467	  L	  0.3	  3.9	1.546	0.000	0.000
468	  D	  0.4	  1.8	1.546	0.000	0.000
469	  A	  0.4	  1.7	1.546	0.000	0.000
470	  R	  2.0	  0.1	1.546	0.000	0.000
471	  Y	  2.4	  0.1	1.327	0.000	0.000
472	  S	  2.2	  0.0	0.128	0.000	0.000
473	  P	  0.4	  0.0	0.000	0.000	0.000
474	  I	  1.0	  0.0	0.000	0.000	0.000
475	  R	  1.1	  0.1	0.000	0.000	0.000
476	  T	  3.1	  0.2	0.000	0.000	0.000
477	  C	  2.2	  0.8	0.000	0.000	0.000
478	  D	  2.1	  0.8	0.000	0.000	0.000
479	  D	  0.2	  0.8	1.331	0.000	0.000
480	  C	  0.2	  0.9	1.331	0.000	0.000
481	  A	  0.4	  0.3	1.331	0.000	0.000
482	  T	  1.8	  0.2	1.331	0.000	0.000
483	  S	  8.0	  0.2	1.560	0.000	0.000
484	  Y	  8.4	  0.2	1.560	0.000	0.000
485	  R	  7.2	  0.2	0.677	0.000	0.000
486	  D	  1.1	  0.2	0.351	0.000	0.000
487	  W	  1.2	  0.2	0.229	43.886	43.886
488	  I	  1.6	  0.0	0.229	43.886	43.886
489	  C	  2.4	  0.0	0.229	43.886	43.886
490	  A	  2.2	  0.0	0.111	43.886	43.886
491	  V	  7.5	  0.0	0.111	43.886	43.886
492	  S	  6.5	  0.0	0.111	5.154	5.154
493	  I	  6.0	  0.1	0.000	0.304	0.304
494	  P	  0.1	  0.2	0.000	0.155	0.155
495	  R	  0.8	  0.2	0.000	0.000	0.000
496	  C	  1.0	  0.3	0.000	0.000	0.000
497	  S	  1.7	  0.2	0.000	0.000	0.000
498	  T	  1.2	  0.2	0.000	0.000	0.000
499	  T	  1.2	  0.3	0.000	0.000	0.000
500	  E	  0.6	  0.3	0.000	0.000	0.000
501	  S	  1.2	  1.2	0.000	0.000	0.000
502	  S	  1.2	  1.2	0.000	0.333	0.333
503	  S	  2.0	  1.1	0.199	0.333	0.333
504	  Y	  1.7	  1.0	0.199	0.333	0.333
505	  I	  2.8	  0.0	0.199	0.333	0.333
506	  Y	  3.8	  0.1	0.199	0.333	0.333
507	  R	  3.4	  0.1	0.199	0.000	0.000
508	  S	  2.7	  0.3	0.199	0.000	0.000
509	  K	  1.0	  0.4	0.000	0.000	0.000
510	  T	  0.8	  0.5	0.000	0.000	0.000
511	  D	  0.2	  0.5	0.000	0.000	0.000
512	  N	  0.1	  2.0	0.000	0.000	0.000
513	  R	  0.1	  1.9	0.000	0.000	0.000
514	  N	  1.0	  1.7	0.000	0.000	0.000
515	  S	  1.9	  1.7	0.490	0.000	0.000
516	  Y	  3.4	  0.1	0.490	0.000	0.000
517	  V	  2.8	  0.1	0.490	0.000	0.000
518	  N	  2.1	  0.1	0.490	0.000	0.000
519	  K	  0.9	  0.1	0.490	0.000	0.000
520	  F	  3.1	  0.0	0.490	0.000	0.000
521	  I	  3.4	  0.0	0.113	0.000	0.000
522	  K	  2.9	  0.2	0.113	0.000	0.000
523	  P	  0.4	  0.2	0.000	0.000	0.000
524	  T	  0.1	  0.6	0.000	0.000	0.000
525	  E	  0.1	  0.6	0.000	0.000	0.000
526	  D	  1.0	  0.4	0.000	0.000	0.000
527	  Y	  3.2	  0.4	0.000	0.000	0.000
528	  Y	 11.5	  0.0	0.000	0.000	0.000
529	  E	 11.4	  0.0	0.000	0.000	0.000
530	  V	  9.7	  0.0	0.000	0.000	0.000
531	  L	  1.4	  0.0	0.000	0.000	0.000
532	  P	  0.4	  0.0	0.000	0.000	0.000
533	  C	  2.9	  0.1	0.000	0.000	0.000
534	  I	  5.6	  0.1	0.000	0.000	0.000
535	  D	  5.8	  0.1	0.301	0.000	0.000
536	  M	  4.0	  0.1	0.301	6.757	6.757
537	  C	  6.7	  0.0	0.592	11.363	11.363
538	  Y	  7.4	  0.0	0.592	11.363	11.363
539	  A	  6.9	  0.0	0.592	11.363	11.363
540	  I	  5.9	  0.0	0.592	11.363	11.363
541	  V	  5.6	  0.1	0.592	10.258	10.258
542	  R	  5.1	  0.1	0.592	0.000	0.000
543	  D	  0.8	  0.1	0.355	0.000	0.000
544	  C	  0.1	  0.8	0.355	0.000	0.000
545	  P	  0.0	  0.7	0.000	0.000	0.000
546	  S	  0.8	  0.7	0.175	0.368	0.368
547	  V	  4.4	  0.7	0.175	0.368	0.368
548	  F	  7.4	  0.0	0.175	0.368	0.368
549	  N	  7.3	  0.0	0.175	0.368	0.368
550	  F	  9.7	  0.0	0.175	0.368	0.368
551	  K	  6.7	  0.0	0.175	0.000	0.000
552	  C	  6.0	  1.6	0.175	0.000	0.000
553	  P	  0.1	  1.7	0.000	0.000	0.000
554	  D	  0.1	  1.8	0.000	0.000	0.000
555	  Q	  0.1	  1.9	0.000	0.000	0.000
556	  E	  0.2	  0.3	0.000	0.000	0.000
557	  S	  0.1	  0.2	0.000	0.000	0.000
558	  E	  0.1	  0.2	0.000	0.000	0.000
559	  P	  0.0	  0.2	0.000	0.000	0.000
560	  E	  0.0	  0.2	0.000	0.000	0.000
561	  L	  0.5	  0.2	0.000	7.248	7.248
562	  L	  0.7	  0.1	0.000	8.386	8.386
563	  F	  2.0	  0.1	0.000	8.386	8.386
564	  Q	  2.3	  0.1	0.000	8.386	8.386
565	  S	 10.8	  0.4	0.000	8.386	8.386
566	  Y	 13.9	  0.4	0.000	8.386	8.386
567	  N	 14.9	  0.3	0.000	8.191	8.191
568	  I	  7.0	  0.3	0.000	8.191	8.191
569	  F	  2.9	  0.1	0.000	7.685	7.685
570	  K	  1.0	  0.1	0.000	0.000	0.000
571	  Q	  0.8	  0.1	0.000	0.000	0.000
572	  S	  0.3	  0.1	0.000	0.000	0.000
573	  S	  0.2	  0.2	0.000	0.000	0.000
574	  P	  0.0	  0.1	0.000	0.000	0.000
575	  F	  0.7	  0.1	0.000	7.225	7.225
576	  I	 10.7	  0.1	0.000	7.700	7.700
577	  T	 12.9	  0.1	0.000	7.700	7.700
578	  C	 12.7	  0.1	0.000	7.700	7.700
579	  N	  3.7	  0.1	0.000	7.700	7.700
580	  F	  1.6	  0.1	0.000	7.700	7.700
581	  I	  1.1	  1.2	0.000	7.161	7.161
582	  G	  0.4	  1.2	0.000	0.553	0.553
583	  N	  0.1	  2.1	0.114	0.000	0.000
584	  A	  0.6	  2.1	0.114	0.000	0.000
585	  S	  1.1	  0.8	0.442	0.000	0.000
586	  Y	  1.9	  0.8	0.442	0.000	0.000
587	  L	  2.9	  0.0	0.442	0.000	0.000
588	  K	  3.4	  0.0	0.442	0.000	0.000
589	  I	  3.2	  0.0	0.442	0.000	0.000
590	  H	  1.5	  0.0	0.442	0.000	0.000
591	  K	  0.6	  0.0	0.000	0.000	0.000
