res	aa	Beta	Turn	Helix	Aggregation	Conc-Stab_Aggregation
01	  M	  0.1	  0.0	0.000	0.000	0.000
02	  N	  0.1	  2.1	0.367	0.000	0.000
03	  P	  0.1	  2.1	0.367	0.073	0.073
04	  S	  0.8	  2.1	1.298	10.420	10.420
05	  F	  2.1	  2.1	1.410	93.026	93.026
06	  I	  4.0	  0.0	1.757	99.402	99.402
07	  I	  4.2	  0.0	2.005	99.951	99.951
08	  F	  4.2	  0.0	2.164	99.996	99.996
09	  F	  3.1	  0.0	2.668	99.999	99.999
10	  F	  2.9	  0.0	3.121	99.925	99.925
11	  L	  3.0	  0.0	2.831	98.904	98.904
12	  Q	  2.9	  0.0	2.831	92.990	92.990
13	  I	  5.1	  0.0	2.831	92.744	92.744
14	  L	  3.9	  0.0	2.831	89.918	89.918
15	  V	  5.0	  0.0	2.831	83.059	83.059
16	  R	  2.8	  0.0	2.831	0.000	0.000
17	  S	  5.8	  0.0	0.382	0.000	0.000
18	  V	  3.9	  0.0	0.000	0.000	0.000
19	  R	  3.2	  0.0	0.000	0.000	0.000
20	  A	  0.0	  0.0	0.000	0.000	0.000
21	  D	  0.0	  0.0	0.000	0.000	0.000
22	  V	  0.0	  0.0	-1.#IO	0.000	0.000
23	  T	  0.0	  0.0	-1.#IO	0.000	0.000
24	  I	  0.0	  0.0	-1.#IO	0.000	0.000
25	  S	  0.0	  0.0	-1.#IO	0.000	0.000
26	  A	  0.0	  0.0	-1.#IO	0.000	0.000
27	  D	  0.0	  0.0	-1.#IO	0.000	0.000
28	  Q	  0.0	  0.0	-1.#IO	0.000	0.000
29	  T	  0.0	  0.0	-1.#IO	0.000	0.000
30	  A	  0.0	  0.0	-1.#IO	0.000	0.000
31	  S	  0.0	  0.0	-1.#IO	0.000	0.000
32	  T	  0.0	  0.0	-1.#IO	0.000	0.000
33	  D	  0.0	  0.0	-1.#IO	0.000	0.000
34	  V	  0.0	  0.0	-1.#IO	0.000	0.000
35	  L	  0.0	  0.0	-1.#IO	0.000	0.000
36	  Y	  0.0	  0.0	-1.#IO	0.000	0.000
37	  S	  0.0	  0.0	-1.#IO	0.000	0.000
38	  E	  0.0	  0.0	-1.#IO	0.000	0.000
39	  P	  0.0	  0.0	-1.#IO	0.000	0.000
40	  V	  0.0	  0.0	-1.#IO	0.000	0.000
41	  S	  0.0	  0.0	-1.#IO	0.000	0.000
42	  I	  0.0	  0.0	-1.#IO	0.000	0.000
43	  L	  0.0	  0.0	-1.#IO	0.000	0.000
44	  K	  0.0	  0.0	-1.#IO	0.000	0.000
45	  D	  0.0	  0.0	-1.#IO	0.000	0.000
46	  V	  0.0	  0.0	-1.#IO	0.000	0.000
47	  K	  0.0	  0.0	0.000	0.000	0.000
48	  Y	  0.0	  0.0	0.000	0.000	0.000
49	  T	  4.6	  0.0	0.000	0.000	0.000
50	  V	  5.2	  0.0	0.000	0.000	0.000
51	  N	  5.2	  2.0	2.928	0.000	0.000
52	  A	  0.7	  2.1	2.928	0.000	0.000
53	  D	  0.0	  2.1	2.928	0.000	0.000
54	  T	  2.6	  2.1	2.928	0.000	0.000
55	  L	  4.0	  0.1	2.928	0.000	0.000
56	  Q	  6.9	  0.0	2.928	0.000	0.000
57	  F	  6.3	  0.2	1.178	0.000	0.000
58	  T	  4.8	  0.7	0.000	0.000	0.000
59	  N	  1.9	  0.8	0.000	0.000	0.000
60	  G	  0.1	  0.9	0.000	0.000	0.000
61	  L	  0.2	  0.8	0.000	0.000	0.000
62	  N	  0.2	  0.3	0.000	0.000	0.000
63	  N	  0.1	  0.8	0.255	0.000	0.000
64	  A	  0.0	  0.8	0.255	1.888	1.888
65	  G	  0.0	  0.7	0.255	3.916	3.916
66	  T	  1.2	  0.7	0.255	14.251	14.251
67	  L	  2.4	  0.2	0.255	14.251	14.251
68	  V	  4.4	  0.0	0.255	14.251	14.251
69	  F	  3.4	  0.3	0.255	14.081	14.081
70	  A	  2.2	  0.3	0.000	12.052	12.052
71	  D	  0.7	  0.3	0.000	0.000	0.000
72	  T	  1.0	  0.5	0.000	0.000	0.000
73	  V	  1.1	  1.0	0.000	0.000	0.000
74	  G	  0.6	  1.3	0.000	0.000	0.000
75	  S	  0.1	  1.4	1.009	0.000	0.000
76	  D	  0.0	  1.4	1.118	0.000	0.000
77	  A	  0.1	  0.7	1.118	0.000	0.000
78	  E	  0.3	  0.3	1.118	0.000	0.000
79	  Q	  0.6	  0.3	1.118	0.000	0.000
80	  K	  1.1	  0.1	1.118	0.000	0.000
81	  L	  2.6	  0.0	0.507	0.615	0.615
82	  V	  6.6	  0.0	0.112	0.615	0.615
83	  V	  6.4	  0.4	0.112	0.615	0.615
84	  S	  4.6	  0.7	0.112	0.615	0.615
85	  N	  0.3	  1.3	0.000	0.615	0.615
86	  G	  0.0	  1.3	0.000	0.000	0.000
87	  D	  0.4	  0.9	0.000	0.000	0.000
88	  F	  1.8	  0.7	0.000	0.000	0.000
89	  I	  2.9	  0.1	0.000	0.000	0.000
90	  N	  2.4	  0.6	0.000	0.000	0.000
91	  S	  1.1	  0.6	0.000	0.000	0.000
92	  G	  0.1	  0.6	0.000	0.000	0.000
93	  E	  4.5	  0.5	0.000	0.000	0.000
94	  V	 12.0	  0.1	0.000	0.000	0.000
95	  D	 13.0	  0.0	0.000	0.000	0.000
96	  V	 15.1	  0.0	0.000	0.000	0.000
97	  T	  9.3	  0.1	0.000	0.000	0.000
98	  C	  8.5	  0.1	0.000	0.000	0.000
99	  N	  2.7	  0.1	0.000	0.000	0.000
100	  S	  4.0	  0.1	0.000	0.000	0.000
101	  V	  6.4	  0.0	0.000	0.000	0.000
102	  T	  6.3	  0.0	0.000	0.000	0.000
103	  T	  3.1	  0.5	0.000	0.000	0.000
104	  P	  0.2	  0.5	0.000	0.000	0.000
105	  S	  0.6	  0.5	0.000	0.377	0.377
106	  Y	  1.3	  0.5	0.000	3.689	3.689
107	  M	  1.8	  0.0	0.000	4.077	4.077
108	  F	  6.4	  0.0	0.000	4.077	4.077
109	  N	  6.0	  0.0	0.286	4.077	4.077
110	  V	  6.3	  0.4	0.286	4.077	4.077
111	  A	  1.2	  0.4	0.286	2.241	2.241
112	  N	  1.5	  0.4	0.286	0.301	0.301
113	  F	  1.3	  0.6	0.286	0.301	0.301
114	  K	  1.3	  0.3	0.286	0.000	0.000
115	  N	  0.6	  0.9	0.431	0.000	0.000
116	  E	  0.1	  1.3	0.431	0.000	0.000
117	  G	  0.0	  1.0	0.431	0.440	0.440
118	  T	  1.2	  1.0	0.431	0.440	0.440
119	  M	  1.9	  0.4	0.431	0.440	0.440
120	  Y	  3.2	  0.0	0.431	0.440	0.440
121	  F	  2.2	  0.4	0.431	0.440	0.440
122	  K	  1.6	  0.5	0.206	0.000	0.000
123	  G	  0.4	  0.5	0.000	0.000	0.000
124	  T	  0.7	  1.1	0.000	0.000	0.000
125	  Q	  0.7	  2.6	0.000	0.000	0.000
126	  N	  0.6	  2.5	0.000	0.000	0.000
127	  G	  0.0	  2.5	0.000	0.000	0.000
128	  V	  3.3	  1.9	0.000	0.000	0.000
129	  Q	  3.5	  0.0	0.000	0.000	0.000
130	  Y	  3.6	  0.7	0.000	0.000	0.000
131	  G	  0.4	  1.1	0.000	0.000	0.000
132	  A	  0.2	  1.1	0.000	0.000	0.000
133	  N	  0.2	  1.1	0.456	0.000	0.000
134	  Q	  0.8	  0.4	0.456	1.310	1.310
135	  V	  7.8	  0.0	0.456	6.245	6.245
136	  T	  8.2	  0.0	0.456	6.245	6.245
137	  L	  8.0	  0.0	0.456	6.245	6.245
138	  I	  1.9	  0.0	0.456	6.245	6.245
139	  S	  1.9	  0.1	0.456	5.081	5.081
140	  T	  1.8	  0.1	0.000	1.428	1.428
141	  T	  1.2	  0.2	0.000	0.537	0.537
142	  E	  0.5	  0.2	0.000	0.000	0.000
143	  S	  0.8	  0.1	0.000	0.000	0.000
144	  I	  1.7	  0.2	0.000	0.000	0.000
145	  V	  2.2	  0.1	0.000	0.000	0.000
146	  N	  1.6	  0.8	0.000	0.000	0.000
147	  D	  0.5	  1.1	0.000	0.000	0.000
148	  G	  0.0	  1.1	0.000	0.000	0.000
149	  S	  1.7	  1.0	0.000	0.000	0.000
150	  M	  6.2	  0.3	0.000	0.000	0.000
151	  T	 13.1	  0.1	0.000	0.000	0.000
152	  F	 11.8	  1.4	0.000	0.000	0.000
153	  D	  7.4	  1.4	0.000	0.000	0.000
154	  G	  0.4	  1.4	0.270	0.000	0.000
155	  I	  0.2	  1.4	0.270	0.000	0.000
156	  E	  0.2	  0.2	0.380	0.000	0.000
157	  N	  0.3	  0.1	1.539	0.000	0.000
158	  A	  0.5	  0.1	1.539	0.000	0.000
159	  Y	  1.3	  0.0	1.539	0.000	0.000
160	  L	  1.4	  0.1	1.268	0.000	0.000
161	  K	  1.2	  0.4	1.268	0.000	0.000
162	  S	  0.5	  0.6	1.158	0.000	0.000
163	  S	  0.2	  0.7	0.363	0.000	0.000
164	  G	  0.1	  0.6	0.157	0.000	0.000
165	  T	 11.6	  0.3	0.157	0.000	0.000
166	  I	 12.0	  0.2	0.157	0.000	0.000
167	  T	 12.1	  0.2	0.157	0.000	0.000
168	  N	  0.6	  3.0	0.157	0.000	0.000
169	  N	  0.1	  3.1	0.157	0.000	0.000
170	  G	  0.0	  3.0	0.000	0.000	0.000
171	  K	  0.7	  2.8	0.000	0.000	0.000
172	  I	  4.9	  0.0	0.000	0.000	0.000
173	  S	  6.0	  0.0	0.000	0.000	0.000
174	  V	  8.5	  0.0	0.000	0.000	0.000
175	  Q	  6.3	  0.0	0.000	0.000	0.000
176	  Y	  6.2	  0.1	0.000	0.000	0.000
177	  N	  3.1	  0.3	0.000	0.000	0.000
178	  S	  1.2	  0.3	0.000	0.000	0.000
179	  G	  0.2	  0.3	0.000	0.000	0.000
180	  F	  1.3	  0.3	0.000	0.350	0.350
181	  A	  1.8	  0.0	0.000	0.350	0.350
182	  V	  3.5	  0.0	0.000	0.350	0.350
183	  S	  3.9	  0.5	0.142	0.350	0.350
184	  Q	  3.4	  0.5	0.142	0.350	0.350
185	  S	  1.9	  0.5	0.142	0.350	0.350
186	  I	  1.5	  0.5	0.142	0.350	0.350
187	  L	  1.4	  0.8	0.142	0.350	0.350
188	  G	  1.1	  1.2	0.142	0.000	0.000
189	  S	  0.3	  1.6	0.142	0.000	0.000
190	  G	  0.3	  1.6	0.000	0.000	0.000
191	  S	  2.0	  0.8	0.118	0.000	0.000
192	  I	  4.4	  0.4	0.118	0.000	0.000
193	  E	  4.4	  0.1	0.118	0.000	0.000
194	  L	  2.8	  0.1	0.118	1.494	1.494
195	  G	  0.2	  0.1	0.715	1.694	1.694
196	  L	  0.2	  0.0	0.715	8.544	8.544
197	  A	  0.3	  0.0	0.597	9.636	9.636
198	  T	  1.0	  0.0	0.597	10.714	10.714
199	  T	  1.9	  0.0	0.597	10.714	10.714
200	  L	  2.1	  0.0	0.597	10.714	10.714
201	  W	  2.1	  0.0	0.429	10.026	10.026
202	  F	  1.7	  0.0	0.188	8.597	8.597
203	  D	  1.3	  0.0	0.000	0.000	0.000
204	  D	  0.5	  6.7	0.000	0.000	0.000
205	  P	  0.0	  6.9	0.000	0.000	0.000
206	  S	  0.0	  6.9	0.000	0.000	0.000
207	  N	  0.2	  7.2	0.000	0.000	0.000
208	  T	  0.4	  0.5	0.000	0.000	0.000
209	  D	  0.9	  1.2	0.000	0.000	0.000
210	  I	  2.0	  1.4	0.000	0.000	0.000
211	  S	  1.8	  1.2	0.000	0.000	0.000
212	  G	  1.2	  1.2	0.000	0.000	0.000
213	  Q	  0.6	  0.3	0.000	0.000	0.000
214	  K	  2.8	  0.1	0.000	0.000	0.000
215	  V	  4.9	  0.0	0.000	0.000	0.000
216	  I	  4.5	  0.0	0.000	0.000	0.000
217	  Q	  2.3	  0.1	0.000	0.000	0.000
218	  T	  0.3	  0.6	0.000	0.000	0.000
219	  E	  0.1	  0.8	0.000	0.000	0.000
220	  G	  0.0	  0.7	0.000	2.142	2.142
221	  S	  1.0	  0.7	0.000	25.230	25.230
222	  V	 14.8	  0.2	0.000	27.047	27.047
223	  I	 19.0	  0.0	0.000	27.047	27.047
224	  V	 20.6	  0.0	0.000	27.047	27.047
225	  F	  7.6	  0.0	0.000	26.893	26.893
226	  D	  3.2	  0.1	0.208	2.832	2.832
227	  T	  3.0	  0.1	0.208	2.832	2.832
228	  T	  3.4	  0.1	0.208	2.832	2.832
229	  K	  5.1	  0.1	0.208	2.832	2.832
230	  L	  3.5	  0.0	0.208	2.461	2.461
231	  T	  2.8	  0.0	0.208	0.925	0.925
232	  K	  1.0	  0.0	0.208	0.000	0.000
233	  P	  0.2	  0.0	0.000	0.000	0.000
234	  F	 10.1	  0.0	0.000	0.542	0.542
235	  T	 15.2	  0.1	0.000	0.542	0.542
236	  V	 17.7	  0.1	0.000	0.542	0.542
237	  N	  7.9	  0.5	0.000	0.542	0.542
238	  F	  2.7	  0.9	0.000	0.542	0.542
239	  G	  0.1	  1.0	0.000	0.000	0.000
240	  K	  0.3	  1.0	0.000	0.000	0.000
241	  F	  0.3	  3.0	0.000	0.000	0.000
242	  G	  0.3	  2.8	0.000	0.000	0.000
243	  G	  0.1	  2.9	0.000	0.000	0.000
244	  Q	  0.2	  2.9	0.000	0.000	0.000
245	  N	  0.7	  0.3	0.000	2.309	2.309
246	  L	  1.0	  0.3	0.000	23.793	23.793
247	  F	  2.0	  0.0	0.000	23.793	23.793
248	  A	  1.9	  0.0	0.000	23.793	23.793
249	  V	  4.5	  0.0	0.000	23.793	23.793
250	  T	  3.5	  0.0	0.000	22.352	22.352
251	  T	  3.1	  0.0	0.000	0.000	0.000
252	  P	  0.2	  0.0	0.000	0.000	0.000
253	  V	  2.4	  0.0	0.000	0.000	0.000
254	  T	  3.2	  0.1	0.000	0.000	0.000
255	  S	  5.0	  0.3	0.000	0.000	0.000
256	  T	  4.0	  0.3	0.000	0.000	0.000
257	  S	 10.0	  0.7	0.000	0.000	0.000
258	  Y	  9.0	  0.8	0.000	0.000	0.000
259	  D	  7.7	  0.5	0.083	0.000	0.000
260	  S	  3.6	  0.5	0.200	3.581	3.581
261	  I	  5.0	  0.2	0.200	32.532	32.532
262	  T	  4.9	  0.1	0.200	32.933	32.933
263	  G	  2.3	  0.1	0.937	33.601	33.601
264	  I	  1.4	  0.1	0.937	33.601	33.601
265	  L	  4.3	  0.1	0.937	33.601	33.601
266	  T	 14.4	  0.0	0.937	32.817	32.817
267	  I	 19.4	  0.0	0.937	30.167	30.167
268	  K	 17.8	  0.1	0.937	0.000	0.000
269	  V	  8.6	  5.3	0.259	0.000	0.000
270	  N	  1.7	  5.3	0.259	0.000	0.000
271	  G	  0.3	  5.5	0.000	0.000	0.000
272	  Q	  0.1	  5.4	0.000	0.000	0.000
273	  D	  0.7	  0.4	0.000	0.000	0.000
274	  I	  4.0	  0.3	0.000	13.806	13.806
275	  S	  4.2	  0.1	0.000	13.906	13.906
276	  L	  5.6	  0.1	0.000	15.162	15.162
277	  V	  2.8	  0.0	0.000	15.162	15.162
278	  L	  2.5	  0.2	0.000	15.162	15.162
279	  G	  0.6	  0.3	0.000	3.097	3.097
280	  T	  0.2	  0.3	0.000	1.910	1.910
281	  N	  0.7	  0.3	0.000	0.111	0.111
282	  L	  0.7	  0.1	0.000	0.111	0.111
283	  D	  0.6	  0.9	0.000	0.000	0.000
284	  P	  0.1	  1.2	0.000	0.000	0.000
285	  F	  0.2	  1.2	0.000	3.722	3.722
286	  G	  0.2	  1.2	0.000	3.722	3.722
287	  F	  1.8	  0.2	0.000	3.722	3.722
288	  I	  3.5	  0.0	0.000	3.722	3.722
289	  A	  3.5	  0.0	0.000	3.722	3.722
290	  S	  2.0	  0.0	0.000	0.000	0.000
291	  P	  0.0	  0.0	0.000	0.000	0.000
292	  V	  0.4	  0.0	0.000	0.000	0.000
293	  S	  0.4	  0.0	0.000	0.000	0.000
294	  N	  0.4	  0.0	0.000	0.000	0.000
295	  P	  0.0	  0.0	0.000	0.000	0.000
296	  V	  4.9	  0.0	0.000	0.000	0.000
297	  T	  5.0	  0.0	0.000	0.000	0.000
298	  S	  5.0	  0.3	0.213	0.000	0.000
299	  P	  0.1	  0.7	0.213	0.000	0.000
300	  L	  0.1	  1.4	0.213	0.000	0.000
301	  D	  0.1	  1.5	0.213	0.000	0.000
302	  G	  0.1	  1.2	0.213	0.000	0.000
303	  Q	  0.2	  0.8	0.213	0.000	0.000
304	  Q	  0.6	  0.1	0.000	0.000	0.000
305	  H	  1.7	  0.1	0.000	0.257	0.257
306	  Q	  2.5	  0.0	0.000	3.701	3.701
307	  I	  3.3	  0.0	0.000	85.455	85.455
308	  Y	 10.0	  0.0	0.000	91.727	91.727
309	  T	 13.2	  0.0	0.000	92.124	92.124
310	  I	 16.3	  0.0	0.000	92.498	92.498
311	  V	 12.1	  0.0	0.000	92.474	92.474
312	  Y	  8.7	  0.4	0.000	76.824	76.824
313	  S	  4.5	  0.4	0.000	17.949	17.949
314	  G	  1.1	  0.4	0.000	10.404	10.404
315	  V	 12.9	  0.4	0.000	9.701	9.701
316	  S	 12.9	  0.0	0.000	1.134	1.134
317	  V	 12.8	  0.0	0.000	0.068	0.068
318	  P	  0.0	  0.0	0.000	0.000	0.000
319	  P	  0.0	  0.0	0.000	0.000	0.000
320	  L	  0.0	  0.0	0.000	0.000	0.000
321	  P	  0.0	  0.0	0.000	0.000	0.000
322	  S	  0.0	  0.2	0.271	0.000	0.000
323	  P	  0.0	  0.3	0.271	0.000	0.000
324	  E	  0.4	  0.3	0.271	0.000	0.000
325	  T	  1.8	  0.4	0.271	0.000	0.000
326	  K	  2.5	  0.2	0.271	0.000	0.000
327	  T	 13.6	  0.1	0.271	0.000	0.000
328	  I	 12.9	  0.1	0.271	0.000	0.000
329	  T	 12.4	  0.2	0.271	0.000	0.000
330	  E	  0.9	  0.7	0.271	0.000	0.000
331	  K	  0.2	  0.7	0.271	0.000	0.000
332	  G	  0.1	  0.7	0.000	0.000	0.000
333	  V	  2.5	  0.6	0.000	0.000	0.000
334	  E	  2.6	  0.0	0.000	0.000	0.000
335	  H	  3.5	  0.0	0.000	0.000	0.000
336	  E	  1.5	  0.0	0.000	0.000	0.000
337	  V	 12.8	  0.0	0.000	74.546	74.546
338	  V	 15.7	  0.0	0.000	79.449	79.449
339	  V	 18.7	  0.0	0.000	79.607	79.607
340	  S	  8.3	  0.0	0.000	79.607	79.607
341	  Y	  5.0	  0.0	0.000	79.607	79.607
342	  I	  2.3	  0.0	0.000	74.654	74.654
343	  S	  2.3	  0.1	0.000	13.676	13.676
344	  T	  4.3	  0.1	0.000	5.947	5.947
345	  T	  3.5	  0.5	0.000	1.301	1.301
346	  S	  2.9	  1.3	0.000	0.136	0.136
347	  D	  0.1	  1.3	0.000	0.000	0.000
348	  N	  0.0	  1.3	0.000	0.000	0.000
349	  Q	  0.6	  0.9	0.000	0.696	0.696
350	  L	  0.9	  0.0	0.000	29.618	29.618
351	  V	  9.7	  0.0	0.000	32.428	32.428
352	  T	 19.3	  0.0	0.000	32.428	32.428
353	  I	 21.9	  0.0	0.000	32.520	32.520
354	  T	 15.1	  0.0	0.000	32.166	32.166
355	  T	  6.5	  0.0	0.000	19.776	19.776
356	  T	  4.2	  0.1	0.000	11.037	11.037
357	  S	  3.3	  0.1	0.000	5.852	5.852
358	  T	  5.2	  0.1	0.000	5.202	5.202
359	  I	  4.5	  0.1	0.000	4.869	4.869
360	  I	  4.1	  0.0	0.000	0.279	0.279
361	  P	  0.0	  0.0	0.000	0.000	0.000
362	  P	  0.0	  0.0	0.000	0.000	0.000
363	  F	  0.0	  0.6	0.000	0.000	0.000
364	  P	  0.0	  1.0	0.000	0.000	0.000
365	  K	  0.0	  1.2	0.000	0.000	0.000
366	  G	  0.1	  1.2	0.000	0.232	0.232
367	  T	  2.9	  0.6	0.000	3.016	3.016
368	  T	  3.4	  0.3	0.000	3.777	3.777
369	  S	  3.5	  0.1	0.000	3.777	3.777
370	  L	  1.5	  0.1	0.000	3.777	3.777
371	  L	  1.2	  0.0	0.000	3.777	3.777
372	  V	  1.9	  0.2	0.000	3.564	3.564
373	  E	  1.2	  0.2	0.000	0.000	0.000
374	  N	  1.0	  0.2	0.227	0.000	0.000
375	  D	  1.1	  0.2	0.227	0.000	0.000
376	  V	 10.1	  0.0	0.227	0.000	0.000
377	  T	 12.2	  0.0	0.392	0.000	0.000
378	  I	 11.5	  0.0	0.392	0.000	0.000
379	  Y	  5.5	  0.0	0.392	0.000	0.000
380	  D	  5.0	  0.0	0.252	0.000	0.000
381	  V	  8.8	  0.0	0.252	55.870	55.870
382	  Y	 11.7	  0.0	0.252	60.331	60.331
383	  S	 10.7	  0.0	0.087	61.862	61.862
384	  Y	  7.7	  0.0	0.087	64.432	64.432
385	  F	  3.3	  0.0	0.087	64.432	64.432
386	  I	  3.3	  0.0	0.000	62.178	62.178
387	  A	  2.5	  0.1	0.000	34.109	34.109
388	  T	  1.2	  0.2	0.000	9.123	9.123
389	  N	  0.2	  0.5	0.000	0.324	0.324
390	  D	  0.1	  1.2	0.000	0.000	0.000
391	  Q	  0.0	  1.2	0.000	0.000	0.000
392	  G	  0.0	  1.3	0.000	0.000	0.000
393	  A	  0.1	  1.0	0.000	0.000	0.000
394	  E	  2.4	  0.2	0.000	0.000	0.000
395	  Y	  7.6	  0.1	0.000	1.838	1.838
396	  T	  8.5	  0.0	0.114	2.270	2.270
397	  A	  6.4	  0.0	0.114	4.115	4.115
398	  T	  2.0	  0.0	0.194	4.916	4.916
399	  T	  2.5	  0.0	0.194	5.954	5.954
400	  I	  3.3	  0.1	0.194	5.954	5.954
401	  L	  4.6	  0.0	0.194	5.769	5.769
402	  S	 34.2	  0.0	0.194	3.243	3.243
403	  Y	 33.3	  0.0	0.194	2.788	2.788
404	  S	 31.8	  0.0	0.000	0.000	0.000
405	  P	  0.0	  0.0	0.000	0.000	0.000
406	  P	  0.0	  0.0	0.000	0.000	0.000
407	  A	  0.0	  0.2	0.000	0.000	0.000
408	  P	  0.0	  0.2	0.000	0.000	0.000
409	  T	  1.8	  0.2	0.000	7.328	7.328
410	  T	 12.0	  0.2	0.000	16.909	16.909
411	  V	 20.4	  0.0	0.000	17.543	17.543
412	  T	 20.7	  0.0	0.000	17.543	17.543
413	  I	 12.2	  0.0	0.000	17.543	17.543
414	  Y	  4.6	  0.1	0.000	15.985	15.985
415	  Q	  2.4	  0.1	0.000	1.245	1.245
416	  N	  1.5	  0.2	0.000	0.000	0.000
417	  H	  0.5	  0.3	0.000	0.000	0.000
418	  E	  0.6	  0.2	0.000	0.000	0.000
419	  H	  2.6	  0.2	0.000	0.000	0.000
420	  I	  2.4	  0.1	0.000	0.000	0.000
421	  Q	  2.6	  0.0	0.000	0.000	0.000
422	  E	  2.0	  0.0	0.000	0.000	0.000
423	  V	  6.1	  0.0	0.000	38.938	38.938
424	  Y	 10.8	  0.0	0.000	42.090	42.090
425	  S	 10.1	  0.0	0.000	43.703	43.703
426	  Y	  6.7	  0.0	0.000	55.596	55.596
427	  Y	  2.2	  0.0	0.000	55.596	55.596
428	  I	 17.8	  0.0	0.000	54.824	54.824
429	  T	 20.8	  0.2	0.000	45.242	45.242
430	  V	 20.4	  0.6	0.000	42.686	42.686
431	  D	  4.4	  0.8	0.000	0.000	0.000
432	  G	  0.2	  1.5	0.097	0.000	0.000
433	  E	  0.0	  1.4	0.097	0.000	0.000
434	  G	  0.0	  1.0	0.097	0.000	0.000
435	  K	  1.5	  0.8	0.097	0.000	0.000
436	  I	  5.8	  0.1	0.097	0.000	0.000
437	  I	  6.4	  0.0	0.097	0.000	0.000
438	  T	  5.2	  0.2	0.260	0.000	0.000
439	  E	  1.3	  0.2	0.260	0.000	0.000
440	  S	  0.8	  0.2	0.260	0.000	0.000
441	  K	  1.1	  0.2	0.163	0.000	0.000
442	  L	  1.3	  0.1	0.163	0.831	0.831
443	  V	  2.3	  0.1	0.163	0.831	0.831
444	  S	  1.9	  0.1	0.163	0.831	0.831
445	  S	  1.7	  0.1	0.000	0.831	0.831
446	  T	 12.3	  0.1	0.000	0.831	0.831
447	  I	 15.7	  0.1	0.000	0.831	0.831
448	  S	 26.9	  0.0	0.000	0.628	0.628
449	  Y	 16.0	  0.0	0.000	0.490	0.490
450	  D	 12.2	  0.0	0.000	0.000	0.000
451	  P	  0.2	  0.0	0.000	0.000	0.000
452	  A	  0.0	  0.0	0.000	0.000	0.000
453	  P	  0.0	  0.0	0.000	0.000	0.000
454	  G	  0.0	  0.3	0.000	0.000	0.000
455	  P	  0.0	  0.4	0.000	0.000	0.000
456	  E	  0.5	  0.4	0.000	0.000	0.000
457	  T	  1.3	  0.3	0.000	0.000	0.000
458	  K	  2.8	  0.1	0.000	0.000	0.000
459	  I	  3.2	  0.0	0.000	0.000	0.000
460	  V	  4.6	  0.1	0.000	0.000	0.000
461	  D	  3.1	  0.2	0.000	0.000	0.000
462	  L	  2.3	  0.8	0.000	0.000	0.000
463	  G	  0.0	  0.8	0.000	0.000	0.000
464	  N	  0.1	  0.7	0.312	0.000	0.000
465	  E	  5.0	  0.6	0.312	0.000	0.000
466	  V	  5.6	  0.0	0.312	0.000	0.000
467	  T	  5.8	  0.0	0.740	0.000	0.000
468	  E	  2.5	  0.0	0.740	0.000	0.000
469	  Y	  5.0	  0.0	0.740	0.000	0.000
470	  D	  6.4	  0.0	0.651	0.000	0.000
471	  V	  8.7	  0.0	0.651	11.693	11.693
472	  I	  9.2	  0.0	0.651	12.210	12.210
473	  S	  8.4	  0.0	0.651	12.210	12.210
474	  Y	  5.6	  0.0	0.535	12.656	12.656
475	  Y	  3.2	  0.0	0.340	12.656	12.656
476	  T	  4.0	  0.0	0.000	7.800	7.800
477	  T	  6.8	  0.0	0.000	4.631	4.631
478	  V	  5.6	  0.0	0.000	3.958	3.958
479	  D	  3.9	  9.0	0.000	0.000	0.000
480	  E	  0.1	 14.6	0.000	0.000	0.000
481	  N	  0.0	 14.6	0.000	0.000	0.000
482	  G	  0.0	 14.6	0.000	0.000	0.000
483	  K	  1.9	  5.6	0.000	0.000	0.000
484	  V	  5.2	  0.0	0.000	2.932	2.932
485	  I	  8.3	  0.0	0.000	3.147	3.147
486	  T	  9.0	  0.0	0.000	3.147	3.147
487	  T	  6.4	  0.1	0.000	3.147	3.147
488	  S	  3.7	  0.1	0.159	3.147	3.147
489	  T	  5.5	  0.1	0.159	3.011	3.011
490	  V	  4.9	  0.1	0.159	2.554	2.554
491	  D	  4.6	  0.0	0.159	0.000	0.000
492	  K	  1.5	  0.0	0.159	0.000	0.000
493	  F	  1.3	  0.0	0.159	0.000	0.000
494	  S	  1.2	  0.0	0.000	0.000	0.000
495	  P	  0.0	  0.0	0.000	0.000	0.000
496	  P	  0.0	  0.0	0.000	0.000	0.000
497	  P	  0.0	  0.0	0.000	0.000	0.000
498	  V	  0.7	  0.0	0.000	7.913	7.913
499	  S	  1.0	  0.0	0.441	8.538	8.538
500	  T	 11.8	  0.0	0.441	12.433	12.433
501	  I	 22.8	  0.0	0.441	12.433	12.433
502	  T	 24.4	  0.0	0.441	12.433	12.433
503	  I	 15.1	  0.0	0.441	12.091	12.091
504	  Y	  3.6	  0.2	0.441	10.292	10.292
505	  E	  1.4	  0.2	0.000	0.000	0.000
506	  N	  0.9	  0.2	0.000	0.000	0.000
507	  H	  0.5	  0.3	0.000	0.000	0.000
508	  E	  0.5	  0.1	0.000	0.000	0.000
509	  H	  7.4	  0.1	0.000	0.000	0.000
510	  I	  7.9	  0.1	0.000	0.000	0.000
511	  V	 15.2	  0.0	0.000	0.000	0.000
512	  D	 10.0	  0.0	0.000	0.000	0.000
513	  V	 12.9	  0.0	0.000	57.453	57.453
514	  Y	 10.6	  0.0	0.000	62.104	62.104
515	  S	  9.1	  0.0	0.000	64.485	64.485
516	  Y	  6.3	  0.0	0.000	82.046	82.046
517	  F	  2.1	  0.0	0.000	82.046	82.046
518	  I	 17.7	  0.0	0.000	80.911	80.911
519	  T	 20.6	  0.1	0.000	66.780	66.780
520	  V	 20.2	  0.3	0.000	63.022	63.022
521	  D	  4.4	  1.9	0.000	0.000	0.000
522	  G	  0.2	  2.3	0.000	0.000	0.000
523	  D	  0.0	  2.2	0.000	0.000	0.000
524	  G	  0.0	  2.1	0.000	0.000	0.000
525	  K	  1.5	  0.4	0.000	0.000	0.000
526	  I	  5.8	  0.0	0.000	0.000	0.000
527	  I	  6.2	  0.0	0.000	0.000	0.000
528	  T	  5.3	  0.1	0.000	0.000	0.000
529	  D	  1.0	  0.2	0.000	0.000	0.000
530	  S	  0.9	  0.2	0.000	0.000	0.000
531	  K	  1.9	  0.2	0.000	0.000	0.000
532	  I	  3.7	  0.1	0.000	0.194	0.194
533	  I	  3.9	  0.1	0.000	0.194	0.194
534	  S	  3.1	  0.6	0.000	0.194	0.194
535	  S	  1.4	  0.6	0.000	0.194	0.194
536	  S	  5.7	  0.8	0.000	0.194	0.194
537	  I	  8.9	  0.7	0.000	0.194	0.194
538	  S	 21.1	  0.2	0.000	0.194	0.194
539	  Y	 16.6	  0.2	0.000	0.194	0.194
540	  D	 13.0	  0.0	0.000	0.000	0.000
541	  P	  0.2	  0.0	0.000	0.000	0.000
542	  A	  0.0	  0.0	0.000	0.000	0.000
543	  P	  0.0	  0.0	0.000	0.000	0.000
544	  G	  0.0	  0.3	0.000	0.000	0.000
545	  P	  0.0	  0.4	0.000	0.000	0.000
546	  E	  0.5	  0.4	0.000	0.000	0.000
547	  T	  1.3	  0.3	0.000	0.000	0.000
548	  K	  2.8	  0.1	0.000	0.000	0.000
549	  I	  3.2	  0.0	0.000	0.000	0.000
550	  V	  4.6	  0.1	0.000	0.000	0.000
551	  D	  3.1	  0.2	0.000	0.000	0.000
552	  L	  2.3	  0.8	0.000	0.000	0.000
553	  G	  0.0	  0.8	0.000	0.000	0.000
554	  N	  0.1	  0.7	0.312	0.000	0.000
555	  E	  5.0	  0.6	0.312	0.000	0.000
556	  V	  5.6	  0.0	0.312	0.000	0.000
557	  T	  5.8	  0.0	0.740	0.000	0.000
558	  E	  2.5	  0.0	0.740	0.000	0.000
559	  Y	  5.0	  0.0	0.740	0.000	0.000
560	  D	  6.4	  0.0	0.651	0.000	0.000
561	  V	  8.7	  0.0	0.651	11.693	11.693
562	  I	  9.2	  0.0	0.651	12.210	12.210
563	  S	  8.4	  0.0	0.651	12.210	12.210
564	  Y	  5.6	  0.0	0.535	12.656	12.656
565	  Y	  3.2	  0.0	0.340	12.656	12.656
566	  T	  4.0	  0.0	0.000	7.800	7.800
567	  T	  6.8	  0.0	0.000	4.631	4.631
568	  V	  5.6	  0.0	0.000	3.958	3.958
569	  D	  3.9	  9.0	0.000	0.000	0.000
570	  E	  0.1	 14.6	0.000	0.000	0.000
571	  N	  0.0	 14.6	0.000	0.000	0.000
572	  G	  0.0	 14.6	0.000	0.000	0.000
573	  K	  1.9	  5.6	0.000	0.000	0.000
574	  V	  5.2	  0.0	0.000	2.932	2.932
575	  I	  8.3	  0.0	0.000	3.147	3.147
576	  T	  9.0	  0.0	0.000	3.147	3.147
577	  T	  6.4	  0.1	0.000	3.147	3.147
578	  S	  3.7	  0.1	0.159	3.147	3.147
579	  T	  5.5	  0.1	0.159	3.011	3.011
580	  V	  4.9	  0.1	0.159	2.554	2.554
581	  D	  4.6	  0.0	0.159	0.000	0.000
582	  K	  1.5	  0.0	0.159	0.000	0.000
583	  F	  1.3	  0.0	0.159	0.000	0.000
584	  S	  1.2	  0.0	0.000	0.000	0.000
585	  P	  0.0	  0.0	0.000	0.000	0.000
586	  P	  0.0	  0.0	0.000	0.000	0.000
587	  P	  0.0	  0.0	0.000	0.000	0.000
588	  V	  0.7	  0.0	0.000	7.913	7.913
589	  S	  1.0	  0.0	0.441	8.538	8.538
590	  T	 11.8	  0.0	0.441	12.433	12.433
591	  I	 22.8	  0.0	0.441	12.433	12.433
592	  T	 24.4	  0.0	0.441	12.433	12.433
593	  I	 15.1	  0.0	0.441	12.091	12.091
594	  Y	  3.6	  0.2	0.441	10.292	10.292
595	  E	  1.4	  0.2	0.000	0.000	0.000
596	  N	  0.9	  0.2	0.000	0.000	0.000
597	  H	  0.5	  0.3	0.000	0.000	0.000
598	  E	  0.5	  0.1	0.000	0.000	0.000
599	  H	  7.4	  0.1	0.000	0.000	0.000
600	  I	  7.9	  0.1	0.000	0.000	0.000
601	  V	 15.2	  0.0	0.000	0.000	0.000
602	  D	 10.0	  0.0	0.000	0.000	0.000
603	  V	 12.9	  0.0	0.000	57.453	57.453
604	  Y	 10.6	  0.0	0.000	62.104	62.104
605	  S	  9.1	  0.0	0.000	64.485	64.485
606	  Y	  6.3	  0.0	0.000	82.046	82.046
607	  F	  2.1	  0.0	0.000	82.046	82.046
608	  I	 17.7	  0.0	0.000	80.911	80.911
609	  T	 20.6	  0.1	0.000	66.780	66.780
610	  V	 20.2	  0.3	0.000	63.022	63.022
611	  D	  4.4	  1.9	0.000	0.000	0.000
612	  G	  0.2	  2.3	0.000	0.000	0.000
613	  D	  0.0	  2.2	0.000	0.000	0.000
614	  G	  0.0	  2.1	0.000	0.000	0.000
615	  K	  1.5	  0.4	0.000	0.000	0.000
616	  I	  5.8	  0.0	0.000	0.000	0.000
617	  I	  6.2	  0.0	0.000	0.000	0.000
618	  T	  5.3	  0.1	0.000	0.000	0.000
619	  D	  1.0	  0.2	0.000	0.000	0.000
620	  S	  0.9	  0.2	0.000	0.000	0.000
621	  K	  1.9	  0.2	0.000	0.000	0.000
622	  I	  3.7	  0.1	0.000	0.194	0.194
623	  I	  3.9	  0.1	0.000	0.194	0.194
624	  S	  3.1	  0.6	0.000	0.194	0.194
625	  S	  1.4	  0.6	0.000	0.194	0.194
626	  S	  5.7	  0.8	0.000	0.194	0.194
627	  I	  8.9	  0.7	0.000	0.194	0.194
628	  S	 21.1	  0.2	0.000	0.194	0.194
629	  Y	 16.6	  0.2	0.000	0.194	0.194
630	  D	 13.0	  0.0	0.000	0.000	0.000
631	  P	  0.2	  0.0	0.000	0.000	0.000
632	  A	  0.0	  0.0	0.000	0.000	0.000
633	  P	  0.0	  0.0	0.000	0.000	0.000
634	  G	  0.0	  0.3	0.000	0.000	0.000
635	  P	  0.0	  0.4	0.000	0.000	0.000
636	  E	  0.5	  0.4	0.000	0.000	0.000
637	  T	  1.3	  0.3	0.000	0.000	0.000
638	  K	  2.8	  0.1	0.000	0.000	0.000
639	  I	  3.2	  0.0	0.000	0.000	0.000
640	  V	  4.6	  0.1	0.000	0.000	0.000
641	  D	  3.1	  0.2	0.000	0.000	0.000
642	  L	  2.3	  0.8	0.000	0.000	0.000
643	  G	  0.0	  0.8	0.000	0.000	0.000
644	  N	  0.1	  0.7	0.312	0.000	0.000
645	  E	  5.0	  0.6	0.312	0.000	0.000
646	  V	  5.6	  0.0	0.312	0.000	0.000
647	  T	  5.8	  0.0	0.740	0.000	0.000
648	  E	  2.5	  0.0	0.740	0.000	0.000
649	  Y	  5.0	  0.0	0.740	0.000	0.000
650	  D	  6.4	  0.0	0.651	0.000	0.000
651	  V	  8.7	  0.0	0.651	11.693	11.693
652	  I	  9.2	  0.0	0.651	12.210	12.210
653	  S	  8.4	  0.0	0.651	12.210	12.210
654	  Y	  5.6	  0.0	0.535	12.656	12.656
655	  Y	  3.2	  0.0	0.340	12.656	12.656
656	  T	  4.0	  0.0	0.000	7.800	7.800
657	  T	  6.8	  0.0	0.000	4.631	4.631
658	  V	  5.6	  0.0	0.000	3.958	3.958
659	  D	  3.9	  9.0	0.000	0.000	0.000
660	  E	  0.1	 14.6	0.000	0.000	0.000
661	  N	  0.0	 14.6	0.000	0.000	0.000
662	  G	  0.0	 14.6	0.000	0.000	0.000
663	  K	  1.9	  5.6	0.000	0.000	0.000
664	  V	  5.2	  0.0	0.000	0.139	0.139
665	  I	  8.4	  0.0	0.000	0.139	0.139
666	  T	  9.1	  0.0	0.000	0.139	0.139
667	  T	  6.4	  0.1	0.000	0.139	0.139
668	  S	  3.9	  0.1	0.186	0.139	0.139
669	  T	  2.9	  0.1	0.186	0.000	0.000
670	  T	  4.7	  0.1	0.186	0.000	0.000
671	  T	  5.4	  0.1	0.186	0.000	0.000
672	  K	  5.0	  0.0	0.186	0.000	0.000
673	  Y	  2.5	  0.0	0.186	0.000	0.000
674	  S	  1.2	  0.0	0.000	0.000	0.000
675	  P	  0.0	  0.0	0.000	0.000	0.000
676	  P	  0.0	  0.1	0.000	0.000	0.000
677	  P	  0.0	  0.1	0.000	0.000	0.000
678	  L	  3.3	  0.1	0.000	2.731	2.731
679	  T	 13.8	  0.1	0.000	2.867	2.867
680	  V	 16.4	  0.0	0.000	3.003	3.003
681	  T	 14.2	  0.0	0.000	3.003	3.003
682	  A	  3.9	  0.0	0.000	3.003	3.003
683	  T	  1.7	  0.0	0.000	1.697	1.697
684	  T	  3.3	  0.2	0.000	0.777	0.777
685	  A	  3.2	  0.6	0.000	0.169	0.169
686	  S	  2.6	  0.5	0.000	0.000	0.000
687	  D	  0.4	  0.5	0.000	0.000	0.000
688	  Y	  2.3	  0.3	0.000	0.000	0.000
689	  V	  3.7	  0.1	0.000	0.000	0.000
690	  E	  3.4	  0.2	0.000	0.000	0.000
691	  S	  1.5	  0.2	0.000	0.000	0.000
692	  D	  0.3	  0.2	0.103	0.000	0.000
693	  W	  0.8	  0.2	0.103	64.057	64.057
694	  I	  4.2	  0.0	0.103	78.441	78.441
695	  S	  4.8	  0.0	0.103	80.244	80.244
696	  F	  5.1	  0.0	0.103	92.283	92.283
697	  F	  2.3	  0.0	0.103	92.283	92.283
698	  I	 18.3	  0.0	0.000	90.172	90.172
699	  T	 21.3	  0.0	0.114	60.256	60.256
700	  V	 20.8	  0.0	0.114	52.363	52.363
701	  D	  4.4	  0.5	0.114	0.000	0.000
702	  E	  0.1	  0.7	0.114	0.000	0.000
703	  K	  0.0	  1.1	0.114	0.000	0.000
704	  G	  0.0	  1.1	0.114	0.000	0.000
705	  D	  1.1	  0.7	0.168	0.000	0.000
706	  I	  5.2	  0.5	0.168	1.900	1.900
707	  V	  7.8	  0.0	0.168	2.031	2.031
708	  T	  8.0	  0.1	0.168	2.031	2.031
709	  S	  4.2	  0.2	0.168	2.031	2.031
710	  S	  1.7	  0.2	0.168	2.031	2.031
711	  T	  1.5	  0.2	0.000	2.164	2.164
712	  L	  1.6	  0.1	0.000	2.386	2.386
713	  F	  2.7	  0.0	0.000	2.270	2.270
714	  N	  1.7	  0.2	0.108	0.642	0.642
715	  A	  1.4	  0.2	0.108	0.642	0.642
716	  T	  0.5	  0.5	0.108	0.355	0.355
717	  R	  0.6	  0.5	0.108	0.000	0.000
718	  D	  0.8	  0.3	0.108	0.000	0.000
719	  Y	  3.4	  0.3	0.108	0.000	0.000
720	  K	  3.3	  0.0	0.000	0.000	0.000
721	  L	  2.9	  0.2	0.000	0.000	0.000
722	  P	  0.1	  0.2	0.000	0.000	0.000
723	  E	  0.0	  0.2	0.000	0.000	0.000
724	  A	  0.0	  0.4	0.000	0.000	0.000
725	  P	  0.0	  0.2	0.000	0.000	0.000
726	  H	  0.7	  0.3	0.000	0.000	0.000
727	  T	  2.2	  0.3	0.000	0.000	0.000
728	  S	  3.0	  0.1	0.000	0.000	0.000
729	  F	  2.3	  0.2	0.000	0.000	0.000
730	  G	  0.7	  0.1	0.000	0.000	0.000
731	  P	  0.0	  0.1	0.000	0.000	0.000
732	  A	  0.0	  0.1	0.000	0.000	0.000
733	  P	  0.0	  0.0	0.000	0.000	0.000
734	  P	  0.0	  0.0	0.000	0.000	0.000
735	  V	  0.6	  0.0	0.000	0.000	0.000
736	  E	  1.1	  0.0	0.000	0.000	0.000
737	  T	  3.5	  0.1	0.000	0.000	0.000
738	  H	  5.2	  0.1	0.000	0.000	0.000
739	  T	  9.8	  0.0	0.000	0.000	0.000
740	  V	 14.5	  0.0	0.000	0.000	0.000
741	  V	 13.4	  0.0	0.000	0.000	0.000
742	  L	  8.5	  0.2	0.000	0.000	0.000
743	  E	  1.3	  0.3	0.000	0.000	0.000
744	  N	  0.1	  0.3	0.320	0.000	0.000
745	  N	  0.4	  0.3	0.320	0.000	0.000
746	  M	  0.7	  0.2	0.320	0.000	0.000
747	  T	  1.2	  0.1	0.320	0.000	0.000
748	  N	  3.1	  0.1	0.320	0.000	0.000
749	  Y	 10.4	  0.1	0.320	0.000	0.000
750	  E	 10.4	  0.0	0.000	0.000	0.000
751	  V	 12.2	  0.0	0.000	24.147	24.147
752	  V	  8.0	  0.0	0.000	25.187	25.187
753	  S	  8.3	  0.0	0.000	25.187	25.187
754	  Y	  5.1	  0.0	0.000	25.328	25.328
755	  W	  2.4	  0.0	0.000	25.328	25.328
756	  T	  3.2	  0.0	0.000	13.585	13.585
757	  T	  3.0	  0.1	0.000	5.920	5.920
758	  T	  2.2	  0.1	0.000	1.313	1.313
759	  N	  0.6	  0.3	0.000	0.000	0.000
760	  E	  0.2	  0.3	0.000	0.000	0.000
761	  F	  0.2	  2.0	0.000	0.179	0.179
762	  G	  0.1	  2.0	0.000	0.179	0.179
763	  G	  0.1	  1.8	0.102	0.311	0.311
764	  L	  0.4	  1.8	0.102	0.495	0.495
765	  I	  3.9	  0.0	0.102	0.495	0.495
766	  T	  6.5	  0.0	0.102	0.315	0.315
767	  T	  7.4	  0.1	0.102	0.315	0.315
768	  S	  4.2	  0.2	0.102	0.183	0.183
769	  S	  2.7	  0.3	0.000	0.000	0.000
770	  T	  1.9	  0.3	0.000	0.000	0.000
771	  S	  2.2	  0.2	0.000	0.000	0.000
772	  T	 31.7	  0.2	0.000	0.000	0.000
773	  Y	 37.1	  0.1	0.000	0.000	0.000
774	  S	 36.7	  0.0	0.000	0.000	0.000
775	  A	  9.6	  0.0	0.000	0.000	0.000
776	  P	  0.0	  0.1	0.000	0.000	0.000
777	  P	  0.0	  0.1	0.000	0.000	0.000
778	  L	  3.3	  0.1	0.000	2.731	2.731
779	  T	 13.8	  0.1	0.000	2.867	2.867
780	  V	 16.4	  0.0	0.000	3.003	3.003
781	  T	 14.2	  0.0	0.000	3.003	3.003
782	  A	  3.9	  0.0	0.000	3.003	3.003
783	  T	  1.7	  0.0	0.000	1.697	1.697
784	  T	  3.3	  0.2	0.000	0.777	0.777
785	  A	  3.2	  0.6	0.000	0.169	0.169
786	  S	  2.6	  0.5	0.000	0.000	0.000
787	  D	  0.4	  0.5	0.000	0.000	0.000
788	  Y	  2.3	  0.3	0.000	0.000	0.000
789	  V	  3.7	  0.1	0.000	0.000	0.000
790	  E	  3.4	  0.2	0.000	0.000	0.000
791	  S	  1.5	  0.2	0.000	0.000	0.000
792	  D	  0.3	  0.2	0.103	0.000	0.000
793	  W	  0.8	  0.2	0.103	64.057	64.057
794	  I	  4.2	  0.0	0.103	78.441	78.441
795	  S	  4.8	  0.0	0.103	80.244	80.244
796	  F	  5.1	  0.0	0.103	92.283	92.283
797	  F	  2.3	  0.0	0.103	92.283	92.283
798	  I	 18.3	  0.0	0.000	90.172	90.172
799	  T	 21.3	  0.0	0.114	60.256	60.256
800	  V	 20.8	  0.0	0.114	52.363	52.363
801	  D	  4.4	  0.5	0.114	0.000	0.000
802	  E	  0.1	  0.7	0.114	0.000	0.000
803	  K	  0.0	  1.1	0.114	0.000	0.000
804	  G	  0.0	  1.1	0.114	0.000	0.000
805	  D	  1.1	  0.7	0.168	0.000	0.000
806	  I	  5.2	  0.5	0.168	1.900	1.900
807	  V	  7.8	  0.0	0.168	2.031	2.031
808	  T	  8.0	  0.1	0.168	2.031	2.031
809	  S	  4.2	  0.2	0.168	2.031	2.031
810	  S	  1.7	  0.2	0.168	2.031	2.031
811	  T	  1.5	  0.2	0.000	2.164	2.164
812	  L	  1.6	  0.1	0.000	2.386	2.386
813	  F	  2.7	  0.0	0.000	2.270	2.270
814	  N	  1.7	  0.2	0.108	0.642	0.642
815	  A	  1.4	  0.2	0.108	0.642	0.642
816	  T	  0.5	  0.5	0.108	0.355	0.355
817	  R	  0.6	  0.5	0.108	0.000	0.000
818	  D	  0.8	  0.3	0.108	0.000	0.000
819	  Y	  3.4	  0.3	0.108	0.000	0.000
820	  K	  3.3	  0.0	0.000	0.000	0.000
821	  L	  2.9	  0.2	0.000	0.000	0.000
822	  P	  0.1	  0.2	0.000	0.000	0.000
823	  E	  0.0	  0.2	0.000	0.000	0.000
824	  A	  0.0	  0.4	0.000	0.000	0.000
825	  P	  0.0	  0.2	0.000	0.000	0.000
826	  H	  0.7	  0.3	0.000	0.000	0.000
827	  T	  2.2	  0.3	0.000	0.000	0.000
828	  S	  3.0	  0.1	0.000	0.000	0.000
829	  F	  2.3	  0.2	0.000	0.000	0.000
830	  G	  0.7	  0.1	0.000	0.000	0.000
831	  P	  0.0	  0.1	0.000	0.000	0.000
832	  A	  0.0	  0.1	0.000	0.000	0.000
833	  P	  0.0	  0.0	0.000	0.000	0.000
834	  P	  0.0	  0.0	0.000	0.000	0.000
835	  V	  0.6	  0.0	0.000	0.000	0.000
836	  E	  1.1	  0.0	0.000	0.000	0.000
837	  T	  3.5	  0.1	0.000	0.000	0.000
838	  H	  5.2	  0.1	0.000	0.000	0.000
839	  T	  9.8	  0.0	0.000	0.000	0.000
840	  V	 14.5	  0.0	0.000	0.000	0.000
841	  V	 13.4	  0.0	0.000	0.000	0.000
842	  L	  8.5	  0.2	0.000	0.000	0.000
843	  E	  1.3	  0.3	0.000	0.000	0.000
844	  N	  0.1	  0.3	0.320	0.000	0.000
845	  N	  0.4	  0.3	0.320	0.000	0.000
846	  M	  0.7	  0.2	0.320	0.000	0.000
847	  T	  1.2	  0.1	0.320	0.000	0.000
848	  N	  3.1	  0.1	0.320	0.000	0.000
849	  Y	 10.4	  0.1	0.320	0.000	0.000
850	  E	 10.4	  0.0	0.000	0.000	0.000
851	  V	 12.2	  0.0	0.000	24.147	24.147
852	  V	  8.0	  0.0	0.000	25.187	25.187
853	  S	  8.3	  0.0	0.000	25.187	25.187
854	  Y	  5.1	  0.0	0.000	25.328	25.328
855	  W	  2.4	  0.0	0.000	25.328	25.328
856	  T	  3.2	  0.0	0.000	13.585	13.585
857	  T	  3.0	  0.1	0.000	5.920	5.920
858	  T	  2.2	  0.1	0.000	1.313	1.313
859	  N	  0.6	  0.3	0.000	0.000	0.000
860	  E	  0.2	  0.3	0.000	0.000	0.000
861	  F	  0.2	  2.0	0.000	0.179	0.179
862	  G	  0.1	  2.0	0.000	0.179	0.179
863	  G	  0.1	  1.8	0.102	0.311	0.311
864	  L	  0.4	  1.8	0.102	0.495	0.495
865	  I	  3.9	  0.0	0.102	0.495	0.495
866	  T	  6.5	  0.0	0.102	0.315	0.315
867	  T	  7.4	  0.1	0.102	0.315	0.315
868	  S	  4.2	  0.2	0.102	0.183	0.183
869	  S	  2.7	  0.3	0.000	0.000	0.000
870	  T	  1.9	  0.3	0.000	0.000	0.000
871	  S	  2.2	  0.2	0.000	0.000	0.000
872	  T	 31.7	  0.2	0.000	0.000	0.000
873	  Y	 37.1	  0.1	0.000	0.000	0.000
874	  S	 36.7	  0.0	0.000	0.000	0.000
875	  A	  9.6	  0.0	0.000	0.000	0.000
876	  P	  0.0	  0.1	0.000	0.000	0.000
877	  P	  0.0	  0.1	0.000	0.000	0.000
878	  L	  3.3	  0.1	0.000	2.731	2.731
879	  T	 13.8	  0.1	0.000	2.867	2.867
880	  V	 16.4	  0.0	0.000	3.003	3.003
881	  T	 14.2	  0.0	0.000	3.003	3.003
882	  A	  3.9	  0.0	0.000	3.003	3.003
883	  T	  1.7	  0.0	0.000	1.697	1.697
884	  T	  3.3	  0.2	0.000	0.777	0.777
885	  A	  3.2	  0.6	0.000	0.169	0.169
886	  S	  2.6	  0.5	0.000	0.000	0.000
887	  D	  0.4	  0.5	0.000	0.000	0.000
888	  Y	  2.3	  0.3	0.000	0.000	0.000
889	  V	  3.7	  0.1	0.000	0.000	0.000
890	  E	  3.4	  0.2	0.000	0.000	0.000
891	  S	  1.5	  0.2	0.000	0.000	0.000
892	  D	  0.3	  0.2	0.103	0.000	0.000
893	  W	  0.8	  0.2	0.103	64.057	64.057
894	  I	  4.2	  0.0	0.103	78.441	78.441
895	  S	  4.8	  0.0	0.103	80.244	80.244
896	  F	  5.1	  0.0	0.103	92.283	92.283
897	  F	  2.3	  0.0	0.103	92.283	92.283
898	  I	 18.3	  0.0	0.000	90.172	90.172
899	  T	 21.3	  0.0	0.114	60.256	60.256
900	  V	 20.8	  0.0	0.114	52.363	52.363
901	  D	  4.4	  0.5	0.114	0.000	0.000
902	  E	  0.1	  0.7	0.114	0.000	0.000
903	  K	  0.0	  1.1	0.114	0.000	0.000
904	  G	  0.0	  1.1	0.114	0.000	0.000
905	  D	  1.1	  0.7	0.168	0.000	0.000
906	  I	  5.2	  0.5	0.168	1.900	1.900
907	  V	  7.8	  0.0	0.168	2.031	2.031
908	  T	  8.0	  0.1	0.168	2.031	2.031
909	  S	  4.2	  0.2	0.168	2.031	2.031
910	  S	  1.7	  0.2	0.168	2.031	2.031
911	  T	  1.5	  0.2	0.000	2.164	2.164
912	  L	  1.6	  0.1	0.000	2.386	2.386
913	  F	  2.7	  0.0	0.000	2.270	2.270
914	  N	  1.7	  0.2	0.108	0.642	0.642
915	  A	  1.4	  0.2	0.108	0.642	0.642
916	  T	  0.5	  0.5	0.108	0.355	0.355
917	  R	  0.6	  0.5	0.108	0.000	0.000
918	  D	  0.8	  0.3	0.108	0.000	0.000
919	  Y	  3.4	  0.3	0.108	0.000	0.000
920	  K	  3.3	  0.0	0.000	0.000	0.000
921	  L	  2.9	  0.2	0.000	0.000	0.000
922	  P	  0.1	  0.2	0.000	0.000	0.000
923	  E	  0.0	  0.2	0.000	0.000	0.000
924	  A	  0.0	  0.4	0.000	0.000	0.000
925	  P	  0.0	  0.2	0.000	0.000	0.000
926	  H	  0.7	  0.3	0.000	0.000	0.000
927	  T	  2.2	  0.3	0.000	0.000	0.000
928	  S	  3.0	  0.1	0.000	0.000	0.000
929	  F	  2.3	  0.2	0.000	0.000	0.000
930	  G	  0.7	  0.1	0.000	0.000	0.000
931	  P	  0.0	  0.1	0.000	0.000	0.000
932	  A	  0.0	  0.1	0.000	0.000	0.000
933	  P	  0.0	  0.0	0.000	0.000	0.000
934	  P	  0.0	  0.0	0.000	0.000	0.000
935	  V	  0.6	  0.0	0.000	0.000	0.000
936	  E	  1.1	  0.0	0.000	0.000	0.000
937	  T	  3.5	  0.1	0.000	0.000	0.000
938	  H	  5.2	  0.1	0.000	0.000	0.000
939	  T	  9.8	  0.0	0.000	0.000	0.000
940	  V	 14.5	  0.0	0.000	0.000	0.000
941	  V	 13.4	  0.0	0.000	0.000	0.000
942	  L	  8.5	  0.2	0.000	0.000	0.000
943	  E	  1.3	  0.3	0.000	0.000	0.000
944	  N	  0.1	  0.3	0.320	0.000	0.000
945	  N	  0.4	  0.3	0.320	0.000	0.000
946	  M	  0.7	  0.2	0.320	0.000	0.000
947	  T	  1.2	  0.1	0.320	0.000	0.000
948	  N	  3.1	  0.1	0.320	0.000	0.000
949	  Y	 10.4	  0.1	0.320	0.000	0.000
950	  E	 10.4	  0.0	0.000	0.000	0.000
951	  V	 12.2	  0.0	0.000	24.147	24.147
952	  V	  8.0	  0.0	0.000	25.187	25.187
953	  S	  8.3	  0.0	0.000	25.187	25.187
954	  Y	  5.1	  0.0	0.000	25.328	25.328
955	  W	  2.4	  0.0	0.000	25.328	25.328
956	  T	  3.2	  0.0	0.000	13.585	13.585
957	  T	  3.0	  0.1	0.000	5.920	5.920
958	  T	  2.2	  0.1	0.000	1.313	1.313
959	  N	  0.6	  0.3	0.000	0.000	0.000
960	  E	  0.2	  0.3	0.000	0.000	0.000
961	  F	  0.2	  2.0	0.000	0.179	0.179
962	  G	  0.1	  2.0	0.000	0.179	0.179
963	  G	  0.1	  1.8	0.102	0.311	0.311
964	  L	  0.4	  1.8	0.102	0.495	0.495
965	  I	  3.9	  0.0	0.102	0.495	0.495
966	  T	  6.5	  0.0	0.102	0.315	0.315
967	  T	  7.4	  0.1	0.102	0.315	0.315
968	  S	  4.2	  0.2	0.102	0.183	0.183
969	  S	  2.7	  0.3	0.000	0.000	0.000
970	  T	  1.9	  0.3	0.000	0.000	0.000
971	  S	  2.2	  0.2	0.000	0.000	0.000
972	  T	 31.7	  0.2	0.000	0.000	0.000
973	  Y	 37.1	  0.1	0.000	0.000	0.000
974	  S	 36.7	  0.0	0.000	0.000	0.000
975	  A	  9.6	  0.0	0.000	0.000	0.000
976	  P	  0.0	  0.1	0.000	0.000	0.000
977	  P	  0.0	  0.1	0.000	0.000	0.000
978	  L	  3.3	  0.1	0.000	2.731	2.731
979	  T	 13.8	  0.1	0.000	2.867	2.867
980	  V	 16.4	  0.0	0.000	3.003	3.003
981	  T	 14.2	  0.0	0.000	3.003	3.003
982	  A	  3.9	  0.0	0.000	3.003	3.003
983	  T	  1.7	  0.0	0.000	1.697	1.697
984	  T	  3.3	  0.2	0.000	0.777	0.777
985	  A	  3.2	  0.6	0.000	0.169	0.169
986	  S	  2.6	  0.5	0.000	0.000	0.000
987	  D	  0.4	  0.5	0.000	0.000	0.000
988	  Y	  2.3	  0.3	0.000	0.000	0.000
989	  V	  3.7	  0.1	0.000	0.000	0.000
990	  E	  3.4	  0.2	0.000	0.000	0.000
991	  S	  1.5	  0.2	0.000	0.000	0.000
992	  D	  0.3	  0.2	0.103	0.000	0.000
993	  W	  0.8	  0.2	0.103	64.057	64.057
994	  I	  4.2	  0.0	0.103	78.441	78.441
995	  S	  4.8	  0.0	0.103	80.244	80.244
996	  F	  5.1	  0.0	0.103	92.283	92.283
997	  F	  2.3	  0.0	0.103	92.283	92.283
998	  I	 18.3	  0.0	0.000	90.172	90.172
999	  T	 21.3	  0.0	0.114	60.256	60.256
1000	  V	 20.8	  0.0	0.114	52.363	52.363
1001	  D	  4.4	  0.5	0.114	0.000	0.000
1002	  E	  0.1	  0.7	0.114	0.000	0.000
1003	  K	  0.0	  1.1	0.114	0.000	0.000
1004	  G	  0.0	  1.1	0.114	0.000	0.000
1005	  D	  1.1	  0.7	0.168	0.000	0.000
1006	  I	  5.2	  0.5	0.168	1.900	1.900
1007	  V	  7.8	  0.0	0.168	2.031	2.031
1008	  T	  8.0	  0.1	0.168	2.031	2.031
1009	  S	  4.2	  0.2	0.168	2.031	2.031
1010	  S	  1.7	  0.2	0.168	2.031	2.031
1011	  T	  1.5	  0.2	0.000	2.164	2.164
1012	  L	  1.6	  0.1	0.000	2.386	2.386
1013	  F	  2.7	  0.0	0.000	2.270	2.270
1014	  N	  1.7	  0.2	0.108	0.642	0.642
1015	  A	  1.4	  0.2	0.108	0.642	0.642
1016	  T	  0.5	  0.5	0.108	0.355	0.355
1017	  R	  0.6	  0.5	0.108	0.000	0.000
1018	  D	  0.8	  0.3	0.108	0.000	0.000
1019	  Y	  3.4	  0.3	0.108	0.000	0.000
1020	  K	  3.3	  0.0	0.000	0.000	0.000
1021	  L	  2.9	  0.2	0.000	0.000	0.000
1022	  P	  0.1	  0.2	0.000	0.000	0.000
1023	  E	  0.0	  0.2	0.000	0.000	0.000
1024	  A	  0.0	  0.4	0.000	0.000	0.000
1025	  P	  0.0	  0.2	0.000	0.000	0.000
1026	  H	  0.7	  0.3	0.000	0.000	0.000
1027	  T	  2.2	  0.3	0.000	0.000	0.000
1028	  S	  3.0	  0.1	0.000	0.000	0.000
1029	  F	  2.3	  0.2	0.000	0.000	0.000
1030	  G	  0.7	  0.1	0.000	0.000	0.000
1031	  P	  0.0	  0.1	0.000	0.000	0.000
1032	  A	  0.0	  0.1	0.000	0.000	0.000
1033	  P	  0.0	  0.0	0.000	0.000	0.000
1034	  P	  0.0	  0.0	0.000	0.000	0.000
1035	  V	  0.6	  0.0	0.000	0.000	0.000
1036	  E	  1.1	  0.0	0.000	0.000	0.000
1037	  T	  3.5	  0.1	0.000	0.000	0.000
1038	  H	  5.2	  0.1	0.000	0.000	0.000
1039	  T	  9.8	  0.0	0.000	0.000	0.000
1040	  V	 14.5	  0.0	0.000	0.000	0.000
1041	  V	 13.4	  0.0	0.000	0.000	0.000
1042	  L	  8.5	  0.2	0.000	0.000	0.000
1043	  E	  1.3	  0.3	0.000	0.000	0.000
1044	  N	  0.1	  0.3	0.320	0.000	0.000
1045	  N	  0.4	  0.3	0.320	0.000	0.000
1046	  M	  0.7	  0.2	0.320	0.000	0.000
1047	  T	  1.2	  0.1	0.320	0.000	0.000
1048	  N	  3.1	  0.1	0.320	0.000	0.000
1049	  Y	 10.4	  0.1	0.320	0.000	0.000
1050	  E	 10.4	  0.0	0.000	0.000	0.000
1051	  V	 12.2	  0.0	0.000	24.147	24.147
1052	  V	  8.0	  0.0	0.000	25.187	25.187
1053	  S	  8.3	  0.0	0.000	25.187	25.187
1054	  Y	  5.1	  0.0	0.000	25.328	25.328
1055	  W	  2.4	  0.0	0.000	25.328	25.328
1056	  T	  3.2	  0.0	0.000	13.585	13.585
1057	  T	  3.0	  0.1	0.000	5.920	5.920
1058	  T	  2.2	  0.1	0.000	1.313	1.313
1059	  N	  0.6	  0.3	0.000	0.000	0.000
1060	  E	  0.2	  0.3	0.000	0.000	0.000
1061	  F	  0.2	  2.0	0.000	0.179	0.179
1062	  G	  0.1	  2.0	0.000	0.179	0.179
1063	  G	  0.1	  1.8	0.102	0.311	0.311
1064	  L	  0.4	  1.8	0.102	0.495	0.495
1065	  I	  3.9	  0.0	0.102	0.495	0.495
1066	  T	  6.5	  0.0	0.102	0.315	0.315
1067	  T	  7.4	  0.1	0.102	0.315	0.315
1068	  S	  4.2	  0.2	0.102	0.183	0.183
1069	  S	  2.7	  0.3	0.000	0.000	0.000
1070	  T	  1.9	  0.3	0.000	0.000	0.000
1071	  S	  2.2	  0.2	0.000	0.000	0.000
1072	  T	 31.7	  0.2	0.000	0.000	0.000
1073	  Y	 37.1	  0.1	0.000	0.000	0.000
1074	  S	 36.7	  0.0	0.000	0.000	0.000
1075	  A	  9.6	  0.0	0.000	0.000	0.000
1076	  P	  0.0	  0.1	0.000	0.000	0.000
1077	  P	  0.0	  0.1	0.000	0.000	0.000
1078	  L	  3.3	  0.1	0.000	2.731	2.731
1079	  T	 13.8	  0.1	0.000	2.867	2.867
1080	  V	 16.4	  0.0	0.000	3.003	3.003
1081	  T	 14.2	  0.0	0.000	3.003	3.003
1082	  A	  3.9	  0.0	0.000	3.003	3.003
1083	  T	  1.7	  0.0	0.000	1.697	1.697
1084	  T	  3.3	  0.2	0.000	0.777	0.777
1085	  A	  3.2	  0.6	0.000	0.169	0.169
1086	  S	  2.6	  0.5	0.000	0.000	0.000
1087	  D	  0.4	  0.5	0.000	0.000	0.000
1088	  Y	  2.3	  0.3	0.000	0.000	0.000
1089	  V	  3.7	  0.1	0.000	0.000	0.000
1090	  E	  3.4	  0.2	0.000	0.000	0.000
1091	  S	  1.5	  0.2	0.000	0.000	0.000
1092	  D	  0.3	  0.2	0.103	0.000	0.000
1093	  W	  0.8	  0.2	0.103	64.057	64.057
1094	  I	  4.2	  0.0	0.103	78.441	78.441
1095	  S	  4.8	  0.0	0.103	80.244	80.244
1096	  F	  5.1	  0.0	0.103	92.283	92.283
1097	  F	  2.3	  0.0	0.103	92.283	92.283
1098	  I	 18.3	  0.0	0.000	90.172	90.172
1099	  T	 21.3	  0.0	0.114	60.256	60.256
1100	  V	 20.8	  0.0	0.114	52.363	52.363
1101	  D	  4.4	  0.5	0.114	0.000	0.000
1102	  E	  0.1	  0.7	0.114	0.000	0.000
1103	  K	  0.0	  1.1	0.114	0.000	0.000
1104	  G	  0.0	  1.1	0.114	0.000	0.000
1105	  D	  1.1	  0.7	0.168	0.000	0.000
1106	  I	  5.2	  0.5	0.168	1.900	1.900
1107	  V	  7.8	  0.0	0.168	2.031	2.031
1108	  T	  8.0	  0.1	0.168	2.031	2.031
1109	  S	  4.2	  0.2	0.168	2.031	2.031
1110	  S	  1.7	  0.2	0.168	2.031	2.031
1111	  T	  1.5	  0.2	0.000	2.164	2.164
1112	  L	  1.6	  0.1	0.000	2.386	2.386
1113	  F	  2.7	  0.0	0.000	2.270	2.270
1114	  N	  1.7	  0.2	0.108	0.642	0.642
1115	  A	  1.4	  0.2	0.108	0.642	0.642
1116	  T	  0.5	  0.5	0.108	0.355	0.355
1117	  R	  0.6	  0.5	0.108	0.000	0.000
1118	  D	  0.8	  0.3	0.108	0.000	0.000
1119	  Y	  3.4	  0.3	0.108	0.000	0.000
1120	  K	  3.3	  0.0	0.000	0.000	0.000
1121	  L	  2.9	  0.2	0.000	0.000	0.000
1122	  P	  0.1	  0.2	0.000	0.000	0.000
1123	  E	  0.0	  0.2	0.000	0.000	0.000
1124	  A	  0.0	  0.4	0.000	0.000	0.000
1125	  P	  0.0	  0.2	0.000	0.000	0.000
1126	  H	  0.7	  0.3	0.000	0.000	0.000
1127	  T	  2.2	  0.3	0.000	0.000	0.000
1128	  S	  3.0	  0.1	0.000	0.000	0.000
1129	  F	  2.3	  0.2	0.000	0.000	0.000
1130	  G	  0.7	  0.1	0.000	0.000	0.000
1131	  P	  0.0	  0.1	0.000	0.000	0.000
1132	  A	  0.0	  0.1	0.000	0.000	0.000
1133	  P	  0.0	  0.0	0.000	0.000	0.000
1134	  P	  0.0	  0.0	0.000	0.000	0.000
1135	  V	  0.6	  0.0	0.000	0.000	0.000
1136	  E	  1.1	  0.0	0.000	0.000	0.000
1137	  T	  3.5	  0.1	0.000	0.000	0.000
1138	  H	  5.2	  0.1	0.000	0.000	0.000
1139	  T	  9.8	  0.0	0.000	0.000	0.000
1140	  V	 14.5	  0.0	0.000	0.000	0.000
1141	  V	 13.4	  0.0	0.000	0.000	0.000
1142	  L	  8.5	  0.2	0.000	0.000	0.000
1143	  E	  1.3	  0.3	0.000	0.000	0.000
1144	  N	  0.1	  0.3	0.320	0.000	0.000
1145	  N	  0.4	  0.3	0.320	0.000	0.000
1146	  M	  0.7	  0.2	0.320	0.000	0.000
1147	  T	  1.2	  0.1	0.320	0.000	0.000
1148	  N	  3.1	  0.1	0.320	0.000	0.000
1149	  Y	 10.4	  0.1	0.320	0.000	0.000
1150	  E	 10.4	  0.0	0.000	0.000	0.000
1151	  V	 12.2	  0.0	0.000	24.147	24.147
1152	  V	  8.0	  0.0	0.000	25.187	25.187
1153	  S	  8.3	  0.0	0.000	25.187	25.187
1154	  Y	  5.1	  0.0	0.000	25.328	25.328
1155	  W	  2.4	  0.0	0.000	25.328	25.328
1156	  T	  3.2	  0.0	0.000	13.585	13.585
1157	  T	  3.0	  0.1	0.000	5.920	5.920
1158	  T	  2.2	  0.1	0.000	1.313	1.313
1159	  N	  0.6	  0.3	0.000	0.000	0.000
1160	  E	  0.2	  0.3	0.000	0.000	0.000
1161	  F	  0.2	  2.0	0.000	0.179	0.179
1162	  G	  0.1	  2.0	0.000	0.179	0.179
1163	  G	  0.1	  1.8	0.102	0.311	0.311
1164	  L	  0.4	  1.8	0.102	0.495	0.495
1165	  I	  3.9	  0.0	0.102	0.495	0.495
1166	  T	  6.5	  0.0	0.102	0.315	0.315
1167	  T	  7.4	  0.1	0.102	0.315	0.315
1168	  S	  4.2	  0.2	0.102	0.183	0.183
1169	  S	  2.7	  0.3	0.000	0.000	0.000
1170	  T	  1.9	  0.3	0.000	0.000	0.000
1171	  S	  2.2	  0.2	0.000	0.000	0.000
1172	  T	 31.7	  0.2	0.000	0.000	0.000
1173	  Y	 37.1	  0.1	0.000	0.000	0.000
1174	  S	 36.7	  0.0	0.000	0.000	0.000
1175	  A	  9.6	  0.0	0.000	0.000	0.000
1176	  P	  0.0	  0.1	0.000	0.000	0.000
1177	  P	  0.0	  0.1	0.000	0.000	0.000
1178	  L	  3.3	  0.1	0.000	2.731	2.731
1179	  T	 13.8	  0.1	0.000	2.867	2.867
1180	  V	 16.4	  0.0	0.000	3.003	3.003
1181	  T	 14.2	  0.0	0.000	3.003	3.003
1182	  A	  3.9	  0.0	0.000	3.003	3.003
1183	  T	  1.7	  0.0	0.000	1.697	1.697
1184	  T	  3.3	  0.2	0.000	0.777	0.777
1185	  A	  3.2	  0.6	0.000	0.169	0.169
1186	  S	  2.6	  0.5	0.000	0.000	0.000
1187	  D	  0.4	  0.5	0.000	0.000	0.000
1188	  Y	  2.3	  0.3	0.000	0.000	0.000
1189	  V	  3.7	  0.1	0.000	0.000	0.000
1190	  E	  3.4	  0.2	0.000	0.000	0.000
1191	  S	  1.5	  0.2	0.000	0.000	0.000
1192	  D	  0.3	  0.2	0.103	0.000	0.000
1193	  W	  0.8	  0.2	0.103	64.057	64.057
1194	  I	  4.2	  0.0	0.103	78.441	78.441
1195	  S	  4.8	  0.0	0.103	80.244	80.244
1196	  F	  5.1	  0.0	0.103	92.283	92.283
1197	  F	  2.3	  0.0	0.103	92.283	92.283
1198	  I	 18.3	  0.0	0.000	90.172	90.172
1199	  T	 21.3	  0.0	0.114	60.256	60.256
1200	  V	 20.8	  0.0	0.114	52.363	52.363
1201	  D	  4.4	  0.5	0.114	0.000	0.000
1202	  E	  0.1	  0.7	0.114	0.000	0.000
1203	  K	  0.0	  1.1	0.114	0.000	0.000
1204	  G	  0.0	  1.1	0.114	0.000	0.000
1205	  D	  1.1	  0.7	0.168	0.000	0.000
1206	  I	  5.2	  0.5	0.168	1.900	1.900
1207	  V	  7.8	  0.0	0.168	2.031	2.031
1208	  T	  8.0	  0.1	0.168	2.031	2.031
1209	  S	  4.2	  0.2	0.168	2.031	2.031
1210	  S	  1.7	  0.2	0.168	2.031	2.031
1211	  T	  1.5	  0.2	0.000	2.164	2.164
1212	  L	  1.6	  0.1	0.000	2.386	2.386
1213	  F	  2.7	  0.0	0.000	2.270	2.270
1214	  N	  1.7	  0.2	0.107	0.642	0.642
1215	  A	  1.4	  0.2	0.107	0.642	0.642
1216	  T	  0.5	  0.5	0.107	0.355	0.355
1217	  R	  0.6	  0.5	0.107	0.000	0.000
1218	  D	  0.8	  0.3	0.107	0.000	0.000
1219	  Y	  3.4	  0.3	0.107	0.000	0.000
1220	  K	  3.3	  0.0	0.000	0.000	0.000
1221	  L	  2.9	  0.8	0.000	0.000	0.000
1222	  P	  0.1	  0.8	0.000	0.000	0.000
1223	  D	  0.0	  0.8	0.000	0.000	0.000
1224	  A	  0.0	  0.9	0.000	0.000	0.000
1225	  P	  0.0	  0.1	0.000	0.000	0.000
1226	  Y	 12.5	  0.1	0.000	0.367	0.367
1227	  T	 15.4	  0.1	0.000	0.367	0.367
1228	  F	 15.7	  0.1	0.000	0.367	0.367
1229	  L	  3.4	  1.2	0.000	0.367	0.367
1230	  G	  0.3	  1.2	0.000	0.367	0.367
1231	  D	  0.1	  1.2	0.000	0.000	0.000
1232	  H	  0.7	  1.2	0.000	0.000	0.000
1233	  T	  2.7	  0.1	0.000	1.019	1.019
1234	  T	  5.8	  0.1	0.000	1.372	1.372
1235	  V	  9.2	  0.0	0.000	1.372	1.372
1236	  I	  9.4	  0.0	0.000	1.372	1.372
1237	  T	  6.3	  0.2	0.000	1.372	1.372
1238	  S	  2.3	  1.3	0.000	0.467	0.467
1239	  G	  0.1	  1.3	0.000	0.000	0.000
1240	  G	  0.0	  1.3	0.000	0.000	0.000
1241	  K	  0.0	  1.2	0.000	0.000	0.000
1242	  P	  0.0	  0.1	0.000	0.157	0.157
1243	  T	  1.8	  0.1	0.000	15.223	15.223
1244	  T	  6.7	  0.1	0.000	22.821	22.821
1245	  V	 17.4	  0.0	0.000	25.236	25.236
1246	  V	 19.1	  0.0	0.000	25.340	25.340
1247	  V	 16.1	  0.0	0.000	25.340	25.340
1248	  S	  6.2	  0.0	0.000	12.577	12.577
1249	  H	  8.0	  0.0	0.000	4.724	4.724
1250	  I	  9.1	  0.0	0.000	4.615	4.615
1251	  T	  9.8	  0.0	0.000	2.298	2.298
1252	  T	  4.7	  0.1	0.000	0.967	0.967
1253	  T	  2.2	  0.2	0.000	0.321	0.321
1254	  D	  0.8	  9.3	0.000	0.000	0.000
1255	  S	  0.5	 10.6	0.000	0.000	0.000
1256	  N	  0.0	 10.6	0.000	0.000	0.000
1257	  G	  0.0	 10.5	0.000	0.000	0.000
1258	  H	  0.1	  1.6	0.000	0.000	0.000
1259	  S	  0.5	  0.3	0.000	0.000	0.000
1260	  T	  3.8	  0.2	0.000	0.000	0.000
1261	  V	  6.8	  0.1	0.000	0.000	0.000
1262	  I	  6.9	  0.0	0.000	0.000	0.000
1263	  E	  3.8	  0.0	0.000	0.000	0.000
1264	  T	  2.2	  0.0	0.000	0.000	0.000
1265	  T	  2.0	  0.0	0.000	0.000	0.000
1266	  L	  1.8	  0.0	0.000	0.000	0.000
1267	  P	  0.2	  0.2	0.000	0.000	0.000
1268	  V	  0.1	  1.4	0.000	0.000	0.000
1269	  G	  0.1	  1.9	0.000	0.000	0.000
1270	  S	  0.4	  3.5	0.000	0.000	0.000
1271	  G	  0.3	  3.7	0.000	0.000	0.000
1272	  S	  0.3	  3.1	0.000	0.000	0.000
1273	  N	  0.0	  2.7	0.000	0.000	0.000
1274	  D	  0.1	  1.0	0.000	0.000	0.000
1275	  H	  0.7	  0.6	0.000	0.000	0.000
1276	  T	  2.7	  0.1	0.000	1.023	1.023
1277	  T	  5.8	  0.1	0.000	1.379	1.379
1278	  V	  9.2	  0.0	0.000	1.379	1.379
1279	  I	  9.4	  0.0	0.000	1.379	1.379
1280	  T	  6.3	  0.2	0.000	1.379	1.379
1281	  S	  2.3	  1.3	0.000	0.470	0.470
1282	  G	  0.1	  1.3	0.000	0.000	0.000
1283	  G	  0.0	  1.3	0.000	0.000	0.000
1284	  K	  0.0	  1.2	0.000	0.000	0.000
1285	  P	  0.0	  0.1	0.000	0.157	0.157
1286	  T	  1.8	  0.1	0.000	15.223	15.223
1287	  T	  6.7	  0.1	0.000	22.821	22.821
1288	  V	 17.4	  0.0	0.000	25.236	25.236
1289	  V	 19.1	  0.0	0.000	25.340	25.340
1290	  V	 16.1	  0.0	0.000	25.340	25.340
1291	  S	  6.2	  0.0	0.000	12.577	12.577
1292	  H	  8.0	  0.0	0.000	4.724	4.724
1293	  I	  9.1	  0.0	0.000	4.615	4.615
1294	  T	  9.8	  0.0	0.000	2.298	2.298
1295	  T	  4.7	  0.1	0.000	0.967	0.967
1296	  T	  2.2	  0.2	0.000	0.321	0.321
1297	  D	  0.8	  9.3	0.000	0.000	0.000
1298	  S	  0.5	 10.6	0.000	0.000	0.000
1299	  N	  0.0	 10.6	0.000	0.000	0.000
1300	  G	  0.0	 10.5	0.000	0.000	0.000
1301	  H	  0.1	  1.6	0.000	0.000	0.000
1302	  S	  0.5	  0.3	0.000	0.000	0.000
1303	  T	  3.8	  0.2	0.000	0.000	0.000
1304	  V	  6.8	  0.1	0.000	0.000	0.000
1305	  I	  6.9	  0.0	0.000	0.000	0.000
1306	  E	  3.8	  0.0	0.000	0.000	0.000
1307	  T	  2.2	  0.0	0.000	0.000	0.000
1308	  T	  2.0	  0.0	0.000	0.000	0.000
1309	  L	  1.8	  0.0	0.000	0.000	0.000
1310	  P	  0.2	  0.2	0.000	0.000	0.000
1311	  V	  0.1	  1.4	0.000	0.000	0.000
1312	  G	  0.1	  1.8	0.000	0.000	0.000
1313	  S	  0.4	  2.2	0.000	0.000	0.000
1314	  G	  0.3	  2.0	0.000	0.000	0.000
1315	  S	  3.2	  1.2	0.000	0.000	0.000
1316	  I	  3.2	  0.7	0.000	0.000	0.000
1317	  D	  3.2	  0.4	0.000	0.000	0.000
1318	  H	  0.9	  0.4	0.000	0.000	0.000
1319	  T	  2.6	  0.1	0.000	1.030	1.030
1320	  T	  5.8	  0.1	0.000	1.386	1.386
1321	  V	  9.1	  0.0	0.000	1.386	1.386
1322	  I	  9.4	  0.0	0.000	1.386	1.386
1323	  T	  6.3	  0.2	0.000	1.386	1.386
1324	  S	  2.3	  1.3	0.000	0.471	0.471
1325	  G	  0.1	  1.3	0.000	0.000	0.000
1326	  G	  0.0	  1.3	0.000	0.000	0.000
1327	  K	  0.0	  1.2	0.000	0.000	0.000
1328	  P	  0.0	  0.1	0.000	0.157	0.157
1329	  T	  1.8	  0.1	0.000	15.224	15.224
1330	  T	  6.7	  0.1	0.000	22.823	22.823
1331	  V	 17.4	  0.0	0.000	25.239	25.239
1332	  V	 19.1	  0.0	0.000	25.343	25.343
1333	  V	 16.1	  0.0	0.000	25.343	25.343
1334	  S	  6.2	  0.0	0.000	12.579	12.579
1335	  H	  8.0	  0.0	0.000	4.727	4.727
1336	  I	  9.1	  0.0	0.000	4.617	4.617
1337	  T	  9.8	  0.0	0.000	2.300	2.300
1338	  T	  4.7	  0.1	0.000	0.969	0.969
1339	  T	  2.2	  0.2	0.000	0.323	0.323
1340	  D	  0.8	  8.2	0.000	0.000	0.000
1341	  S	  0.4	  8.6	0.000	0.000	0.000
1342	  N	  0.0	 10.2	0.000	0.000	0.000
1343	  G	  0.0	 10.1	0.000	0.000	0.000
1344	  N	  0.7	  2.1	0.314	0.112	0.112
1345	  T	  9.9	  1.7	0.314	0.225	0.225
1346	  V	 18.2	  0.0	0.314	0.225	0.225
1347	  T	 20.8	  0.0	0.314	0.225	0.225
1348	  I	 12.5	  0.0	0.314	0.225	0.225
1349	  Q	  5.3	  0.0	0.314	0.113	0.113
1350	  Q	  1.9	  0.0	0.114	0.000	0.000
1351	  Y	  1.7	  0.6	0.114	0.000	0.000
1352	  P	  0.2	  0.6	0.000	0.000	0.000
1353	  T	  0.1	  0.7	0.000	0.000	0.000
1354	  L	  0.1	  0.7	0.000	0.000	0.000
1355	  G	  0.1	  0.2	0.000	0.000	0.000
1356	  E	  0.0	  0.3	0.000	0.000	0.000
1357	  P	  0.0	  0.3	0.000	0.000	0.000
1358	  S	  2.1	  0.6	0.000	0.000	0.000
1359	  T	  2.1	  0.9	0.000	0.000	0.000
1360	  S	  2.1	  0.7	0.000	0.000	0.000
1361	  N	  0.1	  0.6	0.000	0.000	0.000
1362	  R	  0.0	  0.6	0.000	0.000	0.000
1363	  P	  0.0	  0.4	0.000	0.000	0.000
1364	  T	  0.7	  0.4	0.000	0.000	0.000
1365	  N	  1.0	  0.4	0.000	0.000	0.000
1366	  V	  4.2	  0.1	0.000	0.000	0.000
1367	  A	  3.5	  0.0	0.000	0.000	0.000
1368	  Q	  3.2	  0.0	0.000	0.000	0.000
1369	  P	  0.0	  0.0	0.000	0.000	0.000
1370	  Q	  0.0	  0.0	0.000	0.000	0.000
1371	  P	  0.0	  0.1	0.000	0.000	0.000
1372	  A	  0.0	  0.3	0.000	0.000	0.000
1373	  A	  0.0	  1.7	0.000	0.000	0.000
1374	  G	  0.0	  1.7	0.000	0.000	0.000
1375	  N	  0.0	  1.6	0.000	0.000	0.000
1376	  S	  0.7	  1.6	0.000	0.000	0.000
1377	  A	  1.0	  0.3	0.000	0.000	0.000
1378	  R	  1.1	  0.2	0.000	0.000	0.000
1379	  H	  0.4	  0.4	0.000	0.000	0.000
1380	  S	  1.1	  1.2	0.000	0.000	0.000
1381	  S	  1.8	  2.2	0.000	0.000	0.000
1382	  S	  1.8	  4.3	0.000	0.000	0.000
1383	  S	  0.9	  4.5	0.000	0.000	0.000
1384	  N	  0.1	  3.7	0.000	0.000	0.000
1385	  D	  0.2	  3.9	0.000	0.000	0.000
1386	  L	  0.5	  1.8	0.000	0.000	0.000
1387	  N	  0.6	  2.4	0.000	0.000	0.000
1388	  S	  1.3	  3.1	0.000	0.000	0.000
1389	  S	  1.8	  2.7	0.000	0.000	0.000
1390	  S	  2.5	  3.5	0.000	0.000	0.000
1391	  S	  2.0	  2.5	0.000	0.000	0.000
1392	  S	  2.6	  2.2	0.000	0.000	0.000
1393	  R	  2.1	  1.4	0.000	0.000	0.000
1394	  S	  2.4	  0.6	0.000	0.000	0.000
1395	  T	  2.6	  0.5	0.000	0.000	0.000
1396	  T	  3.1	  0.1	0.000	0.000	0.000
1397	  T	  3.4	  0.1	0.000	0.000	0.000
1398	  L	  1.8	  0.2	0.000	0.000	0.000
1399	  E	  1.0	  2.3	0.000	0.000	0.000
1400	  G	  0.0	  2.4	0.000	0.000	0.000
1401	  N	  0.3	  2.4	0.000	0.000	0.000
1402	  S	  1.3	  2.2	0.000	0.000	0.000
1403	  I	  1.7	  0.0	0.000	0.000	0.000
1404	  I	  1.4	  0.2	0.000	0.000	0.000
1405	  P	  0.4	  0.2	0.000	0.000	0.000
1406	  S	  3.0	  1.2	0.000	0.000	0.000
1407	  A	  3.2	  1.3	0.000	0.000	0.000
1408	  S	  4.6	  1.5	0.000	0.000	0.000
1409	  Q	  1.8	  1.5	0.000	0.000	0.000
1410	  S	  1.8	  0.6	0.000	0.000	0.000
1411	  I	  1.4	  0.5	0.000	0.000	0.000
1412	  F	  2.6	  0.3	0.000	0.000	0.000
1413	  S	  2.4	  0.3	0.000	0.000	0.000
1414	  G	  1.3	  0.3	0.000	0.000	0.000
1415	  A	  0.0	  2.3	0.000	0.000	0.000
1416	  P	  0.0	  2.2	0.000	0.000	0.000
1417	  G	  0.1	  2.2	0.000	0.000	0.000
1418	  H	  0.5	  2.3	0.000	0.000	0.000
1419	  T	  1.2	  0.3	0.000	0.000	0.000
1420	  N	  1.5	  0.2	0.000	0.000	0.000
1421	  S	  6.0	  0.3	0.000	0.000	0.000
1422	  I	  5.2	  0.3	0.000	0.000	0.000
1423	  S	  5.0	  0.3	0.107	0.000	0.000
1424	  D	  1.5	  0.3	0.107	0.000	0.000
1425	  T	 14.0	  0.2	0.107	0.000	0.000
1426	  Y	 14.3	  0.6	0.107	0.000	0.000
1427	  K	 12.9	  0.6	0.107	0.000	0.000
1428	  G	  0.5	  0.7	0.107	0.000	0.000
1429	  S	  2.6	  1.5	0.107	0.000	0.000
1430	  A	  2.8	  1.1	0.000	0.000	0.000
1431	  S	  3.0	  0.9	0.144	0.000	0.000
1432	  Q	  1.3	  0.9	0.144	0.000	0.000
1433	  I	  4.8	  0.1	0.144	0.000	0.000
1434	  S	  5.0	  0.0	0.144	0.000	0.000
1435	  M	  4.9	  0.1	0.144	0.000	0.000
1436	  K	  1.4	  0.2	0.144	0.000	0.000
1437	  W	  0.9	  0.9	0.000	4.770	4.770
1438	  G	  0.2	  0.9	1.173	5.878	5.878
1439	  S	  4.5	  1.1	5.016	8.890	8.890
1440	  L	  5.8	  0.9	5.306	32.939	32.939
1441	  S	  6.1	  0.3	14.198	37.115	37.115
1442	  M	  3.6	  0.3	14.547	70.346	70.346
1443	  V	  4.3	  0.0	15.025	97.330	97.330
1444	  L	  5.0	  0.0	15.025	99.507	99.507
1445	  I	  5.9	  0.0	15.025	99.774	99.774
1446	  M	  4.5	  0.0	15.025	99.673	99.673
1447	  L	  4.4	  0.0	14.697	99.413	99.413
1448	  I	  2.3	  0.0	14.397	97.293	97.293
1449	  L	  3.0	  0.0	14.397	72.319	72.319
1450	  N	  2.0	  0.0	8.234	6.621	6.621
1451	  I	  1.6	  0.0	0.080	0.002	0.002
