res	aa	Beta	Turn	Helix	Aggregation	Conc-Stab_Aggregation
01	  M	  0.4	  0.1	0.000	0.000	0.000
02	  T	  0.5	  0.1	0.327	0.000	0.000
03	  N	  0.8	  0.1	2.416	0.000	0.000
04	  M	  2.3	  0.1	2.523	0.033	0.033
05	  K	  2.9	  0.0	2.905	0.367	0.367
06	  V	  4.8	  0.0	3.018	91.978	91.978
07	  F	  4.4	  0.0	3.240	99.531	99.531
08	  I	 11.3	  0.0	3.240	99.955	99.955
09	  V	 12.7	  0.0	3.240	99.991	99.991
10	  L	 12.1	  0.0	3.240	99.994	99.994
11	  M	  4.7	  0.2	3.240	99.844	99.844
12	  L	  1.1	  0.2	3.130	99.646	99.646
13	  G	  0.2	  0.2	2.767	98.483	98.483
14	  F	  2.3	  0.2	1.793	98.361	98.361
15	  C	  3.8	  0.0	0.085	96.778	96.778
16	  L	  4.4	  0.0	0.000	96.512	96.512
17	  V	  4.1	  0.0	0.000	94.978	94.978
18	  S	  2.7	  0.0	0.415	76.402	76.402
19	  A	  2.1	  0.0	0.415	74.075	74.075
20	  L	  2.3	  0.0	0.415	63.167	63.167
21	  D	  2.9	  0.5	0.757	0.363	0.363
22	  V	  4.3	  0.6	0.757	0.307	0.307
23	  N	  2.6	  0.6	0.869	0.000	0.000
24	  S	  2.0	  0.6	0.454	0.019	0.019
25	  I	  1.9	  0.0	0.454	7.093	7.093
26	  L	  3.3	  0.0	0.454	7.529	7.529
27	  S	  4.6	  0.2	0.454	7.529	7.529
28	  L	  3.4	  0.2	0.334	7.940	7.940
29	  T	  1.8	  0.3	0.222	7.935	7.935
30	  G	  0.2	  0.3	0.222	6.374	6.374
31	  I	  1.5	  0.1	0.121	6.732	6.732
32	  Q	  2.5	  0.1	0.121	4.974	4.974
33	  L	  2.8	  0.0	0.121	4.974	4.974
34	  F	  3.9	  0.0	0.121	4.588	4.588
35	  T	  2.9	  0.0	0.000	2.036	2.036
36	  E	  2.6	  0.0	0.000	0.000	0.000
37	  P	  0.0	  0.0	0.000	0.000	0.000
38	  V	 10.6	  0.0	0.000	0.000	0.000
39	  H	 13.5	  0.0	0.000	0.000	0.000
40	  I	 14.4	  0.0	0.000	1.236	1.236
41	  F	  4.8	  0.2	0.000	1.236	1.236
42	  S	  1.8	  0.4	0.153	1.236	1.236
43	  T	  0.8	  0.6	0.153	1.236	1.236
44	  G	  0.1	  0.6	0.153	1.236	1.236
45	  A	  0.2	  0.3	0.153	2.068	2.068
46	  L	  1.9	  0.2	0.153	2.903	2.903
47	  S	  3.5	  0.0	0.153	2.635	2.635
48	  L	  5.5	  0.1	0.153	2.635	2.635
49	  T	  3.9	  0.1	0.000	2.443	2.443
50	  L	  2.3	  1.2	0.000	2.205	2.205
51	  G	  0.1	  1.2	0.000	0.000	0.000
52	  N	  1.0	  1.3	0.000	0.000	0.000
53	  S	  1.5	  1.3	0.000	0.000	0.000
54	  Y	  2.4	  0.2	0.000	0.000	0.000
55	  A	  1.7	  0.2	0.000	0.000	0.000
56	  F	  1.5	  0.2	0.000	0.000	0.000
57	  N	  0.6	  0.2	0.000	0.000	0.000
58	  D	  0.4	  0.2	0.375	0.000	0.000
59	  L	  0.2	  0.2	0.375	0.000	0.000
60	  L	  3.9	  0.0	0.375	0.000	0.000
61	  T	  8.2	  0.2	0.375	0.000	0.000
62	  I	  8.6	  0.3	0.375	0.000	0.000
63	  D	  5.0	  0.6	0.375	0.000	0.000
64	  G	  0.6	  0.7	0.000	0.000	0.000
65	  G	  0.0	  0.8	0.000	0.000	0.000
66	  G	  0.0	  0.8	0.000	0.000	0.000
67	  S	  5.3	  0.9	0.115	0.000	0.000
68	  L	  5.9	  0.8	0.115	0.252	0.252
69	  S	  6.6	  0.6	2.306	0.252	0.252
70	  A	  1.5	  0.6	2.306	0.603	0.603
71	  T	  1.2	  0.2	2.748	0.603	0.603
72	  A	  0.8	  0.2	2.901	0.603	0.603
73	  L	  0.9	  0.0	2.901	0.603	0.603
74	  L	  2.8	  0.0	2.901	0.603	0.603
75	  D	  2.6	  0.0	2.731	0.000	0.000
76	  I	  7.6	  0.0	2.395	0.000	0.000
77	  L	  5.5	  0.0	2.395	0.000	0.000
78	  L	  5.4	  0.0	2.210	0.000	0.000
79	  P	  0.1	  0.0	0.000	0.000	0.000
80	  F	  5.8	  0.0	0.000	0.000	0.000
81	  S	 25.8	  0.1	0.000	0.000	0.000
82	  F	 30.0	  0.1	0.000	0.000	0.000
83	  S	 25.6	  0.1	0.000	0.000	0.000
84	  I	  5.7	  0.2	0.000	0.000	0.000
85	  P	  0.1	  0.2	0.000	0.000	0.000
86	  S	  1.8	  0.4	0.000	0.000	0.000
87	  T	  3.1	  0.5	0.000	0.000	0.000
88	  S	  3.2	  0.4	0.155	0.000	0.000
89	  S	  4.9	  0.3	0.155	0.000	0.000
90	  V	  5.4	  0.1	0.155	0.000	0.000
91	  T	  5.9	  0.1	0.155	0.000	0.000
92	  N	  2.5	  0.7	0.155	0.000	0.000
93	  S	  1.0	  1.9	0.155	0.000	0.000
94	  G	  0.2	  1.8	0.103	0.000	0.000
95	  S	  1.8	  1.7	0.103	0.000	0.000
96	  M	  5.8	  1.2	0.103	0.000	0.000
97	  T	 17.9	  0.0	0.103	0.000	0.000
98	  I	 16.4	  0.3	0.103	0.000	0.000
99	  S	 12.5	  0.8	0.291	0.000	0.000
100	  N	  0.0	  1.2	0.188	0.000	0.000
101	  G	  0.0	  1.2	0.188	0.000	0.000
102	  N	  0.0	  1.0	0.188	0.000	0.000
103	  L	  0.1	  0.6	0.188	0.000	0.000
104	  L	  0.2	  0.2	0.188	0.000	0.000
105	  G	  0.2	  0.2	0.188	0.000	0.000
106	  L	  0.1	  0.4	0.000	0.000	0.000
107	  G	  0.0	  0.6	0.000	0.000	0.000
108	  G	  0.0	  0.6	0.000	0.000	0.000
109	  S	  1.3	  1.1	0.000	0.000	0.000
110	  Q	  1.4	  0.8	0.000	0.000	0.000
111	  S	  4.7	  0.7	0.000	0.000	0.000
112	  I	 11.1	  0.7	0.000	0.000	0.000
113	  N	 15.1	  0.2	0.000	0.000	0.000
114	  I	 12.3	  0.2	0.000	0.000	0.000
115	  I	  5.1	  0.2	0.000	0.000	0.000
116	  P	  0.4	  0.3	0.000	0.000	0.000
117	  S	  0.1	  0.4	0.000	0.000	0.000
118	  S	  1.7	  0.4	0.000	0.000	0.000
119	  L	  2.0	  0.2	0.000	0.000	0.000
120	  T	  2.4	  0.1	0.000	0.000	0.000
121	  N	  0.8	  0.2	0.000	0.000	0.000
122	  T	  0.6	  0.3	0.000	0.000	0.000
123	  G	  0.1	  0.2	0.140	0.000	0.000
124	  T	 11.1	  0.2	0.239	0.000	0.000
125	  I	 20.3	  0.1	0.239	0.000	0.000
126	  T	 21.4	  0.1	0.765	0.000	0.000
127	  L	 11.7	  0.1	0.765	0.000	0.000
128	  D	  2.2	  0.1	0.980	0.000	0.000
129	  L	  0.8	  0.1	0.980	0.000	0.000
130	  A	  0.1	  0.1	0.980	0.000	0.000
131	  R	  0.7	  0.0	0.980	0.000	0.000
132	  T	 18.2	  0.0	0.322	0.000	0.000
133	  V	 18.4	  0.2	0.322	0.000	0.000
134	  S	 17.8	  0.1	0.540	0.000	0.000
135	  D	  0.3	  0.4	0.219	0.000	0.000
136	  A	  0.2	  0.4	0.219	2.730	2.730
137	  T	  0.6	  0.3	0.219	5.963	5.963
138	  S	  0.8	  0.3	0.219	17.641	17.641
139	  L	  1.5	  0.1	0.219	17.641	17.641
140	  L	  3.2	  0.0	0.000	17.641	17.641
141	  V	  7.8	  0.0	0.000	17.641	17.641
142	  I	  7.6	  0.0	0.000	17.150	17.150
143	  D	  5.4	  0.4	0.000	0.000	0.000
144	  A	  0.6	  0.4	0.000	2.978	2.978
145	  G	  0.1	  0.4	0.000	3.141	3.141
146	  V	  5.9	  0.4	0.000	5.939	5.939
147	  F	  7.5	  0.1	0.000	6.075	6.075
148	  V	  8.7	  0.1	0.000	6.075	6.075
149	  N	  3.0	  0.4	0.208	3.213	3.213
150	  S	  1.3	  0.5	0.208	2.934	2.934
151	  G	  0.1	  0.4	0.208	2.585	2.585
152	  T	 13.2	  0.4	0.208	4.754	4.754
153	  I	 16.8	  0.1	0.208	5.053	5.053
154	  S	 17.5	  0.0	0.208	4.728	4.728
155	  Y	  5.5	  0.0	0.208	4.728	4.728
156	  I	  1.2	  0.3	0.000	4.584	4.584
157	  G	  0.4	  0.4	0.000	0.625	0.625
158	  G	  0.1	  0.7	0.000	0.000	0.000
159	  G	  0.0	  1.1	0.000	0.000	0.000
160	  A	  0.0	  1.2	0.000	0.000	0.000
161	  G	  0.0	  1.2	0.000	0.000	0.000
162	  G	  0.0	  0.9	0.000	0.000	0.000
163	  T	  0.1	  0.5	0.000	0.000	0.000
164	  D	  0.1	  5.2	0.340	0.000	0.000
165	  P	  0.0	  5.1	0.340	0.000	0.000
166	  N	  0.0	  5.2	0.586	0.000	0.000
167	  L	  0.1	  5.2	0.586	0.667	0.667
168	  L	  0.1	  0.5	0.586	0.667	0.667
169	  G	  0.1	  0.4	0.586	0.667	0.667
170	  N	  0.1	  0.3	0.389	0.667	0.667
171	  I	  1.6	  0.3	0.245	1.081	1.081
172	  L	  3.1	  0.0	0.245	1.081	1.081
173	  Q	  3.1	  0.1	0.245	0.629	0.629
174	  I	  1.7	  0.4	0.000	0.629	0.629
175	  G	  0.2	  0.4	0.000	0.414	0.414
176	  S	  0.4	  0.4	0.000	0.249	0.249
177	  V	  0.4	  3.2	0.000	0.249	0.249
178	  G	  0.4	  3.0	0.000	0.000	0.000
179	  N	  1.3	  3.0	0.000	0.000	0.000
180	  T	  5.5	  3.0	0.000	0.000	0.000
181	  I	  5.6	  0.1	0.000	0.000	0.000
182	  D	  4.4	  0.3	0.000	0.000	0.000
183	  N	  0.1	  0.4	0.000	0.000	0.000
184	  T	  0.1	  0.4	0.000	0.000	0.000
185	  G	  0.1	  0.4	0.000	0.000	0.000
186	  T	  3.7	  0.2	0.000	0.000	0.000
187	  I	  6.1	  0.1	0.000	0.000	0.000
188	  H	  6.9	  0.2	0.000	0.000	0.000
189	  L	  3.7	  0.2	0.000	0.000	0.000
190	  N	  1.1	  0.2	0.000	0.000	0.000
191	  A	  0.3	  0.2	0.000	0.000	0.000
192	  A	  0.0	  0.2	0.000	0.000	0.000
193	  P	  0.0	  0.2	0.000	0.000	0.000
194	  R	  4.5	  0.2	0.000	0.000	0.000
195	  Y	  6.1	  0.2	0.000	0.307	0.307
196	  N	  6.2	  0.1	0.000	0.307	0.307
197	  L	  1.8	  0.1	0.000	0.688	0.688
198	  L	  0.1	  0.4	0.000	0.688	0.688
199	  G	  0.1	  0.4	0.000	0.688	0.688
200	  N	  2.6	  0.3	0.000	0.688	0.688
201	  I	  4.5	  0.3	0.000	0.688	0.688
202	  I	  4.5	  3.5	0.000	0.688	0.688
203	  G	  1.9	  3.7	0.000	0.000	0.000
204	  D	  0.0	  4.6	0.000	0.000	0.000
205	  G	  0.0	  4.6	0.000	0.000	0.000
206	  G	  0.0	  1.0	0.000	0.000	0.000
207	  V	  4.7	  0.8	0.000	0.000	0.000
208	  I	  9.8	  0.0	0.000	0.000	0.000
209	  D	 11.3	  0.0	0.000	0.000	0.000
210	  I	  7.4	  0.1	0.000	0.000	0.000
211	  E	  2.2	  0.2	0.000	0.000	0.000
212	  Q	  0.5	  0.3	0.000	0.000	0.000
213	  G	  0.0	  0.3	0.000	1.177	1.177
214	  T	  1.2	  0.2	0.000	5.192	5.192
215	  L	  3.4	  0.1	0.000	6.274	6.274
216	  V	  7.6	  0.0	0.000	6.274	6.274
217	  I	  6.9	  0.0	0.000	6.274	6.274
218	  S	  4.8	  0.1	0.000	5.228	5.228
219	  S	  0.9	  0.2	0.000	1.651	1.651
220	  Q	  1.1	  0.2	0.000	0.502	0.502
221	  T	 20.1	  0.1	0.000	0.502	0.502
222	  F	 21.0	  0.1	0.000	0.502	0.502
223	  T	 20.3	  1.4	0.000	0.137	0.137
224	  G	  1.3	  1.4	0.000	0.000	0.000
225	  N	  0.3	  1.4	0.256	0.000	0.000
226	  S	  0.5	  1.3	0.256	0.000	0.000
227	  I	  3.2	  0.0	0.256	0.000	0.000
228	  A	  3.4	  0.0	0.256	0.000	0.000
229	  L	  3.2	  0.0	0.256	0.000	0.000
230	  H	  0.6	  1.4	0.256	0.000	0.000
231	  P	  0.1	  1.4	0.000	0.000	0.000
232	  N	  0.1	  1.4	0.625	0.110	0.110
233	  T	  0.4	  1.4	0.769	3.611	3.611
234	  A	  0.4	  0.0	0.769	9.103	9.103
235	  A	  0.4	  0.0	0.769	9.817	9.817
236	  A	  0.4	  0.0	0.769	10.390	10.390
237	  F	  2.0	  0.1	0.769	10.806	10.806
238	  V	  2.8	  0.1	0.144	10.563	10.563
239	  N	  2.5	  0.3	0.314	2.625	2.625
240	  A	  0.9	  0.3	0.314	2.078	2.078
241	  Q	  0.1	  0.5	0.314	1.456	1.456
242	  A	  0.1	  0.5	0.170	3.599	3.599
243	  N	  0.2	  0.3	0.170	6.053	6.053
244	  A	  0.7	  0.2	0.170	42.832	42.832
245	  I	  9.6	  0.0	0.000	69.191	69.191
246	  V	 12.2	  0.0	0.000	71.350	71.350
247	  V	 12.2	  0.0	0.000	71.434	71.434
248	  T	  3.4	  0.1	0.000	68.986	68.986
249	  G	  0.6	  0.1	0.000	53.081	53.081
250	  L	  0.4	  0.1	0.000	50.146	50.146
251	  L	  0.5	  0.1	0.000	42.733	42.733
252	  D	  0.5	  0.1	1.622	0.000	0.000
253	  A	  0.2	  0.1	1.622	1.623	1.623
254	  A	  0.2	  0.1	1.622	4.017	4.017
255	  A	  0.9	  0.1	1.622	10.154	10.154
256	  I	  2.8	  0.0	1.622	12.558	12.558
257	  I	  6.2	  0.1	1.622	12.751	12.751
258	  S	  5.6	  0.2	1.622	12.005	12.005
259	  L	  3.7	  0.2	1.289	11.657	11.657
260	  G	  0.3	  0.4	0.968	5.554	5.554
261	  V	  0.3	  0.6	0.000	5.215	5.215
262	  D	  0.3	  0.7	0.000	0.000	0.000
263	  G	  0.2	  0.7	0.000	0.000	0.000
264	  S	  0.9	  0.5	0.000	0.000	0.000
265	  F	  2.6	  0.3	0.000	0.000	0.000
266	  V	  8.3	  0.0	0.000	0.000	0.000
267	  Y	  7.7	  0.0	0.000	0.000	0.000
268	  D	  6.0	  0.6	0.000	0.000	0.000
269	  P	  0.2	  0.6	0.000	0.008	0.008
270	  T	  0.1	  0.7	0.000	0.989	0.989
271	  T	  0.1	  0.8	0.000	4.900	4.900
272	  G	  0.1	  0.2	0.000	11.390	11.390
273	  I	  1.5	  0.1	0.000	81.879	81.879
274	  L	  4.7	  0.1	0.000	87.918	87.918
275	  T	 14.9	  0.0	0.000	88.953	88.953
276	  V	 15.1	  0.0	0.000	90.673	90.673
277	  T	 14.4	  0.0	0.000	90.561	90.561
278	  T	  4.5	  0.2	0.000	89.682	89.682
279	  S	  3.0	  0.3	0.129	89.371	89.371
280	  L	  0.6	  0.3	0.129	92.178	92.178
281	  G	  0.2	  0.3	0.129	92.064	92.064
282	  V	  3.5	  0.1	0.129	92.028	92.028
283	  F	  4.1	  0.0	0.129	91.467	91.467
284	  L	  4.4	  0.0	0.129	84.153	84.153
285	  Y	  4.1	  0.0	0.129	65.762	65.762
286	  D	  3.5	  0.7	0.000	0.000	0.000
287	  I	  3.3	  1.8	0.000	0.000	0.000
288	  G	  0.2	  1.8	0.000	0.000	0.000
289	  C	  0.2	  1.8	0.000	0.000	0.000
290	  G	  0.3	  1.2	0.000	0.000	0.000
291	  F	  0.5	  0.0	0.000	0.000	0.000
292	  D	  0.4	  0.1	1.048	0.000	0.000
293	  P	  0.2	  0.1	1.048	0.094	0.094
294	  A	  0.2	  0.1	1.048	4.625	4.625
295	  L	  0.9	  0.1	1.048	15.832	15.832
296	  F	  1.2	  0.1	1.048	17.304	17.304
297	  L	  1.1	  0.2	1.048	17.304	17.304
298	  G	  0.4	  0.2	0.573	17.209	17.209
299	  A	  0.3	  0.2	0.290	16.660	16.660
300	  Q	  1.9	  0.1	0.140	14.515	14.515
301	  I	 14.7	  0.0	0.000	16.804	16.804
302	  T	 18.1	  0.0	0.000	15.648	15.648
303	  I	 17.2	  0.0	0.000	15.031	15.031
304	  Q	  4.7	  0.0	0.000	7.033	7.033
305	  V	  0.9	  1.6	0.000	6.820	6.820
306	  G	  0.1	  1.6	0.000	0.937	0.937
307	  G	  0.1	  1.6	0.000	0.531	0.531
308	  V	 12.1	  1.6	0.000	0.531	0.531
309	  N	 13.1	  0.5	0.000	0.000	0.000
310	  V	 13.5	  0.5	0.000	0.000	0.000
311	  D	  1.8	  0.6	0.445	0.000	0.000
312	  A	  0.9	  0.6	0.445	13.009	13.009
313	  Y	  5.0	  0.2	0.445	28.045	28.045
314	  S	  5.7	  0.1	0.445	37.330	37.330
315	  V	  8.7	  0.0	0.445	77.684	77.684
316	  V	  7.4	  0.0	0.445	80.771	80.771
317	  Y	  6.9	  0.2	0.445	80.508	80.508
318	  L	  3.6	  0.2	0.358	78.461	78.461
319	  G	  0.9	  0.2	0.200	62.431	62.431
320	  V	  1.0	  0.2	0.000	57.933	57.933
321	  A	  0.9	  0.5	0.000	0.405	0.405
322	  P	  0.4	  0.8	0.000	0.113	0.113
323	  S	  0.0	  0.9	0.308	0.000	0.000
324	  D	  0.2	  1.0	0.308	0.000	0.000
325	  T	  2.3	  0.4	0.624	0.000	0.000
326	  T	  3.9	  0.2	1.140	0.000	0.000
327	  C	  5.2	  0.1	1.318	0.000	0.000
328	  A	  3.1	  0.0	1.318	0.000	0.000
329	  A	  1.6	  0.1	1.318	0.000	0.000
330	  A	  0.3	  0.3	1.318	0.000	0.000
331	  S	  1.1	  1.0	1.035	0.000	0.000
332	  S	  1.1	  1.0	0.309	0.000	0.000
333	  S	  2.0	  0.8	0.000	0.000	0.000
334	  I	  1.6	  0.7	0.000	0.000	0.000
335	  I	  1.5	  0.2	0.000	0.000	0.000
336	  P	  0.5	  0.3	0.000	0.000	0.000
337	  S	  0.9	  1.1	0.000	0.000	0.000
338	  S	  1.0	  1.1	0.000	0.000	0.000
339	  S	  1.9	  0.9	0.000	0.000	0.000
340	  I	  1.6	  0.7	0.000	0.000	0.000
341	  V	  1.5	  0.2	0.000	0.000	0.000
342	  P	  0.6	  0.3	0.000	0.000	0.000
343	  S	  0.8	  1.0	0.000	0.000	0.000
344	  S	  0.9	  1.0	0.000	0.000	0.000
345	  S	  9.9	  0.8	0.000	0.000	0.000
346	  V	  9.8	  0.7	0.000	0.000	0.000
347	  E	  9.6	  0.2	0.000	0.000	0.000
348	  P	  0.7	  0.3	0.000	0.000	0.000
349	  S	  0.8	  1.0	0.000	0.000	0.000
350	  S	  0.9	  1.0	0.000	0.000	0.000
351	  S	  5.0	  0.8	0.000	0.000	0.000
352	  I	  4.7	  0.6	0.000	0.000	0.000
353	  E	  4.6	  0.2	0.000	0.000	0.000
354	  P	  0.4	  0.4	0.000	0.000	0.000
355	  S	  0.8	  1.0	0.000	0.000	0.000
356	  S	  1.0	  1.0	0.000	0.000	0.000
357	  S	  5.1	  0.8	0.000	0.000	0.000
358	  I	  4.7	  0.7	0.000	0.000	0.000
359	  E	  4.6	  0.2	0.000	0.000	0.000
360	  P	  0.4	  0.4	0.000	0.000	0.000
361	  S	  0.8	  1.0	0.000	0.000	0.000
362	  S	  1.0	  1.0	0.000	0.000	0.000
363	  S	  5.1	  0.8	0.000	0.000	0.000
364	  I	  4.7	  0.7	0.000	0.000	0.000
365	  E	  4.6	  0.2	0.000	0.000	0.000
366	  P	  0.4	  0.4	0.000	0.000	0.000
367	  S	  0.8	  1.1	0.000	0.000	0.000
368	  S	  1.0	  1.1	0.000	0.000	0.000
369	  S	  2.4	  0.9	0.000	0.000	0.000
370	  V	  2.1	  0.7	0.000	0.000	0.000
371	  V	  2.0	  0.2	0.000	0.000	0.000
372	  P	  0.5	  0.3	0.000	0.000	0.000
373	  S	  0.8	  1.0	0.000	0.000	0.000
374	  S	  0.9	  1.0	0.000	0.000	0.000
375	  S	  9.9	  0.8	0.000	0.000	0.000
376	  V	  9.8	  0.7	0.000	0.000	0.000
377	  E	  9.6	  0.2	0.000	0.000	0.000
378	  P	  0.7	  0.4	0.000	0.000	0.000
379	  S	  0.8	  1.0	0.000	0.000	0.000
380	  S	  1.0	  1.0	0.000	0.000	0.000
381	  S	  2.4	  0.8	0.000	0.000	0.000
382	  V	  2.1	  0.7	0.000	0.000	0.000
383	  V	  2.0	  0.2	0.000	0.000	0.000
384	  P	  0.5	  0.3	0.000	0.000	0.000
385	  S	  0.8	  1.0	0.000	0.000	0.000
386	  S	  0.9	  1.0	0.000	0.000	0.000
387	  S	 10.0	  0.8	0.000	0.000	0.000
388	  V	  9.9	  0.7	0.000	0.000	0.000
389	  E	  9.8	  0.2	0.000	0.000	0.000
390	  P	  0.7	  0.3	0.000	0.000	0.000
391	  S	  0.2	  0.3	0.000	0.000	0.000
392	  S	  1.3	  0.3	0.000	0.000	0.000
393	  V	  1.7	  0.1	0.000	0.000	0.000
394	  L	  1.6	  0.3	0.000	0.000	0.000
395	  P	  0.4	  0.5	0.000	0.000	0.000
396	  S	  0.9	  1.2	0.000	0.000	0.000
397	  S	  1.0	  1.2	0.000	0.000	0.000
398	  S	  2.4	  0.9	0.000	0.000	0.000
399	  V	  2.1	  0.7	0.000	0.000	0.000
400	  V	  2.0	  0.2	0.000	0.000	0.000
401	  P	  0.5	  0.3	0.000	0.000	0.000
402	  S	  0.8	  1.0	0.000	0.000	0.000
403	  S	  0.9	  1.0	0.000	0.000	0.000
404	  S	  9.9	  0.8	0.000	0.000	0.000
405	  V	  9.8	  0.7	0.000	0.000	0.000
406	  E	  9.6	  0.2	0.000	0.000	0.000
407	  P	  0.7	  0.4	0.000	0.000	0.000
408	  S	  0.8	  1.0	0.000	0.000	0.000
409	  S	  1.0	  1.0	0.000	0.000	0.000
410	  S	  2.1	  0.8	0.000	0.000	0.000
411	  V	  1.7	  0.7	0.000	0.000	0.000
412	  L	  1.5	  0.3	0.000	0.000	0.000
413	  P	  0.4	  0.5	0.000	0.000	0.000
414	  S	  0.9	  1.2	0.000	0.000	0.000
415	  S	  1.0	  1.2	0.000	0.000	0.000
416	  S	  2.4	  0.9	0.000	0.000	0.000
417	  V	  2.1	  0.7	0.000	0.000	0.000
418	  V	  2.0	  0.2	0.000	0.000	0.000
419	  P	  0.5	  0.3	0.000	0.000	0.000
420	  S	  0.8	  1.0	0.000	0.000	0.000
421	  S	  0.9	  1.0	0.000	0.000	0.000
422	  S	 10.1	  0.8	0.000	0.000	0.000
423	  V	 10.0	  0.7	0.000	0.000	0.000
424	  E	  9.8	  0.2	0.000	0.000	0.000
425	  P	  0.7	  0.2	0.000	0.000	0.000
426	  S	  0.0	  0.2	0.000	0.000	0.000
427	  T	  0.0	  0.2	0.000	0.000	0.000
428	  P	  0.0	  0.0	0.000	0.000	0.000
429	  P	  0.0	  0.0	0.000	0.000	0.000
430	  I	  0.0	  0.2	0.000	0.000	0.000
431	  P	  0.0	  0.3	0.000	0.000	0.000
432	  S	  0.8	  1.0	0.000	0.000	0.000
433	  S	  1.0	  1.0	0.000	0.000	0.000
434	  S	  9.9	  0.8	0.000	0.000	0.000
435	  V	  9.8	  0.7	0.000	0.000	0.000
436	  E	  9.6	  0.2	0.000	0.000	0.000
437	  P	  0.7	  0.4	0.000	0.000	0.000
438	  S	  0.8	  1.0	0.000	0.000	0.000
439	  S	  1.0	  1.0	0.000	0.000	0.000
440	  S	  2.4	  0.8	0.000	0.000	0.000
441	  V	  2.2	  0.7	0.000	0.000	0.000
442	  V	  2.0	  0.2	0.000	0.000	0.000
443	  P	  0.6	  0.2	0.000	0.000	0.000
444	  S	  0.0	  0.2	0.000	0.000	0.000
445	  S	  0.0	  0.3	0.000	0.000	0.000
446	  P	  0.0	  0.1	0.000	0.000	0.000
447	  A	  0.1	  0.1	0.000	0.000	0.000
448	  V	  0.1	  0.3	0.000	0.000	0.000
449	  P	  0.1	  0.3	0.000	0.000	0.000
450	  S	  0.8	  1.0	0.000	0.000	0.000
451	  S	  1.0	  1.0	0.000	0.000	0.000
452	  S	 10.1	  0.8	0.000	0.000	0.000
453	  V	  9.9	  0.7	0.000	0.000	0.000
454	  E	  9.8	  0.2	0.000	0.000	0.000
455	  P	  0.7	  0.2	0.000	0.000	0.000
456	  S	  0.0	  0.2	0.000	0.000	0.000
457	  S	  0.0	  0.4	0.000	0.000	0.000
458	  P	  0.0	  0.1	0.000	0.000	0.000
459	  A	  0.1	  0.1	0.000	0.000	0.000
460	  V	  0.1	  0.3	0.000	0.000	0.000
461	  P	  0.1	  0.3	0.000	0.000	0.000
462	  S	  0.8	  1.0	0.000	0.000	0.000
463	  S	  1.0	  1.0	0.000	0.000	0.000
464	  S	 10.1	  0.8	0.000	0.000	0.000
465	  V	 10.0	  0.7	0.000	0.000	0.000
466	  E	  9.8	  0.2	0.000	0.000	0.000
467	  P	  0.7	  0.2	0.000	0.000	0.000
468	  S	  0.0	  0.2	0.000	0.000	0.000
469	  T	  0.0	  0.2	0.000	0.000	0.000
470	  P	  0.0	  0.0	0.000	0.000	0.000
471	  P	  0.0	  0.0	0.000	0.000	0.000
472	  I	  0.0	  0.2	0.000	0.000	0.000
473	  P	  0.0	  0.3	0.000	0.000	0.000
474	  S	  0.8	  1.0	0.000	0.000	0.000
475	  S	  1.0	  1.0	0.000	0.109	0.109
476	  S	  1.8	  0.8	0.000	1.087	1.087
477	  V	  5.2	  0.7	0.000	8.689	8.689
478	  V	  7.0	  0.0	0.000	9.265	9.265
479	  S	  8.9	  0.9	0.000	9.265	9.265
480	  A	  5.2	  0.9	0.000	9.265	9.265
481	  S	  4.1	  0.9	0.000	9.159	9.159
482	  V	  4.2	  0.9	0.000	9.053	9.053
483	  F	  4.3	  0.1	0.000	8.515	8.515
484	  D	  3.6	  0.5	0.000	0.000	0.000
485	  T	  2.0	  0.6	0.000	0.000	0.000
486	  S	  1.7	  0.7	0.000	0.000	0.000
487	  S	  1.9	  0.6	0.000	0.000	0.000
488	  T	  0.8	  0.2	0.000	0.000	0.000
489	  L	  0.5	  0.5	0.000	0.000	0.000
490	  P	  0.2	  0.4	0.000	0.000	0.000
491	  S	  0.0	  0.4	0.000	0.000	0.000
492	  S	  0.0	  0.7	0.000	0.000	0.000
493	  P	  0.0	  0.4	0.000	0.000	0.000
494	  T	  0.7	  0.4	0.000	0.000	0.000
495	  V	  0.7	  0.5	0.000	0.000	0.000
496	  P	  0.7	  0.1	0.000	0.000	0.000
497	  T	  1.1	  0.2	0.000	0.000	0.000
498	  S	  1.2	  0.2	0.000	0.000	0.000
499	  S	 18.6	  0.1	0.000	0.000	0.000
500	  V	 17.8	  0.1	0.000	0.000	0.000
501	  S	 17.7	  2.4	0.000	0.000	0.000
502	  P	  0.3	  2.4	0.000	0.000	0.000
503	  S	  0.1	  2.4	0.000	0.000	0.000
504	  S	  0.0	  2.8	0.000	0.000	0.000
505	  P	  0.0	  0.4	0.000	0.000	0.000
506	  T	  0.7	  0.4	0.000	0.000	0.000
507	  V	  0.7	  0.5	0.000	0.000	0.000
508	  P	  0.7	  0.1	0.000	0.000	0.000
509	  T	  1.1	  0.2	0.000	0.000	0.000
510	  S	  1.2	  0.2	0.000	0.000	0.000
511	  S	 18.5	  0.1	0.000	0.000	0.000
512	  V	 17.7	  0.1	0.000	0.000	0.000
513	  S	 17.6	  1.7	0.162	0.000	0.000
514	  P	  0.3	  1.7	0.162	0.000	0.000
515	  S	  0.4	  1.7	0.162	0.000	0.000
516	  T	 13.3	  1.7	0.162	0.000	0.000
517	  I	 14.7	  0.1	0.162	0.000	0.000
518	  S	 14.4	  0.0	0.162	0.000	0.000
519	  T	  1.7	  0.4	0.000	0.000	0.000
520	  P	  0.1	  0.5	0.000	0.000	0.000
521	  S	  0.9	  1.5	0.000	0.000	0.000
522	  S	  0.9	  1.6	0.000	0.000	0.000
523	  S	  1.1	  1.1	0.000	0.000	0.000
524	  A	  0.3	  1.0	0.000	0.000	0.000
525	  A	  0.2	  0.4	0.000	0.000	0.000
526	  P	  0.0	  0.6	0.000	0.000	0.000
527	  S	  0.3	  0.6	0.000	0.000	0.000
528	  S	  4.6	  0.6	0.000	0.000	0.000
529	  F	  4.9	  0.2	0.000	0.000	0.000
530	  C	  4.6	  0.8	0.000	0.000	0.000
531	  P	  0.2	  0.8	0.000	0.000	0.000
532	  T	  2.3	  0.8	0.000	0.000	0.000
533	  C	  3.9	  0.8	0.000	0.000	0.000
534	  V	  5.2	  0.2	0.000	0.000	0.000
535	  S	  2.9	  0.4	0.000	0.000	0.000
536	  S	  1.4	  0.4	0.000	0.000	0.000
537	  G	  0.2	  0.4	0.000	0.000	0.000
538	  T	  0.1	  0.3	0.000	0.000	0.000
539	  P	  0.0	  0.0	0.000	0.000	0.000
540	  P	  0.0	  0.0	0.000	0.000	0.000
541	  A	  0.0	  0.4	0.000	0.000	0.000
542	  P	  0.0	  0.6	0.000	0.000	0.000
543	  S	  0.9	  1.5	0.000	0.000	0.000
544	  S	  0.9	  1.6	0.000	0.000	0.000
545	  S	  1.2	  1.2	0.000	0.000	0.000
546	  A	  1.5	  1.0	0.000	0.000	0.000
547	  V	  2.0	  0.0	0.000	0.000	0.000
548	  V	  1.7	  0.1	0.000	0.000	0.000
549	  P	  0.5	  0.2	0.000	0.000	0.000
550	  T	  1.3	  0.3	0.000	0.000	0.000
551	  S	  1.4	  0.4	0.000	0.000	0.000
552	  S	  1.6	  0.2	0.000	0.000	0.000
553	  A	  0.5	  0.2	0.000	0.000	0.000
554	  V	  0.4	  0.6	0.000	0.000	0.000
555	  G	  0.2	  2.2	0.000	0.000	0.000
556	  G	  0.0	  2.4	0.000	0.000	0.000
557	  N	  0.0	  2.5	0.000	0.000	0.000
558	  G	  0.0	  3.5	0.000	0.000	0.000
559	  G	  0.0	  2.5	0.000	0.000	0.000
560	  D	  0.0	  8.7	0.000	0.000	0.000
561	  N	  0.0	  8.6	0.000	0.000	0.000
562	  G	  0.0	  7.0	0.000	0.000	0.000
563	  Q	  0.0	  7.4	0.000	0.000	0.000
564	  P	  0.0	  1.2	0.000	0.000	0.000
565	  G	  0.0	  2.7	0.000	0.000	0.000
566	  A	  0.0	  3.2	0.000	0.000	0.000
567	  D	  0.0	  2.1	0.000	0.000	0.000
568	  G	  0.0	  2.0	0.000	0.000	0.000
569	  Q	  0.0	  1.6	0.000	0.000	0.000
570	  P	  0.0	  1.2	0.000	0.000	0.000
571	  G	  0.0	  1.4	0.000	0.000	0.000
572	  A	  0.1	  2.0	0.000	0.000	0.000
573	  A	  0.1	  0.8	0.000	0.000	0.000
574	  G	  0.1	  0.7	0.000	0.000	0.000
575	  Q	  0.0	  1.8	0.000	0.000	0.000
576	  P	  0.0	  1.3	0.000	0.000	0.000
577	  G	  0.0	  1.4	0.000	0.000	0.000
578	  A	  0.1	  2.0	0.000	0.000	0.000
579	  A	  0.1	  0.8	0.000	0.000	0.000
580	  G	  0.1	  0.7	0.000	0.000	0.000
581	  Q	  0.0	  1.8	0.000	0.000	0.000
582	  P	  0.0	  1.3	0.000	0.000	0.000
583	  G	  0.0	  1.4	0.000	0.000	0.000
584	  A	  0.1	  2.0	0.000	0.000	0.000
585	  A	  0.1	  0.8	0.000	0.000	0.000
586	  G	  0.1	  0.7	0.000	0.000	0.000
587	  Q	  0.0	  1.8	0.000	0.000	0.000
588	  P	  0.0	  1.3	0.000	0.000	0.000
589	  G	  0.0	  1.4	0.000	0.000	0.000
590	  A	  0.1	  2.0	0.000	0.000	0.000
591	  A	  0.1	  0.8	0.000	0.000	0.000
592	  G	  0.1	  0.7	0.000	0.000	0.000
593	  Q	  0.0	  1.8	0.000	0.000	0.000
594	  P	  0.0	  1.3	0.000	0.000	0.000
595	  G	  0.0	  1.4	0.000	0.000	0.000
596	  A	  0.1	  2.0	0.000	0.000	0.000
597	  A	  0.1	  0.8	0.000	0.000	0.000
598	  G	  0.1	  0.7	0.000	0.000	0.000
599	  Q	  0.0	  1.8	0.000	0.000	0.000
600	  P	  0.0	  1.3	0.000	0.000	0.000
601	  G	  0.0	  1.4	0.000	0.000	0.000
602	  A	  0.1	  2.0	0.000	0.000	0.000
603	  A	  0.1	  0.8	0.000	0.000	0.000
604	  G	  0.1	  0.7	0.000	0.000	0.000
605	  Q	  0.0	  1.8	0.000	0.000	0.000
606	  P	  0.0	  1.3	0.000	0.000	0.000
607	  G	  0.0	  1.4	0.000	0.000	0.000
608	  A	  0.1	  2.0	0.000	0.000	0.000
609	  A	  0.1	  0.8	0.000	0.000	0.000
610	  G	  0.1	  0.7	0.000	0.000	0.000
611	  Q	  0.0	  1.8	0.000	0.000	0.000
612	  P	  0.0	  1.3	0.000	0.000	0.000
613	  G	  0.0	  1.4	0.000	0.000	0.000
614	  A	  0.1	  2.0	0.000	0.000	0.000
615	  A	  0.1	  0.8	0.000	0.000	0.000
616	  G	  0.1	  0.7	0.000	0.000	0.000
617	  Q	  0.0	  1.8	0.000	0.000	0.000
618	  P	  0.0	  1.3	0.000	0.000	0.000
619	  G	  0.0	  1.4	0.000	0.000	0.000
620	  A	  0.1	  2.0	0.000	0.000	0.000
621	  A	  0.1	  0.8	0.000	0.000	0.000
622	  G	  0.1	  0.7	0.000	0.000	0.000
623	  Q	  0.0	  1.7	0.000	0.000	0.000
624	  P	  0.0	  1.4	0.000	0.000	0.000
625	  G	  0.0	  2.1	0.000	0.000	0.000
626	  A	  0.0	  3.0	0.000	0.000	0.000
627	  G	  0.0	  2.1	0.000	0.000	0.000
628	  S	  0.0	  2.2	0.000	0.000	0.000
629	  G	  0.0	  1.6	0.000	0.000	0.000
630	  G	  0.0	  1.0	0.000	0.000	0.000
631	  G	  0.0	  0.8	0.000	0.000	0.000
632	  S	  0.0	  0.5	0.000	0.000	0.000
633	  E	  0.1	  0.4	0.000	0.000	0.000
634	  Q	  0.1	  0.1	0.000	0.000	0.000
635	  P	  0.0	  0.0	0.000	0.000	0.000
636	  T	  0.0	  1.7	0.000	0.000	0.000
637	  P	  0.0	  1.9	0.000	0.000	0.000
638	  G	  0.0	  2.4	0.000	0.000	0.000
639	  A	  0.0	  4.5	0.000	0.000	0.000
640	  G	  0.0	  3.2	0.000	0.000	0.000
641	  D	  0.0	  3.8	0.000	0.000	0.000
642	  G	  0.0	  3.7	0.000	0.000	0.000
643	  S	  0.2	  2.3	0.000	0.000	0.000
644	  G	  0.3	  1.9	0.000	0.000	0.000
645	  S	  3.1	  4.5	0.000	0.000	0.000
646	  A	  3.0	  4.1	0.000	0.000	0.000
647	  S	  2.9	  4.8	0.000	0.000	0.000
648	  G	  0.1	  4.8	0.000	0.000	0.000
649	  N	  0.1	  4.0	0.000	0.000	0.000
650	  Q	  0.1	  4.0	0.000	0.000	0.000
651	  S	  0.2	  3.4	0.000	0.000	0.000
652	  G	  0.1	  3.6	0.000	0.000	0.000
653	  T	  0.2	  2.0	0.000	0.000	0.000
654	  G	  0.2	  2.1	0.000	0.000	0.000
655	  S	  0.2	  2.2	0.000	0.000	0.000
656	  G	  0.1	  2.2	0.000	0.000	0.000
657	  T	  0.2	  2.2	0.000	0.000	0.000
658	  G	  0.2	  2.5	0.000	0.000	0.000
659	  S	  0.2	  1.9	0.000	0.000	0.000
660	  G	  0.0	  1.9	0.000	0.000	0.000
661	  Q	  0.0	  1.1	0.000	0.000	0.000
662	  Q	  0.0	  1.2	0.000	0.000	0.000
663	  G	  0.0	  1.6	0.000	0.000	0.000
664	  S	  0.0	  1.5	0.000	0.000	0.000
665	  G	  0.1	  1.3	0.000	0.000	0.000
666	  Q	  0.1	  1.1	0.000	0.000	0.000
667	  A	  0.1	  1.4	0.000	0.000	0.000
668	  G	  0.0	  1.9	0.000	0.000	0.000
669	  S	  0.1	  1.9	0.000	0.000	0.000
670	  G	  0.1	  1.6	0.000	0.000	0.000
671	  Q	  0.1	  1.0	0.000	0.000	0.000
672	  A	  0.1	  0.8	0.000	0.000	0.000
673	  G	  0.0	  1.5	0.000	0.000	0.000
674	  A	  0.0	  1.4	0.000	0.000	0.000
675	  G	  0.0	  1.4	0.000	0.000	0.000
676	  Q	  0.0	  1.3	0.000	0.000	0.000
677	  Q	  0.0	  1.1	0.000	0.000	0.000
678	  G	  0.0	  1.6	0.000	0.000	0.000
679	  S	  0.0	  1.5	0.000	0.000	0.000
680	  G	  0.1	  1.3	0.000	0.000	0.000
681	  Q	  0.1	  1.0	0.000	0.000	0.000
682	  A	  0.1	  0.8	0.000	0.000	0.000
683	  G	  0.0	  1.5	0.000	0.000	0.000
684	  A	  0.0	  1.4	0.000	0.000	0.000
685	  G	  0.1	  1.2	0.000	0.000	0.000
686	  Q	  0.1	  1.2	0.000	0.000	0.000
687	  A	  0.1	  0.7	0.000	0.000	0.000
688	  G	  0.0	  1.2	0.000	0.000	0.000
689	  A	  0.0	  1.4	0.000	0.000	0.000
690	  G	  0.0	  1.9	0.000	0.000	0.000
691	  A	  0.0	  1.7	0.000	0.000	0.000
692	  G	  0.0	  1.4	0.000	0.000	0.000
693	  Q	  0.0	  1.3	0.000	0.000	0.000
694	  Q	  0.0	  1.1	0.000	0.000	0.000
695	  G	  0.0	  1.6	0.000	0.000	0.000
696	  S	  0.0	  1.5	0.000	0.000	0.000
697	  G	  0.1	  1.3	0.000	0.000	0.000
698	  Q	  0.1	  1.0	0.000	0.000	0.000
699	  A	  0.1	  0.8	0.000	0.000	0.000
700	  G	  0.0	  1.5	0.000	0.000	0.000
701	  A	  0.0	  1.4	0.000	0.000	0.000
702	  G	  0.1	  1.2	0.000	0.000	0.000
703	  Q	  0.1	  1.2	0.000	0.000	0.000
704	  A	  0.1	  0.7	0.000	0.000	0.000
705	  G	  0.0	  1.5	0.000	0.000	0.000
706	  A	  0.0	  1.4	0.000	0.000	0.000
707	  G	  0.1	  1.2	0.000	0.000	0.000
708	  Q	  0.1	  1.2	0.000	0.000	0.000
709	  A	  0.1	  0.7	0.000	0.000	0.000
710	  G	  0.0	  1.5	0.000	0.000	0.000
711	  A	  0.0	  1.4	0.000	0.000	0.000
712	  G	  0.1	  1.2	0.000	0.000	0.000
713	  Q	  0.1	  1.3	0.000	0.000	0.000
714	  A	  0.1	  1.4	0.000	0.000	0.000
715	  G	  0.0	  1.9	0.000	0.000	0.000
716	  S	  0.1	  1.9	0.000	0.000	0.000
717	  G	  0.1	  1.6	0.000	0.000	0.000
718	  Q	  0.1	  1.0	0.000	0.000	0.000
719	  A	  0.1	  0.8	0.000	0.000	0.000
720	  G	  0.0	  1.5	0.000	0.000	0.000
721	  A	  0.0	  1.4	0.000	0.000	0.000
722	  G	  0.1	  1.2	0.000	0.000	0.000
723	  Q	  0.1	  1.2	0.000	0.000	0.000
724	  A	  0.1	  0.7	0.000	0.000	0.000
725	  G	  0.0	  1.1	0.000	0.000	0.000
726	  A	  0.0	  1.2	0.000	0.000	0.000
727	  G	  0.0	  1.7	0.000	0.000	0.000
728	  G	  0.0	  1.7	0.000	0.000	0.000
729	  S	  0.0	  2.0	0.000	0.000	0.000
730	  G	  0.0	  2.5	0.000	0.000	0.000
731	  A	  0.0	  2.2	0.000	0.000	0.000
732	  G	  0.0	  2.4	0.000	0.000	0.000
733	  S	  0.1	  2.3	0.000	0.000	0.000
734	  S	  0.3	  3.4	0.000	0.000	0.000
735	  G	  0.3	  3.3	0.000	0.000	0.000
736	  S	  0.5	  4.6	0.000	0.000	0.000
737	  G	  0.3	  4.5	0.000	0.000	0.000
738	  S	  0.5	  4.6	0.000	0.000	0.000
739	  G	  0.3	  4.4	0.000	0.000	0.000
740	  S	  0.3	  3.3	0.000	0.000	0.000
741	  G	  0.0	  3.2	0.000	0.000	0.000
742	  A	  0.0	  1.7	0.000	0.000	0.000
743	  G	  0.0	  1.7	0.000	0.000	0.000
744	  G	  0.0	  1.3	0.000	0.000	0.000
745	  A	  0.0	  1.2	0.000	0.000	0.000
746	  G	  0.0	  1.0	0.000	0.000	0.000
747	  T	  0.1	  1.0	0.000	0.000	0.000
748	  S	  0.3	  2.6	0.000	0.000	0.000
749	  G	  0.3	  2.8	0.000	0.000	0.000
750	  S	  0.5	  4.6	0.000	0.000	0.000
751	  G	  0.3	  4.5	0.000	0.000	0.000
752	  S	  0.3	  3.3	0.000	0.000	0.000
753	  G	  0.0	  3.2	0.000	0.000	0.000
754	  A	  0.0	  1.6	0.000	0.000	0.000
755	  G	  0.0	  2.0	0.000	0.000	0.000
756	  G	  0.0	  1.7	0.000	0.000	0.000
757	  S	  0.0	  2.0	0.000	0.000	0.000
758	  G	  0.0	  2.5	0.000	0.000	0.000
759	  A	  0.0	  2.0	0.000	0.000	0.000
760	  G	  0.1	  1.8	0.000	0.000	0.000
761	  S	  0.2	  2.0	0.000	0.000	0.000
762	  A	  0.2	  2.1	0.000	0.000	0.000
763	  G	  0.1	  2.2	0.000	0.000	0.000
764	  S	  0.3	  4.0	0.000	0.000	0.000
765	  G	  0.3	  3.4	0.000	0.000	0.000
766	  S	  0.3	  2.8	0.000	0.000	0.000
767	  G	  0.0	  3.2	0.000	0.000	0.000
768	  G	  0.0	  1.6	0.000	0.000	0.000
769	  S	  0.0	  2.0	0.000	0.000	0.000
770	  G	  0.0	  2.1	0.000	0.000	0.000
771	  A	  0.0	  1.6	0.000	0.000	0.000
772	  G	  0.0	  2.0	0.000	0.000	0.000
773	  G	  0.0	  1.7	0.000	0.000	0.000
774	  S	  0.0	  2.0	0.000	0.000	0.000
775	  G	  0.0	  2.2	0.000	0.000	0.000
776	  A	  0.0	  1.6	0.000	0.000	0.000
777	  G	  0.0	  2.1	0.000	0.000	0.000
778	  G	  0.0	  1.7	0.000	0.000	0.000
779	  S	  0.0	  2.0	0.000	0.000	0.000
780	  G	  0.0	  2.5	0.000	0.000	0.000
781	  A	  0.0	  2.0	0.000	0.000	0.000
782	  G	  0.1	  1.8	0.000	0.000	0.000
783	  S	  0.2	  2.0	0.000	0.000	0.000
784	  A	  0.2	  2.1	0.000	0.000	0.000
785	  G	  0.1	  2.2	0.000	0.000	0.000
786	  S	  0.3	  4.0	0.000	0.000	0.000
787	  G	  0.3	  3.4	0.000	0.000	0.000
788	  S	  0.3	  2.8	0.000	0.000	0.000
789	  G	  0.0	  3.2	0.000	0.000	0.000
790	  G	  0.0	  1.6	0.000	0.000	0.000
791	  S	  0.0	  2.0	0.000	0.000	0.000
792	  G	  0.0	  2.5	0.000	0.000	0.000
793	  A	  0.0	  2.0	0.000	0.000	0.000
794	  G	  0.1	  1.8	0.000	0.000	0.000
795	  S	  0.2	  2.0	0.000	0.000	0.000
796	  A	  0.2	  2.1	0.000	0.000	0.000
797	  G	  0.1	  2.2	0.000	0.000	0.000
798	  S	  0.3	  4.0	0.000	0.000	0.000
799	  G	  0.3	  3.4	0.000	0.000	0.000
800	  S	  0.3	  2.8	0.000	0.000	0.000
801	  G	  0.0	  3.1	0.000	0.000	0.000
802	  G	  0.0	  1.6	0.000	0.000	0.000
803	  S	  0.0	  2.0	0.000	0.000	0.000
804	  G	  0.0	  2.4	0.000	0.000	0.000
805	  A	  0.0	  2.2	0.000	0.000	0.000
806	  G	  0.0	  2.5	0.000	0.000	0.000
807	  S	  0.1	  2.3	0.000	0.000	0.000
808	  S	  0.3	  3.5	0.000	0.000	0.000
809	  G	  0.3	  3.3	0.000	0.000	0.000
810	  S	  0.3	  3.4	0.000	0.000	0.000
811	  G	  0.0	  3.4	0.000	0.000	0.000
812	  A	  0.0	  1.7	0.000	0.000	0.000
813	  G	  0.0	  2.0	0.000	0.000	0.000
814	  A	  0.1	  1.7	0.000	0.000	0.000
815	  S	  0.3	  3.1	0.000	0.000	0.000
816	  G	  0.3	  3.3	0.000	0.000	0.000
817	  S	  0.5	  4.5	0.000	0.000	0.000
818	  G	  0.3	  4.5	0.000	0.000	0.000
819	  S	  0.3	  3.3	0.000	0.000	0.000
820	  G	  0.0	  3.4	0.000	0.000	0.000
821	  A	  0.0	  1.8	0.000	0.000	0.000
822	  G	  0.0	  1.8	0.000	0.000	0.000
823	  A	  0.0	  1.5	0.000	0.000	0.000
824	  G	  0.0	  1.3	0.000	0.000	0.000
825	  G	  0.0	  1.7	0.000	0.000	0.000
826	  A	  0.0	  2.2	0.000	0.000	0.000
827	  G	  0.0	  2.1	0.000	0.000	0.000
828	  S	  0.0	  2.3	0.000	0.000	0.000
829	  G	  0.0	  1.8	0.000	0.000	0.000
830	  G	  0.0	  1.1	0.000	0.000	0.000
831	  T	  0.0	  1.2	0.000	0.000	0.000
832	  G	  0.0	  1.5	0.000	0.000	0.000
833	  A	  0.0	  2.1	0.000	0.000	0.000
834	  G	  0.0	  2.5	0.000	0.000	0.000
835	  S	  0.1	  2.2	0.000	0.000	0.000
836	  G	  0.1	  1.5	0.000	0.000	0.000
837	  Q	  0.4	  0.6	0.000	0.000	0.000
838	  A	  0.4	  0.1	0.000	0.000	0.000
839	  S	  0.4	  0.0	0.000	0.000	0.000
840	  P	  0.0	  0.0	0.000	0.000	0.000
841	  Q	  0.0	  0.2	0.000	0.000	0.000
842	  P	  0.0	  0.2	0.000	0.000	0.000
843	  H	  0.3	  0.2	0.135	0.000	0.000
844	  S	  0.9	  0.2	0.883	0.000	0.000
845	  V	  2.1	  0.0	1.054	0.000	0.000
846	  A	  1.9	  0.0	1.054	0.000	0.000
847	  A	  1.3	  0.0	1.054	0.000	0.000
848	  Q	  0.2	  0.0	1.054	0.000	0.000
849	  A	  0.2	  0.1	0.918	0.000	0.000
850	  R	  0.4	  0.1	0.682	0.000	0.000
851	  T	  2.0	  0.1	0.000	0.000	0.000
852	  T	  2.1	  0.2	0.000	0.000	0.000
853	  T	  1.8	  0.3	0.000	0.000	0.000
854	  G	  0.1	  0.6	0.000	0.000	0.000
855	  G	  0.0	  0.5	0.000	0.000	0.000
856	  S	  0.1	  0.4	0.000	0.000	0.000
857	  Q	  0.1	  0.4	0.000	0.000	0.000
858	  P	  0.1	  0.2	0.000	0.000	0.000
859	  T	  3.8	  0.2	0.000	0.000	0.000
860	  V	  6.4	  0.2	0.000	0.000	0.000
861	  L	  6.4	  0.0	0.000	0.000	0.000
862	  A	  2.7	  0.4	0.000	0.000	0.000
863	  P	  0.0	  0.4	0.000	0.000	0.000
864	  S	  0.2	  0.5	0.000	0.000	0.000
865	  Q	  0.3	  0.5	0.000	0.000	0.000
866	  L	  0.3	  0.1	0.000	1.353	1.353
867	  A	  0.3	  0.1	0.000	1.353	1.353
868	  T	  3.6	  0.0	0.000	1.353	1.353
869	  T	 10.6	  0.0	0.000	1.353	1.353
870	  F	 11.3	  0.2	0.000	1.353	1.353
871	  H	  8.0	  1.4	0.000	0.000	0.000
872	  G	  1.0	  1.4	0.000	0.000	0.000
873	  G	  0.1	  1.4	0.000	0.000	0.000
874	  V	  1.0	  1.2	0.000	0.053	0.053
875	  E	  1.0	  0.0	0.000	0.053	0.053
876	  K	  2.4	  0.0	0.000	0.053	0.053
877	  I	 11.1	  0.0	0.000	12.051	12.051
878	  N	 11.1	  0.0	0.092	12.151	12.151
879	  V	 10.0	  0.1	0.092	19.731	19.731
880	  G	  0.3	  0.1	0.214	20.345	20.345
881	  L	  0.5	  0.1	0.214	25.750	25.750
882	  F	  2.7	  0.1	0.214	25.487	25.487
883	  Q	  3.1	  0.0	0.214	22.084	22.084
884	  V	 10.3	  0.0	0.214	21.814	21.814
885	  L	  7.9	  0.0	0.214	18.417	18.417
886	  L	  7.4	  0.0	0.214	0.047	0.047
887	  P	  0.1	  0.0	0.000	1.144	1.144
888	  F	  1.8	  0.0	0.000	91.300	91.300
889	  V	  6.0	  0.0	0.000	98.086	98.086
890	  V	 14.1	  0.0	0.000	98.609	98.609
891	  S	 12.7	  0.0	0.000	98.609	98.609
892	  V	 12.1	  0.0	0.000	98.607	98.607
893	  L	  4.6	  0.0	0.000	96.223	96.223
894	  L	  4.1	  0.0	0.000	89.992	89.992
895	  L	  0.9	  0.0	0.000	0.016	0.016
