res	aa	Beta	Turn	Helix	Aggregation	Conc-Stab_Aggregation
01	  M	  1.0	  0.0	0.000	0.000	0.000
02	  K	  3.8	  0.0	0.000	0.000	0.000
03	  F	  5.3	  0.0	0.000	23.521	23.521
04	  T	  6.0	  0.0	0.121	26.781	26.781
05	  T	  6.3	  0.0	0.121	39.631	39.631
06	  T	  7.7	  0.0	0.121	60.684	60.684
07	  F	  6.7	  0.0	0.121	95.354	95.354
08	  L	  3.7	  0.0	0.121	97.738	97.738
09	  L	  4.2	  0.0	0.121	98.028	98.028
10	  T	  6.6	  0.0	0.121	97.551	97.551
11	  F	  7.4	  0.1	0.121	97.131	97.131
12	  M	  5.9	  0.1	0.121	87.094	87.094
13	  S	  8.0	  0.2	0.000	74.433	74.433
14	  I	  7.9	  0.3	0.000	72.877	72.877
15	  S	  8.0	  0.3	0.000	54.534	54.534
16	  T	  3.1	  0.3	0.000	52.250	52.250
17	  S	  2.5	  0.2	0.229	50.867	50.867
18	  I	  1.3	  0.2	0.229	50.699	50.699
19	  F	  1.2	  0.4	0.229	48.704	48.704
20	  A	  1.0	  0.4	0.229	22.845	22.845
21	  N	  0.3	  0.6	0.494	0.912	0.912
22	  A	  0.1	  0.7	0.494	0.240	0.240
23	  Q	  0.1	  0.7	0.494	0.007	0.007
24	  K	  0.1	  0.7	0.375	0.000	0.000
25	  G	  0.0	  0.5	0.414	0.000	0.000
26	  F	  0.5	  0.4	0.414	0.000	0.000
27	  L	  0.7	  0.1	0.149	0.000	0.000
28	  T	  0.9	  0.1	0.149	0.000	0.000
29	  D	  0.8	  0.1	0.149	0.000	0.000
30	  I	  1.4	  0.1	0.149	0.000	0.000
31	  Q	  2.2	  0.0	0.149	0.000	0.000
32	  V	  4.9	  0.0	0.000	0.000	0.000
33	  F	  4.7	  0.1	0.000	0.000	0.000
34	  D	  3.7	  0.1	0.000	0.000	0.000
35	  T	  2.5	  0.2	0.000	0.000	0.000
36	  H	  1.9	  0.9	0.000	0.000	0.000
37	  S	  2.1	  2.5	0.000	0.000	0.000
38	  G	  0.3	  2.9	0.000	0.000	0.000
39	  S	  0.3	  3.2	0.000	0.000	0.000
40	  N	  0.0	  2.7	0.000	0.000	0.000
41	  N	  0.2	  1.2	0.000	0.000	0.000
42	  S	  1.0	  0.8	0.000	0.000	0.000
43	  T	  1.0	  0.4	0.000	0.000	0.000
44	  D	  0.9	  5.8	0.000	0.000	0.000
45	  P	  0.0	  5.6	0.000	0.000	0.000
46	  S	  0.5	  5.6	0.000	0.104	0.104
47	  H	  1.9	  5.6	0.000	2.081	2.081
48	  W	  2.4	  0.0	0.000	14.906	14.906
49	  F	  2.7	  0.0	0.000	16.030	16.030
50	  L	  1.4	  0.0	0.000	16.030	16.030
51	  I	  1.0	  0.2	0.000	16.030	16.030
52	  Q	  0.2	  0.2	0.000	13.948	13.948
53	  G	  0.1	  0.2	0.000	6.747	6.747
54	  Q	  1.1	  0.2	0.000	5.948	5.948
55	  V	 10.2	  0.0	0.000	5.948	5.948
56	  F	 10.4	  0.0	0.000	5.622	5.622
57	  V	  9.4	  0.1	0.117	0.458	0.458
58	  P	  0.2	  0.4	0.467	0.137	0.137
59	  Q	  0.0	  0.4	0.467	0.000	0.000
60	  D	  0.0	  0.7	0.467	0.000	0.000
61	  A	  0.1	  0.8	0.467	0.000	0.000
62	  K	  0.1	  0.5	0.467	0.000	0.000
63	  N	  0.5	  0.5	0.467	0.000	0.000
64	  S	  0.6	  0.3	0.125	0.000	0.000
65	  I	  0.6	  0.0	0.000	0.000	0.000
66	  P	  0.1	  0.0	0.000	0.000	0.000
67	  F	 16.2	  0.0	0.000	0.000	0.000
68	  T	 16.7	  0.0	0.000	0.000	0.000
69	  V	 16.7	  0.3	0.000	0.000	0.000
70	  P	  0.6	  0.4	0.000	0.000	0.000
71	  D	  0.0	  0.5	0.000	0.000	0.000
72	  E	  1.9	  0.5	0.000	0.000	0.000
73	  F	  2.8	  0.3	0.000	0.000	0.000
74	  D	  3.6	  0.2	0.000	0.000	0.000
75	  S	  2.0	  0.1	0.000	0.000	0.000
76	  F	  1.1	  1.5	0.000	0.000	0.000
77	  P	  0.2	  1.7	0.000	0.000	0.000
78	  S	  0.0	  4.7	0.000	0.000	0.000
79	  G	  0.0	  4.7	0.000	0.000	0.000
80	  D	  0.1	  3.3	0.000	0.000	0.000
81	  F	  0.1	  3.1	0.000	0.000	0.000
82	  P	  0.0	  0.1	0.000	0.000	0.000
83	  L	  2.1	  0.1	0.000	0.000	0.000
84	  S	 10.9	  0.5	0.000	0.000	0.000
85	  Y	 12.0	  0.4	0.000	0.000	0.000
86	  N	 10.2	  0.4	0.098	0.000	0.000
87	  S	  1.7	  0.4	0.098	0.000	0.000
88	  K	  1.7	  0.1	0.098	0.000	0.000
89	  I	  3.5	  0.0	0.098	0.192	0.192
90	  I	  3.3	  0.3	0.098	0.192	0.192
91	  G	  2.0	  0.3	0.098	0.192	0.192
92	  S	  3.6	  0.6	0.098	0.192	0.192
93	  I	  3.9	  0.6	0.000	0.192	0.192
94	  N	  3.9	  0.4	0.000	0.000	0.000
95	  K	  0.4	  1.1	0.000	0.000	0.000
96	  A	  0.1	  1.0	0.000	0.000	0.000
97	  D	  0.1	  2.2	0.000	0.000	0.000
98	  D	  0.0	  5.9	0.000	0.000	0.000
99	  S	  0.0	  5.7	0.000	0.000	0.000
100	  N	  0.2	  5.5	0.000	0.000	0.000
101	  N	  0.8	  4.4	0.000	0.000	0.000
102	  F	  3.9	  0.6	0.000	0.000	0.000
103	  D	  4.0	  0.2	0.120	0.000	0.000
104	  I	  4.7	  0.2	0.120	0.000	0.000
105	  Q	  2.4	  0.0	0.120	0.000	0.000
106	  L	  2.6	  0.1	0.120	0.000	0.000
107	  V	  2.2	  0.1	0.120	0.000	0.000
108	  D	  1.5	  1.3	0.288	0.000	0.000
109	  S	  1.0	  1.3	0.169	0.000	0.000
110	  N	  0.2	  1.2	0.169	0.000	0.000
111	  I	  1.6	  1.2	0.169	0.000	0.000
112	  L	  1.8	  0.1	0.169	0.000	0.000
113	  Q	  2.1	  0.1	0.169	0.000	0.000
114	  N	  2.0	  0.3	0.000	0.000	0.000
115	  V	  2.5	  0.3	0.000	1.300	1.300
116	  S	  2.6	  0.2	0.000	1.300	1.300
117	  T	  4.5	  0.2	0.000	1.870	1.870
118	  T	 12.2	  0.1	0.000	2.703	2.703
119	  F	 14.5	  0.1	0.000	2.902	2.902
120	  N	 11.4	  0.0	0.874	2.464	2.464
121	  F	  4.9	  0.0	0.874	2.464	2.464
122	  L	  1.8	  0.0	0.874	2.112	2.112
123	  C	  2.2	  0.1	0.874	0.318	0.318
124	  K	  1.0	  0.1	0.874	0.000	0.000
125	  L	  1.2	  0.2	0.874	0.000	0.000
126	  S	  0.9	  0.5	0.678	0.000	0.000
127	  S	  0.5	  0.7	0.192	0.000	0.000
128	  K	  0.2	  0.8	0.000	0.000	0.000
129	  G	  0.1	  0.7	0.199	0.000	0.000
130	  L	  0.1	  0.4	0.199	0.000	0.000
131	  S	  0.1	  0.1	0.199	0.000	0.000
132	  E	  1.0	  0.0	0.199	0.000	0.000
133	  I	  3.6	  0.0	0.199	0.000	0.000
134	  R	  3.6	  0.0	0.199	0.000	0.000
135	  S	  2.7	  2.7	0.000	0.000	0.000
136	  P	  0.1	  2.8	0.000	0.000	0.000
137	  G	  0.0	  2.8	0.000	0.000	0.000
138	  S	  7.3	  2.9	0.000	0.483	0.483
139	  V	 10.0	  0.2	0.000	4.335	4.335
140	  S	 15.3	  0.1	0.000	4.454	4.454
141	  Y	 17.9	  0.1	0.000	4.454	4.454
142	  T	 29.6	  0.0	0.000	4.454	4.454
143	  F	 25.8	  0.1	0.000	4.454	4.454
144	  T	 16.8	  0.3	0.000	1.747	1.747
145	  N	  1.5	  1.6	0.000	0.000	0.000
146	  G	  0.0	  1.7	0.000	0.000	0.000
147	  D	  0.0	  1.6	0.105	0.000	0.000
148	  N	  4.0	  1.4	1.785	0.000	0.000
149	  V	  7.2	  0.1	1.978	0.000	0.000
150	  E	  7.3	  0.0	1.978	0.000	0.000
151	  F	  4.8	  0.0	1.978	0.000	0.000
152	  V	  2.3	  0.1	1.978	0.000	0.000
153	  R	  2.6	  0.1	1.978	0.000	0.000
154	  N	  2.7	  0.3	1.865	0.000	0.000
155	  I	  6.2	  0.3	1.357	1.843	1.843
156	  N	  5.9	  0.2	1.357	1.843	1.843
157	  Y	  4.9	  0.2	0.758	1.843	1.843
158	  L	  0.7	  0.0	0.182	1.843	1.843
159	  A	  0.7	  0.0	0.000	1.843	1.843
160	  T	  0.2	  0.0	0.000	0.693	0.693
161	  D	  0.1	  0.8	0.140	0.000	0.000
162	  P	  0.0	  0.9	0.140	0.000	0.000
163	  T	  0.8	  0.9	0.140	0.000	0.000
164	  K	  2.3	  0.9	0.140	0.000	0.000
165	  I	  4.2	  0.1	0.140	0.000	0.000
166	  N	  3.6	  2.0	0.140	0.000	0.000
167	  T	  2.2	  2.2	0.000	0.000	0.000
168	  N	  0.2	  2.3	0.000	0.000	0.000
169	  G	  0.0	  2.4	0.000	0.000	0.000
170	  G	  0.1	  0.5	0.000	0.000	0.000
171	  I	  1.3	  0.3	0.000	0.000	0.000
172	  Y	  1.8	  0.2	0.000	0.000	0.000
173	  Q	  1.8	  0.1	0.000	0.000	0.000
174	  T	  0.6	  0.2	0.000	0.000	0.000
175	  N	  0.2	  0.2	0.000	0.000	0.000
176	  N	  0.2	  0.2	0.000	0.000	0.000
177	  T	  0.8	  0.1	0.000	2.920	2.920
178	  A	  0.9	  0.0	0.000	7.054	7.054
179	  W	  1.4	  0.0	0.000	7.054	7.054
180	  F	  5.3	  0.0	0.000	7.054	7.054
181	  T	  6.5	  0.0	0.000	7.054	7.054
182	  L	  9.8	  0.0	0.000	6.622	6.622
183	  D	  5.5	  0.0	0.000	0.000	0.000
184	  I	  4.1	  0.0	0.000	0.000	0.000
185	  P	  0.1	  0.0	0.000	0.000	0.000
186	  I	  1.1	  0.1	0.000	0.000	0.000
187	  S	  1.5	  0.1	0.000	0.000	0.000
188	  Q	  3.6	  0.1	0.000	0.000	0.000
189	  F	  4.3	  0.1	0.000	0.000	0.000
190	  K	  3.9	  0.0	0.000	0.000	0.000
191	  R	  1.8	  0.0	0.000	0.000	0.000
192	  P	  0.1	  0.0	0.000	0.000	0.000
193	  I	  8.9	  0.0	0.000	0.000	0.000
194	  R	 10.1	  0.0	0.000	0.000	0.000
195	  I	 10.3	  0.0	0.000	0.000	0.000
196	  Q	  1.8	  0.0	0.000	0.000	0.000
197	  S	  0.5	  0.0	0.000	0.000	0.000
198	  T	  0.3	  0.4	0.000	0.000	0.000
199	  P	  0.1	  0.4	0.000	0.000	0.000
200	  S	  0.2	  0.4	0.000	0.000	0.000
201	  V	  0.2	  0.8	0.000	0.000	0.000
202	  P	  0.2	  0.4	0.000	0.000	0.000
203	  N	  0.2	  0.5	0.000	0.000	0.000
204	  A	  0.6	  0.5	0.000	0.000	0.000
205	  Y	  6.1	  0.1	0.000	0.000	0.000
206	  Q	  7.5	  0.1	0.000	0.000	0.000
207	  F	  7.8	  0.0	0.000	0.000	0.000
208	  D	  2.4	  1.8	0.084	0.000	0.000
209	  A	  0.9	  1.8	0.084	0.000	0.000
210	  S	  0.7	  1.9	0.181	0.000	0.000
211	  K	  1.4	  1.9	0.181	0.000	0.000
212	  T	  4.2	  0.1	0.181	0.000	0.000
213	  T	 16.4	  0.1	0.181	0.000	0.000
214	  F	 17.7	  0.0	0.181	0.000	0.000
215	  K	 16.4	  0.0	0.097	0.000	0.000
216	  V	  6.5	  0.0	0.000	0.000	0.000
217	  V	  5.3	  0.0	0.000	0.000	0.000
218	  T	  4.6	  0.1	0.413	0.000	0.000
219	  K	  2.9	  0.1	0.413	0.000	0.000
220	  L	  1.6	  0.1	0.413	0.000	0.000
221	  N	  1.0	  0.1	0.413	0.000	0.000
222	  K	  1.1	  0.0	0.413	0.000	0.000
223	  F	  4.1	  0.0	0.413	0.000	0.000
224	  N	  3.9	  0.0	0.000	0.000	0.000
225	  Q	  3.1	  0.1	0.000	0.000	0.000
226	  P	  0.0	  0.1	0.000	0.000	0.000
227	  L	  0.1	  0.1	0.000	0.000	0.000
228	  A	  1.2	  0.1	0.000	0.000	0.000
229	  T	  1.8	  0.0	0.000	0.000	0.000
230	  V	  1.8	  0.0	0.000	0.000	0.000
231	  P	  0.7	  0.0	0.000	0.000	0.000
232	  L	  0.8	  0.0	0.000	0.000	0.000
233	  T	  1.6	  0.0	0.000	0.000	0.000
234	  A	  2.4	  0.0	0.000	0.000	0.000
235	  V	  3.0	  0.1	0.000	0.000	0.000
236	  H	  2.4	  0.1	0.000	0.000	0.000
237	  D	  2.1	  0.4	0.138	0.000	0.000
238	  Y	  1.7	  0.5	0.138	0.000	0.000
239	  S	  2.0	  0.8	0.138	0.000	0.000
240	  T	  2.2	  0.8	0.138	0.000	0.000
241	  N	  1.5	  0.6	0.138	0.000	0.000
242	  S	  1.2	  0.5	0.138	0.000	0.000
243	  K	  1.6	  0.1	0.000	0.674	0.674
244	  I	  7.9	  0.0	0.000	0.674	0.674
245	  D	  7.7	  0.0	0.000	0.674	0.674
246	  V	  8.0	  0.0	0.000	0.991	0.991
247	  L	  1.8	  0.0	0.000	0.991	0.991
248	  F	  2.7	  0.0	0.000	0.991	0.991
249	  N	  1.4	  0.6	0.000	0.316	0.316
250	  S	  1.3	  0.6	0.000	0.316	0.316
251	  S	 20.9	  0.9	0.000	0.195	0.195
252	  F	 21.9	  1.0	0.000	0.195	0.195
253	  S	 21.7	  0.8	0.000	0.000	0.000
254	  G	  1.4	  0.9	0.000	0.000	0.000
255	  G	  0.0	  0.6	0.182	0.000	0.000
256	  E	  0.1	  0.4	0.182	0.120	0.120
257	  Y	  1.3	  0.1	0.182	0.120	0.120
258	  V	  7.7	  0.0	0.182	0.120	0.120
259	  R	 12.4	  0.0	0.182	0.120	0.120
260	  I	 24.5	  0.0	0.182	0.408	0.408
261	  T	 23.3	  0.0	0.182	0.408	0.408
262	  Y	 20.1	  0.0	0.182	0.408	0.408
263	  Y	  8.1	  0.1	0.074	0.408	0.408
264	  S	  3.0	  0.2	0.097	0.288	0.288
265	  S	  1.4	  0.2	0.210	0.000	0.000
266	  Q	  1.3	  0.2	0.210	0.000	0.000
267	  L	  1.7	  0.1	0.210	0.000	0.000
268	  Y	  3.4	  0.1	0.210	0.000	0.000
269	  S	  2.9	  0.1	0.210	0.000	0.000
270	  K	  3.2	  0.1	0.113	0.000	0.000
271	  T	 14.0	  0.1	0.000	0.000	0.000
272	  I	 13.5	  0.2	0.000	0.000	0.000
273	  S	 12.8	  0.5	0.000	0.000	0.000
274	  N	  0.1	  0.5	0.000	0.000	0.000
275	  N	  0.3	  0.8	0.124	0.000	0.000
276	  L	  3.6	  0.7	0.124	0.000	0.000
277	  N	  4.8	  0.4	0.124	0.000	0.000
278	  I	 10.8	  0.4	0.124	0.000	0.000
279	  S	  7.7	  0.1	0.124	0.000	0.000
280	  Y	  6.6	  0.1	0.124	0.000	0.000
281	  P	  0.2	  0.5	0.000	0.000	0.000
282	  A	  0.0	  0.5	0.000	0.000	0.000
283	  N	  0.0	  0.6	0.323	0.000	0.000
284	  D	  0.1	  1.3	0.323	0.000	0.000
285	  L	  0.4	  0.9	0.323	0.000	0.000
286	  S	  1.1	  0.9	0.323	0.000	0.000
287	  K	  1.0	  1.1	0.323	0.000	0.000
288	  R	  1.0	  0.4	0.323	0.000	0.000
289	  D	  1.3	  0.4	0.115	0.000	0.000
290	  V	  7.8	  0.3	0.000	0.000	0.000
291	  V	  7.8	  0.0	0.000	0.000	0.000
292	  D	  6.9	  4.0	1.277	0.000	0.000
293	  P	  0.2	  4.0	1.277	0.000	0.000
294	  S	  0.0	  4.0	1.616	0.000	0.000
295	  E	  3.3	  4.0	1.616	0.000	0.000
296	  I	 10.3	  0.1	1.616	0.000	0.000
297	  N	 11.7	  0.3	1.839	0.000	0.000
298	  I	 10.4	  0.3	1.482	0.000	0.000
299	  N	  3.5	  0.5	1.482	0.000	0.000
300	  T	  2.1	  0.6	0.223	0.000	0.000
301	  N	  0.8	  0.3	0.223	0.000	0.000
302	  L	  1.0	  0.3	0.223	0.000	0.000
303	  Y	  2.5	  0.0	0.113	0.000	0.000
304	  A	  2.0	  0.0	0.000	0.000	0.000
305	  A	  1.7	  0.2	0.000	0.000	0.000
306	  P	  0.0	  0.4	0.000	0.000	0.000
307	  L	  0.1	  0.5	0.000	0.000	0.000
308	  D	  0.1	  0.5	0.000	0.000	0.000
309	  N	  0.3	  0.8	0.000	0.000	0.000
310	  L	  0.8	  0.6	0.000	0.000	0.000
311	  S	  1.6	  0.5	0.000	0.000	0.000
312	  H	  7.5	  0.5	0.000	0.000	0.000
313	  I	 16.0	  0.0	0.000	0.000	0.000
314	  N	 16.4	  0.1	0.000	0.000	0.000
315	  V	 12.0	  0.1	0.000	0.000	0.000
316	  S	  2.7	  0.1	0.000	0.000	0.000
317	  T	  1.3	  0.1	0.000	0.000	0.000
318	  P	  0.1	  0.0	0.000	0.000	0.000
319	  N	  0.0	  3.5	0.000	0.000	0.000
320	  P	  0.0	  3.5	0.000	0.000	0.000
321	  D	  0.8	  3.9	0.000	0.000	0.000
322	  V	  1.6	  3.9	0.000	0.000	0.000
323	  S	  2.2	  1.9	0.000	0.000	0.000
324	  K	  1.5	  1.9	0.000	0.000	0.000
325	  N	  0.7	  1.6	0.000	0.000	0.000
326	  S	  0.3	  1.6	0.000	0.000	0.000
327	  T	  5.5	  0.1	0.000	0.000	0.000
328	  M	  5.6	  0.1	0.000	0.000	0.000
329	  T	  5.4	  0.0	0.000	0.000	0.000
330	  P	  0.2	  0.0	0.000	0.000	0.000
331	  L	  0.0	  0.2	0.000	0.000	0.000
332	  P	  0.0	  0.2	0.000	0.000	0.000
333	  A	  0.4	  0.2	0.000	0.000	0.000
334	  Y	  2.3	  0.4	0.000	0.000	0.000
335	  T	  2.4	  0.8	0.000	0.000	0.000
336	  N	  2.0	  0.9	0.000	0.000	0.000
337	  G	  0.1	  0.9	0.000	0.000	0.000
338	  T	  2.7	  0.9	0.000	0.000	0.000
339	  A	  2.7	  0.5	0.000	0.000	0.000
340	  S	  2.7	  0.4	0.240	0.000	0.000
341	  N	  1.9	  0.4	0.240	0.000	0.000
342	  V	  3.6	  0.2	0.240	0.000	0.000
343	  T	  6.7	  0.1	0.240	0.000	0.000
344	  K	  5.0	  0.2	0.240	0.000	0.000
345	  S	  4.3	  0.2	0.240	0.000	0.000
346	  L	  2.8	  0.2	0.000	0.000	0.000
347	  E	  3.1	  0.0	0.000	0.000	0.000
348	  V	  2.6	  0.0	0.000	0.000	0.000
349	  I	  0.9	  0.2	0.000	0.000	0.000
350	  P	  0.4	  0.2	0.000	0.000	0.000
351	  T	 30.0	  0.2	0.000	0.000	0.000
352	  Y	 32.2	  0.3	0.000	0.000	0.000
353	  S	 33.8	  0.5	0.000	0.000	0.000
354	  L	  5.3	  0.6	0.000	0.000	0.000
355	  D	  1.9	  0.7	0.063	0.000	0.000
356	  H	  0.2	  0.8	0.063	0.000	0.000
357	  S	  0.4	  0.3	0.063	0.162	0.162
358	  T	 17.7	  0.3	0.063	4.082	4.082
359	  V	 19.2	  0.1	0.063	9.012	9.012
360	  S	 19.1	  0.0	0.063	9.012	9.012
361	  A	  2.8	  0.0	0.000	9.012	9.012
362	  I	  3.2	  0.0	0.000	9.012	9.012
363	  V	  3.3	  0.1	0.000	8.538	8.538
364	  S	  2.9	  0.3	0.000	0.924	0.924
365	  E	  0.5	  0.3	0.000	0.000	0.000
366	  Y	  0.3	  0.3	0.000	0.000	0.000
367	  G	  0.3	  0.3	0.000	0.000	0.000
368	  V	  3.3	  0.0	0.000	0.000	0.000
369	  W	  3.2	  0.0	0.000	0.000	0.000
370	  I	  3.2	  0.0	0.000	0.000	0.000
371	  P	  0.1	  0.0	0.000	0.000	0.000
372	  V	  0.9	  0.0	0.000	0.000	0.000
373	  S	  1.0	  0.1	0.000	0.000	0.000
374	  T	  2.7	  0.4	0.000	0.000	0.000
375	  L	  1.9	  2.1	0.000	0.000	0.000
376	  N	  1.8	  2.4	0.000	0.000	0.000
377	  G	  0.1	  2.4	0.000	0.000	0.000
378	  T	  2.9	  2.1	0.000	0.000	0.000
379	  T	  4.1	  0.6	0.000	0.000	0.000
380	  S	  4.2	  0.3	0.000	0.000	0.000
381	  S	  1.6	  0.3	0.131	0.000	0.000
382	  K	  0.6	  0.2	0.131	0.000	0.000
383	  M	  1.6	  0.1	0.131	0.000	0.000
384	  M	  1.6	  0.0	0.131	0.000	0.000
385	  I	  1.5	  0.0	0.131	0.000	0.000
386	  Q	  0.5	  0.1	0.131	0.000	0.000
387	  S	  0.7	  0.1	0.000	0.000	0.000
388	  K	  2.0	  0.1	0.000	0.000	0.000
389	  I	  6.5	  0.0	0.000	0.000	0.000
390	  V	  7.1	  0.1	0.000	0.000	0.000
391	  R	  5.7	  0.2	0.000	0.000	0.000
392	  N	  1.0	  0.3	0.000	0.000	0.000
393	  D	  0.3	  0.3	0.000	0.000	0.000
394	  T	  1.9	  0.2	0.000	0.000	0.000
395	  T	  4.8	  0.2	0.000	0.000	0.000
396	  T	  5.9	  0.1	0.000	0.000	0.000
397	  S	  4.3	  0.0	0.000	0.000	0.000
398	  T	  1.4	  0.3	0.000	0.000	0.000
399	  P	  0.1	  0.3	0.000	0.000	0.000
400	  T	  2.0	  0.3	0.000	0.000	0.000
401	  A	  2.0	  0.3	0.000	0.000	0.000
402	  T	  2.0	  0.3	0.000	0.000	0.000
403	  P	  0.1	  0.3	0.000	0.000	0.000
404	  T	  1.1	  0.3	0.000	0.000	0.000
405	  S	  1.1	  0.3	0.000	0.000	0.000
406	  R	  1.1	  1.5	0.000	0.000	0.000
407	  P	  0.1	  1.6	0.000	0.000	0.000
408	  D	  0.1	  1.6	0.204	0.000	0.000
409	  E	  2.4	  1.6	0.204	0.000	0.000
410	  F	  4.3	  0.1	0.204	0.000	0.000
411	  T	  5.0	  0.1	0.204	0.000	0.000
412	  N	  2.8	  0.2	0.204	0.000	0.000
413	  S	  2.8	  0.5	0.204	0.000	0.000
414	  T	  3.2	  0.5	0.000	0.000	0.000
415	  S	  4.0	  1.3	0.000	0.000	0.000
416	  S	  3.0	  1.9	0.000	0.000	0.000
417	  S	  2.5	  2.4	0.000	0.000	0.000
418	  S	  1.8	  2.3	0.000	0.000	0.000
419	  S	  1.3	  1.5	0.000	0.000	0.000
420	  I	  2.1	  0.7	0.000	0.000	0.000
421	  M	  2.6	  0.0	0.000	0.000	0.000
422	  Y	  3.1	  0.0	0.000	0.000	0.000
423	  H	  1.5	  0.1	0.000	0.000	0.000
424	  N	  1.0	  0.1	0.000	0.000	0.000
425	  S	  0.6	  0.1	0.000	0.207	0.207
426	  T	 10.7	  0.1	0.000	2.222	2.222
427	  I	 13.4	  0.1	0.000	2.594	2.594
428	  T	 13.9	  0.0	0.000	2.594	2.594
429	  T	 15.1	  0.0	0.000	2.594	2.594
430	  I	 12.7	  0.1	0.000	2.594	2.594
431	  S	 12.5	  0.7	0.000	0.596	0.596
432	  S	  1.5	  0.8	0.112	0.000	0.000
433	  S	  1.1	  0.9	0.112	0.000	0.000
434	  Q	  0.5	  0.9	0.112	0.000	0.000
435	  T	  0.7	  0.2	0.112	0.000	0.000
436	  D	  1.0	  0.6	0.112	0.000	0.000
437	  Y	  2.5	  0.6	0.112	0.000	0.000
438	  S	  2.2	  0.6	0.000	0.000	0.000
439	  S	  1.7	  0.6	0.476	0.000	0.000
440	  A	  0.2	  0.2	0.476	0.000	0.000
441	  A	  0.3	  0.1	0.476	0.000	0.000
442	  T	  1.5	  0.2	0.476	0.000	0.000
443	  S	  2.2	  0.8	0.476	0.000	0.000
444	  S	  2.2	  0.8	0.476	0.000	0.000
445	  S	  6.4	  0.9	0.000	0.000	0.000
446	  I	  6.1	  0.9	0.000	0.000	0.000
447	  S	  6.8	  0.8	0.136	0.000	0.000
448	  S	  1.7	  0.9	0.136	0.000	0.000
449	  S	  2.9	  1.0	0.136	0.000	0.000
450	  T	  3.3	  1.0	0.136	0.000	0.000
451	  S	  3.2	  0.4	0.136	0.000	0.000
452	  K	  4.3	  0.3	0.136	0.000	0.000
453	  F	  5.0	  0.1	0.000	0.000	0.000
454	  T	  5.3	  0.1	0.000	0.000	0.000
455	  N	  2.8	  0.1	0.000	0.000	0.000
456	  T	  2.5	  0.1	0.000	0.000	0.000
457	  T	  3.5	  0.1	0.000	0.000	0.000
458	  T	  5.5	  0.1	0.000	0.000	0.000
459	  T	  6.0	  0.2	0.225	0.000	0.000
460	  Q	  4.6	  0.2	0.225	0.000	0.000
461	  S	  2.8	  0.1	0.225	0.000	0.000
462	  L	  0.7	  0.2	0.225	0.000	0.000
463	  K	  0.7	  0.1	0.225	0.000	0.000
464	  Q	  0.6	  0.1	0.225	0.000	0.000
465	  T	 10.8	  0.1	0.090	0.000	0.000
466	  V	 12.2	  0.0	0.090	0.000	0.000
467	  T	 13.2	  0.1	0.090	0.000	0.000
468	  K	  3.6	  0.1	0.090	0.000	0.000
469	  T	  5.8	  0.1	0.090	0.000	0.000
470	  V	  4.6	  0.1	0.090	0.000	0.000
471	  C	  3.9	  0.8	0.090	0.000	0.000
472	  P	  0.1	  0.8	0.000	0.000	0.000
473	  T	  4.2	  0.8	0.000	0.000	0.000
474	  C	  6.8	  0.9	0.234	0.000	0.000
475	  E	  6.9	  0.2	0.234	0.000	0.000
476	  K	  2.8	  0.8	0.234	0.000	0.000
477	  A	  0.2	  1.0	0.234	0.000	0.000
478	  D	  0.1	  0.9	0.234	0.000	0.000
479	  N	  0.0	  1.0	0.234	0.000	0.000
480	  E	  0.1	  0.3	0.113	0.000	0.000
481	  T	  1.0	  0.2	0.000	0.000	0.000
482	  Q	  1.7	  0.2	0.000	0.000	0.000
483	  L	  1.8	  0.1	0.000	1.964	1.964
484	  S	  1.3	  0.1	0.000	2.197	2.197
485	  T	  3.3	  0.1	0.000	4.577	4.577
486	  I	  4.1	  0.1	0.000	7.791	7.791
487	  A	  4.1	  0.0	0.000	7.791	7.791
488	  S	  2.3	  0.0	0.000	7.540	7.540
489	  V	  4.8	  0.0	0.000	7.540	7.540
490	  Y	  5.6	  0.1	0.000	6.642	6.642
491	  Q	  4.9	  0.1	0.000	0.128	0.128
492	  S	  1.8	  0.1	0.000	0.000	0.000
493	  T	 13.1	  0.1	0.000	0.000	0.000
494	  I	 13.1	  0.1	0.000	0.000	0.000
495	  S	 12.8	  0.1	0.000	0.000	0.000
496	  E	  0.2	  0.1	0.000	0.000	0.000
497	  Q	  0.6	  0.1	0.000	0.000	0.000
498	  L	  0.6	  0.2	0.000	0.000	0.000
499	  S	  0.7	  0.1	0.863	0.000	0.000
500	  E	  0.9	  0.1	0.863	0.000	0.000
501	  Y	  4.9	  0.1	0.863	0.000	0.000
502	  E	  4.9	  0.0	0.863	0.000	0.000
503	  F	  4.8	  0.0	0.863	0.000	0.000
504	  L	  0.9	  0.0	0.863	0.000	0.000
505	  E	  0.8	  0.0	0.725	0.000	0.000
506	  A	  0.3	  0.1	0.554	0.000	0.000
507	  A	  0.2	  0.2	0.424	0.000	0.000
508	  S	  0.7	  0.2	0.245	0.000	0.000
509	  T	  4.7	  0.2	0.000	0.000	0.000
510	  I	  4.8	  0.1	0.000	0.000	0.000
511	  Q	  4.5	  0.1	0.000	0.000	0.000
512	  S	  0.7	  0.1	0.000	0.000	0.000
513	  T	  1.8	  0.2	0.000	0.000	0.000
514	  K	  1.8	  0.2	0.000	0.000	0.000
515	  Q	  1.6	  0.1	0.000	0.000	0.000
516	  T	  1.6	  0.2	0.000	0.000	0.000
517	  S	  1.7	  0.3	0.000	0.000	0.000
518	  S	  1.9	  0.3	0.000	0.000	0.000
519	  T	  1.1	  0.3	0.000	0.000	0.000
520	  K	  0.9	  0.2	0.000	0.000	0.000
521	  A	  0.7	  0.1	0.000	0.000	0.000
522	  S	  2.2	  0.3	0.000	0.000	0.000
523	  T	  3.3	  0.4	0.000	0.000	0.000
524	  S	  3.3	  0.5	0.000	0.000	0.000
525	  S	  1.7	  0.4	0.000	0.000	0.000
526	  K	  4.4	  0.2	0.000	0.000	0.000
527	  V	  7.2	  0.1	0.000	0.000	0.000
528	  K	  7.4	  0.1	0.000	0.000	0.000
529	  S	  3.7	  0.1	0.000	0.000	0.000
530	  T	  0.9	  0.2	0.000	0.000	0.000
531	  E	  0.6	  0.1	0.000	0.000	0.000
532	  L	  2.2	  0.1	0.000	0.000	0.000
533	  S	 12.5	  0.2	0.107	0.000	0.000
534	  V	 12.5	  0.2	0.107	0.000	0.000
535	  S	 10.8	  0.2	0.107	0.000	0.000
536	  E	  0.4	  0.2	0.107	0.000	0.000
537	  Q	  1.0	  0.1	0.107	0.116	0.116
538	  V	  3.0	  0.1	0.107	1.797	1.797
539	  Y	  5.2	  0.0	0.107	1.797	1.797
540	  Y	  5.1	  0.1	0.000	1.797	1.797
541	  S	  3.7	  0.1	0.000	1.797	1.797
542	  T	  1.6	  0.1	0.000	1.681	1.681
543	  K	  0.8	  0.1	0.000	0.000	0.000
544	  P	  0.2	  0.2	0.000	0.000	0.000
545	  A	  0.2	  0.3	0.000	0.000	0.000
546	  S	  2.4	  0.9	0.000	0.000	0.000
547	  K	  2.8	  0.9	0.000	0.000	0.000
548	  S	  3.4	  0.7	0.000	0.000	0.000
549	  V	  2.2	  0.7	0.000	0.000	0.000
550	  Y	  1.7	  6.7	0.000	0.000	0.000
551	  G	  0.9	  6.7	0.099	0.000	0.000
552	  D	  0.3	  6.7	0.339	0.000	0.000
553	  L	  0.4	  6.7	0.339	0.000	0.000
554	  E	  0.4	  0.0	0.339	0.000	0.000
555	  A	  0.7	  0.0	0.339	0.111	0.111
556	  V	  1.3	  0.1	0.339	0.111	0.111
557	  S	  1.5	  0.1	0.339	0.111	0.111
558	  T	  6.3	  0.1	0.000	0.111	0.111
559	  L	  5.7	  0.2	0.000	0.111	0.111
560	  S	  5.7	  0.2	0.000	0.000	0.000
561	  S	  2.6	  1.0	0.000	0.000	0.000
562	  K	  2.4	  1.1	0.000	0.000	0.000
563	  S	  2.3	  2.6	0.000	0.000	0.000
564	  S	  0.3	  2.7	0.000	0.000	0.000
565	  N	  0.4	  1.9	0.000	0.000	0.000
566	  S	  0.9	  1.8	0.000	0.000	0.000
567	  V	  2.3	  0.2	0.000	0.000	0.000
568	  A	  2.1	  0.0	0.000	0.000	0.000
569	  H	  1.7	  0.0	0.000	0.000	0.000
570	  S	  3.5	  0.0	0.000	0.000	0.000
571	  V	 21.0	  0.0	0.000	0.000	0.000
572	  E	 23.0	  0.0	0.000	0.000	0.000
573	  V	 21.7	  0.0	0.000	0.000	0.000
574	  S	  6.9	  0.9	0.000	0.000	0.000
575	  A	  3.9	  0.9	0.000	0.000	0.000
576	  S	  4.4	  1.6	0.000	0.000	0.000
577	  K	  2.3	  1.7	0.000	0.000	0.000
578	  S	  7.1	  1.0	0.148	0.000	0.000
579	  L	  5.3	  1.1	0.148	0.000	0.000
580	  S	  5.4	  0.4	0.148	0.000	0.000
581	  T	  3.5	  0.5	0.148	0.000	0.000
582	  K	  3.6	  0.2	0.148	0.000	0.000
583	  S	  3.6	  0.2	0.148	1.396	1.396
584	  A	  1.3	  0.2	0.000	1.396	1.396
585	  V	  3.7	  0.0	0.000	1.396	1.396
586	  V	  5.0	  0.0	0.000	1.396	1.396
587	  T	  4.5	  0.0	0.000	1.396	1.396
588	  D	  1.7	  0.2	0.000	0.000	0.000
589	  I	  0.4	  0.2	0.000	0.000	0.000
590	  G	  0.2	  0.2	0.000	0.000	0.000
591	  V	  3.6	  0.2	0.000	0.000	0.000
592	  L	  3.5	  0.0	0.000	0.000	0.000
593	  E	  3.5	  0.0	0.000	0.000	0.000
594	  P	  0.1	  0.0	0.000	0.000	0.000
595	  V	  0.9	  0.0	0.000	0.000	0.000
596	  S	  1.0	  0.1	0.000	0.000	0.000
597	  T	  4.0	  0.1	0.000	0.000	0.000
598	  L	  3.5	  0.2	0.000	0.000	0.000
599	  K	  3.4	  0.2	0.000	0.000	0.000
600	  S	  1.4	  1.0	0.000	0.000	0.000
601	  S	  2.6	  1.0	0.000	0.000	0.000
602	  S	  2.5	  0.9	0.000	0.000	0.000
603	  S	  1.6	  0.8	0.000	0.000	0.000
604	  P	  0.0	  0.0	0.000	0.000	0.000
605	  K	  0.0	  0.3	0.000	0.000	0.000
606	  P	  0.0	  0.4	0.000	0.000	0.000
607	  T	  0.1	  0.4	0.000	0.000	0.000
608	  N	  0.2	  0.4	0.000	0.000	0.000
609	  N	  2.3	  0.2	0.000	0.000	0.000
610	  I	  5.0	  0.1	0.000	0.000	0.000
611	  V	  5.4	  0.2	0.000	0.000	0.000
612	  S	  3.4	  0.3	0.000	0.000	0.000
613	  G	  0.6	  0.3	0.000	0.000	0.000
614	  K	  6.8	  0.3	0.000	0.000	0.000
615	  V	  7.3	  0.1	0.000	0.000	0.000
616	  E	  7.5	  0.0	0.000	0.000	0.000
617	  T	  3.4	  0.1	0.000	0.000	0.000
618	  T	  3.6	  0.2	0.000	0.000	0.000
619	  S	  3.7	  0.1	0.000	0.000	0.000
620	  T	  1.2	  0.1	0.000	0.000	0.000
621	  A	  0.4	  0.1	0.000	0.000	0.000
622	  P	  0.1	  0.0	0.000	0.264	0.264
623	  A	  0.7	  0.0	0.000	25.217	25.217
624	  I	  2.7	  0.0	0.000	51.879	51.879
625	  I	  6.1	  0.0	0.000	53.251	53.251
626	  S	  5.7	  0.0	0.344	53.320	53.320
627	  L	  4.0	  0.0	0.344	53.866	53.866
628	  Y	  3.4	  0.1	0.344	51.503	51.503
629	  T	  3.9	  0.1	0.344	33.072	33.072
630	  S	  4.9	  0.1	0.344	21.452	21.452
631	  V	  3.2	  0.1	0.344	20.005	20.005
632	  Q	  2.5	  0.0	0.344	1.769	1.769
633	  A	  1.3	  0.1	0.210	1.074	1.074
634	  S	  0.4	  0.1	0.210	0.485	0.485
635	  T	  5.2	  0.1	0.000	0.677	0.677
636	  L	  5.2	  0.2	0.000	0.677	0.677
637	  S	  5.5	  0.1	0.000	0.421	0.421
638	  T	  9.6	  0.1	0.000	0.421	0.421
639	  V	  9.7	  0.0	0.000	0.421	0.421
640	  H	  9.4	  1.5	0.000	0.000	0.000
641	  P	  0.3	  3.0	0.000	0.000	0.000
642	  G	  0.0	  3.0	0.000	0.000	0.000
643	  N	  0.3	  3.0	0.000	0.000	0.000
644	  T	  2.0	  1.6	0.000	0.000	0.000
645	  T	  4.6	  0.1	0.000	0.000	0.000
646	  T	  4.8	  0.1	0.000	0.000	0.000
647	  S	  3.5	  0.1	0.000	0.118	0.118
648	  H	  2.9	  0.1	0.000	1.153	1.153
649	  V	  6.5	  0.1	0.000	32.157	32.157
650	  V	  9.5	  0.0	0.000	32.258	32.258
651	  S	  7.8	  0.0	0.000	32.258	32.258
652	  I	  4.8	  0.0	0.000	32.258	32.258
653	  Y	  1.8	  0.2	0.000	32.163	32.163
654	  Q	  1.6	  0.3	0.000	1.425	1.425
655	  G	  0.4	  0.8	0.000	0.099	0.099
656	  G	  0.0	  1.0	0.000	0.000	0.000
657	  S	  0.8	  1.6	0.000	0.007	0.007
658	  S	  0.9	  1.5	0.299	0.478	0.478
659	  S	  2.4	  1.0	0.299	4.240	4.240
660	  L	  5.0	  0.9	0.299	34.268	34.268
661	  T	  8.8	  0.0	0.299	39.483	39.483
662	  I	  8.6	  0.0	0.299	48.141	48.141
663	  Q	  7.2	  0.0	0.299	48.894	48.894
664	  F	  4.0	  0.1	0.000	67.021	67.021
665	  S	  3.1	  0.1	0.120	68.420	68.420
666	  T	  3.4	  0.1	0.120	79.573	79.573
667	  I	  7.7	  0.1	0.120	98.085	98.085
668	  I	  9.1	  0.1	0.120	99.690	99.690
669	  I	  7.1	  0.1	0.120	99.813	99.813
670	  G	  2.0	  0.1	0.120	99.672	99.672
671	  F	  1.6	  0.1	0.120	99.775	99.775
672	  I	  4.1	  0.0	0.000	99.522	99.522
673	  A	  4.3	  0.0	0.000	96.555	96.555
674	  L	  3.8	  0.0	0.000	94.036	94.036
675	  L	  1.2	  0.0	0.000	87.918	87.918
676	  L	  0.9	  0.0	0.000	0.017	0.017
