res	aa	Beta	Turn	Helix	Aggregation	Conc-Stab_Aggregation
01	  M	  1.0	  0.0	0.000	0.000	0.000
02	  K	  1.2	  0.0	0.000	0.000	0.000
03	  F	  1.7	  0.0	0.000	6.910	6.910
04	  L	  1.0	  0.0	0.000	7.459	7.459
05	  T	  1.4	  0.0	0.000	7.635	7.635
06	  T	  1.2	  0.0	0.000	7.926	7.926
07	  A	  1.0	  0.0	0.000	8.411	8.411
08	  A	  0.8	  0.0	0.000	8.772	8.772
09	  T	  3.3	  0.0	0.117	9.305	9.305
10	  L	  4.0	  0.0	0.117	10.569	10.569
11	  T	  3.8	  0.0	0.256	9.751	9.751
12	  A	  1.1	  0.1	0.256	9.539	9.539
13	  A	  0.8	  0.1	0.256	9.084	9.084
14	  S	  0.8	  0.1	0.256	8.700	8.700
15	  I	  1.8	  0.1	0.139	8.922	8.922
16	  L	  1.4	  0.9	0.139	7.963	7.963
17	  G	  1.2	  1.0	1.275	0.598	0.598
18	  S	  0.2	  1.0	2.268	0.222	0.222
19	  T	  0.6	  1.0	3.311	0.348	0.348
20	  A	  0.6	  0.1	3.524	0.526	0.526
21	  L	  0.6	  0.0	3.524	0.526	0.526
22	  A	  0.2	  0.0	3.524	0.406	0.406
23	  A	  0.4	  0.0	3.524	0.304	0.304
24	  A	  0.3	  0.0	3.077	0.178	0.178
25	  M	  0.3	  0.9	2.141	0.000	0.000
26	  P	  0.0	  0.9	0.000	0.000	0.000
27	  D	  0.2	  0.9	0.000	0.000	0.000
28	  L	  0.3	  1.3	0.000	0.000	0.000
29	  K	  0.4	  0.4	0.000	0.000	0.000
30	  D	  0.7	  0.4	0.133	0.000	0.000
31	  C	  1.0	  0.4	0.133	0.000	0.000
32	  T	  2.5	  0.1	0.133	0.000	0.000
33	  T	  2.7	  0.1	0.133	0.000	0.000
34	  T	  3.4	  0.4	0.133	0.000	0.000
35	  A	  1.7	  0.5	0.133	0.000	0.000
36	  Q	  1.1	  1.3	0.133	0.000	0.000
37	  G	  0.0	  1.3	0.000	0.000	0.000
38	  N	  0.1	  1.1	0.000	0.000	0.000
39	  H	  0.5	  1.1	0.000	0.000	0.000
40	  Q	  1.0	  0.2	0.000	0.000	0.000
41	  H	  1.3	  0.3	0.000	0.000	0.000
42	  K	  1.0	  0.3	0.000	0.175	0.175
43	  R	  0.8	  0.1	0.000	1.634	1.634
44	  A	  0.8	  0.1	0.000	1.634	1.634
45	  V	  7.3	  0.0	0.000	1.634	1.634
46	  A	  7.3	  0.0	0.000	1.634	1.634
47	  V	 10.1	  0.0	0.000	1.634	1.634
48	  E	  3.6	  0.0	0.000	1.634	1.634
49	  Y	  4.8	  0.0	0.000	1.634	1.634
50	  V	  4.3	  0.0	0.000	1.634	1.634
51	  Y	  4.5	  0.1	0.000	1.305	1.305
52	  E	  3.1	  0.1	0.000	0.175	0.175
53	  T	  3.4	  0.1	0.000	0.175	0.175
54	  V	 16.7	  0.1	0.000	0.175	0.175
55	  I	 17.4	  0.0	0.000	0.175	0.175
56	  V	 14.9	  0.1	0.000	0.175	0.175
57	  D	  1.1	  0.4	0.000	0.000	0.000
58	  D	  0.3	  1.4	0.000	0.000	0.000
59	  Q	  0.0	  1.5	0.000	0.000	0.000
60	  G	  0.1	  1.4	0.000	0.000	0.000
61	  H	  1.1	  1.1	0.000	0.000	0.000
62	  T	  2.8	  0.2	0.000	0.000	0.000
63	  L	  7.6	  0.1	0.000	0.000	0.000
64	  N	  6.6	  0.0	0.000	0.000	0.000
65	  V	  4.9	  0.0	0.000	0.000	0.000
66	  P	  0.0	  0.0	0.000	0.000	0.000
67	  P	  0.0	  0.0	0.000	0.000	0.000
68	  V	  1.8	  0.2	0.000	0.000	0.000
69	  K	  1.8	  0.3	0.000	0.000	0.000
70	  N	  1.8	  0.3	0.000	0.000	0.000
71	  D	  0.0	  0.3	0.000	0.000	0.000
72	  A	  0.2	  0.2	0.000	0.000	0.000
73	  A	  0.2	  0.0	0.000	0.000	0.000
74	  S	  0.2	  0.4	0.000	0.000	0.000
75	  P	  0.0	  0.4	0.000	0.000	0.000
76	  T	  1.1	  0.4	0.000	0.000	0.000
77	  Q	  1.1	  0.4	0.000	0.000	0.000
78	  A	  1.1	  0.2	0.000	0.000	0.000
79	  P	  0.0	  0.2	0.000	0.000	0.000
80	  K	  0.1	  0.3	0.000	0.000	0.000
81	  Q	  0.2	  0.3	0.000	0.000	0.000
82	  S	  0.6	  0.2	0.000	0.000	0.000
83	  T	  1.8	  0.1	0.000	0.000	0.000
84	  Q	  1.7	  0.1	0.000	0.000	0.000
85	  T	  1.3	  0.1	0.000	0.000	0.000
86	  P	  0.0	  0.1	0.000	0.000	0.000
87	  A	  0.1	  0.1	0.000	0.000	0.000
88	  A	  0.1	  0.1	0.000	0.000	0.000
89	  A	  0.1	  0.3	0.000	0.000	0.000
90	  P	  0.0	  0.4	0.000	0.000	0.000
91	  S	  2.0	  0.6	0.000	0.000	0.000
92	  T	  2.8	  0.7	0.000	0.000	0.000
93	  S	  3.0	  0.4	0.000	0.000	0.000
94	  T	  2.0	  0.3	0.000	0.000	0.000
95	  L	  1.2	  0.1	0.000	0.000	0.000
96	  A	  1.0	  0.0	0.000	0.000	0.000
97	  P	  0.0	  0.2	0.000	0.000	0.000
98	  A	  0.1	  0.3	0.000	0.000	0.000
99	  S	  1.1	  1.2	0.000	0.000	0.000
100	  S	  2.6	  1.2	0.000	0.000	0.000
101	  S	  2.5	  1.0	0.000	0.000	0.000
102	  S	  1.7	  0.9	0.000	0.000	0.000
103	  P	  0.1	  0.0	0.000	0.000	0.000
104	  S	  0.1	  0.2	0.880	0.000	0.000
105	  P	  0.0	  0.2	0.880	0.000	0.000
106	  A	  0.1	  0.2	0.880	0.000	0.000
107	  K	  0.1	  0.2	0.880	0.000	0.000
108	  K	  0.2	  0.6	0.880	0.000	0.000
109	  A	  0.1	  0.7	0.880	0.000	0.000
110	  D	  0.1	  0.8	0.596	0.000	0.000
111	  S	  0.8	  0.8	0.172	0.000	0.000
112	  T	  3.6	  0.3	0.000	0.000	0.000
113	  T	  4.3	  0.3	0.000	0.000	0.000
114	  S	  3.8	  0.2	0.000	0.000	0.000
115	  T	  1.9	  0.1	0.000	0.000	0.000
116	  L	  1.1	  0.1	0.000	0.000	0.000
117	  A	  1.0	  0.4	0.000	0.000	0.000
118	  P	  0.0	  0.6	0.000	0.000	0.000
119	  S	  0.9	  1.4	0.000	0.000	0.000
120	  S	  1.8	  2.3	0.000	0.000	0.000
121	  S	  3.4	  1.9	0.000	0.000	0.000
122	  S	  2.5	  1.7	0.000	0.000	0.000
123	  S	  1.7	  0.9	0.000	0.000	0.000
124	  P	  0.1	  0.0	0.000	0.000	0.000
125	  S	  0.1	  0.0	0.000	0.000	0.000
126	  P	  0.1	  0.0	0.000	0.000	0.000
127	  S	  0.1	  2.8	0.000	0.000	0.000
128	  P	  0.0	  3.0	0.000	0.000	0.000
129	  S	  0.9	  3.8	0.000	0.000	0.000
130	  S	  1.7	  4.5	0.000	0.000	0.000
131	  S	  2.5	  2.5	0.000	0.000	0.000
132	  S	  2.5	  3.1	0.000	0.000	0.000
133	  S	  2.4	  3.1	0.000	0.000	0.000
134	  S	  2.5	  3.1	0.000	0.000	0.000
135	  S	  2.5	  3.2	0.000	0.000	0.000
136	  S	  2.5	  3.1	0.000	0.000	0.000
137	  S	  1.8	  2.4	0.000	0.000	0.000
138	  S	  1.2	  1.7	0.000	0.000	0.000
139	  Q	  0.5	  1.0	0.000	0.000	0.000
140	  Q	  0.8	  0.2	0.000	0.000	0.000
141	  S	  0.6	  0.1	0.000	0.000	0.000
142	  K	  0.5	  0.4	0.000	0.000	0.000
143	  P	  0.1	  0.5	0.000	0.000	0.000
144	  S	  0.8	  1.1	0.000	0.000	0.000
145	  S	  1.1	  1.2	0.000	0.000	0.000
146	  S	  3.1	  1.1	0.000	0.000	0.000
147	  T	  3.5	  1.1	0.000	0.000	0.000
148	  S	  3.9	  1.1	0.000	0.000	0.000
149	  S	  2.6	  1.6	0.000	0.000	0.000
150	  S	  2.0	  2.2	0.000	0.000	0.000
151	  S	  1.6	  2.0	0.000	0.000	0.000
152	  S	 21.0	  1.9	0.000	0.000	0.000
153	  Y	 21.4	  1.4	0.000	0.000	0.000
154	  S	 21.2	  0.9	0.000	0.000	0.000
155	  G	  1.4	  1.0	0.000	0.000	0.000
156	  G	  0.1	  0.5	0.000	0.000	0.000
157	  I	  0.9	  0.4	0.000	0.000	0.000
158	  Y	  1.0	  6.9	0.000	0.000	0.000
159	  G	  0.9	  6.9	0.707	0.000	0.000
160	  D	  0.1	  6.9	1.219	0.000	0.000
161	  L	  0.1	  6.9	1.219	0.164	0.164
162	  A	  0.2	  0.0	1.219	0.164	0.164
163	  A	  0.6	  0.0	1.219	0.164	0.164
164	  F	  1.9	  0.0	1.219	0.164	0.164
165	  S	  1.8	  0.2	0.621	0.164	0.164
166	  G	  1.4	  0.7	0.200	0.000	0.000
167	  P	  0.0	  0.8	0.000	0.000	0.000
168	  S	  0.0	  0.9	0.000	0.000	0.000
169	  E	  0.2	  0.7	0.000	0.000	0.000
170	  K	  1.1	  0.2	0.000	0.000	0.000
171	  F	  2.4	  0.8	0.000	0.000	0.000
172	  Q	  2.2	  1.0	0.000	0.000	0.000
173	  D	  1.3	  1.0	0.000	0.000	0.000
174	  G	  0.1	  1.0	0.000	0.000	0.000
175	  V	  0.7	  0.3	0.000	0.000	0.000
176	  I	  0.7	  0.0	0.000	0.000	0.000
177	  P	  0.6	  0.0	0.000	0.000	0.000
178	  C	  1.9	  0.2	0.000	0.000	0.000
179	  S	  2.6	  0.2	0.000	0.000	0.000
180	  Q	  2.8	  0.2	0.000	0.000	0.000
181	  F	  0.9	  0.5	0.000	0.000	0.000
182	  P	  0.2	  1.0	0.000	0.000	0.000
183	  A	  0.0	  1.1	0.000	0.000	0.000
184	  G	  0.0	  1.4	0.000	0.000	0.000
185	  Q	  0.0	  1.1	0.000	0.000	0.000
186	  G	  0.1	  0.4	0.000	0.000	0.000
187	  V	  0.7	  0.3	0.000	0.000	0.000
188	  I	  0.7	  0.0	0.000	0.000	0.000
189	  P	  0.6	  0.0	0.000	0.000	0.000
190	  I	  3.5	  0.0	0.000	0.000	0.000
191	  S	  3.8	  0.0	0.000	0.000	0.000
192	  W	  3.9	  0.0	0.000	0.000	0.000
193	  L	  0.4	  0.2	0.000	0.000	0.000
194	  G	  0.1	  1.4	0.000	0.000	0.000
195	  E	  0.0	  2.7	0.000	0.000	0.000
196	  N	  0.0	  2.7	0.000	0.000	0.000
197	  G	  0.1	  2.7	0.000	0.000	0.000
198	  W	  0.3	  1.9	0.000	0.000	0.000
199	  S	  0.3	  0.6	0.000	0.000	0.000
200	  G	  0.3	  0.6	0.000	0.000	0.000
201	  V	  1.1	  0.6	0.000	0.000	0.000
202	  E	  1.1	  0.2	0.000	0.000	0.000
203	  N	  1.1	  2.2	0.000	0.000	0.000
204	  S	  0.1	  2.3	0.000	0.000	0.000
205	  D	  0.2	  2.5	0.000	0.000	0.000
206	  T	  0.9	  2.7	0.000	0.000	0.000
207	  S	  1.0	  0.8	0.000	0.000	0.000
208	  T	  0.9	  0.9	0.000	0.000	0.000
209	  G	  0.1	  1.2	0.000	0.000	0.000
210	  G	  0.0	  0.9	0.000	0.000	0.000
211	  D	  0.2	  0.8	0.118	0.000	0.000
212	  C	  0.5	  1.0	0.118	0.000	0.000
213	  K	  0.5	  0.9	0.118	0.000	0.000
214	  E	  0.3	  2.0	0.118	0.000	0.000
215	  G	  0.1	  2.0	0.118	0.000	0.000
216	  S	  2.8	  1.6	0.118	0.000	0.000
217	  Y	  5.0	  1.2	0.000	0.000	0.000
218	  C	  6.2	  0.0	0.000	0.000	0.000
219	  S	  4.0	  0.0	0.000	0.000	0.000
220	  Y	  3.2	  0.0	0.000	0.000	0.000
221	  A	  2.1	  0.0	0.000	0.000	0.000
222	  C	  1.8	  0.0	0.000	0.000	0.000
223	  Q	  0.5	  1.3	0.000	0.000	0.000
224	  P	  0.2	  1.3	0.000	0.000	0.000
225	  G	  0.0	  1.3	0.000	0.000	0.000
226	  M	  0.3	  1.3	0.000	0.000	0.000
227	  S	  0.9	  0.1	0.000	0.000	0.000
228	  K	  1.2	  0.1	0.000	0.000	0.000
229	  T	  4.5	  0.1	0.000	0.000	0.000
230	  Q	  4.0	  0.1	0.000	0.000	0.000
231	  W	  3.7	  0.4	0.000	0.000	0.000
232	  P	  0.2	  0.5	0.000	0.000	0.000
233	  S	  0.3	  0.5	0.000	0.000	0.000
234	  S	  0.4	  0.5	0.000	0.000	0.000
235	  Q	  0.4	  0.1	0.000	0.000	0.000
236	  P	  0.1	  1.5	0.000	0.000	0.000
237	  A	  0.0	  2.0	0.000	0.000	0.000
238	  D	  0.0	  2.2	0.000	0.000	0.000
239	  G	  0.0	  2.3	0.000	0.000	0.000
240	  R	  0.7	  0.9	0.000	0.000	0.000
241	  S	  0.9	  0.5	0.171	0.000	0.000
242	  I	  1.0	  1.0	0.171	0.000	0.000
243	  G	  0.3	  0.9	0.171	0.000	0.000
244	  G	  0.1	  0.9	0.291	0.000	0.000
245	  L	  1.1	  0.8	0.291	0.000	0.000
246	  L	  1.2	  0.0	0.291	0.000	0.000
247	  C	  1.4	  1.5	0.291	0.000	0.000
248	  K	  0.3	  6.3	0.291	0.000	0.000
249	  N	  0.2	  6.3	0.120	0.000	0.000
250	  G	  0.0	  6.3	0.000	0.000	0.000
251	  Y	  0.7	  4.8	0.000	0.000	0.000
252	  L	  0.8	  0.0	0.000	0.000	0.000
253	  Y	  2.6	  0.1	0.000	0.000	0.000
254	  R	  2.1	  0.3	0.000	0.000	0.000
255	  S	  2.0	  0.3	0.000	0.000	0.000
256	  N	  0.4	  1.0	0.000	0.000	0.000
257	  T	  0.3	  0.9	0.000	0.000	0.000
258	  N	  0.3	  2.6	0.151	0.000	0.000
259	  A	  0.1	  2.5	0.151	0.000	0.000
260	  D	  0.1	  1.9	0.498	0.000	0.000
261	  Y	  2.0	  1.8	0.498	0.000	0.000
262	  L	  2.0	  0.0	0.498	0.000	0.000
263	  C	  3.1	  0.3	0.498	0.000	0.000
264	  E	  1.3	  0.3	0.498	0.000	0.000
265	  W	  1.2	  0.3	0.498	0.000	0.000
266	  G	  0.2	  0.4	0.498	0.000	0.000
267	  V	  1.7	  0.1	0.000	0.000	0.000
268	  N	  1.6	  0.1	1.362	0.000	0.000
269	  S	  1.9	  0.1	1.965	0.000	0.000
270	  A	  0.6	  0.1	1.965	0.000	0.000
271	  E	  2.6	  0.1	1.965	0.000	0.000
272	  V	  3.7	  0.1	1.965	0.000	0.000
273	  E	  3.9	  0.1	1.965	0.000	0.000
274	  S	  2.0	  0.2	1.735	0.000	0.000
275	  K	  1.0	  0.2	1.594	0.000	0.000
276	  L	  0.8	  0.3	0.884	0.000	0.000
277	  S	  0.6	  0.6	0.911	0.000	0.000
278	  Q	  0.2	  0.5	0.549	0.000	0.000
279	  G	  0.2	  0.5	0.162	0.000	0.000
280	  V	  3.5	  0.3	0.162	0.000	0.000
281	  A	  3.6	  0.0	0.162	0.000	0.000
282	  I	  4.2	  0.0	0.162	0.000	0.000
283	  C	  1.2	  0.1	0.162	0.000	0.000
284	  R	  1.4	  0.3	0.000	0.000	0.000
285	  T	  1.2	  0.3	0.000	0.000	0.000
286	  D	  1.0	  0.3	0.000	0.000	0.000
287	  Y	  0.7	  1.1	0.000	0.000	0.000
288	  P	  0.0	  1.0	0.000	0.000	0.000
289	  G	  0.0	  1.1	0.000	0.000	0.000
290	  T	  0.0	  1.3	0.000	0.000	0.000
291	  E	  0.1	  0.4	0.000	0.000	0.000
292	  N	  0.4	  0.3	0.000	0.000	0.000
293	  M	  5.0	  0.3	0.000	0.000	0.000
294	  V	  5.5	  0.0	0.000	0.000	0.000
295	  I	  5.3	  0.3	0.000	0.000	0.000
296	  P	  0.6	  0.3	0.000	0.000	0.000
297	  T	  4.9	  0.3	0.000	0.209	0.209
298	  F	  6.2	  0.3	0.000	0.209	0.209
299	  V	  7.3	  0.0	0.000	0.209	0.209
300	  Q	  2.5	  0.3	0.000	0.209	0.209
301	  A	  1.1	  0.6	0.000	0.209	0.209
302	  G	  0.0	  0.8	0.000	0.000	0.000
303	  A	  0.9	  0.7	0.000	0.000	0.000
304	  T	  1.1	  0.5	0.000	0.000	0.000
305	  L	  1.1	  0.1	0.000	0.000	0.000
306	  P	  0.2	  0.0	0.000	0.389	0.389
307	  L	  3.2	  0.0	0.000	0.921	0.921
308	  T	  8.4	  0.0	0.000	0.921	0.921
309	  V	 12.6	  0.0	0.000	0.921	0.921
310	  V	 10.8	  0.0	0.000	0.921	0.921
311	  N	  5.7	  1.2	0.782	0.533	0.533
312	  Q	  1.6	  1.2	0.782	0.000	0.000
313	  D	  1.6	  1.2	0.782	0.000	0.000
314	  T	  7.5	  1.2	0.782	0.159	0.159
315	  Y	  9.2	  0.0	0.782	0.159	0.159
316	  Y	 12.1	  0.0	0.782	0.159	0.159
317	  Q	  8.6	  0.0	0.478	0.159	0.159
318	  W	  6.7	  0.6	0.381	0.159	0.159
319	  Q	  2.5	  0.6	0.381	0.000	0.000
320	  G	  0.1	  0.6	0.547	0.000	0.000
321	  M	  0.2	  0.7	0.360	0.000	0.000
322	  K	  0.4	  0.1	0.261	0.000	0.000
323	  T	  0.7	  0.1	0.261	0.000	0.000
324	  S	  0.8	  0.3	0.261	0.000	0.000
325	  A	  0.9	  0.2	0.261	0.333	0.333
326	  Q	  3.5	  0.2	0.149	0.333	0.333
327	  Y	  4.7	  0.2	0.000	0.333	0.333
328	  Y	  6.0	  0.1	0.000	0.333	0.333
329	  V	  3.6	  0.1	0.000	0.333	0.333
330	  N	  2.2	  0.1	0.000	0.000	0.000
331	  N	  0.6	  0.3	0.000	0.000	0.000
332	  A	  0.1	  0.4	0.000	0.000	0.000
333	  G	  0.1	  0.3	0.000	0.000	0.000
334	  I	  4.7	  0.3	0.000	0.000	0.000
335	  S	  8.3	  0.1	0.000	0.000	0.000
336	  V	  9.0	  0.5	0.000	0.000	0.000
337	  E	  4.7	  0.7	0.000	0.000	0.000
338	  D	  0.8	  0.8	0.000	0.000	0.000
339	  G	  0.0	  0.8	0.000	0.000	0.000
340	  C	  0.6	  0.3	0.000	0.000	0.000
341	  V	  1.3	  0.0	0.000	0.000	0.000
342	  W	  1.3	  0.6	0.000	0.000	0.000
343	  G	  0.7	  0.6	0.000	0.000	0.000
344	  N	  0.0	  1.8	0.000	0.000	0.000
345	  A	  0.0	  2.6	0.000	0.000	0.000
346	  G	  0.0	  2.2	0.000	0.000	0.000
347	  S	  0.0	  2.4	0.000	0.000	0.000
348	  G	  0.0	  1.2	0.000	0.000	0.000
349	  L	  0.0	  0.4	0.000	0.000	0.000
350	  G	  0.0	  0.2	0.000	0.000	0.000
351	  N	  0.2	  0.1	0.000	0.000	0.000
352	  W	  0.3	  0.1	0.000	0.000	0.000
353	  A	  0.3	  0.2	0.000	0.000	0.000
354	  P	  0.1	  0.3	0.000	0.000	0.000
355	  L	  1.8	  0.3	0.000	0.000	0.000
356	  N	  1.8	  0.7	0.000	0.000	0.000
357	  F	  2.0	  1.4	0.000	0.000	0.000
358	  G	  0.2	  1.7	0.000	0.000	0.000
359	  A	  0.2	  1.7	0.000	0.000	0.000
360	  G	  0.2	  1.3	0.000	0.000	0.000
361	  Y	  1.9	  0.6	0.000	0.000	0.000
362	  T	  1.8	  0.9	0.000	0.000	0.000
363	  N	  1.7	  1.0	0.000	0.000	0.000
364	  G	  0.3	  1.0	0.000	1.241	1.241
365	  I	 15.3	  0.8	0.000	8.746	8.746
366	  T	 18.1	  0.1	0.000	9.248	9.248
367	  Y	 18.6	  0.1	0.000	9.248	9.248
368	  L	  5.2	  0.1	0.000	9.248	9.248
369	  S	  2.7	  0.1	0.000	8.527	8.527
370	  L	  1.9	  0.1	0.000	7.524	7.524
371	  I	  0.5	  0.0	0.000	0.726	0.726
372	  P	  0.1	  0.0	0.000	0.342	0.342
373	  N	  0.0	  9.5	0.000	0.000	0.000
374	  P	  0.0	  9.5	0.000	0.000	0.000
375	  N	  0.0	  9.6	0.000	0.000	0.000
376	  N	  0.0	  9.6	0.000	0.000	0.000
377	  K	  0.1	  0.1	0.000	0.000	0.000
378	  A	  0.1	  0.2	0.000	0.000	0.000
379	  P	  0.0	  0.3	0.000	0.000	0.000
380	  L	  1.6	  0.3	0.000	0.000	0.000
381	  N	  2.3	  0.5	0.000	0.000	0.000
382	  Y	  7.0	  0.3	0.000	0.000	0.000
383	  N	  7.5	  0.2	0.090	0.000	0.000
384	  V	 13.2	  0.2	0.090	0.000	0.000
385	  K	  9.9	  0.0	0.090	0.000	0.000
386	  I	 11.7	  0.0	0.090	0.000	0.000
387	  V	  6.4	  0.0	0.090	0.000	0.000
388	  A	  5.0	  0.4	0.090	0.000	0.000
389	  A	  1.1	  0.6	0.090	0.000	0.000
390	  D	  0.0	  1.5	0.000	0.000	0.000
391	  D	  0.1	  2.1	0.000	0.000	0.000
392	  S	  0.2	  1.7	0.000	0.000	0.000
393	  S	  1.0	  1.6	0.000	0.000	0.000
394	  V	  5.4	  0.7	0.000	0.000	0.000
395	  V	  5.6	  3.2	0.000	0.000	0.000
396	  N	  4.7	  3.2	0.000	0.000	0.000
397	  G	  0.3	  3.3	0.000	0.000	0.000
398	  E	  0.5	  3.2	0.000	0.000	0.000
399	  C	  1.7	  0.1	0.000	0.000	0.000
400	  S	  7.9	  0.1	0.000	0.000	0.000
401	  Y	  8.3	  0.7	0.000	0.000	0.000
402	  E	  7.1	  4.3	0.000	0.000	0.000
403	  N	  0.8	  4.3	0.000	0.000	0.000
404	  G	  0.0	  4.3	0.000	0.000	0.000
405	  V	  4.3	  3.6	0.000	0.000	0.000
406	  Y	  5.5	  0.2	0.000	0.000	0.000
407	  S	  5.5	  0.4	0.000	0.000	0.000
408	  G	  1.3	  0.6	0.000	0.000	0.000
409	  G	  0.0	  2.0	0.000	0.000	0.000
410	  A	  0.0	  2.2	0.000	0.000	0.000
411	  D	  0.0	  2.6	0.100	0.000	0.000
412	  G	  0.1	  2.5	0.100	0.187	0.187
413	  C	  4.7	  1.0	0.194	2.263	2.263
414	  T	  8.3	  0.6	0.450	2.263	2.263
415	  V	 14.5	  0.0	0.450	2.263	2.263
416	  A	 10.4	  0.0	0.450	2.263	2.263
417	  V	  8.7	  0.1	0.450	2.263	2.263
418	  R	  2.5	  0.4	0.450	0.000	0.000
419	  S	  1.9	  0.6	0.256	0.000	0.000
420	  G	  0.2	  0.6	0.102	0.000	0.000
421	  K	  0.3	  0.5	0.000	0.000	0.000
422	  A	  0.5	  0.2	0.000	0.000	0.000
423	  K	  0.9	  0.0	0.000	0.000	0.000
424	  F	  2.3	  0.0	0.000	0.000	0.000
425	  V	  4.4	  0.0	0.000	0.000	0.000
426	  L	  3.9	  0.0	0.000	0.000	0.000
427	  Y	  2.3	  0.0	0.000	0.000	0.000
