res	aa	Beta	Turn	Helix	Aggregation	Conc-Stab_Aggregation
01	  M	  0.7	  0.0	0.000	0.031	0.031
02	  F	  0.9	  0.5	0.000	6.259	6.259
03	  S	  1.0	  0.5	0.000	6.455	6.455
04	  N	  3.3	  0.5	0.000	9.281	9.281
05	  V	  8.4	  0.5	0.000	79.229	79.229
06	  I	 12.4	  0.1	0.000	85.005	85.005
07	  N	 10.4	  0.1	0.099	85.508	85.508
08	  F	  7.9	  0.1	0.099	97.941	97.941
09	  C	  4.5	  0.0	0.099	98.901	98.901
10	  F	  4.2	  0.0	0.099	99.895	99.895
11	  W	  1.6	  0.0	0.099	99.971	99.971
12	  L	  2.9	  0.0	0.099	99.984	99.984
13	  T	  3.3	  0.0	0.099	99.949	99.949
14	  L	  3.8	  0.0	0.099	99.931	99.931
15	  F	  2.1	  0.0	0.099	99.798	99.798
16	  L	  4.5	  0.0	0.099	98.067	98.067
17	  T	  4.4	  0.0	0.358	88.103	88.103
18	  V	  4.0	  0.1	0.358	82.101	82.101
19	  G	  0.7	  0.2	0.358	9.424	9.424
20	  T	  1.4	  0.2	0.259	2.880	2.880
21	  A	  1.4	  0.2	0.259	1.320	1.320
22	  K	  1.3	  0.0	0.259	0.000	0.000
23	  N	  0.1	  0.0	0.259	0.000	0.000
24	  P	  0.0	  0.1	0.000	0.000	0.000
25	  V	  3.1	  0.1	0.000	0.000	0.000
26	  D	  3.2	  0.1	0.000	0.000	0.000
27	  F	  3.2	  2.1	0.000	0.000	0.000
28	  P	  0.1	  2.1	0.000	0.000	0.000
29	  N	  0.2	  2.1	0.000	0.000	0.000
30	  L	  0.4	  2.1	0.000	0.000	0.000
31	  C	  2.0	  0.0	0.000	0.000	0.000
32	  Q	  1.9	  0.0	0.000	0.000	0.000
33	  Y	  1.8	  1.8	0.000	0.000	0.000
34	  P	  0.2	  1.8	0.000	0.000	0.000
35	  N	  0.2	  5.3	0.000	0.000	0.000
36	  L	  0.3	  5.5	0.000	0.000	0.000
37	  D	  0.3	  3.7	0.210	0.000	0.000
38	  G	  0.1	  3.7	0.438	0.000	0.000
39	  A	  0.4	  0.3	0.438	0.000	0.000
40	  V	  0.9	  0.5	0.438	0.000	0.000
41	  A	  1.0	  0.4	0.438	0.000	0.000
42	  G	  0.7	  0.5	0.438	0.000	0.000
43	  F	  0.7	  0.5	0.438	0.000	0.000
44	  D	  0.8	  0.1	0.000	0.000	0.000
45	  T	  0.8	  0.1	0.000	0.000	0.000
46	  E	  0.7	  0.1	0.000	0.000	0.000
47	  I	  0.9	  0.1	0.000	0.000	0.000
48	  Y	  2.0	  0.0	0.000	0.000	0.000
49	  N	  1.5	  0.0	0.000	0.000	0.000
50	  A	  1.2	  0.0	0.000	0.000	0.000
51	  D	  0.0	  2.0	0.189	0.000	0.000
52	  P	  0.0	  2.0	0.189	0.000	0.000
53	  S	  0.3	  2.0	0.321	1.586	1.586
54	  I	  2.2	  2.0	0.321	32.226	32.226
55	  L	  2.7	  0.1	0.321	33.422	33.422
56	  I	  6.8	  0.1	0.321	33.599	33.599
57	  N	  5.8	  0.1	0.321	33.599	33.599
58	  F	  8.2	  0.1	0.131	33.599	33.599
59	  S	  4.4	  0.0	0.104	16.476	16.476
60	  L	  3.4	  0.0	0.104	14.156	14.156
61	  W	  0.5	  0.0	0.231	0.623	0.623
62	  P	  0.1	  0.0	0.231	0.304	0.304
63	  I	  1.5	  0.0	0.231	0.000	0.000
64	  L	  4.1	  0.0	0.231	0.000	0.000
65	  Q	  4.2	  0.0	0.231	0.000	0.000
66	  F	  2.8	  0.2	0.231	0.000	0.000
67	  P	  0.2	  0.2	0.000	0.000	0.000
68	  K	  0.1	  0.2	0.000	0.000	0.000
69	  E	  2.6	  0.2	0.000	0.000	0.000
70	  W	  3.3	  0.0	0.000	0.000	0.000
71	  H	  3.5	  0.1	0.000	0.000	0.000
72	  K	  1.8	  0.1	0.000	0.000	0.000
73	  T	  1.5	  0.3	0.000	0.000	0.000
74	  I	  1.2	  0.5	0.000	0.000	0.000
75	  G	  0.5	  0.4	0.000	0.000	0.000
76	  R	  0.4	  0.4	0.000	0.000	0.000
77	  A	  0.7	  0.3	0.000	0.000	0.000
78	  I	  4.3	  0.0	0.000	0.000	0.000
79	  T	  6.3	  0.0	0.000	0.000	0.000
80	  T	  6.6	  0.1	0.000	0.000	0.000
81	  Q	  3.1	  0.1	0.000	0.000	0.000
82	  T	  1.3	  0.1	0.000	0.000	0.000
83	  N	  1.3	  0.1	0.000	0.000	0.000
84	  F	  4.0	  0.1	0.000	0.000	0.000
85	  K	  3.6	  0.0	0.000	0.000	0.000
86	  L	  2.9	  0.0	0.000	0.000	0.000
87	  P	  0.1	  0.3	0.000	0.000	0.000
88	  A	  0.0	  0.5	0.000	0.000	0.000
89	  S	  0.0	  0.5	0.522	0.000	0.000
90	  D	  0.2	  0.6	0.522	0.000	0.000
91	  T	  1.0	  0.3	0.522	0.755	0.755
92	  T	  2.0	  0.1	0.522	2.165	2.165
93	  L	  2.0	  0.0	0.522	2.785	2.785
94	  F	  1.3	  0.1	0.522	2.785	2.785
95	  G	  0.3	  0.0	0.257	2.785	2.785
96	  V	  6.2	  0.0	0.000	2.785	2.785
97	  S	  6.1	  0.0	0.000	0.776	0.776
98	  I	  6.1	  0.1	0.000	0.000	0.000
99	  P	  0.1	  0.1	0.000	0.000	0.000
100	  T	  0.6	  0.3	0.000	0.000	0.000
101	  Q	  0.8	  0.3	0.000	0.000	0.000
102	  N	  0.9	  0.2	0.173	0.000	0.000
103	  I	  2.4	  0.1	0.173	1.621	1.621
104	  L	  2.3	  0.0	0.173	1.621	1.621
105	  I	  4.9	  0.0	0.173	1.621	1.621
106	  E	  3.5	  0.0	0.173	1.621	1.621
107	  F	  4.6	  0.2	0.173	1.621	1.621
108	  R	  2.0	  0.2	0.000	1.621	1.621
109	  G	  1.4	  0.2	0.000	1.308	1.308
110	  Y	  2.0	  0.2	0.000	1.308	1.308
111	  F	  1.9	  0.0	0.000	1.308	1.308
112	  I	  1.8	  0.0	0.000	0.000	0.000
113	  P	  0.0	  0.2	0.000	0.000	0.000
114	  P	  0.0	  0.5	0.000	0.000	0.000
115	  K	  0.1	  0.6	0.000	0.000	0.000
116	  S	  0.1	  1.0	0.000	0.823	0.823
117	  G	  0.2	  0.8	0.085	7.602	7.602
118	  T	 18.5	  0.5	0.171	26.302	26.302
119	  Y	 28.6	  0.4	0.171	57.019	57.019
120	  T	 31.1	  0.0	0.296	65.103	65.103
121	  F	 15.0	  0.0	0.296	75.204	75.204
122	  A	  3.3	  0.0	0.296	75.364	75.364
123	  L	  1.2	  0.0	0.296	75.155	75.155
124	  Y	  1.1	  0.0	0.296	71.898	71.898
125	  L	  1.2	  0.1	0.125	58.337	58.337
126	  T	  0.7	  0.8	0.000	11.939	11.939
127	  D	  0.3	  1.8	0.116	0.000	0.000
128	  D	  0.0	  2.2	0.116	0.000	0.000
129	  G	  0.1	  2.1	0.116	0.000	0.000
130	  S	  0.2	  1.4	0.116	0.247	0.247
131	  A	  0.4	  0.3	0.116	0.425	0.425
132	  M	  1.2	  0.0	0.116	0.425	0.425
133	  F	  1.4	  0.0	0.116	0.425	0.425
134	  L	  1.2	  1.1	0.000	0.425	0.425
135	  G	  0.4	  1.2	0.570	0.178	0.178
136	  N	  0.0	  1.2	0.570	0.000	0.000
137	  D	  0.0	  1.2	0.570	0.000	0.000
138	  A	  0.2	  0.2	0.570	0.000	0.000
139	  A	  0.2	  0.0	0.570	0.000	0.000
140	  F	  0.2	  0.4	0.570	0.000	0.000
141	  P	  0.1	  0.4	0.000	0.000	0.000
142	  C	  0.1	  0.7	0.000	0.000	0.000
143	  G	  0.1	  0.7	0.000	0.000	0.000
144	  N	  2.2	  0.3	0.000	0.000	0.000
145	  I	  4.3	  0.3	0.000	0.000	0.000
146	  T	  5.4	  0.0	0.000	0.000	0.000
147	  S	 18.0	  0.3	0.000	0.000	0.000
148	  W	 16.2	  0.3	0.000	0.000	0.000
149	  S	 15.1	  0.3	0.000	0.000	0.000
150	  N	  0.3	  0.9	0.000	0.000	0.000
151	  P	  0.0	  0.7	0.000	0.000	0.000
152	  T	  0.1	  0.8	0.000	0.000	0.000
153	  N	  0.1	  0.8	0.000	0.000	0.000
154	  D	  0.2	  0.2	0.000	0.000	0.000
155	  Q	  0.5	  0.1	0.000	0.000	0.000
156	  V	  9.8	  0.0	0.000	0.000	0.000
157	  S	 19.2	  0.2	0.000	0.000	0.000
158	  V	 19.0	  0.5	0.000	0.000	0.000
159	  S	 11.2	  0.5	0.000	0.000	0.000
160	  D	  0.8	  0.5	0.000	0.000	0.000
161	  Y	  0.8	  0.3	0.000	0.000	0.000
162	  D	  0.8	  0.6	0.890	0.000	0.000
163	  P	  0.2	  0.7	0.890	0.000	0.000
164	  K	  0.1	  0.7	0.890	0.000	0.000
165	  K	  0.3	  0.7	0.890	0.000	0.000
166	  K	  0.4	  0.2	0.890	0.000	0.000
167	  T	  2.9	  0.1	0.890	9.811	9.811
168	  L	  6.0	  0.1	0.890	47.849	47.849
169	  T	 11.1	  0.0	0.626	62.941	62.941
170	  V	 11.9	  0.0	0.626	81.109	81.109
171	  Y	  9.7	  0.0	0.626	82.114	82.114
172	  M	  5.4	  0.0	0.256	82.213	82.213
173	  V	  2.5	  0.1	0.256	81.270	81.270
174	  A	  1.5	  0.1	0.256	64.484	64.484
175	  G	  0.8	  0.1	0.256	44.414	44.414
176	  V	  3.0	  0.1	0.000	42.563	42.563
177	  A	  3.0	  0.0	0.000	19.867	19.867
178	  Y	  2.8	  0.1	0.000	0.539	0.539
179	  P	  0.0	  0.1	0.270	0.127	0.127
180	  L	  3.9	  0.1	0.270	0.000	0.000
181	  R	  5.6	  0.1	0.270	0.000	0.000
182	  I	  7.3	  0.0	0.270	0.303	0.303
183	  A	  3.6	  0.0	0.270	0.303	0.303
184	  Y	  3.8	  0.1	0.270	0.303	0.303
185	  Y	  2.5	  0.1	0.168	0.303	0.303
186	  N	  2.3	  0.2	0.109	0.303	0.303
187	  R	  0.5	  0.3	0.109	0.000	0.000
188	  E	  0.1	  0.5	0.109	0.000	0.000
189	  K	  0.0	  0.9	0.109	0.000	0.000
190	  G	  0.0	  1.2	0.109	0.000	0.000
191	  G	  0.0	  1.0	0.376	0.000	0.000
192	  S	  1.6	  0.9	0.267	0.131	0.131
193	  L	  2.3	  0.4	0.267	1.260	1.260
194	  T	  4.9	  0.2	0.267	1.442	1.442
195	  A	  3.8	  0.1	0.267	1.442	1.442
196	  S	  3.7	  0.1	0.267	1.442	1.442
197	  F	  2.9	  0.1	0.000	1.442	1.442
198	  V	  2.6	  0.0	0.000	1.355	1.355
199	  D	  1.9	 28.7	0.000	0.000	0.000
200	  P	  0.2	 28.8	0.000	0.000	0.000
201	  D	  0.0	 28.8	0.000	0.000	0.000
202	  G	  0.0	 28.8	0.000	0.000	0.000
203	  L	  0.8	  0.2	0.000	0.000	0.000
204	  T	  2.2	  0.1	0.000	0.000	0.000
205	  H	  2.1	  0.7	0.000	0.000	0.000
206	  S	  1.3	  0.7	0.000	0.000	0.000
207	  D	  0.3	  3.4	0.000	0.000	0.000
208	  W	  0.4	  5.3	0.000	0.144	0.144
209	  N	  0.4	  4.6	0.000	0.144	0.144
210	  G	  0.1	  4.6	0.000	1.329	1.329
211	  Y	  0.5	  1.9	0.000	2.308	2.308
212	  I	  1.5	  0.0	0.000	2.308	2.308
213	  W	  6.5	  0.0	0.000	2.308	2.308
214	  T	  6.2	  0.0	0.000	2.164	2.164
215	  L	  5.3	  0.5	0.000	0.979	0.979
216	  P	  0.2	  0.6	0.000	0.501	0.501
217	  S	  6.5	  1.2	0.000	0.000	0.000
218	  C	  6.6	  1.7	0.000	0.000	0.000
219	  D	  6.6	  1.2	0.000	0.000	0.000
220	  N	  0.5	  1.2	0.000	0.000	0.000
221	  C	  0.6	  0.5	0.000	0.000	0.000
222	  K	  1.8	  0.0	0.000	0.000	0.000
223	  Y	  1.5	  0.0	0.000	0.000	0.000
224	  S	  1.3	  0.0	0.000	0.000	0.000
225	  P	  0.0	  0.0	0.000	0.000	0.000
226	  P	  0.0	  0.0	0.000	0.000	0.000
227	  P	  0.0	  0.0	0.000	0.000	0.000
228	  M	  0.1	  0.1	0.000	0.000	0.000
229	  E	  0.2	  0.1	0.000	0.000	0.000
230	  T	  1.9	  0.1	0.000	0.000	0.000
231	  T	  3.5	  0.1	0.000	0.000	0.000
232	  T	  6.2	  0.1	0.000	0.164	0.164
233	  T	  5.8	  0.2	0.000	0.438	0.438
234	  S	  4.2	  0.2	0.000	0.891	0.891
235	  S	  1.6	  0.2	0.175	4.515	4.515
236	  A	  0.6	  0.2	0.175	4.847	4.847
237	  Y	  2.1	  0.0	0.175	5.239	5.239
238	  V	  3.2	  0.0	0.175	5.290	5.290
239	  L	  3.0	  0.0	0.175	5.290	5.290
240	  E	  1.8	  0.1	0.175	0.775	0.775
241	  K	  1.3	  0.1	0.175	0.775	0.775
242	  T	  3.9	  0.1	0.000	3.362	3.362
243	  T	  4.3	  0.1	0.000	5.334	5.334
244	  S	  3.9	  0.1	0.000	8.096	8.096
245	  T	  3.7	  0.1	0.000	30.385	30.385
246	  I	  3.9	  0.1	0.000	62.625	62.625
247	  F	  6.6	  0.0	0.000	63.920	63.920
248	  S	  4.5	  0.0	0.000	63.639	63.639
249	  I	  4.8	  0.0	0.000	63.890	63.890
250	  Y	  3.0	  0.2	0.000	60.157	60.157
251	  T	  2.8	  0.2	0.000	29.889	29.889
252	  G	  1.5	  0.4	0.000	10.841	10.841
253	  V	  0.3	  1.0	0.000	10.121	10.121
254	  D	  0.3	  0.8	0.000	0.000	0.000
255	  G	  0.2	  0.8	0.000	0.000	0.000
256	  E	  0.0	  0.5	0.000	0.000	0.000
257	  P	  0.0	  0.0	0.000	0.000	0.000
258	  T	  0.0	  0.2	0.000	0.000	0.000
259	  P	  0.0	  0.2	0.000	0.000	0.000
260	  H	  0.9	  0.2	0.000	0.000	0.000
261	  T	  1.7	  0.2	0.000	0.000	0.000
262	  L	  2.1	  0.0	0.000	0.000	0.000
263	  V	 13.7	  0.0	0.000	0.000	0.000
264	  K	 14.6	  0.0	0.000	0.000	0.000
265	  V	 31.2	  0.0	0.000	0.000	0.000
266	  I	 19.6	  0.0	0.000	0.000	0.000
267	  V	 17.5	  0.0	0.000	0.000	0.000
268	  P	  0.4	  0.0	0.000	0.000	0.000
269	  T	  8.8	  0.0	0.000	0.000	0.000
270	  V	  9.4	  0.0	0.000	0.000	0.000
271	  T	  9.5	  0.0	0.000	0.000	0.000
272	  E	  0.8	  0.0	0.000	0.000	0.000
273	  Y	  1.6	  0.0	0.000	0.791	0.791
274	  I	 15.0	  0.0	0.000	0.791	0.791
275	  V	 15.5	  0.0	0.000	0.791	0.791
276	  V	 14.1	  0.0	0.000	0.791	0.791
277	  P	  0.5	  0.0	0.000	0.791	0.791
278	  S	  0.0	  0.2	0.000	0.000	0.000
279	  P	  0.0	  0.3	0.000	0.000	0.000
280	  T	  1.0	  0.3	0.000	0.000	0.000
281	  T	 12.2	  0.3	0.000	0.000	0.000
282	  I	 15.3	  0.0	0.000	0.000	0.000
283	  T	 15.8	  0.0	0.000	0.000	0.000
284	  T	  6.9	  0.0	0.000	0.000	0.000
285	  T	  4.1	  0.2	0.000	0.000	0.000
286	  K	  2.9	  0.2	0.000	0.000	0.000
287	  N	  1.9	  1.8	0.000	0.000	0.000
288	  V	  1.6	  2.7	0.000	0.000	0.000
289	  D	  1.4	  2.6	0.000	0.000	0.000
290	  G	  0.2	  2.6	0.000	0.000	0.000
291	  Q	  0.3	  1.1	0.000	0.000	0.000
292	  Q	  1.1	  0.1	0.000	0.000	0.000
293	  L	  1.2	  0.1	0.000	0.000	0.000
294	  V	  2.1	  0.1	0.000	0.000	0.000
295	  E	  1.4	  0.1	0.000	0.000	0.000
296	  Q	  1.5	  0.1	0.000	0.000	0.000
297	  D	  2.1	  0.1	0.111	0.000	0.000
298	  V	  6.0	  0.1	0.111	48.981	48.981
299	  I	  9.6	  0.0	0.111	49.769	49.769
300	  S	  8.9	  0.0	0.111	49.769	49.769
301	  F	  7.0	  0.0	0.111	50.008	50.008
302	  F	  3.8	  0.1	0.111	50.008	50.008
303	  S	  3.4	  0.1	0.000	11.215	11.215
304	  T	  1.9	  0.2	0.000	5.956	5.956
305	  T	  2.0	  0.2	0.000	2.789	2.789
306	  N	  1.6	  0.2	0.000	0.645	0.645
307	  S	  1.3	  0.4	0.000	0.574	0.574
308	  I	  0.6	  0.4	0.000	0.574	0.574
309	  G	  0.3	  0.3	0.000	0.000	0.000
310	  K	  0.1	  0.3	0.000	0.000	0.000
311	  P	  0.0	  0.0	0.000	0.000	0.000
312	  I	  2.6	  0.1	0.000	0.137	0.137
313	  T	  2.7	  1.0	0.000	0.137	0.137
314	  G	  2.7	  1.1	0.000	0.137	0.137
315	  S	  0.7	  1.1	0.000	0.137	0.137
316	  T	  1.4	  1.0	0.000	0.451	0.451
317	  T	 11.8	  0.1	0.000	0.451	0.451
318	  I	 22.9	  0.0	0.000	0.451	0.451
319	  T	 25.5	  0.1	0.000	0.451	0.451
320	  I	 15.8	  0.3	0.000	0.451	0.451
321	  D	  3.9	  1.1	0.000	0.000	0.000
322	  D	  0.1	  1.3	0.000	0.000	0.000
323	  G	  0.0	  1.5	0.000	0.000	0.000
324	  R	  0.0	  1.3	0.000	0.000	0.000
325	  D	  0.1	  0.6	0.000	0.000	0.000
326	  K	  0.8	  0.5	0.000	0.000	0.000
327	  T	  2.2	  0.2	0.000	0.000	0.000
328	  T	  5.1	  0.2	0.000	0.000	0.000
329	  T	 16.4	  0.0	0.104	0.000	0.000
330	  Y	 15.3	  0.2	0.104	0.000	0.000
331	  K	 12.5	  0.2	0.104	0.000	0.000
332	  D	  0.5	  9.3	0.104	0.000	0.000
333	  K	  0.1	  9.6	0.104	0.000	0.000
334	  D	  0.0	  9.4	0.104	0.000	0.000
335	  G	  0.0	  9.4	0.000	0.000	0.000
336	  S	  0.7	  0.3	0.000	0.000	0.000
337	  I	  1.8	  0.1	0.000	0.000	0.000
338	  H	  2.1	  0.1	0.000	0.000	0.000
339	  T	  1.7	  0.1	0.000	0.000	0.000
340	  D	  1.9	  0.1	0.000	0.000	0.000
341	  I	  3.4	  0.1	0.000	0.475	0.475
342	  I	  3.7	  0.0	0.000	0.475	0.475
343	  S	  3.2	  0.0	0.206	0.475	0.475
344	  H	  7.8	  0.0	0.206	0.475	0.475
345	  I	  9.3	  0.0	0.206	0.475	0.475
346	  T	  9.1	  0.1	0.308	0.179	0.179
347	  K	  3.3	  0.2	0.308	0.000	0.000
348	  L	  1.2	  0.2	0.308	0.000	0.000
349	  D	  0.5	 10.6	0.102	0.000	0.000
350	  E	  0.0	 11.4	0.102	0.000	0.000
351	  N	  0.0	 11.3	0.102	0.000	0.000
352	  G	  0.0	 11.2	0.000	0.000	0.000
353	  M	  0.0	  0.8	0.000	0.000	0.000
354	  P	  0.0	  0.0	0.000	1.877	1.877
355	  V	  7.2	  0.0	0.000	61.865	61.865
356	  V	 14.0	  0.0	0.000	61.865	61.865
357	  I	 15.5	  0.0	0.000	61.865	61.865
358	  L	  8.8	  0.0	0.000	61.865	61.865
359	  T	  3.0	  0.0	0.000	60.703	60.703
360	  R	  1.4	  0.0	0.000	0.000	0.000
361	  Y	  1.3	  0.0	0.000	0.000	0.000
362	  P	  0.1	  0.0	0.000	0.000	0.000
363	  A	  0.0	  0.0	0.000	0.000	0.000
364	  P	  0.0	  0.0	0.000	0.000	0.000
365	  A	  0.0	  0.0	0.000	0.000	0.000
366	  P	  0.0	  0.0	0.000	0.000	0.000
367	  A	  0.0	  0.0	0.000	0.000	0.000
368	  P	  0.0	  0.1	0.000	0.000	0.000
369	  G	  0.0	  2.3	0.000	0.000	0.000
370	  P	  0.0	  2.5	0.000	0.000	0.000
371	  G	  0.0	  2.9	0.000	0.000	0.000
372	  E	  0.0	  3.2	0.000	0.000	0.000
373	  G	  0.0	  1.7	0.000	0.000	0.000
374	  G	  0.0	  2.0	0.000	0.000	0.000
375	  S	  0.3	  3.2	0.000	0.000	0.000
376	  G	  0.3	  2.9	0.000	0.000	0.000
377	  S	  0.3	  2.1	0.000	0.000	0.000
378	  N	  0.0	  3.8	0.000	0.000	0.000
379	  P	  0.0	  2.4	0.000	0.000	0.000
380	  G	  0.0	  2.6	0.000	0.000	0.000
381	  T	  0.0	  2.8	0.000	0.000	0.000
382	  G	  0.0	  1.1	0.000	0.000	0.000
383	  E	  0.0	  1.2	0.000	0.000	0.000
384	  G	  0.0	  1.8	0.000	0.000	0.000
385	  G	  0.0	  2.0	0.000	0.000	0.000
386	  S	  0.3	  3.2	0.000	0.000	0.000
387	  G	  0.3	  2.9	0.000	0.000	0.000
388	  S	  0.3	  2.1	0.000	0.000	0.000
389	  N	  0.0	  3.8	0.000	0.000	0.000
390	  P	  0.0	  2.4	0.000	0.000	0.000
391	  G	  0.0	  2.6	0.000	0.000	0.000
392	  T	  0.0	  2.8	0.000	0.000	0.000
393	  G	  0.0	  1.1	0.000	0.000	0.000
394	  E	  0.0	  1.2	0.000	0.000	0.000
395	  G	  0.0	  1.8	0.000	0.000	0.000
396	  G	  0.0	  2.0	0.000	0.000	0.000
397	  S	  0.3	  3.2	0.000	0.000	0.000
398	  G	  0.3	  2.9	0.000	0.000	0.000
399	  S	  0.3	  2.1	0.000	0.000	0.000
400	  N	  0.0	  3.8	0.000	0.000	0.000
401	  P	  0.0	  2.4	0.000	0.000	0.000
402	  G	  0.0	  2.6	0.000	0.000	0.000
403	  T	  0.0	  2.8	0.000	0.000	0.000
404	  G	  0.0	  1.1	0.000	0.000	0.000
405	  E	  0.0	  1.2	0.000	0.000	0.000
406	  G	  0.0	  1.8	0.000	0.000	0.000
407	  G	  0.0	  2.0	0.000	0.000	0.000
408	  S	  0.3	  3.2	0.000	0.000	0.000
409	  G	  0.3	  2.9	0.000	0.000	0.000
410	  S	  0.3	  2.1	0.000	0.000	0.000
411	  N	  0.0	  3.8	0.000	0.000	0.000
412	  P	  0.0	  2.4	0.000	0.000	0.000
413	  G	  0.0	  2.6	0.000	0.000	0.000
414	  T	  0.0	  2.8	0.000	0.000	0.000
415	  G	  0.0	  1.1	0.000	0.000	0.000
416	  E	  0.0	  1.2	0.000	0.000	0.000
417	  G	  0.0	  1.8	0.000	0.000	0.000
418	  G	  0.0	  2.0	0.000	0.000	0.000
419	  S	  0.3	  3.2	0.000	0.000	0.000
420	  G	  0.3	  2.9	0.000	0.000	0.000
421	  S	  0.3	  2.1	0.000	0.000	0.000
422	  N	  0.0	  3.8	0.000	0.000	0.000
423	  P	  0.0	  2.4	0.000	0.000	0.000
424	  G	  0.0	  2.6	0.000	0.000	0.000
425	  T	  0.0	  2.8	0.000	0.000	0.000
426	  G	  0.0	  1.1	0.000	0.000	0.000
427	  E	  0.0	  1.2	0.000	0.000	0.000
428	  G	  0.0	  1.8	0.000	0.000	0.000
429	  G	  0.0	  2.0	0.000	0.000	0.000
430	  S	  0.3	  3.2	0.000	0.000	0.000
431	  G	  0.3	  2.9	0.000	0.000	0.000
432	  S	  0.3	  2.1	0.000	0.000	0.000
433	  N	  0.0	  3.8	0.000	0.000	0.000
434	  P	  0.0	  2.4	0.000	0.000	0.000
435	  G	  0.0	  2.6	0.000	0.000	0.000
436	  T	  0.0	  2.9	0.000	0.000	0.000
437	  G	  0.0	  1.1	0.000	0.000	0.000
438	  E	  0.0	  1.2	0.000	0.000	0.000
439	  G	  0.0	  1.9	0.000	0.000	0.000
440	  G	  0.0	  2.0	0.000	0.000	0.000
441	  S	  0.3	  2.2	0.000	0.000	0.000
442	  G	  0.3	  2.2	0.000	0.000	0.000
443	  S	  0.3	  1.9	0.000	0.000	0.000
444	  E	  0.0	  1.8	0.000	0.000	0.000
445	  G	  0.0	  1.9	0.000	0.000	0.000
446	  G	  0.0	  2.0	0.000	0.000	0.000
447	  S	  0.1	  2.0	0.000	0.000	0.000
448	  G	  0.1	  2.1	0.000	0.000	0.000
449	  E	  0.1	  1.7	0.000	0.000	0.000
450	  G	  0.0	  2.1	0.000	0.000	0.000
451	  G	  0.0	  1.8	0.000	0.000	0.000
452	  S	  0.0	  1.6	0.000	0.000	0.000
453	  G	  0.0	  2.0	0.000	0.000	0.000
454	  G	  0.0	  1.2	0.000	0.000	0.000
455	  S	  0.0	  1.0	0.000	0.000	0.000
456	  N	  0.0	  0.7	0.000	0.000	0.000
457	  P	  0.0	  0.0	0.000	0.000	0.000
458	  V	  0.3	  0.3	0.000	0.000	0.000
459	  D	  0.3	  1.9	0.000	0.000	0.000
460	  D	  0.3	  2.1	0.000	0.000	0.000
461	  G	  0.0	  2.5	0.000	0.000	0.000
462	  K	  0.1	  2.2	0.000	0.000	0.000
463	  D	  0.1	  0.7	0.000	0.000	0.000
464	  K	  0.9	  0.6	0.000	0.000	0.000
465	  T	  2.9	  0.2	0.000	9.060	9.060
466	  T	  7.7	  0.2	0.000	9.060	9.060
467	  V	  9.3	  0.0	0.000	9.060	9.060
468	  V	  8.6	  0.0	0.000	9.060	9.060
469	  T	  3.9	  0.1	0.000	9.060	9.060
470	  D	  1.4	  9.8	0.000	0.000	0.000
471	  K	  0.2	 10.3	0.000	0.000	0.000
472	  D	  0.0	 10.3	0.000	0.000	0.000
473	  G	  0.0	 10.2	0.000	0.000	0.000
474	  H	  1.6	  0.6	0.000	0.000	0.000
475	  V	  3.0	  0.0	0.000	0.000	0.000
476	  H	  3.3	  0.1	0.000	0.000	0.000
477	  T	  2.0	  0.1	0.000	0.000	0.000
478	  D	  1.9	  0.1	0.000	0.000	0.000
479	  I	  3.4	  0.1	0.000	0.000	0.000
480	  I	  3.7	  0.0	0.000	0.000	0.000
481	  S	  3.2	  0.0	0.000	0.000	0.000
482	  H	  7.7	  0.0	0.000	0.000	0.000
483	  I	 10.2	  0.0	0.000	0.000	0.000
484	  T	 10.7	  0.0	0.000	0.000	0.000
485	  T	  4.8	  0.1	0.000	0.000	0.000
486	  T	  1.9	  0.1	0.131	0.000	0.000
487	  D	  0.5	 10.4	0.131	0.000	0.000
488	  K	  0.2	 11.7	0.131	0.000	0.000
489	  D	  0.0	 11.6	0.131	0.000	0.000
490	  G	  0.0	 11.5	0.131	0.000	0.000
491	  K	  0.0	  1.4	0.131	0.000	0.000
492	  P	  0.0	  0.2	0.000	0.123	0.123
493	  T	  3.2	  0.2	0.000	8.099	8.099
494	  V	 10.1	  0.2	0.000	13.187	13.187
495	  I	 11.5	  0.0	0.000	13.504	13.504
496	  L	  8.7	  0.0	0.000	13.504	13.504
497	  T	  3.9	  0.0	0.000	13.381	13.381
498	  Q	  5.8	  0.0	0.000	6.648	6.648
499	  Y	  8.0	  0.0	0.000	5.287	5.287
500	  Q	  6.1	  0.0	0.000	0.160	0.160
501	  S	  2.6	  0.0	0.000	0.000	0.000
502	  P	  0.0	  0.0	0.000	0.000	0.000
503	  T	  0.1	  0.0	0.000	0.000	0.000
504	  P	  0.1	  0.0	0.000	0.000	0.000
505	  S	  0.1	  2.6	0.000	0.000	0.000
506	  P	  0.0	  2.8	0.000	0.000	0.000
507	  G	  0.0	  3.2	0.000	0.000	0.000
508	  E	  0.0	  3.6	0.000	0.000	0.000
509	  G	  0.0	  1.7	0.000	0.000	0.000
510	  G	  0.0	  2.0	0.000	0.000	0.000
511	  S	  0.3	  2.2	0.000	0.000	0.000
512	  G	  0.3	  2.2	0.000	0.000	0.000
513	  S	  0.3	  1.9	0.000	0.000	0.000
514	  E	  0.0	  1.8	0.000	0.000	0.000
515	  G	  0.0	  1.9	0.000	0.000	0.000
516	  G	  0.0	  2.1	0.000	0.000	0.000
517	  S	  0.3	  3.2	0.000	0.000	0.000
518	  G	  0.3	  2.9	0.000	0.000	0.000
519	  S	  0.3	  2.1	0.000	0.000	0.000
520	  N	  0.0	  3.8	0.000	0.000	0.000
521	  P	  0.0	  2.4	0.000	0.000	0.000
522	  G	  0.0	  2.6	0.000	0.000	0.000
523	  T	  0.0	  2.8	0.000	0.000	0.000
524	  G	  0.0	  1.1	0.000	0.000	0.000
525	  E	  0.0	  1.2	0.000	0.000	0.000
526	  G	  0.0	  1.8	0.000	0.000	0.000
527	  G	  0.0	  2.0	0.000	0.000	0.000
528	  S	  0.3	  3.2	0.000	0.000	0.000
529	  G	  0.3	  2.9	0.000	0.000	0.000
530	  S	  0.3	  2.1	0.000	0.000	0.000
531	  N	  0.0	  3.8	0.000	0.000	0.000
532	  P	  0.0	  2.4	0.000	0.000	0.000
533	  G	  0.0	  2.6	0.000	0.000	0.000
534	  T	  0.0	  2.8	0.000	0.000	0.000
535	  G	  0.0	  1.1	0.000	0.000	0.000
536	  E	  0.0	  1.2	0.000	0.000	0.000
537	  G	  0.0	  1.8	0.000	0.000	0.000
538	  G	  0.0	  2.0	0.000	0.000	0.000
539	  S	  0.3	  3.2	0.000	0.000	0.000
540	  G	  0.3	  2.9	0.000	0.000	0.000
541	  S	  0.3	  2.1	0.000	0.000	0.000
542	  N	  0.0	  3.8	0.000	0.000	0.000
543	  P	  0.0	  2.4	0.000	0.000	0.000
544	  G	  0.0	  2.6	0.000	0.000	0.000
545	  T	  0.0	  2.8	0.000	0.000	0.000
546	  G	  0.0	  1.1	0.000	0.000	0.000
547	  E	  0.0	  1.2	0.000	0.000	0.000
548	  G	  0.0	  1.8	0.000	0.000	0.000
549	  G	  0.0	  2.0	0.000	0.000	0.000
550	  S	  0.3	  3.2	0.000	0.000	0.000
551	  G	  0.3	  2.9	0.000	0.000	0.000
552	  S	  0.3	  2.1	0.000	0.000	0.000
553	  N	  0.0	  3.8	0.000	0.000	0.000
554	  P	  0.0	  2.4	0.000	0.000	0.000
555	  G	  0.0	  2.6	0.000	0.000	0.000
556	  T	  0.0	  2.9	0.000	0.000	0.000
557	  G	  0.0	  1.1	0.000	0.000	0.000
558	  E	  0.0	  1.2	0.000	0.000	0.000
559	  G	  0.0	  1.9	0.000	0.000	0.000
560	  G	  0.0	  2.0	0.000	0.000	0.000
561	  S	  0.3	  2.2	0.000	0.000	0.000
562	  G	  0.3	  2.2	0.000	0.000	0.000
563	  S	  0.3	  1.9	0.000	0.000	0.000
564	  E	  0.0	  1.8	0.000	0.000	0.000
565	  G	  0.0	  1.9	0.000	0.000	0.000
566	  G	  0.0	  2.0	0.000	0.000	0.000
567	  S	  0.1	  2.0	0.000	0.000	0.000
568	  G	  0.1	  2.1	0.000	0.000	0.000
569	  E	  0.1	  1.7	0.000	0.000	0.000
570	  G	  0.0	  2.1	0.000	0.000	0.000
571	  G	  0.0	  1.8	0.000	0.000	0.000
572	  S	  0.0	  1.6	0.000	0.000	0.000
573	  G	  0.0	  2.0	0.000	0.000	0.000
574	  G	  0.0	  1.2	0.000	0.000	0.000
575	  S	  0.0	  1.0	0.000	0.000	0.000
576	  N	  0.0	  0.7	0.000	0.000	0.000
577	  P	  0.0	  0.0	0.000	0.000	0.000
578	  V	  0.3	  0.3	0.000	0.000	0.000
579	  D	  0.3	  1.9	0.000	0.000	0.000
580	  D	  0.3	  2.1	0.000	0.000	0.000
581	  G	  0.0	  2.5	0.000	0.000	0.000
582	  K	  0.1	  2.2	0.000	0.000	0.000
583	  D	  0.1	  0.7	0.000	0.000	0.000
584	  K	  0.9	  0.6	0.000	0.000	0.000
585	  T	  2.9	  0.2	0.000	9.060	9.060
586	  T	  7.7	  0.2	0.000	9.060	9.060
587	  V	  9.3	  0.0	0.000	9.060	9.060
588	  V	  8.6	  0.0	0.000	9.060	9.060
589	  T	  3.9	  0.1	0.000	9.060	9.060
590	  D	  1.4	  9.8	0.000	0.000	0.000
591	  K	  0.2	 10.3	0.000	0.000	0.000
592	  D	  0.0	 10.3	0.000	0.000	0.000
593	  G	  0.0	 10.2	0.000	0.000	0.000
594	  H	  1.6	  0.6	0.000	0.000	0.000
595	  V	  3.0	  0.0	0.000	0.000	0.000
596	  H	  3.3	  0.1	0.000	0.000	0.000
597	  T	  2.0	  0.1	0.000	0.000	0.000
598	  D	  1.9	  0.1	0.000	0.000	0.000
599	  I	  3.4	  0.1	0.000	0.000	0.000
600	  I	  3.7	  0.0	0.000	0.000	0.000
601	  S	  3.2	  0.0	0.000	0.000	0.000
602	  H	  7.7	  0.0	0.000	0.000	0.000
603	  I	 10.2	  0.0	0.000	0.000	0.000
604	  T	 10.7	  0.0	0.000	0.000	0.000
605	  T	  4.8	  0.1	0.000	0.000	0.000
606	  T	  1.9	  0.1	0.131	0.000	0.000
607	  D	  0.5	 10.4	0.131	0.000	0.000
608	  K	  0.2	 11.7	0.131	0.000	0.000
609	  D	  0.0	 11.6	0.131	0.000	0.000
610	  G	  0.0	 11.5	0.131	0.000	0.000
611	  K	  0.0	  1.4	0.131	0.000	0.000
612	  P	  0.0	  0.2	0.000	0.123	0.123
613	  T	  3.2	  0.2	0.000	8.099	8.099
614	  V	 10.1	  0.2	0.000	13.187	13.187
615	  I	 11.5	  0.0	0.000	13.504	13.504
616	  L	  8.7	  0.0	0.000	13.504	13.504
617	  T	  3.9	  0.0	0.000	13.381	13.381
618	  Q	  5.8	  0.0	0.000	6.648	6.648
619	  Y	  8.0	  0.0	0.000	5.287	5.287
620	  Q	  6.1	  0.0	0.000	0.160	0.160
621	  S	  2.6	  0.0	0.000	0.000	0.000
622	  P	  0.0	  0.0	0.000	0.000	0.000
623	  T	  0.1	  0.0	0.000	0.000	0.000
624	  P	  0.1	  0.0	0.000	0.000	0.000
625	  S	  0.1	  2.6	0.000	0.000	0.000
626	  P	  0.0	  2.8	0.000	0.000	0.000
627	  G	  0.0	  3.2	0.000	0.000	0.000
628	  E	  0.0	  3.6	0.000	0.000	0.000
629	  G	  0.0	  1.7	0.000	0.000	0.000
630	  G	  0.0	  2.0	0.000	0.000	0.000
631	  S	  0.3	  2.2	0.000	0.000	0.000
632	  G	  0.3	  2.2	0.000	0.000	0.000
633	  S	  0.3	  1.9	0.000	0.000	0.000
634	  E	  0.0	  1.8	0.000	0.000	0.000
635	  G	  0.0	  1.9	0.000	0.000	0.000
636	  G	  0.0	  2.1	0.000	0.000	0.000
637	  S	  0.3	  3.2	0.000	0.000	0.000
638	  G	  0.3	  2.9	0.000	0.000	0.000
639	  S	  0.3	  2.1	0.000	0.000	0.000
640	  N	  0.0	  3.8	0.000	0.000	0.000
641	  P	  0.0	  2.4	0.000	0.000	0.000
642	  G	  0.0	  2.6	0.000	0.000	0.000
643	  T	  0.0	  2.8	0.000	0.000	0.000
644	  G	  0.0	  1.1	0.000	0.000	0.000
645	  E	  0.0	  1.2	0.000	0.000	0.000
646	  G	  0.0	  1.8	0.000	0.000	0.000
647	  G	  0.0	  2.0	0.000	0.000	0.000
648	  S	  0.3	  3.2	0.000	0.000	0.000
649	  G	  0.3	  2.9	0.000	0.000	0.000
650	  S	  0.3	  2.1	0.000	0.000	0.000
651	  N	  0.0	  3.8	0.000	0.000	0.000
652	  P	  0.0	  2.4	0.000	0.000	0.000
653	  G	  0.0	  2.6	0.000	0.000	0.000
654	  T	  0.0	  2.8	0.000	0.000	0.000
655	  G	  0.0	  1.1	0.000	0.000	0.000
656	  E	  0.0	  1.2	0.000	0.000	0.000
657	  G	  0.0	  1.8	0.000	0.000	0.000
658	  G	  0.0	  2.0	0.000	0.000	0.000
659	  S	  0.3	  3.2	0.000	0.000	0.000
660	  G	  0.3	  2.9	0.000	0.000	0.000
661	  S	  0.3	  2.1	0.000	0.000	0.000
662	  N	  0.0	  3.8	0.000	0.000	0.000
663	  P	  0.0	  2.4	0.000	0.000	0.000
664	  G	  0.0	  2.6	0.000	0.000	0.000
665	  T	  0.0	  2.8	0.000	0.000	0.000
666	  G	  0.0	  1.1	0.000	0.000	0.000
667	  E	  0.0	  1.2	0.000	0.000	0.000
668	  G	  0.0	  1.8	0.000	0.000	0.000
669	  G	  0.0	  2.0	0.000	0.000	0.000
670	  S	  0.3	  3.2	0.000	0.000	0.000
671	  G	  0.3	  2.9	0.000	0.000	0.000
672	  S	  0.3	  2.1	0.000	0.000	0.000
673	  N	  0.0	  3.8	0.000	0.000	0.000
674	  P	  0.0	  2.4	0.000	0.000	0.000
675	  G	  0.0	  2.6	0.000	0.000	0.000
676	  T	  0.0	  2.8	0.000	0.000	0.000
677	  G	  0.0	  1.1	0.000	0.000	0.000
678	  E	  0.0	  1.2	0.000	0.000	0.000
679	  G	  0.0	  1.8	0.000	0.000	0.000
680	  G	  0.0	  2.0	0.000	0.000	0.000
681	  S	  0.3	  3.2	0.000	0.000	0.000
682	  G	  0.3	  2.9	0.000	0.000	0.000
683	  S	  0.3	  2.1	0.000	0.000	0.000
684	  N	  0.0	  3.8	0.000	0.000	0.000
685	  P	  0.0	  2.4	0.000	0.000	0.000
686	  G	  0.0	  2.6	0.000	0.000	0.000
687	  T	  0.0	  2.8	0.000	0.000	0.000
688	  G	  0.0	  1.1	0.000	0.000	0.000
689	  E	  0.0	  1.2	0.000	0.000	0.000
690	  G	  0.0	  1.8	0.000	0.000	0.000
691	  G	  0.0	  2.0	0.000	0.000	0.000
692	  S	  0.3	  3.2	0.000	0.000	0.000
693	  G	  0.3	  2.9	0.000	0.000	0.000
694	  S	  0.3	  2.1	0.000	0.000	0.000
695	  N	  0.0	  3.8	0.000	0.000	0.000
696	  P	  0.0	  2.4	0.000	0.000	0.000
697	  G	  0.0	  2.6	0.000	0.000	0.000
698	  T	  0.0	  2.8	0.000	0.000	0.000
699	  G	  0.0	  1.1	0.000	0.000	0.000
700	  E	  0.0	  1.2	0.000	0.000	0.000
701	  G	  0.0	  1.8	0.000	0.000	0.000
702	  G	  0.0	  2.0	0.000	0.000	0.000
703	  S	  0.3	  3.2	0.000	0.000	0.000
704	  G	  0.3	  2.9	0.000	0.000	0.000
705	  S	  0.3	  2.1	0.000	0.000	0.000
706	  N	  0.0	  3.8	0.000	0.000	0.000
707	  P	  0.0	  2.4	0.000	0.000	0.000
708	  G	  0.0	  2.6	0.000	0.000	0.000
709	  T	  0.0	  2.8	0.000	0.000	0.000
710	  G	  0.0	  1.1	0.000	0.000	0.000
711	  E	  0.0	  1.2	0.000	0.000	0.000
712	  G	  0.0	  1.8	0.000	0.000	0.000
713	  G	  0.0	  2.0	0.000	0.000	0.000
714	  S	  0.3	  3.2	0.000	0.000	0.000
715	  G	  0.3	  2.9	0.000	0.000	0.000
716	  S	  0.3	  2.1	0.000	0.000	0.000
717	  N	  0.0	  3.8	0.000	0.000	0.000
718	  P	  0.0	  2.4	0.000	0.000	0.000
719	  G	  0.0	  2.6	0.000	0.000	0.000
720	  T	  0.0	  2.8	0.000	0.000	0.000
721	  G	  0.0	  1.1	0.000	0.000	0.000
722	  E	  0.0	  1.2	0.000	0.000	0.000
723	  G	  0.0	  1.8	0.000	0.000	0.000
724	  G	  0.0	  2.0	0.000	0.000	0.000
725	  S	  0.3	  3.2	0.000	0.000	0.000
726	  G	  0.3	  2.9	0.000	0.000	0.000
727	  S	  0.3	  2.1	0.000	0.000	0.000
728	  N	  0.0	  3.8	0.000	0.000	0.000
729	  P	  0.0	  2.4	0.000	0.000	0.000
730	  G	  0.0	  2.6	0.000	0.000	0.000
731	  T	  0.0	  2.8	0.000	0.000	0.000
732	  G	  0.0	  1.1	0.000	0.000	0.000
733	  E	  0.0	  1.2	0.000	0.000	0.000
734	  G	  0.0	  1.8	0.000	0.000	0.000
735	  G	  0.0	  2.0	0.000	0.000	0.000
736	  S	  0.3	  3.2	0.000	0.000	0.000
737	  G	  0.3	  2.9	0.000	0.000	0.000
738	  S	  0.3	  2.1	0.000	0.000	0.000
739	  N	  0.0	  3.8	0.000	0.000	0.000
740	  P	  0.0	  2.4	0.000	0.000	0.000
741	  G	  0.0	  2.6	0.000	0.000	0.000
742	  T	  0.0	  2.8	0.000	0.000	0.000
743	  G	  0.0	  1.1	0.000	0.000	0.000
744	  E	  0.0	  1.2	0.000	0.000	0.000
745	  G	  0.0	  1.8	0.000	0.000	0.000
746	  G	  0.0	  2.0	0.000	0.000	0.000
747	  S	  0.3	  3.2	0.000	0.000	0.000
748	  G	  0.3	  2.9	0.000	0.000	0.000
749	  S	  0.3	  2.1	0.000	0.000	0.000
750	  N	  0.0	  3.8	0.000	0.000	0.000
751	  P	  0.0	  2.4	0.000	0.000	0.000
752	  G	  0.0	  2.6	0.000	0.000	0.000
753	  T	  0.0	  2.9	0.000	0.000	0.000
754	  G	  0.0	  1.1	0.000	0.000	0.000
755	  E	  0.0	  1.2	0.000	0.000	0.000
756	  G	  0.0	  1.9	0.000	0.000	0.000
757	  G	  0.0	  2.0	0.000	0.000	0.000
758	  S	  0.3	  2.2	0.000	0.000	0.000
759	  G	  0.3	  2.2	0.000	0.000	0.000
760	  S	  0.3	  1.9	0.000	0.000	0.000
761	  E	  0.0	  1.8	0.000	0.000	0.000
762	  G	  0.0	  1.9	0.000	0.000	0.000
763	  G	  0.0	  2.0	0.000	0.000	0.000
764	  S	  0.1	  2.0	0.000	0.000	0.000
765	  G	  0.1	  2.1	0.000	0.000	0.000
766	  E	  0.1	  1.7	0.000	0.000	0.000
767	  G	  0.0	  2.1	0.000	0.000	0.000
768	  G	  0.0	  1.8	0.000	0.000	0.000
769	  S	  0.0	  1.6	0.000	0.000	0.000
770	  G	  0.0	  2.0	0.000	0.000	0.000
771	  G	  0.0	  1.2	0.000	0.000	0.000
772	  S	  0.0	  1.0	0.000	0.000	0.000
773	  N	  0.0	  0.7	0.000	0.000	0.000
774	  P	  0.0	  0.0	0.000	0.000	0.000
775	  V	  0.3	  0.3	0.000	0.000	0.000
776	  D	  0.3	  1.9	0.000	0.000	0.000
777	  D	  0.3	  2.1	0.000	0.000	0.000
778	  G	  0.0	  2.5	0.000	0.000	0.000
779	  K	  0.1	  2.2	0.000	0.000	0.000
780	  D	  0.1	  0.7	0.000	0.000	0.000
781	  K	  0.9	  0.6	0.000	0.000	0.000
782	  T	  2.9	  0.2	0.000	9.060	9.060
783	  T	  7.7	  0.2	0.000	9.060	9.060
784	  V	  9.3	  0.0	0.000	9.060	9.060
785	  V	  8.6	  0.0	0.000	9.060	9.060
786	  T	  3.9	  0.1	0.000	9.060	9.060
787	  D	  1.4	  9.8	0.000	0.000	0.000
788	  K	  0.2	 10.3	0.000	0.000	0.000
789	  D	  0.0	 10.3	0.000	0.000	0.000
790	  G	  0.0	 10.2	0.000	0.000	0.000
791	  H	  1.6	  0.6	0.000	0.000	0.000
792	  V	  3.0	  0.0	0.000	0.000	0.000
793	  H	  3.3	  0.1	0.000	0.000	0.000
794	  T	  2.0	  0.1	0.000	0.000	0.000
795	  D	  1.9	  0.1	0.000	0.000	0.000
796	  I	  3.4	  0.1	0.000	0.000	0.000
797	  I	  3.7	  0.0	0.000	0.000	0.000
798	  S	  3.2	  0.0	0.000	0.000	0.000
799	  H	  7.7	  0.0	0.000	0.000	0.000
800	  I	 10.2	  0.0	0.000	0.000	0.000
801	  T	 10.7	  0.0	0.000	0.000	0.000
802	  T	  4.8	  0.1	0.000	0.000	0.000
803	  T	  1.9	  0.1	0.131	0.000	0.000
804	  D	  0.5	 10.4	0.131	0.000	0.000
805	  K	  0.2	 11.7	0.131	0.000	0.000
806	  D	  0.0	 11.6	0.131	0.000	0.000
807	  G	  0.0	 11.5	0.131	0.000	0.000
808	  K	  0.0	  1.4	0.131	0.000	0.000
809	  P	  0.0	  0.2	0.000	0.123	0.123
810	  T	  3.2	  0.2	0.000	8.099	8.099
811	  V	 10.1	  0.2	0.000	13.187	13.187
812	  I	 11.5	  0.0	0.000	13.504	13.504
813	  L	  8.7	  0.0	0.000	13.504	13.504
814	  T	  3.9	  0.0	0.000	13.381	13.381
815	  Q	  5.8	  0.0	0.000	6.648	6.648
816	  Y	  8.0	  0.0	0.000	5.287	5.287
817	  Q	  6.1	  0.0	0.000	0.160	0.160
818	  S	  2.6	  0.0	0.000	0.000	0.000
819	  P	  0.0	  0.0	0.000	0.000	0.000
820	  T	  0.1	  0.0	0.000	0.000	0.000
821	  P	  0.1	  0.0	0.000	0.000	0.000
822	  S	  0.1	  2.6	0.000	0.000	0.000
823	  P	  0.0	  2.8	0.000	0.000	0.000
824	  G	  0.0	  3.2	0.000	0.000	0.000
825	  E	  0.0	  3.6	0.000	0.000	0.000
826	  G	  0.0	  1.7	0.000	0.000	0.000
827	  G	  0.0	  2.0	0.000	0.000	0.000
828	  S	  0.3	  2.2	0.000	0.000	0.000
829	  G	  0.3	  2.2	0.000	0.000	0.000
830	  S	  0.3	  1.9	0.000	0.000	0.000
831	  E	  0.0	  1.8	0.000	0.000	0.000
832	  G	  0.0	  1.9	0.000	0.000	0.000
833	  G	  0.0	  2.1	0.000	0.000	0.000
834	  S	  0.3	  3.2	0.000	0.000	0.000
835	  G	  0.3	  2.9	0.000	0.000	0.000
836	  S	  0.3	  2.1	0.000	0.000	0.000
837	  N	  0.0	  3.8	0.000	0.000	0.000
838	  P	  0.0	  2.4	0.000	0.000	0.000
839	  G	  0.0	  2.6	0.000	0.000	0.000
840	  T	  0.0	  2.8	0.000	0.000	0.000
841	  G	  0.0	  1.1	0.000	0.000	0.000
842	  E	  0.0	  1.2	0.000	0.000	0.000
843	  G	  0.0	  1.8	0.000	0.000	0.000
844	  G	  0.0	  2.0	0.000	0.000	0.000
845	  S	  0.3	  3.2	0.000	0.000	0.000
846	  G	  0.3	  2.9	0.000	0.000	0.000
847	  S	  0.3	  2.1	0.000	0.000	0.000
848	  N	  0.0	  3.8	0.000	0.000	0.000
849	  P	  0.0	  2.4	0.000	0.000	0.000
850	  G	  0.0	  2.6	0.000	0.000	0.000
851	  T	  0.0	  2.8	0.000	0.000	0.000
852	  G	  0.0	  1.1	0.000	0.000	0.000
853	  E	  0.0	  1.2	0.000	0.000	0.000
854	  G	  0.0	  1.8	0.000	0.000	0.000
855	  G	  0.0	  2.0	0.000	0.000	0.000
856	  S	  0.3	  3.2	0.000	0.000	0.000
857	  G	  0.3	  2.9	0.000	0.000	0.000
858	  S	  0.3	  2.1	0.000	0.000	0.000
859	  N	  0.0	  3.8	0.000	0.000	0.000
860	  P	  0.0	  2.4	0.000	0.000	0.000
861	  G	  0.0	  2.6	0.000	0.000	0.000
862	  T	  0.0	  2.8	0.000	0.000	0.000
863	  G	  0.0	  1.1	0.000	0.000	0.000
864	  E	  0.0	  1.2	0.000	0.000	0.000
865	  G	  0.0	  1.8	0.000	0.000	0.000
866	  G	  0.0	  2.0	0.000	0.000	0.000
867	  S	  0.3	  3.2	0.000	0.000	0.000
868	  G	  0.3	  2.9	0.000	0.000	0.000
869	  S	  0.3	  2.1	0.000	0.000	0.000
870	  N	  0.0	  3.8	0.000	0.000	0.000
871	  P	  0.0	  2.4	0.000	0.000	0.000
872	  G	  0.0	  2.6	0.000	0.000	0.000
873	  T	  0.0	  2.8	0.000	0.000	0.000
874	  G	  0.0	  1.1	0.000	0.000	0.000
875	  E	  0.0	  1.2	0.000	0.000	0.000
876	  G	  0.0	  1.8	0.000	0.000	0.000
877	  G	  0.0	  2.0	0.000	0.000	0.000
878	  S	  0.3	  3.2	0.000	0.000	0.000
879	  G	  0.3	  2.9	0.000	0.000	0.000
880	  S	  0.3	  2.1	0.000	0.000	0.000
881	  N	  0.0	  3.8	0.000	0.000	0.000
882	  P	  0.0	  2.4	0.000	0.000	0.000
883	  G	  0.0	  2.6	0.000	0.000	0.000
884	  T	  0.0	  2.8	0.000	0.000	0.000
885	  G	  0.0	  1.1	0.000	0.000	0.000
886	  E	  0.0	  1.2	0.000	0.000	0.000
887	  G	  0.0	  1.8	0.000	0.000	0.000
888	  G	  0.0	  2.0	0.000	0.000	0.000
889	  S	  0.3	  3.2	0.000	0.000	0.000
890	  G	  0.3	  2.9	0.000	0.000	0.000
891	  S	  0.3	  2.1	0.000	0.000	0.000
892	  N	  0.0	  3.8	0.000	0.000	0.000
893	  P	  0.0	  2.4	0.000	0.000	0.000
894	  G	  0.0	  2.6	0.000	0.000	0.000
895	  T	  0.0	  2.9	0.000	0.000	0.000
896	  G	  0.0	  1.1	0.000	0.000	0.000
897	  E	  0.0	  1.2	0.000	0.000	0.000
898	  G	  0.0	  1.9	0.000	0.000	0.000
899	  G	  0.0	  2.0	0.000	0.000	0.000
900	  S	  0.3	  2.2	0.000	0.000	0.000
901	  G	  0.3	  2.2	0.000	0.000	0.000
902	  S	  0.3	  1.9	0.000	0.000	0.000
903	  E	  0.0	  1.8	0.000	0.000	0.000
904	  G	  0.0	  1.9	0.000	0.000	0.000
905	  G	  0.0	  2.0	0.000	0.000	0.000
906	  S	  0.1	  2.0	0.000	0.000	0.000
907	  G	  0.1	  2.1	0.000	0.000	0.000
908	  E	  0.1	  1.6	0.000	0.000	0.000
909	  G	  0.0	  2.1	0.000	0.000	0.000
910	  G	  0.0	  2.0	0.000	0.000	0.000
911	  S	  0.3	  3.2	0.000	0.000	0.000
912	  G	  0.3	  2.9	0.000	0.000	0.000
913	  S	  0.3	  2.1	0.000	0.000	0.000
914	  N	  0.0	  3.8	0.000	0.000	0.000
915	  P	  0.0	  2.4	0.000	0.000	0.000
916	  G	  0.0	  2.6	0.000	0.000	0.000
917	  T	  0.0	  2.8	0.000	0.000	0.000
918	  G	  0.0	  1.1	0.000	0.000	0.000
919	  E	  0.0	  1.2	0.000	0.000	0.000
920	  G	  0.0	  1.8	0.000	0.000	0.000
921	  G	  0.0	  2.0	0.000	0.000	0.000
922	  S	  0.3	  3.2	0.000	0.000	0.000
923	  G	  0.3	  2.9	0.000	0.000	0.000
924	  S	  0.3	  2.1	0.000	0.000	0.000
925	  N	  0.0	  3.8	0.000	0.000	0.000
926	  P	  0.0	  2.4	0.000	0.000	0.000
927	  G	  0.0	  2.6	0.000	0.000	0.000
928	  T	  0.0	  2.9	0.000	0.000	0.000
929	  G	  0.0	  1.1	0.000	0.000	0.000
930	  E	  0.0	  1.2	0.000	0.000	0.000
931	  G	  0.0	  1.9	0.000	0.000	0.000
932	  G	  0.0	  2.0	0.000	0.000	0.000
933	  S	  0.3	  2.2	0.000	0.000	0.000
934	  G	  0.3	  2.2	0.000	0.000	0.000
935	  S	  0.3	  1.9	0.000	0.000	0.000
936	  E	  0.0	  1.8	0.000	0.000	0.000
937	  G	  0.0	  1.9	0.000	0.000	0.000
938	  G	  0.0	  2.0	0.000	0.000	0.000
939	  S	  0.1	  2.0	0.000	0.000	0.000
940	  G	  0.1	  2.1	0.000	0.000	0.000
941	  E	  0.1	  1.7	0.000	0.000	0.000
942	  G	  0.0	  2.1	0.000	0.000	0.000
943	  G	  0.0	  1.8	0.000	0.000	0.000
944	  S	  0.0	  1.6	0.000	0.000	0.000
945	  G	  0.0	  2.0	0.000	0.000	0.000
946	  G	  0.0	  1.2	0.000	0.000	0.000
947	  S	  0.0	  1.0	0.000	0.000	0.000
948	  N	  0.0	  0.7	0.000	0.000	0.000
949	  P	  0.0	  0.0	0.000	0.000	0.000
950	  V	  0.3	  0.3	0.000	0.000	0.000
951	  D	  0.3	  1.9	0.000	0.000	0.000
952	  D	  0.3	  2.1	0.000	0.000	0.000
953	  G	  0.0	  2.5	0.000	0.000	0.000
954	  K	  0.1	  2.2	0.000	0.000	0.000
955	  D	  0.1	  0.7	0.000	0.000	0.000
956	  K	  0.9	  0.6	0.000	0.000	0.000
957	  T	  2.9	  0.2	0.000	9.060	9.060
958	  T	  7.7	  0.2	0.000	9.060	9.060
959	  V	  9.3	  0.0	0.000	9.060	9.060
960	  V	  8.6	  0.0	0.000	9.060	9.060
961	  T	  3.9	  0.1	0.000	9.060	9.060
962	  D	  1.4	  9.8	0.000	0.000	0.000
963	  K	  0.2	 10.3	0.000	0.000	0.000
964	  D	  0.0	 10.3	0.000	0.000	0.000
965	  G	  0.0	 10.2	0.000	0.000	0.000
966	  H	  1.6	  0.6	0.000	0.000	0.000
967	  V	  3.0	  0.0	0.000	0.000	0.000
968	  H	  3.3	  0.1	0.000	0.000	0.000
969	  T	  2.0	  0.1	0.000	0.000	0.000
970	  D	  1.9	  0.1	0.000	0.000	0.000
971	  I	  3.4	  0.1	0.000	0.000	0.000
972	  I	  3.7	  0.0	0.000	0.000	0.000
973	  S	  3.2	  0.0	0.000	0.000	0.000
974	  H	  7.7	  0.0	0.000	0.000	0.000
975	  I	 10.2	  0.0	0.000	0.000	0.000
976	  T	 10.7	  0.0	0.000	0.000	0.000
977	  T	  4.8	  0.1	0.000	0.000	0.000
978	  T	  1.9	  0.1	0.131	0.000	0.000
979	  D	  0.5	 10.4	0.131	0.000	0.000
980	  K	  0.2	 11.7	0.131	0.000	0.000
981	  D	  0.0	 11.6	0.131	0.000	0.000
982	  G	  0.0	 11.5	0.131	0.000	0.000
983	  K	  0.0	  1.4	0.131	0.000	0.000
984	  P	  0.0	  0.2	0.000	0.123	0.123
985	  T	  3.2	  0.2	0.000	8.099	8.099
986	  V	 10.1	  0.2	0.000	13.187	13.187
987	  I	 11.5	  0.0	0.000	13.504	13.504
988	  L	  8.7	  0.0	0.000	13.504	13.504
989	  T	  3.9	  0.0	0.000	13.381	13.381
990	  Q	  5.8	  0.0	0.000	6.648	6.648
991	  Y	  8.0	  0.0	0.000	5.287	5.287
992	  Q	  6.1	  0.0	0.000	0.160	0.160
993	  S	  2.6	  0.0	0.000	0.000	0.000
994	  P	  0.0	  0.0	0.000	0.000	0.000
995	  T	  0.1	  0.0	0.000	0.000	0.000
996	  P	  0.1	  0.0	0.000	0.000	0.000
997	  S	  0.1	  2.6	0.000	0.000	0.000
998	  P	  0.0	  2.8	0.000	0.000	0.000
999	  G	  0.0	  3.2	0.000	0.000	0.000
1000	  E	  0.0	  3.6	0.000	0.000	0.000
1001	  G	  0.0	  1.7	0.000	0.000	0.000
1002	  G	  0.0	  2.0	0.000	0.000	0.000
1003	  S	  0.3	  2.2	0.000	0.000	0.000
1004	  G	  0.3	  2.2	0.000	0.000	0.000
1005	  S	  0.3	  1.9	0.000	0.000	0.000
1006	  E	  0.0	  1.8	0.000	0.000	0.000
1007	  G	  0.0	  1.9	0.000	0.000	0.000
1008	  G	  0.0	  2.1	0.000	0.000	0.000
1009	  S	  0.3	  3.2	0.000	0.000	0.000
1010	  G	  0.3	  2.9	0.000	0.000	0.000
1011	  S	  0.3	  2.1	0.000	0.000	0.000
1012	  N	  0.0	  3.8	0.000	0.000	0.000
1013	  P	  0.0	  2.4	0.000	0.000	0.000
1014	  G	  0.0	  2.6	0.000	0.000	0.000
1015	  T	  0.0	  2.8	0.000	0.000	0.000
1016	  G	  0.0	  1.1	0.000	0.000	0.000
1017	  E	  0.0	  1.2	0.000	0.000	0.000
1018	  G	  0.0	  1.8	0.000	0.000	0.000
1019	  G	  0.0	  2.0	0.000	0.000	0.000
1020	  S	  0.3	  3.2	0.000	0.000	0.000
1021	  G	  0.3	  2.9	0.000	0.000	0.000
1022	  S	  0.3	  2.1	0.000	0.000	0.000
1023	  N	  0.0	  3.8	0.000	0.000	0.000
1024	  P	  0.0	  2.4	0.000	0.000	0.000
1025	  G	  0.0	  2.6	0.000	0.000	0.000
1026	  T	  0.0	  2.8	0.000	0.000	0.000
1027	  G	  0.0	  1.1	0.000	0.000	0.000
1028	  E	  0.0	  1.2	0.000	0.000	0.000
1029	  G	  0.0	  1.8	0.000	0.000	0.000
1030	  G	  0.0	  2.0	0.000	0.000	0.000
1031	  S	  0.3	  3.2	0.000	0.000	0.000
1032	  G	  0.3	  2.9	0.000	0.000	0.000
1033	  S	  0.3	  2.1	0.000	0.000	0.000
1034	  N	  0.0	  3.8	0.000	0.000	0.000
1035	  P	  0.0	  2.4	0.000	0.000	0.000
1036	  G	  0.0	  2.6	0.000	0.000	0.000
1037	  T	  0.0	  2.8	0.000	0.000	0.000
1038	  G	  0.0	  1.1	0.000	0.000	0.000
1039	  E	  0.0	  1.2	0.000	0.000	0.000
1040	  G	  0.0	  1.8	0.000	0.000	0.000
1041	  G	  0.0	  2.0	0.000	0.000	0.000
1042	  S	  0.3	  3.2	0.000	0.000	0.000
1043	  G	  0.3	  2.9	0.000	0.000	0.000
1044	  S	  0.3	  2.1	0.000	0.000	0.000
1045	  N	  0.0	  3.8	0.000	0.000	0.000
1046	  P	  0.0	  2.4	0.000	0.000	0.000
1047	  G	  0.0	  2.6	0.000	0.000	0.000
1048	  T	  0.0	  2.8	0.000	0.000	0.000
1049	  G	  0.0	  1.1	0.000	0.000	0.000
1050	  E	  0.0	  1.2	0.000	0.000	0.000
1051	  G	  0.0	  1.8	0.000	0.000	0.000
1052	  G	  0.0	  2.0	0.000	0.000	0.000
1053	  S	  0.3	  3.2	0.000	0.000	0.000
1054	  G	  0.3	  2.9	0.000	0.000	0.000
1055	  S	  0.3	  2.1	0.000	0.000	0.000
1056	  N	  0.0	  3.8	0.000	0.000	0.000
1057	  P	  0.0	  2.4	0.000	0.000	0.000
1058	  G	  0.0	  2.6	0.000	0.000	0.000
1059	  T	  0.0	  2.9	0.000	0.000	0.000
1060	  G	  0.0	  1.1	0.000	0.000	0.000
1061	  E	  0.0	  1.2	0.000	0.000	0.000
1062	  G	  0.0	  1.9	0.000	0.000	0.000
1063	  G	  0.0	  2.0	0.000	0.000	0.000
1064	  S	  0.3	  2.2	0.000	0.000	0.000
1065	  G	  0.3	  2.2	0.000	0.000	0.000
1066	  S	  0.3	  1.9	0.000	0.000	0.000
1067	  E	  0.0	  1.8	0.000	0.000	0.000
1068	  G	  0.0	  1.9	0.000	0.000	0.000
1069	  G	  0.0	  2.0	0.000	0.000	0.000
1070	  S	  0.1	  2.0	0.000	0.000	0.000
1071	  G	  0.1	  2.1	0.000	0.000	0.000
1072	  E	  0.1	  1.7	0.000	0.000	0.000
1073	  G	  0.0	  2.1	0.000	0.000	0.000
1074	  G	  0.0	  1.8	0.000	0.000	0.000
1075	  S	  0.0	  1.6	0.000	0.000	0.000
1076	  G	  0.0	  2.0	0.000	0.000	0.000
1077	  G	  0.0	  1.2	0.000	0.000	0.000
1078	  S	  0.0	  1.0	0.000	0.000	0.000
1079	  N	  0.0	  0.7	0.000	0.000	0.000
1080	  P	  0.0	  0.0	0.000	0.000	0.000
1081	  V	  0.3	  0.3	0.000	0.000	0.000
1082	  D	  0.3	  1.9	0.000	0.000	0.000
1083	  D	  0.3	  2.1	0.000	0.000	0.000
1084	  G	  0.0	  2.5	0.000	0.000	0.000
1085	  K	  0.1	  2.2	0.000	0.000	0.000
1086	  D	  0.1	  0.7	0.000	0.000	0.000
1087	  K	  0.9	  0.6	0.000	0.000	0.000
1088	  T	  2.9	  0.2	0.000	9.060	9.060
1089	  T	  7.7	  0.2	0.000	9.060	9.060
1090	  V	  9.3	  0.0	0.000	9.060	9.060
1091	  V	  8.6	  0.0	0.000	9.060	9.060
1092	  T	  3.9	  0.1	0.000	9.060	9.060
1093	  D	  1.4	  9.8	0.000	0.000	0.000
1094	  K	  0.2	 10.3	0.000	0.000	0.000
1095	  D	  0.0	 10.3	0.000	0.000	0.000
1096	  G	  0.0	 10.2	0.000	0.000	0.000
1097	  H	  1.6	  0.6	0.000	0.000	0.000
1098	  V	  3.0	  0.0	0.000	0.000	0.000
1099	  H	  3.3	  0.1	0.000	0.000	0.000
1100	  T	  2.0	  0.1	0.000	0.000	0.000
1101	  D	  1.9	  0.1	0.000	0.000	0.000
1102	  I	  3.4	  0.1	0.000	0.000	0.000
1103	  I	  3.7	  0.0	0.000	0.000	0.000
1104	  S	  3.2	  0.0	0.000	0.000	0.000
1105	  H	  7.7	  0.0	0.000	0.000	0.000
1106	  I	 10.2	  0.0	0.000	0.000	0.000
1107	  T	 10.7	  0.0	0.000	0.000	0.000
1108	  T	  4.8	  0.1	0.000	0.000	0.000
1109	  T	  1.9	  0.1	0.131	0.000	0.000
1110	  D	  0.5	 10.4	0.131	0.000	0.000
1111	  K	  0.2	 11.7	0.131	0.000	0.000
1112	  D	  0.0	 11.6	0.131	0.000	0.000
1113	  G	  0.0	 11.5	0.131	0.000	0.000
1114	  K	  0.0	  1.4	0.131	0.000	0.000
1115	  P	  0.0	  0.2	0.000	0.123	0.123
1116	  T	  3.2	  0.2	0.000	8.093	8.093
1117	  V	 10.1	  0.2	0.000	13.157	13.157
1118	  I	 11.5	  0.0	0.000	13.473	13.473
1119	  L	  8.7	  0.0	0.000	13.473	13.473
1120	  T	  3.9	  0.0	0.000	13.349	13.349
1121	  Q	  5.8	  0.0	0.000	6.617	6.617
1122	  Y	  8.0	  0.0	0.000	5.256	5.256
1123	  Q	  6.0	  0.0	0.000	0.159	0.159
1124	  S	  2.6	  0.4	0.175	0.000	0.000
1125	  P	  0.0	  0.5	0.175	0.000	0.000
1126	  T	  0.3	  0.5	0.175	0.000	0.000
1127	  A	  0.4	  0.5	0.175	0.000	0.000
1128	  A	  0.4	  0.7	0.175	0.000	0.000
1129	  Q	  0.1	  0.8	0.175	0.000	0.000
1130	  D	  0.0	  1.0	0.000	0.000	0.000
1131	  G	  0.0	  1.0	0.000	0.000	0.000
1132	  T	  1.0	  0.4	0.000	0.000	0.000
1133	  S	  1.4	  0.3	0.000	0.000	0.000
1134	  K	  2.0	  0.1	0.000	0.000	0.000
1135	  T	 11.4	  0.1	0.000	0.000	0.000
1136	  I	 26.6	  0.1	0.000	0.000	0.000
1137	  T	 29.5	  0.1	0.000	0.000	0.000
1138	  V	 20.3	  0.5	0.000	0.000	0.000
1139	  D	  4.1	  0.6	0.000	0.000	0.000
1140	  G	  0.2	  0.6	0.000	0.000	0.000
1141	  E	  0.0	  0.5	0.000	0.000	0.000
1142	  E	  0.2	  0.1	0.000	0.000	0.000
1143	  I	  1.5	  0.1	0.000	0.000	0.000
1144	  I	  8.1	  0.0	0.000	0.000	0.000
1145	  E	  8.4	  0.0	0.000	0.000	0.000
1146	  V	 11.0	  0.0	0.000	1.433	1.433
1147	  V	 12.1	  0.0	0.000	1.433	1.433
1148	  H	 16.1	  0.0	0.000	1.433	1.433
1149	  I	 14.9	  0.0	0.000	1.672	1.672
1150	  T	  9.5	  0.0	0.000	1.672	1.672
1151	  T	 19.6	  0.0	0.000	1.395	1.395
1152	  Y	 18.3	  0.1	0.000	1.228	1.228
1153	  T	 16.4	  0.1	0.000	0.610	0.610
1154	  D	  1.7	  7.9	0.000	0.000	0.000
1155	  S	  0.4	  8.3	0.000	0.000	0.000
1156	  D	  0.0	  8.4	0.000	0.000	0.000
1157	  G	  0.0	  8.3	0.000	0.000	0.000
1158	  H	  2.7	  0.5	0.000	0.000	0.000
1159	  T	 11.3	  0.2	0.000	0.000	0.000
1160	  I	 13.0	  0.0	0.000	0.000	0.000
1161	  T	 11.1	  0.1	0.000	0.000	0.000
1162	  S	  2.9	  0.1	0.489	0.000	0.000
1163	  T	 18.2	  0.1	0.684	0.000	0.000
1164	  Y	 18.5	  0.1	0.684	0.000	0.000
1165	  T	 18.1	  0.0	0.932	0.000	0.000
1166	  E	  1.2	  0.0	0.932	0.000	0.000
1167	  M	  0.4	  0.0	0.932	0.000	0.000
1168	  F	  0.7	  0.2	0.832	0.000	0.000
1169	  K	  0.8	  0.2	0.709	0.000	0.000
1170	  T	  1.1	  0.2	0.406	0.000	0.000
1171	  L	  1.2	  0.2	0.406	0.000	0.000
1172	  I	  1.7	  0.0	0.406	0.000	0.000
1173	  D	  1.2	  0.0	0.406	0.000	0.000
1174	  A	  0.8	  0.0	0.289	0.000	0.000
1175	  E	  0.1	  0.2	0.289	0.000	0.000
1176	  P	  0.0	  0.1	0.000	0.000	0.000
1177	  Q	  1.5	  0.1	0.000	0.000	0.000
1178	  Y	  3.1	  0.1	0.000	0.000	0.000
1179	  V	  3.4	  0.0	0.000	0.000	0.000
1180	  S	  2.0	  0.1	0.000	0.000	0.000
1181	  E	  0.5	  0.1	0.000	0.000	0.000
1182	  T	  2.2	  0.1	0.000	0.000	0.000
1183	  T	  2.8	  0.2	0.000	0.000	0.000
1184	  Q	  2.8	  0.1	0.000	0.000	0.000
1185	  T	 12.1	  0.1	0.000	0.000	0.000
1186	  I	 14.5	  0.0	0.000	0.000	0.000
1187	  T	 15.9	  0.0	0.000	0.000	0.000
1188	  T	  5.1	  0.1	0.000	0.000	0.000
1189	  T	  1.9	  0.1	0.121	0.000	0.000
1190	  D	  0.4	  0.8	0.121	0.000	0.000
1191	  A	  0.1	  1.4	0.121	0.000	0.000
1192	  E	  0.0	  1.6	0.121	0.000	0.000
1193	  G	  0.1	  1.6	0.121	0.000	0.000
1194	  H	  0.6	  0.9	0.121	0.000	0.000
1195	  T	  2.0	  0.3	0.000	0.377	0.377
1196	  T	  2.9	  0.1	0.000	1.182	1.182
1197	  T	 11.4	  0.0	0.000	2.400	2.400
1198	  I	 12.3	  0.0	0.000	4.561	4.561
1199	  T	 12.6	  0.0	0.000	4.691	4.691
1200	  T	  6.1	  0.0	0.000	4.908	4.908
1201	  T	 19.4	  0.0	0.000	4.908	4.908
1202	  Y	 24.9	  0.0	0.000	4.908	4.908
1203	  T	 25.7	  0.1	0.000	3.885	3.885
1204	  I	 10.9	  0.1	0.000	3.754	3.754
1205	  D	  3.4	  2.0	0.000	0.000	0.000
1206	  N	  0.1	  2.5	0.000	0.000	0.000
1207	  N	  0.0	  3.1	0.000	0.000	0.000
1208	  G	  0.0	  3.1	0.000	0.000	0.000
1209	  N	  0.2	  1.1	0.000	0.000	0.000
1210	  A	  0.2	  0.7	0.000	0.000	0.000
1211	  V	  0.2	  0.0	0.000	0.000	0.000
1212	  P	  0.1	  0.0	0.000	0.000	0.000
1213	  I	  0.6	  0.0	0.000	0.000	0.000
1214	  V	  0.6	  0.2	0.000	0.000	0.000
1215	  P	  0.6	  0.3	0.000	0.000	0.000
1216	  S	  0.9	  1.1	0.000	0.000	0.000
1217	  S	  1.6	  1.9	0.000	0.000	0.000
1218	  S	  1.7	  1.7	0.000	0.000	0.000
1219	  S	  6.7	  1.9	0.000	0.000	0.000
1220	  M	  6.2	  1.2	0.000	0.000	0.000
1221	  S	  6.9	  1.2	0.000	0.000	0.000
1222	  S	  2.0	  2.0	0.000	0.000	0.000
1223	  S	  2.3	  2.3	0.000	0.000	0.000
1224	  S	  2.4	  3.0	0.000	0.000	0.000
1225	  S	  2.3	  2.9	0.000	0.000	0.000
1226	  S	  1.7	  2.2	0.000	0.000	0.000
1227	  S	  6.6	  1.9	0.000	0.000	0.000
1228	  M	  6.1	  1.2	0.000	0.000	0.000
1229	  S	  6.8	  1.2	0.000	0.000	0.000
1230	  S	  2.0	  2.0	0.000	0.000	0.000
1231	  S	  2.3	  2.3	0.000	0.000	0.000
1232	  S	  2.4	  3.0	0.000	0.000	0.000
1233	  S	  2.3	  2.9	0.000	0.000	0.000
1234	  S	  1.7	  2.2	0.000	0.000	0.000
1235	  S	  6.6	  1.9	0.000	0.000	0.000
1236	  M	  6.1	  1.2	0.000	0.000	0.000
1237	  S	  6.8	  1.3	0.000	0.000	0.000
1238	  S	  2.0	  2.0	0.000	0.000	0.000
1239	  S	  2.4	  2.4	0.000	0.000	0.000
1240	  S	  2.4	  3.0	0.000	0.000	0.000
1241	  S	  1.8	  2.2	0.000	0.000	0.000
1242	  S	  1.5	  1.4	0.000	0.000	0.000
1243	  I	  2.6	  0.7	0.000	0.182	0.182
1244	  I	  3.0	  0.1	0.000	0.182	0.182
1245	  S	  3.2	  0.7	0.000	0.182	0.182
1246	  S	  1.5	  0.7	0.000	0.182	0.182
1247	  S	  6.5	  0.9	0.000	0.182	0.182
1248	  I	  6.3	  0.9	0.000	0.182	0.182
1249	  S	  6.2	  0.2	0.000	0.000	0.000
1250	  S	  0.9	  0.2	0.000	0.000	0.000
1251	  A	  0.6	  0.1	0.000	0.000	0.000
1252	  I	  2.1	  0.0	0.000	0.000	0.000
1253	  S	  1.9	  0.0	0.000	0.000	0.000
1254	  T	  1.6	  1.5	0.000	0.000	0.000
1255	  P	  0.1	  1.9	0.000	0.000	0.000
1256	  S	  0.1	  2.0	0.000	0.000	0.000
1257	  G	  0.0	  2.3	0.000	0.000	0.000
1258	  Q	  0.4	  0.8	0.000	0.000	0.000
1259	  D	  1.0	  0.4	0.000	0.000	0.000
1260	  Y	  9.2	  0.3	0.000	0.364	0.364
1261	  T	 19.3	  0.0	0.000	0.364	0.364
1262	  I	 21.6	  0.0	0.000	0.364	0.364
1263	  T	 15.4	  0.1	0.000	0.364	0.364
1264	  T	  4.5	  0.2	0.000	0.364	0.364
1265	  T	  1.6	  0.7	0.000	0.136	0.136
1266	  G	  0.2	  1.9	0.000	0.000	0.000
1267	  S	  0.1	  2.5	0.000	0.000	0.000
1268	  D	  0.0	  2.3	0.000	0.000	0.000
1269	  G	  0.0	  1.8	0.000	0.000	0.000
1270	  K	  3.9	  0.6	0.000	0.000	0.000
1271	  I	  4.4	  0.1	0.000	0.000	0.000
1272	  E	  4.4	  0.1	0.000	0.000	0.000
1273	  T	  0.8	  0.1	0.000	0.000	0.000
1274	  D	  1.3	  0.1	0.000	0.000	0.000
1275	  I	  3.9	  0.0	0.000	0.131	0.131
1276	  V	  5.7	  0.0	0.000	0.131	0.131
1277	  S	  5.6	  0.0	0.000	0.131	0.131
1278	  H	  8.7	  0.0	0.000	0.131	0.131
1279	  I	  9.5	  0.0	0.000	1.693	1.693
1280	  T	 10.0	  0.0	0.000	1.693	1.693
1281	  T	  5.9	  0.0	0.000	1.693	1.693
1282	  T	  7.7	  0.1	0.000	1.693	1.693
1283	  V	  6.6	  9.3	0.000	1.693	1.693
1284	  N	  4.9	  9.3	0.000	0.000	0.000
1285	  G	  0.3	  9.3	0.000	0.000	0.000
1286	  K	  0.0	  9.3	0.000	0.000	0.000
1287	  P	  0.0	  0.1	0.000	0.000	0.000
1288	  T	  0.9	  0.1	0.000	0.000	0.000
1289	  T	 12.0	  0.1	0.000	0.000	0.000
1290	  I	 15.1	  0.0	0.000	0.000	0.000
1291	  T	 15.8	  0.0	0.000	0.000	0.000
1292	  T	  7.7	  0.0	0.000	0.000	0.000
1293	  T	  5.0	  0.0	0.000	0.000	0.000
1294	  V	  3.5	  0.0	0.000	0.000	0.000
1295	  P	  0.6	  0.0	0.000	0.000	0.000
1296	  C	  1.4	  0.0	0.000	0.000	0.000
1297	  D	  2.2	  0.2	0.254	0.000	0.000
1298	  V	  3.1	  0.4	0.254	0.000	0.000
1299	  S	  1.7	  0.6	0.254	0.000	0.000
1300	  T	  1.0	  0.8	0.254	0.000	0.000
1301	  G	  0.2	  0.9	0.254	0.000	0.000
1302	  K	  0.1	  0.8	0.254	0.000	0.000
1303	  D	  0.0	  0.7	0.000	0.000	0.000
1304	  R	  0.3	  0.5	0.000	0.000	0.000
1305	  T	  1.7	  0.2	0.000	0.227	0.227
1306	  T	  3.6	  0.1	0.000	0.227	0.227
1307	  T	 13.5	  0.0	0.000	0.227	0.227
1308	  V	 15.9	  0.0	0.000	0.227	0.227
1309	  T	 15.7	  0.0	0.000	0.227	0.227
1310	  H	  5.8	  1.4	0.000	0.000	0.000
1311	  S	  1.7	  3.1	0.000	0.000	0.000
1312	  N	  0.0	  3.1	0.000	0.000	0.000
1313	  G	  0.1	  3.1	0.000	0.000	0.000
1314	  V	  3.2	  1.7	0.000	0.000	0.000
1315	  I	  3.6	  0.0	0.000	0.000	0.000
1316	  E	  3.7	  0.1	0.000	0.000	0.000
1317	  T	  1.2	  0.1	0.000	0.000	0.000
1318	  N	  2.4	  0.1	0.000	0.000	0.000
1319	  V	  6.3	  0.0	0.000	0.463	0.463
1320	  V	  7.7	  0.0	0.000	0.463	0.463
1321	  S	  6.8	  0.0	0.000	0.463	0.463
1322	  H	  8.6	  0.0	0.000	0.463	0.463
1323	  I	  9.3	  0.0	0.000	2.021	2.021
1324	  T	  9.8	  0.0	0.000	1.884	1.884
1325	  T	  5.9	  0.0	0.000	1.884	1.884
1326	  T	  7.7	  0.1	0.000	1.884	1.884
1327	  V	  6.6	  9.3	0.000	1.884	1.884
1328	  N	  4.9	  9.3	0.000	0.000	0.000
1329	  G	  0.3	  9.3	0.000	0.000	0.000
1330	  K	  0.0	  9.3	0.000	0.000	0.000
1331	  P	  0.0	  0.1	0.000	0.000	0.000
1332	  T	  0.9	  0.1	0.000	0.000	0.000
1333	  T	 12.0	  0.1	0.000	0.000	0.000
1334	  I	 15.1	  0.0	0.000	0.000	0.000
1335	  T	 15.8	  0.0	0.000	0.000	0.000
1336	  T	  7.7	  0.0	0.000	0.000	0.000
1337	  T	  5.0	  0.0	0.000	0.000	0.000
1338	  V	  3.5	  0.0	0.000	0.000	0.000
1339	  P	  0.6	  0.0	0.000	0.000	0.000
1340	  C	  1.4	  0.0	0.000	0.000	0.000
1341	  D	  2.2	  0.3	0.153	0.000	0.000
1342	  V	  4.2	  0.4	0.153	0.000	0.000
1343	  S	  2.9	  1.3	0.153	0.000	0.000
1344	  A	  2.1	  1.4	0.153	0.000	0.000
1345	  G	  0.1	  1.5	0.153	0.000	0.000
1346	  K	  0.0	  1.5	0.153	0.000	0.000
1347	  D	  0.0	  0.6	0.000	0.000	0.000
1348	  R	  0.2	  0.5	0.000	0.000	0.000
1349	  T	  1.7	  0.2	0.000	0.227	0.227
1350	  T	  3.6	  0.1	0.000	0.227	0.227
1351	  T	 13.5	  0.0	0.000	0.227	0.227
1352	  V	 15.9	  0.0	0.000	0.227	0.227
1353	  T	 15.7	  0.0	0.000	0.227	0.227
1354	  H	  5.8	  1.4	0.000	0.000	0.000
1355	  S	  1.7	  3.1	0.000	0.000	0.000
1356	  N	  0.0	  3.1	0.000	0.000	0.000
1357	  G	  0.1	  3.1	0.000	0.000	0.000
1358	  V	  3.1	  1.7	0.000	0.000	0.000
1359	  I	  3.6	  0.0	0.000	0.000	0.000
1360	  E	  3.6	  0.1	0.000	0.000	0.000
1361	  T	  1.2	  0.1	0.000	0.000	0.000
1362	  N	  3.6	  0.1	0.000	0.000	0.000
1363	  V	  7.3	  0.0	0.000	0.133	0.133
1364	  I	  7.2	  0.0	0.000	0.133	0.133
1365	  S	  5.1	  0.0	0.000	0.133	0.133
1366	  H	  7.5	  0.0	0.000	0.133	0.133
1367	  I	  9.9	  0.0	0.000	0.133	0.133
1368	  T	 10.5	  0.0	0.000	0.000	0.000
1369	  T	  4.8	  0.1	0.000	0.000	0.000
1370	  T	  2.2	  0.2	0.000	0.000	0.000
1371	  D	  0.8	  9.1	0.000	0.000	0.000
1372	  S	  0.4	 12.3	0.000	0.000	0.000
1373	  N	  0.0	 12.2	0.000	0.000	0.000
1374	  G	  0.0	 12.1	0.000	0.000	0.000
1375	  K	  0.0	  3.3	0.000	0.000	0.000
1376	  P	  0.0	  0.1	0.000	0.000	0.000
1377	  T	  0.9	  0.1	0.000	0.000	0.000
1378	  T	 12.2	  0.1	0.000	0.000	0.000
1379	  I	 15.2	  0.0	0.000	0.000	0.000
1380	  T	 15.7	  0.0	0.000	0.000	0.000
1381	  T	  6.1	  0.0	0.000	0.000	0.000
1382	  T	  4.3	  0.1	0.000	0.000	0.000
1383	  T	  5.3	  0.1	0.000	0.000	0.000
1384	  T	  4.7	  0.1	0.000	0.000	0.000
1385	  K	  4.0	  0.2	0.000	0.000	0.000
1386	  L	  1.7	  0.2	0.000	0.000	0.000
1387	  N	  0.9	  0.2	0.000	0.000	0.000
1388	  N	  0.2	  0.3	0.000	0.000	0.000
1389	  A	  0.1	  0.2	0.000	0.000	0.000
1390	  H	  0.8	  0.2	0.000	0.000	0.000
1391	  T	  2.4	  0.2	0.000	0.000	0.000
1392	  T	  3.1	  0.1	0.000	0.000	0.000
1393	  T	  5.0	  0.1	0.000	0.000	0.000
1394	  L	  3.6	  0.1	0.000	0.000	0.000
1395	  T	  3.1	  0.1	0.000	0.000	0.000
1396	  N	  0.5	  7.6	0.000	0.000	0.000
1397	  K	  0.3	  7.8	0.000	0.000	0.000
1398	  D	  0.0	  7.8	0.000	0.000	0.000
1399	  G	  0.0	  7.8	0.000	0.000	0.000
1400	  S	  3.9	  0.6	0.000	0.000	0.000
1401	  V	  4.5	  0.3	0.000	0.000	0.000
1402	  D	  4.7	  0.3	0.530	0.000	0.000
1403	  T	  2.3	  0.4	0.530	0.000	0.000
1404	  K	  2.3	  0.1	0.530	0.000	0.000
1405	  T	  7.5	  0.1	0.530	4.993	4.993
1406	  V	  7.1	  0.1	0.530	9.495	9.495
1407	  V	  6.7	  0.0	0.530	9.928	9.928
1408	  G	  1.4	  0.0	0.530	9.928	9.928
1409	  V	  2.1	  0.0	0.000	9.928	9.928
1410	  T	  3.4	  0.1	0.000	7.640	7.640
1411	  T	  3.8	  0.1	0.000	3.968	3.968
1412	  T	  2.7	  0.1	0.000	1.490	1.490
1413	  N	  2.1	  0.3	0.000	0.000	0.000
1414	  Q	  1.8	  0.4	0.000	0.000	0.000
1415	  F	  1.6	  0.4	0.000	0.000	0.000
1416	  G	  0.5	  0.3	0.000	0.000	0.000
1417	  Q	  0.3	  0.2	0.000	0.000	0.000
1418	  P	  0.0	  0.0	0.000	0.154	0.154
1419	  V	  3.4	  0.0	0.000	21.826	21.826
1420	  I	  4.9	  0.0	0.000	23.139	23.139
1421	  T	  5.1	  0.0	0.000	23.139	23.139
1422	  S	  3.6	  0.0	0.000	23.139	23.139
1423	  I	 15.2	  0.0	0.000	23.139	23.139
1424	  T	 39.2	  0.0	0.000	17.342	17.342
1425	  Y	 37.8	  0.0	0.000	13.569	13.569
1426	  T	 26.8	  0.1	0.000	0.000	0.000
1427	  P	  0.5	  0.2	0.000	0.000	0.000
1428	  K	  0.1	  0.6	0.000	0.000	0.000
1429	  A	  0.1	  0.6	0.000	0.000	0.000
1430	  D	  0.1	  0.7	0.000	0.000	0.000
1431	  S	  1.4	  0.9	0.000	0.000	0.000
1432	  H	  1.4	  1.1	0.000	0.000	0.000
1433	  S	  1.4	  1.3	0.000	0.000	0.000
1434	  N	  0.1	  2.0	0.000	0.000	0.000
1435	  S	  0.1	  1.7	0.000	0.000	0.000
1436	  N	  0.1	  1.4	0.000	0.000	0.000
1437	  V	  0.1	  1.1	0.000	0.412	0.412
1438	  G	  0.1	  0.2	0.000	0.412	0.412
1439	  T	  4.0	  0.2	0.000	0.412	0.412
1440	  V	  4.6	  0.2	0.000	0.412	0.412
1441	  A	  4.5	  0.2	0.000	0.412	0.412
1442	  G	  0.6	  0.3	0.000	0.000	0.000
1443	  T	  0.1	  0.8	0.139	0.000	0.000
1444	  K	  0.1	  0.7	0.139	0.000	0.000
1445	  G	  0.1	  0.7	0.139	0.000	0.000
1446	  A	  0.1	  0.8	0.139	0.000	0.000
1447	  A	  0.1	  1.9	0.139	0.000	0.000
1448	  G	  0.0	  1.8	0.139	0.000	0.000
1449	  N	  0.0	  1.7	0.139	0.000	0.000
1450	  N	  0.0	 13.4	0.000	0.000	0.000
1451	  P	  0.0	 12.1	0.000	0.000	0.000
1452	  S	  0.1	 12.6	0.000	0.000	0.000
1453	  G	  0.1	 12.7	0.000	0.000	0.000
1454	  T	  0.6	  0.8	0.000	0.000	0.000
1455	  N	  0.5	  0.6	0.000	0.000	0.000
1456	  K	  0.5	  0.2	0.000	0.000	0.000
1457	  P	  0.0	  0.2	0.000	0.000	0.000
1458	  Q	  0.4	  0.2	0.000	0.000	0.000
1459	  T	  0.6	  0.2	0.000	0.000	0.000
1460	  K	  0.6	  0.3	0.000	0.000	0.000
1461	  P	  0.2	  0.3	0.000	0.000	0.000
1462	  T	  0.3	  0.6	0.000	0.000	0.000
1463	  A	  0.3	  0.7	0.000	0.000	0.000
1464	  N	  0.3	  1.6	0.000	0.000	0.000
1465	  A	  0.0	  2.3	0.000	0.000	0.000
1466	  G	  0.0	  3.0	0.000	0.000	0.000
1467	  S	  0.0	  3.8	0.000	0.000	0.000
1468	  N	  0.0	  2.8	0.000	0.000	0.000
1469	  G	  0.0	  2.1	0.000	0.000	0.000
1470	  A	  0.1	  1.0	0.000	0.000	0.000
1471	  S	  0.1	  0.4	0.675	0.000	0.000
1472	  P	  0.0	  0.2	0.675	0.000	0.000
1473	  A	  0.0	  0.5	0.675	0.000	0.000
1474	  A	  0.0	  0.5	0.675	0.000	0.000
1475	  N	  0.0	  1.5	0.675	0.000	0.000
1476	  A	  0.0	  2.3	0.675	0.000	0.000
1477	  G	  0.0	  3.0	0.427	0.000	0.000
1478	  S	  0.0	  3.8	0.153	0.000	0.000
1479	  N	  0.0	  2.8	0.000	0.000	0.000
1480	  G	  0.0	  2.1	0.000	0.000	0.000
1481	  A	  0.1	  1.0	0.000	0.000	0.000
1482	  S	  0.1	  0.4	0.675	0.000	0.000
1483	  P	  0.0	  0.2	0.675	0.000	0.000
1484	  A	  0.0	  0.5	0.675	0.000	0.000
1485	  A	  0.0	  0.5	0.675	0.000	0.000
1486	  N	  0.0	  1.5	0.675	0.000	0.000
1487	  A	  0.0	  2.3	0.675	0.000	0.000
1488	  G	  0.0	  3.0	0.427	0.000	0.000
1489	  S	  0.0	  3.8	0.153	0.000	0.000
1490	  N	  0.0	  2.8	0.000	0.000	0.000
1491	  G	  0.0	  2.1	0.000	0.000	0.000
1492	  A	  0.1	  1.0	0.000	0.000	0.000
1493	  S	  0.1	  0.4	0.675	0.000	0.000
1494	  P	  0.0	  0.2	0.675	0.000	0.000
1495	  A	  0.0	  0.5	0.675	0.000	0.000
1496	  A	  0.0	  0.5	0.675	0.000	0.000
1497	  N	  0.0	  1.5	0.675	0.000	0.000
1498	  A	  0.0	  2.3	0.675	0.000	0.000
1499	  G	  0.0	  3.0	0.427	0.000	0.000
1500	  S	  0.0	  3.8	0.153	0.000	0.000
1501	  N	  0.0	  2.8	0.000	0.000	0.000
1502	  G	  0.0	  2.1	0.000	0.000	0.000
1503	  A	  0.1	  1.0	0.000	0.000	0.000
1504	  S	  0.1	  0.4	0.675	0.000	0.000
1505	  P	  0.0	  0.2	0.675	0.000	0.000
1506	  A	  0.0	  0.5	0.675	0.000	0.000
1507	  A	  0.0	  0.5	0.675	0.000	0.000
1508	  N	  0.0	  1.5	0.675	0.000	0.000
1509	  A	  0.0	  2.3	0.675	0.000	0.000
1510	  G	  0.0	  3.0	0.427	0.000	0.000
1511	  S	  0.0	  3.8	0.153	0.000	0.000
1512	  N	  0.0	  2.8	0.000	0.000	0.000
1513	  G	  0.0	  2.1	0.000	0.000	0.000
1514	  A	  0.1	  1.0	0.000	0.000	0.000
1515	  S	  0.1	  0.4	0.675	0.000	0.000
1516	  P	  0.0	  0.2	0.675	0.000	0.000
1517	  A	  0.0	  0.5	0.675	0.000	0.000
1518	  A	  0.0	  0.5	0.675	0.000	0.000
1519	  N	  0.0	  1.5	0.675	0.000	0.000
1520	  A	  0.0	  2.3	0.675	0.000	0.000
1521	  G	  0.0	  3.0	0.427	0.000	0.000
1522	  S	  0.0	  3.8	0.153	0.000	0.000
1523	  N	  0.0	  2.8	0.000	0.000	0.000
1524	  G	  0.0	  2.1	0.000	0.000	0.000
1525	  A	  0.1	  1.0	0.000	0.000	0.000
1526	  S	  0.1	  0.4	0.675	0.000	0.000
1527	  P	  0.0	  0.2	0.675	0.000	0.000
1528	  A	  0.0	  0.5	0.675	0.000	0.000
1529	  A	  0.0	  0.5	0.675	0.000	0.000
1530	  N	  0.0	  1.5	0.675	0.000	0.000
1531	  A	  0.0	  2.3	0.675	0.000	0.000
1532	  G	  0.0	  3.0	0.427	0.000	0.000
1533	  S	  0.0	  3.8	0.153	0.000	0.000
1534	  N	  0.0	  2.8	0.000	0.000	0.000
1535	  G	  0.0	  2.1	0.000	0.000	0.000
1536	  A	  0.1	  1.0	0.000	0.000	0.000
1537	  S	  0.1	  0.4	0.675	0.000	0.000
1538	  P	  0.0	  0.2	0.675	0.000	0.000
1539	  A	  0.0	  0.5	0.675	0.000	0.000
1540	  A	  0.0	  0.5	0.675	0.000	0.000
1541	  N	  0.0	  1.5	0.675	0.000	0.000
1542	  A	  0.0	  2.3	0.675	0.000	0.000
1543	  G	  0.0	  3.0	0.427	0.000	0.000
1544	  S	  0.0	  3.8	0.153	0.000	0.000
1545	  N	  0.0	  2.8	0.000	0.000	0.000
1546	  G	  0.0	  2.1	0.000	0.000	0.000
1547	  A	  0.1	  1.0	0.000	0.000	0.000
1548	  S	  0.1	  0.4	0.684	0.000	0.000
1549	  P	  0.0	  0.2	0.684	0.000	0.000
1550	  A	  0.0	  0.5	0.684	0.000	0.000
1551	  A	  0.0	  0.5	0.684	0.000	0.000
1552	  N	  0.0	  1.5	0.684	0.000	0.000
1553	  A	  0.0	  1.8	0.684	0.000	0.000
1554	  G	  0.1	  1.5	0.432	0.000	0.000
1555	  S	  0.4	  1.5	0.154	0.000	0.000
1556	  A	  1.2	  0.3	0.000	0.000	0.000
1557	  V	  1.6	  0.0	0.000	0.000	0.000
1558	  A	  1.3	  0.2	0.000	0.000	0.000
1559	  P	  0.4	  0.2	0.000	0.000	0.000
1560	  K	  0.1	  0.4	0.000	0.000	0.000
1561	  A	  0.3	  0.4	0.000	0.000	0.000
1562	  S	  3.3	  1.6	0.000	0.000	0.000
1563	  A	  3.2	  1.8	0.000	0.000	0.000
1564	  S	  3.1	  1.9	0.000	0.000	0.000
1565	  N	  0.1	  1.9	0.512	0.000	0.000
1566	  S	  0.2	  0.5	0.938	0.000	0.000
1567	  A	  0.3	  0.3	0.938	0.000	0.000
1568	  A	  0.7	  0.1	0.938	0.000	0.000
1569	  V	  2.0	  0.0	0.938	0.000	0.000
1570	  Q	  2.1	  0.1	0.938	0.000	0.000
1571	  Q	  1.8	  0.1	0.687	0.000	0.000
1572	  Q	  0.5	  0.2	0.383	0.000	0.000
1573	  S	  0.3	  0.2	0.000	0.000	0.000
1574	  S	  3.1	  3.6	0.177	0.000	0.000
1575	  A	  3.1	  3.9	0.177	0.000	0.000
1576	  S	  3.1	  4.4	0.177	0.000	0.000
1577	  G	  0.2	  4.4	0.177	0.000	0.000
1578	  R	  0.1	  1.0	0.177	0.000	0.000
1579	  N	  0.0	  3.9	0.177	0.000	0.000
1580	  P	  0.0	  3.4	0.000	0.000	0.000
1581	  G	  0.0	  3.7	0.000	0.000	0.000
1582	  A	  0.2	  3.7	0.000	0.000	0.000
1583	  S	  0.4	  0.4	0.000	0.000	0.000
1584	  A	  0.4	  0.3	0.000	0.000	0.000
1585	  A	  0.2	  0.2	0.000	0.000	0.000
1586	  P	  0.0	  0.2	0.000	0.000	0.000
1587	  T	  4.2	  0.2	0.000	0.000	0.000
1588	  I	  4.5	  0.2	0.000	0.000	0.000
1589	  Q	  4.7	  0.0	0.133	0.000	0.000
1590	  Q	  1.7	  0.0	0.133	0.000	0.000
1591	  I	  1.7	  0.0	0.133	0.000	0.000
1592	  N	  1.5	  2.5	0.703	0.000	0.000
1593	  K	  0.4	  2.5	0.703	0.000	0.000
1594	  N	  0.1	  2.5	0.850	0.000	0.000
1595	  A	  0.2	  2.6	0.717	0.000	0.000
1596	  A	  0.2	  0.3	0.717	0.000	0.000
1597	  S	  0.3	  0.3	0.717	0.000	0.000
1598	  S	  0.8	  0.3	0.301	0.000	0.000
1599	  M	  0.8	  0.2	0.147	0.000	0.000
1600	  K	  0.9	  0.1	0.000	0.000	0.000
1601	  Q	  0.5	  0.1	0.000	0.000	0.000
1602	  T	  1.2	  0.1	0.000	0.008	0.008
1603	  K	  1.2	  0.1	0.000	0.040	0.040
1604	  I	  1.2	  0.1	0.000	71.178	71.178
1605	  G	  0.5	  0.0	3.221	77.364	77.364
1606	  V	  1.8	  0.0	3.221	92.720	92.720
1607	  T	  3.5	  0.0	3.674	93.988	93.988
1608	  T	  6.6	  0.0	4.681	96.093	96.093
1609	  V	  6.5	  0.0	4.846	99.587	99.587
1610	  L	  7.8	  0.0	4.846	99.875	99.875
1611	  T	  6.8	  0.0	4.846	99.922	99.922
1612	  I	  7.9	  0.0	4.846	99.986	99.986
1613	  L	  5.1	  0.0	4.846	99.980	99.980
1614	  L	  3.2	  0.0	4.694	99.900	99.900
1615	  F	  5.0	  0.0	4.457	99.439	99.439
1616	  T	  6.0	  0.0	0.265	93.463	93.463
1617	  L	  5.7	  0.0	0.265	87.380	87.380
1618	  F	  1.5	  0.0	0.265	0.050	0.050
