res	aa	Beta	Turn	Helix	Aggregation	Conc-Stab_Aggregation
01	  M	  2.1	  0.0	0.000	0.000	0.000
02	  K	  3.2	  0.0	0.000	0.000	0.000
03	  V	  4.0	  0.0	0.000	10.008	10.008
04	  S	  2.3	  0.0	0.000	11.428	11.428
05	  T	  3.3	  0.0	0.000	38.558	38.558
06	  I	  3.4	  0.0	0.000	81.714	81.714
07	  F	  7.7	  0.0	0.000	85.440	85.440
08	  S	 15.2	  0.1	0.384	85.437	85.437
09	  V	 18.1	  0.1	0.384	86.797	86.797
10	  S	 14.3	  0.1	0.635	85.255	85.255
11	  L	  5.0	  0.1	0.635	85.243	85.243
12	  I	  1.8	  0.2	0.822	82.700	82.700
13	  A	  1.5	  0.3	0.822	52.568	52.568
14	  G	  1.0	  0.3	0.728	26.311	26.311
15	  A	  0.1	  0.3	0.547	23.953	23.953
16	  L	  0.3	  0.1	0.305	21.918	21.918
17	  A	  0.3	  0.0	0.305	10.093	10.093
18	  A	  0.2	  0.0	0.305	0.082	0.082
19	  P	  0.0	  0.0	0.000	0.398	0.398
20	  A	  0.5	  0.0	0.000	35.897	35.897
21	  V	  2.8	  0.0	0.000	68.320	68.320
22	  V	 20.5	  0.0	0.000	68.320	68.320
23	  T	 28.7	  0.0	0.000	68.320	68.320
24	  V	 27.9	  0.0	0.000	68.320	68.320
25	  T	 12.0	  0.1	0.000	60.127	60.127
26	  K	  2.1	  0.1	0.000	0.000	0.000
27	  E	  0.7	  0.1	0.000	0.000	0.000
28	  A	  0.2	  0.1	0.000	0.000	0.000
29	  P	  0.0	  0.1	0.000	0.000	0.000
30	  P	  0.0	  0.1	0.000	0.000	0.000
31	  A	  0.2	  0.1	0.000	0.000	0.000
32	  R	  2.0	  0.1	0.000	0.000	0.000
33	  V	 19.8	  0.0	0.000	22.658	22.658
34	  T	 27.5	  0.0	0.167	24.465	24.465
35	  V	 26.6	  0.0	0.167	27.742	27.742
36	  Q	 10.1	  0.0	0.167	27.742	27.742
37	  A	  1.5	  0.0	0.167	28.255	28.255
38	  V	  4.5	  0.0	0.167	28.255	28.255
39	  V	 16.0	  0.0	0.167	27.489	27.489
40	  N	 19.0	  0.0	0.167	14.456	14.456
41	  V	 16.2	  0.4	0.000	12.186	12.186
42	  E	  5.1	  0.5	0.000	0.000	0.000
43	  D	  0.7	  2.5	0.000	0.000	0.000
44	  G	  0.0	  2.6	0.000	0.000	0.000
45	  G	  0.0	  2.3	0.000	0.000	0.000
46	  R	  0.2	  2.3	0.000	0.000	0.000
47	  Q	  0.3	  0.3	0.000	0.000	0.000
48	  S	  0.4	  0.3	0.000	0.000	0.000
49	  S	  5.4	  0.5	1.045	0.000	0.000
50	  L	  5.5	  0.5	1.045	0.000	0.000
51	  S	  5.6	  0.4	3.537	0.000	0.000
52	  T	  1.3	  0.3	3.669	0.000	0.000
53	  L	  1.2	  0.1	3.669	0.000	0.000
54	  E	  1.4	  0.1	3.669	0.000	0.000
55	  K	  0.7	  0.1	3.294	0.000	0.000
56	  K	  1.2	  0.1	2.912	0.000	0.000
57	  T	  2.3	  0.2	0.323	0.000	0.000
58	  K	  2.7	  0.2	0.323	0.000	0.000
59	  T	  5.3	  0.2	0.000	0.000	0.000
60	  K	  4.1	  0.3	0.000	0.000	0.000
61	  S	  3.7	  0.2	0.000	0.000	0.000
62	  Q	  0.6	  0.3	0.000	0.000	0.000
63	  K	  0.6	  0.2	0.000	0.000	0.000
64	  K	  1.8	  0.2	0.000	0.000	0.000
65	  T	  1.8	  0.1	0.000	0.000	0.000
66	  K	  1.7	  0.1	0.000	0.000	0.000
67	  P	  0.2	  0.0	0.000	0.000	0.000
68	  T	  0.1	  0.3	0.000	0.000	0.000
69	  P	  0.0	  0.4	0.000	0.000	0.000
70	  S	  0.5	  0.9	0.625	0.000	0.000
71	  T	  0.5	  1.0	6.311	0.000	0.000
72	  D	  0.7	  2.1	9.269	0.000	0.000
73	  L	  0.3	  2.0	9.532	0.000	0.000
74	  D	  0.2	  1.7	10.990	0.000	0.000
75	  K	  0.3	  1.7	11.099	0.000	0.000
76	  R	  0.3	  0.2	11.099	0.000	0.000
77	  A	  0.4	  0.2	10.544	0.000	0.000
78	  Q	  0.3	  0.1	9.882	0.000	0.000
79	  K	  0.3	  0.1	7.039	0.000	0.000
80	  K	  0.4	  0.2	3.300	0.000	0.000
81	  R	  0.4	  0.4	1.171	0.000	0.000
82	  S	  0.4	  0.3	0.489	0.000	0.000
83	  N	  0.4	  0.7	1.228	0.000	0.000
84	  L	  0.3	  0.8	1.206	0.000	0.000
85	  S	  0.3	  0.5	3.138	0.000	0.000
86	  E	  1.0	  0.5	4.014	0.000	0.000
87	  W	  1.9	  0.2	4.276	0.000	0.000
88	  Q	  2.2	  0.1	4.449	0.000	0.000
89	  Q	  1.6	  0.1	4.332	0.000	0.000
90	  K	  0.8	  0.1	4.210	0.000	0.000
91	  M	  1.0	  0.0	4.101	0.000	0.000
92	  L	  0.8	  0.0	4.101	0.000	0.000
93	  D	  0.6	  0.2	4.582	0.000	0.000
94	  Q	  0.4	  0.3	3.955	0.000	0.000
95	  H	  0.3	  0.3	1.276	0.000	0.000
96	  N	  0.3	  0.4	1.366	0.000	0.000
97	  K	  0.2	  0.2	1.255	0.000	0.000
98	  K	  0.4	  0.2	1.112	0.000	0.000
99	  R	  0.4	  0.2	0.737	0.000	0.000
100	  E	  1.5	  0.1	0.631	0.000	0.000
101	  L	  1.4	  0.1	0.631	0.000	0.000
102	  H	  1.6	  0.5	0.373	0.000	0.000
103	  K	  0.6	  0.5	0.117	0.000	0.000
104	  D	  0.5	  1.5	0.000	0.000	0.000
105	  T	  0.8	  1.6	0.000	0.000	0.000
106	  D	  0.6	  1.1	0.000	0.000	0.000
107	  S	  0.9	  1.1	0.000	0.000	0.000
108	  L	  1.4	  0.1	0.000	0.000	0.000
109	  V	  3.8	  0.1	0.000	0.000	0.000
110	  W	  3.7	  0.1	0.103	0.000	0.000
111	  N	  2.7	  0.8	0.648	0.000	0.000
112	  D	  0.2	  0.8	1.463	0.000	0.000
113	  N	  0.0	  0.8	5.000	0.592	0.592
114	  L	  0.4	  0.7	5.206	7.803	7.803
115	  A	  0.9	  0.0	5.206	8.017	8.017
116	  I	  1.6	  0.0	5.206	8.135	8.135
117	  L	  1.3	  0.0	5.206	8.135	8.135
118	  A	  0.9	  0.1	5.206	7.814	7.814
119	  Q	  0.9	  0.1	4.885	0.850	0.850
120	  S	  1.4	  0.1	1.712	0.463	0.463
121	  Y	  1.6	  0.4	1.009	0.463	0.463
122	  A	  0.7	  0.3	0.866	0.463	0.463
123	  D	  0.2	  0.5	0.866	0.000	0.000
124	  R	  3.5	  0.7	0.727	0.000	0.000
125	  Y	  8.4	  0.4	0.727	0.000	0.000
126	  D	  8.7	  1.7	0.349	0.000	0.000
127	  C	  5.6	  1.8	0.000	0.000	0.000
128	  S	  0.7	  3.6	0.000	0.000	0.000
129	  G	  0.3	  3.6	0.000	0.000	0.000
130	  N	  0.1	  2.3	0.000	0.000	0.000
131	  L	  0.2	  2.0	0.000	0.000	0.000
132	  A	  0.3	  0.0	0.000	0.000	0.000
133	  H	  0.3	  0.0	0.000	0.000	0.000
134	  N	  0.1	  0.3	0.000	0.000	0.000
135	  P	  0.0	  0.3	0.000	0.000	0.000
136	  E	  0.1	  0.3	0.000	0.000	0.000
137	  F	  1.1	  0.3	0.000	0.000	0.000
138	  I	  2.0	  0.0	0.000	0.000	0.000
139	  E	  2.0	  0.0	0.000	0.000	0.000
140	  A	  1.0	  0.1	0.000	0.000	0.000
141	  I	  0.1	  0.5	0.000	0.000	0.000
142	  G	  0.1	  0.9	0.328	0.000	0.000
143	  E	  0.1	  0.9	0.328	0.000	0.000
144	  N	  0.0	  0.8	0.448	0.000	0.000
145	  L	  0.4	  0.4	0.448	0.000	0.000
146	  A	  0.5	  0.0	0.448	0.000	0.000
147	  V	  0.6	  0.0	0.448	0.000	0.000
148	  G	  0.4	  0.1	0.448	0.000	0.000
149	  Y	  0.5	  0.5	0.119	0.000	0.000
150	  D	  0.4	  0.5	0.000	0.000	0.000
151	  D	  1.1	  1.2	0.000	0.000	0.000
152	  I	  1.4	  1.1	0.000	0.000	0.000
153	  D	  1.4	  0.8	1.430	0.000	0.000
154	  A	  0.9	  0.8	1.430	0.000	0.000
155	  I	  0.9	  0.0	1.430	0.000	0.000
156	  D	  1.0	  0.0	1.430	0.000	0.000
157	  A	  0.9	  0.0	1.430	0.000	0.000
158	  W	  1.2	  0.0	1.430	0.000	0.000
159	  Y	  1.3	  0.1	0.687	0.000	0.000
160	  D	  1.1	  0.1	0.000	0.000	0.000
161	  E	  0.8	  0.1	0.000	0.000	0.000
162	  I	  0.8	  0.1	0.000	0.000	0.000
163	  Q	  2.3	  0.1	0.000	0.000	0.000
164	  H	  4.1	  0.2	0.000	0.000	0.000
165	  Y	  6.1	  0.2	0.000	0.000	0.000
166	  D	  5.2	  0.6	0.000	0.000	0.000
167	  Y	  3.3	  0.6	0.000	0.000	0.000
168	  S	  1.1	  0.5	0.000	0.000	0.000
169	  N	  0.5	  0.5	0.000	0.000	0.000
170	  P	  0.0	  0.0	0.000	0.000	0.000
171	  V	  2.2	  0.0	0.000	0.000	0.000
172	  H	  2.3	  0.8	0.000	0.000	0.000
173	  Q	  2.3	  1.1	0.000	0.000	0.000
174	  G	  0.1	  1.2	0.000	0.000	0.000
175	  R	  0.1	  1.2	0.000	0.000	0.000
176	  T	  0.7	  0.5	0.000	0.000	0.000
177	  A	  1.1	  0.2	0.000	0.000	0.000
178	  H	  4.1	  0.1	0.000	0.140	0.140
179	  F	  7.3	  0.1	0.000	13.014	13.014
180	  T	  7.8	  0.1	0.000	13.970	13.970
181	  Q	  5.5	  0.1	0.000	13.970	13.970
182	  L	  2.6	  0.1	0.000	13.970	13.970
183	  V	  2.5	  0.0	0.000	13.970	13.970
184	  W	  2.0	  0.2	0.000	13.459	13.459
185	  K	  1.3	  0.2	0.000	0.000	0.000
186	  D	  0.7	  0.3	0.000	0.000	0.000
187	  T	  1.0	  0.5	0.000	0.000	0.000
188	  K	  1.1	  0.3	0.000	0.000	0.000
189	  N	  0.9	  0.8	0.000	0.000	0.000
190	  V	  0.5	  1.1	0.000	0.000	0.000
191	  G	  0.4	  0.8	0.000	0.000	0.000
192	  C	  0.7	  1.0	0.000	0.000	0.000
193	  A	  0.8	  0.5	0.000	0.000	0.000
194	  Y	  1.0	  0.3	0.000	0.000	0.000
195	  K	  1.4	  0.3	0.000	0.000	0.000
196	  T	  1.5	  0.1	0.000	0.000	0.000
197	  C	  1.2	  0.5	0.000	0.000	0.000
198	  G	  0.5	  1.3	0.000	0.000	0.000
199	  G	  0.0	  1.3	0.000	0.000	0.000
200	  D	  0.3	  1.3	0.000	0.000	0.000
201	  L	  0.7	  1.1	0.000	5.801	5.801
202	  Y	  3.9	  0.2	0.000	6.667	6.667
203	  N	  4.4	  0.1	0.000	6.667	6.667
204	  Y	  5.5	  0.1	0.000	6.667	6.667
205	  I	  4.7	  0.0	0.000	6.667	6.667
206	  V	  4.8	  0.0	0.000	5.860	5.860
207	  C	  4.6	  0.1	0.000	1.018	1.018
208	  E	  5.7	  0.1	0.000	0.000	0.000
209	  Y	  5.0	  0.1	0.000	0.000	0.000
210	  D	  3.7	  1.0	0.117	0.000	0.000
211	  P	  0.2	  1.1	0.117	0.000	0.000
212	  A	  0.0	  1.1	0.117	0.000	0.000
213	  G	  0.0	  1.1	0.117	0.000	0.000
214	  N	  0.1	  0.2	0.117	0.000	0.000
215	  W	  0.2	  0.4	0.117	0.000	0.000
216	  A	  0.2	  0.5	0.000	0.000	0.000
217	  G	  0.1	  0.5	0.000	0.000	0.000
218	  E	  0.4	  0.5	0.000	0.000	0.000
219	  F	  0.6	  0.6	0.000	0.000	0.000
220	  A	  0.5	  0.6	0.000	0.000	0.000
221	  D	  0.3	  0.6	0.000	0.000	0.000
222	  N	  5.0	  0.6	0.000	0.000	0.000
223	  V	  5.6	  0.1	0.000	0.000	0.000
224	  K	  5.6	  0.1	0.000	0.000	0.000
225	  P	  0.6	  0.1	0.000	0.000	0.000
226	  L	  0.0	  0.1	0.000	0.000	0.000
227	  K	  0.0	  0.1	0.000	0.000	0.000
