res	aa	Beta	Turn	Helix	Aggregation	Conc-Stab_Aggregation
01	  M	  0.4	  0.3	0.000	0.000	0.000
02	  K	  0.8	  0.3	0.000	0.000	0.000
03	  S	  1.9	  0.3	0.000	0.000	0.000
04	  Y	  1.6	  0.3	0.000	0.000	0.000
05	  L	  1.2	  0.4	0.000	0.000	0.000
06	  P	  0.1	  0.4	0.000	0.000	0.000
07	  Q	  2.1	  0.4	0.000	0.000	0.000
08	  F	  8.3	  0.4	0.000	0.000	0.000
09	  S	 14.6	  0.0	0.389	0.000	0.000
10	  F	 13.6	  0.1	0.389	0.000	0.000
11	  E	  8.1	  0.2	0.389	0.000	0.000
12	  S	  1.9	  0.3	0.389	0.000	0.000
13	  K	  1.0	  0.3	0.389	0.000	0.000
14	  E	  1.0	  0.2	0.389	0.000	0.000
15	  K	  0.7	  0.1	0.284	0.000	0.000
16	  S	  0.4	  2.6	0.921	0.000	0.000
17	  P	  0.1	  2.6	0.829	0.000	0.000
18	  S	  0.2	  3.6	3.238	0.000	0.000
19	  E	  0.6	  3.6	3.367	0.000	0.000
20	  S	  1.2	  1.2	3.644	0.000	0.000
21	  K	  1.3	  1.2	3.644	0.000	0.000
22	  R	  1.6	  0.3	3.282	0.000	0.000
23	  R	  0.9	  0.3	3.143	0.000	0.000
24	  N	  0.7	  0.3	3.021	0.000	0.000
25	  R	  0.2	  0.3	1.595	0.000	0.000
26	  G	  0.2	  0.1	1.946	0.000	0.000
27	  I	  1.0	  0.1	1.786	0.000	0.000
28	  V	  1.1	  0.0	2.394	0.000	0.000
29	  D	  1.1	  0.1	4.619	0.000	0.000
30	  R	  0.5	  0.1	4.619	0.000	0.000
31	  L	  0.4	  0.2	4.619	0.000	0.000
32	  K	  0.4	  0.2	4.619	0.000	0.000
33	  K	  0.9	  0.1	4.099	0.000	0.000
34	  F	  5.9	  0.1	3.223	0.000	0.000
35	  N	  5.9	  0.0	1.182	0.000	0.000
36	  F	  5.2	  0.4	0.919	0.000	0.000
37	  P	  0.1	  0.4	0.000	0.000	0.000
38	  Q	  0.7	  0.4	0.000	0.000	0.000
39	  V	  1.8	  0.5	0.000	0.000	0.000
40	  Q	  1.8	  0.3	0.000	0.000	0.000
41	  S	  1.2	  0.8	0.000	0.000	0.000
42	  N	  0.0	  0.9	0.000	0.000	0.000
43	  D	  0.0	  2.2	0.000	0.000	0.000
44	  K	  0.3	  2.1	0.000	0.000	0.000
45	  S	  1.0	  2.8	0.252	0.000	0.000
46	  Q	  1.1	  2.7	0.252	0.000	0.000
47	  N	  0.9	  1.5	0.252	0.000	0.000
48	  L	  0.2	  2.6	0.252	0.000	0.000
49	  G	  0.0	  1.4	0.252	0.000	0.000
50	  N	  0.1	  1.3	0.252	0.000	0.000
51	  S	  0.1	  1.2	0.000	0.000	0.000
52	  H	  0.1	  0.0	0.000	0.000	0.000
53	  P	  0.0	  1.4	0.000	0.000	0.000
54	  P	  0.0	  1.6	0.000	0.000	0.000
55	  D	  0.0	  1.6	0.000	0.000	0.000
56	  D	  0.0	  1.6	0.393	0.000	0.000
57	  R	  2.0	  0.2	0.393	0.000	0.000
58	  V	 10.2	  0.0	0.393	0.000	0.000
59	  T	 15.7	  0.0	0.482	0.000	0.000
60	  I	 14.6	  0.0	0.482	0.000	0.000
61	  R	  7.4	  0.0	0.482	0.000	0.000
62	  T	 12.6	  0.0	0.089	0.000	0.000
63	  I	 11.7	  0.1	0.089	0.000	0.000
64	  S	 11.2	  0.5	0.089	0.000	0.000
65	  N	  0.1	  1.3	0.000	0.000	0.000
66	  D	  0.0	  1.4	0.000	0.000	0.000
67	  S	  0.4	  4.5	0.000	0.000	0.000
68	  A	  0.4	  4.2	0.000	0.000	0.000
69	  D	  0.4	  3.6	0.146	0.000	0.000
70	  D	  0.1	  3.5	0.146	0.000	0.000
71	  H	  1.1	  0.3	0.146	0.000	0.000
72	  R	  3.6	  0.1	0.146	0.000	0.000
73	  V	  7.3	  0.0	0.146	0.156	0.156
74	  F	  6.4	  0.2	0.146	0.156	0.156
75	  S	  4.0	  0.2	0.091	0.156	0.156
76	  N	  1.1	  0.2	0.091	0.156	0.156
77	  Y	 11.3	  0.2	0.091	0.156	0.156
78	  T	 38.3	  0.0	0.091	0.156	0.156
79	  Y	 37.9	  0.1	0.091	0.156	0.156
80	  S	 29.6	  0.1	0.177	0.000	0.000
81	  T	  1.4	  0.2	0.085	0.000	0.000
82	  R	  0.6	  0.3	0.085	0.000	0.000
83	  D	  1.0	  0.2	0.085	0.000	0.000
84	  S	  1.1	  0.2	0.085	0.000	0.000
85	  F	  1.1	  0.5	0.085	0.000	0.000
86	  P	  0.3	  0.6	0.000	0.000	0.000
87	  S	  0.2	  0.7	0.000	0.000	0.000
88	  S	  1.5	  0.9	0.000	0.000	0.000
89	  H	  1.5	  0.6	0.000	0.000	0.000
90	  S	  1.4	  2.5	0.000	0.000	0.000
91	  E	  0.1	  2.4	0.000	0.000	0.000
92	  N	  2.6	  2.2	0.000	0.000	0.000
93	  Y	  7.0	  2.1	0.000	0.000	0.000
94	  E	  7.0	  0.0	0.000	0.000	0.000
95	  L	  4.5	  0.1	0.000	0.000	0.000
96	  P	  0.0	  0.1	0.000	0.000	0.000
97	  K	  0.0	  0.1	0.000	0.000	0.000
98	  T	  0.0	  0.1	0.000	0.000	0.000
99	  P	  0.0	  0.0	0.000	0.000	0.000
100	  P	  0.0	  0.0	0.000	0.000	0.000
101	  P	  0.0	  0.0	0.000	0.000	0.000
102	  I	  0.8	  0.0	0.000	0.000	0.000
103	  T	  0.8	  1.6	0.000	0.000	0.000
104	  P	  0.8	  2.0	0.000	0.000	0.000
105	  S	  0.5	  2.0	0.000	0.000	0.000
106	  G	  0.5	  2.0	0.000	0.000	0.000
107	  S	  0.5	  0.7	0.364	0.000	0.000
108	  P	  0.0	  0.4	0.364	0.000	0.000
109	  R	  0.9	  0.4	0.364	0.000	0.000
110	  R	  1.4	  0.4	0.364	0.000	0.000
111	  Y	  1.8	  0.1	0.364	0.000	0.000
112	  K	  1.1	  0.1	0.364	0.000	0.000
113	  H	  1.0	  0.2	0.116	0.000	0.000
114	  R	  0.7	  0.3	0.000	0.000	0.000
115	  K	  0.6	  0.4	0.000	0.000	0.000
116	  S	  0.2	  0.4	0.000	0.000	0.000
117	  N	  0.1	  0.3	0.000	0.000	0.000
118	  A	  0.4	  0.2	0.000	0.126	0.126
119	  I	  5.0	  0.0	0.000	0.126	0.126
120	  S	 15.0	  0.1	0.000	0.126	0.126
121	  V	 16.0	  0.1	0.000	0.126	0.126
122	  S	 12.0	  0.1	0.000	0.126	0.126
123	  T	  1.5	  0.3	0.495	0.000	0.000
124	  P	  0.1	  0.2	0.495	0.000	0.000
125	  E	  0.0	  0.3	0.495	0.000	0.000
126	  E	  0.2	  0.3	0.495	0.000	0.000
127	  L	  1.7	  0.1	0.495	0.000	0.000
128	  Y	  1.8	  0.0	0.495	0.000	0.000
129	  L	  1.6	  0.1	0.222	0.000	0.000
130	  P	  0.1	  0.1	0.000	0.000	0.000
131	  K	  0.1	  0.1	0.000	0.000	0.000
132	  T	  0.1	  1.3	0.000	0.000	0.000
133	  P	  0.1	  1.2	0.000	0.000	0.000
134	  D	  0.0	  1.9	0.000	0.000	0.000
135	  H	  0.2	  2.0	0.000	0.000	0.000
136	  N	  0.2	  1.8	0.000	0.000	0.000
137	  S	  0.2	  1.8	0.164	0.000	0.000
138	  D	  1.2	  1.1	0.164	0.000	0.000
139	  I	  2.6	  1.0	0.164	0.000	0.000
140	  Y	  3.1	  0.1	0.164	0.000	0.000
141	  R	  2.0	  0.5	0.164	0.000	0.000
142	  E	  0.6	  0.6	0.164	0.000	0.000
143	  D	  0.1	  1.1	0.000	0.000	0.000
144	  E	  0.0	  1.1	0.000	0.000	0.000
145	  G	  0.0	  0.6	0.000	3.354	3.354
146	  V	  2.1	  0.5	0.000	13.219	13.219
147	  F	  3.1	  0.0	0.000	13.219	13.219
148	  Y	  4.0	  0.0	0.000	13.219	13.219
149	  L	  2.5	  0.0	0.000	13.219	13.219
150	  S	  1.5	  0.0	0.000	10.238	10.238
151	  S	  0.6	  0.5	0.000	0.000	0.000
152	  P	  0.0	  0.5	0.000	0.000	0.000
153	  T	  0.1	  0.7	0.000	0.000	0.000
154	  S	  0.1	  0.7	0.134	0.000	0.000
155	  D	  1.5	  0.3	0.332	0.000	0.000
156	  I	  3.4	  0.3	0.332	0.000	0.000
157	  I	  7.4	  0.0	0.332	0.000	0.000
158	  S	  7.4	  0.0	0.332	0.000	0.000
159	  Y	  5.9	  0.1	0.332	0.000	0.000
160	  K	  2.0	  0.1	0.197	0.000	0.000
161	  H	  1.2	  0.1	0.000	0.000	0.000
162	  Q	  2.0	  0.1	0.000	0.000	0.000
163	  L	  2.0	  0.1	0.000	0.000	0.000
164	  S	  1.4	  0.3	0.317	0.000	0.000
165	  P	  0.1	  0.3	0.317	0.000	0.000
166	  E	  0.1	  0.3	0.317	0.000	0.000
167	  T	  1.1	  0.3	0.519	0.000	0.000
168	  T	  7.6	  0.1	1.386	0.000	0.000
169	  I	  7.6	  0.1	1.626	0.000	0.000
170	  R	  6.8	  0.1	1.725	0.000	0.000
171	  D	  0.5	  0.1	4.686	0.000	0.000
172	  T	  0.9	  0.2	6.539	0.000	0.000
173	  K	  0.8	  0.2	7.790	0.000	0.000
174	  E	  0.6	  0.2	8.205	0.000	0.000
175	  Q	  0.8	  0.1	8.205	0.000	0.000
176	  L	  0.8	  0.1	8.205	0.000	0.000
177	  R	  1.4	  0.2	8.040	0.000	0.000
178	  R	  0.9	  0.2	7.626	0.000	0.000
179	  N	  1.5	  0.2	6.456	0.000	0.000
180	  T	  6.0	  0.1	0.000	4.545	4.545
181	  V	  6.8	  0.0	0.000	12.259	12.259
182	  V	  6.4	  0.0	0.000	12.259	12.259
183	  G	  1.5	  0.0	0.000	12.259	12.259
184	  V	  1.3	  0.1	0.000	12.259	12.259
185	  A	  1.0	  0.2	0.000	10.048	10.048
186	  N	  0.8	  0.2	0.705	0.778	0.778
187	  S	  1.6	  0.2	1.833	0.479	0.479
188	  L	  1.6	  0.1	1.833	0.479	0.479
189	  T	  1.8	  0.1	3.211	0.180	0.180
190	  E	  0.6	  0.0	3.775	0.000	0.000
191	  F	  0.9	  0.0	3.775	0.000	0.000
192	  A	  0.7	  0.1	3.384	0.000	0.000
193	  E	  0.6	  0.2	3.384	0.000	0.000
194	  K	  0.3	  0.2	3.384	0.000	0.000
195	  N	  0.3	  0.3	3.488	0.000	0.000
196	  R	  2.0	  0.4	2.162	0.000	0.000
197	  L	  4.2	  0.2	1.350	0.000	0.000
198	  D	  4.8	  1.2	0.886	0.000	0.000
199	  I	  4.1	  1.3	0.444	0.000	0.000
200	  S	  1.8	  1.2	0.444	0.000	0.000
201	  G	  1.2	  1.2	0.160	0.000	0.000
202	  K	  0.9	  0.3	0.000	0.000	0.000
203	  V	  2.8	  0.1	0.000	0.000	0.000
204	  F	  3.0	  0.7	0.000	0.000	0.000
205	  A	  2.2	  0.7	0.000	0.000	0.000
206	  D	  1.2	  1.5	0.000	0.000	0.000
207	  I	  1.1	  1.5	0.000	0.000	0.000
208	  N	  1.1	  0.8	0.000	0.000	0.000
209	  D	  0.2	  0.8	0.000	0.000	0.000
210	  T	  0.0	  0.0	0.000	0.000	0.000
211	  P	  0.0	  0.0	0.000	0.000	0.000
212	  P	  0.0	  0.1	0.000	0.000	0.000
213	  P	  0.0	  0.1	0.000	0.000	0.000
214	  L	  0.4	  0.1	0.000	0.000	0.000
215	  I	  3.1	  0.2	0.000	0.000	0.000
216	  D	  3.1	  0.5	0.727	0.000	0.000
217	  L	  2.7	  0.6	0.727	0.000	0.000
218	  G	  0.0	  0.6	1.079	0.000	0.000
219	  K	  5.2	  0.5	1.079	0.000	0.000
220	  I	  5.8	  0.1	1.079	0.000	0.000
221	  T	  5.9	  0.3	1.079	0.000	0.000
222	  E	  0.7	  0.3	1.079	0.000	0.000
223	  N	  0.3	  1.1	0.912	0.000	0.000
224	  L	  0.4	  1.1	0.000	0.000	0.000
225	  N	  0.4	  0.8	0.000	0.000	0.000
226	  E	  0.1	  0.8	0.000	0.000	0.000
