res	aa	Beta	Turn	Helix	Aggregation	Conc-Stab_Aggregation
01	  M	  0.4	  0.0	0.500	0.000	0.000
02	  K	  0.4	  0.0	2.151	0.000	0.000
03	  A	  0.7	  0.0	2.572	19.613	19.613
04	  L	  1.5	  0.0	3.255	59.499	59.499
05	  I	  2.2	  0.0	7.737	75.882	75.882
06	  L	  1.9	  0.0	8.232	77.264	77.264
07	  A	  1.0	  0.0	8.498	77.477	77.477
08	  Q	  0.7	  0.0	8.619	77.114	77.114
09	  L	  0.9	  0.0	8.438	81.919	81.919
10	  L	  0.9	  0.0	8.438	82.134	82.134
11	  A	  0.7	  0.0	8.275	78.807	78.807
12	  L	  2.5	  0.0	7.704	75.936	75.936
13	  S	  2.7	  0.0	5.930	59.300	59.300
14	  F	  2.8	  0.3	2.625	57.041	57.041
15	  A	  0.8	  0.3	0.970	27.198	27.198
16	  N	  0.3	  0.5	0.969	1.846	1.846
17	  A	  0.1	  0.7	0.801	0.862	0.862
18	  Q	  0.6	  0.4	0.801	0.029	0.029
19	  N	  4.6	  0.3	0.362	0.029	0.029
20	  V	  8.2	  0.2	0.146	0.029	0.029
21	  Y	  9.0	  0.0	0.146	0.029	0.029
22	  N	  5.1	  0.0	0.000	0.000	0.000
23	  T	  1.4	  0.2	0.000	0.000	0.000
24	  P	  0.1	  0.2	0.000	0.000	0.000
25	  T	  3.8	  0.2	0.000	0.142	0.142
26	  V	  5.3	  0.2	0.000	0.142	0.142
27	  L	  5.4	  0.0	0.000	0.142	0.142
28	  T	  1.8	  0.8	0.000	0.142	0.142
29	  G	  0.1	  0.8	0.000	0.142	0.142
30	  N	  0.2	  0.9	0.000	0.000	0.000
31	  Q	  0.8	  0.8	0.000	0.000	0.000
32	  K	  1.5	  0.1	0.000	0.000	0.000
33	  F	  1.6	  0.3	0.000	0.000	0.000
34	  S	  0.9	  0.3	0.101	0.000	0.000
35	  D	  0.3	  0.3	0.235	0.000	0.000
36	  E	  0.5	  0.3	0.235	0.000	0.000
37	  V	  7.8	  0.1	0.235	0.000	0.000
38	  V	 13.2	  0.0	0.235	0.000	0.000
39	  I	 12.9	  0.1	0.235	0.000	0.000
40	  N	  5.8	  0.8	0.387	0.000	0.000
41	  D	  0.1	  1.1	0.152	0.000	0.000
42	  G	  0.1	  1.1	0.152	0.000	0.000
43	  S	  0.2	  1.0	0.875	0.000	0.000
44	  A	  0.4	  0.3	0.875	0.000	0.000
45	  L	  2.5	  0.0	0.875	0.000	0.000
46	  T	  4.0	  0.2	0.875	0.000	0.000
47	  L	  4.0	  0.3	0.875	0.000	0.000
48	  N	  1.8	  1.1	0.875	0.000	0.000
49	  D	  0.1	  1.4	0.000	0.000	0.000
50	  G	  0.0	  1.4	0.000	0.000	0.000
51	  S	  0.0	  1.2	0.000	0.000	0.000
52	  E	  0.1	  0.4	0.000	0.000	0.000
53	  Y	  0.8	  0.1	0.000	0.000	0.000
54	  I	  1.0	  0.1	0.000	0.000	0.000
55	  F	  1.3	  0.3	0.000	0.000	0.000
56	  D	  0.6	  0.4	0.000	0.000	0.000
57	  G	  0.3	  0.4	0.000	0.000	0.000
58	  G	  0.1	  0.3	0.000	0.000	0.000
59	  F	  1.4	  0.3	0.000	0.000	0.000
60	  R	  1.4	  0.2	0.000	0.000	0.000
61	  G	  1.3	  0.2	0.000	0.000	0.000
62	  A	  0.1	  0.3	0.000	0.000	0.000
63	  Q	  0.4	  0.1	0.000	0.000	0.000
64	  Q	  1.9	  0.1	0.000	0.000	0.000
65	  C	  3.4	  0.1	0.000	0.000	0.000
66	  F	  4.2	  0.3	0.000	0.000	0.000
67	  M	  5.4	  0.3	0.000	0.000	0.000
68	  D	  4.5	  0.9	0.000	0.000	0.000
69	  I	  4.5	  0.9	0.000	0.000	0.000
70	  N	  1.7	  4.0	0.000	0.000	0.000
71	  A	  0.9	  4.1	0.000	0.000	0.000
72	  D	  0.0	  6.7	0.000	0.000	0.000
73	  K	  0.1	  6.7	0.000	0.000	0.000
74	  D	  0.1	  3.3	0.000	0.000	0.000
75	  S	  0.1	  3.3	0.104	0.000	0.000
76	  P	  0.0	  0.1	0.104	0.000	0.000
77	  F	  4.3	  0.1	0.104	18.533	18.533
78	  T	  7.0	  0.1	0.104	18.654	18.654
79	  L	 10.6	  0.0	0.104	18.654	18.654
80	  T	  7.3	  0.2	0.104	18.654	18.654
81	  F	  4.8	  2.2	0.104	18.654	18.654
82	  G	  1.0	  2.5	0.104	1.824	1.824
83	  S	  0.1	  2.5	0.000	0.190	0.190
84	  N	  0.1	  2.4	0.000	0.000	0.000
85	  A	  0.1	  0.5	0.000	0.000	0.000
86	  K	  0.2	  0.2	0.000	0.000	0.000
87	  E	  2.0	  0.2	0.000	0.000	0.000
88	  F	  2.9	  0.2	0.000	0.000	0.000
89	  D	  2.8	  2.5	0.000	0.000	0.000
90	  S	  1.5	  2.6	0.000	0.000	0.000
91	  S	  1.4	  2.5	0.000	0.000	0.000
92	  C	  2.3	  2.5	0.000	0.798	0.798
93	  A	  2.1	  0.1	0.000	0.950	0.950
94	  V	 10.1	  0.0	0.000	0.950	0.950
95	  T	 13.8	  0.1	0.000	0.950	0.950
96	  I	 13.6	  0.1	0.000	0.950	0.950
97	  N	  5.1	  0.1	0.000	0.152	0.152
98	  N	  0.2	  5.1	0.000	0.000	0.000
99	  P	  0.0	  5.1	0.000	0.000	0.000
100	  N	  0.0	  5.1	0.000	0.000	0.000
101	  T	  0.0	  5.2	0.000	0.000	0.000
102	  G	  0.0	  1.0	0.103	0.000	0.000
103	  P	  0.0	  1.0	0.103	0.000	0.000
104	  D	  0.4	  1.0	0.103	0.000	0.000
105	  T	  9.5	  0.9	0.103	0.000	0.000
106	  V	  9.8	  0.1	0.103	0.000	0.000
107	  Q	  9.5	  0.0	0.103	0.000	0.000
108	  T	  5.2	  0.0	0.000	0.000	0.000
109	  I	 11.7	  0.0	0.000	0.000	0.000
110	  N	 13.5	  0.0	0.000	0.000	0.000
111	  I	  9.1	  0.0	0.000	0.000	0.000
112	  S	  2.2	  0.0	0.000	0.000	0.000
113	  P	  0.0	  0.0	0.000	0.000	0.000
114	  P	  0.0	  0.0	0.000	0.000	0.000
115	  V	  1.2	  0.0	0.000	0.000	0.000
116	  F	  1.7	  0.2	0.000	0.000	0.000
117	  K	  1.8	  0.3	0.000	0.000	0.000
118	  N	  0.6	  2.7	0.000	0.000	0.000
119	  S	  0.1	  2.8	0.000	0.000	0.000
120	  N	  0.2	  2.5	0.111	0.000	0.000
121	  K	  0.6	  2.5	0.111	0.000	0.000
122	  F	  1.6	  0.0	0.111	8.680	8.680
123	  I	  1.9	  0.0	0.111	8.987	8.987
124	  L	  3.0	  0.1	0.111	8.987	8.987
125	  N	  2.0	  0.1	0.111	8.987	8.987
126	  L	  1.6	  0.1	0.111	8.987	8.987
127	  A	  0.3	  0.0	0.111	4.286	4.286
128	  H	  0.9	  0.1	0.111	0.000	0.000
129	  T	  2.0	  0.3	0.000	0.000	0.000
130	  S	  1.9	  2.3	0.000	0.000	0.000
131	  S	  1.3	  2.4	0.187	0.000	0.000
132	  D	  0.1	  5.9	0.187	0.000	0.000
133	  A	  0.0	  5.8	0.187	0.000	0.000
134	  N	  0.2	  3.7	0.187	0.000	0.000
135	  S	  0.5	  3.7	0.187	0.000	0.000
136	  K	  1.8	  0.1	0.187	0.000	0.000
137	  I	  6.6	  0.0	0.000	0.000	0.000
138	  I	  8.1	  0.0	0.000	0.000	0.000
139	  I	  6.9	  0.0	0.000	0.000	0.000
140	  G	  2.0	  0.0	0.000	0.000	0.000
141	  S	  0.1	  4.9	0.000	0.000	0.000
142	  P	  0.0	  4.9	0.000	0.000	0.000
143	  D	  1.4	  4.9	0.000	0.000	0.000
144	  I	  1.9	  4.9	0.000	0.000	0.000
145	  T	  2.5	  0.1	0.000	0.000	0.000
146	  N	  1.1	  0.3	0.000	0.000	0.000
147	  T	  0.6	  0.4	0.000	0.000	0.000
148	  G	  0.1	  0.3	0.000	0.000	0.000
149	  E	  3.6	  0.3	0.000	0.000	0.000
150	  I	  7.9	  0.1	0.000	0.000	0.000
151	  N	  8.7	  0.0	0.000	0.000	0.000
152	  Y	  6.1	  0.0	0.000	0.000	0.000
153	  I	  2.6	  0.1	0.000	0.000	0.000
154	  S	  1.8	  0.2	0.000	0.000	0.000
155	  T	  0.9	  0.5	0.000	0.000	0.000
156	  G	  0.1	  0.5	0.000	0.000	0.000
157	  G	  0.0	  0.4	0.000	0.000	0.000
158	  E	  4.2	  0.3	0.000	0.000	0.000
159	  I	  4.5	  0.0	0.000	0.000	0.000
160	  H	  4.5	  0.0	0.000	0.000	0.000
161	  D	  0.3	  8.8	0.210	0.000	0.000
162	  P	  0.0	  8.8	0.210	0.000	0.000
163	  N	  0.0	  9.1	0.210	0.000	0.000
164	  E	  0.0	  9.1	0.210	0.000	0.000
165	  L	  0.0	  0.6	0.210	0.000	0.000
166	  G	  0.0	  0.5	0.210	0.000	0.000
167	  N	  0.2	  0.2	0.097	0.000	0.000
168	  V	  2.6	  0.2	0.000	0.184	0.184
169	  L	  4.1	  0.0	0.000	0.184	0.184
170	  Q	  4.1	  0.0	0.000	0.184	0.184
171	  I	  1.8	  0.0	0.000	0.184	0.184
172	  G	  0.2	  0.0	0.000	0.184	0.184
173	  T	  0.2	  1.5	0.000	0.000	0.000
174	  P	  0.0	  2.0	0.000	0.000	0.000
175	  S	  0.3	  2.3	0.000	0.000	0.000
176	  G	  0.3	  2.3	0.000	0.000	0.000
177	  S	  0.7	  0.8	0.000	0.000	0.000
178	  I	  0.5	  0.4	0.000	0.000	0.000
179	  Q	  0.9	  0.1	0.000	0.000	0.000
180	  N	  0.6	  0.2	0.000	0.000	0.000
181	  V	  0.5	  0.3	0.000	0.335	0.335
182	  G	  0.1	  0.2	0.000	0.335	0.335
183	  T	 13.0	  0.2	0.000	0.335	0.335
184	  I	 16.2	  0.1	0.000	0.335	0.335
185	  S	 18.5	  0.7	0.459	0.335	0.335
186	  L	  6.5	  0.7	0.459	0.335	0.335
187	  N	  2.9	  0.7	0.677	0.000	0.000
188	  A	  0.3	  0.9	0.677	0.000	0.000
189	  A	  0.1	  0.3	0.677	0.000	0.000
190	  N	  1.0	  0.3	0.878	0.115	0.115
191	  S	  2.1	  0.3	0.656	3.234	3.234
192	  Y	  3.1	  0.0	0.533	5.287	5.287
193	  Y	  2.8	  0.0	0.315	5.287	5.287
194	  L	  1.8	  0.2	0.315	5.287	5.287
195	  F	  0.9	  0.4	0.315	5.287	5.287
196	  G	  0.3	  0.4	0.315	2.310	2.310
197	  K	  1.3	  0.4	0.114	0.000	0.000
198	  V	  1.7	  0.4	0.000	0.000	0.000
199	  S	  1.7	  0.7	0.000	0.000	0.000
200	  G	  0.6	  1.1	0.000	0.000	0.000
201	  K	  0.0	  4.0	0.000	0.000	0.000
202	  G	  0.0	  3.8	0.000	0.000	0.000
203	  G	  0.0	  3.3	0.000	0.000	0.000
204	  K	  1.3	  2.9	0.000	0.000	0.000
205	  I	 10.9	  0.0	0.000	0.000	0.000
206	  N	 14.6	  0.0	0.000	0.000	0.000
207	  V	 14.3	  0.1	0.000	0.000	0.000
208	  E	  5.3	  0.6	0.000	0.000	0.000
209	  K	  1.0	  0.6	0.000	0.000	0.000
210	  G	  0.0	  0.6	0.000	0.185	0.185
211	  V	  2.4	  0.5	0.000	0.185	0.185
212	  L	  3.9	  0.0	0.000	0.185	0.185
213	  Q	  4.8	  0.0	0.000	0.185	0.185
214	  I	  3.1	  0.0	0.000	0.185	0.185
215	  D	  1.6	  0.1	0.000	0.000	0.000
216	  S	  3.5	  1.3	0.000	0.000	0.000
217	  A	  3.3	  1.3	0.000	0.000	0.000
218	  S	 10.5	  1.2	0.000	0.000	0.000
219	  F	  9.2	  1.2	0.000	0.000	0.000
220	  T	  8.6	  0.2	0.000	0.000	0.000
221	  D	  1.5	  0.2	0.000	0.000	0.000
222	  N	  3.0	  0.2	0.000	0.000	0.000
223	  V	  6.6	  0.1	0.000	0.000	0.000
224	  I	  9.0	  0.0	0.000	0.000	0.000
225	  H	  7.4	  0.0	0.000	0.000	0.000
226	  L	  3.8	  0.0	0.000	0.000	0.000
227	  S	  1.3	  1.6	0.102	0.000	0.000
228	  P	  0.1	  1.8	0.102	0.000	0.000
229	  G	  0.0	  1.8	0.102	0.000	0.000
230	  G	  0.0	  1.8	0.373	0.000	0.000
231	  A	  0.4	  0.2	0.373	0.000	0.000
232	  I	  4.0	  0.1	0.373	0.000	0.000
233	  S	  5.8	  0.0	0.373	0.000	0.000
234	  L	  5.8	  0.0	0.373	0.000	0.000
235	  R	  2.3	  0.0	0.373	0.000	0.000
236	  R	  0.3	  0.0	0.112	0.000	0.000
237	  P	  0.0	  0.0	0.000	0.000	0.000
238	  P	  0.0	  0.0	0.000	0.000	0.000
239	  A	  0.0	  0.0	0.000	0.000	0.000
240	  E	  0.0	  0.0	0.000	0.000	0.000
241	  E	  5.7	  0.0	0.000	0.000	0.000
242	  V	 17.5	  0.0	0.000	0.000	0.000
243	  N	 18.6	  0.6	0.000	0.000	0.000
244	  V	 14.0	  0.7	0.000	0.000	0.000
245	  S	  2.1	  0.8	0.000	0.000	0.000
246	  G	  0.5	  0.8	0.000	0.000	0.000
247	  L	  0.0	  0.3	0.000	0.000	0.000
248	  G	  0.1	  0.2	0.406	0.000	0.000
249	  T	  1.3	  0.2	0.406	0.187	0.187
250	  A	  1.4	  0.2	0.406	0.187	0.187
251	  T	  1.7	  0.1	0.406	0.187	0.187
252	  A	  0.9	  0.1	0.406	0.187	0.187
253	  I	  1.4	  0.1	0.406	0.187	0.187
254	  S	  1.1	  0.1	0.406	0.000	0.000
255	  S	  0.9	  0.4	0.172	0.000	0.000
256	  I	  0.4	  0.6	0.000	0.000	0.000
257	  G	  0.2	  1.7	0.000	0.000	0.000
258	  K	  0.1	  3.1	0.000	0.000	0.000
259	  D	  0.0	  2.8	0.000	0.000	0.000
260	  G	  0.0	  2.6	0.000	0.000	0.000
261	  K	  3.3	  1.4	0.000	0.000	0.000
262	  F	  7.3	  0.1	0.000	0.000	0.000
263	  E	  9.0	  0.0	0.000	0.000	0.000
264	  Y	  6.7	  0.1	0.000	0.000	0.000
265	  D	  2.9	  0.2	0.352	0.000	0.000
266	  S	  1.5	  0.6	0.352	0.000	0.000
267	  K	  0.7	  0.6	0.352	0.000	0.000
268	  T	  0.7	  0.6	0.352	0.134	0.134
269	  G	  0.1	  0.5	0.352	0.356	0.356
270	  L	  0.4	  0.1	0.352	2.531	2.531
271	  L	  1.9	  0.0	0.000	2.531	2.531
272	  S	  4.7	  0.0	0.000	2.531	2.531
273	  I	  7.8	  0.0	0.000	2.531	2.531
274	  T	  9.0	  0.0	0.000	2.531	2.531
275	  T	  6.3	  0.2	0.000	0.797	0.797
276	  S	  2.9	  0.8	0.223	0.000	0.000
277	  E	  0.1	  0.8	0.223	0.000	0.000
278	  G	  0.0	  0.7	0.223	0.000	0.000
279	  V	  1.2	  0.5	0.223	0.000	0.000
280	  Y	  2.4	  0.0	0.223	0.000	0.000
281	  K	  3.2	  0.0	0.223	0.000	0.000
282	  Y	  6.7	  0.0	0.223	0.000	0.000
283	  N	  5.5	  0.5	0.000	0.000	0.000
284	  I	  4.8	  1.6	0.000	0.000	0.000
285	  G	  0.2	  1.6	0.000	0.000	0.000
286	  C	  0.2	  1.6	0.000	0.000	0.000
287	  G	  0.3	  1.1	0.000	0.000	0.000
288	  Y	  0.5	  0.0	0.000	0.000	0.000
289	  N	  0.4	  0.2	0.904	0.000	0.000
290	  P	  0.2	  0.3	0.904	0.000	0.000
291	  E	  0.1	  0.3	0.904	0.000	0.000
292	  L	  0.2	  0.4	0.904	0.000	0.000
293	  A	  0.3	  0.2	0.904	0.000	0.000
294	  S	  0.5	  0.3	2.173	0.000	0.000
295	  A	  0.4	  0.3	1.681	0.000	0.000
296	  Q	  0.3	  0.2	1.504	0.000	0.000
297	  E	  6.3	  0.1	1.269	0.254	0.254
298	  I	 11.0	  0.0	1.269	0.254	0.254
299	  K	 11.2	  0.0	1.269	0.254	0.254
300	  I	  6.2	  0.0	0.755	0.254	0.254
301	  Y	  3.1	  0.0	0.755	0.254	0.254
302	  F	  4.0	  0.2	0.256	0.254	0.254
303	  Q	  3.2	  0.2	0.000	0.000	0.000
304	  D	  1.4	  0.2	0.000	0.000	0.000
305	  T	  0.9	  0.2	0.000	0.000	0.000
306	  L	  1.0	  0.1	0.000	0.000	0.000
307	  Y	  1.3	  0.1	0.000	0.000	0.000
308	  D	  1.7	  0.1	0.000	0.000	0.000
309	  T	 29.6	  0.1	0.000	0.000	0.000
310	  F	 33.6	  0.0	0.000	0.000	0.000
311	  S	 37.0	  0.0	0.000	0.000	0.000
312	  F	 14.7	  0.0	0.000	0.000	0.000
313	  E	  8.6	  0.0	0.000	0.000	0.000
314	  I	  4.2	  0.0	0.000	0.000	0.000
315	  Q	  0.9	  0.0	0.000	0.000	0.000
316	  Q	  0.4	  0.0	0.000	0.000	0.000
317	  A	  0.1	  0.0	0.000	0.000	0.000
318	  P	  0.0	  0.4	0.000	0.000	0.000
319	  P	  0.0	  0.5	0.000	0.000	0.000
320	  T	  0.5	  0.6	0.000	0.000	0.000
321	  D	  0.6	  0.9	0.000	0.000	0.000
322	  S	  1.2	  0.5	0.000	0.000	0.000
323	  K	  4.9	  0.4	0.000	0.000	0.000
324	  C	  5.3	  0.8	0.000	0.000	0.000
325	  E	  4.8	  0.6	0.000	0.000	0.000
326	  D	  0.6	  0.5	0.000	0.000	0.000
327	  I	  0.0	  0.5	0.000	0.000	0.000
328	  P	  0.0	  0.0	0.000	0.000	0.000
329	  P	  0.0	  0.0	0.000	0.000	0.000
330	  I	  0.4	  0.0	0.000	0.000	0.000
331	  E	  0.4	  0.2	0.000	0.000	0.000
332	  P	  0.4	  0.4	0.000	0.000	0.000
333	  S	  0.2	  0.4	0.000	0.000	0.000
334	  S	  3.5	  0.4	0.000	0.000	0.000
335	  V	  4.1	  0.1	0.000	0.000	0.000
336	  K	  3.9	  0.3	0.000	0.000	0.000
337	  P	  0.6	  0.4	0.000	0.000	0.000
338	  S	  0.1	  0.4	0.000	0.000	0.000
339	  S	  5.1	  0.4	0.000	0.000	0.000
340	  M	  5.2	  0.1	0.000	0.000	0.000
341	  N	  5.1	  3.4	0.132	0.000	0.000
342	  P	  0.1	  3.5	0.132	0.000	0.000
343	  S	  0.1	  3.5	0.132	0.000	0.000
344	  S	  7.8	  3.5	0.132	0.000	0.000
345	  V	  7.9	  0.1	0.132	0.000	0.000
346	  N	  7.8	  3.3	0.278	0.000	0.000
347	  P	  0.2	  3.4	0.145	0.000	0.000
348	  S	  0.1	  3.4	0.145	0.000	0.000
349	  S	  5.0	  3.4	0.145	0.000	0.000
350	  M	  5.0	  0.1	0.145	0.000	0.000
351	  N	  5.0	  3.4	0.362	0.000	0.000
352	  P	  0.1	  3.5	0.216	0.000	0.000
353	  S	  0.1	  3.5	0.216	0.000	0.000
354	  S	  5.0	  3.5	0.216	0.000	0.000
355	  M	  5.0	  0.1	0.216	0.000	0.000
356	  N	  5.0	  3.4	0.432	0.000	0.000
357	  P	  0.1	  3.5	0.216	0.000	0.000
358	  S	  0.1	  3.5	0.216	0.000	0.000
359	  S	  5.0	  3.5	0.216	0.000	0.000
360	  M	  5.0	  0.1	0.216	0.000	0.000
361	  N	  5.0	  3.4	0.432	0.000	0.000
362	  P	  0.1	  3.5	0.216	0.000	0.000
363	  S	  0.1	  3.5	0.216	0.000	0.000
364	  S	  5.0	  3.5	0.216	0.000	0.000
365	  M	  5.0	  0.1	0.216	0.000	0.000
366	  N	  5.0	  3.4	0.432	0.000	0.000
367	  P	  0.1	  3.5	0.216	0.000	0.000
368	  S	  0.1	  3.5	0.216	0.000	0.000
369	  S	  5.0	  3.5	0.216	0.000	0.000
370	  M	  5.0	  0.1	0.216	0.000	0.000
371	  N	  5.0	  3.4	0.433	0.000	0.000
372	  P	  0.1	  3.5	0.217	0.000	0.000
373	  S	  0.1	  3.5	0.217	0.000	0.000
374	  S	  5.0	  3.5	0.217	0.000	0.000
375	  M	  5.1	  0.1	0.217	0.000	0.000
376	  N	  5.0	  3.6	0.217	0.000	0.000
377	  P	  0.1	  3.6	0.000	0.000	0.000
378	  S	  0.0	  3.6	0.000	0.000	0.000
379	  S	  0.1	  6.2	0.000	0.000	0.000
380	  P	  0.1	  2.7	0.000	0.000	0.000
381	  S	  0.2	  2.7	0.000	0.000	0.000
382	  S	  5.7	  2.7	0.000	0.000	0.000
383	  I	  5.9	  0.1	0.000	0.000	0.000
384	  N	  5.8	  3.4	0.151	0.000	0.000
385	  P	  0.2	  3.5	0.151	0.000	0.000
386	  S	  0.1	  3.5	0.151	0.000	0.000
387	  S	  5.0	  3.5	0.151	0.000	0.000
388	  M	  5.1	  0.1	0.151	0.000	0.000
389	  N	  5.0	  3.6	0.151	0.000	0.000
390	  P	  0.1	  3.6	0.000	0.000	0.000
391	  S	  0.0	  3.6	0.000	0.000	0.000
392	  S	  0.1	  6.3	0.000	0.000	0.000
393	  P	  0.1	  2.9	0.000	0.000	0.000
394	  S	  0.1	  2.9	0.000	0.000	0.000
395	  S	  5.2	  2.9	0.000	0.000	0.000
396	  M	  5.2	  0.1	0.000	0.000	0.000
397	  N	  5.2	  0.0	0.000	0.000	0.000
398	  P	  0.0	  0.1	0.000	0.000	0.000
399	  P	  0.0	  0.1	0.000	0.000	0.000
400	  F	  0.3	  0.4	0.000	0.000	0.000
401	  A	  0.3	  0.5	0.000	0.000	0.000
402	  N	  0.4	  1.4	0.000	0.000	0.000
403	  S	  0.9	  2.2	0.000	0.000	0.000
404	  S	  1.0	  1.9	0.000	0.000	0.000
405	  S	  5.8	  1.8	0.000	0.000	0.000
406	  M	  5.1	  0.8	0.000	0.000	0.000
407	  N	  5.0	  3.4	0.219	0.000	0.000
408	  P	  0.1	  3.5	0.219	0.000	0.000
409	  S	  0.1	  3.5	0.219	0.000	0.000
410	  S	  5.0	  3.5	0.219	0.000	0.000
411	  M	  5.0	  0.1	0.219	0.000	0.000
412	  N	  5.0	  3.4	0.436	0.000	0.000
413	  P	  0.1	  3.5	0.217	0.000	0.000
414	  S	  0.1	  3.5	0.217	0.000	0.000
415	  S	  5.0	  3.5	0.217	0.000	0.000
416	  M	  5.1	  0.1	0.217	0.000	0.000
417	  N	  5.0	  3.6	0.217	0.000	0.000
418	  P	  0.1	  3.6	0.000	0.000	0.000
419	  S	  0.0	  3.6	0.000	0.000	0.000
420	  S	  0.1	  6.2	0.000	0.000	0.000
421	  P	  0.1	  2.8	0.000	0.000	0.000
422	  S	  0.1	  2.8	0.000	0.000	0.000
423	  S	  5.0	  2.8	0.000	0.000	0.000
424	  M	  5.1	  0.1	0.000	0.000	0.000
425	  N	  5.0	  3.4	0.114	0.000	0.000
426	  P	  0.1	  3.5	0.114	0.000	0.000
427	  S	  0.1	  3.5	0.114	0.000	0.000
428	  S	  5.6	  3.5	0.114	0.000	0.000
429	  I	  5.8	  0.1	0.114	0.000	0.000
430	  N	  5.7	  3.4	0.263	0.000	0.000
431	  P	  0.2	  3.5	0.149	0.000	0.000
432	  S	  0.1	  3.5	0.149	0.000	0.000
433	  S	  5.0	  3.5	0.149	0.000	0.000
434	  M	  5.0	  0.1	0.149	0.000	0.000
435	  N	  5.0	  3.4	0.261	0.000	0.000
436	  P	  0.1	  3.5	0.113	0.000	0.000
437	  S	  0.1	  3.5	0.113	0.000	0.000
438	  S	  5.6	  3.5	0.113	0.000	0.000
439	  I	  5.8	  0.1	0.113	0.000	0.000
440	  N	  5.7	  3.4	0.261	0.000	0.000
441	  P	  0.2	  3.5	0.149	0.000	0.000
442	  S	  0.1	  3.5	0.149	0.000	0.000
443	  S	  5.0	  3.5	0.149	0.000	0.000
444	  M	  5.0	  0.1	0.149	0.000	0.000
445	  N	  5.0	  3.4	0.365	0.000	0.000
446	  P	  0.1	  3.5	0.216	0.000	0.000
447	  S	  0.1	  3.5	0.216	0.000	0.000
448	  S	  5.0	  3.5	0.216	0.000	0.000
449	  M	  5.0	  0.1	0.216	0.000	0.000
450	  N	  5.0	  3.3	0.344	0.000	0.000
451	  P	  0.1	  3.4	0.128	0.000	0.000
452	  S	  0.1	  3.4	0.128	0.000	0.000
453	  S	  7.7	  3.4	0.128	0.000	0.000
454	  V	  7.9	  0.1	0.128	0.000	0.000
455	  N	  7.8	  3.3	0.273	0.000	0.000
456	  P	  0.2	  3.4	0.146	0.000	0.000
457	  S	  0.1	  3.4	0.146	0.000	0.000
458	  S	  5.0	  3.4	0.146	0.000	0.000
459	  M	  5.0	  0.1	0.146	0.000	0.000
460	  N	  5.0	  3.3	0.273	0.000	0.000
461	  P	  0.1	  3.4	0.128	0.000	0.000
462	  S	  0.1	  3.4	0.128	0.000	0.000
463	  S	  7.7	  3.4	0.128	0.000	0.000
464	  V	  7.9	  0.1	0.128	0.000	0.000
465	  N	  7.8	  3.2	0.252	0.000	0.000
466	  P	  0.2	  3.3	0.124	0.000	0.000
467	  S	  0.1	  3.3	0.124	0.000	0.000
468	  S	  7.7	  3.3	0.124	0.000	0.000
469	  V	  7.9	  0.1	0.124	0.000	0.000
470	  N	  7.8	  3.3	0.270	0.000	0.000
471	  P	  0.2	  3.4	0.145	0.000	0.000
472	  S	  0.1	  3.4	0.145	0.000	0.000
473	  S	  5.0	  3.4	0.145	0.000	0.000
474	  M	  5.0	  0.1	0.145	0.000	0.000
475	  N	  5.0	  3.4	0.362	0.000	0.000
476	  P	  0.1	  3.5	0.216	0.000	0.000
477	  S	  0.1	  3.5	0.216	0.000	0.000
478	  S	  5.0	  3.5	0.216	0.000	0.000
479	  M	  5.0	  0.1	0.216	0.000	0.000
480	  N	  5.0	  3.4	0.432	0.000	0.000
481	  P	  0.1	  3.5	0.216	0.000	0.000
482	  S	  0.1	  3.5	0.216	0.000	0.000
483	  S	  5.0	  3.5	0.216	0.000	0.000
484	  M	  5.0	  0.1	0.216	0.000	0.000
485	  N	  5.0	  3.4	0.432	0.000	0.000
486	  P	  0.1	  3.5	0.216	0.000	0.000
487	  S	  0.1	  3.5	0.216	0.000	0.000
488	  S	  5.0	  3.5	0.216	0.000	0.000
489	  M	  5.0	  0.1	0.216	0.000	0.000
490	  N	  5.0	  3.3	0.344	0.000	0.000
491	  P	  0.1	  3.4	0.128	0.000	0.000
492	  S	  0.1	  3.4	0.128	0.000	0.000
493	  S	  7.7	  3.4	0.128	0.000	0.000
494	  V	  7.9	  0.1	0.128	0.000	0.000
495	  N	  7.8	  3.3	0.274	0.000	0.000
496	  P	  0.2	  3.4	0.146	0.000	0.000
497	  S	  0.1	  3.4	0.146	0.000	0.000
498	  S	  5.0	  3.4	0.146	0.000	0.000
499	  M	  5.1	  0.1	0.146	0.000	0.000
500	  N	  5.0	  3.6	0.146	0.000	0.000
501	  P	  0.1	  3.6	0.000	0.000	0.000
502	  S	  0.0	  3.6	0.000	0.000	0.000
503	  S	  0.1	  6.2	0.000	0.000	0.000
504	  P	  0.1	  2.8	0.000	0.000	0.000
505	  S	  0.1	  2.8	0.000	0.000	0.000
506	  S	  5.0	  2.8	0.000	0.000	0.000
507	  M	  5.1	  0.1	0.000	0.000	0.000
508	  N	  5.0	  3.4	0.219	0.000	0.000
509	  P	  0.1	  3.5	0.219	0.000	0.000
510	  S	  0.1	  3.5	0.219	0.000	0.000
511	  S	  5.0	  3.5	0.219	0.000	0.000
512	  M	  5.1	  0.1	0.219	0.000	0.000
513	  N	  5.0	  3.6	0.219	0.000	0.000
514	  P	  0.1	  3.6	0.000	0.000	0.000
515	  S	  0.0	  3.6	0.000	0.000	0.000
516	  S	  0.1	  6.2	0.000	0.000	0.000
517	  P	  0.1	  2.8	0.000	0.000	0.000
518	  S	  0.1	  2.8	0.000	0.000	0.000
519	  S	  5.0	  2.8	0.000	0.000	0.000
520	  M	  5.1	  0.1	0.000	0.000	0.000
521	  N	  5.1	  3.6	0.000	0.000	0.000
522	  P	  0.1	  3.6	0.000	0.000	0.000
523	  S	  0.0	  3.6	0.000	0.000	0.000
524	  S	  0.1	  6.3	0.000	0.000	0.000
525	  P	  0.1	  2.8	0.000	0.000	0.000
526	  S	  0.1	  2.8	0.000	0.000	0.000
527	  S	  5.0	  2.8	0.000	0.000	0.000
528	  M	  5.1	  0.1	0.000	0.000	0.000
529	  N	  5.1	  3.6	0.000	0.000	0.000
530	  P	  0.1	  3.6	0.000	0.000	0.000
531	  S	  0.0	  3.6	0.000	0.000	0.000
532	  S	  0.1	  6.3	0.000	0.000	0.000
533	  P	  0.1	  2.8	0.000	0.000	0.000
534	  S	  0.1	  2.8	0.000	0.000	0.000
535	  S	  5.0	  2.8	0.000	0.000	0.000
536	  M	  5.1	  0.1	0.000	0.000	0.000
537	  N	  5.1	  3.6	0.000	0.000	0.000
538	  P	  0.1	  3.6	0.000	0.000	0.000
539	  S	  0.0	  3.6	0.000	0.000	0.000
540	  S	  0.1	  6.3	0.000	0.000	0.000
541	  P	  0.1	  2.8	0.000	0.000	0.000
542	  S	  0.1	  2.8	0.000	0.000	0.000
543	  S	  5.0	  2.8	0.000	0.000	0.000
544	  M	  5.1	  0.1	0.000	0.000	0.000
545	  N	  5.1	  3.6	0.000	0.000	0.000
546	  P	  0.1	  3.6	0.000	0.000	0.000
547	  S	  0.0	  3.6	0.000	0.000	0.000
548	  S	  0.1	  6.3	0.000	0.000	0.000
549	  P	  0.1	  2.8	0.000	0.000	0.000
550	  S	  0.1	  2.8	0.000	0.000	0.000
551	  S	  5.0	  2.8	0.000	0.000	0.000
552	  M	  5.1	  0.1	0.000	0.000	0.000
553	  N	  5.1	  3.6	0.000	0.000	0.000
554	  P	  0.1	  3.6	0.000	0.000	0.000
555	  S	  0.0	  3.6	0.000	0.000	0.000
556	  S	  0.1	  6.3	0.000	0.000	0.000
557	  P	  0.1	  2.8	0.000	0.000	0.000
558	  S	  0.1	  2.8	0.000	0.000	0.000
559	  S	  5.0	  2.8	0.000	0.000	0.000
560	  M	  5.1	  0.1	0.000	0.000	0.000
561	  N	  5.1	  3.6	0.000	0.000	0.000
562	  P	  0.1	  3.6	0.000	0.000	0.000
563	  S	  0.0	  3.6	0.000	0.000	0.000
564	  S	  0.1	  6.4	0.000	0.000	0.000
565	  P	  0.1	  2.9	0.000	0.000	0.000
566	  S	  0.1	  2.9	0.000	0.000	0.000
567	  S	  5.2	  2.9	0.000	0.000	0.000
568	  M	  5.2	  0.1	0.000	0.000	0.000
569	  N	  5.2	  0.0	0.000	0.000	0.000
570	  P	  0.0	  0.1	0.000	0.000	0.000
571	  P	  0.0	  0.1	0.000	0.000	0.000
572	  F	  0.3	  0.4	0.000	0.000	0.000
573	  A	  0.3	  0.5	0.000	0.000	0.000
574	  N	  0.4	  1.4	0.000	0.000	0.000
575	  S	  0.9	  2.2	0.000	0.000	0.000
576	  S	  1.0	  1.9	0.000	0.000	0.000
577	  S	  5.8	  1.8	0.000	0.000	0.000
578	  M	  5.1	  0.8	0.000	0.000	0.000
579	  N	  5.0	  3.3	0.129	0.000	0.000
580	  P	  0.1	  3.4	0.129	0.000	0.000
581	  S	  0.1	  3.4	0.129	0.000	0.000
582	  S	  7.8	  3.4	0.129	0.000	0.000
583	  V	  7.9	  0.1	0.129	0.000	0.000
584	  N	  7.8	  3.3	0.275	0.000	0.000
585	  P	  0.2	  3.4	0.145	0.000	0.000
586	  S	  0.1	  3.4	0.145	0.000	0.000
587	  S	  5.0	  3.4	0.145	0.000	0.000
588	  M	  5.0	  0.1	0.145	0.000	0.000
589	  N	  5.0	  3.4	0.362	0.000	0.000
590	  P	  0.1	  3.5	0.216	0.000	0.000
591	  S	  0.1	  3.5	0.216	0.000	0.000
592	  S	  5.0	  3.5	0.216	0.000	0.000
593	  M	  5.0	  0.1	0.216	0.000	0.000
594	  N	  5.0	  3.4	0.432	0.000	0.000
595	  P	  0.1	  3.5	0.216	0.000	0.000
596	  S	  0.1	  3.5	0.216	0.000	0.000
597	  S	  5.0	  3.5	0.216	0.000	0.000
598	  M	  5.0	  0.1	0.216	0.000	0.000
599	  N	  5.0	  3.4	0.432	0.000	0.000
600	  P	  0.1	  3.5	0.216	0.000	0.000
601	  S	  0.1	  3.5	0.216	0.000	0.000
602	  S	  5.0	  3.5	0.216	0.000	0.000
603	  M	  5.0	  0.1	0.216	0.000	0.000
604	  N	  5.0	  3.4	0.432	0.000	0.000
605	  P	  0.1	  3.5	0.216	0.000	0.000
606	  S	  0.1	  3.5	0.216	0.000	0.000
607	  S	  5.0	  3.5	0.216	0.000	0.000
608	  M	  5.0	  0.1	0.216	0.000	0.000
609	  N	  5.0	  3.4	0.432	0.000	0.000
610	  P	  0.1	  3.5	0.216	0.000	0.000
611	  S	  0.1	  3.5	0.216	0.000	0.000
612	  S	  5.0	  3.5	0.216	0.000	0.000
613	  M	  5.0	  0.1	0.216	0.000	0.000
614	  N	  5.0	  3.4	0.432	0.000	0.000
615	  P	  0.1	  3.5	0.216	0.000	0.000
616	  S	  0.1	  3.5	0.216	0.000	0.000
617	  S	  5.0	  3.5	0.216	0.000	0.000
618	  M	  5.0	  0.1	0.216	0.000	0.000
619	  N	  5.0	  3.4	0.432	0.000	0.000
620	  P	  0.1	  3.5	0.216	0.000	0.000
621	  S	  0.1	  3.5	0.216	0.000	0.000
622	  S	  5.0	  3.5	0.216	0.000	0.000
623	  M	  5.0	  0.1	0.216	0.000	0.000
624	  N	  5.0	  3.4	0.432	0.000	0.000
625	  P	  0.1	  3.5	0.216	0.000	0.000
626	  S	  0.1	  3.5	0.216	0.000	0.000
627	  S	  5.0	  3.5	0.216	0.000	0.000
628	  M	  5.0	  0.1	0.216	0.000	0.000
629	  N	  5.0	  3.4	0.432	0.000	0.000
630	  P	  0.1	  3.5	0.216	0.000	0.000
631	  S	  0.1	  3.5	0.216	0.000	0.000
632	  S	  5.0	  3.5	0.216	0.000	0.000
633	  M	  5.0	  0.1	0.216	0.000	0.000
634	  N	  5.0	  3.4	0.433	0.000	0.000
635	  P	  0.1	  3.5	0.217	0.000	0.000
636	  S	  0.1	  3.5	0.217	0.000	0.000
637	  S	  5.0	  3.5	0.217	0.000	0.000
638	  M	  5.1	  0.1	0.217	0.000	0.000
639	  N	  5.0	  3.6	0.217	0.000	0.000
640	  P	  0.1	  3.6	0.000	0.000	0.000
641	  S	  0.0	  3.6	0.000	0.000	0.000
642	  S	  0.1	  6.2	0.000	0.000	0.000
643	  P	  0.1	  2.8	0.000	0.000	0.000
644	  S	  0.1	  2.8	0.000	0.000	0.000
645	  S	  5.0	  2.8	0.000	0.000	0.000
646	  M	  5.1	  0.1	0.000	0.000	0.000
647	  N	  5.0	  3.4	0.114	0.000	0.000
648	  P	  0.1	  3.5	0.114	0.000	0.000
649	  S	  0.1	  3.5	0.114	0.000	0.000
650	  S	  5.6	  3.5	0.114	0.000	0.000
651	  I	  5.8	  0.1	0.114	0.000	0.000
652	  N	  5.7	  3.4	0.262	0.000	0.000
653	  P	  0.2	  3.5	0.149	0.000	0.000
654	  S	  0.1	  3.5	0.149	0.000	0.000
655	  S	  5.0	  3.5	0.149	0.000	0.000
656	  M	  5.0	  0.1	0.149	0.000	0.000
657	  N	  5.0	  3.4	0.365	0.000	0.000
658	  P	  0.1	  3.5	0.216	0.000	0.000
659	  S	  0.1	  3.5	0.216	0.000	0.000
660	  S	  5.0	  3.5	0.216	0.000	0.000
661	  M	  5.0	  0.1	0.216	0.000	0.000
662	  N	  5.0	  3.3	0.344	0.000	0.000
663	  P	  0.1	  3.4	0.128	0.000	0.000
664	  S	  0.1	  3.4	0.128	0.000	0.000
665	  S	  7.7	  3.4	0.128	0.000	0.000
666	  V	  7.9	  0.1	0.128	0.000	0.000
667	  N	  7.8	  3.3	0.246	0.000	0.000
668	  P	  0.2	  3.4	0.118	0.000	0.000
669	  S	  0.1	  3.4	0.118	0.000	0.000
670	  S	  7.3	  3.4	0.118	0.000	0.000
671	  V	  7.5	  0.1	0.118	0.000	0.000
672	  N	  7.4	  1.4	0.118	0.000	0.000
673	  P	  0.2	  1.4	0.000	0.000	0.000
674	  S	  8.4	  1.4	0.000	0.000	0.000
675	  V	  9.1	  1.4	0.000	0.000	0.000
676	  E	  9.1	  0.2	0.000	0.000	0.000
677	  P	  0.7	  0.2	0.000	0.000	0.000
678	  S	  0.3	  0.2	0.000	0.000	0.000
679	  I	  1.9	  0.2	0.000	0.000	0.000
680	  L	  2.0	  0.0	0.000	0.000	0.000
681	  K	  1.8	  0.4	0.000	0.000	0.000
682	  P	  0.1	  0.7	0.000	0.000	0.000
683	  S	  0.0	  0.7	0.000	0.000	0.000
684	  N	  2.4	  0.7	0.000	0.000	0.000
685	  V	  2.6	  0.2	0.000	0.000	0.000
686	  N	  2.6	  3.5	0.000	0.000	0.000
687	  P	  0.2	  3.7	0.000	0.000	0.000
688	  S	  0.2	  3.7	0.000	0.000	0.000
689	  S	  7.3	  3.9	0.000	0.000	0.000
690	  F	  8.1	  0.5	0.000	0.000	0.000
691	  D	  7.9	  1.7	0.149	0.000	0.000
692	  S	  1.6	  2.4	0.149	0.000	0.000
693	  S	  0.9	  2.1	0.149	0.000	0.000
694	  S	  5.7	  2.0	0.149	0.000	0.000
695	  M	  5.0	  0.7	0.149	0.000	0.000
696	  N	  5.0	  3.3	0.278	0.000	0.000
697	  P	  0.1	  3.4	0.129	0.000	0.000
698	  S	  0.1	  3.4	0.129	0.000	0.000
699	  S	  7.7	  3.4	0.129	0.000	0.000
700	  V	  7.9	  0.1	0.129	0.000	0.000
701	  N	  7.8	  3.2	0.253	0.000	0.000
702	  P	  0.2	  3.3	0.125	0.000	0.000
703	  S	  0.1	  3.3	0.125	0.000	0.000
704	  S	  7.7	  3.3	0.125	0.000	0.000
705	  V	  7.9	  0.1	0.125	0.000	0.000
706	  N	  7.8	  3.2	0.125	0.000	0.000
707	  P	  0.2	  3.3	0.000	0.000	0.000
708	  S	  0.1	  3.3	0.000	0.000	0.000
709	  S	 10.4	  3.3	0.000	0.000	0.000
710	  M	 10.5	  0.1	0.000	0.000	0.000
711	  S	 10.4	  2.3	0.000	0.000	0.000
712	  P	  0.1	  2.4	0.000	0.000	0.000
713	  S	  0.2	  2.4	0.000	0.000	0.000
714	  S	  7.8	  2.4	0.000	0.000	0.000
715	  V	  8.0	  0.1	0.000	0.000	0.000
716	  N	  7.9	  3.5	0.099	0.000	0.000
717	  P	  0.2	  3.6	0.099	0.000	0.000
718	  S	  0.1	  3.6	0.099	0.000	0.000
719	  S	  3.4	  3.6	0.099	0.000	0.000
720	  V	  4.0	  0.1	0.099	0.000	0.000
721	  K	  3.8	  0.3	0.099	0.000	0.000
722	  P	  0.6	  0.4	0.000	0.000	0.000
723	  S	  0.2	  0.4	0.000	0.000	0.000
724	  S	  3.5	  0.4	0.000	0.000	0.000
725	  V	  4.0	  0.1	0.000	0.000	0.000
726	  K	  3.9	  0.3	0.000	0.000	0.000
727	  P	  0.6	  0.5	0.000	0.000	0.000
728	  S	  0.1	  2.6	0.000	0.000	0.000
729	  S	  0.1	  2.6	0.000	0.000	0.000
730	  D	  0.1	  2.3	0.000	0.000	0.000
731	  K	  0.0	  2.5	0.000	0.000	0.000
732	  P	  0.0	  0.8	0.000	0.000	0.000
733	  S	  0.0	  0.8	0.000	0.000	0.000
734	  N	  0.0	  0.8	0.000	0.000	0.000
735	  A	  0.0	  0.3	0.000	0.000	0.000
736	  N	  0.0	  3.9	0.000	0.000	0.000
737	  P	  0.0	  4.0	0.000	0.000	0.000
738	  S	  0.2	  4.0	0.000	0.000	0.000
739	  S	  3.4	  4.0	0.000	0.000	0.000
740	  V	  4.0	  0.1	0.000	0.000	0.000
741	  K	  3.8	  0.3	0.000	0.000	0.000
742	  P	  0.5	  0.4	0.000	0.000	0.000
743	  S	  0.1	  0.4	0.000	0.000	0.000
744	  S	  5.4	  0.4	0.000	0.000	0.000
745	  I	  5.7	  0.1	0.000	0.000	0.000
746	  N	  5.5	  1.4	0.000	0.000	0.000
747	  P	  0.2	  1.4	0.000	0.000	0.000
748	  S	  8.6	  1.4	0.000	0.000	0.000
749	  V	  9.3	  1.4	0.000	0.000	0.000
750	  E	  9.3	  0.2	0.000	0.000	0.000
751	  P	  0.7	  0.2	0.000	0.000	0.000
752	  S	  0.3	  0.2	0.000	0.000	0.000
753	  I	  1.9	  0.2	0.000	0.000	0.000
754	  L	  2.0	  0.0	0.000	0.000	0.000
755	  K	  1.8	  0.4	0.000	0.000	0.000
756	  P	  0.1	  0.7	0.000	0.000	0.000
757	  S	  0.0	  0.7	0.000	0.000	0.000
758	  N	  2.4	  0.7	0.000	0.000	0.000
759	  V	  2.6	  0.2	0.000	0.000	0.000
760	  N	  2.6	  3.4	0.000	0.000	0.000
761	  P	  0.2	  3.5	0.000	0.000	0.000
762	  S	  0.2	  3.5	0.000	0.000	0.000
763	  S	  8.7	  3.8	0.000	0.000	0.000
764	  F	  9.8	  0.4	0.000	0.000	0.000
765	  N	  9.7	  3.5	0.000	0.000	0.000
766	  S	  1.4	  3.7	0.000	0.000	0.000
767	  S	  0.2	  3.6	0.000	0.000	0.000
768	  G	  0.5	  3.6	0.000	0.000	0.000
769	  I	  0.7	  0.4	0.000	0.000	0.000
770	  N	  0.6	  3.6	0.253	0.000	0.000
771	  P	  0.2	  3.5	0.253	0.000	0.000
772	  S	  0.1	  3.5	0.253	0.000	0.000
773	  S	  7.7	  3.5	0.253	0.000	0.000
774	  V	  7.9	  0.1	0.253	0.000	0.000
775	  N	  7.8	  3.4	0.349	0.000	0.000
776	  P	  0.2	  3.5	0.096	0.000	0.000
777	  S	  0.1	  3.5	0.096	0.000	0.000
778	  S	  3.3	  3.5	0.096	0.000	0.000
779	  V	  3.9	  0.1	0.096	0.000	0.000
780	  K	  3.7	  0.3	0.096	0.000	0.000
781	  P	  0.6	  0.3	0.000	0.000	0.000
782	  S	  2.6	  0.3	0.000	0.000	0.000
783	  V	  3.0	  0.3	0.000	0.000	0.000
784	  H	  3.0	  0.8	0.000	0.000	0.000
785	  P	  0.3	  0.8	0.000	0.000	0.000
786	  S	  3.3	  0.8	0.000	0.000	0.000
787	  V	  3.9	  0.8	0.000	0.000	0.000
788	  K	  3.9	  0.3	0.000	0.000	0.000
789	  P	  0.6	  0.5	0.000	0.000	0.000
790	  S	  0.1	  0.6	0.000	0.000	0.000
791	  S	  0.2	  0.6	0.000	0.000	0.000
792	  E	  0.2	  0.2	0.000	0.000	0.000
793	  K	  0.1	  0.5	0.000	0.000	0.000
794	  P	  0.0	  0.7	0.000	0.000	0.000
795	  S	  0.0	  0.7	0.000	0.000	0.000
796	  N	  2.4	  0.7	0.000	0.000	0.000
797	  V	  2.7	  0.3	0.000	0.000	0.000
798	  N	  2.7	  0.5	0.000	0.000	0.000
799	  P	  0.2	  0.6	0.000	0.000	0.000
800	  T	  0.9	  0.6	0.000	0.000	0.000
801	  S	  4.2	  0.6	0.000	0.000	0.000
802	  V	  4.8	  0.0	0.000	0.000	0.000
803	  K	  3.9	  0.3	0.000	0.000	0.000
804	  P	  0.6	  0.5	0.000	0.000	0.000
805	  S	  0.1	  0.5	0.000	0.000	0.000
806	  S	  5.4	  0.5	0.000	0.000	0.000
807	  A	  5.5	  0.2	0.000	0.000	0.000
808	  S	  5.4	  2.8	0.000	0.000	0.000
809	  P	  0.1	  2.9	0.000	0.000	0.000
810	  S	  0.1	  3.0	0.000	0.000	0.000
811	  S	  0.6	  3.0	0.000	0.000	0.000
812	  A	  0.6	  0.2	0.000	0.000	0.000
813	  H	  0.6	  1.2	0.000	0.000	0.000
814	  P	  0.0	  1.4	0.000	0.000	0.000
815	  S	  0.0	  1.4	0.000	0.000	0.000
816	  N	  1.2	  1.6	0.000	0.000	0.000
817	  I	  1.8	  0.5	0.000	0.000	0.000
818	  S	  2.0	  0.3	0.000	0.000	0.000
819	  S	  0.9	  0.3	0.000	0.000	0.000
820	  K	  0.3	  0.2	0.000	0.000	0.000
821	  P	  0.1	  0.1	0.000	0.000	0.000
822	  T	 14.3	  0.1	0.000	0.431	0.431
823	  V	 21.0	  0.1	0.000	2.664	2.664
824	  S	 28.5	  0.1	0.000	2.664	2.664
825	  V	 22.1	  0.1	0.000	2.876	2.876
826	  S	 21.5	  0.2	0.000	2.876	2.876
827	  V	 14.2	  0.2	0.000	2.876	2.876
828	  S	  8.5	  0.1	0.000	0.747	0.747
829	  S	  9.7	  0.3	0.000	0.535	0.535
830	  V	  9.0	  0.3	0.000	0.535	0.535
831	  S	  8.8	  0.3	0.000	0.000	0.000
832	  N	  0.2	  0.3	0.000	0.000	0.000
833	  K	  0.0	  0.1	0.000	0.000	0.000
834	  P	  0.0	  0.3	0.000	0.000	0.000
835	  A	  0.0	  0.5	0.000	0.000	0.000
836	  S	  0.0	  0.5	0.000	0.000	0.000
837	  D	  0.1	  0.5	0.000	0.000	0.000
838	  V	  3.0	  0.2	0.000	0.000	0.000
839	  L	  3.3	  0.1	0.000	0.000	0.000
840	  S	  3.3	  1.9	0.000	0.000	0.000
841	  S	  0.4	  1.9	0.000	0.000	0.000
842	  N	  0.2	  1.9	0.000	0.000	0.000
843	  K	  0.6	  1.8	0.000	0.000	0.000
844	  Y	  2.2	  0.0	0.000	0.312	0.312
845	  V	  3.3	  0.2	0.000	0.312	0.312
846	  S	  2.9	  0.6	0.000	0.312	0.312
847	  S	  1.5	  0.9	0.000	0.453	0.453
848	  G	  0.3	  0.9	0.000	1.722	1.722
849	  S	  1.0	  0.7	0.000	3.851	3.851
850	  V	 12.3	  0.2	0.000	8.888	8.888
851	  V	 16.1	  0.0	0.000	8.888	8.888
852	  V	 17.1	  0.0	0.000	8.888	8.888
853	  S	  8.3	  0.9	0.000	7.307	7.307
854	  A	  4.3	  0.9	0.000	5.597	5.597
855	  S	  2.8	  0.9	0.000	0.561	0.561
856	  R	  3.0	  0.9	0.000	0.000	0.000
857	  V	  6.8	  0.0	0.000	0.000	0.000
858	  I	  7.2	  0.1	0.000	0.000	0.000
859	  S	  4.8	  0.1	0.000	0.000	0.000
860	  S	  3.4	  0.1	0.000	0.000	0.000
861	  R	  2.9	  0.1	0.000	0.000	0.000
862	  S	  2.7	  2.7	0.000	0.000	0.000
863	  P	  0.1	  2.7	0.000	0.000	0.000
864	  S	  0.2	  2.7	0.000	0.742	0.742
865	  S	  0.7	  2.7	0.000	1.276	1.276
866	  I	  8.9	  0.1	0.000	1.447	1.447
867	  V	  9.2	  0.0	0.000	1.447	1.447
868	  L	  8.7	  1.7	0.000	1.447	1.447
869	  G	  0.6	  1.9	0.000	0.705	0.705
870	  N	  0.0	  2.0	0.000	0.171	0.171
871	  G	  0.0	  2.2	0.000	0.000	0.000
872	  G	  0.0	  0.5	0.000	0.416	0.416
873	  G	  0.0	  0.3	0.000	0.995	0.995
874	  L	  1.8	  0.2	0.000	1.334	1.334
875	  V	  6.2	  0.0	0.000	1.334	1.334
876	  V	  7.4	  0.0	0.000	1.334	1.334
877	  S	  5.8	  0.1	0.000	0.918	0.918
878	  S	  2.7	  0.1	0.000	0.339	0.339
879	  Q	  1.5	  0.1	0.000	0.000	0.000
880	  R	  1.4	  2.0	0.000	0.000	0.000
881	  P	  0.0	  2.0	0.000	0.000	0.000
882	  G	  0.0	  2.0	0.000	0.000	0.000
883	  S	  1.2	  2.0	0.000	0.000	0.000
884	  V	  2.4	  0.2	0.000	0.000	0.000
885	  Q	  2.5	  0.1	0.000	0.000	0.000
886	  N	  1.6	  0.1	0.000	0.000	0.000
887	  S	  7.0	  0.1	0.000	0.000	0.000
888	  V	  7.2	  0.0	0.000	0.000	0.000
889	  R	  7.0	  0.4	0.000	0.000	0.000
890	  P	  0.4	  0.4	0.000	0.000	0.000
891	  S	  5.0	  0.4	0.000	0.000	0.000
892	  A	  5.0	  0.4	0.000	0.000	0.000
893	  S	  5.1	  2.7	0.000	0.000	0.000
894	  P	  0.1	  2.8	0.000	0.000	0.000
895	  S	  0.2	  2.8	0.000	0.000	0.000
896	  S	  3.6	  2.8	0.000	0.000	0.000
897	  V	  5.8	  0.2	0.000	0.000	0.000
898	  R	  5.7	  0.4	0.000	0.000	0.000
899	  Q	  2.4	  0.6	0.000	0.000	0.000
900	  G	  0.1	  0.6	0.000	0.000	0.000
901	  S	  0.7	  0.6	0.000	0.000	0.000
902	  A	  0.7	  0.2	0.000	0.000	0.000
903	  Q	  0.6	  0.0	0.000	0.000	0.000
904	  P	  0.0	  0.0	0.000	0.000	0.000
905	  A	  0.0	  0.3	0.000	0.000	0.000
906	  A	  0.0	  0.3	0.000	0.000	0.000
907	  N	  0.1	  1.3	0.000	0.000	0.000
908	  A	  0.2	  1.4	0.000	0.000	0.000
909	  S	  0.4	  1.1	0.174	0.000	0.000
910	  T	  1.6	  1.1	0.174	0.000	0.000
911	  K	  2.2	  0.1	0.174	0.000	0.000
912	  T	 19.2	  0.1	0.174	0.000	0.000
913	  V	 18.5	  0.2	0.174	0.000	0.000
914	  S	 17.9	  0.3	0.174	0.000	0.000
915	  G	  0.7	  0.3	0.000	0.000	0.000
916	  T	  0.4	  0.3	0.151	0.000	0.000
917	  Q	  0.6	  0.3	0.151	0.000	0.000
918	  A	  0.7	  0.2	0.151	0.000	0.000
919	  S	  0.4	  0.2	0.151	0.000	0.000
920	  R	  0.3	  0.2	0.151	0.000	0.000
921	  A	  0.2	  1.4	0.151	0.000	0.000
922	  P	  0.0	  1.6	0.000	0.000	0.000
923	  S	  0.0	  1.6	0.000	0.000	0.000
924	  G	  0.1	  1.7	0.000	0.000	0.000
925	  V	  1.5	  0.3	0.000	0.000	0.000
926	  N	  1.7	  0.1	0.000	0.000	0.000
927	  S	 11.2	  0.2	0.000	0.000	0.000
928	  V	 11.3	  0.2	0.000	0.000	0.000
929	  S	 11.2	  0.1	0.098	0.000	0.000
930	  Q	  2.2	  0.1	0.098	0.000	0.000
931	  V	  8.5	  0.0	0.098	0.000	0.000
932	  R	  9.4	  0.0	0.098	0.000	0.000
933	  V	 10.2	  0.1	0.098	0.000	0.000
934	  S	  2.4	  1.5	0.098	0.000	0.000
935	  S	  1.3	  1.7	0.000	0.000	0.000
936	  N	  0.2	  1.8	0.000	0.000	0.000
937	  S	  2.9	  5.0	0.000	0.000	0.000
938	  A	  2.9	  3.7	0.000	0.000	0.000
939	  S	  2.9	  3.5	0.000	0.000	0.000
940	  G	  0.1	  3.5	0.000	0.000	0.000
941	  V	  4.4	  0.2	0.000	0.000	0.000
942	  V	  5.9	  0.0	0.000	0.000	0.000
943	  N	  6.1	  0.2	0.000	0.000	0.000
944	  S	  1.8	  0.2	0.000	0.000	0.000
945	  R	  0.3	  0.1	0.000	0.000	0.000
946	  A	  0.1	  0.3	0.000	0.000	0.000
947	  P	  0.0	  0.2	0.000	0.000	0.000
948	  T	  5.5	  0.2	0.000	0.283	0.283
949	  V	  9.3	  0.2	0.000	0.753	0.753
950	  V	 10.3	  0.0	0.000	0.753	0.753
951	  S	  5.2	  0.2	0.000	0.753	0.753
952	  S	  1.9	  0.2	0.000	0.753	0.753
953	  T	 12.6	  0.2	0.000	0.753	0.753
954	  F	 13.5	  0.3	0.000	0.753	0.753
955	  R	 13.0	  0.3	0.000	0.000	0.000
956	  G	  1.4	  0.3	0.000	0.126	0.126
957	  S	  0.3	  0.3	0.000	2.102	2.102
958	  A	  1.1	  0.1	0.000	9.358	9.358
959	  V	  5.2	  0.0	0.000	17.919	17.919
960	  M	  5.5	  0.0	0.000	18.565	18.565
961	  L	  5.9	  0.0	0.000	18.725	18.725
962	  H	  3.3	  0.0	0.000	18.529	18.529
963	  V	  3.7	  0.0	0.000	18.529	18.529
964	  Y	  2.8	  0.1	0.000	17.513	17.513
965	  G	  1.3	  0.1	0.357	6.783	6.783
966	  I	  3.0	  0.1	0.357	6.279	6.279
967	  E	  2.7	  0.1	0.357	0.000	0.000
968	  L	  6.5	  0.0	0.357	0.000	0.000
969	  V	  4.3	  0.0	0.357	0.000	0.000
970	  L	  4.3	  0.0	0.726	0.000	0.000
971	  P	  0.4	  0.0	2.072	1.059	1.059
972	  V	  1.1	  0.0	2.391	86.024	86.024
973	  L	  1.1	  0.0	2.548	92.953	92.953
974	  A	  1.3	  0.0	2.548	94.121	94.121
975	  A	  0.5	  0.0	2.548	94.121	94.121
976	  L	  0.9	  0.0	2.548	94.121	94.121
977	  L	  2.1	  0.0	2.351	93.069	93.069
978	  F	  1.8	  0.0	2.050	90.308	90.308
979	  I	  1.3	  0.0	0.000	0.032	0.032
