res	aa	Beta	Turn	Helix	Aggregation	Conc-Stab_Aggregation
01	  M	  0.0	  0.3	0.000	0.000	0.000
02	  A	  0.1	  0.4	0.000	0.000	0.000
03	  D	  0.1	  1.4	0.000	0.000	0.000
04	  S	  0.0	  1.4	0.134	0.000	0.000
05	  N	  2.2	  1.1	0.134	0.000	0.000
06	  I	 13.0	  1.0	0.134	0.000	0.000
07	  T	 18.3	  0.0	0.134	0.000	0.000
08	  M	 16.4	  0.1	0.134	0.000	0.000
09	  S	  7.3	  1.0	0.134	0.000	0.000
10	  S	  1.1	  2.3	0.000	0.000	0.000
11	  S	  0.7	  2.3	0.000	0.000	0.000
12	  D	  2.2	  2.2	0.000	0.000	0.000
13	  V	  7.9	  1.3	0.000	0.000	0.000
14	  Y	  9.1	  0.2	0.000	0.000	0.000
15	  V	  7.2	  0.2	0.000	0.000	0.000
16	  D	  1.5	  0.2	0.000	0.000	0.000
17	  G	  0.2	  0.2	0.000	0.000	0.000
18	  P	  0.0	  0.3	0.000	0.000	0.000
19	  P	  0.0	  0.3	0.000	0.000	0.000
20	  T	  3.7	  0.3	0.000	0.000	0.000
21	  V	  6.9	  0.3	0.000	0.000	0.000
22	  L	  7.2	  0.0	0.000	0.000	0.000
23	  N	  3.5	  2.1	0.000	0.000	0.000
24	  A	  0.3	  2.2	0.000	0.000	0.000
25	  N	  0.3	  2.3	0.000	0.000	0.000
26	  T	  1.6	  2.3	0.000	0.000	0.000
27	  S	  1.8	  0.1	0.000	0.000	0.000
28	  V	  1.6	  0.1	0.000	0.000	0.000
29	  P	  0.2	  0.0	0.000	0.000	0.000
30	  M	  0.2	  0.2	0.000	0.000	0.000
31	  E	  0.2	  0.2	0.000	0.000	0.000
32	  S	  0.2	  0.2	0.000	0.000	0.000
33	  D	  0.0	  0.5	0.120	0.000	0.000
34	  P	  0.0	  0.4	0.120	0.000	0.000
35	  L	  1.6	  0.4	0.120	0.000	0.000
36	  S	  7.3	  0.5	0.120	0.000	0.000
37	  I	 11.5	  0.1	0.120	0.000	0.000
38	  S	 10.2	  0.1	0.120	0.000	0.000
39	  I	  4.6	  0.3	0.000	0.000	0.000
40	  P	  0.1	  0.4	0.000	0.000	0.000
41	  S	  0.1	  0.6	0.000	0.000	0.000
42	  N	  0.3	  0.6	0.103	0.000	0.000
43	  S	  3.7	  0.4	0.103	0.000	0.000
44	  V	 12.7	  0.2	0.103	0.000	0.000
45	  T	 15.5	  0.0	0.103	0.000	0.000
46	  I	 13.4	  0.0	0.103	0.000	0.000
47	  H	  4.9	  0.1	0.103	0.000	0.000
48	  T	  2.6	  0.1	0.000	0.000	0.000
49	  S	  2.2	  1.1	0.000	0.000	0.000
50	  Q	  2.1	  1.1	0.000	0.000	0.000
51	  N	  3.1	  1.0	0.000	0.000	0.000
52	  V	  3.7	  1.0	0.000	0.000	0.000
53	  T	  3.7	  0.0	0.000	0.000	0.000
54	  D	  7.2	  0.0	0.000	0.000	0.000
55	  V	  6.5	  0.0	0.000	0.000	0.000
56	  E	  6.1	  0.0	0.000	0.000	0.000
57	  P	  0.7	  0.0	0.000	0.000	0.000
58	  V	  2.8	  0.0	0.000	0.000	0.000
59	  T	  3.1	  0.4	0.508	0.000	0.000
60	  A	  3.1	  0.4	0.508	0.000	0.000
61	  N	  0.3	  0.4	0.632	0.000	0.000
62	  A	  0.1	  0.5	0.632	0.000	0.000
63	  A	  0.2	  0.3	0.632	0.000	0.000
64	  S	  0.3	  2.4	0.632	0.000	0.000
65	  S	  0.2	  2.7	0.257	0.000	0.000
66	  N	  0.1	  2.6	0.124	0.000	0.000
67	  N	  0.4	  2.5	0.000	0.000	0.000
68	  T	  3.2	  0.4	0.000	0.000	0.000
69	  T	  4.2	  0.1	0.000	0.000	0.000
70	  S	  4.0	  0.1	0.000	0.000	0.000
71	  M	  1.2	  0.0	0.000	0.000	0.000
72	  P	  0.1	  0.0	0.000	0.000	0.000
73	  V	  1.3	  0.1	0.000	0.000	0.000
74	  S	  1.3	  0.1	0.000	0.000	0.000
75	  S	  6.8	  0.5	0.000	0.000	0.000
76	  L	  5.8	  0.6	0.000	0.000	0.000
77	  S	  5.9	  0.6	0.000	0.000	0.000
78	  S	  0.7	  0.6	0.000	0.000	0.000
79	  Q	  0.5	  0.4	0.000	0.000	0.000
80	  Q	  0.6	  0.3	0.000	0.000	0.000
81	  N	  0.7	  0.2	0.000	0.000	0.000
82	  T	  2.3	  0.2	0.000	0.000	0.000
83	  T	  4.9	  0.1	0.000	0.000	0.000
84	  T	  4.7	  0.1	0.000	0.000	0.000
85	  T	  3.1	  0.0	0.000	0.000	0.000
86	  P	  0.2	  0.0	0.000	0.000	0.000
87	  V	  0.1	  0.0	0.000	0.000	0.000
88	  P	  0.0	  0.0	0.000	0.000	0.000
89	  I	  0.8	  0.0	0.000	0.000	0.000
90	  T	  0.8	  0.2	0.000	0.000	0.000
91	  P	  0.8	  0.2	0.000	0.000	0.000
92	  Y	  1.8	  0.2	0.000	0.000	0.000
93	  Y	  3.4	  0.2	0.000	0.000	0.000
94	  S	  4.7	  0.6	0.000	0.000	0.000
95	  Q	  3.7	  0.6	0.000	0.000	0.000
96	  S	 21.0	  0.7	0.000	0.000	0.000
97	  Y	 20.8	  0.9	0.000	0.000	0.000
98	  S	 20.2	  0.3	0.093	0.000	0.000
99	  S	  6.0	  0.4	0.093	0.000	0.000
100	  I	  5.0	  0.3	0.093	0.000	0.000
101	  S	  5.4	  1.6	0.093	0.000	0.000
102	  K	  1.1	  1.6	0.093	0.000	0.000
103	  N	  0.7	  1.9	0.093	0.000	0.000
104	  S	  0.3	  1.8	0.000	0.000	0.000
105	  S	  5.7	  0.5	0.000	0.000	0.000
106	  I	  6.5	  0.5	0.000	0.000	0.000
107	  S	  8.3	  0.4	0.000	0.000	0.000
108	  T	  4.1	  0.5	0.000	0.000	0.000
109	  S	  3.3	  0.4	0.000	0.000	0.000
110	  S	  1.5	  0.3	0.000	0.000	0.000
111	  L	  0.3	  0.4	0.000	0.000	0.000
112	  P	  0.1	  0.3	0.000	0.000	0.000
113	  S	  3.0	  0.3	0.000	0.000	0.000
114	  I	  5.3	  0.3	0.000	1.303	1.303
115	  T	  5.7	  0.0	0.000	1.303	1.303
116	  S	  3.0	  0.0	0.000	1.303	1.303
117	  A	  0.9	  0.0	0.000	1.303	1.303
118	  I	  3.2	  0.0	0.000	1.303	1.303
119	  S	  7.8	  0.0	0.000	0.768	0.768
120	  I	  8.3	  0.0	0.000	0.768	0.768
121	  T	  5.8	  0.0	0.136	0.000	0.000
122	  P	  0.8	  0.2	0.136	0.000	0.000
123	  A	  0.1	  0.3	0.136	0.000	0.000
124	  S	  0.3	  0.4	0.136	0.000	0.000
125	  S	  0.8	  2.0	0.136	0.000	0.000
126	  K	  0.8	  1.8	0.136	0.000	0.000
127	  N	  0.8	  1.9	0.000	0.000	0.000
128	  S	  2.1	  2.0	0.000	0.000	0.000
129	  T	  3.3	  0.5	0.000	0.000	0.000
130	  S	  4.0	  1.1	0.000	0.000	0.000
131	  S	  2.4	  1.1	0.000	0.000	0.000
132	  S	  3.0	  1.0	0.000	0.000	0.000
133	  T	  2.5	  0.9	0.000	0.000	0.000
134	  S	  5.0	  0.3	0.000	0.000	0.000
135	  I	  5.5	  0.2	0.000	0.504	0.504
136	  T	  6.4	  0.1	0.000	0.504	0.504
137	  S	  3.7	  0.2	0.000	0.504	0.504
138	  S	  1.6	  0.2	0.000	0.504	0.504
139	  L	  0.9	  0.2	0.000	0.852	0.852
140	  F	  2.4	  0.2	0.000	0.852	0.852
141	  S	  2.9	  1.1	0.000	0.349	0.349
142	  S	  2.7	  1.1	0.000	0.349	0.349
143	  S	  1.7	  1.1	0.000	0.492	0.492
144	  Y	  1.2	  1.0	0.000	2.322	2.322
145	  L	  1.4	  0.0	0.000	2.515	2.515
146	  T	  1.7	  0.0	0.000	2.333	2.333
147	  S	  4.6	  0.0	0.000	2.333	2.333
148	  V	  6.5	  0.0	0.000	2.333	2.333
149	  T	  6.8	  0.1	0.000	0.880	0.880
150	  S	  3.8	  0.1	0.000	0.000	0.000
151	  S	  9.7	  0.4	0.000	0.000	0.000
152	  Y	  9.3	  0.4	0.000	0.000	0.000
153	  N	  9.3	  0.3	0.000	0.000	0.000
154	  T	  3.6	  0.4	0.000	0.000	0.000
155	  T	  2.9	  0.3	0.000	0.000	0.000
156	  S	  2.6	  0.3	0.000	0.000	0.000
157	  N	  4.6	  0.2	0.000	0.000	0.000
158	  I	  5.0	  0.2	0.000	0.000	0.000
159	  I	  5.0	  0.0	0.000	0.000	0.000
160	  P	  0.4	  0.0	0.000	0.000	0.000
161	  F	  0.8	  0.1	0.000	0.000	0.000
162	  S	  2.8	  0.3	0.000	0.000	0.000
163	  T	  4.1	  0.4	0.000	0.000	0.000
164	  S	  5.6	  1.0	0.000	0.000	0.000
165	  K	  4.2	  1.0	0.000	0.000	0.000
166	  S	  3.1	  0.7	0.000	0.000	0.000
167	  T	  0.9	  0.8	0.000	0.000	0.000
168	  E	  0.5	  0.2	0.000	0.000	0.000
169	  T	  2.6	  0.1	0.000	0.000	0.000
170	  Y	  3.4	  0.1	0.000	0.000	0.000
171	  I	  3.8	  0.1	0.000	0.000	0.000
172	  S	  1.7	  0.1	0.000	0.000	0.000
173	  S	  1.9	  0.5	0.113	0.000	0.000
174	  Q	  1.4	  0.5	0.113	0.000	0.000
175	  S	  2.8	  0.7	0.113	0.000	0.000
176	  T	  2.9	  0.6	0.113	0.000	0.000
177	  S	 22.0	  0.3	0.113	0.000	0.000
178	  F	 23.3	  0.3	0.113	0.000	0.000
179	  S	 26.5	  0.2	0.000	0.000	0.000
180	  I	  8.3	  0.2	0.000	0.000	0.000
181	  S	  5.2	  0.2	0.000	0.000	0.000
182	  S	  0.7	  1.1	0.000	0.000	0.000
183	  E	  0.3	  1.0	0.000	0.000	0.000
184	  S	  0.4	  1.0	0.000	0.000	0.000
185	  S	  1.5	  0.9	0.000	0.000	0.000
186	  V	  5.1	  0.1	0.000	0.000	0.000
187	  Q	  5.7	  0.0	0.000	0.000	0.000
188	  I	  5.0	  0.1	0.000	0.000	0.000
189	  S	  2.2	  0.8	0.000	0.000	0.000
190	  S	  2.2	  1.6	0.000	0.000	0.000
191	  S	  2.4	  2.4	0.000	0.000	0.000
192	  S	  2.5	  3.1	0.000	0.000	0.000
193	  S	  2.5	  3.1	0.000	0.000	0.000
194	  S	  2.5	  3.1	0.000	0.000	0.000
195	  S	  3.1	  2.3	0.000	0.000	0.000
196	  S	  2.3	  1.6	0.000	0.000	0.000
197	  S	  1.6	  3.5	0.000	0.000	0.000
198	  P	  0.1	  2.8	0.000	0.000	0.000
199	  S	  0.8	  3.6	0.000	0.000	0.000
200	  S	  1.6	  4.4	0.000	0.000	0.000
201	  S	  3.1	  1.7	0.000	0.000	0.000
202	  S	  2.3	  1.6	0.000	0.000	0.000
203	  S	  1.5	  6.0	0.000	0.000	0.000
204	  P	  0.0	  5.3	0.000	0.000	0.000
205	  N	  0.1	  6.4	0.000	0.000	0.000
206	  S	  0.9	  7.3	0.000	0.000	0.000
207	  S	  1.0	  2.1	0.119	0.000	0.000
208	  S	  1.0	  2.0	0.119	0.000	0.000
209	  A	  0.4	  1.0	0.119	0.000	0.000
210	  L	  0.6	  0.1	0.119	0.000	0.000
211	  S	  1.4	  0.9	0.119	0.000	0.000
212	  S	  2.0	  1.7	0.119	0.000	0.000
213	  S	  2.5	  2.5	0.000	0.000	0.000
214	  S	  2.5	  3.2	0.000	0.000	0.000
215	  S	  2.5	  3.2	0.000	0.000	0.000
216	  S	  2.5	  3.4	0.000	0.000	0.000
217	  S	  1.7	  3.9	0.000	0.000	0.000
218	  S	  0.9	  3.1	0.000	0.000	0.000
219	  N	  0.3	  2.3	0.000	0.000	0.000
220	  T	  0.5	  1.4	0.000	0.000	0.000
221	  E	  0.5	  0.3	0.000	0.000	0.000
222	  S	  1.2	  1.1	0.000	0.000	0.000
223	  S	  1.8	  1.9	0.000	0.000	0.000
224	  S	  2.6	  2.4	0.000	0.000	0.000
225	  S	  2.3	  2.3	0.000	0.000	0.000
226	  S	  1.4	  1.5	0.000	0.000	0.000
227	  T	  0.6	  0.6	0.000	0.000	0.000
228	  P	  0.1	  0.0	0.000	0.000	0.000
229	  I	  1.8	  0.0	0.000	0.376	0.376
230	  I	  2.3	  0.0	0.000	0.376	0.376
231	  S	  2.6	  0.1	0.000	0.376	0.376
232	  S	  1.2	  0.1	0.000	0.376	0.376
233	  T	 13.2	  0.1	0.000	0.376	0.376
234	  I	 13.5	  0.1	0.000	0.376	0.376
235	  S	 13.6	  1.6	0.231	0.001	0.001
236	  K	  1.2	  1.6	0.231	0.001	0.001
237	  N	  1.3	  1.6	0.414	3.728	3.728
238	  Y	  2.1	  1.6	0.414	95.666	95.666
239	  I	  4.0	  0.0	0.414	99.267	99.267
240	  I	  4.3	  0.0	0.414	99.267	99.267
241	  Y	  3.6	  0.0	0.414	99.267	99.267
242	  I	  1.8	  0.0	0.414	99.254	99.254
243	  Y	  1.8	  0.1	0.414	78.271	78.271
244	  D	  1.2	  0.1	0.113	0.048	0.048
245	  Q	  1.6	  0.1	0.113	0.047	0.047
246	  K	  4.0	  0.1	0.113	0.047	0.047
247	  F	  7.9	  0.1	0.113	0.043	0.043
248	  E	  9.5	  0.0	0.113	0.000	0.000
249	  F	  7.8	  0.1	0.113	0.000	0.000
250	  T	  4.0	  0.1	0.000	0.000	0.000
251	  D	  1.6	  1.5	0.125	0.000	0.000
252	  A	  0.2	  1.5	0.125	0.000	0.000
253	  S	  0.7	  1.5	0.125	0.000	0.000
254	  T	  4.1	  1.4	0.125	0.000	0.000
255	  T	 11.1	  0.1	0.125	0.000	0.000
256	  F	 11.0	  0.1	0.125	0.000	0.000
257	  D	  7.8	  0.4	0.000	0.000	0.000
258	  T	  1.0	  0.4	0.000	0.000	0.000
259	  D	  0.5	  0.4	0.000	0.000	0.000
260	  I	  0.5	  0.3	0.000	0.000	0.000
261	  P	  0.1	  0.0	0.000	0.000	0.000
262	  V	  0.6	  0.0	0.000	0.000	0.000
263	  E	  0.6	  0.0	0.000	0.000	0.000
264	  T	  1.3	  0.0	0.000	0.000	0.000
265	  R	  3.1	  0.0	0.000	0.000	0.000
266	  I	 10.8	  0.0	0.000	0.000	0.000
267	  K	 18.0	  0.0	0.000	0.000	0.000
268	  V	 16.3	  0.0	0.000	0.000	0.000
269	  T	  9.4	  0.8	0.000	0.000	0.000
270	  P	  0.5	  0.8	0.000	0.000	0.000
271	  N	  0.0	  0.8	0.000	0.000	0.000
272	  K	  0.6	  0.8	0.000	0.000	0.000
273	  M	  1.3	  0.1	0.000	0.000	0.000
274	  V	  5.4	  0.0	0.000	0.000	0.000
275	  S	 16.6	  0.0	0.000	0.000	0.000
276	  F	 15.9	  0.0	0.000	0.000	0.000
277	  T	 12.3	  0.0	0.000	0.000	0.000
278	  P	  0.0	  0.9	0.000	0.000	0.000
279	  P	  0.0	  1.0	0.000	0.000	0.000
280	  T	  0.0	  1.0	0.000	0.000	0.000
281	  G	  0.0	  1.0	0.000	0.000	0.000
282	  I	  1.6	  0.1	0.000	0.000	0.000
283	  L	  1.9	  0.1	0.000	0.000	0.000
284	  T	  2.3	  0.1	2.398	0.000	0.000
285	  T	  0.7	  0.1	4.542	0.000	0.000
286	  D	  0.5	  0.1	7.368	0.000	0.000
287	  A	  0.2	  0.1	7.368	0.000	0.000
288	  A	  0.3	  0.0	7.560	0.000	0.000
289	  L	  0.5	  0.0	7.560	0.000	0.000
290	  Y	  2.1	  0.0	7.376	0.000	0.000
291	  Q	  2.6	  0.0	6.457	0.000	0.000
292	  K	  2.6	  0.0	4.749	0.000	0.000
293	  Y	  1.4	  0.0	3.643	0.868	0.868
294	  L	  0.8	  0.2	3.032	1.080	1.080
295	  A	  0.6	  0.3	2.444	1.080	1.080
296	  G	  0.0	  0.4	1.775	1.080	1.080
297	  T	  1.4	  0.5	0.000	1.080	1.080
298	  L	  2.3	  0.3	0.000	0.951	0.951
299	  D	  2.7	  1.0	0.000	0.000	0.000
300	  W	  2.0	  1.0	0.000	0.000	0.000
301	  N	  1.1	  1.0	0.000	0.000	0.000
302	  S	  1.5	  1.3	0.400	0.000	0.000
303	  H	  0.9	  0.6	0.621	0.000	0.000
304	  D	  0.9	  1.6	1.299	0.000	0.000
305	  T	  0.2	  1.4	5.288	0.000	0.000
306	  D	  0.2	  1.1	7.144	0.000	0.000
307	  A	  0.7	  1.0	7.144	0.000	0.000
308	  R	  4.1	  0.0	7.144	0.000	0.000
309	  I	  4.3	  0.1	7.144	0.000	0.000
310	  R	  3.7	  0.1	7.144	0.000	0.000
311	  N	  0.4	  0.1	6.720	0.000	0.000
312	  S	  0.5	  0.1	3.902	0.000	0.000
313	  K	  1.8	  0.1	1.139	0.000	0.000
314	  I	  3.6	  0.0	0.000	0.001	0.001
315	  I	  3.3	  2.1	0.000	0.001	0.001
316	  G	  2.0	  2.1	0.000	0.001	0.001
317	  G	  0.1	  2.1	0.000	0.011	0.011
318	  V	  1.0	  2.1	0.000	0.632	0.632
319	  V	  1.2	  0.2	0.000	0.914	0.914
320	  G	  1.2	  0.2	0.000	1.042	1.042
321	  S	  1.0	  0.2	0.000	2.459	2.459
322	  V	  1.2	  0.2	0.000	13.775	13.775
323	  C	  1.3	  0.1	0.000	14.709	14.709
324	  G	  0.5	  0.1	0.000	20.239	20.239
325	  L	  0.9	  0.0	0.000	81.628	81.628
326	  L	  1.9	  0.0	0.000	90.804	90.804
327	  V	  2.7	  0.0	0.000	92.398	92.398
328	  C	  3.9	  0.0	1.891	92.530	92.530
329	  S	  3.5	  0.0	5.147	93.309	93.309
330	  V	  9.3	  0.0	5.244	99.522	99.522
331	  V	  9.3	  0.0	5.244	99.962	99.962
332	  I	  9.6	  0.0	5.244	99.996	99.996
333	  F	  3.7	  0.0	5.244	99.992	99.992
334	  L	  2.2	  0.0	5.244	99.909	99.909
335	  L	  1.6	  0.0	5.244	99.405	99.405
336	  F	  2.7	  0.0	5.126	96.540	96.540
337	  F	  4.0	  0.0	3.984	81.380	81.380
338	  R	  3.7	  0.1	3.142	0.003	0.003
339	  R	  2.1	  0.1	1.505	0.000	0.000
340	  K	  0.5	  0.2	1.020	0.000	0.000
341	  R	  0.5	  0.2	0.609	0.000	0.000
342	  N	  0.4	  0.2	0.328	0.000	0.000
343	  T	  1.2	  0.2	0.000	0.000	0.000
344	  H	  1.5	  0.1	0.000	0.000	0.000
345	  N	  1.4	  0.1	0.000	0.000	0.000
346	  Y	  0.7	  0.1	0.000	0.000	0.000
347	  M	  0.3	  1.1	0.000	0.000	0.000
348	  P	  0.2	  1.4	0.000	0.000	0.000
349	  D	  0.0	  2.6	0.000	0.000	0.000
350	  D	  0.0	  2.7	0.433	0.000	0.000
351	  D	  0.2	  1.5	0.433	0.000	0.000
352	  L	  0.7	  1.2	0.433	0.000	0.000
353	  T	  1.0	  0.1	0.433	0.000	0.000
354	  S	  1.7	  0.0	0.433	0.000	0.000
355	  I	  1.4	  0.1	0.433	0.000	0.000
356	  K	  1.1	  0.2	0.433	0.000	0.000
357	  D	  0.3	  0.7	0.128	0.000	0.000
358	  E	  0.1	  1.1	0.000	0.000	0.000
359	  K	  0.0	  1.4	0.000	0.000	0.000
360	  G	  0.1	  1.4	0.000	0.000	0.000
361	  S	  1.2	  0.8	0.000	0.000	0.000
362	  Y	  2.1	  0.6	0.000	0.000	0.000
363	  Y	  2.3	  0.1	0.000	0.000	0.000
364	  G	  1.2	  0.1	0.000	0.000	0.000
365	  F	  1.1	  0.2	0.000	0.000	0.000
366	  S	  1.1	  0.1	0.000	0.000	0.000
367	  T	  1.1	  0.3	0.000	0.000	0.000
368	  E	  0.4	  0.3	0.000	0.000	0.000
369	  N	  0.3	  0.3	0.000	0.000	0.000
370	  T	  0.3	  0.4	0.000	0.000	0.000
371	  P	  0.1	  0.2	0.000	0.000	0.000
372	  Y	  0.2	  0.2	0.000	0.000	0.000
373	  K	  0.2	  0.2	0.000	0.000	0.000
374	  P	  0.2	  0.0	0.000	0.000	0.000
375	  A	  0.4	  0.0	0.000	0.000	0.000
376	  I	  1.3	  0.0	0.000	0.000	0.000
377	  S	  2.0	  0.1	0.880	0.000	0.000
378	  T	  1.8	  0.3	0.880	0.000	0.000
379	  R	  0.9	  0.3	0.880	0.000	0.000
380	  D	  0.4	  0.3	0.880	0.000	0.000
381	  L	  1.0	  0.2	0.880	0.000	0.000
382	  T	  3.5	  0.2	0.991	0.000	0.000
383	  A	  3.4	  0.4	0.991	0.000	0.000
384	  S	  2.7	  0.5	1.557	0.000	0.000
385	  N	  0.3	  0.5	2.660	0.000	0.000
386	  Q	  0.6	  0.3	2.660	0.000	0.000
387	  R	  0.8	  0.1	2.660	0.000	0.000
388	  L	  0.6	  0.1	2.550	0.000	0.000
389	  K	  0.4	  0.1	2.550	0.000	0.000
390	  K	  0.4	  0.1	2.297	0.000	0.000
391	  L	  0.9	  0.1	1.475	0.000	0.000
392	  F	  3.0	  0.1	1.290	0.000	0.000
393	  S	  2.8	  0.1	0.817	0.000	0.000
394	  K	  2.5	  0.2	0.347	0.000	0.000
395	  K	  0.4	  0.4	0.180	0.000	0.000
396	  E	  0.3	  0.4	0.180	0.000	0.000
397	  N	  0.3	  0.3	0.180	0.000	0.000
398	  S	  0.3	  0.2	0.180	0.000	0.000
399	  T	  0.3	  0.3	0.000	0.000	0.000
400	  P	  0.1	  0.3	0.000	0.000	0.000
401	  T	  0.6	  0.6	0.117	0.000	0.000
402	  K	  0.6	  0.6	0.117	0.000	0.000
403	  N	  1.1	  0.3	0.117	0.000	0.000
404	  W	  0.9	  0.3	0.117	0.000	0.000
405	  K	  0.8	  0.1	0.117	0.000	0.000
406	  K	  0.8	  0.1	0.117	0.000	0.000
407	  A	  0.7	  0.1	0.000	0.000	0.000
408	  T	  0.9	  0.1	0.000	0.000	0.000
409	  T	  0.7	  0.0	0.000	0.000	0.000
410	  E	  0.6	  0.0	0.000	0.000	0.000
411	  Y	  1.4	  0.1	0.000	0.000	0.000
412	  M	  1.6	  0.0	0.000	0.000	0.000
413	  S	  1.5	  0.0	0.000	0.000	0.000
414	  T	  0.5	  0.4	0.000	0.000	0.000
415	  P	  0.1	  0.5	0.000	0.000	0.000
416	  S	  1.0	  0.5	0.000	0.000	0.000
417	  T	  1.0	  0.5	0.000	0.000	0.000
418	  N	  1.0	  0.3	0.000	0.000	0.000
419	  P	  0.0	  0.2	0.000	0.000	0.000
420	  F	  1.3	  0.4	0.000	0.000	0.000
421	  Q	  1.3	  0.4	0.000	0.000	0.000
422	  D	  1.4	  0.3	0.000	0.000	0.000
423	  E	  2.0	  0.4	0.000	0.000	0.000
424	  F	  4.1	  0.2	0.162	0.000	0.000
425	  D	  4.5	  0.8	0.505	0.000	0.000
426	  F	  3.1	  0.7	0.505	0.000	0.000
427	  D	  0.9	  0.7	0.505	0.000	0.000
428	  K	  0.8	  0.7	0.505	0.000	0.000
429	  R	  0.4	  0.1	0.505	0.000	0.000
430	  L	  0.4	  0.1	0.505	0.000	0.000
431	  P	  0.1	  0.0	0.000	0.000	0.000
432	  S	  0.0	  0.0	0.000	0.000	0.000
433	  P	  0.0	  1.0	0.000	0.000	0.000
434	  P	  0.0	  1.1	0.000	0.000	0.000
435	  N	  0.2	  2.5	0.000	0.000	0.000
436	  L	  0.3	  2.6	0.000	0.000	0.000
437	  D	  0.3	  1.6	0.000	0.000	0.000
438	  N	  0.1	  2.8	0.000	0.000	0.000
439	  K	  0.1	  1.4	0.000	0.000	0.000
440	  D	  0.4	  1.2	0.000	0.000	0.000
441	  M	  0.5	  1.2	0.000	0.000	0.000
442	  T	  0.5	  0.6	0.314	0.000	0.000
443	  P	  0.2	  1.0	0.314	0.000	0.000
444	  S	  0.0	  1.0	0.464	0.000	0.000
445	  D	  0.1	  1.0	0.464	0.000	0.000
446	  K	  1.6	  0.4	0.464	0.000	0.000
447	  I	  3.1	  0.0	0.464	0.000	0.000
448	  I	  3.3	  0.0	0.464	0.000	0.000
449	  N	  1.8	  0.5	0.464	0.000	0.000
450	  P	  0.3	  1.2	0.000	0.000	0.000
451	  R	  0.0	  3.3	0.000	0.000	0.000
452	  N	  0.0	  3.5	0.000	0.000	0.000
453	  G	  0.0	  3.4	0.000	0.000	0.000
454	  E	  0.0	  2.8	0.000	0.000	0.000
455	  N	  0.1	  0.7	0.000	0.000	0.000
456	  D	  0.8	  0.6	0.000	0.000	0.000
457	  V	  6.8	  0.1	0.000	0.000	0.000
458	  S	  6.9	  0.1	0.000	0.000	0.000
459	  I	  6.1	  0.2	0.000	0.000	0.000
460	  P	  0.1	  0.1	0.000	0.000	0.000
461	  H	  0.5	  0.1	0.000	0.000	0.000
462	  L	  2.4	  0.1	0.000	0.000	0.000
463	  L	  2.5	  0.0	0.000	0.000	0.000
464	  L	  2.0	  1.0	0.000	0.000	0.000
465	  P	  0.1	  1.1	0.000	0.000	0.000
466	  D	  0.0	  1.2	0.000	0.000	0.000
467	  N	  0.0	  1.6	0.000	0.000	0.000
468	  E	  0.0	  0.7	0.000	0.000	0.000
469	  S	  5.7	  0.7	0.000	0.134	0.134
470	  I	  9.1	  0.6	0.000	0.269	0.269
471	  S	  9.4	  0.2	0.000	0.269	0.269
472	  L	  4.4	  0.2	0.000	0.269	0.269
473	  I	  1.2	  0.0	0.000	0.269	0.269
474	  S	  0.9	  0.0	0.000	0.135	0.135
475	  E	  0.4	  0.0	0.000	0.000	0.000
476	  P	  0.0	  0.0	0.000	0.000	0.000
477	  E	  0.8	  0.0	0.000	0.000	0.000
478	  I	  1.4	  0.0	0.000	0.000	0.000
479	  E	  1.4	  0.1	0.000	0.000	0.000
480	  Q	  0.8	  0.1	0.000	0.000	0.000
481	  S	  0.8	  0.5	0.000	0.000	0.000
482	  T	  1.3	  0.5	0.000	0.000	0.000
483	  N	  1.3	  1.0	0.000	0.000	0.000
484	  T	  1.1	  1.0	0.000	0.000	0.000
485	  D	  0.6	  1.4	0.000	0.000	0.000
486	  T	  0.5	  1.4	0.000	0.000	0.000
487	  N	  0.1	  0.9	0.000	0.000	0.000
488	  E	  0.2	  0.8	0.000	0.000	0.000
489	  Q	  2.4	  0.1	0.000	0.000	0.000
490	  F	  8.5	  0.1	0.000	0.230	0.230
491	  S	  9.2	  0.0	0.000	0.230	0.230
492	  Y	  8.4	  0.0	0.000	0.230	0.230
493	  V	  3.4	  0.1	0.000	0.230	0.230
494	  S	  2.6	  0.1	0.000	0.230	0.230
495	  S	  4.3	  0.9	0.000	0.000	0.000
496	  M	  3.7	  0.9	0.000	0.000	0.000
497	  N	  4.5	  1.2	0.000	0.000	0.000
498	  S	  2.1	  1.2	0.000	0.000	0.000
499	  Y	  1.6	  0.8	0.000	0.000	0.000
500	  G	  0.7	  3.5	0.000	0.000	0.000
501	  P	  0.0	  3.6	0.000	0.000	0.000
502	  G	  0.0	  3.8	0.000	0.000	0.000
503	  S	  0.3	  3.4	0.000	0.000	0.000
504	  S	  1.7	  0.6	0.000	0.000	0.000
505	  F	  1.9	  0.2	0.000	0.000	0.000
506	  V	  1.6	  0.2	0.000	0.000	0.000
507	  P	  0.2	  0.3	0.000	0.000	0.000
508	  S	  0.2	  0.3	0.000	0.000	0.000
509	  S	  0.5	  0.5	0.000	0.000	0.000
510	  V	  0.5	  5.2	0.000	0.000	0.000
511	  G	  0.4	  5.1	0.000	0.000	0.000
512	  D	  0.6	  5.3	0.000	0.000	0.000
513	  Y	  1.2	  5.3	0.000	0.000	0.000
514	  S	  1.4	  0.4	0.000	0.000	0.000
515	  T	  9.9	  0.4	0.000	0.000	0.000
516	  L	  9.3	  0.2	0.000	0.000	0.000
517	  S	  9.2	  0.4	0.000	0.000	0.000
518	  P	  0.1	  0.4	0.000	0.000	0.000
519	  T	  0.3	  0.4	0.000	0.000	0.000
520	  S	  0.9	  0.4	0.000	0.000	0.000
521	  I	  6.4	  0.0	0.000	0.000	0.000
522	  H	 10.6	  0.1	0.000	0.000	0.000
523	  I	 10.1	  0.1	0.000	0.000	0.000
524	  D	  4.8	 11.2	0.000	0.000	0.000
525	  E	  0.1	 11.3	0.000	0.000	0.000
526	  D	  0.0	 11.3	0.000	0.000	0.000
527	  G	  0.0	 11.3	0.000	0.000	0.000
528	  S	  0.3	  0.2	0.000	0.000	0.000
529	  I	  0.3	  0.1	0.000	0.000	0.000
530	  L	  0.3	  0.0	0.000	0.000	0.000
