res	aa	Beta	Turn	Helix	Aggregation	Conc-Stab_Aggregation
01	  M	  0.1	  0.2	0.000	0.000	0.000
02	  K	  0.1	  0.3	0.000	0.000	0.000
03	  G	  0.1	  0.3	1.196	3.969	3.969
04	  I	  0.9	  0.3	1.447	82.330	82.330
05	  F	  2.2	  0.1	1.965	98.487	98.487
06	  I	  3.6	  0.0	2.366	99.734	99.734
07	  C	  3.1	  0.0	8.436	99.842	99.842
08	  L	  2.2	  0.0	8.552	99.973	99.973
09	  W	  1.2	  0.0	9.299	99.989	99.989
10	  I	  3.5	  0.0	9.418	99.904	99.904
11	  L	  3.9	  0.0	9.418	98.920	98.920
12	  L	  3.5	  0.0	9.418	93.243	93.243
13	  L	  1.6	  0.0	9.251	79.449	79.449
14	  R	  1.3	  0.0	7.897	0.011	0.011
15	  H	  2.1	  0.1	3.246	0.011	0.011
16	  T	  6.4	  0.1	0.223	0.011	0.011
17	  L	  6.4	  0.1	0.223	0.011	0.011
18	  S	  5.8	  1.9	0.223	0.011	0.011
19	  A	  1.0	  2.0	0.000	0.011	0.011
20	  D	  0.4	  2.1	0.000	0.011	0.011
21	  T	  0.1	  2.2	0.000	0.004	0.004
22	  G	  0.1	  0.3	0.000	0.000	0.000
23	  I	  0.2	  0.3	0.000	0.000	0.000
24	  S	  0.1	  0.9	0.000	0.000	0.000
25	  N	  0.1	  2.5	0.000	0.000	0.000
26	  D	  0.0	  2.8	0.000	0.000	0.000
27	  N	  0.1	  2.7	0.000	0.000	0.000
28	  N	  0.6	  2.1	0.000	0.000	0.000
29	  I	  6.5	  0.3	0.000	0.281	0.281
30	  H	  9.3	  0.0	0.000	0.281	0.281
31	  I	 10.2	  0.0	0.000	0.281	0.281
32	  F	  6.2	  0.1	0.000	0.281	0.281
33	  T	  3.3	  0.2	0.000	0.281	0.281
34	  N	  1.9	  0.2	0.000	0.000	0.000
35	  D	  0.1	  0.2	0.000	0.000	0.000
36	  D	  0.0	  0.4	0.148	0.000	0.000
37	  P	  0.0	  0.3	0.148	0.000	0.000
38	  K	  3.5	  0.3	0.148	0.000	0.000
39	  Y	  5.3	  0.3	0.148	0.000	0.000
40	  E	  5.9	  0.1	0.148	0.000	0.000
41	  H	  2.6	  0.3	0.148	0.000	0.000
42	  T	  0.8	  0.8	0.000	0.000	0.000
43	  G	  0.2	  0.8	0.000	0.000	0.000
44	  D	  0.0	  1.3	0.000	0.000	0.000
45	  I	  0.1	  1.0	0.000	0.000	0.000
46	  G	  0.1	  0.5	0.000	0.000	0.000
47	  S	  0.1	  0.9	0.153	0.000	0.000
48	  P	  0.0	  0.3	0.153	0.318	0.318
49	  T	  2.8	  0.3	0.281	27.664	27.664
50	  I	  4.2	  0.3	0.281	67.275	67.275
51	  A	  4.4	  0.0	0.281	70.456	70.456
52	  W	  2.3	  0.0	0.281	70.456	70.456
53	  Y	  1.9	  0.0	0.281	70.456	70.456
54	  M	  2.3	  0.2	0.128	66.884	66.884
55	  V	  2.0	  0.2	0.000	62.025	62.025
56	  D	  0.8	  0.3	0.000	0.000	0.000
57	  G	  0.2	  1.4	0.270	0.000	0.000
58	  P	  0.0	  1.3	0.270	0.000	0.000
59	  N	  0.2	  1.3	0.770	0.000	0.000
60	  L	  0.3	  1.2	0.770	0.000	0.000
61	  K	  0.6	  0.0	0.770	0.000	0.000
62	  E	  3.2	  0.0	0.770	0.000	0.000
63	  I	 17.7	  0.0	0.585	0.000	0.000
64	  T	 24.6	  0.2	0.585	0.000	0.000
65	  Y	 22.2	  1.9	0.585	0.000	0.000
66	  N	  8.3	  2.0	0.483	0.000	0.000
67	  G	  0.4	  2.0	0.000	0.000	0.000
68	  N	  1.1	  1.9	0.000	0.000	0.000
69	  V	  5.4	  0.1	0.000	0.000	0.000
70	  Q	  6.0	  0.0	0.000	0.000	0.000
71	  L	  5.2	  0.2	0.000	0.000	0.000
72	  D	  1.5	  0.2	0.392	0.000	0.000
73	  S	  1.8	  0.2	0.554	21.959	21.959
74	  Y	  2.6	  0.2	0.554	21.959	21.959
75	  F	  2.8	  0.0	0.554	21.959	21.959
76	  L	  1.9	  0.0	0.554	21.959	21.959
77	  L	  1.2	  0.0	0.554	21.959	21.959
78	  K	  1.0	  0.0	0.554	0.000	0.000
79	  A	  0.8	  0.1	0.131	0.000	0.000
80	  T	  0.5	  0.3	0.000	0.000	0.000
81	  E	  0.0	  3.8	0.000	0.000	0.000
82	  G	  0.0	  3.9	0.000	0.000	0.000
83	  N	  0.0	  3.9	0.000	0.000	0.000
84	  T	  0.1	  3.7	0.000	0.000	0.000
85	  G	  0.1	  0.2	0.000	0.000	0.000
86	  Y	  5.4	  0.1	0.000	0.000	0.000
87	  Q	  7.3	  0.0	0.000	0.000	0.000
88	  F	 10.3	  0.0	0.000	0.000	0.000
89	  N	  5.4	  0.1	0.000	0.000	0.000
90	  Y	  4.3	  0.4	0.000	0.000	0.000
91	  H	  1.1	  0.6	0.000	0.000	0.000
92	  G	  0.8	  1.0	0.000	0.000	0.000
93	  G	  0.1	  0.9	0.000	0.000	0.000
94	  S	  6.7	  0.7	0.000	0.000	0.000
95	  F	 14.6	  0.4	0.000	0.000	0.000
96	  E	 14.7	  0.0	0.000	0.000	0.000
97	  V	  8.5	  0.3	0.000	0.000	0.000
98	  G	  0.2	  0.7	0.000	0.000	0.000
99	  G	  0.0	  0.8	0.000	0.000	0.000
100	  G	  0.0	  1.0	0.000	0.000	0.000
101	  Q	  0.0	  0.8	0.000	0.000	0.000
102	  G	  0.1	  0.4	0.000	0.000	0.000
103	  I	  0.4	  0.3	0.000	0.000	0.000
104	  F	  0.7	  0.1	0.000	0.000	0.000
105	  N	  0.6	  0.2	0.487	0.000	0.000
106	  E	  0.4	  0.2	0.487	0.000	0.000
107	  L	  0.2	  0.6	0.487	0.000	0.000
108	  A	  0.3	  0.5	0.487	0.000	0.000
109	  S	  0.2	  0.7	0.487	0.000	0.000
110	  G	  0.1	  1.0	0.487	0.000	0.000
111	  P	  0.0	  0.6	0.000	0.000	0.000
112	  T	  4.8	  0.6	0.000	0.255	0.255
113	  I	  5.9	  0.3	0.000	0.255	0.255
114	  V	  9.3	  0.0	0.000	0.255	0.255
115	  N	  4.8	  0.2	0.000	0.255	0.255
116	  M	  3.8	  0.4	0.000	0.255	0.255
117	  Q	  0.3	  1.1	0.000	0.000	0.000
118	  G	  0.0	  1.2	0.000	0.000	0.000
119	  D	  0.5	  1.0	0.000	0.000	0.000
120	  S	  8.5	  1.6	0.000	0.000	0.000
121	  F	  8.9	 10.8	0.000	0.000	0.000
122	  N	  8.4	 10.9	0.000	0.000	0.000
123	  G	  0.5	 11.2	0.000	0.000	0.000
124	  K	  0.0	 10.6	0.000	0.000	0.000
125	  G	  0.0	  0.7	0.000	0.000	0.000
126	  T	  0.1	  0.7	0.000	0.000	0.000
127	  S	  0.1	  0.4	0.155	0.000	0.000
128	  N	  1.5	  0.3	0.155	0.000	0.000
129	  Y	  6.8	  0.3	0.155	0.283	0.283
130	  T	  6.8	  0.3	0.463	0.283	0.283
131	  A	  5.4	  0.3	0.463	0.283	0.283
132	  G	  0.1	  0.3	0.463	0.283	0.283
133	  V	  0.5	  0.4	0.308	0.283	0.283
134	  R	  0.4	  0.6	0.308	0.000	0.000
135	  E	  0.4	  2.2	0.308	0.000	0.000
136	  G	  0.0	  2.3	0.308	0.000	0.000
137	  S	  0.5	  2.2	0.107	0.000	0.000
138	  T	  3.0	  1.7	0.000	0.000	0.000
139	  I	  4.3	  0.1	0.000	0.000	0.000
140	  Y	  4.9	  0.1	0.000	0.000	0.000
141	  M	  3.7	  0.1	0.000	0.000	0.000
142	  D	  3.1	  0.1	0.000	0.000	0.000
143	  F	  4.0	  0.2	0.000	0.000	0.000
144	  T	  3.1	  0.1	0.000	0.000	0.000
145	  N	  4.0	  0.1	0.000	0.000	0.000
146	  Y	  3.3	  0.1	0.000	0.000	0.000
147	  Y	  6.5	  0.0	0.000	0.000	0.000
148	  T	  5.4	  0.2	0.000	0.000	0.000
149	  Q	  4.4	  0.3	0.000	0.000	0.000
150	  D	  1.1	  0.3	0.101	0.000	0.000
151	  S	  1.4	  0.3	0.488	0.000	0.000
152	  Y	  2.3	  0.1	0.488	0.000	0.000
153	  I	  2.0	  0.3	0.488	0.000	0.000
154	  E	  1.2	  0.3	0.488	0.000	0.000
155	  N	  1.0	  0.3	0.488	0.000	0.000
156	  F	  1.8	  0.5	0.488	0.000	0.000
157	  Q	  2.0	  0.1	0.323	0.000	0.000
158	  S	  3.5	  0.1	0.000	0.000	0.000
159	  V	  9.4	  0.1	0.000	0.171	0.171
160	  T	 36.8	  0.0	0.000	0.171	0.171
161	  Y	 37.0	  0.0	0.000	0.171	0.171
162	  S	 31.6	  0.1	0.075	0.171	0.171
163	  A	  4.5	  0.1	0.075	0.171	0.171
164	  T	  1.0	  0.2	0.075	0.000	0.000
165	  T	  0.5	  0.1	0.075	0.000	0.000
166	  N	  0.5	  0.1	0.187	0.000	0.000
167	  A	  0.9	  0.1	0.187	0.809	0.809
168	  T	  5.1	  0.0	0.544	1.765	1.765
169	  I	  5.3	  0.0	0.544	3.490	3.490
170	  D	  4.6	  0.0	2.045	3.629	3.629
171	  K	  0.7	  0.0	2.045	8.312	8.312
172	  Y	  1.4	  0.0	2.045	16.940	16.940
173	  I	  3.4	  0.0	2.045	19.102	19.102
174	  L	  3.5	  0.0	2.045	19.102	19.102
175	  I	  4.5	  0.0	2.045	18.964	18.964
176	  N	  2.5	  0.3	2.045	15.473	15.473
177	  T	  2.4	  0.3	0.000	10.088	10.088
178	  D	  2.7	  0.3	0.123	4.683	4.683
179	  V	  5.1	  0.3	0.123	4.683	4.683
180	  Y	  5.6	  0.0	0.123	4.683	4.683
181	  I	  4.5	  0.0	0.123	4.683	4.683
182	  L	  2.0	  0.0	0.123	3.990	3.990
183	  G	  1.1	  0.0	0.347	0.000	0.000
184	  P	  0.0	  0.0	0.224	0.000	0.000
185	  V	  3.8	  0.0	0.224	0.000	0.000
186	  L	  4.6	  0.0	0.224	0.000	0.000
187	  L	  4.6	  0.0	0.224	0.000	0.000
188	  S	  0.9	  0.5	0.224	0.000	0.000
189	  P	  0.1	  0.5	0.000	0.000	0.000
190	  T	  6.6	  0.5	0.000	0.000	0.000
191	  Y	  8.0	  0.5	0.000	0.000	0.000
192	  Y	  9.5	  0.1	0.000	0.000	0.000
193	  D	  3.1	  0.1	0.000	0.000	0.000
194	  S	  1.5	  0.1	0.336	0.000	0.000
195	  P	  0.0	  0.0	0.336	0.000	0.000
196	  V	  2.4	  0.0	0.336	0.000	0.000
197	  L	  2.6	  0.0	0.336	0.000	0.000
198	  H	  3.0	  0.3	0.336	0.000	0.000
199	  K	  0.7	  0.5	0.336	0.000	0.000
200	  S	  0.5	  0.5	0.000	0.187	0.187
201	  N	  1.9	  0.5	0.000	0.187	0.187
202	  I	  2.7	  0.2	0.000	0.187	0.187
203	  W	  3.2	  0.1	0.000	0.187	0.187
204	  L	  1.9	  0.1	0.000	0.187	0.187
205	  D	  1.0	  0.1	0.000	0.000	0.000
206	  S	  0.5	  5.3	0.000	0.000	0.000
207	  P	  0.0	  5.2	0.000	0.000	0.000
208	  D	  0.2	  5.2	0.107	0.000	0.000
209	  I	  0.3	  5.3	0.107	0.000	0.000
210	  A	  0.4	  0.1	0.107	0.000	0.000
211	  D	  0.8	  1.1	0.107	0.000	0.000
212	  I	  1.9	  1.2	0.107	0.000	0.000
213	  S	  2.1	  2.7	0.107	0.000	0.000
214	  G	  1.5	  3.0	0.000	0.000	0.000
215	  S	  0.3	  2.1	0.000	0.000	0.000
216	  N	  1.0	  1.9	0.000	0.000	0.000
217	  F	  6.4	  0.4	0.000	0.000	0.000
218	  Q	  6.6	  0.0	0.000	0.000	0.000
219	  F	  5.8	  1.2	0.000	0.000	0.000
220	  G	  0.3	  1.4	0.000	0.000	0.000
221	  G	  0.1	  1.7	0.000	0.000	0.000
222	  E	  0.0	  3.9	0.000	0.000	0.000
223	  G	  0.0	  2.8	0.000	0.000	0.000
224	  N	  0.0	  2.8	0.000	0.000	0.000
225	  S	  0.0	  2.6	0.000	0.379	0.379
226	  G	  0.0	  0.4	0.000	0.379	0.379
227	  L	  0.7	  0.3	0.000	0.379	0.379
228	  Y	  1.8	  0.1	0.000	0.379	0.379
229	  I	  2.0	  0.1	0.000	0.379	0.379
230	  K	  1.4	  0.2	0.000	0.000	0.000
231	  D	  0.3	  0.3	0.167	0.000	0.000
232	  S	  0.1	  0.3	5.131	0.000	0.000
233	  A	  0.2	  0.2	5.131	0.000	0.000
234	  A	  0.4	  0.1	5.131	0.000	0.000
235	  T	  0.7	  0.3	5.275	0.000	0.000
236	  K	  0.7	  0.3	5.275	0.000	0.000
237	  D	  0.5	  0.4	5.107	0.000	0.000
238	  K	  0.4	  0.4	2.958	0.000	0.000
239	  E	  6.5	  0.1	2.213	0.000	0.000
240	  I	 11.3	  0.1	1.505	0.000	0.000
241	  K	 11.3	  0.0	1.505	0.000	0.000
242	  L	  5.5	  0.2	0.665	0.000	0.000
243	  S	  0.6	  0.8	0.356	0.000	0.000
244	  D	  0.6	  0.8	0.000	0.000	0.000
245	  S	  1.0	  0.8	0.000	0.000	0.000
246	  F	  1.9	  0.7	0.000	0.000	0.000
247	  L	  1.6	  0.2	0.000	0.000	0.000
248	  D	  1.1	  3.9	0.000	0.000	0.000
249	  S	  0.3	  4.2	0.000	0.000	0.000
250	  N	  0.1	  4.1	0.000	0.000	0.000
251	  N	  1.2	  4.0	0.000	0.000	0.000
252	  T	  3.9	  0.3	0.000	0.000	0.000
253	  I	  5.5	  0.0	0.000	0.000	0.000
254	  A	  4.6	  0.0	0.000	0.000	0.000
255	  F	  2.9	  0.0	0.000	0.000	0.000
256	  D	  1.2	  0.0	0.000	0.000	0.000
257	  T	  1.0	  0.0	0.000	0.000	0.000
258	  P	  0.0	  0.0	0.000	0.000	0.000
259	  I	  0.2	  0.0	0.000	0.000	0.000
260	  Q	  0.4	  0.1	0.000	0.000	0.000
261	  S	  3.3	  0.8	0.000	0.000	0.000
262	  L	  4.5	  0.8	0.000	0.000	0.000
263	  N	  4.4	  0.8	0.000	0.000	0.000
264	  W	  1.9	  0.7	0.000	0.000	0.000
265	  L	  0.6	  0.0	0.000	0.000	0.000
266	  H	  0.7	  0.2	0.000	0.000	0.000
267	  T	  0.4	  0.2	0.000	0.000	0.000
268	  G	  0.2	  0.2	0.000	0.000	0.000
269	  L	  0.1	  0.2	0.000	0.000	0.000
270	  F	  0.1	  2.3	0.000	0.000	0.000
271	  P	  0.1	  2.4	0.000	0.000	0.000
272	  G	  0.0	  2.8	0.000	0.000	0.000
273	  R	  0.1	  2.9	0.000	0.000	0.000
274	  S	  0.2	  0.8	0.000	2.276	2.276
275	  G	  0.2	  0.6	0.000	19.237	19.237
276	  I	  3.2	  0.2	0.000	25.893	25.893
277	  L	  4.8	  0.1	0.000	25.997	25.997
278	  V	  9.4	  0.0	0.000	25.997	25.997
279	  V	  7.8	  0.0	0.000	25.824	25.824
280	  H	  6.7	  0.0	0.000	6.937	6.937
281	  T	  4.3	  0.1	0.000	2.030	2.030
282	  T	  3.2	  0.2	0.000	0.724	0.724
283	  K	  3.0	  0.2	0.000	0.000	0.000
284	  N	  3.3	  0.2	0.000	0.000	0.000
285	  T	 10.7	  0.2	0.000	0.000	0.000
286	  Y	 14.3	  0.0	0.000	0.000	0.000
287	  N	 12.7	  0.1	0.000	0.000	0.000
288	  I	  8.7	  0.1	0.000	0.000	0.000
289	  S	 10.0	  0.1	0.321	0.000	0.000
290	  F	 10.5	  0.1	0.321	0.000	0.000
291	  R	  7.3	  0.2	0.321	0.000	0.000
292	  A	  1.8	  0.3	0.321	0.000	0.000
293	  L	  0.2	  0.4	0.321	0.000	0.000
294	  G	  0.1	  0.4	0.321	0.000	0.000
295	  H	  1.5	  0.2	0.163	0.000	0.000
296	  H	  4.4	  0.1	0.000	0.000	0.000
297	  Y	  6.6	  0.0	0.000	0.000	0.000
298	  C	  5.6	  0.0	0.107	0.000	0.000
299	  L	  2.9	  0.1	0.107	0.000	0.000
300	  T	  0.7	  0.1	0.107	0.000	0.000
301	  D	  0.4	  1.6	0.107	0.000	0.000
302	  K	  0.3	  1.6	0.107	0.000	0.000
303	  N	  0.8	  1.6	0.107	0.000	0.000
304	  F	  2.7	  1.5	0.107	0.000	0.000
305	  K	  7.6	  0.0	0.000	0.000	0.000
306	  I	  9.2	  0.0	0.000	0.000	0.000
307	  T	  8.7	  0.1	0.000	0.000	0.000
308	  K	  3.7	  0.2	0.000	0.000	0.000
309	  T	  1.9	  0.2	0.000	0.000	0.000
310	  D	  1.3	  0.8	0.000	0.000	0.000
311	  V	  2.3	  0.7	0.000	0.000	0.000
312	  N	  1.9	  2.2	0.000	0.000	0.000
313	  H	  1.2	  3.7	0.000	0.000	0.000
314	  N	  0.1	  3.3	0.000	0.000	0.000
315	  G	  0.1	  3.3	0.000	0.000	0.000
316	  T	  0.4	  1.7	0.118	0.000	0.000
317	  S	  2.0	  0.2	0.118	0.000	0.000
318	  I	  4.7	  0.0	0.118	0.000	0.000
319	  E	  4.6	  0.0	0.118	0.000	0.000
320	  M	  3.2	  0.0	0.118	0.189	0.189
321	  F	  2.5	  0.0	0.118	0.342	0.342
322	  Q	  2.8	  0.0	0.000	0.342	0.342
323	  V	 10.6	  0.0	0.000	0.342	0.342
324	  T	 20.8	  0.0	0.000	0.342	0.342
325	  Y	 20.4	  0.0	0.000	0.342	0.342
326	  D	 12.8	  0.6	0.000	0.000	0.000
327	  P	  0.2	  0.7	0.000	0.000	0.000
328	  T	  0.1	  0.9	0.000	0.000	0.000
329	  S	  0.1	  0.9	0.000	0.000	0.000
330	  N	  1.3	  0.2	0.000	0.000	0.000
331	  V	  4.8	  0.2	0.000	0.000	0.000
332	  Q	  4.7	  0.0	0.000	0.000	0.000
333	  C	  3.5	  0.0	0.000	0.000	0.000
334	  P	  0.0	  0.0	0.000	0.000	0.000
335	  P	  0.0	  0.1	0.000	0.000	0.000
336	  P	  0.0	  0.1	0.000	0.000	0.000
337	  Y	 10.0	  0.1	0.000	0.000	0.000
338	  T	 19.7	  0.1	0.000	0.000	0.000
339	  V	 22.5	  0.0	0.000	0.000	0.000
340	  T	 13.4	  0.0	0.000	0.000	0.000
341	  Q	  3.6	  0.0	0.000	0.000	0.000
342	  E	  2.5	  0.0	0.000	0.000	0.000
343	  Y	  6.8	  0.0	0.000	0.000	0.000
344	  N	 11.0	  0.0	0.000	0.000	0.000
345	  I	  9.5	  0.0	0.000	0.000	0.000
346	  I	  5.1	  0.1	0.000	0.000	0.000
347	  P	  0.4	  0.3	0.000	0.000	0.000
348	  T	  0.5	  0.3	0.000	0.000	0.000
349	  N	  2.8	  0.3	0.000	0.000	0.000
350	  C	  5.1	  0.1	0.000	0.000	0.000
351	  F	  6.5	  0.0	0.000	0.000	0.000
352	  V	  5.0	  0.1	0.000	0.000	0.000
353	  E	  2.7	  0.1	0.000	0.000	0.000
354	  D	  1.7	  0.1	0.108	0.000	0.000
355	  I	  1.8	  0.1	0.108	73.684	73.684
356	  W	  3.0	  0.0	0.108	88.796	88.796
357	  V	  6.3	  0.0	0.108	96.263	96.263
358	  I	  9.2	  0.0	0.108	96.395	96.395
359	  S	  8.8	  0.0	0.108	96.395	96.395
360	  F	  5.2	  0.0	0.108	96.091	96.091
361	  I	  1.2	  0.5	0.108	90.717	90.717
362	  G	  0.5	  0.6	0.108	23.099	23.099
363	  T	  2.7	  0.6	0.000	16.966	16.966
364	  T	  2.9	  0.6	0.000	13.272	13.272
365	  S	  8.4	  0.2	0.000	11.037	11.037
366	  I	  9.7	  0.2	0.000	10.760	10.760
367	  S	 10.1	  0.2	0.000	7.574	7.574
368	  Y	  5.8	  0.2	0.000	7.180	7.180
369	  I	  1.9	  0.0	0.000	5.956	5.956
370	  E	  1.2	  0.1	0.000	0.000	0.000
371	  E	  0.2	  0.1	0.000	0.000	0.000
372	  T	  0.6	  0.1	0.219	6.878	6.878
373	  M	  1.0	  0.0	0.219	7.982	7.982
374	  I	 14.2	  0.0	0.219	7.982	7.982
375	  T	 15.8	  0.0	0.379	7.982	7.982
376	  I	 15.5	  0.0	0.379	7.982	7.982
377	  C	  2.8	  0.1	0.379	4.833	4.833
378	  K	  0.6	  0.1	0.254	0.000	0.000
379	  K	  0.5	  0.7	0.254	0.000	0.000
380	  E	  0.3	  0.7	0.254	0.000	0.000
381	  D	  0.8	  0.6	0.000	0.000	0.000
382	  Y	  2.3	  0.6	0.000	0.228	0.228
383	  T	  3.9	  0.0	0.000	0.228	0.228
384	  T	  4.2	  0.0	0.000	0.228	0.228
385	  T	  6.9	  0.0	0.000	0.228	0.228
386	  I	  5.5	  0.1	0.000	0.228	0.228
387	  D	  4.5	  0.7	0.000	0.000	0.000
388	  K	  0.2	  1.9	0.000	0.000	0.000
389	  G	  0.0	  2.1	0.000	0.000	0.000
390	  N	  0.0	  2.7	0.000	0.000	0.000
391	  G	  0.0	  2.1	0.000	0.000	0.000
392	  D	  1.4	  0.9	0.178	0.000	0.000
393	  F	  1.8	  0.8	0.178	0.000	0.000
394	  E	  1.9	  0.2	0.178	0.000	0.000
395	  T	  0.6	  0.2	0.178	0.000	0.000
396	  D	  0.3	  0.2	0.178	0.000	0.000
397	  L	  0.9	  0.1	0.178	0.000	0.000
398	  V	  2.9	  0.0	0.178	0.000	0.000
399	  S	  3.6	  0.0	0.178	0.000	0.000
400	  H	  9.3	  0.0	0.000	0.000	0.000
401	  I	 10.3	  0.0	0.000	0.000	0.000
402	  T	 11.5	  0.0	0.000	0.000	0.000
403	  T	  5.6	  0.3	0.000	0.000	0.000
404	  K	  2.7	  0.3	0.000	0.000	0.000
405	  D	  0.4	  9.4	0.000	0.000	0.000
406	  S	  0.0	  9.9	0.000	0.000	0.000
407	  N	  0.0	  9.7	0.000	0.000	0.000
408	  G	  0.0	  9.6	0.000	0.000	0.000
409	  N	  0.0	  0.8	0.000	0.000	0.000
410	  P	  0.0	  0.4	0.000	0.000	0.000
411	  T	  1.0	  0.4	0.000	2.897	2.897
412	  T	  5.8	  0.4	0.000	4.965	4.965
413	  I	  9.8	  0.0	0.000	5.380	5.380
414	  V	 10.4	  0.0	0.000	5.380	5.380
415	  T	  7.4	  0.0	0.000	5.380	5.380
416	  T	  3.9	  0.0	0.000	3.572	3.572
417	  I	  2.3	  0.0	0.000	0.665	0.665
418	  P	  0.5	  0.0	0.000	0.314	0.314
419	  L	  0.9	  0.0	0.000	0.000	0.000
420	  T	  1.1	  0.0	0.000	0.000	0.000
421	  K	  1.1	  1.2	0.000	0.000	0.000
422	  P	  0.2	  1.5	0.000	0.000	0.000
423	  S	  0.1	  1.7	0.000	0.000	0.000
424	  G	  0.1	  1.7	0.000	0.000	0.000
425	  E	  0.2	  0.8	0.000	0.000	0.000
426	  A	  0.2	  0.5	0.000	0.000	0.000
427	  D	  0.9	  0.3	0.000	0.000	0.000
428	  Y	  2.4	  0.3	0.000	0.542	0.542
429	  T	  3.9	  0.0	0.000	0.542	0.542
430	  T	  4.2	  0.0	0.000	0.542	0.542
431	  T	  6.9	  0.0	0.000	0.542	0.542
432	  I	  5.5	  0.1	0.000	0.542	0.542
433	  D	  4.5	  0.7	0.000	0.000	0.000
434	  K	  0.2	  1.9	0.000	0.000	0.000
435	  G	  0.0	  2.1	0.000	0.000	0.000
436	  N	  0.0	  2.7	0.000	0.000	0.000
437	  G	  0.0	  2.1	0.000	0.000	0.000
438	  D	  1.4	  0.9	0.178	0.000	0.000
439	  F	  1.8	  0.8	0.178	0.000	0.000
440	  E	  1.9	  0.2	0.178	0.000	0.000
441	  T	  0.6	  0.2	0.178	0.000	0.000
442	  D	  0.3	  0.2	0.178	0.000	0.000
443	  L	  0.9	  0.1	0.178	0.000	0.000
444	  V	  2.9	  0.0	0.178	0.000	0.000
445	  S	  3.6	  0.0	0.178	0.000	0.000
446	  H	  9.3	  0.0	0.000	0.000	0.000
447	  I	 10.3	  0.0	0.000	0.000	0.000
448	  T	 11.5	  0.0	0.000	0.000	0.000
449	  T	  5.6	  0.3	0.000	0.000	0.000
450	  K	  2.7	  0.3	0.000	0.000	0.000
451	  D	  0.4	  9.4	0.000	0.000	0.000
452	  S	  0.0	  9.9	0.000	0.000	0.000
453	  N	  0.0	  9.7	0.000	0.000	0.000
454	  G	  0.0	  9.6	0.000	0.000	0.000
455	  N	  0.0	  0.8	0.000	0.000	0.000
456	  P	  0.0	  0.4	0.000	0.000	0.000
457	  T	  1.0	  0.4	0.000	2.897	2.897
458	  T	  5.8	  0.4	0.000	4.965	4.965
459	  I	  9.8	  0.0	0.000	5.380	5.380
460	  V	 10.4	  0.0	0.000	5.380	5.380
461	  T	  7.4	  0.0	0.000	5.380	5.380
462	  T	  3.9	  0.0	0.000	3.572	3.572
463	  I	  2.3	  0.0	0.000	0.665	0.665
464	  P	  0.5	  0.0	0.000	0.314	0.314
465	  L	  0.9	  0.0	0.000	0.000	0.000
466	  T	  1.1	  0.0	0.000	0.000	0.000
467	  K	  1.1	  1.2	0.000	0.000	0.000
468	  P	  0.2	  1.5	0.000	0.000	0.000
469	  S	  0.1	  1.7	0.000	0.000	0.000
470	  G	  0.1	  1.7	0.000	0.000	0.000
471	  E	  0.2	  0.8	0.000	0.000	0.000
472	  A	  0.2	  0.5	0.000	0.000	0.000
473	  D	  0.9	  0.3	0.000	0.000	0.000
474	  Y	  2.4	  0.3	0.000	0.542	0.542
475	  T	  3.9	  0.0	0.000	0.542	0.542
476	  T	  4.2	  0.0	0.000	0.542	0.542
477	  T	  6.9	  0.0	0.000	0.542	0.542
478	  I	  5.5	  0.1	0.000	0.542	0.542
479	  D	  4.5	  0.7	0.000	0.000	0.000
480	  K	  0.2	  1.9	0.000	0.000	0.000
481	  G	  0.0	  2.1	0.000	0.000	0.000
482	  N	  0.0	  2.7	0.000	0.000	0.000
483	  G	  0.0	  2.1	0.000	0.000	0.000
484	  D	  1.4	  0.9	0.178	0.000	0.000
485	  F	  1.8	  0.8	0.178	0.000	0.000
486	  E	  1.9	  0.2	0.178	0.000	0.000
487	  T	  0.6	  0.2	0.178	0.000	0.000
488	  D	  0.3	  0.2	0.178	0.000	0.000
489	  L	  0.9	  0.1	0.178	0.000	0.000
490	  V	  2.9	  0.0	0.178	0.000	0.000
491	  S	  3.6	  0.0	0.178	0.000	0.000
492	  H	  9.3	  0.0	0.000	0.000	0.000
493	  I	 10.3	  0.0	0.000	0.000	0.000
494	  T	 11.5	  0.0	0.000	0.000	0.000
495	  T	  5.6	  0.3	0.000	0.000	0.000
496	  K	  2.7	  0.3	0.000	0.000	0.000
497	  D	  0.4	  9.4	0.000	0.000	0.000
498	  S	  0.0	  9.9	0.000	0.000	0.000
499	  N	  0.0	  9.7	0.000	0.000	0.000
500	  G	  0.0	  9.6	0.000	0.000	0.000
501	  N	  0.0	  0.8	0.000	0.000	0.000
502	  P	  0.0	  0.4	0.000	0.000	0.000
503	  T	  1.0	  0.4	0.000	2.897	2.897
504	  T	  5.8	  0.4	0.000	4.965	4.965
505	  I	  9.8	  0.0	0.000	5.380	5.380
506	  V	 10.4	  0.0	0.000	5.380	5.380
507	  T	  7.4	  0.0	0.000	5.380	5.380
508	  T	  3.9	  0.0	0.000	3.572	3.572
509	  I	  2.3	  0.0	0.000	0.665	0.665
510	  P	  0.5	  0.0	0.000	0.314	0.314
511	  L	  0.9	  0.0	0.000	0.000	0.000
512	  T	  1.1	  0.0	0.000	0.000	0.000
513	  K	  1.1	  1.2	0.000	0.000	0.000
514	  P	  0.2	  1.5	0.000	0.000	0.000
515	  S	  0.1	  1.7	0.000	0.000	0.000
516	  G	  0.1	  1.7	0.000	0.000	0.000
517	  E	  0.2	  0.8	0.000	0.000	0.000
518	  A	  0.2	  0.5	0.000	0.000	0.000
519	  D	  0.9	  0.3	0.000	0.000	0.000
520	  Y	  2.4	  0.3	0.000	0.542	0.542
521	  T	  3.9	  0.0	0.000	0.542	0.542
522	  T	  4.2	  0.0	0.000	0.542	0.542
523	  T	  6.9	  0.0	0.000	0.542	0.542
524	  I	  5.5	  0.1	0.000	0.542	0.542
525	  D	  4.5	  0.7	0.000	0.000	0.000
526	  K	  0.2	  1.9	0.000	0.000	0.000
527	  G	  0.0	  2.1	0.000	0.000	0.000
528	  N	  0.0	  2.7	0.000	0.000	0.000
529	  G	  0.0	  2.1	0.000	0.000	0.000
530	  D	  1.4	  0.9	0.178	0.000	0.000
531	  F	  1.8	  0.8	0.178	0.000	0.000
532	  E	  1.9	  0.2	0.178	0.000	0.000
533	  T	  0.6	  0.2	0.178	0.000	0.000
534	  D	  0.3	  0.2	0.178	0.000	0.000
535	  L	  0.9	  0.1	0.178	0.000	0.000
536	  V	  2.9	  0.0	0.178	0.000	0.000
537	  S	  3.6	  0.0	0.178	0.000	0.000
538	  H	  9.3	  0.0	0.000	0.000	0.000
539	  I	 10.3	  0.0	0.000	0.000	0.000
540	  T	 11.5	  0.0	0.000	0.000	0.000
541	  T	  5.6	  0.3	0.000	0.000	0.000
542	  K	  2.7	  0.3	0.000	0.000	0.000
543	  D	  0.4	  9.4	0.000	0.000	0.000
544	  S	  0.0	  9.9	0.000	0.000	0.000
545	  N	  0.0	  9.7	0.000	0.000	0.000
546	  G	  0.0	  9.6	0.000	0.000	0.000
547	  N	  0.0	  0.8	0.000	0.000	0.000
548	  P	  0.0	  0.4	0.000	0.000	0.000
549	  T	  1.0	  0.4	0.000	2.897	2.897
550	  T	  5.8	  0.4	0.000	4.965	4.965
551	  I	  9.8	  0.0	0.000	5.380	5.380
552	  V	 10.4	  0.0	0.000	5.380	5.380
553	  T	  7.4	  0.0	0.000	5.380	5.380
554	  T	  3.9	  0.0	0.000	3.572	3.572
555	  I	  2.3	  0.0	0.000	0.665	0.665
556	  P	  0.5	  0.0	0.000	0.314	0.314
557	  L	  0.9	  0.0	0.000	0.000	0.000
558	  T	  1.1	  0.0	0.000	0.000	0.000
559	  K	  1.1	  1.2	0.000	0.000	0.000
560	  P	  0.2	  1.5	0.000	0.000	0.000
561	  S	  0.1	  1.7	0.000	0.000	0.000
562	  G	  0.1	  1.7	0.000	0.000	0.000
563	  E	  0.2	  0.8	0.000	0.000	0.000
564	  A	  0.2	  0.5	0.000	0.000	0.000
565	  D	  0.9	  0.3	0.000	0.000	0.000
566	  Y	  2.4	  0.3	0.000	0.542	0.542
567	  T	  3.9	  0.0	0.000	0.542	0.542
568	  T	  4.2	  0.0	0.000	0.542	0.542
569	  T	  6.9	  0.0	0.000	0.542	0.542
570	  I	  5.5	  0.1	0.000	0.542	0.542
571	  D	  4.5	  0.7	0.000	0.000	0.000
572	  K	  0.2	  1.9	0.000	0.000	0.000
573	  G	  0.0	  2.1	0.000	0.000	0.000
574	  N	  0.0	  2.7	0.000	0.000	0.000
575	  G	  0.0	  2.1	0.000	0.000	0.000
576	  D	  1.4	  0.9	0.178	0.000	0.000
577	  F	  1.8	  0.8	0.178	0.000	0.000
578	  E	  1.9	  0.2	0.178	0.000	0.000
579	  T	  0.6	  0.2	0.178	0.000	0.000
580	  D	  0.3	  0.2	0.178	0.000	0.000
581	  L	  0.9	  0.1	0.178	0.000	0.000
582	  V	  2.9	  0.0	0.178	0.000	0.000
583	  S	  3.6	  0.0	0.178	0.000	0.000
584	  H	  9.3	  0.0	0.000	0.000	0.000
585	  I	 10.3	  0.0	0.000	0.000	0.000
586	  T	 11.5	  0.0	0.000	0.000	0.000
587	  T	  5.6	  0.3	0.000	0.000	0.000
588	  K	  2.6	  0.3	0.000	0.000	0.000
589	  D	  0.4	  9.2	0.000	0.000	0.000
590	  S	  0.0	 12.4	0.000	0.000	0.000
591	  N	  0.0	 12.1	0.000	0.000	0.000
592	  G	  0.0	 12.0	0.000	0.000	0.000
593	  K	  0.0	  3.3	0.000	0.000	0.000
594	  P	  0.0	  0.2	0.000	0.571	0.571
595	  T	  1.0	  0.2	0.000	47.383	47.383
596	  T	  3.0	  0.2	0.000	63.648	63.648
597	  I	  6.5	  0.0	0.000	90.445	90.445
598	  I	  8.5	  0.0	0.000	92.554	92.554
599	  T	  8.2	  0.0	0.000	92.726	92.726
600	  T	 14.3	  0.0	0.000	92.911	92.911
601	  V	 17.4	  0.0	0.000	92.753	92.753
602	  T	 16.6	  0.0	0.000	88.293	88.293
603	  L	  7.5	  0.0	0.000	85.474	85.474
604	  V	  2.3	  0.0	0.000	71.524	71.524
605	  E	  1.3	  0.0	0.000	0.000	0.000
606	  E	  1.1	  0.0	0.000	0.000	0.000
607	  P	  0.0	  0.0	0.000	0.367	0.367
608	  V	  2.6	  0.0	0.000	70.985	70.985
609	  Y	  7.5	  0.0	0.000	84.648	84.648
610	  T	  8.3	  0.0	0.000	87.920	87.920
611	  A	  6.3	  0.0	0.000	88.525	88.525
612	  V	  6.8	  0.0	0.000	88.525	88.525
613	  F	  7.4	  0.0	0.000	87.725	87.725
614	  V	  7.1	  0.4	0.000	75.298	75.298
615	  S	  1.7	  0.8	0.000	8.919	8.919
616	  D	  0.2	  1.0	0.000	0.000	0.000
617	  G	  0.0	  1.0	0.000	0.000	0.000
618	  H	  3.0	  0.6	0.000	0.074	0.074
619	  T	 13.8	  0.2	0.000	19.069	19.069
620	  I	 17.2	  0.0	0.000	48.575	48.575
621	  T	 15.1	  0.0	0.000	48.876	48.876
622	  A	  4.9	  0.0	0.000	48.940	48.940
623	  V	  5.0	  0.0	0.000	49.015	49.015
624	  V	  6.4	  0.0	0.000	47.750	47.750
625	  S	  6.1	  0.0	0.000	6.838	6.838
626	  H	  3.8	  0.0	0.000	1.421	1.421
627	  V	  3.4	  0.0	0.000	1.421	1.421
628	  T	  4.7	  0.0	0.000	0.629	0.629
629	  T	  3.8	  0.1	0.000	0.237	0.237
630	  T	  2.2	  0.2	0.000	0.000	0.000
631	  N	  0.7	  0.2	0.000	0.000	0.000
632	  D	  0.2	  0.7	0.000	0.000	0.000
633	  I	  0.2	  0.8	0.000	0.400	0.400
634	  G	  0.1	  0.8	0.000	0.428	0.428
635	  Q	  0.4	  0.8	0.000	1.382	1.382
636	  T	  9.8	  0.2	0.000	24.705	24.705
637	  V	 11.0	  0.1	0.000	63.432	63.432
638	  T	 11.8	  0.0	0.000	66.587	66.587
639	  T	  3.9	  0.0	0.000	71.829	71.829
640	  T	 11.0	  0.0	0.000	79.956	79.956
641	  V	 24.4	  0.0	0.000	82.575	82.575
642	  T	 25.2	  0.0	0.000	82.189	82.189
643	  V	 20.7	  0.0	0.000	81.854	81.854
644	  I	  8.5	  0.0	0.000	77.161	77.161
645	  S	 11.5	  0.3	0.000	17.201	17.201
646	  Y	  9.5	  0.4	0.000	13.475	13.475
647	  D	  6.7	  0.4	0.000	0.000	0.000
648	  Q	  1.0	  0.4	0.000	0.000	0.000
649	  V	  0.2	  0.4	0.000	0.000	0.000
650	  G	  0.1	  0.8	0.000	0.000	0.000
651	  E	  0.1	  0.8	0.000	0.000	0.000
652	  G	  0.0	  0.8	0.000	0.000	0.000
653	  V	  2.8	  0.5	0.000	0.000	0.000
654	  Y	  5.8	  0.1	0.000	0.000	0.000
655	  T	  6.7	  0.0	0.000	0.000	0.000
656	  S	  4.0	  0.0	0.000	0.000	0.000
657	  A	  1.1	  0.0	0.000	0.000	0.000
658	  P	  0.1	  0.0	0.000	0.000	0.000
659	  A	  0.5	  0.0	0.000	0.000	0.000
660	  Y	  5.0	  0.0	0.000	0.000	0.000
661	  S	  5.0	  0.0	0.000	0.000	0.000
662	  Q	  4.5	  0.0	0.000	0.000	0.000
663	  P	  0.0	  0.0	0.000	0.000	0.000
664	  P	  0.0	  0.0	0.000	0.000	0.000
665	  V	  1.5	  0.0	0.000	1.184	1.184
666	  T	  2.8	  0.0	0.000	1.184	1.184
667	  T	  4.2	  0.0	0.000	1.184	1.184
668	  T	  4.6	  0.0	0.000	1.184	1.184
669	  T	 19.9	  0.0	0.000	1.184	1.184
670	  V	 20.1	  0.0	0.000	1.184	1.184
671	  S	 18.7	  1.5	0.000	0.000	0.000
672	  A	  2.3	  1.6	0.000	0.000	0.000
673	  D	  0.5	  1.6	0.000	0.000	0.000
674	  T	  1.7	  1.6	0.000	2.351	2.351
675	  T	  2.2	  0.1	0.000	6.255	6.255
676	  T	  3.1	  0.1	0.000	21.621	21.621
677	  A	  2.1	  0.0	0.000	45.971	45.971
678	  T	  6.4	  0.0	0.000	57.132	57.132
679	  V	 12.1	  0.0	0.000	72.022	72.022
680	  V	 15.2	  0.0	0.000	72.181	72.181
681	  I	 14.0	  0.0	0.000	71.078	71.078
682	  S	  8.9	  0.0	0.000	43.641	43.641
683	  Y	  5.3	  0.0	0.000	38.018	38.018
684	  F	  1.7	  0.8	0.000	5.058	5.058
685	  P	  0.2	  0.8	0.000	2.273	2.273
686	  S	  0.2	  1.0	0.000	0.000	0.000
687	  I	  0.4	  1.0	0.000	0.000	0.000
688	  G	  0.4	  0.4	0.000	0.000	0.000
689	  V	  0.5	  1.3	0.000	0.000	0.000
690	  D	  0.3	  1.2	0.000	0.000	0.000
691	  G	  0.3	  1.2	0.000	0.000	0.000
692	  V	  1.8	  0.9	0.000	0.000	0.000
693	  T	  2.4	  0.2	0.000	0.000	0.000
694	  R	  2.4	  0.3	0.000	0.000	0.000
695	  T	  0.7	  0.6	0.000	0.000	0.000
696	  G	  0.1	  0.6	0.000	0.000	0.000
697	  T	  1.5	  0.4	0.000	0.366	0.366
698	  T	  3.0	  0.4	0.000	0.973	0.973
699	  T	 16.7	  0.0	0.000	1.984	1.984
700	  V	 15.9	  0.0	0.000	2.995	2.995
701	  S	 14.6	  0.0	0.000	2.995	2.995
702	  T	 16.2	  0.0	0.000	2.995	2.995
703	  V	 21.6	  0.0	0.000	2.995	2.995
704	  S	 21.6	  0.1	0.000	2.207	2.207
705	  V	  8.1	  1.0	0.000	2.207	2.207
706	  G	  0.3	  1.1	0.000	0.000	0.000
707	  G	  0.1	  1.1	0.000	0.000	0.000
708	  E	  0.1	  1.3	0.000	0.000	0.000
709	  A	  0.2	  0.3	0.000	0.000	0.000
710	  D	  0.9	  0.3	0.000	0.000	0.000
711	  Y	  2.3	  0.3	0.000	0.579	0.579
712	  T	  3.9	  0.0	0.000	0.579	0.579
713	  T	  5.2	  0.0	0.000	0.579	0.579
714	  T	  8.1	  0.1	0.000	0.579	0.579
715	  V	  6.7	  0.1	0.000	0.579	0.579
716	  D	  4.6	  0.4	0.000	0.000	0.000
717	  R	  0.3	  0.9	0.000	0.000	0.000
718	  G	  0.1	  1.1	0.000	0.000	0.000
719	  N	  0.1	  1.2	0.000	0.000	0.000
720	  G	  0.0	  0.9	0.000	0.000	0.000
721	  S	  1.7	  0.4	0.000	0.000	0.000
722	  I	  2.2	  0.1	0.000	0.000	0.000
723	  E	  2.2	  0.1	0.000	0.000	0.000
724	  T	  1.0	  0.1	0.000	0.000	0.000
725	  D	  2.1	  0.1	0.000	0.000	0.000
726	  V	  5.9	  0.0	0.000	0.000	0.000
727	  I	  6.0	  0.0	0.000	0.000	0.000
728	  S	  5.2	  0.0	0.000	0.000	0.000
729	  H	  7.6	  0.0	0.000	0.000	0.000
730	  I	 10.0	  0.0	0.000	0.000	0.000
731	  T	 10.6	  0.0	0.000	0.000	0.000
732	  T	  4.8	  0.1	0.000	0.000	0.000
733	  T	  2.3	  0.2	0.000	0.000	0.000
734	  D	  0.8	  9.4	0.000	0.000	0.000
735	  S	  0.5	  9.8	0.000	0.000	0.000
736	  N	  0.0	  9.7	0.000	0.000	0.000
737	  G	  0.0	  9.6	0.000	0.000	0.000
738	  N	  0.0	  0.8	0.000	0.000	0.000
739	  P	  0.0	  0.4	0.000	0.000	0.000
740	  T	  1.0	  0.4	0.000	0.997	0.997
741	  T	 11.2	  0.4	0.000	2.661	2.661
742	  I	 14.1	  0.0	0.000	5.424	5.424
743	  T	 14.5	  0.0	0.000	5.424	5.424
744	  T	  5.2	  0.0	0.000	5.424	5.424
745	  T	 12.4	  0.0	0.000	5.424	5.424
746	  I	 11.5	  0.0	0.000	5.424	5.424
747	  T	 10.9	  0.0	0.000	2.039	2.039
748	  N	  0.7	  0.0	0.000	0.000	0.000
749	  A	  0.2	  0.0	0.000	0.000	0.000
750	  P	  0.0	  0.0	0.000	0.000	0.000
751	  A	  0.0	  0.3	0.000	0.000	0.000
752	  P	  0.0	  0.3	0.000	0.000	0.000
753	  S	  5.8	  0.5	0.000	0.000	0.000
754	  I	  6.4	  0.5	0.000	0.000	0.000
755	  S	  6.5	  0.3	0.157	0.000	0.000
756	  K	  0.8	  0.4	0.157	0.000	0.000
757	  A	  0.3	  0.3	0.157	0.000	0.000
758	  N	  0.2	  0.6	0.157	0.000	0.000
759	  I	  0.2	  1.5	0.157	0.000	0.000
760	  G	  0.1	  1.8	0.157	0.000	0.000
761	  S	  0.1	  1.8	0.000	0.000	0.000
762	  D	  0.7	  1.4	0.000	0.000	0.000
763	  Y	  2.2	  0.4	0.000	3.343	3.343
764	  T	  3.7	  0.0	0.000	4.124	4.124
765	  T	  4.9	  0.0	0.000	4.513	4.513
766	  T	  8.7	  0.0	0.000	4.513	4.513
767	  V	 11.2	  0.0	0.000	4.513	4.513
768	  V	  9.5	  0.3	0.000	4.284	4.284
769	  S	  4.4	  1.4	0.000	0.735	0.735
770	  N	  0.2	  1.5	0.000	0.000	0.000
771	  G	  0.0	  1.5	0.000	0.000	0.000
772	  H	  2.7	  1.3	0.000	0.000	0.000
773	  T	 20.8	  0.2	0.000	0.000	0.000
774	  F	 21.6	  0.0	0.000	0.000	0.000
775	  T	 19.4	  0.0	0.000	0.000	0.000
776	  E	  1.7	  0.0	0.000	0.000	0.000
777	  V	  4.3	  0.0	0.000	0.000	0.000
778	  V	  6.2	  0.0	0.000	0.000	0.000
779	  S	  7.1	  0.2	0.000	0.000	0.000
780	  H	  3.6	  0.7	0.000	0.000	0.000
781	  S	  1.5	  0.8	0.000	0.000	0.000
782	  T	  0.2	  1.0	0.000	0.000	0.000
783	  G	  0.1	  0.9	0.000	0.000	0.000
784	  T	  0.1	  0.5	0.000	0.000	0.000
785	  D	  0.1	  1.1	0.000	0.000	0.000
786	  E	  0.1	  1.5	0.000	0.000	0.000
787	  H	  0.1	  1.7	0.000	0.000	0.000
788	  G	  0.1	  1.6	0.000	0.000	0.000
789	  H	  3.2	  0.9	0.000	0.000	0.000
790	  T	  7.4	  0.3	0.000	7.280	7.280
791	  I	  9.8	  0.0	0.000	19.200	19.200
792	  V	  7.5	  0.0	0.000	19.747	19.747
793	  S	  3.6	  0.0	0.087	19.747	19.747
794	  T	 11.1	  0.0	0.087	19.747	19.747
795	  V	 13.6	  0.0	0.087	19.688	19.688
796	  T	 13.9	  0.1	0.087	10.269	10.269
797	  Q	  4.4	  0.1	0.087	4.267	4.267
798	  T	  1.5	  0.1	0.087	4.119	4.119
799	  V	  1.1	  0.2	0.087	4.119	4.119
800	  G	  0.9	  0.1	0.087	2.191	2.191
801	  V	  1.5	  0.2	0.000	2.094	2.094
802	  Q	  1.3	  0.2	0.000	0.000	0.000
803	  S	  1.4	  0.5	0.000	0.000	0.000
804	  H	  0.4	  1.8	0.000	0.000	0.000
805	  G	  0.2	  1.9	0.000	0.000	0.000
806	  S	  0.4	  1.7	0.000	0.000	0.000
807	  T	 18.0	  1.4	0.000	0.000	0.000
808	  V	 19.1	  0.1	0.000	0.000	0.000
809	  S	 18.8	  0.1	0.000	0.000	0.000
810	  S	  1.6	  0.1	0.000	0.000	0.000
811	  A	  0.3	  0.1	0.000	0.000	0.000
812	  A	  0.2	  0.0	0.000	0.000	0.000
813	  P	  0.0	  0.1	0.000	0.000	0.000
814	  A	  0.1	  0.2	0.000	0.000	0.000
815	  S	  0.5	  0.2	0.000	0.000	0.000
816	  T	 18.4	  0.3	0.000	0.000	0.000
817	  V	 18.8	  0.2	0.000	0.000	0.000
818	  S	 18.4	  0.4	0.000	0.000	0.000
819	  G	  0.7	  0.4	0.000	0.000	0.000
820	  A	  0.0	  0.4	0.000	0.000	0.000
821	  E	  0.1	  0.5	0.000	0.000	0.000
822	  S	  0.1	  0.3	0.000	0.000	0.000
823	  N	  0.0	  0.3	0.000	0.000	0.000
824	  A	  0.0	  1.2	0.000	0.000	0.000
825	  P	  0.0	  1.1	0.000	0.000	0.000
826	  G	  0.1	  1.1	0.000	0.000	0.000
827	  T	  0.2	  1.5	0.000	0.000	0.000
828	  A	  0.2	  0.5	0.000	0.000	0.000
829	  G	  0.1	  0.5	0.000	0.000	0.000
830	  V	  0.1	  1.7	0.000	0.843	0.843
831	  G	  0.1	  1.4	0.000	0.843	0.843
832	  G	  0.1	  1.4	0.000	0.843	0.843
833	  I	  1.2	  1.3	0.000	0.843	0.843
834	  V	  2.7	  0.1	0.000	0.843	0.843
835	  N	  2.8	  0.2	0.000	0.000	0.000
836	  S	  2.1	  0.2	0.000	0.000	0.000
837	  Q	  0.6	  0.2	0.000	0.000	0.000
838	  K	  0.5	  0.3	0.000	0.000	0.000
839	  P	  0.0	  0.3	0.000	0.000	0.000
840	  Q	  0.2	  0.3	0.000	0.000	0.000
841	  S	  1.0	  1.4	0.000	0.000	0.000
842	  Q	  1.5	  1.2	0.000	0.000	0.000
843	  N	  1.7	  1.1	0.000	0.000	0.000
844	  V	  1.5	  1.3	0.000	0.000	0.000
845	  A	  1.0	  0.4	0.000	0.000	0.000
846	  G	  0.6	  0.9	0.000	0.000	0.000
847	  Q	  0.0	  1.5	0.000	0.000	0.000
848	  G	  0.0	  1.4	0.000	0.000	0.000
849	  S	  0.1	  2.8	0.000	0.000	0.000
850	  G	  0.1	  2.3	0.000	0.000	0.000
851	  N	  0.1	  1.7	0.000	0.000	0.000
852	  E	  0.1	  1.6	0.000	0.000	0.000
853	  K	  0.1	  0.2	0.000	0.000	0.000
854	  P	  0.0	  0.2	0.000	0.000	0.000
855	  T	  0.5	  0.2	0.000	0.000	0.000
856	  Q	  0.5	  0.2	0.000	0.000	0.000
857	  A	  0.5	  0.3	0.000	0.000	0.000
858	  A	  0.1	  0.4	0.000	0.000	0.000
859	  G	  0.1	  0.4	0.000	0.000	0.000
860	  T	  0.2	  0.7	0.000	0.000	0.000
861	  A	  0.2	  0.7	0.000	0.000	0.000
862	  G	  0.1	  0.9	0.000	0.000	0.000
863	  G	  0.0	  0.9	0.000	0.000	0.000
864	  S	  1.5	  2.6	0.000	0.000	0.000
865	  R	  1.6	  2.7	0.000	0.000	0.000
866	  S	  1.8	  4.1	0.000	0.000	0.000
867	  G	  0.4	  4.5	0.000	0.000	0.000
868	  S	  0.5	  4.3	0.000	0.000	0.000
869	  G	  0.2	  4.4	0.000	0.000	0.000
870	  S	  0.5	  4.4	0.000	0.000	0.000
871	  G	  0.3	  4.4	0.000	0.000	0.000
872	  S	  0.5	  4.5	0.000	0.000	0.000
873	  G	  0.3	  4.5	0.000	0.000	0.000
874	  S	  0.5	  2.9	0.000	0.000	0.000
875	  G	  0.3	  2.5	0.000	0.000	0.000
876	  S	  1.9	  0.7	0.000	0.000	0.000
877	  V	  3.8	  0.3	0.000	0.000	0.000
878	  H	  4.1	  0.2	0.000	0.000	0.000
879	  Q	  2.5	  0.3	0.000	0.000	0.000
880	  S	  0.4	  0.6	0.000	0.000	0.000
881	  A	  0.2	  0.9	0.000	0.000	0.000
882	  G	  0.1	  0.7	0.000	0.000	0.000
883	  N	  3.3	  0.7	0.000	0.000	0.000
884	  I	  3.9	  0.4	0.000	0.000	0.000
885	  V	  3.9	  0.6	0.000	0.000	0.000
886	  P	  0.6	  1.0	0.000	0.000	0.000
887	  S	  0.5	  1.0	0.000	0.000	0.000
888	  G	  0.5	  1.0	0.000	0.000	0.000
889	  S	  0.5	  2.9	0.000	0.000	0.000
890	  P	  0.0	  2.5	0.000	0.000	0.000
891	  S	  1.3	  2.5	0.145	0.000	0.000
892	  V	  2.4	  2.6	0.145	0.000	0.000
893	  Q	  2.5	  0.1	0.145	0.000	0.000
894	  S	  1.4	  0.4	0.145	0.000	0.000
895	  A	  0.3	  0.7	0.145	0.000	0.000
896	  K	  0.3	  0.7	0.145	0.000	0.000
897	  G	  0.2	  0.7	0.000	0.000	0.000
898	  T	  5.1	  0.3	0.000	0.000	0.000
899	  A	  5.1	  0.1	0.000	0.000	0.000
900	  S	  5.0	  0.0	0.000	0.000	0.000
901	  P	  0.0	  0.0	0.000	0.000	0.000
902	  V	  0.6	  0.1	0.000	0.000	0.000
903	  S	  0.6	  0.2	0.000	0.000	0.000
904	  G	  0.7	  0.2	0.000	0.000	0.000
905	  I	  1.5	  0.6	0.000	0.000	0.000
906	  H	  1.5	  1.0	0.000	0.000	0.000
907	  G	  1.4	  0.9	0.000	0.000	0.000
908	  S	  0.6	  0.9	0.000	0.000	0.000
909	  Q	  0.6	  0.5	0.000	0.000	0.000
910	  T	  0.5	  0.3	0.000	0.000	0.000
911	  P	  0.0	  0.3	0.000	0.000	0.000
912	  H	  0.4	  0.3	0.000	0.000	0.000
913	  S	  0.6	  0.3	0.000	0.000	0.000
914	  V	  0.6	  0.2	0.000	0.000	0.000
915	  P	  0.2	  0.3	0.000	0.000	0.000
916	  S	  0.1	  0.3	0.000	0.000	0.000
917	  Q	  0.3	  0.3	0.000	0.000	0.000
918	  A	  0.4	  0.2	0.000	0.000	0.000
919	  Q	  0.6	  0.2	0.000	0.000	0.000
920	  Q	  0.4	  0.5	0.000	0.000	0.000
921	  Q	  0.3	  0.5	0.000	0.000	0.000
922	  G	  0.0	  1.1	0.000	0.000	0.000
923	  Q	  0.0	  1.0	0.000	0.000	0.000
924	  G	  0.0	  1.3	0.000	0.000	0.000
925	  Q	  0.0	  1.3	0.000	0.000	0.000
926	  G	  0.0	  1.3	0.000	0.000	0.000
927	  Q	  0.0	  1.3	0.000	0.000	0.000
928	  G	  0.2	  0.7	0.000	0.000	0.000
929	  Q	  0.2	  0.6	0.000	0.000	0.000
930	  A	  0.2	  0.4	0.000	0.000	0.000
931	  P	  0.0	  0.6	0.000	0.000	0.000
932	  S	  0.3	  0.7	0.000	0.000	0.000
933	  S	  0.5	  0.7	0.000	0.000	0.000
934	  R	  0.9	  0.4	0.000	0.000	0.000
935	  Q	  0.7	  0.2	0.000	0.000	0.000
936	  Q	  0.5	  0.1	0.000	0.000	0.000
937	  A	  0.1	  0.1	0.000	6.550	6.550
938	  A	  0.2	  0.0	0.000	14.196	14.196
939	  T	  2.3	  0.0	0.150	22.018	22.018
940	  T	  5.9	  0.0	0.150	23.621	23.621
941	  V	  9.3	  0.0	0.150	23.918	23.918
942	  L	  7.6	  0.0	0.150	23.767	23.767
943	  L	  4.3	  0.3	0.150	21.884	21.884
944	  S	  0.8	  0.8	0.150	4.298	4.298
945	  S	  0.6	  2.0	0.000	0.673	0.673
946	  G	  0.3	  2.1	0.000	0.000	0.000
947	  S	  0.4	  1.8	0.000	0.000	0.000
948	  S	  4.3	  1.8	0.000	0.000	0.000
949	  V	  4.6	  0.6	0.000	0.000	0.000
950	  D	  4.6	  0.5	0.000	0.000	0.000
951	  N	  0.5	  0.9	0.000	0.000	0.000
952	  I	  0.2	  2.0	0.000	0.000	0.000
953	  G	  0.1	  2.3	0.000	0.000	0.000
954	  S	  0.1	  2.3	0.000	0.000	0.000
955	  G	  0.1	  1.9	0.000	0.000	0.000
956	  F	  1.6	  0.5	0.000	0.000	0.000
957	  S	  1.9	  0.2	0.000	0.000	0.000
958	  S	  2.2	  0.2	0.267	0.000	0.000
959	  T	  1.4	  0.3	0.267	0.000	0.000
960	  Q	  1.1	  0.2	0.267	0.000	0.000
961	  T	  3.5	  0.2	0.267	0.277	0.277
962	  A	  3.2	  0.2	0.267	0.277	0.277
963	  S	  3.7	  0.2	0.267	0.277	0.277
964	  V	  3.3	  0.1	0.000	0.277	0.277
965	  L	  2.9	  0.3	0.000	0.277	0.277
966	  Q	  2.4	  0.5	0.000	0.000	0.000
967	  G	  0.0	  1.0	0.000	0.000	0.000
968	  K	  0.0	  1.2	0.000	0.000	0.000
969	  G	  0.0	  1.0	0.000	0.000	0.000
970	  A	  0.4	  0.8	0.000	0.000	0.000
971	  S	  2.7	  0.3	0.000	0.000	0.000
972	  I	  9.2	  0.2	0.000	0.000	0.000
973	  R	  9.6	  0.0	0.000	0.000	0.000
974	  V	  9.5	  0.0	0.000	1.697	1.697
975	  A	  3.1	  0.1	0.000	1.837	1.837
976	  S	  2.9	  0.7	0.000	1.992	1.992
977	  S	  1.0	  0.7	0.000	3.228	3.228
978	  S	  1.4	  0.7	0.000	13.097	13.097
979	  I	  5.3	  0.6	0.000	91.884	91.884
980	  V	  9.0	  0.0	0.000	98.735	98.735
981	  F	 11.0	  0.0	0.000	99.301	99.301
982	  S	  6.8	  0.0	0.269	99.345	99.345
983	  M	  4.1	  0.0	0.269	99.694	99.694
984	  I	  8.3	  0.0	0.269	99.977	99.977
985	  V	 14.1	  0.0	0.269	99.999	99.999
986	  V	 25.2	  0.0	0.269	99.996	99.996
987	  I	 22.4	  0.0	0.269	99.952	99.952
988	  V	 17.3	  0.0	0.269	99.444	99.444
989	  F	  5.0	  0.0	0.269	93.277	93.277
990	  G	  0.9	  0.0	0.000	13.429	13.429
991	  M	  0.2	  0.0	0.000	10.121	10.121
992	  I	  0.0	  0.0	0.000	0.004	0.004
