res	aa	Beta	Turn	Helix	Aggregation	Conc-Stab_Aggregation
01	  M	  0.1	  0.0	0.000	0.000	0.000
02	  L	  0.2	  0.0	0.000	0.000	0.000
03	  G	  0.2	  0.0	0.000	0.000	0.000
04	  A	  0.1	  0.0	0.000	0.000	0.000
05	  P	  0.0	  0.0	0.000	0.000	0.000
06	  I	  1.1	  0.0	0.000	0.000	0.000
07	  S	  1.3	  1.2	0.000	0.000	0.000
08	  R	  1.5	  1.2	0.000	0.000	0.000
09	  D	  0.4	  1.2	0.000	0.000	0.000
10	  T	  0.2	  1.3	0.345	0.000	0.000
11	  P	  0.0	  0.3	0.345	0.000	0.000
12	  R	  0.3	  0.3	0.345	0.000	0.000
13	  K	  0.5	  0.3	0.345	0.000	0.000
14	  T	  2.7	  0.2	0.345	0.000	0.000
15	  R	  2.6	  0.2	0.345	0.000	0.000
16	  S	  2.9	  0.3	0.192	0.000	0.000
17	  K	  1.1	  0.3	0.000	0.000	0.000
18	  T	  3.1	  0.2	0.000	0.000	0.000
19	  Q	  5.6	  0.1	0.000	0.000	0.000
20	  F	  7.3	  0.0	0.000	0.000	0.000
21	  F	  5.5	  0.0	0.000	0.000	0.000
22	  Q	  2.5	  0.0	0.000	0.000	0.000
23	  G	  0.4	  0.0	0.000	0.000	0.000
24	  P	  0.0	  0.0	0.000	0.692	0.692
25	  I	  3.0	  0.0	0.000	56.110	56.110
26	  V	  7.5	  0.0	0.000	59.824	59.824
27	  S	  7.8	  0.0	0.590	59.824	59.824
28	  L	  5.2	  0.0	0.590	59.824	59.824
29	  I	  1.3	  0.0	0.590	59.824	59.824
30	  T	  1.2	  0.1	0.590	47.033	47.033
31	  E	  1.0	  0.1	0.590	0.000	0.000
32	  K	  2.8	  0.1	0.590	0.000	0.000
33	  C	  5.2	  0.1	0.000	0.000	0.000
34	  T	 15.3	  0.0	0.159	0.000	0.000
35	  Y	 15.8	  0.1	0.159	0.000	0.000
36	  E	 13.3	  0.1	0.159	0.000	0.000
37	  W	  3.3	  0.1	0.159	0.000	0.000
38	  G	  0.1	  0.1	0.159	0.000	0.000
39	  N	  0.0	  1.5	0.159	0.000	0.000
40	  P	  0.0	  1.5	0.000	0.000	0.000
41	  S	  2.1	  1.5	0.000	0.000	0.000
42	  I	  2.1	  1.5	0.000	0.000	0.000
43	  N	  2.1	  0.0	0.000	0.000	0.000
