res	aa	Beta	Turn	Helix	Aggregation	Conc-Stab_Aggregation
01	  M	  0.3	  0.0	0.212	0.000	0.000
02	  R	  0.6	  0.1	0.499	0.000	0.000
03	  K	  0.8	  0.1	0.716	0.000	0.000
04	  L	  1.4	  0.1	0.716	15.923	15.923
05	  L	  2.0	  0.0	0.716	15.923	15.923
06	  L	  2.6	  0.0	0.716	15.923	15.923
07	  L	  1.9	  0.0	0.813	15.923	15.923
08	  V	  3.1	  0.0	0.813	15.923	15.923
09	  R	  2.7	  0.1	0.813	0.000	0.000
10	  S	  2.7	  0.1	0.314	7.840	7.840
11	  L	  1.5	  0.1	0.314	69.668	69.668
12	  L	  1.7	  0.0	0.314	93.447	93.447
13	  L	  2.4	  0.0	0.314	96.010	96.010
14	  V	  8.2	  0.0	0.314	96.289	96.289
15	  A	  7.8	  0.0	0.314	96.039	96.039
16	  V	  9.8	  0.0	0.000	94.015	94.015
17	  T	  4.2	  0.0	0.000	60.429	60.429
18	  A	  3.9	  0.0	0.000	39.259	39.259
19	  T	  3.9	  0.1	0.000	21.175	21.175
20	  T	  3.2	  0.1	0.000	10.289	10.289
21	  S	  3.5	  2.9	0.000	3.728	3.728
22	  A	  0.9	  2.9	0.000	2.908	2.908
23	  N	  0.5	  2.9	0.000	0.109	0.109
24	  D	  0.1	  2.8	0.000	0.000	0.000
25	  T	  0.1	  0.1	0.000	0.000	0.000
26	  P	  0.0	  0.0	0.000	0.000	0.000
27	  V	  0.0	  0.0	0.000	0.000	0.000
28	  P	  0.0	  0.0	0.000	0.000	0.000
29	  N	  0.0	  0.0	0.000	0.000	0.000
30	  P	  0.0	  0.0	0.000	0.000	0.000
31	  I	  0.0	  0.0	0.000	0.000	0.000
32	  S	  0.0	  0.0	0.000	0.000	0.000
33	  E	  0.0	  0.0	0.000	0.000	0.000
34	  D	  0.0	  0.0	0.000	0.000	0.000
35	  I	  0.0	  0.0	-1.#IO	0.000	0.000
36	  S	  0.0	  0.0	-1.#IO	0.000	0.000
37	  S	  0.0	  0.0	-1.#IO	0.000	0.000
38	  V	  0.0	  0.0	-1.#IO	0.000	0.000
39	  L	  0.0	  0.0	-1.#IO	0.000	0.000
40	  S	  0.0	  0.0	-1.#IO	0.000	0.000
41	  A	  0.0	  0.0	-1.#IO	0.000	0.000
42	  S	  0.0	  0.0	-1.#IO	0.000	0.000
43	  I	  0.0	  0.0	-1.#IO	0.000	0.000
44	  Q	  0.0	  0.0	-1.#IO	0.000	0.000
45	  P	  0.0	  0.0	-1.#IO	0.000	0.000
46	  E	  0.0	  0.0	-1.#IO	0.000	0.000
47	  I	  0.0	  0.0	-1.#IO	0.000	0.000
48	  P	  0.0	  0.0	0.000	0.000	0.000
49	  S	  0.0	  0.0	0.000	0.000	0.000
50	  A	  0.0	  0.0	0.000	0.000	0.000
51	  Q	  0.0	  0.3	0.000	0.000	0.000
52	  P	  0.0	  0.3	0.000	0.000	0.000
53	  S	  1.3	  0.3	0.000	0.000	0.000
54	  V	  2.5	  0.3	0.000	0.000	0.000
55	  Q	  2.6	  0.1	0.000	0.000	0.000
56	  S	  1.3	  0.1	0.000	0.000	0.000
57	  E	  0.8	  0.1	0.000	0.000	0.000
58	  I	  0.9	  0.1	0.000	0.000	0.000
59	  Q	  1.0	  0.0	0.000	0.000	0.000
60	  S	  0.5	  0.0	0.000	0.000	0.000
61	  I	  0.3	  0.2	0.000	0.000	0.000
62	  P	  0.1	  0.2	0.000	0.000	0.000
63	  S	  1.4	  0.2	0.000	0.000	0.000
64	  V	  2.5	  0.2	0.000	0.000	0.000
65	  Q	  2.6	  0.1	0.000	0.000	0.000
66	  S	  1.3	  0.1	0.000	0.000	0.000
67	  E	  0.8	  0.1	0.000	0.000	0.000
68	  I	  0.9	  0.1	0.000	0.000	0.000
69	  Q	  1.4	  0.0	0.000	0.000	0.000
70	  S	  0.9	  0.0	0.000	0.000	0.000
71	  V	  0.7	  0.2	0.000	0.000	0.000
72	  P	  0.2	  0.2	0.000	0.000	0.000
73	  S	  1.4	  0.2	0.000	0.000	0.000
74	  V	  2.5	  0.2	0.000	0.000	0.000
75	  Q	  2.6	  0.1	0.000	0.000	0.000
76	  S	  1.3	  0.1	0.000	0.000	0.000
77	  E	  0.8	  0.1	0.000	0.000	0.000
78	  I	  0.9	  0.1	0.000	0.000	0.000
79	  Q	  1.2	  0.0	0.000	0.000	0.000
80	  S	  3.4	  0.0	0.000	0.000	0.000
81	  V	  3.5	  0.0	0.000	0.000	0.000
82	  Q	  3.1	  0.3	0.000	0.000	0.000
83	  P	  0.3	  0.3	0.000	0.000	0.000
84	  S	  0.1	  0.3	0.000	0.000	0.000
85	  E	  5.7	  0.3	0.000	0.000	0.000
86	  V	  6.0	  0.1	0.000	0.000	0.000
87	  Q	  6.0	  0.0	0.000	0.000	0.000
88	  P	  0.3	  0.0	0.000	0.000	0.000
89	  S	  0.0	  0.0	0.136	0.000	0.000
90	  P	  0.0	  0.0	0.136	0.000	0.000
91	  V	  0.8	  0.1	0.136	0.000	0.000
92	  A	  0.8	  0.2	0.136	0.000	0.000
93	  N	  1.1	  0.2	0.136	0.000	0.000
94	  S	  2.0	  0.2	0.136	0.000	0.000
95	  I	  2.5	  0.1	0.000	0.000	0.000
96	  E	  2.3	  0.2	0.000	0.000	0.000
97	  S	  0.6	  0.2	0.000	0.000	0.000
98	  N	  0.2	  0.7	0.000	0.000	0.000
99	  T	  0.8	  0.6	0.000	0.000	0.000
100	  N	  0.9	  1.0	0.000	0.000	0.000
101	  T	  1.3	  1.0	0.000	0.000	0.000
102	  N	  0.9	  1.0	0.000	0.000	0.000
103	  T	  1.3	  1.0	0.000	0.000	0.000
104	  N	  0.9	  1.0	0.000	0.000	0.000
105	  T	  1.3	  0.9	0.000	0.000	0.000
106	  N	  5.5	  0.5	0.000	0.000	0.000
107	  T	  6.2	  0.5	0.000	0.000	0.000
108	  Y	  5.6	  1.0	0.000	0.000	0.000
109	  P	  0.8	  1.0	0.000	0.000	0.000
110	  D	  0.0	  2.5	0.000	0.000	0.000
111	  A	  0.0	  3.1	0.000	0.000	0.000
112	  G	  0.0	  2.3	0.000	0.000	0.000
113	  S	  0.2	  2.2	0.000	0.000	0.000
114	  S	  0.9	  0.7	0.000	0.000	0.000
115	  I	  1.0	  0.1	0.000	0.000	0.000
116	  Q	  0.9	  0.6	0.000	0.000	0.000
117	  P	  0.1	  0.6	0.000	0.000	0.000
118	  N	  0.3	  0.6	0.000	0.000	0.000
119	  S	 10.7	  0.8	0.000	0.000	0.000
120	  V	 11.0	  0.3	0.000	0.000	0.000
121	  S	 10.8	  0.4	0.000	0.000	0.000
122	  N	  0.6	  0.4	0.000	0.000	0.000
123	  S	  0.8	  0.3	0.000	0.000	0.000
124	  I	  3.8	  0.2	0.000	0.000	0.000
125	  V	  7.2	  0.0	0.000	0.000	0.000
126	  S	  6.7	  0.0	0.000	0.000	0.000
127	  Q	  3.8	  0.4	0.000	0.000	0.000
128	  P	  0.1	  0.8	0.000	0.000	0.000
129	  S	  0.0	  1.8	0.000	0.000	0.000
130	  D	  0.1	  1.8	0.000	0.000	0.000
131	  D	  0.9	  1.9	0.000	0.000	0.000
132	  I	  2.9	  1.5	0.000	0.000	0.000
133	  N	  3.0	  1.4	0.546	0.000	0.000
134	  T	  2.2	  1.6	0.546	0.000	0.000
135	  D	  0.2	  1.2	0.546	0.000	0.000
136	  D	  0.2	  1.9	0.546	0.000	0.000
137	  L	  1.9	  1.0	0.546	0.000	0.000
138	  N	  1.9	  0.8	0.546	0.000	0.000
139	  F	  2.6	  0.8	0.324	0.000	0.000
140	  L	  1.0	  0.7	0.000	0.000	0.000
141	  D	  0.9	  1.7	0.000	0.000	0.000
142	  D	  0.1	  2.3	0.000	0.000	0.000
143	  G	  0.0	  2.3	0.000	0.000	0.000
144	  S	  0.2	  1.9	0.000	0.000	0.000
145	  S	  0.4	  1.1	0.000	0.000	0.000
146	  Q	  0.4	  0.5	0.000	0.000	0.000
147	  Q	  0.3	  0.4	0.000	0.000	0.000
148	  G	  0.0	  0.9	0.000	0.000	0.000
149	  P	  0.0	  0.8	0.000	0.000	0.000
150	  S	  0.1	  0.8	0.000	0.000	0.000
151	  S	  0.4	  0.7	0.132	0.730	0.730
152	  I	  1.7	  0.1	0.132	0.730	0.730
153	  L	  3.2	  0.0	0.132	0.730	0.730
154	  S	  8.4	  0.0	0.132	0.730	0.730
155	  I	  7.4	  0.0	0.132	0.730	0.730
156	  N	  5.9	  1.5	0.132	0.000	0.000
157	  P	  0.3	  1.5	0.000	0.000	0.000
158	  S	  2.6	  1.5	0.000	0.000	0.000
159	  V	  3.0	  1.5	0.000	0.000	0.000
160	  Q	  3.0	  0.3	0.000	0.000	0.000
161	  P	  0.3	  0.4	0.000	0.000	0.000
162	  S	  0.1	  0.4	0.000	0.000	0.000
163	  S	  3.1	  0.8	0.000	0.000	0.000
164	  I	  6.0	  0.5	0.000	0.000	0.000
165	  D	  6.1	  0.4	0.000	0.000	0.000
166	  Y	  3.7	  0.4	0.000	0.000	0.000
167	  H	  0.8	  0.3	0.000	0.000	0.000
168	  S	  1.3	  1.1	0.000	0.000	0.000
169	  S	  0.9	  1.1	0.000	0.000	0.000
170	  S	  1.2	  1.1	0.000	0.000	0.000
171	  K	  1.8	  0.9	0.000	0.000	0.000
172	  I	 11.2	  0.1	0.000	0.000	0.000
173	  N	 14.5	  0.0	0.000	0.000	0.000
174	  V	 14.5	  0.1	0.000	0.000	0.000
175	  E	  5.6	  0.1	0.000	0.000	0.000
176	  S	  2.1	  0.8	0.000	0.000	0.000
177	  S	  1.6	  1.5	0.000	0.000	0.000
178	  S	  1.7	  1.5	0.000	0.000	0.000
179	  S	  2.9	  1.4	0.000	0.000	0.000
180	  V	  2.6	  0.7	0.000	0.000	0.000
181	  I	  2.5	  0.0	0.000	0.000	0.000
182	  P	  0.6	  0.0	0.000	0.000	0.000
183	  V	  4.7	  0.0	0.000	0.000	0.000
184	  F	  4.8	  0.0	0.000	0.000	0.000
185	  A	  4.8	  0.4	0.000	0.000	0.000
186	  P	  0.2	  0.5	0.000	0.000	0.000
187	  S	  0.0	  0.5	0.000	0.000	0.000
188	  E	  0.1	  0.5	0.000	0.000	0.000
189	  A	  0.2	  0.1	0.000	0.000	0.000
190	  R	  0.2	  0.0	0.000	0.000	0.000
191	  A	  0.2	  0.0	0.000	0.000	0.000
192	  P	  0.0	  0.0	0.000	0.000	0.000
193	  A	  0.0	  0.0	0.000	0.000	0.000
194	  K	  0.0	  0.0	0.000	0.000	0.000
195	  P	  0.0	  0.1	0.000	0.000	0.000
196	  P	  0.0	  0.1	0.000	0.000	0.000
197	  A	  0.2	  0.1	0.000	0.000	0.000
198	  F	  5.5	  0.1	0.000	0.000	0.000
199	  E	  6.7	  0.0	0.000	0.000	0.000
200	  I	  7.1	  0.1	0.000	0.000	0.000
201	  S	  2.7	  0.9	0.000	0.000	0.000
202	  S	  1.4	  1.0	0.000	0.000	0.000
203	  S	  3.7	  2.0	0.000	0.000	0.000
204	  A	  3.0	  2.0	0.000	0.000	0.000
205	  S	  3.1	  1.1	0.000	0.000	0.000
206	  S	  1.5	  1.1	0.000	0.000	0.000
207	  V	  5.4	  0.1	0.000	0.000	0.000
208	  Q	  5.7	  0.0	0.000	0.000	0.000
209	  V	  5.8	  0.1	0.000	0.000	0.000
210	  S	  1.9	  0.1	0.000	0.000	0.000
211	  S	  1.6	  0.2	0.000	0.000	0.000
212	  Q	  0.7	  0.2	0.000	0.000	0.000
213	  Q	  1.2	  0.2	0.000	0.000	0.000
214	  Q	  1.0	  0.1	0.000	0.000	0.000
215	  Q	  0.7	  0.3	0.000	0.000	0.000
216	  P	  0.0	  0.3	0.000	0.000	0.000
217	  S	  0.8	  0.3	0.000	0.000	0.000
218	  I	  0.9	  0.3	0.000	0.000	0.000
219	  Q	  0.9	  0.3	0.000	0.000	0.000
220	  P	  0.1	  0.4	0.000	0.000	0.000
221	  S	  0.2	  0.4	0.000	0.000	0.000
222	  S	  9.3	  0.4	0.000	0.000	0.000
223	  V	 10.0	  0.1	0.000	0.000	0.000
224	  E	  9.8	  0.0	0.000	0.000	0.000
225	  P	  0.7	  0.0	0.000	0.000	0.000
226	  V	  1.1	  0.1	0.000	0.000	0.000
227	  Q	  1.1	  0.2	0.000	0.000	0.000
228	  S	  1.2	  0.2	0.000	0.000	0.000
229	  N	  0.2	  0.2	0.000	0.000	0.000
230	  S	  0.2	  0.2	0.000	0.000	0.000
231	  P	  0.1	  0.0	0.000	0.000	0.000
232	  S	  0.1	  2.9	0.000	0.000	0.000
233	  P	  0.0	  3.1	0.000	0.000	0.000
234	  S	  0.2	  3.1	0.000	0.000	0.000
235	  S	  1.6	  3.1	0.000	0.000	0.000
236	  V	  2.1	  0.1	0.000	0.000	0.000
237	  V	  1.9	  0.0	0.000	0.000	0.000
238	  P	  0.6	  0.0	0.000	0.000	0.000
239	  S	  0.1	  2.9	0.000	0.000	0.000
240	  P	  0.0	  3.0	0.000	0.000	0.000
241	  S	  0.2	  3.0	0.000	0.000	0.000
242	  S	  2.2	  3.0	0.000	0.000	0.000
243	  V	  2.8	  0.1	0.000	0.000	0.000
244	  I	  2.6	  0.0	0.000	0.000	0.000
245	  P	  0.6	  0.0	0.000	0.000	0.000
246	  L	  0.0	  0.0	0.000	0.000	0.000
247	  V	  0.0	  0.0	0.000	0.000	0.000
248	  P	  0.0	  0.2	0.000	0.000	0.000
249	  P	  0.0	  0.2	0.000	0.000	0.000
250	  E	  2.6	  0.2	0.000	0.000	0.000
251	  V	  6.7	  0.2	0.000	0.000	0.000
252	  Q	  7.6	  0.0	0.000	0.000	0.000
253	  V	  5.3	  0.0	0.000	0.000	0.000
254	  S	  1.3	  2.8	0.000	0.000	0.000
255	  P	  0.3	  2.9	0.000	0.000	0.000
256	  S	  0.1	  3.0	0.000	0.000	0.000
257	  S	  0.3	  3.0	0.000	0.000	0.000
258	  A	  0.3	  0.2	0.000	0.000	0.000
259	  A	  0.2	  0.0	0.000	0.000	0.000
260	  P	  0.0	  0.0	0.000	0.000	0.000
261	  L	  0.0	  0.0	0.000	0.000	0.000
262	  I	  0.0	  0.0	0.000	0.000	0.000
263	  P	  0.0	  0.2	0.000	0.000	0.000
264	  P	  0.0	  0.2	0.000	0.000	0.000
265	  E	  2.6	  0.2	0.000	0.000	0.000
266	  V	  6.7	  0.2	0.000	0.000	0.000
267	  Q	  7.6	  0.0	0.000	0.000	0.000
268	  V	  5.3	  0.0	0.000	0.000	0.000
269	  S	  1.3	  2.7	0.000	0.000	0.000
270	  P	  0.3	  2.9	0.000	0.000	0.000
271	  S	  0.2	  2.9	0.000	0.000	0.000
272	  S	  1.2	  2.9	0.000	0.000	0.000
273	  V	  1.7	  0.1	0.000	0.000	0.000
274	  L	  1.5	  0.3	0.000	0.000	0.000
275	  P	  0.4	  0.5	0.000	0.000	0.000
276	  S	  0.8	  1.1	0.000	0.000	0.000
277	  S	  1.0	  1.1	0.000	0.000	0.000
278	  S	  6.7	  0.9	0.000	0.000	0.000
279	  I	  6.9	  0.8	0.000	0.000	0.000
280	  S	  6.9	  0.3	0.000	0.000	0.000
281	  Q	  1.3	  0.3	0.000	0.000	0.000
282	  L	  0.2	  0.3	0.000	0.000	0.000
283	  G	  0.1	  0.7	0.000	0.000	0.000
284	  P	  0.0	  0.5	0.000	0.000	0.000
285	  S	  0.3	  0.5	0.000	0.000	0.000
286	  I	  3.6	  0.5	0.000	0.000	0.000
287	  L	  4.9	  0.0	0.000	0.000	0.000
288	  V	  4.6	  0.0	0.000	0.000	0.000
289	  S	  1.4	  0.0	0.000	0.000	0.000
290	  P	  0.0	  0.0	0.000	0.000	0.000
291	  P	  0.0	  0.0	0.000	0.000	0.000
292	  V	  2.4	  0.0	0.000	0.000	0.000
293	  S	  2.4	  0.0	0.000	0.000	0.000
294	  S	  2.4	  0.0	0.000	0.000	0.000
295	  P	  0.0	  0.3	0.000	0.000	0.000
296	  P	  0.0	  0.4	0.000	0.000	0.000
297	  T	  1.3	  0.5	0.000	0.000	0.000
298	  S	  1.6	  0.5	0.000	0.000	0.000
299	  S	  1.7	  0.2	0.000	0.000	0.000
300	  I	  0.4	  0.3	0.000	0.000	0.000
301	  P	  0.1	  0.3	0.000	0.000	0.000
302	  S	  0.3	  0.3	0.000	0.000	0.000
303	  Q	  0.4	  0.3	0.000	0.000	0.000
304	  Q	  1.3	  0.1	0.000	0.000	0.000
305	  I	  1.6	  0.1	0.000	0.000	0.000
306	  S	  1.6	  0.1	0.996	0.000	0.000
307	  S	  1.0	  0.2	1.097	0.000	0.000
308	  Q	  0.5	  0.2	1.097	0.000	0.000
309	  E	  3.9	  0.2	1.097	0.000	0.000
310	  I	  7.9	  0.1	1.097	0.000	0.000
311	  N	  8.8	  0.2	1.097	0.000	0.000
312	  F	  5.9	  0.2	0.699	0.000	0.000
313	  S	  1.7	  0.2	0.158	0.000	0.000
314	  E	  1.7	  0.2	0.000	0.000	0.000
315	  F	  2.3	  0.4	0.000	0.000	0.000
316	  S	  2.5	  1.4	0.000	0.000	0.000
317	  G	  1.4	  1.4	0.000	0.000	0.000
318	  S	  9.1	  1.5	0.000	0.000	0.000
319	  F	 16.2	  1.2	0.000	0.000	0.000
320	  N	 16.3	  0.2	0.000	0.000	0.000
321	  V	  8.3	  0.6	0.000	0.000	0.000
322	  P	  0.2	  0.4	0.000	0.000	0.000
323	  S	  0.3	  0.4	0.000	0.137	0.137
324	  W	  0.7	  0.4	0.000	0.274	0.274
325	  L	  1.2	  0.0	0.000	0.274	0.274
326	  L	  1.1	  0.1	0.000	0.274	0.274
327	  S	  0.8	  2.0	0.000	0.274	0.274
328	  S	  0.4	  2.0	0.000	0.137	0.137
329	  N	  0.1	  2.0	0.000	0.000	0.000
330	  A	  0.0	  2.2	0.000	0.000	0.000
331	  P	  0.0	  0.4	0.000	0.000	0.000
332	  S	  0.7	  1.3	0.000	0.000	0.000
333	  S	  0.9	  1.3	0.000	0.000	0.000
334	  S	 21.5	  1.0	0.000	0.000	0.000
335	  F	 21.3	  1.0	0.000	0.000	0.000
336	  S	 21.1	  0.2	0.000	0.000	0.000
337	  E	  0.7	  0.2	0.000	0.000	0.000
338	  Q	  1.1	  0.1	0.000	0.000	0.000
339	  L	  1.1	  0.1	0.000	0.000	0.000
340	  S	  1.1	  2.8	0.000	0.000	0.000
341	  P	  0.1	  2.9	0.000	0.000	0.000
342	  S	  0.1	  3.0	0.000	0.000	0.000
343	  S	  2.3	  3.9	0.000	0.000	0.000
344	  L	  3.4	  1.1	0.000	0.000	0.000
345	  D	  3.9	  1.3	0.518	0.000	0.000
346	  Y	  3.7	  1.3	0.518	0.000	0.000
347	  S	  2.7	  0.4	0.621	0.000	0.000
348	  Q	  2.2	  0.4	0.621	0.000	0.000
349	  A	  0.6	  0.1	0.621	0.000	0.000
350	  I	  0.9	  0.0	0.621	0.000	0.000
351	  H	  0.9	  0.1	0.621	0.000	0.000
352	  S	  0.6	  0.1	0.530	0.000	0.000
353	  R	  1.2	  0.1	0.390	0.000	0.000
354	  V	  1.7	  0.3	0.110	0.000	0.000
355	  A	  1.6	  0.2	0.110	0.000	0.000
356	  D	  0.7	  1.5	0.110	0.000	0.000
357	  S	  0.4	  1.5	0.110	0.000	0.000
358	  S	  1.0	  1.4	0.000	0.000	0.000
359	  T	  2.7	  1.4	0.000	0.000	0.000
360	  T	  4.0	  0.1	0.000	0.000	0.000
361	  T	  3.6	  0.0	0.000	0.000	0.000
362	  L	  1.9	  0.0	0.000	0.000	0.000
363	  P	  0.2	  0.0	0.000	0.000	0.000
364	  L	  2.4	  0.0	0.000	0.000	0.000
365	  I	  2.4	  0.0	0.000	0.000	0.000
366	  V	  2.4	  0.0	0.000	0.000	0.000
367	  P	  0.0	  0.2	0.000	0.000	0.000
368	  P	  0.0	  0.3	0.000	0.000	0.000
369	  T	  1.7	  0.3	0.000	0.000	0.000
370	  T	  3.4	  0.3	0.000	0.000	0.000
371	  T	  6.2	  0.1	0.000	0.000	0.000
372	  T	  4.7	  0.0	0.000	0.000	0.000
373	  T	  3.0	  0.3	0.000	0.000	0.000
374	  P	  0.2	  0.3	0.000	0.000	0.000
375	  T	  1.2	  0.3	0.000	0.000	0.000
376	  L	  1.9	  0.3	0.000	0.000	0.000
377	  V	  2.3	  0.0	0.000	0.000	0.000
378	  S	  1.3	  0.9	0.000	0.000	0.000
379	  E	  0.6	  1.0	0.000	0.000	0.000
380	  S	  0.5	  1.1	0.000	0.000	0.000
381	  S	  0.5	  1.1	0.000	0.000	0.000
382	  T	  5.8	  0.2	0.000	0.000	0.000
383	  L	  5.6	  0.7	0.000	0.000	0.000
384	  S	  5.4	  0.5	0.000	0.000	0.000
385	  N	  0.1	  0.5	0.000	0.000	0.000
386	  F	  1.6	  0.5	0.000	0.000	0.000
387	  L	  1.7	  0.0	0.000	0.000	0.000
388	  K	  1.6	  0.4	0.000	0.000	0.000
389	  P	  0.1	  0.4	0.000	0.000	0.000
390	  S	  0.4	  2.8	0.180	0.000	0.000
391	  A	  0.4	  2.9	0.180	0.000	0.000
392	  D	  0.4	  2.6	0.336	0.000	0.000
393	  R	  0.2	  2.5	0.336	0.000	0.000
394	  E	  1.4	  0.1	0.336	0.000	0.000
395	  F	  5.9	  0.1	0.336	0.000	0.000
396	  S	  7.3	  0.0	0.156	0.000	0.000
397	  V	 12.2	  0.0	0.156	0.000	0.000
398	  H	  8.0	  0.0	0.156	0.000	0.000
399	  F	  6.4	  0.0	0.156	0.000	0.000
400	  P	  0.2	  0.0	0.000	0.000	0.000
401	  V	  4.8	  0.0	0.000	0.000	0.000
402	  L	  4.9	  0.0	0.000	0.000	0.000
403	  S	  4.9	  2.8	0.000	0.000	0.000
404	  P	  0.1	  2.9	0.000	0.000	0.000
405	  S	  0.2	  2.9	0.000	0.000	0.000
406	  S	  1.8	  2.9	0.000	0.000	0.000
407	  I	  2.0	  0.2	0.000	0.000	0.000
408	  E	  1.8	  0.1	0.000	0.000	0.000
409	  N	  0.1	  0.1	0.000	0.000	0.000
410	  E	  0.0	  0.1	0.000	0.000	0.000
411	  P	  0.0	  0.5	0.000	0.000	0.000
412	  P	  0.0	  0.7	0.000	0.000	0.000
413	  S	  0.1	  0.7	0.000	0.000	0.000
414	  S	  0.5	  0.7	0.000	0.000	0.000
415	  I	  0.7	  0.2	0.000	0.000	0.000
416	  Q	  0.9	  0.0	0.000	0.000	0.000
417	  S	  1.1	  0.0	0.000	0.000	0.000
418	  V	  3.1	  0.0	0.000	0.402	0.402
419	  A	  2.9	  0.1	0.000	0.402	0.402
420	  S	  2.6	  0.2	0.000	0.402	0.402
421	  S	  0.9	  0.2	0.146	0.402	0.402
422	  T	  3.4	  0.2	0.146	0.402	0.402
423	  I	  4.4	  0.1	0.146	0.402	0.402
424	  L	  4.2	  0.1	0.146	0.402	0.402
425	  S	  1.7	  0.1	0.146	0.000	0.000
426	  Q	  0.4	  0.1	0.146	0.000	0.000
427	  A	  0.2	  0.1	0.000	0.000	0.000
428	  A	  0.1	  0.2	0.000	0.000	0.000
429	  P	  0.0	  0.1	0.000	0.000	0.000
430	  L	  0.1	  0.1	0.000	0.000	0.000
431	  S	  0.1	  0.3	1.046	0.000	0.000
432	  P	  0.1	  0.3	1.046	0.000	0.000
433	  A	  0.1	  0.3	1.046	0.000	0.000
434	  Q	  0.1	  0.3	1.046	0.000	0.000
435	  A	  0.2	  0.3	1.046	0.000	0.000
436	  A	  0.9	  0.2	1.046	0.000	0.000
437	  S	  1.0	  0.1	0.689	0.000	0.000
438	  I	  0.9	  0.3	0.126	0.000	0.000
439	  P	  0.1	  0.3	0.000	0.000	0.000
440	  S	  0.2	  0.3	0.000	0.000	0.000
441	  S	  0.4	  0.3	0.000	0.000	0.000
442	  I	  2.1	  0.1	0.000	0.000	0.000
443	  L	  2.1	  0.0	0.000	0.000	0.000
444	  E	  1.8	  0.5	0.000	0.000	0.000
445	  P	  0.1	  0.7	0.000	0.000	0.000
446	  T	  0.2	  1.4	0.000	0.000	0.000
447	  G	  0.2	  1.5	0.000	0.000	0.000
448	  S	  0.3	  1.1	0.000	0.000	0.000
449	  S	  0.8	  0.9	0.000	0.000	0.000
450	  V	  3.0	  0.1	0.000	0.000	0.000
451	  A	  2.9	  0.1	0.000	0.000	0.000
452	  S	  2.3	  0.1	0.107	0.000	0.000
453	  E	  0.1	  0.1	0.107	0.000	0.000
454	  Y	  1.0	  0.1	0.107	0.000	0.000
455	  I	  1.6	  0.1	0.107	0.000	0.000
456	  S	  1.6	  1.7	0.107	0.000	0.000
457	  S	  0.7	  1.9	0.107	0.000	0.000
458	  N	  0.2	  2.0	0.107	0.000	0.000
459	  S	  5.5	  2.2	0.000	0.000	0.000
460	  L	  5.6	  0.6	0.000	0.000	0.000
461	  S	  6.1	  0.4	0.000	0.000	0.000
462	  Q	  0.8	  0.3	0.000	0.000	0.000
463	  I	  0.7	  0.0	0.000	0.000	0.000
464	  P	  0.2	  0.0	0.124	0.000	0.000
465	  V	  1.7	  0.0	0.124	0.000	0.000
466	  E	  1.6	  0.0	0.268	0.000	0.000
467	  A	  1.9	  0.0	0.268	0.000	0.000
468	  V	  0.9	  0.0	0.268	0.000	0.000
469	  D	  0.9	  0.2	0.268	0.000	0.000
470	  A	  0.7	  0.3	0.268	0.000	0.000
471	  K	  0.4	  0.3	0.268	0.000	0.000
472	  Q	  0.4	  0.3	0.000	0.000	0.000
473	  A	  0.4	  0.5	0.000	0.000	0.000
474	  P	  0.0	  0.5	0.000	0.000	0.000
475	  S	  0.8	  1.3	0.000	0.000	0.000
476	  S	  1.7	  2.2	0.000	0.000	0.000
477	  S	  1.7	  1.9	0.000	0.000	0.000
478	  S	  6.2	  2.0	0.000	0.000	0.000
479	  L	  5.6	  1.3	0.000	0.363	0.363
480	  S	  5.7	  0.5	0.000	0.363	0.363
481	  S	  0.7	  0.4	0.000	0.363	0.363
482	  I	  1.7	  0.1	0.000	0.363	0.363
483	  L	  1.6	  0.2	0.000	0.363	0.363
484	  S	  1.4	  0.2	0.000	0.000	0.000
485	  N	  0.2	  1.1	0.000	0.000	0.000
486	  T	  0.2	  1.2	0.000	0.000	0.000
487	  D	  0.3	  1.1	0.000	0.000	0.000
488	  N	  3.0	  1.0	0.596	0.000	0.000
489	  I	  3.9	  0.2	0.596	0.000	0.000
490	  E	  3.8	  0.0	0.596	0.000	0.000
491	  A	  1.3	  0.0	0.596	0.000	0.000
492	  I	  0.9	  0.1	0.596	0.000	0.000
493	  S	  1.0	  1.8	0.596	0.000	0.000
494	  S	  0.7	  1.8	0.266	0.000	0.000
495	  N	  0.5	  1.8	0.111	0.000	0.000
496	  L	  0.5	  1.8	0.000	0.000	0.000
497	  E	  0.5	  0.1	0.000	0.000	0.000
498	  Q	  0.4	  0.1	0.000	0.000	0.000
499	  A	  0.4	  0.1	0.000	0.000	0.000
500	  T	  0.4	  0.5	0.000	0.000	0.000
501	  P	  0.1	  0.5	0.000	0.000	0.000
502	  S	  0.1	  0.5	0.000	0.000	0.000
503	  R	  0.1	  0.5	0.000	0.000	0.000
504	  P	  0.1	  0.1	0.000	0.000	0.000
505	  V	  0.4	  0.2	0.000	0.000	0.000
506	  D	  0.4	  1.1	0.000	0.000	0.000
507	  N	  0.4	  1.1	0.000	0.000	0.000
508	  N	  0.1	  1.0	0.000	0.000	0.000
509	  A	  0.1	  0.9	0.000	0.000	0.000
510	  T	  0.2	  0.3	0.000	0.000	0.000
511	  P	  0.1	  0.3	0.000	0.000	0.000
512	  T	  0.3	  0.7	0.000	0.000	0.000
513	  A	  0.3	  0.8	0.000	0.000	0.000
514	  N	  0.3	  0.8	0.000	0.000	0.000
515	  S	  0.1	  0.9	0.000	0.000	0.000
516	  G	  0.1	  0.5	0.000	0.000	0.000
517	  T	  3.7	  0.4	0.000	0.000	0.000
518	  V	  6.2	  0.1	0.000	0.000	0.000
519	  L	  6.4	  0.1	0.000	0.000	0.000
520	  D	  2.9	  0.2	0.000	0.000	0.000
521	  S	  3.1	  1.1	0.000	0.000	0.000
522	  A	  3.0	  1.1	0.000	0.000	0.000
523	  S	  3.3	  1.0	0.102	0.000	0.000
524	  Q	  1.7	  1.0	0.102	0.000	0.000
525	  I	  2.5	  0.1	0.102	0.000	0.000
526	  N	  2.3	  0.1	0.265	0.000	0.000
527	  S	  2.5	  0.6	0.265	0.000	0.000
528	  Q	  1.6	  0.6	0.265	0.000	0.000
529	  S	  6.9	  0.7	0.163	0.000	0.000
530	  I	  6.5	  0.6	0.163	0.000	0.000
531	  S	  6.6	  1.9	0.862	0.000	0.000
532	  R	  1.3	  2.2	0.698	0.000	0.000
533	  D	  0.3	  2.1	0.847	0.000	0.000
534	  D	  0.1	  3.1	1.150	0.000	0.000
535	  A	  0.6	  1.5	1.150	0.000	0.000
536	  S	  1.1	  1.1	3.311	0.000	0.000
537	  Y	  1.4	  1.2	2.929	0.000	0.000
538	  A	  1.1	  0.1	2.613	0.000	0.000
539	  E	  1.2	  0.1	2.613	0.000	0.000
540	  I	  1.7	  0.1	2.613	0.000	0.000
541	  A	  1.6	  0.1	2.613	0.000	0.000
542	  Q	  1.0	  0.1	2.326	0.000	0.000
543	  S	  0.3	  0.1	0.986	0.000	0.000
544	  S	  5.0	  0.4	0.277	0.000	0.000
545	  V	 16.5	  0.3	0.000	0.000	0.000
546	  N	 17.4	  0.2	0.000	0.000	0.000
547	  V	 14.1	  0.3	0.000	0.000	0.000
548	  Q	  2.4	  0.1	0.000	0.000	0.000
549	  N	  1.2	  0.1	0.094	0.000	0.000
550	  S	  3.1	  1.5	0.094	0.000	0.000
551	  A	  3.0	  1.7	0.094	0.000	0.000
552	  S	  3.0	  1.7	0.094	0.000	0.000
553	  N	  0.2	  1.7	0.094	0.000	0.000
554	  F	  0.4	  0.6	0.094	0.000	0.000
555	  A	  0.4	  0.4	0.000	0.000	0.000
556	  N	  0.7	  0.4	0.000	0.000	0.000
557	  S	  0.6	  0.4	0.000	0.000	0.000
558	  V	  0.6	  0.2	0.000	0.000	0.000
559	  P	  0.2	  0.3	0.000	0.000	0.000
560	  S	  0.4	  2.7	0.000	0.000	0.000
561	  A	  0.4	  2.7	0.000	0.000	0.000
562	  D	  0.4	  4.5	0.000	0.000	0.000
563	  S	  0.1	  5.7	0.000	0.000	0.000
564	  S	  0.1	  3.3	0.000	0.000	0.000
565	  N	  2.2	  3.3	0.000	0.000	0.000
566	  T	  2.7	  1.3	0.000	0.000	0.000
567	  I	  2.7	  0.0	0.000	0.000	0.000
568	  P	  0.6	  0.0	0.000	0.000	0.000
569	  Q	  0.0	  0.2	0.000	0.000	0.000
570	  P	  0.0	  0.7	0.000	0.000	0.000
571	  E	  0.0	  0.8	0.000	0.000	0.000
572	  D	  0.1	  0.8	0.000	0.000	0.000
573	  N	  0.1	  0.6	0.000	0.000	0.000
574	  T	  0.1	  0.3	0.000	0.000	0.000
575	  P	  0.1	  0.2	0.000	0.000	0.000
576	  T	  2.4	  0.2	0.000	0.000	0.000
577	  T	  3.1	  0.3	0.000	0.000	0.000
578	  S	  3.4	  0.1	0.000	0.000	0.000
579	  T	 17.2	  0.1	0.000	0.000	0.000
580	  V	 16.8	  0.1	0.000	0.000	0.000
581	  S	 16.5	  0.1	0.690	0.000	0.000
582	  E	  2.3	  0.1	0.690	0.000	0.000
583	  F	  6.4	  0.1	0.690	0.000	0.000
584	  T	  8.7	  0.2	0.690	0.000	0.000
585	  A	  6.9	  0.4	0.690	0.000	0.000
586	  S	  2.6	  0.4	0.690	0.000	0.000
587	  N	  1.1	  0.5	0.299	0.000	0.000
588	  V	  9.1	  0.3	0.000	0.000	0.000
589	  D	  9.7	  0.4	0.000	0.000	0.000
590	  V	  9.7	  0.4	0.000	0.000	0.000
591	  S	  2.0	  0.3	0.000	0.000	0.000
592	  S	  2.5	  0.3	0.000	0.000	0.000
593	  V	 11.8	  0.0	0.000	0.000	0.000
594	  H	 15.6	  0.0	0.000	0.000	0.000
595	  I	 15.1	  0.0	0.000	0.000	0.000
596	  A	  5.3	  0.1	0.000	0.000	0.000
597	  S	  1.5	  1.8	0.000	0.000	0.000
598	  K	  0.6	  1.8	0.000	0.000	0.000
599	  D	  0.4	  6.1	0.000	0.000	0.000
600	  A	  0.1	  6.1	0.000	0.000	0.000
601	  D	  0.1	  4.4	0.000	0.000	0.000
602	  S	  0.1	  4.4	0.000	0.000	0.000
603	  S	  0.1	  4.9	0.000	0.000	0.000
604	  P	  0.0	  4.9	0.000	0.000	0.000
605	  N	  0.3	  4.9	0.000	0.000	0.000
606	  S	 10.3	  5.1	0.000	0.000	0.000
607	  V	 10.5	  0.3	0.000	0.000	0.000
608	  S	 10.3	  0.3	0.000	0.000	0.000
609	  N	  0.3	  0.9	0.000	0.000	0.000
610	  H	  0.1	  0.8	0.000	0.000	0.000
611	  D	  0.1	  0.9	0.000	0.000	0.000
612	  A	  0.2	  0.9	0.000	0.000	0.000
613	  L	  0.6	  0.4	0.000	0.000	0.000
614	  N	  0.8	  0.3	0.000	0.000	0.000
615	  S	  2.1	  0.1	0.000	0.000	0.000
616	  V	  2.0	  0.0	0.000	0.000	0.000
617	  A	  1.8	  0.3	0.000	0.000	0.000
618	  P	  0.4	  0.3	0.000	0.000	0.000
619	  S	  3.9	  0.6	0.000	0.000	0.000
620	  V	 11.6	  0.6	0.000	0.000	0.000
621	  D	 12.2	  0.5	0.000	0.000	0.000
622	  V	 12.5	  0.5	0.000	0.000	0.000
623	  D	  5.6	  0.2	0.000	0.000	0.000
624	  I	  7.5	  0.2	0.000	0.000	0.000
625	  V	  4.8	  0.1	0.000	0.000	0.000
626	  S	  3.9	  1.6	0.000	0.000	0.000
627	  S	  1.4	  1.8	0.000	0.000	0.000
628	  N	  0.7	  1.8	0.000	0.000	0.000
629	  S	  0.7	  1.7	0.000	0.000	0.000
630	  I	  0.6	  0.3	0.000	0.000	0.000
631	  P	  0.1	  0.1	0.000	0.000	0.000
632	  T	  0.8	  0.1	0.000	0.000	0.000
633	  Q	  1.3	  0.1	0.000	0.000	0.000
634	  V	  2.9	  0.0	0.000	0.000	0.000
635	  L	  2.2	  0.0	0.000	0.000	0.000
636	  T	  1.8	  0.0	0.000	0.000	0.000
637	  E	  0.2	  0.3	0.000	0.000	0.000
638	  P	  0.0	  0.4	0.000	0.000	0.000
639	  S	  0.1	  0.5	0.000	0.000	0.000
640	  S	  0.5	  0.5	0.000	0.000	0.000
641	  A	  0.5	  0.2	0.000	0.000	0.000
642	  V	  0.4	  0.0	0.000	0.000	0.000
643	  P	  0.0	  0.9	0.000	0.000	0.000
644	  P	  0.0	  0.9	0.000	0.000	0.000
645	  N	  0.0	  1.0	0.000	0.000	0.000
646	  V	  0.2	  1.0	0.000	0.000	0.000
647	  G	  0.3	  0.1	0.000	0.000	0.000
648	  F	  3.5	  0.1	0.000	0.000	0.000
649	  D	  4.0	  0.3	0.000	0.000	0.000
650	  I	  4.4	  0.3	0.000	0.000	0.000
651	  S	  1.2	  1.7	0.000	0.000	0.000
652	  S	  0.6	  1.7	0.000	0.000	0.000
653	  D	  0.9	  1.6	0.000	0.000	0.000
654	  I	 13.2	  1.6	0.000	0.000	0.000
655	  N	 13.3	  0.2	0.000	0.000	0.000
656	  I	 12.6	  0.4	0.000	0.000	0.000
657	  P	  0.2	  0.2	0.000	0.000	0.000
658	  S	  0.1	  1.6	0.000	0.000	0.000
659	  E	  0.1	  1.6	0.000	0.000	0.000
660	  N	  3.0	  1.4	0.000	0.000	0.000
661	  I	  3.4	  1.4	0.000	0.000	0.000
662	  E	  3.4	  0.2	0.000	0.000	0.000
663	  S	  0.6	  0.9	0.000	0.000	0.000
664	  D	  0.1	  2.3	0.000	0.000	0.000
665	  S	  0.1	  2.2	0.000	0.000	0.000
666	  N	  0.3	  2.1	0.000	0.714	0.714
667	  L	  2.0	  1.4	0.000	5.455	5.455
668	  V	  4.6	  0.0	0.000	5.618	5.618
669	  V	  6.9	  0.0	0.000	5.618	5.618
670	  T	  6.0	  0.1	0.000	5.618	5.618
671	  S	  5.3	  0.3	0.000	5.116	5.116
672	  T	  3.8	  0.3	0.000	1.425	1.425
673	  S	  3.0	  0.3	0.000	0.117	0.117
674	  R	  1.1	  0.5	0.000	0.000	0.000
675	  P	  0.0	  0.5	0.000	0.000	0.000
676	  S	  0.0	  0.7	0.091	0.000	0.000
677	  Q	  0.0	  0.8	0.091	0.000	0.000
678	  G	  0.1	  0.5	0.091	0.000	0.000
679	  T	 19.9	  0.3	0.091	0.000	0.000
680	  F	 21.2	  0.3	0.091	0.000	0.000
681	  Q	 21.2	  0.2	0.091	0.000	0.000
682	  N	  1.8	  0.2	0.091	0.000	0.000
683	  N	  0.1	  0.8	0.091	0.000	0.000
684	  P	  0.0	  0.7	0.000	0.000	0.000
685	  T	  0.7	  0.7	0.000	0.000	0.000
686	  N	  0.9	  0.8	0.115	0.000	0.000
687	  S	  1.1	  0.2	0.115	0.000	0.000
688	  R	  1.1	  0.2	0.115	0.000	0.000
689	  T	 12.6	  0.1	0.115	0.000	0.000
690	  I	 12.8	  0.1	0.115	0.000	0.000
691	  T	 12.7	  0.0	0.115	0.000	0.000
692	  N	  1.7	  0.0	0.115	0.000	0.000
693	  Q	  1.3	  0.0	0.115	0.000	0.000
694	  I	  0.8	  0.2	0.000	0.000	0.000
695	  P	  0.1	  0.4	0.000	0.000	0.000
696	  S	  0.1	  0.4	0.000	0.000	0.000
697	  S	  5.6	  0.4	0.000	0.000	0.000
698	  A	  5.6	  0.2	0.000	0.000	0.000
699	  S	  5.6	  0.0	0.000	0.000	0.000
700	  P	  0.0	  0.0	0.000	0.000	0.000
701	  P	  0.0	  0.0	0.000	0.000	0.000
702	  P	  0.0	  0.0	0.000	0.000	0.000
703	  A	  0.0	  0.0	0.000	0.000	0.000
704	  T	  0.1	  1.0	0.000	0.000	0.000
705	  P	  0.1	  1.0	0.000	0.000	0.000
706	  T	  0.0	  1.0	0.000	0.000	0.000
707	  G	  0.0	  1.2	0.176	0.000	0.000
708	  P	  0.0	  0.3	0.176	0.000	0.000
709	  K	  0.2	  0.3	0.176	0.000	0.000
710	  T	  5.6	  0.3	0.176	0.000	0.000
711	  L	  5.9	  0.2	0.176	0.000	0.000
712	  S	  5.7	  1.8	0.176	0.000	0.000
713	  S	  0.4	  1.9	0.000	0.000	0.000
714	  D	  0.1	  3.5	0.000	0.000	0.000
715	  E	  0.1	  3.4	0.000	0.000	0.000
716	  N	  0.1	  1.7	0.000	0.000	0.000
717	  W	  0.2	  1.7	0.000	0.000	0.000
718	  L	  0.2	  1.1	0.000	0.000	0.000
719	  P	  0.1	  1.3	0.000	0.000	0.000
720	  S	  0.0	  1.4	0.000	1.179	1.179
721	  G	  0.1	  1.4	0.000	1.344	1.344
722	  I	  2.3	  0.2	0.000	1.570	1.570
723	  I	  3.5	  0.0	0.000	1.570	1.570
724	  F	  4.8	  0.1	0.000	1.570	1.570
725	  Q	  2.8	  0.4	0.000	0.391	0.391
726	  S	  1.5	  0.4	0.000	0.226	0.226
727	  D	  0.1	  0.4	0.000	0.000	0.000
728	  F	  0.3	  0.2	0.000	1.400	1.400
729	  A	  0.4	  0.0	0.000	1.400	1.400
730	  T	  2.2	  0.0	0.000	1.400	1.400
731	  T	 17.4	  0.0	0.000	1.400	1.400
732	  V	 18.3	  0.1	0.000	1.400	1.400
733	  S	 17.1	  0.8	0.000	0.156	0.156
734	  S	  2.1	  0.8	0.000	0.000	0.000
735	  S	 12.3	  0.8	0.000	0.000	0.000
736	  F	 11.8	  0.7	0.000	0.000	0.000
737	  N	 11.6	  0.5	0.000	0.000	0.000
738	  P	  0.2	  0.5	0.000	0.000	0.000
739	  T	  1.0	  0.6	0.000	0.000	0.000
740	  A	  1.3	  0.7	0.000	0.000	0.000
741	  T	  4.5	  0.3	0.000	0.000	0.000
742	  K	  3.9	  0.2	0.000	0.000	0.000
743	  S	  3.8	  0.1	0.000	0.000	0.000
744	  L	  0.5	  0.6	0.000	0.000	0.000
745	  P	  0.1	  0.5	0.000	0.000	0.000
746	  Q	  0.5	  0.5	0.000	0.000	0.000
747	  F	  4.2	  0.5	0.000	0.000	0.000
748	  I	  4.2	  0.0	0.000	0.000	0.000
749	  A	  3.7	  0.0	0.000	0.000	0.000
750	  P	  0.0	  0.2	0.000	0.000	0.000
751	  P	  0.0	  0.2	0.000	0.000	0.000
752	  K	  1.8	  0.2	0.000	0.000	0.000
753	  M	  5.4	  0.2	0.000	0.000	0.000
754	  T	 20.0	  0.0	0.000	0.000	0.000
755	  V	 22.4	  0.0	0.000	0.000	0.000
756	  K	 19.0	  0.0	0.000	0.000	0.000
757	  S	  4.8	  3.4	0.000	0.000	0.000
758	  P	  0.0	  3.4	0.000	0.000	0.000
759	  N	  0.3	  3.4	0.000	0.293	0.293
760	  T	  1.0	  3.4	0.000	10.028	10.028
761	  T	  2.1	  0.0	0.114	25.145	25.145
762	  L	  2.1	  0.0	0.114	30.268	30.268
763	  V	 11.0	  0.0	0.114	31.050	31.050
764	  T	 10.3	  0.0	0.293	31.050	31.050
765	  I	 10.1	  0.0	0.293	30.419	30.419
766	  G	  0.6	  0.0	0.293	10.849	10.849
767	  L	  0.3	  0.2	0.293	9.359	9.359
768	  K	  0.1	  0.3	0.293	0.000	0.000
769	  Q	  0.1	  0.3	0.179	0.000	0.000
770	  G	  0.1	  0.4	0.179	0.365	0.365
771	  L	  1.7	  0.3	0.000	1.090	1.090
772	  N	  2.7	  0.2	1.232	1.216	1.216
773	  Y	  8.1	  0.1	1.232	4.343	4.343
774	  Q	  7.4	  0.0	1.232	4.343	4.343
775	  F	  7.2	  0.0	1.232	4.343	4.343
776	  L	  2.2	  0.1	1.232	4.343	4.343
777	  I	  1.3	  0.1	1.232	4.343	4.343
778	  D	  0.6	  0.1	1.232	0.000	0.000
779	  N	  0.2	  0.4	0.942	0.000	0.000
780	  P	  0.0	  0.3	0.000	0.000	0.000
781	  L	  0.3	  0.4	0.000	0.000	0.000
782	  S	  0.4	  0.5	0.000	0.000	0.000
783	  S	  0.6	  0.2	0.119	0.000	0.000
784	  A	  0.6	  0.2	0.119	0.170	0.170
785	  Q	  1.8	  0.0	0.119	0.372	0.372
786	  I	  1.8	  0.1	0.119	0.749	0.749
787	  F	  4.9	  0.1	0.119	0.749	0.749
788	  N	  3.8	  0.1	0.119	0.749	0.749
789	  F	  3.6	  0.1	0.119	0.749	0.749
790	  L	  0.3	  0.3	0.000	0.377	0.377
791	  P	  0.1	  0.3	0.000	0.201	0.201
792	  S	  0.5	  0.3	0.000	0.000	0.000
793	  V	  2.2	  0.3	0.000	0.000	0.000
794	  L	  8.3	  0.0	0.000	0.000	0.000
795	  T	  8.6	  0.0	0.000	0.000	0.000
796	  Y	  7.1	  0.0	0.000	0.000	0.000
797	  P	  0.8	  0.0	0.000	0.000	0.000
798	  F	  1.4	  0.1	0.000	0.000	0.000
799	  S	  1.7	  0.1	0.000	0.000	0.000
800	  S	  3.1	  0.1	0.000	0.000	0.000
801	  Y	  1.9	  0.1	0.000	0.000	0.000
802	  A	  1.6	  1.1	0.000	0.000	0.000
803	  P	  0.2	  1.2	0.000	0.000	0.000
804	  N	  0.2	  1.2	0.000	0.000	0.000
805	  D	  0.2	  1.2	0.000	0.000	0.000
806	  F	  0.2	  0.1	0.000	0.000	0.000
807	  P	  0.1	  0.0	0.000	0.000	0.000
808	  I	  1.2	  0.0	0.000	0.000	0.000
809	  N	  1.2	  0.0	0.000	0.000	0.000
810	  S	  1.5	  0.0	0.000	0.000	0.000
811	  L	  0.8	  0.1	0.000	0.000	0.000
812	  I	  0.8	  0.2	0.000	0.000	0.000
813	  D	  0.5	  2.5	1.940	0.000	0.000
814	  D	  0.1	  2.5	2.740	0.000	0.000
815	  N	  0.0	  2.5	3.067	0.000	0.000
816	  A	  0.1	  2.4	3.067	3.110	3.110
817	  L	  0.3	  0.1	3.067	3.110	3.110
818	  A	  0.6	  0.1	3.067	3.110	3.110
819	  F	  1.4	  0.1	2.786	3.110	3.110
820	  L	  1.4	  0.2	1.125	3.110	3.110
821	  D	  1.2	  1.6	0.545	0.000	0.000
822	  S	  0.3	  1.7	0.272	0.000	0.000
823	  N	  0.5	  1.5	0.272	0.000	0.000
824	  L	  0.9	  1.4	0.101	0.333	0.333
825	  F	  1.9	  0.0	0.101	0.333	0.333
826	  N	  1.5	  1.0	0.911	0.333	0.333
827	  A	  1.2	  1.0	0.911	0.333	0.333
828	  S	  0.5	  1.0	0.911	0.333	0.333
829	  T	 13.2	  1.0	0.911	0.333	0.333
830	  I	 17.0	  0.1	0.911	0.333	0.333
831	  S	 18.0	  0.0	0.911	0.200	0.200
832	  V	  6.8	  0.7	0.332	0.200	0.200
833	  H	  2.4	  0.7	0.332	0.000	0.000
834	  G	  1.0	  0.7	0.099	0.000	0.000
835	  I	  0.8	  0.7	0.000	0.000	0.000
836	  V	  0.7	  0.0	0.000	0.000	0.000
837	  P	  0.6	  0.0	0.000	0.000	0.000
838	  L	  1.5	  0.0	0.000	0.000	0.000
839	  L	  1.5	  0.0	0.000	0.000	0.000
840	  I	  1.6	  1.0	0.000	0.000	0.000
841	  P	  0.1	  1.1	0.000	0.000	0.000
842	  G	  0.0	  1.1	0.000	0.000	0.000
843	  H	  0.5	  1.1	0.000	0.000	0.000
844	  E	  0.9	  0.1	0.000	0.000	0.000
845	  F	  2.1	  0.0	0.000	79.844	79.844
846	  F	  2.9	  0.0	0.000	84.723	84.723
847	  V	  9.2	  0.0	0.000	84.723	84.723
848	  S	  8.6	  0.0	0.362	84.723	84.723
849	  V	 10.7	  0.0	0.362	84.723	84.723
850	  V	 20.4	  0.0	0.362	78.632	78.632
851	  E	 20.9	  0.0	0.362	0.000	0.000
852	  V	 20.6	  0.0	0.362	0.000	0.000
853	  Y	  4.6	  0.0	0.362	0.000	0.000
854	  F	  2.7	  0.9	0.000	0.000	0.000
855	  P	  0.1	  1.0	0.000	0.000	0.000
856	  N	  0.0	  1.0	0.000	0.000	0.000
857	  D	  0.0	  1.0	0.195	0.000	0.000
858	  L	  0.3	  0.2	0.195	0.000	0.000
859	  L	  0.6	  0.2	0.195	0.000	0.000
860	  D	  0.6	  0.3	3.404	0.000	0.000
861	  S	  5.4	  0.6	5.424	0.281	0.281
862	  L	  5.7	  0.6	5.424	2.528	2.528
863	  S	  5.8	  0.5	6.219	2.528	2.528
864	  A	  1.0	  0.4	6.219	2.528	2.528
865	  L	  0.7	  0.0	6.219	2.528	2.528
866	  I	  0.7	  0.1	5.609	2.528	2.528
867	  K	  0.5	  0.2	5.609	0.000	0.000
868	  D	  0.2	  2.3	1.852	0.000	0.000
869	  R	  0.1	  2.3	0.773	0.000	0.000
870	  N	  0.1	  2.8	0.210	0.000	0.000
871	  S	  0.2	  2.8	0.000	0.000	0.000
872	  S	  0.4	  0.7	0.000	0.000	0.000
873	  L	  0.9	  0.6	0.000	0.000	0.000
874	  Y	  1.2	  0.1	0.000	0.000	0.000
875	  S	  1.0	  0.0	0.000	0.000	0.000
876	  N	  0.5	  8.8	0.000	0.000	0.000
877	  P	  0.0	  8.9	0.000	0.000	0.000
878	  N	  0.0	  9.2	0.322	0.000	0.000
879	  D	  0.0	  9.3	1.070	0.000	0.000
880	  S	  4.8	  0.8	3.250	0.000	0.000
881	  L	  5.2	  0.8	3.365	0.371	0.371
882	  S	  5.3	  0.4	6.372	0.371	0.371
883	  A	  0.7	  0.4	6.372	0.371	0.371
884	  L	  0.2	  0.0	6.372	0.371	0.371
885	  A	  0.3	  0.0	6.259	0.371	0.371
886	  R	  0.8	  0.0	6.030	0.000	0.000
887	  L	  1.5	  0.0	4.302	0.000	0.000
888	  I	  1.6	  0.0	2.275	0.000	0.000
889	  D	  1.0	  2.0	2.275	0.000	0.000
890	  P	  0.2	  2.0	0.000	0.000	0.000
891	  S	  0.1	  2.0	0.000	0.000	0.000
892	  I	  0.1	  2.0	0.000	0.000	0.000
893	  P	  0.1	  0.1	0.000	0.000	0.000
894	  L	  0.2	  0.2	0.000	1.393	1.393
895	  T	  0.2	  0.2	0.000	1.393	1.393
896	  G	  0.2	  0.2	0.000	1.393	1.393
897	  L	  0.5	  0.1	0.000	1.393	1.393
898	  I	  1.7	  0.2	0.000	1.393	1.393
899	  S	  1.9	  1.4	0.000	0.155	0.155
900	  G	  1.5	  1.6	0.000	0.000	0.000
901	  S	  0.4	  1.6	0.000	0.000	0.000
902	  S	  1.8	  1.4	0.000	0.000	0.000
903	  I	  2.3	  0.2	0.000	0.000	0.000
904	  E	  2.3	  0.1	0.000	0.000	0.000
905	  S	  2.6	  0.4	0.000	0.000	0.000
906	  T	  2.1	  0.6	0.000	0.000	0.000
907	  S	  2.1	  0.9	0.000	0.000	0.000
908	  N	  0.2	  3.6	0.000	0.000	0.000
909	  S	  0.1	  3.3	0.000	0.000	0.000
910	  D	  0.0	  5.5	0.000	0.000	0.000
911	  A	  0.1	  5.3	0.000	0.000	0.000
912	  D	  0.5	  3.2	0.000	0.000	0.000
913	  Y	  1.7	  3.2	0.000	0.000	0.000
914	  N	  1.7	  2.8	0.000	0.000	0.000
915	  S	  1.2	  2.9	0.000	0.000	0.000
916	  D	  0.1	  5.7	0.000	0.000	0.000
917	  Q	  0.1	  5.8	0.000	0.000	0.000
918	  S	  0.1	  8.2	0.388	0.000	0.000
919	  G	  0.1	  8.1	0.388	0.000	0.000
920	  N	  0.6	  4.7	0.388	0.000	0.000
921	  T	  1.9	  4.6	0.584	0.000	0.000
922	  R	  2.1	  0.2	0.584	0.000	0.000
923	  Q	  1.7	  0.2	0.584	0.000	0.000
924	  S	  0.4	  0.4	0.196	0.000	0.000
925	  R	  0.3	  1.3	0.196	0.000	0.000
926	  K	  0.2	  1.4	0.196	0.000	0.000
927	  G	  0.1	  1.6	0.000	0.000	0.000
928	  K	  0.0	  1.4	0.000	0.000	0.000
929	  G	  0.0	  0.5	0.000	0.000	0.000
930	  L	  0.0	  0.8	0.000	0.000	0.000
931	  P	  0.0	  0.7	0.000	0.000	0.000
932	  S	  0.0	  0.8	0.000	0.000	0.000
933	  N	  0.3	  0.9	0.000	0.246	0.246
934	  L	  1.8	  0.5	0.000	0.959	0.959
935	  S	  2.4	  0.2	0.000	0.959	0.959
936	  I	  5.0	  0.2	0.000	1.188	1.188
937	  V	  3.6	  0.6	0.000	1.188	1.188
938	  G	  3.0	  0.6	0.000	0.942	0.942
939	  S	  2.4	  1.6	0.000	0.394	0.394
940	  L	  2.3	  2.0	0.000	0.394	0.394
941	  D	  2.4	  1.4	0.322	0.000	0.000
942	  N	  0.9	  2.0	0.322	0.000	0.000
943	  Y	  1.2	  1.1	0.322	0.000	0.000
944	  D	  1.1	  0.7	0.322	0.000	0.000
945	  K	  0.4	  0.7	0.322	0.000	0.000
946	  N	  0.0	  0.5	0.560	0.000	0.000
947	  P	  0.0	  0.6	0.238	0.000	0.000
948	  E	  0.1	  0.6	0.238	0.000	0.000
949	  K	  0.3	  0.6	0.795	0.000	0.000
950	  E	  0.4	  0.2	0.795	0.000	0.000
951	  E	  1.5	  0.1	0.795	0.000	0.000
952	  H	  1.6	  0.6	0.661	0.000	0.000
953	  K	  1.4	  0.6	0.661	0.000	0.000
954	  N	  0.3	  0.5	0.661	0.000	0.000
955	  R	  2.5	  0.5	0.265	0.000	0.000
956	  V	  6.0	  0.0	0.000	40.059	40.059
957	  I	  8.0	  0.0	0.000	40.258	40.258
958	  S	  6.2	  0.0	0.000	40.258	40.258
959	  I	 16.9	  0.0	0.000	40.258	40.258
960	  V	 15.1	  0.0	0.000	40.258	40.258
961	  L	 14.6	  0.1	0.000	2.605	2.605
962	  P	  0.4	  0.1	0.000	1.277	1.277
963	  T	  6.3	  0.1	0.000	0.000	0.000
964	  V	  6.7	  0.1	0.000	0.000	0.000
965	  L	  6.7	  0.3	0.108	0.000	0.000
966	  P	  0.4	  0.3	3.415	0.355	0.355
967	  L	  0.1	  0.4	3.415	28.823	28.823
968	  G	  0.1	  0.4	5.560	33.768	33.768
969	  L	  0.5	  0.0	5.560	88.667	88.667
970	  L	  1.0	  0.0	5.666	98.202	98.202
971	  F	  1.5	  0.0	6.118	99.858	99.858
972	  I	  2.0	  0.0	6.541	99.985	99.985
973	  W	  2.6	  0.0	6.672	99.997	99.997
974	  C	  2.5	  0.0	8.475	99.996	99.996
975	  L	  2.1	  0.0	8.330	99.998	99.998
976	  F	  1.8	  0.0	8.162	99.993	99.993
977	  F	  2.3	  0.0	7.186	99.927	99.927
978	  I	  4.6	  0.0	6.553	99.075	99.075
979	  L	  4.2	  0.0	6.553	89.273	89.273
980	  M	  3.4	  0.0	6.553	32.834	32.834
981	  S	  0.8	  0.1	6.153	3.655	3.655
982	  R	  0.6	  0.1	1.885	0.000	0.000
983	  T	  1.6	  0.2	0.547	0.000	0.000
984	  Q	  1.6	  0.2	0.547	0.000	0.000
985	  R	  1.7	  0.1	0.315	0.000	0.000
986	  R	  0.8	  0.2	0.125	0.000	0.000
987	  R	  0.6	  0.4	0.000	0.000	0.000
988	  K	  0.2	  0.8	0.000	0.000	0.000
989	  G	  0.1	  0.8	0.000	0.000	0.000
990	  N	  0.1	  0.6	0.000	0.000	0.000
991	  A	  0.9	  0.5	0.000	0.000	0.000
992	  T	  5.0	  0.0	0.000	0.000	0.000
993	  I	  5.5	  0.0	0.000	0.000	0.000
994	  E	  4.9	  0.1	0.000	0.000	0.000
995	  K	  0.8	  0.2	0.000	0.000	0.000
996	  S	  0.2	  0.2	0.000	0.000	0.000
997	  N	  1.9	  0.2	0.000	0.000	0.000
998	  I	  9.5	  0.1	0.000	0.000	0.000
999	  K	 10.7	  0.1	0.000	0.000	0.000
1000	  V	  9.4	  0.2	0.000	0.000	0.000
1001	  D	  1.8	  0.2	0.000	0.000	0.000
1002	  N	  0.6	  1.2	0.000	0.000	0.000
1003	  T	  0.3	  1.3	0.000	0.000	0.000
1004	  S	  0.3	  1.2	0.000	0.000	0.000
1005	  G	  0.1	  1.2	0.000	0.000	0.000
1006	  Y	  0.7	  0.3	0.000	0.000	0.000
1007	  H	  0.7	  1.2	0.000	0.000	0.000
1008	  D	  0.7	  8.0	0.000	0.000	0.000
1009	  N	  0.1	  8.3	0.000	0.000	0.000
1010	  G	  0.0	  8.4	0.000	0.000	0.000
1011	  R	  0.2	  7.5	0.000	0.000	0.000
1012	  S	  0.2	  0.6	0.000	0.000	0.000
1013	  N	  0.9	  0.4	0.000	0.000	0.000
1014	  Y	  1.1	  0.6	0.000	0.000	0.000
1015	  K	  1.1	  0.4	0.000	0.000	0.000
1016	  D	  0.5	  0.4	0.000	0.000	0.000
1017	  N	  4.1	  0.4	0.000	0.000	0.000
1018	  V	  7.1	  0.2	0.000	0.000	0.000
1019	  Y	  7.4	  1.9	0.000	0.000	0.000
1020	  D	  3.4	  1.9	0.000	0.000	0.000
1021	  G	  0.4	  1.9	0.000	0.000	0.000
1022	  I	  0.5	  1.9	0.000	0.000	0.000
1023	  L	  0.5	  0.1	0.000	0.000	0.000
1024	  D	  0.5	  0.3	0.150	0.000	0.000
1025	  E	  0.5	  0.3	0.150	0.000	0.000
1026	  K	  0.7	  0.3	0.150	0.000	0.000
1027	  H	  4.2	  0.2	0.150	0.000	0.000
1028	  Y	  5.1	  0.2	0.150	0.000	0.000
1029	  S	  5.8	  0.9	0.150	0.000	0.000
1030	  S	  2.5	  1.2	0.000	0.000	0.000
1031	  S	  1.0	  1.7	0.000	0.000	0.000
1032	  E	  0.1	  1.6	0.000	0.000	0.000
1033	  G	  0.0	  0.9	0.000	0.000	0.000
1034	  V	  0.3	  0.9	0.000	0.000	0.000
1035	  S	  0.3	  0.9	0.000	0.000	0.000
1036	  N	  0.3	  1.9	0.000	0.000	0.000
1037	  G	  0.0	  2.0	0.000	0.000	0.000
1038	  S	  0.2	  1.6	0.123	0.000	0.000
1039	  T	  0.7	  1.1	0.412	0.669	0.669
1040	  M	  0.7	  0.3	0.412	1.783	1.783
1041	  A	  0.6	  0.2	0.412	2.694	2.694
1042	  G	  0.1	  0.2	1.095	3.779	3.779
1043	  L	  0.3	  0.2	1.095	16.649	16.649
1044	  A	  0.4	  0.0	0.971	17.072	17.072
1045	  Y	  1.2	  0.0	0.971	17.572	17.572
1046	  A	  1.2	  0.0	0.971	17.712	17.712
1047	  F	  1.6	  0.1	0.971	17.878	17.878
1048	  N	  0.9	  0.1	0.527	5.241	5.241
1049	  N	  1.3	  0.1	0.411	4.852	4.852
1050	  F	  1.5	  0.1	0.125	4.852	4.852
1051	  V	  1.4	  0.0	0.000	4.649	4.649
1052	  G	  0.8	  0.1	0.000	0.219	0.219
1053	  G	  0.0	  1.2	0.000	0.000	0.000
1054	  P	  0.0	  1.2	0.000	0.000	0.000
1055	  N	  0.5	  1.2	0.000	0.000	0.000
1056	  M	  1.2	  1.1	0.000	0.000	0.000
1057	  Y	  2.6	  0.1	0.000	0.000	0.000
1058	  S	  2.3	  0.1	0.000	0.000	0.000
1059	  S	  9.0	  0.5	0.000	0.000	0.000
1060	  Y	  8.1	  0.6	0.000	0.000	0.000
1061	  D	  7.9	  0.8	0.482	0.000	0.000
1062	  T	  0.6	  1.0	0.590	0.000	0.000
1063	  G	  0.0	  0.6	0.702	0.000	0.000
1064	  A	  0.1	  0.5	0.702	0.000	0.000
1065	  L	  0.1	  0.5	0.702	0.000	0.000
1066	  A	  0.1	  0.4	0.702	0.000	0.000
1067	  D	  0.1	  0.5	0.702	0.000	0.000
1068	  S	  0.2	  0.5	0.244	0.000	0.000
1069	  T	  1.3	  0.2	0.000	0.000	0.000
1070	  L	  1.8	  0.1	0.000	0.000	0.000
1071	  Y	  3.1	  0.1	0.000	0.000	0.000
1072	  S	  2.9	  1.2	0.000	0.000	0.000
1073	  S	  2.4	  2.6	0.000	0.000	0.000
1074	  S	  1.0	  2.6	0.000	0.000	0.000
1075	  N	  0.1	  2.6	0.000	0.000	0.000
1076	  Q	  1.1	  1.5	0.000	0.000	0.000
1077	  L	  3.7	  0.1	0.000	0.000	0.000
1078	  Q	  3.8	  0.1	0.000	0.000	0.000
1079	  I	  2.8	  0.0	0.000	0.000	0.000
1080	  P	  0.1	  0.1	0.000	0.000	0.000
1081	  R	  0.1	  0.3	0.000	0.000	0.000
1082	  E	  0.1	  0.3	0.000	0.000	0.000
1083	  N	  0.3	  0.3	0.000	0.000	0.000
1084	  S	  0.2	  0.3	0.000	0.000	0.000
1085	  S	  0.2	  0.0	0.000	0.000	0.000
1086	  P	  0.0	  0.0	0.000	0.000	0.000
1087	  W	  0.0	  0.0	0.000	0.000	0.000
1088	  P	  0.0	  0.1	0.000	0.000	0.000
1089	  A	  0.3	  0.1	0.000	0.000	0.000
1090	  Q	  0.7	  0.1	0.000	0.000	0.000
1091	  Y	  1.5	  0.1	0.000	0.000	0.000
1092	  I	 10.8	  0.0	0.000	0.000	0.000
1093	  T	 10.4	  0.0	0.000	0.000	0.000
1094	  A	  9.7	  0.4	0.000	0.000	0.000
1095	  P	  0.1	  0.5	0.000	0.000	0.000
1096	  S	  0.1	  0.5	0.000	0.000	0.000
1097	  R	  0.3	  0.6	0.000	0.000	0.000
1098	  K	  0.5	  0.3	0.000	0.000	0.000
1099	  S	  0.7	  0.3	0.000	0.000	0.000
1100	  Q	  0.7	  0.3	0.000	0.000	0.000
1101	  H	  0.5	  0.3	0.000	0.000	0.000
1102	  S	  0.4	  0.3	0.000	0.000	0.000
1103	  T	  0.3	  0.2	0.000	0.000	0.000
1104	  E	  0.3	  0.2	0.000	0.000	0.000
1105	  E	  4.8	  0.1	0.000	0.000	0.000
1106	  V	  5.0	  0.1	0.000	0.000	0.000
1107	  S	  5.0	  0.0	0.470	0.000	0.000
1108	  P	  0.3	  0.0	0.470	0.000	0.000
1109	  I	 10.1	  0.0	0.470	0.000	0.000
1110	  T	 11.6	  0.0	0.470	0.000	0.000
1111	  L	 11.7	  0.0	0.470	0.000	0.000
1112	  V	  1.9	  0.0	0.470	0.000	0.000
1113	  P	  0.1	  0.0	0.000	0.000	0.000
1114	  R	 11.8	  0.0	0.000	0.000	0.000
1115	  I	 12.5	  0.0	0.000	0.000	0.000
1116	  D	 12.5	  1.3	0.000	0.000	0.000
1117	  S	  0.8	  1.3	0.251	0.000	0.000
1118	  D	  2.0	  1.3	0.713	0.000	0.000
1119	  V	  5.6	  1.3	0.713	0.000	0.000
1120	  Y	  7.2	  0.0	0.713	0.000	0.000
1121	  N	  5.5	  0.0	0.713	0.000	0.000
1122	  L	  2.0	  0.1	0.713	0.000	0.000
1123	  Q	  0.6	  0.1	0.713	0.000	0.000
1124	  K	  0.7	  0.1	0.384	0.000	0.000
1125	  Q	  0.6	  0.1	0.103	0.000	0.000
1126	  E	  0.4	  0.1	0.000	0.000	0.000
1127	  M	  0.4	  0.0	0.000	0.000	0.000
1128	  M	  0.3	  0.0	0.000	0.000	0.000
1129	  A	  0.3	  0.1	0.000	0.000	0.000
1130	  E	  0.1	  0.1	0.000	0.000	0.000
1131	  S	  7.6	  0.5	0.000	0.000	0.000
1132	  V	  7.9	  0.5	0.000	0.000	0.000
1133	  S	  7.9	  0.7	0.000	0.000	0.000
1134	  G	  0.5	  0.7	0.000	0.000	0.000
1135	  T	 28.4	  0.3	0.000	0.000	0.000
1136	  F	 30.5	  0.4	0.000	0.000	0.000
1137	  S	 30.5	  0.3	0.000	0.000	0.000
1138	  L	  3.5	  0.6	0.000	0.000	0.000
1139	  G	  0.1	  0.8	0.000	0.000	0.000
1140	  S	  0.0	  0.7	0.000	0.000	0.000
1141	  D	  1.2	  0.5	0.000	0.000	0.000
1142	  I	  2.1	  0.2	0.000	0.000	0.000
1143	  F	  3.1	  0.1	0.000	0.000	0.000
1144	  I	  2.1	  0.2	0.000	0.000	0.000
1145	  D	  1.1	  2.2	0.000	0.000	0.000
1146	  D	  0.1	  2.4	0.000	0.000	0.000
1147	  D	  0.0	  5.7	0.134	0.000	0.000
1148	  E	  0.0	  5.6	0.134	0.000	0.000
1149	  D	  0.0	  4.9	0.670	0.000	0.000
1150	  E	  0.0	  4.8	0.670	0.000	0.000
1151	  N	  2.3	  1.4	0.781	0.000	0.000
1152	  V	  3.6	  1.5	0.781	0.000	0.000
1153	  K	  3.6	  0.1	0.781	0.000	0.000
1154	  D	  1.4	  0.1	0.647	0.000	0.000
1155	  L	  1.7	  0.1	0.440	0.000	0.000
1156	  Q	  4.2	  0.0	0.313	0.000	0.000
1157	  I	  4.2	  0.1	0.000	0.000	0.000
1158	  E	  2.8	  0.1	0.000	0.000	0.000
1159	  D	  0.7	  0.6	0.000	0.000	0.000
1160	  V	  0.8	  0.6	0.000	0.000	0.000
1161	  D	  0.8	  0.6	1.710	0.000	0.000
1162	  E	  1.6	  0.6	1.955	0.000	0.000
1163	  F	  1.6	  0.2	3.660	0.000	0.000
1164	  D	  1.6	  0.2	19.732	0.000	0.000
1165	  E	  0.2	  0.1	21.795	0.000	0.000
1166	  E	  0.1	  0.1	22.737	0.000	0.000
1167	  L	  0.3	  0.1	22.737	0.000	0.000
1168	  Y	  1.0	  0.1	22.737	0.000	0.000
1169	  K	  1.0	  0.1	22.737	0.000	0.000
1170	  R	  1.1	  0.1	21.581	0.000	0.000
1171	  L	  0.6	  0.2	19.056	0.000	0.000
1172	  S	  0.7	  0.1	16.030	0.000	0.000
1173	  K	  2.8	  0.1	9.162	0.000	0.000
1174	  F	  3.9	  0.2	2.169	0.000	0.000
1175	  T	  4.1	  0.1	0.094	0.000	0.000
1176	  D	  2.7	  0.1	0.273	0.000	0.000
1177	  Y	  2.0	  0.4	0.273	0.000	0.000
1178	  R	  1.9	  0.4	0.179	0.000	0.000
1179	  D	  1.6	  1.1	0.179	0.000	0.000
1180	  V	  1.6	  1.1	0.179	0.000	0.000
1181	  N	  1.5	  0.7	0.179	0.000	0.000
1182	  N	  1.9	  0.7	0.000	0.000	0.000
1183	  I	  4.1	  0.0	0.000	0.000	0.000
1184	  S	  4.0	  0.0	0.000	0.000	0.000
1185	  L	  2.8	  0.0	0.000	0.000	0.000
