

TREE # 1

  0  0.0000   8483.137322  x:  0.18305   0.20593   0.00000   0.11068   0.10697   0.27019   0.07044   0.04457   0.16427   0.11607   0.05371   0.17096   0.19070   0.35677   0.36520   0.38271   0.41752   0.39880   0.36939   0.39292   0.33391   0.43606   0.38656   0.42702   0.44851   0.33445   0.47057   0.46796   0.45024  
  1 99.0000   7296.218359  x:  0.56066   0.58426   2.14965   0.44290   0.50016   0.55069   0.42131   0.66422   0.38934   0.53169   0.63755   0.49148   0.50963   0.75949   0.92028   0.38638   0.42268   0.39880   0.36566   0.37655   0.27286   0.43245   0.38498   0.38152   0.39575   0.34021   0.43423   0.42736   0.46196  
  2 4714.5734   7059.570460  x:  0.78661   0.80994   2.07805   0.25648   0.52813   0.82750   0.19442   0.43463   0.36207   0.48174   0.48383   0.62018   0.67212   1.07724   1.28811   0.38086   0.41895   0.12516   0.26180   0.21304   0.06494   0.35290   0.22041   0.13204   0.05708   0.20798   0.25162   0.20002   0.48736  
  3 326.1844   7039.434715  x:  0.81521   0.83840   2.06564   0.23701   0.53304   0.87167   0.16836   0.40553   0.36784   0.48858   0.46521   0.63631   0.69451   1.12082   1.32534   0.37787   0.41614   0.06058   0.25042   0.19339   0.11836   0.34382   0.19911   0.10162   0.03227   0.19388   0.22211   0.16148   0.49085  
  4 720.2738   7032.684639  x:  0.82870   0.85180   2.05790   0.22948   0.53499   0.89277   0.15790   0.39224   0.37399   0.49496   0.45648   0.64412   0.70594   1.14279   1.33997   0.37587   0.41425   0.03633   0.24584   0.18323   0.12644   0.33998   0.19044   0.09395   0.05818   0.18877   0.20735   0.14241   0.49307  
  5 597.6372   7026.265570  x:  0.84957   0.87243   2.03923   0.22553   0.53832   0.92968   0.14846   0.37300   0.39284   0.51412   0.44432   0.65638   0.72719   1.18255   1.35001   0.37074   0.40938   0.06867   0.24248   0.16788   0.14911   0.33578   0.18098   0.09074   0.07651   0.18755   0.18079   0.11191   0.49931  
  6 292.5615   7009.375449  x:  0.90588   0.92705   1.93536   0.27113   0.55663   1.05380   0.18326   0.34489   0.51686   0.62873   0.43219   0.70571   0.83072   1.32572   1.29700   0.33240   0.37244   0.05140   0.25773   0.12928   0.13624   0.33742   0.19923   0.15247   0.05618   0.24515   0.10329   0.09985   0.52023  
  7 175.3607   6997.659872  x:  0.96075   0.97983   1.83519   0.31328   0.58323   1.17705   0.21254   0.32509   0.58916   0.74462   0.41744   0.77972   0.93568   1.46758   1.23031   0.28344   0.32595   0.04824   0.27279   0.12557   0.12991   0.34012   0.22200   0.09224   0.05730   0.29683   0.17836   0.12054   0.53354  
  8 227.7125   6994.834584  x:  0.96725   0.98561   1.81767   0.32421   0.58996   1.19636   0.21898   0.33158   0.59992   0.77318   0.41617   0.78587   0.95074   1.49072   1.20367   0.26604   0.30978   0.04486   0.27723   0.13534   0.12058   0.34207   0.23430   0.06092   0.05484   0.31072   0.17829   0.09235   0.53042  
  9 150.6807   6993.284029  x:  0.97615   0.99315   1.81567   0.31173   0.59714   1.21392   0.19083   0.34504   0.58754   0.79947   0.40598   0.78256   0.96843   1.50916   1.17516   0.23229   0.27938   0.04301   0.27089   0.15410   0.11577   0.33837   0.24614   0.07524   0.05080   0.31239   0.18944   0.07391   0.50907  
 10 49.5449   6991.438185  x:  0.98875   1.00389   1.81687   0.29394   0.60096   1.23516   0.15028   0.36435   0.56672   0.83599   0.39247   0.76646   0.99397   1.53014   1.13514   0.18562   0.23742   0.04403   0.26203   0.16741   0.11197   0.33395   0.26151   0.06957   0.05048   0.31427   0.17587   0.08577   0.47466  
 11 138.9809   6990.294644  x:  1.01209   1.02695   1.82116   0.29866   0.57825   1.24668   0.14033   0.36799   0.52761   0.86918   0.38277   0.74177   1.01461   1.53781   1.09666   0.17251   0.22219   0.04249   0.26608   0.13221   0.10858   0.33965   0.26521   0.07291   0.04768   0.31782   0.18171   0.07757   0.42288  
 12 33.3229   6989.385822  x:  1.04610   1.06174   1.81876   0.31060   0.57209   1.25937   0.14389   0.35930   0.47922   0.89944   0.37222   0.70775   1.03695   1.54883   1.06785   0.18135   0.22463   0.04145   0.27571   0.15002   0.10550   0.35005   0.26053   0.07936   0.04678   0.32080   0.17678   0.07722   0.36323  
 13 41.1512   6989.165776  x:  1.05520   1.07065   1.81059   0.30409   0.56152   1.25220   0.15717   0.35716   0.46088   0.91495   0.38599   0.68329   1.03833   1.56409   1.08149   0.16910   0.21332   0.04147   0.27605   0.15576   0.10597   0.36387   0.25195   0.08284   0.04673   0.33191   0.17909   0.07690   0.35748  
 14  9.1458   6988.997252  x:  1.06665   1.08272   1.80315   0.29259   0.54715   1.23570   0.15169   0.37302   0.45838   0.94037   0.38702   0.65876   1.03601   1.58399   1.08846   0.17662   0.21811   0.04051   0.27366   0.16084   0.10545   0.38134   0.24609   0.08349   0.04544   0.33914   0.18449   0.07691   0.36297  
 15  9.0013   6988.885678  x:  1.07242   1.08864   1.79967   0.30003   0.54018   1.21888   0.14944   0.38184   0.46418   0.95714   0.37145   0.64955   1.03216   1.59499   1.09692   0.17145   0.21369   0.03999   0.27658   0.16476   0.10461   0.40031   0.22853   0.08373   0.04417   0.33427   0.18750   0.07789   0.36028  
 16  7.1013   6988.663093  x:  1.08711   1.10402   1.77855   0.31068   0.54170   1.19300   0.13165   0.41285   0.46725   0.96456   0.38289   0.67001   1.03110   1.61072   1.10195   0.16634   0.21186   0.04093   0.26903   0.16580   0.10475   0.44979   0.18516   0.08396   0.04398   0.34004   0.18336   0.07828   0.33879  
 17  5.1698   6988.277718  x:  1.11710   1.13561   1.73803   0.32655   0.55464   1.16559   0.13634   0.49676   0.43784   0.94819   0.36975   0.70735   1.03588   1.65340   1.10423   0.15469   0.20760   0.04217   0.24552   0.15888   0.10873   0.55521   0.13740   0.09022   0.04566   0.33334   0.16758   0.07988   0.33135  
 18 13.5364   6987.747185  x:  1.13536   1.15838   1.71989   0.36464   0.57726   1.19960   0.09667   0.51549   0.43878   0.91890   0.36087   0.69812   1.03721   1.67853   1.12090   0.14526   0.20484   0.04319   0.21806   0.14946   0.10824   0.71927   0.14927   0.09225   0.04639   0.35281   0.16748   0.07987   0.32529  
 19  5.3540   6987.413867  x:  1.14164   1.16813   1.72089   0.35976   0.58906   1.22769   0.09086   0.51158   0.44790   0.90585   0.35250   0.69188   1.04135   1.68966   1.10764   0.14250   0.20366   0.04310   0.18862   0.14619   0.10449   0.82032   0.13324   0.09171   0.04522   0.36206   0.16799   0.07930   0.32538  
 20 21.3415   6987.010523  x:  1.15167   1.18312   1.71583   0.32019   0.58646   1.25538   0.10291   0.50726   0.47593   0.89745   0.34530   0.70611   1.05077   1.69691   1.11048   0.14027   0.20084   0.04504   0.18602   0.14759   0.10202   0.92553   0.15049   0.08905   0.04395   0.35243   0.16638   0.07889   0.29557  
 21 12.5333   6986.214362  x:  1.16801   1.21011   1.71709   0.25993   0.56684   1.30825   0.09314   0.47762   0.48840   0.88470   0.35933   0.74178   1.08284   1.72137   1.08618   0.13461   0.19127   0.04480   0.27271   0.15600   0.09398   1.09416   0.16013   0.08888   0.04073   0.31884   0.15233   0.07744   0.30621  
 22 15.3923   6984.691096  x:  1.14049   1.20538   1.66660   0.28135   0.59970   1.39397   0.10478   0.44026   0.45993   0.97226   0.38828   0.76214   1.16006   1.75307   1.11964   0.16599   0.18907   0.04750   0.24647   0.14059   0.07727   1.09313   0.17736   0.09244   0.03326   0.27100   0.13459   0.07304   0.31327  
 23  2.5535   6982.353422  x:  1.19270   1.29469   1.63782   0.31932   0.54411   1.48000   0.13058   0.41949   0.53187   0.84116   0.32385   0.72395   1.31653   1.87319   1.14203   0.15149   0.17785   0.05358   0.24668   0.15610   0.07494   0.92823   0.16887   0.08030   0.03708   0.46001   0.13877   0.05648   0.28730  
 24  6.9108   6981.760981  x:  1.24848   1.36560   1.64109   0.32943   0.55390   1.48190   0.14044   0.36335   0.53356   0.83161   0.30856   0.75868   1.20451   1.94389   1.11410   0.12735   0.17276   0.05226   0.22959   0.15099   0.07372   0.87601   0.20023   0.08339   0.03622   0.51420   0.12962   0.06978   0.28513  
 25  5.8390   6981.458099  x:  1.25430   1.39008   1.62369   0.30552   0.60240   1.51841   0.14330   0.37933   0.52119   0.86187   0.28095   0.76495   1.16540   1.95177   1.13513   0.10243   0.20195   0.05363   0.26801   0.13085   0.07083   0.87565   0.18441   0.08613   0.03576   0.57145   0.12869   0.07403   0.27007  
 26  1.7970   6980.979083  x:  1.28321   1.44937   1.58960   0.31092   0.61283   1.54537   0.14401   0.39215   0.53595   0.87213   0.30148   0.75230   1.15335   1.98034   1.13998   0.05717   0.23195   0.05492   0.27051   0.12589   0.06876   0.88581   0.17862   0.08577   0.03587   0.55382   0.13325   0.07497   0.25734  
 27  2.3209   6979.579518  x:  1.30085   1.60971   1.51068   0.32928   0.61332   1.57394   0.13328   0.39081   0.53985   0.90906   0.32594   0.78032   1.15568   2.13357   1.16788   0.09052   0.14648   0.05970   0.26253   0.12196   0.06962   0.95367   0.18578   0.08733   0.03924   0.56279   0.12544   0.07652   0.20260  
 28  6.8160   6979.114791  x:  1.31664   1.67308   1.49336   0.33751   0.59036   1.54735   0.12628   0.35987   0.51967   0.94761   0.31315   0.83056   1.19605   2.15499   1.18442   0.06819   0.15304   0.06178   0.23463   0.13309   0.07289   0.98991   0.21075   0.08857   0.04094   0.59702   0.11075   0.07358   0.20896  
 29  7.8928   6979.028550  x:  1.29698   1.67204   1.49353   0.33974   0.58579   1.54345   0.12423   0.35145   0.51521   0.94902   0.31265   0.83570   1.20192   2.19171   1.18426   0.05775   0.17744   0.06162   0.23172   0.13373   0.07358   0.99706   0.21607   0.08897   0.04135   0.59923   0.10917   0.07320   0.19738  
 30  1.5787   6978.280717  x:  1.24223   1.86501   1.44116   0.34727   0.62288   1.55956   0.12095   0.33661   0.54402   0.97648   0.32507   0.81867   1.23290   2.26129   1.19897   0.03962   0.19650   0.06332   0.21113   0.12112   0.07404   1.02643   0.23827   0.08503   0.04309   0.60055   0.12630   0.06770   0.20848  
 31  1.1959   6978.069195  x:  1.22199   1.91962   1.42369   0.36661   0.55114   1.62967   0.11904   0.35976   0.54221   0.99268   0.32291   0.83794   1.20934   2.27907   1.21416   0.03542   0.20116   0.06351   0.19289   0.14825   0.06956   1.03558   0.22982   0.08698   0.04214   0.61213   0.12420   0.07117   0.20918  
 32  3.0048   6977.166160  x:  1.26666   2.15261   1.34487   0.39805   0.54144   1.69156   0.11580   0.34833   0.55868   1.00341   0.29916   0.84420   1.22276   2.50832   1.19985   0.00383   0.19224   0.06482   0.15704   0.15464   0.06564   1.07495   0.25544   0.08293   0.04054   0.68407   0.12972   0.06621   0.16701  
 33  0.7796   6976.726178  x:  1.24443   2.25738   1.31653   0.40071   0.55225   1.72955   0.11761   0.35000   0.56253   0.99793   0.29307   0.84501   1.22989   2.58799   1.19460   0.00010   0.18726   0.06556   0.16468   0.15101   0.06421   1.08300   0.25938   0.08087   0.03984   0.70856   0.12633   0.06525   0.15813  
 34  0.4929   6976.726178  x:  1.24443   2.25738   1.31653   0.40071   0.55225   1.72955   0.11761   0.35000   0.56253   0.99793   0.29307   0.84501   1.22989   2.58799   1.19460   0.00010   0.18726   0.06556   0.16468   0.15101   0.06421   1.08300   0.25938   0.08087   0.03984   0.70856   0.12633   0.06525   0.15813  
 35  0.7071   6976.523496  x:  1.24462   2.25775   1.31703   0.40085   0.55226   1.72978   0.11797   0.34983   0.56219   0.99778   0.29330   0.84473   1.23013   2.58853   1.19433   0.00218   0.18828   0.06977   0.16492   0.15105   0.06597   1.08302   0.25922   0.07966   0.03613   0.70862   0.12506   0.06731   0.16061  
 36 54.1359   6976.437274  x:  1.24490   2.25816   1.31765   0.40101   0.55224   1.73000   0.11848   0.34959   0.56187   0.99786   0.29358   0.84435   1.23033   2.58923   1.19405   0.00371   0.18885   0.07369   0.16519   0.15099   0.06589   1.08304   0.25899   0.07899   0.03851   0.70870   0.12337   0.06812   0.16323  
 37 40.9603   6976.416556  x:  1.24524   2.25844   1.31813   0.40110   0.55221   1.73021   0.11887   0.34927   0.56152   0.99784   0.29388   0.84401   1.23046   2.58989   1.19399   0.00314   0.18805   0.07459   0.16535   0.15090   0.06452   1.08306   0.25870   0.07848   0.03816   0.70879   0.12189   0.06713   0.16446  
 38 15.7903   6976.402415  x:  1.24584   2.25891   1.31887   0.40121   0.55223   1.73074   0.11937   0.34870   0.56100   0.99785   0.29440   0.84359   1.23079   2.59096   1.19384   0.00199   0.18654   0.07458   0.16558   0.15090   0.06546   1.08309   0.25819   0.07819   0.03831   0.70896   0.12023   0.06693   0.16542  
 39 12.9213   6976.391462  x:  1.24686   2.25992   1.32009   0.40135   0.55223   1.73155   0.11995   0.34779   0.56022   0.99787   0.29522   0.84321   1.23146   2.59264   1.19355   0.00204   0.18517   0.07388   0.16590   0.15084   0.06490   1.08314   0.25736   0.07836   0.03834   0.70924   0.11924   0.06838   0.16567  
 40  9.8365   6976.325620  x:  1.25531   2.26876   1.33026   0.40234   0.55231   1.73837   0.12372   0.34073   0.55388   0.99801   0.30112   0.84102   1.23609   2.60615   1.19113   0.00955   0.17830   0.06980   0.16833   0.15077   0.06477   1.08352   0.25086   0.08008   0.03824   0.71149   0.11604   0.06744   0.16473  
 41 17.8029   6976.220258  x:  1.27027   2.28386   1.34885   0.40276   0.55229   1.75039   0.12683   0.33150   0.54275   0.99835   0.30817   0.83921   1.24415   2.62996   1.18737   0.01539   0.16189   0.07085   0.17101   0.15064   0.06405   1.08412   0.24134   0.08045   0.03839   0.71510   0.12195   0.06651   0.16201  
 42 34.0986   6976.075609  x:  1.29357   2.30742   1.37762   0.39947   0.55202   1.76857   0.11964   0.33087   0.52914   0.99909   0.30705   0.83446   1.25613   2.66610   1.18384   0.02476   0.14027   0.07306   0.17007   0.15048   0.06310   1.08475   0.23506   0.08649   0.03804   0.71927   0.11947   0.06574   0.15336  
 43 27.1383   6975.934108  x:  1.31799   2.33185   1.40689   0.39662   0.55203   1.78715   0.11481   0.33637   0.51501   1.00009   0.30312   0.83042   1.26814   2.70398   1.18095   0.03442   0.12326   0.06791   0.16987   0.15109   0.06223   1.08546   0.23233   0.08265   0.03860   0.72326   0.12008   0.06524   0.15225  
 44 59.2114   6975.792499  x:  1.34758   2.35974   1.44133   0.39610   0.55230   1.80859   0.11871   0.34684   0.50343   1.00148   0.29997   0.82658   1.28165   2.74845   1.17838   0.03715   0.11402   0.06412   0.17344   0.15244   0.06123   1.08646   0.23168   0.09096   0.03770   0.72806   0.12320   0.06392   0.15361  
 45 44.2414   6975.402822  x:  1.42845   2.43277   1.53361   0.39488   0.55163   1.86550   0.13051   0.36917   0.47253   1.00561   0.29584   0.81557   1.31719   2.86531   1.17548   0.03113   0.11120   0.06073   0.18278   0.15222   0.05867   1.08918   0.22510   0.09258   0.03752   0.74130   0.12292   0.06207   0.13341  
 46 81.3367   6974.740331  x:  1.56982   2.55706   1.69278   0.38184   0.54779   1.96326   0.12009   0.38779   0.42878   1.01355   0.29227   0.79926   1.37753   3.06896   1.17548   0.01091   0.12634   0.04736   0.18399   0.14449   0.05485   1.09316   0.19669   0.10218   0.03676   0.76456   0.12845   0.05814   0.12165  
 47 130.0485   6974.633303  x:  1.59694   2.57919   1.72006   0.38082   0.55378   1.98081   0.11788   0.39143   0.43551   1.01676   0.29451   0.79930   1.38713   3.10695   1.18145   0.00906   0.12618   0.04583   0.18294   0.15765   0.05348   1.09392   0.18880   0.10095   0.03670   0.76917   0.12843   0.05770   0.11844  
 48 24.7226   6974.496980  x:  1.63408   2.60625   1.75084   0.38294   0.55307   2.00299   0.11994   0.39823   0.46169   1.02322   0.29908   0.80385   1.39758   3.15665   1.19727   0.01155   0.11914   0.04428   0.17990   0.14979   0.05321   1.09506   0.18032   0.09674   0.03648   0.77556   0.12814   0.05716   0.11364  
 49 18.5090   6974.393306  x:  1.67940   2.61606   1.74903   0.39843   0.55920   2.02431   0.12005   0.37701   0.47496   1.02938   0.28196   0.81418   1.40628   3.19547   1.19975   0.01177   0.11749   0.04455   0.17699   0.14732   0.05226   1.09679   0.19697   0.09469   0.03622   0.78216   0.12654   0.05695   0.11116  
 50  3.5496   6974.180505  x:  1.79352   2.63338   1.73438   0.42272   0.57100   2.07526   0.11153   0.34450   0.49664   1.04229   0.29251   0.83900   1.42639   3.28493   1.19980   0.01232   0.11434   0.04671   0.15418   0.14377   0.05004   1.10118   0.25916   0.09044   0.03579   0.80378   0.12276   0.05534   0.10577  
 51 19.2844   6973.885537  x:  1.96477   2.62238   1.69997   0.39090   0.53080   2.12346   0.12539   0.33053   0.50326   1.03992   0.28395   0.84318   1.43613   3.36813   1.23486   0.02026   0.10667   0.05110   0.14625   0.16275   0.04878   1.10923   0.27614   0.09041   0.03610   0.83276   0.12289   0.05551   0.10239  
 52  5.5350   6973.629157  x:  2.12706   2.60767   1.67236   0.38517   0.49658   2.16082   0.10976   0.33249   0.51571   1.03634   0.28514   0.84499   1.43960   3.43597   1.24658   0.02594   0.09984   0.05418   0.17940   0.17513   0.04733   1.11613   0.27899   0.08815   0.03651   0.85981   0.12313   0.05550   0.10007  
 53 24.2231   6973.034410  x:  2.50545   2.56802   1.63758   0.37877   0.49329   2.20978   0.11234   0.36738   0.55313   1.02331   0.27214   0.84453   1.42519   3.55445   1.18978   0.03810   0.08464   0.05919   0.16802   0.17402   0.04508   1.13115   0.23113   0.08078   0.03654   0.91623   0.12301   0.05572   0.09359  
 54 15.8533   6972.569476  x:  2.82812   2.56700   1.62652   0.41238   0.53974   2.21536   0.10483   0.39639   0.53913   1.00494   0.26994   0.84231   1.39646   3.62003   1.23049   0.04829   0.07053   0.06360   0.15523   0.15715   0.04624   1.14298   0.19579   0.08432   0.03769   0.96031   0.12485   0.05838   0.09530  
 55 17.1102   6971.810838  x:  3.28065   2.76422   1.64108   0.38174   0.53627   2.12769   0.10541   0.38131   0.56733   1.00479   0.26424   0.85024   1.30229   3.65646   1.21850   0.04419   0.04738   0.06705   0.16865   0.15882   0.05151   1.15889   0.21032   0.07808   0.03785   1.01167   0.12270   0.06493   0.09961  
 56  7.2624   6971.357683  x:  3.70259   2.74650   1.80588   0.34513   0.51609   1.95860   0.10983   0.31911   0.57785   1.02986   0.26826   0.86145   1.14958   3.85161   1.21957   0.06201   0.02225   0.05814   0.18977   0.17013   0.06042   1.16141   0.29859   0.07517   0.03713   0.99624   0.11929   0.07575   0.08876  
 57  3.0205   6971.033381  x:  4.01136   2.78131   1.91889   0.39489   0.44265   1.89682   0.11165   0.31349   0.56325   1.03147   0.27221   0.93441   1.14493   3.96017   1.21785   0.06886   0.00677   0.05264   0.15840   0.20091   0.06339   1.15816   0.30833   0.07745   0.03718   0.96548   0.10512   0.07622   0.08552  
 58  3.7250   6970.766018  x:  4.16153   2.80350   1.97178   0.39338   0.44583   1.88829   0.11398   0.30835   0.56822   1.03845   0.27526   0.91634   1.16648   4.01156   1.21947   0.07149   0.00010   0.05009   0.16044   0.20001   0.06376   1.15595   0.31804   0.07627   0.03701   0.94974   0.10816   0.07493   0.08433  
 59  5.4601   6970.766018  x:  4.16153   2.80350   1.97178   0.39338   0.44583   1.88829   0.11398   0.30835   0.56822   1.03845   0.27526   0.91634   1.16648   4.01156   1.21947   0.07149   0.00010   0.05009   0.16044   0.20001   0.06376   1.15595   0.31804   0.07627   0.03701   0.94974   0.10816   0.07493   0.08433  
 60  4.6061   6970.579174  x:  4.16163   2.80354   1.97184   0.39369   0.44624   1.88818   0.11438   0.30852   0.56816   1.03843   0.27537   0.91624   1.16647   4.01165   1.21934   0.07345   0.00246   0.04933   0.16065   0.20012   0.06038   1.15595   0.31803   0.07648   0.03701   0.94975   0.10807   0.07415   0.08560  
 61 76.7017   6970.517020  x:  4.16167   2.80359   1.97190   0.39411   0.44686   1.88813   0.11492   0.30873   0.56809   1.03840   0.27551   0.91611   1.16649   4.01177   1.21920   0.07260   0.00182   0.04770   0.16092   0.20032   0.05825   1.15596   0.31800   0.07674   0.03694   0.94976   0.10798   0.07337   0.08649  
 62 48.1689   6970.476412  x:  4.16188   2.80377   1.97220   0.39551   0.44902   1.88830   0.11656   0.30938   0.56779   1.03830   0.27599   0.91567   1.16664   4.01210   1.21854   0.07245   0.00260   0.04532   0.16185   0.20117   0.05937   1.15598   0.31789   0.07738   0.03690   0.94981   0.10780   0.07209   0.08795  
 63 20.4425   6970.378692  x:  4.16300   2.80474   1.97424   0.40256   0.45988   1.88898   0.12404   0.31259   0.56594   1.03774   0.27835   0.91345   1.16802   4.01364   1.21520   0.06970   0.00485   0.04610   0.16625   0.20475   0.05865   1.15605   0.31712   0.07917   0.03634   0.95007   0.10793   0.07300   0.08668  
 64 19.8711   6970.368557  x:  4.16326   2.80498   1.97474   0.40344   0.46162   1.88915   0.12401   0.31286   0.56536   1.03765   0.27846   0.91291   1.16832   4.01403   1.21461   0.06903   0.00527   0.04646   0.16626   0.20462   0.05859   1.15603   0.31672   0.07855   0.03742   0.95011   0.10793   0.07273   0.08695  
 65 12.6394   6970.334252  x:  4.16442   2.80600   1.97686   0.40655   0.46827   1.88985   0.12229   0.31359   0.56278   1.03705   0.27857   0.91058   1.16962   4.01569   1.21233   0.06652   0.00727   0.04689   0.16545   0.20321   0.05845   1.15593   0.31479   0.07527   0.03686   0.95024   0.10798   0.07189   0.08739  
 66 26.9507   6970.292851  x:  4.16605   2.80745   1.97979   0.41033   0.47675   1.89083   0.11888   0.31435   0.55972   1.03627   0.27855   0.90734   1.17159   4.01798   1.20930   0.06357   0.01044   0.04516   0.16367   0.20028   0.05819   1.15578   0.31197   0.07435   0.03748   0.95041   0.10837   0.07255   0.08572  
 67 39.0187   6970.210820  x:  4.16951   2.81053   1.98613   0.41776   0.49331   1.89291   0.11153   0.31581   0.55404   1.03453   0.27842   0.90051   1.17576   4.02299   1.20302   0.05693   0.01601   0.04529   0.15956   0.19270   0.05795   1.15545   0.30593   0.07772   0.03720   0.95079   0.10937   0.07371   0.08719  
 68 63.9398   6970.183606  x:  4.17084   2.81176   1.98861   0.42040   0.49860   1.89372   0.10979   0.31645   0.55200   1.03385   0.27838   0.89788   1.17715   4.02490   1.20102   0.05519   0.01746   0.04589   0.15823   0.18879   0.05786   1.15535   0.30362   0.07943   0.03703   0.95094   0.10976   0.07126   0.08604  
 69 37.7700   6970.088449  x:  4.17647   2.81753   1.99959   0.43011   0.51343   1.89726   0.11226   0.32039   0.54306   1.03085   0.27886   0.88716   1.18394   4.03357   1.19503   0.05558   0.01693   0.04529   0.15489   0.16500   0.05798   1.15518   0.29387   0.08034   0.03711   0.95171   0.11451   0.07070   0.08581  
 70 17.1366   6970.066507  x:  4.17832   2.81953   2.00327   0.43132   0.51772   1.89839   0.11268   0.32183   0.54083   1.02984   0.27841   0.88308   1.18622   4.03649   1.19448   0.05743   0.01518   0.04524   0.15373   0.16054   0.05794   1.15515   0.29064   0.08082   0.03717   0.95194   0.11121   0.07094   0.08568  
 71 13.4534   6970.007364  x:  4.18659   2.82869   2.01990   0.42815   0.53398   1.90320   0.11164   0.32804   0.53378   1.02545   0.27515   0.86934   1.19609   4.04975   1.19720   0.06840   0.00502   0.04532   0.14896   0.15766   0.05757   1.15511   0.27608   0.08311   0.03720   0.95300   0.11639   0.06964   0.08538  
 72  9.4207   6969.790414  x:  4.22630   2.86870   2.09579   0.39707   0.55027   1.92269   0.10790   0.36644   0.51669   1.00775   0.28632   0.81733   1.23973   4.11026   1.22311   0.06542   0.00736   0.04341   0.16962   0.14762   0.05716   1.15547   0.21725   0.08585   0.03817   0.95952   0.12552   0.06649   0.08416  
 73  7.8119   6969.722615  x:  4.24159   2.88390   2.12471   0.38620   0.55148   1.92962   0.11100   0.38019   0.51345   1.00274   0.27272   0.80434   1.25559   4.13341   1.22166   0.06181   0.01034   0.04246   0.17535   0.14593   0.05691   1.15565   0.20043   0.08631   0.03829   0.96073   0.12772   0.06550   0.08342  
 74 14.3156   6969.629742  x:  4.26834   2.91084   2.17526   0.36997   0.54891   1.94100   0.11164   0.40546   0.51201   0.99736   0.27498   0.79636   1.28129   4.17419   1.20092   0.06158   0.00973   0.04098   0.17331   0.14666   0.05624   1.15577   0.19187   0.08602   0.03826   0.96401   0.12895   0.06293   0.08172  
 75 10.2300   6969.523680  x:  4.30340   2.94630   2.24082   0.37156   0.54174   1.95434   0.10831   0.40366   0.51375   0.99375   0.27902   0.80275   1.30966   4.22762   1.18382   0.06465   0.00580   0.03904   0.18054   0.15096   0.05528   1.15571   0.17317   0.08577   0.03832   0.96778   0.12758   0.06043   0.07992  
 76 10.8096   6969.197600  x:  4.41828   3.06203   2.45303   0.39546   0.53200   1.99550   0.09572   0.40878   0.51306   0.98359   0.27306   0.82670   1.38805   4.40170   1.19481   0.06818   0.00010   0.03323   0.19035   0.15564   0.05361   1.15514   0.18848   0.08640   0.03878   0.97841   0.12481   0.05463   0.07544  
 77 18.6993   6969.011739  x:  4.48746   3.13129   2.57682   0.39630   0.53046   2.01860   0.11001   0.39652   0.51540   0.98057   0.27562   0.84038   1.42411   4.50557   1.20669   0.06043   0.00616   0.02985   0.17011   0.15932   0.05291   1.15495   0.19117   0.08598   0.03904   0.98496   0.12169   0.05261   0.07253  
 78 35.0408   6968.814750  x:  4.58440   3.23433   2.69050   0.39391   0.53822   2.03770   0.10724   0.38961   0.55856   1.00517   0.27592   0.81882   1.36610   4.64317   1.20205   0.06057   0.00380   0.02726   0.17840   0.15489   0.05201   1.15454   0.19759   0.07999   0.03797   0.99421   0.12541   0.05728   0.06877  
 79  4.4741   6968.584086  x:  4.70643   3.37488   2.74733   0.37160   0.53761   2.04858   0.10771   0.37746   0.49647   1.00719   0.27488   0.83515   1.30691   4.80126   1.19263   0.05894   0.00239   0.02692   0.19743   0.15763   0.05135   1.15405   0.20711   0.08896   0.03800   1.00477   0.12170   0.06242   0.06442  
 80  4.2613   6968.295818  x:  4.87251   3.58325   2.76305   0.37114   0.55404   2.05542   0.10707   0.40992   0.50952   1.00741   0.27208   0.90457   1.28458   4.99337   1.21214   0.05435   0.00346   0.02931   0.19235   0.14817   0.05178   1.15190   0.18350   0.08782   0.03796   1.01868   0.11176   0.06488   0.06009  
 81  6.3011   6967.931815  x:  5.06760   3.86652   2.76261   0.40251   0.52446   2.06753   0.11523   0.37375   0.53807   1.00688   0.27383   0.84935   1.32430   5.16780   1.20931   0.04481   0.00827   0.03218   0.17591   0.16855   0.05168   1.14848   0.21343   0.08298   0.03813   1.04335   0.11878   0.06309   0.05690  
 82  5.4417   6967.323941  x:  5.23928   4.39080   2.94134   0.34027   0.57512   2.08212   0.11942   0.33284   0.54581   1.06101   0.27189   0.89582   1.30493   5.18098   1.21193   0.03707   0.01305   0.03098   0.22104   0.14273   0.05157   1.14271   0.24813   0.08275   0.03615   1.08083   0.11179   0.06544   0.06258  
 83  2.2511   6967.057080  x:  5.24964   4.70204   3.07110   0.40575   0.52826   2.05550   0.11906   0.37811   0.52112   1.02622   0.27144   0.89370   1.23772   5.25030   1.22340   0.03058   0.02020   0.02900   0.17841   0.17147   0.05372   1.13532   0.21603   0.08585   0.03759   1.09862   0.11110   0.07114   0.06393  
 84  3.7221   6966.700133  x:  5.20744   5.13275   3.23634   0.36352   0.56857   1.97900   0.11964   0.34058   0.55216   0.96732   0.27161   0.88645   1.24238   5.52069   1.21272   0.02839   0.02444   0.02721   0.21313   0.14865   0.05688   1.12638   0.24764   0.08185   0.03972   1.12722   0.11322   0.06995   0.05904  
 85  2.4449   6966.036067  x:  5.49914   5.88013   3.65510   0.33532   0.60441   1.74054   0.11566   0.34824   0.52976   1.09475   0.27109   0.85270   1.27982   6.03981   1.21423   0.03103   0.01732   0.02168   0.24087   0.12856   0.06688   1.10788   0.24699   0.08501   0.03513   1.17456   0.11986   0.06521   0.05039  
 86  3.7360   6965.880000  x:  5.62455   6.08190   3.76960   0.32949   0.61259   1.71198   0.11498   0.34538   0.53893   1.04966   0.27120   0.84644   1.27286   6.16218   1.21049   0.03415   0.01188   0.02023   0.24738   0.12418   0.06803   1.10158   0.25046   0.08366   0.03680   1.18716   0.12111   0.06517   0.04870  
 87  5.6283   6965.601954  x:  5.84426   6.60779   3.93920   0.35152   0.58810   1.93566   0.11399   0.36533   0.52178   1.09007   0.26927   0.83883   1.25723   6.41828   1.21686   0.03264   0.00966   0.01975   0.23283   0.13968   0.05885   1.09330   0.23688   0.08544   0.03530   1.21943   0.12142   0.06574   0.04569  
 88  1.9543   6965.324561  x:  6.04343   7.13926   4.11438   0.34200   0.59037   2.10041   0.11225   0.36980   0.53094   1.00242   0.26649   0.84261   1.22500   6.61215   1.21326   0.01881   0.01937   0.01870   0.24084   0.13707   0.05129   1.09239   0.23600   0.08322   0.03854   1.25399   0.12025   0.06773   0.04436  
 89  2.6696   6965.052896  x:  6.16721   7.63157   4.19934   0.32823   0.59792   2.05962   0.11218   0.37000   0.53285   0.99669   0.26500   0.83557   1.25011   6.70516   1.21023   0.01695   0.01814   0.02060   0.25061   0.13284   0.05185   1.08030   0.23545   0.08200   0.03877   1.27985   0.12092   0.06621   0.04518  
 90  1.2151   6964.526579  x:  6.32697   9.20508   4.83954   0.33116   0.58536   1.79977   0.11585   0.35529   0.53449   1.03176   0.26148   0.85513   1.34380   7.34552   1.21131   0.01002   0.02115   0.01698   0.25362   0.14440   0.06163   1.05495   0.23791   0.08000   0.03760   1.34986   0.11567   0.06202   0.04079  
 91  1.6523   6964.288177  x:  6.48227  10.02598   5.17650   0.31268   0.60272   1.81003   0.11691   0.34818   0.53883   1.02950   0.26254   0.86374   1.35660   7.75413   1.20857   0.01169   0.01710   0.01542   0.27231   0.13372   0.06104   1.02955   0.24212   0.07956   0.03759   1.36019   0.11458   0.06109   0.03703  
 92  2.3059   6964.092295  x:  6.49354  10.58152   5.43413   0.31877   0.60432   1.90116   0.11783   0.35280   0.53748   1.01664   0.26605   0.86473   1.33157   7.97100   1.20684   0.01559   0.01307   0.01426   0.27200   0.12882   0.05760   1.01188   0.23480   0.08076   0.03793   1.33629   0.11547   0.06212   0.03672  
 93  1.4603   6963.863720  x:  6.49838  11.28333   5.69680   0.31868   0.60745   2.04725   0.11844   0.35735   0.53711   0.98979   0.27043   0.86067   1.28220   8.34224   1.20416   0.01537   0.01281   0.01461   0.27509   0.12206   0.05246   0.99061   0.22704   0.08248   0.03873   1.30050   0.11778   0.06413   0.03381  
 94  2.0978   6963.667255  x:  6.55311  12.12703   6.06704   0.32571   0.58474   2.07304   0.11786   0.36774   0.53160   0.96648   0.26951   0.85649   1.22599   8.64208   1.20450   0.01222   0.01422   0.01306   0.26767   0.13530   0.05220   0.95795   0.21430   0.08455   0.03956   1.29983   0.11904   0.06722   0.03359  
 95  1.7160   6963.498392  x:  6.57509  12.92794   6.39554   0.32486   0.57066   2.04233   0.11752   0.37336   0.52939   0.96480   0.26617   0.85328   1.20739   9.00500   1.20547   0.01462   0.01119   0.01284   0.26609   0.14565   0.05353   0.91646   0.20716   0.08551   0.03973   1.31359   0.11946   0.06842   0.03185  
 96  2.6776   6963.317766  x:  6.63365  14.32556   7.00227   0.32312   0.57217   2.04906   0.11759   0.37698   0.52627   1.02351   0.26223   0.85472   1.27373   9.60230   1.20763   0.01400   0.01015   0.01124   0.26813   0.14484   0.05338   0.85173   0.20599   0.08533   0.03782   1.31802   0.11822   0.06538   0.02942  
 97  2.0493   6963.177774  x:  6.62531  14.90047   7.23267   0.32912   0.57470   2.00719   0.11782   0.37342   0.52652   1.05426   0.26187   0.85766   1.32271   9.82662   1.20793   0.01355   0.01014   0.01160   0.26202   0.14297   0.05516   0.82534   0.21160   0.08425   0.03683   1.28718   0.11665   0.06326   0.02936  
 98  1.5359   6963.005128  x:  6.66502  16.53303   7.93323   0.33877   0.57807   1.92314   0.11993   0.36273   0.53127   1.02261   0.26967   0.85390   1.33055  10.55510   1.20314   0.01104   0.01045   0.01024   0.25382   0.14021   0.05833   0.78307   0.22138   0.08229   0.03784   1.18676   0.11658   0.06294   0.02620  
 99  2.3480   6962.899428  x:  6.60797  17.44807   8.36890   0.33551   0.58414   1.90060   0.12145   0.35588   0.53547   1.00013   0.27555   0.85133   1.32373  10.96913   1.20146   0.01304   0.00878   0.00947   0.25324   0.13701   0.05895   0.75328   0.22875   0.08126   0.03853   1.09910   0.11704   0.06312   0.02515  
100  4.0058   6962.778956  x:  6.50136  18.09267   8.72385   0.31727   0.59703   1.92448   0.12275   0.34979   0.54014   0.98381   0.28116   0.84596   1.29236  11.26495   1.20405   0.01508   0.00801   0.00888   0.26003   0.13238   0.05717   0.75547   0.23902   0.08080   0.03902   0.98145   0.11931   0.06395   0.02531  
101  0.9284   6962.676556  x:  6.41584  19.02522   9.15857   0.32977   0.58699   1.93631   0.12291   0.34902   0.53963   0.98197   0.28534   0.84208   1.26375  11.74732   1.20490   0.01706   0.00677   0.00897   0.24706   0.13801   0.05591   0.77729   0.24223   0.08127   0.03914   0.87027   0.12105   0.06507   0.02385  
102  1.7559   6962.588026  x:  6.41035  20.17966   9.68330   0.34606   0.57424   1.93577   0.12111   0.34943   0.53746   0.98848   0.28770   0.84100   1.25556  12.28962   1.20379   0.01583   0.00711   0.00840   0.23504   0.14291   0.05598   0.79781   0.24358   0.08193   0.03902   0.81310   0.12181   0.06553   0.02230  
103  1.8443   6962.482350  x:  6.26524  21.64025  10.44155   0.36618   0.55756   1.93851   0.11618   0.34591   0.53794   0.99356   0.29195   0.84174   1.28224  13.02444   1.20106   0.01850   0.00581   0.00756   0.21999   0.14729   0.05699   0.84389   0.24865   0.08197   0.03896   0.79738   0.12129   0.06477   0.02108  
104  1.4804   6962.438923  x:  6.20236  21.83518  10.57150   0.37094   0.55122   1.94695   0.11328   0.34505   0.53834   0.99526   0.29211   0.84342   1.29441  13.15829   1.20084   0.01972   0.00554   0.00770   0.21614   0.14945   0.05719   0.89043   0.24948   0.08198   0.03890   0.84063   0.12060   0.06446   0.02118  
105  0.8576   6962.376351  x:  6.07881  23.36655  11.33155   0.36288   0.55094   1.96888   0.10994   0.34121   0.54012   1.00088   0.29296   0.84527   1.29398  13.94450   1.20279   0.02153   0.00478   0.00723   0.21526   0.15105   0.05644   0.97590   0.25486   0.08160   0.03856   0.84429   0.11973   0.06450   0.01952  
106  2.2869   6962.316244  x:  5.98635  24.69804  12.00704   0.36289   0.55561   1.97435   0.10798   0.34157   0.53912   1.00376   0.28957   0.84735   1.27739  14.60489   1.20318   0.02222   0.00465   0.00652   0.21138   0.15009   0.05559   1.10402   0.25465   0.08129   0.03827   0.85846   0.11888   0.06506   0.01860  
107  1.8980   6962.260803  x:  5.83237  25.49266  12.46037   0.36371   0.56472   1.95497   0.10676   0.34408   0.53885   0.99542   0.28444   0.84728   1.26037  15.07452   1.20168   0.02501   0.00394   0.00645   0.21049   0.14588   0.05570   1.24234   0.25175   0.08115   0.03850   0.86244   0.11924   0.06550   0.01823  
108  0.9594   6962.233727  x:  5.79047  26.03567  12.72605   0.36035   0.57028   1.93334   0.10570   0.34635   0.53923   0.98839   0.27998   0.84770   1.26535  15.37246   1.20111   0.02534   0.00396   0.00647   0.21527   0.14306   0.05657   1.32071   0.24787   0.08124   0.03884   0.92334   0.11953   0.06520   0.01775  
109  1.0868   6962.205720  x:  5.67236  27.31095  13.37750   0.36315   0.57124   1.91981   0.10268   0.34847   0.53901   0.98545   0.27683   0.84860   1.27364  16.04797   1.20052   0.02690   0.00353   0.00611   0.21509   0.14199   0.05725   1.45196   0.24428   0.08147   0.03907   0.98376   0.11960   0.06487   0.01673  
110  3.9981   6962.175142  x:  5.55077  28.38490  13.96257   0.36539   0.57039   1.92899   0.10012   0.35385   0.53597   0.99597   0.27512   0.85171   1.28593  16.63728   1.20196   0.02874   0.00319   0.00568   0.21791   0.14257   0.05715   1.60772   0.23521   0.08235   0.03888   1.05698   0.11898   0.06455   0.01630  
111  1.6033   6962.156744  x:  5.51745  28.74997  14.15039   0.35890   0.57116   1.94971   0.10140   0.35674   0.53467   1.00118   0.27628   0.85301   1.28321  16.85519   1.20185   0.02924   0.00319   0.00568   0.22492   0.14346   0.05634   1.66911   0.22985   0.08254   0.03860   1.06798   0.11827   0.06479   0.01615  
112  0.3592   6962.143494  x:  5.39904  29.92041  14.75329   0.35317   0.57523   1.95350   0.10060   0.35950   0.53445   0.99801   0.27455   0.85338   1.27775  17.50157   1.20079   0.03090   0.00287   0.00547   0.23129   0.14246   0.05612   1.81576   0.22530   0.08246   0.03860   1.09531   0.11791   0.06503   0.01538  
113  2.0099   6962.133910  x:  5.28649  31.08848  15.35314   0.35015   0.58146   1.92967   0.09878   0.36067   0.53606   0.98336   0.27318   0.84922   1.27465  18.14212   1.19911   0.03228   0.00268   0.00520   0.23846   0.13951   0.05705   1.98081   0.22510   0.08187   0.03907   1.09721   0.11868   0.06504   0.01482  
114  0.9218   6962.125840  x:  5.25887  31.40274  15.50681   0.34740   0.58464   1.92305   0.09803   0.35786   0.53724   0.98569   0.27612   0.84844   1.27597  18.32554   1.19994   0.03265   0.00266   0.00520   0.24289   0.13818   0.05727   2.03792   0.23092   0.08156   0.03906   1.04086   0.11905   0.06490   0.01477  
115  0.3254   6962.117771  x:  5.15202  32.69049  16.15022   0.34286   0.58770   1.92946   0.09678   0.35484   0.53816   0.99462   0.28031   0.85025   1.27977  19.03146   1.20102   0.03398   0.00247   0.00498   0.24965   0.13757   0.05697   2.20411   0.23557   0.08146   0.03883   0.97858   0.11885   0.06474   0.01411  
116  1.6557   6962.114551  x:  5.08850  33.48471  16.54095   0.34295   0.58664   1.93292   0.09695   0.35029   0.54111   0.99038   0.28457   0.84793   1.28418  19.46696   1.20035   0.03463   0.00240   0.00483   0.25070   0.13818   0.05686   2.30595   0.24096   0.08107   0.03895   0.90257   0.11928   0.06460   0.01378  
117  0.7929   6962.112626  x:  5.07128  33.62191  16.60466   0.34415   0.58495   1.93392   0.09681   0.35052   0.54092   0.98912   0.28689   0.84466   1.28319  19.55012   1.19987   0.03482   0.00238   0.00484   0.24860   0.13862   0.05687   2.33516   0.24112   0.08113   0.03895   0.86958   0.11986   0.06464   0.01377  
118  0.1608   6962.110874  x:  5.03880  34.10235  16.82619   0.34570   0.58394   1.93057   0.09601   0.35258   0.53955   0.98989   0.28913   0.84186   1.28022  19.80683   1.19959   0.03495   0.00238   0.00478   0.24608   0.13864   0.05701   2.40532   0.23923   0.08129   0.03890   0.84715   0.12041   0.06472   0.01356  
119  0.4822   6962.109470  x:  4.99055  34.61727  17.07743   0.34652   0.58368   1.92916   0.09544   0.35364   0.53914   0.98992   0.29025   0.84101   1.28021  20.09305   1.19965   0.03545   0.00231   0.00471   0.24464   0.13861   0.05705   2.48437   0.23779   0.08131   0.03890   0.83935   0.12060   0.06469   0.01334  
120  1.3548   6962.106645  x:  4.90876  35.53653  17.50878   0.35241   0.57966   1.93193   0.09537   0.35480   0.53889   0.98943   0.29070   0.84300   1.28483  20.60288   1.20026   0.03603   0.00226   0.00458   0.23510   0.14009   0.05687   2.62941   0.23383   0.08132   0.03896   0.85284   0.12034   0.06444   0.01299  
121  0.9732   6962.104112  x:  4.88570  35.79369  17.61205   0.35703   0.57634   1.93748   0.09568   0.35377   0.53872   0.99116   0.28742   0.84569   1.28771  20.74932   1.20044   0.03597   0.00228   0.00457   0.22783   0.14141   0.05666   2.67616   0.23395   0.08152   0.03893   0.87485   0.11985   0.06428   0.01293  
122  0.1921   6962.102762  x:  4.82429  36.48721  17.93591   0.36016   0.57431   1.93907   0.09514   0.35363   0.53808   0.99237   0.28560   0.84531   1.28640  21.13568   1.20016   0.03640   0.00224   0.00448   0.22416   0.14213   0.05663   2.78050   0.23476   0.08173   0.03887   0.88331   0.11989   0.06433   0.01265  
123  0.8918   6962.101294  x:  4.79832  36.71930  18.03048   0.36361   0.57218   1.93869   0.09476   0.35448   0.53687   0.99254   0.28091   0.84617   1.28002  21.27282   1.20009   0.03641   0.00225   0.00445   0.22131   0.14296   0.05669   2.81955   0.23518   0.08195   0.03882   0.94811   0.11960   0.06471   0.01259  
124  0.2251   6962.099831  x:  4.73369  37.37725  18.32542   0.36328   0.57238   1.93811   0.09419   0.35230   0.53848   0.99009   0.28072   0.84954   1.27565  21.65166   1.20076   0.03678   0.00223   0.00439   0.22229   0.14310   0.05670   2.91810   0.23841   0.08151   0.03889   0.96799   0.11893   0.06504   0.01232  
125  0.4085   6962.098117  x:  4.67417  37.86596  18.52735   0.35929   0.57559   1.93734   0.09415   0.34966   0.54008   0.99246   0.28050   0.85217   1.27525  21.94394   1.20123   0.03695   0.00224   0.00433   0.22664   0.14192   0.05670   2.99650   0.24208   0.08111   0.03886   0.98487   0.11843   0.06509   0.01220  
126  0.2786   6962.095769  x:  4.52890  39.24797  19.12809   0.35988   0.57636   1.93692   0.09372   0.34918   0.54011   0.99366   0.27822   0.85182   1.27809  22.74421   1.20088   0.03753   0.00222   0.00419   0.22531   0.14137   0.05670   3.21286   0.24294   0.08120   0.03884   1.01278   0.11849   0.06492   0.01171  
127  1.1108   6962.092591  x:  4.35610  40.62455  19.68299   0.35804   0.57946   1.93473   0.09328   0.35116   0.53940   0.99162   0.27729   0.84823   1.28493  23.57833   1.19979   0.03790   0.00226   0.00411   0.22805   0.13983   0.05678   3.43943   0.24042   0.08157   0.03890   1.01866   0.11919   0.06449   0.01125  
128  1.2838   6962.088866  x:  4.18018  41.99380  20.25893   0.35699   0.58078   1.93483   0.09226   0.35383   0.53836   0.98971   0.27981   0.84650   1.28531  24.40746   1.19962   0.03853   0.00226   0.00397   0.23035   0.13945   0.05679   3.67100   0.23658   0.08183   0.03893   0.98178   0.11957   0.06444   0.01085  
129  1.5109   6962.086033  x:  4.13777  42.12807  20.29007   0.35554   0.58150   1.93520   0.09212   0.35602   0.53760   0.98848   0.28264   0.84525   1.28470  24.51910   1.19968   0.03851   0.00229   0.00395   0.23304   0.13943   0.05679   3.70427   0.23299   0.08195   0.03895   0.93649   0.11985   0.06445   0.01087  
130  0.5854   6962.083697  x:  3.97354  43.34790  20.77525   0.35402   0.58208   1.93590   0.09207   0.35560   0.53831   0.98918   0.28439   0.84644   1.28175  25.27615   1.20031   0.03883   0.00235   0.00385   0.23558   0.13961   0.05676   3.90566   0.23259   0.08164   0.03894   0.91113   0.11963   0.06462   0.01050  
131  1.8889   6962.082285  x:  3.83872  44.19089  21.10598   0.35218   0.58265   1.93693   0.09209   0.35426   0.53948   0.99046   0.28529   0.84718   1.28008  25.82899   1.20080   0.03926   0.00236   0.00381   0.23821   0.13967   0.05671   4.05869   0.23399   0.08125   0.03892   0.89788   0.11944   0.06474   0.01025  
132  1.4659   6962.079925  x:  3.70962  44.74048  21.28191   0.35178   0.58155   1.93608   0.09196   0.35159   0.54113   0.99131   0.28499   0.84801   1.28012  26.24995   1.20121   0.03944   0.00242   0.00380   0.23837   0.14008   0.05675   4.18894   0.23796   0.08080   0.03894   0.90984   0.11917   0.06480   0.01012  
133  0.4610   6962.077807  x:  3.49461  46.02653  21.77671   0.35296   0.58080   1.93508   0.09133   0.35146   0.54096   0.99065   0.28484   0.84744   1.28169  27.10547   1.20105   0.03996   0.00249   0.00370   0.23670   0.14011   0.05680   4.44426   0.23856   0.08091   0.03896   0.91095   0.11928   0.06472   0.00976  
134  2.1125   6962.075862  x:  3.34723  46.64287  22.00131   0.35732   0.57868   1.93529   0.09116   0.35221   0.53941   0.99033   0.28415   0.84677   1.28205  27.58108   1.20062   0.04048   0.00252   0.00365   0.23061   0.14039   0.05679   4.60616   0.23809   0.08143   0.03893   0.91437   0.11952   0.06465   0.00960  
135  0.8981   6962.074182  x:  3.27345  46.63872  21.96170   0.36198   0.57659   1.93775   0.09114   0.35252   0.53854   0.99017   0.28345   0.84688   1.28030  27.70126   1.20067   0.04073   0.00257   0.00367   0.22414   0.14109   0.05669   4.67192   0.23745   0.08174   0.03888   0.92653   0.11960   0.06470   0.00959  
136  0.0942   6962.071444  x:  2.98421  47.71382  22.33096   0.36384   0.57602   1.94172   0.09087   0.35129   0.53937   0.99064   0.28351   0.84763   1.27793  28.60824   1.20119   0.04177   0.00268   0.00362   0.22198   0.14166   0.05654   4.97331   0.23859   0.08154   0.03885   0.93231   0.11948   0.06483   0.00924  
137  1.0730   6962.064298  x:  2.75757  47.43572  22.13986   0.36018   0.57901   1.94762   0.09100   0.34928   0.54177   0.99176   0.28397   0.84905   1.27689  28.91059   1.20179   0.04345   0.00277   0.00366   0.22805   0.14161   0.05634   5.14479   0.24090   0.08079   0.03884   0.93157   0.11914   0.06496   0.00917  
138  0.3289   6962.043531  x:  2.39823  44.46998  20.74007   0.34690   0.58928   1.95017   0.09121   0.35092   0.54329   0.99364   0.28497   0.85065   1.28194  28.52351   1.20144   0.04783   0.00306   0.00387   0.24678   0.13946   0.05633   5.32180   0.23860   0.07986   0.03891   0.91802   0.11863   0.06481   0.00939  
139  1.5198   6962.013851  x:  2.77574  39.19239  18.57840   0.33158   0.59993   1.94313   0.09190   0.35456   0.54274   0.99369   0.28587   0.84970   1.28777  26.03086   1.20030   0.04937   0.00310   0.00423   0.26856   0.13587   0.05661   4.77202   0.23362   0.07968   0.03901   0.90103   0.11863   0.06453   0.01028  
140  6.9648   6961.999605  x:  2.68592  36.77485  17.49643   0.32928   0.60281   1.93865   0.09161   0.35653   0.54114   0.99229   0.28576   0.84814   1.28951  25.37060   1.19972   0.05167   0.00324   0.00445   0.27342   0.13429   0.05676   4.76290   0.23106   0.08018   0.03903   0.90036   0.11896   0.06438   0.01051  
141  7.2615   6961.974929  x:  2.37370  37.56475  17.69657   0.34788   0.59078   1.93017   0.09016   0.35742   0.53643   0.98829   0.28430   0.84410   1.28673  26.25940   1.19937   0.05274   0.00342   0.00453   0.25098   0.13594   0.05695   5.11892   0.23080   0.08223   0.03896   0.91054   0.12011   0.06430   0.01010  
142  1.5518   6961.961518  x:  2.54287  36.33961  17.18789   0.35797   0.58100   1.92899   0.09012   0.35617   0.53609   0.98706   0.28297   0.84396   1.28282  25.56431   1.19973   0.05232   0.00342   0.00470   0.23476   0.13858   0.05692   4.95693   0.23295   0.08276   0.03890   0.92764   0.12028   0.06445   0.01032  
143  1.9166   6961.945882  x:  2.37503  34.68772  16.34765   0.36553   0.57075   1.93506   0.09080   0.35282   0.53849   0.98987   0.28228   0.84681   1.27787  25.36070   1.20058   0.05393   0.00368   0.00492   0.21719   0.14275   0.05667   5.08384   0.23733   0.08215   0.03881   0.93880   0.11970   0.06478   0.01039  
144  1.9898   6961.930848  x:  2.08139  35.55551  16.51635   0.36371   0.56954   1.94338   0.09193   0.34688   0.54229   0.99735   0.28567   0.84998   1.27411  26.28351   1.20160   0.05415   0.00398   0.00491   0.21541   0.14479   0.05649   5.39037   0.24458   0.08037   0.03873   0.89327   0.11880   0.06523   0.01010  
145  0.8617   6961.918710  x:  1.94067  33.96129  15.66735   0.36086   0.57321   1.94307   0.09194   0.34568   0.54259   0.99874   0.28785   0.84915   1.27520  26.08022   1.20157   0.05522   0.00428   0.00511   0.22346   0.14398   0.05656   5.45932   0.24651   0.07996   0.03875   0.86183   0.11884   0.06526   0.01020  
146  2.1481   6961.885542  x:  1.66353  31.84102  14.29153   0.36853   0.57896   1.93659   0.08834   0.35450   0.53535   0.98800   0.28567   0.84209   1.28842  26.18801   1.20042   0.05548   0.00506   0.00555   0.22507   0.14063   0.05681   5.73879   0.23742   0.08229   0.03901   0.90325   0.12034   0.06436   0.01015  
147  0.9912   6961.872473  x:  1.33083  31.38963  13.78532   0.36734   0.57696   1.93851   0.08975   0.35450   0.53647   0.98886   0.28462   0.84393   1.28520  26.83530   1.20032   0.05630   0.00555   0.00579   0.21900   0.14112   0.05671   6.08577   0.23625   0.08225   0.03891   0.91187   0.12021   0.06440   0.00987  
148  1.0534   6961.866392  x:  1.25066  31.84972  13.91065   0.36359   0.57756   1.93919   0.09072   0.35422   0.53767   0.98989   0.28410   0.84538   1.28291  27.19662   1.20029   0.05615   0.00564   0.00580   0.22022   0.14093   0.05667   6.19063   0.23558   0.08203   0.03885   0.91521   0.12002   0.06447   0.00971  
149  2.3074   6961.858780  x:  1.25885  30.52966  13.17278   0.35650   0.57931   1.94076   0.09166   0.35243   0.54002   0.99421   0.28290   0.84870   1.27809  26.90756   1.20069   0.05587   0.00591   0.00606   0.22715   0.14082   0.05657   6.18204   0.23556   0.08118   0.03876   0.93207   0.11924   0.06480   0.00983  
150  1.0730   6961.851939  x:  1.09284  29.62531  12.47472   0.35895   0.57639   1.93397   0.08916   0.35353   0.53852   0.99248   0.28298   0.84765   1.27916  27.21733   1.20130   0.05586   0.00636   0.00641   0.22693   0.14158   0.05680   6.41911   0.23501   0.08142   0.03887   0.93561   0.11915   0.06500   0.00971  
151  0.4827   6961.845633  x:  1.14102  29.24212  12.22795   0.36421   0.57305   1.92929   0.08995   0.35489   0.53658   0.99120   0.28364   0.84527   1.27899  27.18204   1.20086   0.05544   0.00644   0.00660   0.22159   0.14215   0.05699   6.42196   0.23512   0.08202   0.03888   0.92915   0.11967   0.06503   0.00973  
152  0.2874   6961.840091  x:  1.08683  28.13891  11.51920   0.36559   0.57224   1.93058   0.09112   0.35507   0.53647   0.99151   0.28359   0.84495   1.27807  27.20689   1.20060   0.05532   0.00676   0.00696   0.21896   0.14227   0.05696   6.52645   0.23511   0.08218   0.03883   0.92699   0.11988   0.06500   0.00972  
153  1.8013   6961.830978  x:  1.01879  27.34801  10.92848   0.36164   0.57767   1.95148   0.09064   0.35033   0.54140   0.99380   0.28323   0.84840   1.28047  27.54529   1.20156   0.05554   0.00703   0.00745   0.22145   0.14178   0.05622   6.74788   0.23856   0.08117   0.03873   0.91612   0.11943   0.06452   0.00961  
154  0.5160   6961.826521  x:  1.12253  27.13710  10.86383   0.36113   0.57883   1.94505   0.09042   0.35295   0.53903   0.99365   0.28361   0.84736   1.28237  27.46122   1.20138   0.05562   0.00693   0.00759   0.22282   0.14133   0.05645   6.72393   0.23678   0.08140   0.03877   0.92393   0.11955   0.06454   0.00964  
155  0.1677   6961.823096  x:  1.13059  26.26800  10.31358   0.36202   0.57837   1.93875   0.09029   0.35492   0.53715   0.99326   0.28360   0.84614   1.28303  27.53449   1.20128   0.05563   0.00712   0.00796   0.22248   0.14127   0.05667   6.83077   0.23533   0.08168   0.03881   0.93172   0.11971   0.06462   0.00962  
156  1.7023   6961.818184  x:  1.04068  25.52706   9.68281   0.36381   0.57600   1.93325   0.09040   0.35491   0.53729   0.99236   0.28147   0.84530   1.27991  28.21200   1.20130   0.05632   0.00745   0.00853   0.22062   0.14158   0.05684   7.19017   0.23410   0.08187   0.03881   0.95156   0.11979   0.06486   0.00935  
157  0.5021   6961.811003  x:  1.01788  25.42711   9.47992   0.36544   0.57214   1.93341   0.09026   0.35365   0.53900   0.99235   0.27940   0.84664   1.27480  28.94621   1.20160   0.05741   0.00754   0.00886   0.21851   0.14260   0.05680   7.52279   0.23366   0.08184   0.03878   0.96673   0.11947   0.06519   0.00909  
158  0.5235   6961.801617  x:  1.00448  24.29057   8.58774   0.36574   0.57027   1.93724   0.08987   0.35363   0.53987   0.99379   0.27919   0.84838   1.27283  29.88499   1.20204   0.05859   0.00789   0.00967   0.21778   0.14344   0.05662   8.03174   0.23318   0.08172   0.03873   0.96854   0.11913   0.06533   0.00879  
159  2.4793   6961.789709  x:  0.95514  23.65893   7.91946   0.36261   0.57411   1.94449   0.08972   0.35481   0.53890   0.99626   0.28437   0.84798   1.27924  31.28127   1.20219   0.06060   0.00818   0.01038   0.22117   0.14303   0.05638   8.68598   0.23431   0.08152   0.03868   0.91896   0.11937   0.06487   0.00839  
160  1.3298   6961.781118  x:  0.93545  24.01371   8.07040   0.36101   0.57794   1.94918   0.08966   0.35533   0.53779   0.99710   0.28783   0.84721   1.28542  31.69121   1.20209   0.06140   0.00813   0.01031   0.22279   0.14232   0.05625   8.83322   0.23586   0.08142   0.03868   0.88551   0.11965   0.06441   0.00832  
161  1.2547   6961.772753  x:  0.77267  24.18953   7.87227   0.36249   0.57913   1.94861   0.08946   0.35506   0.53708   0.99625   0.28845   0.84567   1.28840  33.04641   1.20194   0.06332   0.00836   0.01064   0.22088   0.14190   0.05631   9.41506   0.23679   0.08151   0.03870   0.87693   0.12001   0.06415   0.00790  
162  2.6931   6961.762641  x:  0.73638  23.81396   7.38404   0.36789   0.57837   1.94531   0.08894   0.35325   0.53719   0.99324   0.28655   0.84301   1.29043  34.59664   1.20200   0.06601   0.00854   0.01124   0.21408   0.14177   0.05648  10.14752   0.23811   0.08167   0.03878   0.88620   0.12053   0.06394   0.00751  
163  2.5126   6961.744487  x:  0.76274  23.75517   7.25313   0.37465   0.57546   1.93394   0.08871   0.35048   0.53863   0.98779   0.27903   0.84130   1.28531  35.76814   1.20183   0.06887   0.00846   0.01148   0.20684   0.14150   0.05691  10.70438   0.23847   0.08199   0.03890   0.95111   0.12074   0.06426   0.00736  
164  0.9018   6961.724271  x:  0.62790  23.87930   6.91900   0.37168   0.57674   1.93234   0.08866   0.35161   0.53917   0.98862   0.27729   0.84352   1.28107  38.42465   1.20142   0.07405   0.00859   0.01209   0.21200   0.14093   0.05693  11.87322   0.23710   0.08199   0.03885   0.97115   0.12033   0.06460   0.00675  
165  3.5711   6961.698896  x:  0.63000  23.96242   6.70938   0.35990   0.57751   1.93932   0.08882   0.35868   0.53777   0.99753   0.28362   0.84814   1.27700  41.23002   1.20113   0.08093   0.00843   0.01263   0.22685   0.14153   0.05650  13.11298   0.22988   0.08186   0.03860   0.92507   0.11942   0.06508   0.00624  
166  2.3736   6961.687804  x:  0.68874  23.91718   6.76866   0.35587   0.57809   1.94271   0.08887   0.36042   0.53709   1.00018   0.28514   0.85011   1.27669  41.23076   1.20142   0.08167   0.00828   0.01259   0.23156   0.14177   0.05633  13.12147   0.22848   0.08178   0.03854   0.91981   0.11901   0.06515   0.00632  
167  0.2040   6961.664025  x:  0.76423  23.44126   6.22540   0.35882   0.57737   1.94409   0.08791   0.35910   0.53599   0.99922   0.28249   0.84992   1.28002  44.55315   1.20264   0.09011   0.00809   0.01344   0.22671   0.14230   0.05628  14.69408   0.22983   0.08185   0.03861   0.96010   0.11891   0.06487   0.00582  
168  3.1898   6961.651720  x:  0.71214  23.70729   6.21072   0.36347   0.57631   1.94324   0.08745   0.35696   0.53607   0.99689   0.28086   0.84817   1.28270  46.51818   1.20301   0.09507   0.00796   0.01365   0.22048   0.14258   0.05636  15.58481   0.23181   0.08187   0.03868   0.97741   0.11921   0.06461   0.00553  
169  4.9504   6961.633164  x:  0.77552  23.88916   6.32038   0.37290   0.57448   1.93931   0.08729   0.35347   0.53693   0.99166   0.27817   0.84464   1.28647  47.93271   1.20265   0.09969   0.00765   0.01368   0.20927   0.14256   0.05660  16.25014   0.23502   0.08201   0.03881   0.99103   0.11997   0.06419   0.00541  
170  1.6997   6961.623254  x:  0.80978  23.86673   6.16764   0.37255   0.57532   1.94054   0.08741   0.35383   0.53741   0.99235   0.27866   0.84567   1.28528  50.00000   1.20224   0.10523   0.00746   0.01398   0.21100   0.14240   0.05655  17.19609   0.23529   0.08196   0.03876   0.98136   0.11988   0.06428   0.00516  
171  3.2097   6961.619489  x:  0.80271  23.85851   6.17964   0.37173   0.57557   1.94079   0.08750   0.35410   0.53745   0.99276   0.27902   0.84596   1.28478  50.00000   1.20213   0.10432   0.00750   0.01393   0.21209   0.14235   0.05654  17.04363   0.23510   0.08194   0.03875   0.97732   0.11984   0.06432   0.00520  
172  1.2307   6961.616629  x:  0.75786  23.95167   6.17165   0.36902   0.57591   1.94320   0.08769   0.35533   0.53758   0.99541   0.28118   0.84717   1.28217  50.00000   1.20188   0.10430   0.00757   0.01387   0.21573   0.14257   0.05640  17.08772   0.23435   0.08183   0.03866   0.95395   0.11963   0.06458   0.00520  
173  0.1540   6961.612493  x:  0.73012  24.15180   6.21787   0.36566   0.57419   1.94545   0.08767   0.35753   0.53694   0.99945   0.28388   0.84812   1.27832  50.00000   1.20187   0.10338   0.00768   0.01369   0.21895   0.14343   0.05621  17.01229   0.23172   0.08182   0.03856   0.92917   0.11933   0.06502   0.00520  
174  0.1273   6961.607299  x:  0.61672  24.73694   6.41505   0.36766   0.57358   1.94142   0.08765   0.35566   0.53699   0.99619   0.28275   0.84629   1.28013  50.00000   1.20203   0.10222   0.00787   0.01327   0.21549   0.14323   0.05643  16.95955   0.23288   0.08191   0.03867   0.93746   0.11963   0.06485   0.00520  
175  0.3082   6961.605177  x:  0.61834  24.79232   6.43048   0.36912   0.57702   1.94005   0.08800   0.35438   0.53796   0.99293   0.27954   0.84740   1.28293  50.00000   1.20134   0.10314   0.00784   0.01317   0.21574   0.14171   0.05658  17.09199   0.23528   0.08185   0.03873   0.96870   0.11965   0.06444   0.00519  
176  0.0700   6961.589384  x:  0.62730  25.60382   6.87466   0.37349   0.57863   1.94890   0.08700   0.35543   0.53767   0.99529   0.27999   0.84600   1.28931  50.00000   1.20203   0.11060   0.00743   0.01222   0.21176   0.14178   0.05625  18.06904   0.23542   0.08165   0.03865   0.99046   0.12004   0.06379   0.00519  
177  0.1682   6961.579648  x:  0.64322  26.46074   7.35961   0.37326   0.57866   1.95195   0.08679   0.35619   0.53710   0.99575   0.27962   0.84748   1.28869  50.00000   1.20223   0.11783   0.00702   0.01122   0.21247   0.14208   0.05612  18.98619   0.23469   0.08168   0.03865   1.00558   0.11972   0.06387   0.00520  
178  2.7180   6961.571055  x:  0.75514  26.76201   7.68421   0.36885   0.57614   1.94794   0.08702   0.35683   0.53645   0.99600   0.28034   0.84894   1.28261  50.00000   1.20229   0.12306   0.00655   0.01075   0.21646   0.14293   0.05620  19.50680   0.23251   0.08185   0.03867   0.99395   0.11919   0.06455   0.00520  
179  0.6149   6961.565126  x:  0.69325  27.33806   8.00415   0.36385   0.57459   1.93500   0.08771   0.35465   0.53774   0.99335   0.28084   0.84857   1.27653  50.00000   1.20136   0.12195   0.00659   0.01035   0.22068   0.14256   0.05666  19.31425   0.23331   0.08187   0.03877   0.95583   0.11912   0.06513   0.00520  
180  0.4023   6961.562444  x:  0.69059  27.65308   8.22035   0.36484   0.57637   1.93336   0.08760   0.35334   0.53893   0.99255   0.28350   0.84555   1.28040  50.00000   1.20130   0.12116   0.00657   0.01011   0.22016   0.14173   0.05674  19.14426   0.23548   0.08165   0.03878   0.91350   0.11984   0.06475   0.00520  
181  0.2205   6961.561123  x:  0.69419  27.98786   8.43574   0.36535   0.57705   1.93441   0.08748   0.35306   0.53913   0.99248   0.28393   0.84518   1.28168  50.00000   1.20135   0.12253   0.00646   0.00978   0.21988   0.14154   0.05671  19.27924   0.23619   0.08158   0.03878   0.90974   0.11995   0.06462   0.00520  
182  1.0713   6961.559893  x:  0.71221  28.30840   8.69447   0.36613   0.57730   1.93889   0.08727   0.35331   0.53867   0.99304   0.28335   0.84645   1.28222  50.00000   1.20153   0.12386   0.00629   0.00950   0.21918   0.14179   0.05655  19.35935   0.23654   0.08159   0.03877   0.92590   0.11972   0.06457   0.00520  
183  0.4984   6961.559255  x:  0.70543  28.40992   8.78890   0.36635   0.57633   1.94117   0.08731   0.35412   0.53797   0.99376   0.28235   0.84773   1.28090  50.00000   1.20171   0.12298   0.00630   0.00944   0.21869   0.14236   0.05646  19.19783   0.23539   0.08168   0.03875   0.94458   0.11941   0.06470   0.00520  
184  0.1419   6961.558963  x:  0.70290  28.63822   8.95338   0.36615   0.57608   1.93993   0.08738   0.35421   0.53802   0.99355   0.28225   0.84753   1.28043  50.00000   1.20161   0.12307   0.00626   0.00924   0.21895   0.14238   0.05651  19.15941   0.23490   0.08170   0.03876   0.94443   0.11943   0.06474   0.00520  
185  0.3002   6961.558763  x:  0.71436  28.79390   9.11322   0.36613   0.57652   1.93730   0.08739   0.35407   0.53837   0.99274   0.28206   0.84692   1.28079  50.00000   1.20142   0.12331   0.00619   0.00908   0.21937   0.14198   0.05661  19.11590   0.23475   0.08168   0.03878   0.94353   0.11958   0.06469   0.00520  
186  0.1037   6961.558299  x:  0.71911  28.79468   9.22300   0.36494   0.57682   1.94006   0.08732   0.35380   0.53824   0.99334   0.28295   0.84809   1.28071  50.00000   1.20168   0.12275   0.00619   0.00900   0.22013   0.14207   0.05648  18.95526   0.23601   0.08165   0.03877   0.93417   0.11936   0.06474   0.00520  
187  0.0339   6961.556967  x:  0.72545  29.07206   9.69193   0.36390   0.57732   1.94093   0.08731   0.35279   0.53862   0.99370   0.28446   0.84711   1.28101  50.00000   1.20175   0.12252   0.00611   0.00850   0.22117   0.14202   0.05645  18.66032   0.23749   0.08153   0.03877   0.91560   0.11951   0.06473   0.00520  
188  0.1928   6961.549366  x:  0.73512  28.26488  10.67597   0.36398   0.57860   1.93725   0.08748   0.34886   0.54091   0.99367   0.28881   0.83945   1.28347  50.00000   1.20119   0.11817   0.00628   0.00763   0.22186   0.14150   0.05667  17.11127   0.24136   0.08104   0.03880   0.85609   0.12089   0.06447   0.00520  
189  0.5498   6961.541634  x:  0.72964  26.66590  10.85577   0.36539   0.57887   1.93447   0.08763   0.34693   0.54219   0.99357   0.29069   0.83464   1.28505  50.00000   1.20077   0.11373   0.00669   0.00761   0.22086   0.14133   0.05683  15.91402   0.24297   0.08079   0.03882   0.83138   0.12179   0.06429   0.00520  
190  3.9938   6961.533609  x:  0.74670  25.44194  11.45700   0.36644   0.57768   1.93556   0.08756   0.34974   0.54102   0.99230   0.28718   0.84110   1.28317  50.00000   1.20085   0.10868   0.00702   0.00711   0.21947   0.14165   0.05675  14.44418   0.24063   0.08110   0.03883   0.88420   0.12072   0.06447   0.00520  
191  2.3951   6961.523551  x:  0.77177  24.92332  11.23935   0.36655   0.57570   1.93877   0.08741   0.35643   0.53762   0.99087   0.27937   0.85376   1.27916  50.00000   1.20139   0.10709   0.00719   0.00733   0.21875   0.14224   0.05651  14.24892   0.23369   0.08190   0.03882   0.98611   0.11850   0.06485   0.00520  
192  0.8593   6961.517516  x:  0.79218  23.56974  11.69204   0.36298   0.57696   1.93940   0.08779   0.35570   0.53737   0.99244   0.27978   0.85008   1.27955  50.00000   1.20194   0.10066   0.00764   0.00699   0.22291   0.14199   0.05647  12.65507   0.23327   0.08185   0.03881   0.97694   0.11894   0.06480   0.00520  
193  1.4788   6961.514405  x:  0.80321  23.46594  11.85739   0.36185   0.57801   1.93843   0.08801   0.35336   0.53845   0.99327   0.28212   0.84534   1.28080  50.00000   1.20180   0.09817   0.00775   0.00684   0.22423   0.14168   0.05655  12.16458   0.23541   0.08154   0.03881   0.94794   0.11970   0.06467   0.00520  
194  0.5241   6961.510667  x:  0.81320  22.38704  11.94531   0.36279   0.57827   1.93725   0.08815   0.35165   0.53970   0.99293   0.28436   0.84316   1.28187  50.00000   1.20128   0.09238   0.00819   0.00686   0.22300   0.14154   0.05666  11.00876   0.23779   0.08126   0.03883   0.91707   0.12015   0.06457   0.00520  
195  1.5070   6961.508292  x:  0.82850  21.93610  12.23559   0.36394   0.57730   1.93778   0.08808   0.35372   0.53910   0.99093   0.28393   0.84837   1.28105  50.00000   1.20127   0.08772   0.00843   0.00667   0.22161   0.14176   0.05658  10.03981   0.23673   0.08154   0.03886   0.90783   0.11943   0.06471   0.00520  
196  0.6852   6961.507175  x:  0.84836  21.72131  12.40379   0.36408   0.57669   1.93871   0.08840   0.35417   0.53846   0.99166   0.28235   0.84873   1.28031  50.00000   1.20184   0.08438   0.00858   0.00661   0.22159   0.14206   0.05652   9.39512   0.23605   0.08168   0.03883   0.93664   0.11932   0.06477   0.00520  
197  0.4381   6961.505913  x:  0.87670  21.15006  12.71134   0.36366   0.57656   1.93900   0.08870   0.35411   0.53825   0.99220   0.28166   0.84818   1.28009  50.00000   1.20212   0.07972   0.00881   0.00643   0.22213   0.14215   0.05650   8.36600   0.23587   0.08170   0.03882   0.95064   0.11937   0.06478   0.00520  
198  3.2766   6961.505336  x:  0.90692  21.02545  12.93665   0.36260   0.57730   1.93815   0.08882   0.35343   0.53883   0.99208   0.28258   0.84704   1.28074  50.00000   1.20157   0.07830   0.00882   0.00630   0.22330   0.14183   0.05657   7.95864   0.23637   0.08153   0.03884   0.93761   0.11954   0.06469   0.00520  
199  0.4446   6961.504708  x:  0.95392  20.90138  13.12069   0.36134   0.57843   1.93703   0.08892   0.35263   0.53963   0.99153   0.28453   0.84560   1.28207  50.00000   1.20094   0.07771   0.00875   0.00623   0.22463   0.14136   0.05666   7.68577   0.23724   0.08132   0.03887   0.90587   0.11980   0.06457   0.00520  
200  0.2346   6961.504423  x:  0.98207  20.69890  13.32779   0.36154   0.57814   1.93746   0.08907   0.35297   0.53931   0.99152   0.28402   0.84621   1.28177  50.00000   1.20130   0.07572   0.00880   0.00613   0.22448   0.14149   0.05662   7.19400   0.23705   0.08141   0.03887   0.91333   0.11970   0.06461   0.00520  
201  0.6568   6961.504194  x:  1.00014  20.74438  13.46944   0.36222   0.57746   1.93827   0.08917   0.35358   0.53872   0.99169   0.28289   0.84738   1.28091  50.00000   1.20186   0.07536   0.00875   0.00606   0.22386   0.14179   0.05655   7.04661   0.23658   0.08157   0.03885   0.93032   0.11950   0.06471   0.00520  
202  0.2438   6961.504055  x:  1.01379  20.66126  13.63604   0.36204   0.57736   1.93820   0.08930   0.35338   0.53894   0.99178   0.28289   0.84747   1.28051  50.00000   1.20152   0.07380   0.00879   0.00600   0.22407   0.14179   0.05657   6.68334   0.23669   0.08152   0.03885   0.93062   0.11949   0.06472   0.00520  
203  0.2079   6961.503962  x:  1.00724  20.78277  13.69765   0.36146   0.57788   1.93777   0.08940   0.35308   0.53914   0.99155   0.28344   0.84676   1.28122  50.00000   1.20142   0.07386   0.00876   0.00597   0.22467   0.14160   0.05660   6.68478   0.23693   0.08146   0.03886   0.92204   0.11961   0.06466   0.00520  
204  0.0624   6961.503682  x:  0.98592  20.93055  13.84007   0.36148   0.57812   1.93791   0.08935   0.35361   0.53865   0.99163   0.28319   0.84706   1.28152  50.00000   1.20195   0.07425   0.00873   0.00590   0.22484   0.14152   0.05656   6.70025   0.23662   0.08155   0.03886   0.92591   0.11954   0.06466   0.00520  
205  0.0259   6961.503460  x:  0.95074  21.14334  13.72300   0.36187   0.57793   1.93797   0.08911   0.35371   0.53862   0.99170   0.28301   0.84731   1.28128  50.00000   1.20190   0.07657   0.00867   0.00596   0.22440   0.14158   0.05656   7.19231   0.23650   0.08156   0.03886   0.92927   0.11950   0.06467   0.00520  
206  0.5645   6961.503211  x:  0.94800  21.28611  13.72595   0.36219   0.57736   1.93776   0.08888   0.35295   0.53935   0.99157   0.28323   0.84720   1.28044  50.00000   1.20111   0.07877   0.00855   0.00596   0.22383   0.14177   0.05661   7.55315   0.23689   0.08143   0.03886   0.92572   0.11953   0.06471   0.00520  
207  0.1954   6961.502831  x:  0.97315  21.21496  13.83530   0.36235   0.57745   1.93811   0.08901   0.35286   0.53913   0.99165   0.28338   0.84661   1.28091  50.00000   1.20143   0.07936   0.00851   0.00591   0.22375   0.14183   0.05658   7.55492   0.23703   0.08148   0.03886   0.92298   0.11964   0.06470   0.00520  
208  0.0348   6961.500878  x:  0.88238  21.55379  14.04047   0.36277   0.57841   1.93846   0.08861   0.35381   0.53792   0.99189   0.28346   0.84610   1.28248  50.00000   1.20290   0.08598   0.00845   0.00582   0.22375   0.14162   0.05647   8.65211   0.23663   0.08169   0.03886   0.92123   0.11972   0.06465   0.00520  
209  0.3204   6961.496842  x:  0.75961  21.31973  14.53908   0.36273   0.57919   1.93814   0.08820   0.35478   0.53721   0.99196   0.28329   0.84671   1.28287  50.00000   1.20371   0.09295   0.00876   0.00560   0.22413   0.14135   0.05643   9.69826   0.23617   0.08180   0.03886   0.92439   0.11960   0.06465   0.00520  
210  0.7991   6961.492010  x:  0.71950  20.36582  15.21089   0.36196   0.57958   1.93765   0.08831   0.35534   0.53711   0.99180   0.28303   0.84765   1.28261  50.00000   1.20382   0.09348   0.00934   0.00532   0.22507   0.14111   0.05644   9.47451   0.23590   0.08180   0.03887   0.92900   0.11941   0.06467   0.00521  
211  2.0802   6961.488207  x:  0.68039  19.65853  15.07871   0.36230   0.57855   1.93748   0.08797   0.35457   0.53819   0.99159   0.28284   0.84808   1.28134  50.00000   1.20251   0.09525   0.00976   0.00543   0.22420   0.14137   0.05653   9.89178   0.23613   0.08162   0.03887   0.93237   0.11934   0.06470   0.00521  
212  1.2511   6961.485554  x:  0.71616  19.45873  15.33848   0.36227   0.57745   1.93732   0.08800   0.35307   0.53963   0.99127   0.28307   0.84786   1.28003  50.00000   1.20087   0.09454   0.00982   0.00534   0.22381   0.14168   0.05663   9.62338   0.23688   0.08137   0.03887   0.92892   0.11939   0.06472   0.00520  
213  0.6865   6961.482697  x:  0.66025  19.03412  16.00119   0.36248   0.57680   1.93724   0.08786   0.35175   0.54057   0.99093   0.28357   0.84696   1.27966  50.00000   1.19988   0.09945   0.01014   0.00507   0.22338   0.14192   0.05669  10.19609   0.23765   0.08121   0.03888   0.92092   0.11957   0.06472   0.00520  
214  1.3412   6961.480236  x:  0.57817  18.79141  16.44342   0.36298   0.57706   1.93741   0.08768   0.35187   0.54006   0.99108   0.28381   0.84629   1.28039  50.00000   1.20053   0.10632   0.01046   0.00494   0.22305   0.14195   0.05663  11.28786   0.23772   0.08130   0.03888   0.91650   0.11970   0.06470   0.00520  
215  1.1162   6961.476228  x:  0.52494  18.84238  16.60435   0.36362   0.57846   1.93776   0.08762   0.35369   0.53790   0.99159   0.28380   0.84591   1.28256  50.00000   1.20315   0.11493   0.01059   0.00494   0.22307   0.14170   0.05646  12.82292   0.23704   0.08168   0.03888   0.91577   0.11978   0.06466   0.00520  
216  0.9632   6961.473343  x:  0.49371  18.32767  17.25041   0.36370   0.57836   1.93729   0.08720   0.35390   0.53819   0.99137   0.28357   0.84686   1.28185  50.00000   1.20281   0.12592   0.01086   0.00472   0.22303   0.14166   0.05650  14.42768   0.23693   0.08162   0.03888   0.92014   0.11960   0.06469   0.00521  
217  1.7918   6961.471619  x:  0.50764  18.10380  17.41947   0.36319   0.57777   1.93679   0.08698   0.35324   0.53941   0.99095   0.28344   0.84766   1.28051  50.00000   1.20130   0.13249   0.01089   0.00466   0.22324   0.14169   0.05660  15.45267   0.23710   0.08139   0.03889   0.92329   0.11944   0.06472   0.00520  
218  1.1812   6961.469882  x:  0.45739  18.00084  17.54473   0.36286   0.57731   1.93643   0.08668   0.35249   0.54044   0.99061   0.28347   0.84797   1.27956  50.00000   1.20002   0.14308   0.01104   0.00465   0.22328   0.14171   0.05669  17.31859   0.23733   0.08120   0.03890   0.92362   0.11936   0.06473   0.00520  
219  3.3367   6961.467875  x:  0.40841  18.23291  17.61080   0.36265   0.57757   1.93663   0.08677   0.35226   0.54027   0.99066   0.28371   0.84718   1.28026  50.00000   1.20025   0.15332   0.01106   0.00463   0.22356   0.14167   0.05666  19.17671   0.23743   0.08124   0.03890   0.91957   0.11949   0.06469   0.00520  
220  1.5801   6961.465261  x:  0.38221  18.20613  17.37952   0.36344   0.57835   1.93788   0.08704   0.35298   0.53848   0.99129   0.28396   0.84546   1.28274  50.00000   1.20247   0.17205   0.01114   0.00473   0.22321   0.14170   0.05648  22.63280   0.23730   0.08158   0.03889   0.91348   0.11983   0.06461   0.00520  
221  2.0565   6961.463637  x:  0.34029  18.01408  17.61046   0.36396   0.57857   1.93813   0.08685   0.35333   0.53791   0.99146   0.28399   0.84520   1.28333  50.00000   1.20317   0.19207   0.01130   0.00466   0.22289   0.14172   0.05643  26.08352   0.23723   0.08168   0.03888   0.91254   0.11988   0.06460   0.00520  
222  8.5793   6961.461481  x:  0.34349  17.98901  17.79010   0.36400   0.57793   1.93719   0.08644   0.35314   0.53892   0.99118   0.28370   0.84677   1.28134  50.00000   1.20192   0.19996   0.01130   0.00456   0.22266   0.14179   0.05653  27.37548   0.23728   0.08148   0.03889   0.91860   0.11960   0.06469   0.00520  
223  1.1965   6961.459377  x:  0.31474  17.97564  17.38287   0.36415   0.57677   1.93593   0.08576   0.35257   0.54069   0.99065   0.28333   0.84871   1.27852  50.00000   1.19971   0.22824   0.01129   0.00469   0.22182   0.14194   0.05671  32.57807   0.23730   0.08115   0.03889   0.92662   0.11924   0.06480   0.00520  
224  3.2294   6961.457689  x:  0.31764  18.04353  16.98538   0.36345   0.57754   1.93650   0.08630   0.35268   0.54008   0.99066   0.28365   0.84740   1.28021  50.00000   1.20045   0.24059   0.01123   0.00480   0.22253   0.14176   0.05665  34.93342   0.23718   0.08128   0.03889   0.92084   0.11947   0.06471   0.00520  
225  1.4935   6961.456069  x:  0.29067  18.13871  16.74960   0.36324   0.57819   1.93706   0.08661   0.35289   0.53931   0.99084   0.28388   0.84629   1.28169  50.00000   1.20138   0.26461   0.01123   0.00486   0.22291   0.14165   0.05657  39.31198   0.23708   0.08143   0.03889   0.91639   0.11967   0.06464   0.00520  
226 10.0272   6961.455631  x:  0.27990  18.24093  16.55412   0.36385   0.57791   1.93717   0.08633   0.35296   0.53922   0.99108   0.28368   0.84665   1.28126  50.00000   1.20147   0.27929   0.01118   0.00491   0.22239   0.14177   0.05656  42.00587   0.23711   0.08144   0.03888   0.91932   0.11961   0.06467   0.00520  
227  3.4729   6961.454821  x:  0.27224  18.44291  16.28334   0.36591   0.57663   1.93728   0.08551   0.35316   0.53919   0.99171   0.28299   0.84819   1.27941  50.00000   1.20147   0.30579   0.01104   0.00499   0.22052   0.14223   0.05656  46.81465   0.23725   0.08141   0.03886   0.92974   0.11935   0.06480   0.00520  
228  2.1026   6961.453834  x:  0.25805  18.48063  16.22377   0.36504   0.57691   1.93704   0.08597   0.35302   0.53945   0.99121   0.28336   0.84765   1.28000  50.00000   1.20117   0.33291   0.01103   0.00501   0.22110   0.14211   0.05658  51.63476   0.23717   0.08138   0.03887   0.92486   0.11945   0.06475   0.00520  
229  3.3220   6961.452290  x:  0.24377  18.37200  16.62007   0.36243   0.57822   1.93665   0.08702   0.35261   0.53978   0.99018   0.28436   0.84587   1.28207  50.00000   1.20083   0.37883   0.01109   0.00491   0.22337   0.14162   0.05661  59.55033   0.23706   0.08136   0.03891   0.91069   0.11975   0.06459   0.00520  
230  6.2193   6961.451077  x:  0.23142  18.44504  16.86412   0.36355   0.57806   1.93688   0.08619   0.35278   0.53939   0.99090   0.28395   0.84651   1.28133  50.00000   1.20128   0.41755   0.01106   0.00484   0.22276   0.14171   0.05657  66.28259   0.23717   0.08141   0.03889   0.91619   0.11963   0.06466   0.00520  
231  4.1010   6961.450491  x:  0.23334  18.41157  17.12337   0.36429   0.57789   1.93698   0.08573   0.35292   0.53920   0.99130   0.28365   0.84702   1.28075  50.00000   1.20148   0.42810   0.01108   0.00476   0.22228   0.14178   0.05655  68.02642   0.23723   0.08143   0.03888   0.92031   0.11953   0.06471   0.00520  
232  4.2013   6961.449912  x:  0.22215  18.35671  17.35184   0.36466   0.57763   1.93692   0.08565   0.35297   0.53927   0.99128   0.28348   0.84737   1.28031  50.00000   1.20137   0.46853   0.01113   0.00469   0.22184   0.14186   0.05656  75.07578   0.23723   0.08141   0.03888   0.92279   0.11948   0.06474   0.00520  
233  8.2894   6961.449442  x:  0.21269  18.27649  17.45937   0.36459   0.57750   1.93683   0.08578   0.35291   0.53944   0.99107   0.28353   0.84739   1.28025  50.00000   1.20118   0.50860   0.01120   0.00466   0.22178   0.14190   0.05658  82.12779   0.23724   0.08138   0.03888   0.92228   0.11948   0.06474   0.00520  
234  8.0799   6961.448190  x:  0.19627  18.04310  17.36332   0.36400   0.57722   1.93664   0.08643   0.35266   0.53995   0.99027   0.28386   0.84694   1.28067  50.00000   1.20063   0.60919   0.01140   0.00470   0.22180   0.14198   0.05662  100.01633   0.23722   0.08130   0.03890   0.91764   0.11957   0.06468   0.00520  
235  7.4827   6961.447531  x:  0.19825  18.07579  17.22864   0.36414   0.57743   1.93682   0.08619   0.35273   0.53967   0.99060   0.28386   0.84679   1.28090  50.00000   1.20096   0.62957   0.01138   0.00473   0.22188   0.14194   0.05660  103.68989   0.23723   0.08135   0.03889   0.91727   0.11959   0.06468   0.00520  
236  3.0740   6961.446730  x:  0.18728  18.07498  17.17918   0.36453   0.57773   1.93707   0.08565   0.35287   0.53920   0.99119   0.28377   0.84675   1.28103  50.00000   1.20149   0.71245   0.01141   0.00474   0.22192   0.14188   0.05655  118.39451   0.23725   0.08143   0.03888   0.91821   0.11958   0.06469   0.00520  
237 18.4865   6961.446432  x:  0.17935  18.09249  17.08273   0.36467   0.57773   1.93695   0.08553   0.35296   0.53922   0.99127   0.28364   0.84701   1.28076  50.00000   1.20144   0.79527   0.01141   0.00476   0.22176   0.14186   0.05655  133.09888   0.23719   0.08143   0.03888   0.92041   0.11954   0.06471   0.00520  
238 15.6927   6961.445482  x:  0.17945  18.35263  16.76187   0.36449   0.57753   1.93618   0.08580   0.35314   0.53990   0.99084   0.28318   0.84819   1.27940  50.00000   1.20058   0.99124   0.01116   0.00485   0.22140   0.14181   0.05662  167.84760   0.23693   0.08131   0.03888   0.92890   0.11936   0.06477   0.00520  
239  7.4888   6961.445152  x:  0.17371  18.45381  16.73949   0.36436   0.57762   1.93631   0.08583   0.35305   0.53982   0.99084   0.28329   0.84792   1.27966  50.00000   1.20068   1.06907   0.01111   0.00486   0.22160   0.14180   0.05662  181.62827   0.23699   0.08133   0.03888   0.92704   0.11940   0.06476   0.00520  
240 28.9773   6961.444812  x:  0.16871  18.53447  16.95482   0.36407   0.57791   1.93708   0.08587   0.35267   0.53927   0.99101   0.28385   0.84654   1.28109  50.00000   1.20139   1.13869   0.01110   0.00480   0.22233   0.14182   0.05656  193.85543   0.23728   0.08142   0.03889   0.91729   0.11961   0.06469   0.00520  
241 10.5593   6961.444433  x:  0.16696  18.36454  17.23860   0.36482   0.57748   1.93716   0.08558   0.35280   0.53914   0.99126   0.28387   0.84662   1.28112  50.00000   1.20153   1.32228   0.01116   0.00473   0.22165   0.14198   0.05654  226.17841   0.23727   0.08144   0.03888   0.91682   0.11960   0.06468   0.00520  
242  9.7806   6961.444090  x:  0.16375  18.28356  17.32973   0.36482   0.57727   1.93671   0.08566   0.35293   0.53947   0.99110   0.28361   0.84743   1.28028  50.00000   1.20111   1.41941   0.01125   0.00470   0.22148   0.14198   0.05658  243.35600   0.23717   0.08138   0.03888   0.92166   0.11947   0.06472   0.00520  
243 10.7364   6961.443826  x:  0.15773  18.25309  17.34753   0.36466   0.57728   1.93647   0.08573   0.35296   0.53964   0.99094   0.28349   0.84777   1.27992  50.00000   1.20090   1.58216   0.01130   0.00470   0.22154   0.14194   0.05660  272.16275   0.23714   0.08135   0.03888   0.92380   0.11942   0.06474   0.00520  
244 56.7411   6961.443555  x:  0.15362  18.16887  17.26274   0.36428   0.57772   1.93665   0.08574   0.35284   0.53956   0.99080   0.28363   0.84722   1.28050  50.00000   1.20107   1.79250   0.01137   0.00472   0.22197   0.14184   0.05659  309.43156   0.23722   0.08137   0.03889   0.92112   0.11950   0.06472   0.00520  
245 34.1881   6961.443268  x:  0.15422  18.18351  16.98133   0.36401   0.57826   1.93711   0.08570   0.35268   0.53928   0.99089   0.28390   0.84622   1.28142  50.00000   1.20145   1.95442   0.01135   0.00479   0.22234   0.14174   0.05655  338.20930   0.23729   0.08143   0.03889   0.91599   0.11966   0.06468   0.00520  
246 17.9872   6961.443034  x:  0.14998  18.23742  17.01464   0.36461   0.57775   1.93695   0.08562   0.35285   0.53933   0.99118   0.28372   0.84681   1.28070  50.00000   1.20126   2.24253   0.01132   0.00479   0.22166   0.14187   0.05656  389.17057   0.23717   0.08141   0.03888   0.91931   0.11958   0.06471   0.00520  
247 32.4678   6961.442813  x:  0.14889  18.36467  17.21569   0.36525   0.57691   1.93659   0.08559   0.35306   0.53953   0.99121   0.28347   0.84787   1.27977  50.00000   1.20096   2.62507   0.01123   0.00474   0.22095   0.14208   0.05659  456.73108   0.23707   0.08136   0.03887   0.92430   0.11941   0.06474   0.00520  
248 36.0677   6961.442536  x:  0.14726  18.37930  17.09972   0.36419   0.57783   1.93690   0.08572   0.35272   0.53939   0.99082   0.28381   0.84677   1.28103  50.00000   1.20130   3.20270   0.01120   0.00476   0.22219   0.14185   0.05656  558.96768   0.23728   0.08140   0.03889   0.91815   0.11957   0.06469   0.00520  
249 40.7251   6961.442430  x:  0.14820  18.37050  17.06692   0.36397   0.57806   1.93695   0.08575   0.35266   0.53935   0.99083   0.28385   0.84654   1.28119  50.00000   1.20134   3.34174   0.01120   0.00477   0.22241   0.14177   0.05656  583.58240   0.23731   0.08141   0.03889   0.91725   0.11961   0.06469   0.00520  
250 32.7050   6961.442202  x:  0.14431  18.40885  17.03658   0.36432   0.57789   1.93683   0.08568   0.35279   0.53939   0.99112   0.28371   0.84685   1.28063  50.00000   1.20119   4.13569   0.01119   0.00478   0.22195   0.14180   0.05657  724.07532   0.23720   0.08140   0.03888   0.91959   0.11956   0.06471   0.00520  
251 96.9890   6961.442078  x:  0.14128  18.38301  17.09019   0.36476   0.57753   1.93672   0.08560   0.35292   0.53947   0.99110   0.28359   0.84728   1.28025  50.00000   1.20109   5.07267   0.01122   0.00477   0.22148   0.14191   0.05658  889.83860   0.23713   0.08138   0.03888   0.92181   0.11950   0.06473   0.00520  
252 113.1582   6961.441932  x:  0.14136  18.29820  17.17625   0.36505   0.57720   1.93670   0.08556   0.35299   0.53950   0.99103   0.28356   0.84755   1.28014  50.00000   1.20108   5.68981   0.01129   0.00475   0.22120   0.14203   0.05658  999.00000   0.23711   0.08137   0.03888   0.92261   0.11946   0.06473   0.00520  
253 59.8373   6961.441793  x:  0.13927  18.24185  17.17197   0.36463   0.57753   1.93684   0.08562   0.35285   0.53940   0.99100   0.28371   0.84708   1.28061  50.00000   1.20120   6.98624   0.01132   0.00474   0.22167   0.14193   0.05657  999.00000   0.23720   0.08139   0.03888   0.91983   0.11953   0.06471   0.00520  
254  0.9536   6961.441723  x:  0.13794  18.21724  17.05229   0.36429   0.57785   1.93676   0.08569   0.35276   0.53938   0.99098   0.28378   0.84674   1.28087  50.00000   1.20130   8.32880   0.01134   0.00478   0.22200   0.14183   0.05657  999.00000   0.23725   0.08141   0.03889   0.91844   0.11958   0.06470   0.00520  
255  0.8354   6961.441639  x:  0.13879  18.29314  16.99395   0.36431   0.57787   1.93667   0.08568   0.35279   0.53942   0.99100   0.28372   0.84682   1.28073  50.00000   1.20126   9.59544   0.01129   0.00479   0.22195   0.14182   0.05657  999.00000   0.23722   0.08140   0.03888   0.91945   0.11957   0.06471   0.00520  
256  0.5853   6961.441541  x:  0.13697  18.30092  17.04048   0.36467   0.57756   1.93664   0.08562   0.35289   0.53945   0.99101   0.28363   0.84718   1.28043  50.00000   1.20118  12.08749   0.01129   0.00478   0.22159   0.14191   0.05658  999.00000   0.23716   0.08139   0.03888   0.92115   0.11951   0.06472   0.00520  
257  1.9128   6961.441519  x:  0.13683  18.32624  17.10641   0.36472   0.57749   1.93675   0.08561   0.35289   0.53944   0.99103   0.28365   0.84722   1.28043  50.00000   1.20116  13.74387   0.01127   0.00476   0.22156   0.14194   0.05657  999.00000   0.23717   0.08139   0.03888   0.92097   0.11951   0.06472   0.00520  
258  2.0008   6961.441487  x:  0.13768  18.36387  17.17507   0.36454   0.57761   1.93693   0.08565   0.35281   0.53939   0.99103   0.28373   0.84703   1.28063  50.00000   1.20118  16.31013   0.01123   0.00474   0.22177   0.14191   0.05656  999.00000   0.23722   0.08140   0.03888   0.91954   0.11953   0.06471   0.00520  
259  1.6283   6961.441413  x:  0.13649  18.45159  17.03839   0.36419   0.57797   1.93670   0.08570   0.35275   0.53948   0.99095   0.28371   0.84681   1.28070  50.00000   1.20117  24.96443   0.01118   0.00478   0.22208   0.14178   0.05657  999.00000   0.23722   0.08139   0.03888   0.91971   0.11957   0.06471   0.00520  
260  1.8124   6961.441366  x:  0.13679  18.36980  17.07261   0.36459   0.57763   1.93675   0.08563   0.35286   0.53941   0.99105   0.28365   0.84715   1.28043  50.00000   1.20117  28.64020   0.01123   0.00477   0.22170   0.14189   0.05657  999.00000   0.23717   0.08140   0.03888   0.92086   0.11952   0.06472   0.00520  
261  1.8877   6961.441334  x:  0.13593  18.34445  17.11104   0.36469   0.57752   1.93682   0.08562   0.35288   0.53939   0.99107   0.28367   0.84720   1.28044  50.00000   1.20118  35.01705   0.01125   0.00476   0.22160   0.14194   0.05657  999.00000   0.23718   0.08140   0.03888   0.92068   0.11951   0.06472   0.00520  
262  4.9814   6961.441310  x:  0.13487  18.30748  17.13661   0.36444   0.57768   1.93682   0.08566   0.35277   0.53946   0.99093   0.28376   0.84687   1.28080  50.00000   1.20120  48.10236   0.01128   0.00475   0.22185   0.14188   0.05657  999.00000   0.23724   0.08139   0.03888   0.91898   0.11956   0.06470   0.00520  
263  4.5269   6961.441290  x:  0.13552  18.32273  17.12161   0.36444   0.57773   1.93677   0.08566   0.35280   0.53944   0.99100   0.28370   0.84698   1.28061  50.00000   1.20117  54.65632   0.01127   0.00476   0.22184   0.14186   0.05657  999.00000   0.23721   0.08139   0.03888   0.91994   0.11954   0.06471   0.00520  
264  2.9486   6961.441273  x:  0.13527  18.33057  17.12364   0.36461   0.57762   1.93678   0.08562   0.35287   0.53940   0.99107   0.28365   0.84719   1.28040  50.00000   1.20116  75.51396   0.01126   0.00476   0.22168   0.14190   0.05657  999.00000   0.23717   0.08140   0.03888   0.92094   0.11951   0.06472   0.00520  
265  8.8986   6961.441261  x:  0.13511  18.37742  17.10043   0.36446   0.57768   1.93684   0.08566   0.35278   0.53946   0.99092   0.28375   0.84688   1.28078  50.00000   1.20120  116.89745   0.01123   0.00476   0.22183   0.14189   0.05657  999.00000   0.23723   0.08139   0.03889   0.91908   0.11956   0.06470   0.00520  
266 11.8904   6961.441248  x:  0.13551  18.34606  17.11414   0.36462   0.57758   1.93680   0.08563   0.35285   0.53934   0.99116   0.28366   0.84720   1.28037  50.00000   1.20117  161.27379   0.01125   0.00476   0.22167   0.14190   0.05657  999.00000   0.23718   0.08141   0.03888   0.92081   0.11951   0.06472   0.00520  
267 14.5869   6961.441240  x:  0.13495  18.34311  17.11712   0.36455   0.57762   1.93679   0.08564   0.35283   0.53943   0.99101   0.28369   0.84708   1.28056  50.00000   1.20117  203.35701   0.01125   0.00476   0.22174   0.14190   0.05657  999.00000   0.23720   0.08139   0.03888   0.92028   0.11953   0.06471   0.00520  
268 22.6194   6961.441234  x:  0.13494  18.33901  17.11738   0.36446   0.57771   1.93680   0.08565   0.35280   0.53946   0.99094   0.28374   0.84692   1.28071  50.00000   1.20119  278.13584   0.01126   0.00476   0.22183   0.14188   0.05657  999.00000   0.23722   0.08139   0.03888   0.91934   0.11955   0.06471   0.00520  
269 19.4770   6961.441227  x:  0.13480  18.33117  17.12019   0.36453   0.57768   1.93680   0.08564   0.35283   0.53938   0.99109   0.28369   0.84707   1.28048  50.00000   1.20118  494.42223   0.01126   0.00476   0.22175   0.14188   0.05657  999.00000   0.23719   0.08140   0.03888   0.92027   0.11953   0.06472   0.00520  
270 69.7777   6961.441227  x:  0.13489  18.33939  17.11785   0.36453   0.57766   1.93680   0.08564   0.35283   0.53942   0.99102   0.28369   0.84706   1.28055  50.00000   1.20118  557.02357   0.01125   0.00476   0.22175   0.14189   0.05657  999.00000   0.23720   0.08139   0.03888   0.92026   0.11953   0.06471   0.00520  
271 58.5098   6961.441226  x:  0.13494  18.34612  17.11545   0.36453   0.57764   1.93680   0.08564   0.35283   0.53943   0.99100   0.28369   0.84705   1.28058  50.00000   1.20118  663.32474   0.01125   0.00476   0.22176   0.14189   0.05657  999.00000   0.23720   0.08139   0.03888   0.92014   0.11953   0.06471   0.00520  
272 197.7383   6961.441225  x:  0.13498  18.35358  17.11177   0.36453   0.57763   1.93680   0.08564   0.35282   0.53943   0.99100   0.28370   0.84704   1.28060  50.00000   1.20118  999.00000   0.01124   0.00476   0.22176   0.14190   0.05657  999.00000   0.23720   0.08139   0.03888   0.91998   0.11953   0.06471   0.00520  
273 154.0173   6961.441224  x:  0.13479  18.32693  17.12364   0.36454   0.57768   1.93679   0.08564   0.35283   0.53942   0.99104   0.28368   0.84707   1.28052  50.00000   1.20117  754.57455   0.01126   0.00476   0.22175   0.14188   0.05657  999.00000   0.23720   0.08139   0.03888   0.92039   0.11953   0.06472   0.00520  
274 50.5471   6961.441224  x:  0.13479  18.32693  17.12364   0.36454   0.57768   1.93679   0.08564   0.35283   0.53942   0.99104   0.28368   0.84707   1.28052  50.00000   1.20117  754.59732   0.01126   0.00476   0.22175   0.14188   0.05657  999.00000   0.23720   0.08139   0.03888   0.92039   0.11953   0.06472   0.00520  
275 174.8631   6961.441224  x:  0.13479  18.32693  17.12364   0.36454   0.57768   1.93679   0.08564   0.35283   0.53942   0.99104   0.28368   0.84707   1.28052  50.00000   1.20117  754.59732   0.01126   0.00476   0.22175   0.14188   0.05657  999.00000   0.23720   0.08139   0.03888   0.92039   0.11953   0.06472   0.00520  
276  0.0426   6961.441223  x:  0.13479  18.32693  17.12364   0.36454   0.57768   1.93679   0.08564   0.35283   0.53942   0.99104   0.28368   0.84707   1.28052  50.00000   1.20117  754.59732   0.01126   0.00476   0.22175   0.14188   0.05657  999.00000   0.23720   0.08139   0.03888   0.92039   0.11953   0.06472   0.00520  
277  1.9971   6961.441223  x:  0.13479  18.32693  17.12364   0.36454   0.57768   1.93679   0.08564   0.35283   0.53942   0.99104   0.28368   0.84707   1.28052  50.00000   1.20117  754.59732   0.01126   0.00476   0.22175   0.14188   0.05657  999.00000   0.23720   0.08139   0.03888   0.92039   0.11953   0.06472   0.00520  
278  0.4777   6961.441223  x:  0.13479  18.32693  17.12364   0.36454   0.57768   1.93679   0.08564   0.35283   0.53942   0.99104   0.28368   0.84707   1.28052  50.00000   1.20117  754.59732   0.01126   0.00476   0.22175   0.14188   0.05657  999.00000   0.23720   0.08139   0.03888   0.92039   0.11953   0.06472   0.00520  
279  0.1454   6961.441223  x:  0.13479  18.32693  17.12364   0.36454   0.57768   1.93679   0.08564   0.35283   0.53942   0.99104   0.28368   0.84707   1.28052  50.00000   1.20117  754.59732   0.01126   0.00476   0.22175   0.14188   0.05657  999.00000   0.23720   0.08139   0.03888   0.92039   0.11953   0.06472   0.00520  
280  0.0142   6961.441223  x:  0.13479  18.32693  17.12364   0.36454   0.57768   1.93679   0.08564   0.35283   0.53942   0.99104   0.28368   0.84707   1.28052  50.00000   1.20118  754.59732   0.01126   0.00476   0.22175   0.14188   0.05657  999.00000   0.23720   0.08139   0.03888   0.92039   0.11953   0.06472   0.00520  
281  0.0106   6961.441223  x:  0.13478  18.32693  17.12364   0.36454   0.57767   1.93679   0.08564   0.35283   0.53942   0.99103   0.28367   0.84707   1.28052  50.00000   1.20120  754.59732   0.01127   0.00476   0.22175   0.14189   0.05657  999.00000   0.23720   0.08139   0.03888   0.92039   0.11953   0.06472   0.00520  
282  0.0263   6961.441223  x:  0.13477  18.32693  17.12364   0.36454   0.57767   1.93679   0.08564   0.35283   0.53942   0.99103   0.28367   0.84707   1.28052  50.00000   1.20121  754.59732   0.01127   0.00476   0.22175   0.14189   0.05657  999.00000   0.23720   0.08140   0.03888   0.92039   0.11953   0.06472   0.00520  
283  0.0209   6961.441223  x:  0.13477  18.32693  17.12364   0.36454   0.57767   1.93679   0.08564   0.35283   0.53942   0.99103   0.28367   0.84707   1.28052  50.00000   1.20121  754.59732   0.01127   0.00476   0.22175   0.14189   0.05657  999.00000   0.23720   0.08140   0.03888   0.92039   0.11953   0.06472   0.00520  
284  0.0202   6961.441223  x:  0.13476  18.32693  17.12364   0.36453   0.57766   1.93679   0.08564   0.35283   0.53942   0.99103   0.28367   0.84707   1.28052  50.00000   1.20122  754.59732   0.01127   0.00476   0.22175   0.14189   0.05657  999.00000   0.23720   0.08139   0.03888   0.92039   0.11953   0.06472   0.00520  
285  0.0128   6961.441223  x:  0.13476  18.32693  17.12364   0.36453   0.57766   1.93679   0.08564   0.35283   0.53942   0.99103   0.28368   0.84707   1.28052  50.00000   1.20122  754.59732   0.01127   0.00476   0.22176   0.14189   0.05657  999.00000   0.23720   0.08140   0.03888   0.92039   0.11953   0.06472   0.00520  
286  0.0057   6961.441223  x:  0.13475  18.32693  17.12364   0.36453   0.57766   1.93679   0.08564   0.35283   0.53942   0.99103   0.28368   0.84707   1.28052  50.00000   1.20121  754.59732   0.01127   0.00476   0.22176   0.14189   0.05657  999.00000   0.23720   0.08140   0.03888   0.92039   0.11953   0.06472   0.00520  
287  0.0066   6961.441223  x:  0.13472  18.32692  17.12363   0.36453   0.57764   1.93679   0.08564   0.35283   0.53942   0.99102   0.28367   0.84706   1.28053  50.00000   1.20120  754.59732   0.01127   0.00476   0.22176   0.14190   0.05657  999.00000   0.23720   0.08139   0.03888   0.92038   0.11953   0.06472   0.00520  
288  0.0057   6961.441223  x:  0.13472  18.32692  17.12363   0.36453   0.57764   1.93679   0.08564   0.35283   0.53942   0.99102   0.28367   0.84706   1.28053  50.00000   1.20120  754.59732   0.01127   0.00476   0.22176   0.14189   0.05657  999.00000   0.23720   0.08139   0.03888   0.92038   0.11953   0.06472   0.00520  
289  0.0048   6961.441223  x:  0.13471  18.32692  17.12363   0.36453   0.57764   1.93679   0.08564   0.35283   0.53942   0.99102   0.28368   0.84706   1.28053  50.00000   1.20120  754.59732   0.01127   0.00476   0.22176   0.14189   0.05657  999.00000   0.23720   0.08139   0.03888   0.92038   0.11953   0.06472   0.00520  
290  0.0014   6961.441223  x:  0.13470  18.32692  17.12363   0.36454   0.57765   1.93678   0.08564   0.35283   0.53942   0.99101   0.28368   0.84706   1.28054  50.00000   1.20120  754.59732   0.01127   0.00476   0.22175   0.14189   0.05657  999.00000   0.23720   0.08139   0.03888   0.92038   0.11953   0.06472   0.00520  
291  0.0012   6961.441223  x:  0.13470  18.32691  17.12362   0.36454   0.57765   1.93678   0.08564   0.35283   0.53942   0.99100   0.28368   0.84706   1.28055  50.00000   1.20120  754.59732   0.01127   0.00476   0.22174   0.14189   0.05657  999.00000   0.23720   0.08139   0.03888   0.92037   0.11953   0.06471   0.00520  
292  0.0007   6961.441222  x:  0.13470  18.32689  17.12360   0.36455   0.57763   1.93677   0.08564   0.35283   0.53942   0.99099   0.28368   0.84705   1.28059  50.00000   1.20120  754.59732   0.01127   0.00476   0.22173   0.14190   0.05657  999.00000   0.23720   0.08139   0.03888   0.92035   0.11953   0.06471   0.00520  
293  0.0024   6961.441222  x:  0.13469  18.32688  17.12358   0.36455   0.57763   1.93676   0.08564   0.35283   0.53943   0.99102   0.28368   0.84706   1.28059  50.00000   1.20121  754.59732   0.01127   0.00476   0.22173   0.14190   0.05657  999.00000   0.23719   0.08139   0.03888   0.92033   0.11953   0.06471   0.00520  
294  0.0006   6961.441222  x:  0.13468  18.32686  17.12356   0.36455   0.57764   1.93675   0.08564   0.35283   0.53941   0.99103   0.28368   0.84706   1.28058  50.00000   1.20121  754.59732   0.01127   0.00476   0.22174   0.14190   0.05657  999.00000   0.23720   0.08140   0.03888   0.92032   0.11953   0.06471   0.00520  
295  0.0011   6961.441222  x:  0.13467  18.32681  17.12351   0.36453   0.57765   1.93674   0.08564   0.35283   0.53942   0.99100   0.28368   0.84705   1.28054  50.00000   1.20121  754.59732   0.01127   0.00476   0.22176   0.14189   0.05657  999.00000   0.23720   0.08139   0.03888   0.92028   0.11953   0.06472   0.00520  
296  0.0007   6961.441222  x:  0.13467  18.32677  17.12346   0.36452   0.57765   1.93674   0.08564   0.35283   0.53942   0.99099   0.28369   0.84707   1.28053  50.00000   1.20121  754.59732   0.01127   0.00476   0.22176   0.14189   0.05657  999.00000   0.23720   0.08139   0.03888   0.92024   0.11953   0.06472   0.00520  
297  0.0008   6961.441222  x:  0.13463  18.32607  17.12268   0.36455   0.57763   1.93669   0.08564   0.35276   0.53946   0.99101   0.28372   0.84704   1.28053  50.00000   1.20121  754.59732   0.01127   0.00476   0.22174   0.14190   0.05657  999.00000   0.23730   0.08139   0.03888   0.91969   0.11953   0.06472   0.00520  
298  0.0018   6961.441222  x:  0.13458  18.32517  17.12167   0.36455   0.57762   1.93665   0.08564   0.35282   0.53942   0.99100   0.28377   0.84700   1.28056  50.00000   1.20122  754.59732   0.01127   0.00476   0.22173   0.14190   0.05658  999.00000   0.23721   0.08140   0.03888   0.91901   0.11954   0.06471   0.00520  
299  0.0114   6961.441222  x:  0.13457  18.32496  17.12145   0.36450   0.57766   1.93667   0.08564   0.35282   0.53943   0.99099   0.28377   0.84699   1.28063  50.00000   1.20122  754.59732   0.01127   0.00476   0.22179   0.14188   0.05658  999.00000   0.23722   0.08139   0.03888   0.91893   0.11955   0.06471   0.00520  
300  0.0018   6961.441221  x:  0.13450  18.32262  17.11897   0.36454   0.57763   1.93708   0.08564   0.35283   0.53944   0.99101   0.28375   0.84703   1.28056  50.00000   1.20123  754.59732   0.01127   0.00476   0.22174   0.14190   0.05656  999.00000   0.23719   0.08139   0.03888   0.91934   0.11954   0.06471   0.00520  
301  0.0009   6961.441220  x:  0.13442  18.31665  17.11269   0.36454   0.57765   1.93654   0.08564   0.35283   0.53946   0.99099   0.28367   0.84709   1.28051  50.00000   1.20123  754.59732   0.01128   0.00476   0.22174   0.14190   0.05658  999.00000   0.23718   0.08138   0.03889   0.92066   0.11953   0.06472   0.00520  
302  0.0057   6961.441219  x:  0.13434  18.30882  17.10453   0.36459   0.57762   1.93674   0.08564   0.35285   0.53938   0.99102   0.28356   0.84711   1.28051  50.00000   1.20125  754.59732   0.01128   0.00476   0.22169   0.14190   0.05657  999.00000   0.23718   0.08140   0.03888   0.92196   0.11952   0.06472   0.00520  
303  0.0053   6961.441216  x:  0.13437  18.29132  17.08652   0.36455   0.57762   1.93673   0.08564   0.35284   0.53941   0.99101   0.28367   0.84705   1.28056  50.00000   1.20122  754.59732   0.01129   0.00477   0.22173   0.14190   0.05657  999.00000   0.23719   0.08140   0.03888   0.92049   0.11953   0.06471   0.00520  
304  0.0031   6961.441216  x:  0.13439  18.28562  17.08066   0.36455   0.57763   1.93674   0.08564   0.35284   0.53942   0.99101   0.28369   0.84704   1.28057  50.00000   1.20121  754.59732   0.01130   0.00477   0.22173   0.14190   0.05657  999.00000   0.23720   0.08140   0.03888   0.92008   0.11954   0.06471   0.00520  
305  0.0082   6961.441216  x:  0.13439  18.28561  17.08063   0.36455   0.57763   1.93674   0.08564   0.35284   0.53942   0.99101   0.28370   0.84704   1.28058  50.00000   1.20121  754.59732   0.01130   0.00477   0.22173   0.14190   0.05657  999.00000   0.23720   0.08140   0.03888   0.92006   0.11954   0.06471   0.00520  