   2    1    48.2    83.8   1.8593  2.2892  0.2541 0.2992  0.0719  1.1778  0.4935
   3    1    48.2    83.8   1.6365  2.2892  0.1311 0.1595  0.0477  1.2162  0.3970
   3    2    48.0    84.0   1.9806  2.2892  0.1910 0.2601  0.0649  1.3614  0.6959
   4    1    46.1    85.9   1.7942  2.2892  0.2772 0.3130  0.0734  1.1293  0.4315
   4    2    45.8    86.2   1.1783  2.2892  0.3074 0.2204  0.0577  0.7170  0.2020
   4    3    45.9    86.1   1.5179  2.2892  0.3769 0.3213  0.0741  0.8526  0.2475
   5    1    48.8    83.2   1.5618  2.2892  0.0712 0.0894  0.0344  1.2556  0.5620
   5    2    48.5    83.5   1.8988  2.2892  0.2291 0.2828  0.0686  1.2348  0.5807
   5    3    48.6    83.4   1.4542  2.2892  0.1738 0.1762  0.0510  1.0141  0.3229
   5    4    46.5    85.5   2.1303  2.2892  0.2341 0.3300  0.0764  1.4097  0.5238
   6    1    48.6    83.4   1.4345  2.2892  0.2381 0.2195  0.0603  0.9220  0.2930
   6    2    48.3    83.7   1.2816  2.2892  0.2598 0.2091  0.0573  0.8047  0.2805
   6    3    48.4    83.6   3.0713  2.2892  0.1129 0.2638  0.0664  2.3365  2.0430
   6    4    46.3    85.7   1.4347  2.2892  0.2553 0.2365  0.0605  0.9261  0.2762
   6    5    49.0    83.0   1.6352  2.2892  0.2195 0.2350  0.0631  1.0705  0.3539
   7    1    49.7    82.3   1.7476  2.2892  0.1319 0.1675  0.0497  1.2698  0.4035
   7    2    49.4    82.6   1.8259  2.2892  0.1789 0.2239  0.0589  1.2512  0.4342
   7    3    49.5    82.5   1.2284  2.2892  0.2920 0.2145  0.0575  0.7345  0.2007
   7    4    47.4    84.6   1.1742  2.2892  0.3195 0.2218  0.0582  0.6944  0.2008
   7    5    50.1    81.9   1.4988  2.2892  0.1566 0.1642  0.0493  1.0483  0.3500
   7    6    49.9    82.1   1.9683  2.2892  0.0721 0.1118  0.0397  1.5521  1.5097
   8    1    47.6    84.4   1.8442  2.2892  0.1862 0.2386  0.0607  1.2816  0.4730
   8    2    47.3    84.7   1.2765  2.2892  0.2002 0.1749  0.0500  0.8737  0.2995
   8    3    47.4    84.6   2.4610  2.2892  0.1078 0.2065  0.0554  1.9161  0.8632
   8    4    45.3    86.7   1.4180  2.2892  0.2284 0.2190  0.0566  0.9588  0.2945
   8    5    48.0    84.0   2.3285  2.2892  0.1428 0.2440  0.0618  1.7082  0.8477
   8    6    47.8    84.2   1.7118  2.2892  0.1715 0.2076  0.0561  1.2103  0.4671
   8    7    48.9    83.1   1.2837  2.2892  0.1061 0.1039  0.0374  0.9790  0.2894
   9    1    46.6    85.4   1.1597  2.2892  0.1282 0.1137  0.0387  0.8866  0.2800
   9    2    46.3    85.7   1.3393  2.2892  0.3905 0.2884  0.0683  0.7385  0.2388
   9    3    46.4    85.6   1.3766  2.2892  0.1201 0.1283  0.0419  1.0687  0.3620
   9    4    44.3    87.7   1.8352  2.2892  0.2394 0.2962  0.0688  1.2371  1.5745
   9    5    47.0    85.0   1.5371  2.2892  0.1062 0.1282  0.0416  1.2076  0.9063
   9    6    46.8    85.2   1.4498  2.2892  0.1711 0.1779  0.0515  1.0395  0.3526
   9    7    47.9    84.1   1.4483  2.2892  0.1041 0.1171  0.0400  1.1252  0.3553
   9    8    45.8    86.2   1.7794  2.2892  0.1216 0.1692  0.0485  1.3917  0.4557
  10    1    47.8    84.2   3.1855  2.2892  0.0840 0.2147  0.0578  2.5565  3.4907
  10    2    47.5    84.5   2.2042  2.2892  0.1028 0.1775  0.0507  1.7264  2.4038
  10    3    47.5    84.5   2.5806  2.2892  0.0963 0.1965  0.0541  2.0392  1.5559
  10    4    45.4    86.6   2.4467  2.2892  0.0665 0.1399  0.0436  2.1038  1.1189
  10    5    48.1    83.9   1.2605  2.2892  0.3149 0.2343  0.0612  0.7440  0.2380
  10    6    47.9    84.1   2.6224  2.2892  0.0468 0.1042  0.0385  2.2246  3.7791
  10    7    49.0    83.0   1.7256  2.2892  0.0563 0.0796  0.0324  1.4139  0.5365
  10    8    46.9    85.1   1.9530  2.2892  0.0905 0.1423  0.0442  1.5732  0.7952
  10    9    45.9    86.1   2.0644  2.2892  0.1062 0.1752  0.0499  1.6495  0.6272
  11    1    47.4    84.6   1.7954  2.2892  0.1435 0.1905  0.0527  1.3278  0.5071
  11    2    47.1    84.9   1.5975  2.2892  0.1571 0.1827  0.0534  1.1631  0.3864
  11    3    47.1    84.9   1.8055  2.2892  0.1534 0.2025  0.0547  1.3204  0.6891
  11    4    45.0    87.0   1.9287  2.2892  0.1821 0.2540  0.0627  1.3944  0.6288
  11    5    47.7    84.3   2.0317  2.2892  0.1431 0.2140  0.0570  1.4951  0.9318
  11    6    47.5    84.5   1.4516  2.2892  0.2711 0.2459  0.0643  0.9068  0.2788
  11    7    48.6    83.4   1.5018  2.2892  0.1484 0.1608  0.0481  1.0832  0.3309
  11    8    46.5    85.5   1.6603  2.2892  0.1521 0.1866  0.0518  1.2272  0.5333
  11    9    45.5    86.5   1.3689  2.2892  0.1728 0.1721  0.0490  0.9961  0.4119
  11   10    46.7    85.3   1.2406  2.2892  0.2668 0.2097  0.0560  0.7861  0.3039
  12    1    48.9    83.1   1.9026  2.2892  0.0681 0.1046  0.0377  1.5351  0.5272
  12    2    48.6    83.4   1.5399  2.2892  0.3595 0.3100  0.0736  0.8622  0.2574
  12    3    48.7    83.3   1.3508  2.2892  0.1323 0.1317  0.0431  0.9958  0.3013
  12    4    46.5    85.5   1.3806  2.2892  0.6039 0.3738  0.0841  0.6189  0.1727
  12    5    49.2    82.8   1.8033  2.2892  0.0425 0.0638  0.0290  1.5038  0.5051
  12    6    49.1    82.9   1.4456  2.2892  0.1835 0.1816  0.0527  0.9896  0.3074
  12    7    50.1    81.9   1.0795  2.2892  0.3008 0.1911  0.0543  0.6353  0.1659
  12    8    48.0    84.0   1.9067  2.2892  0.2117 0.2699  0.0664  1.2746  0.7360
  12    9    47.0    85.0   1.5932  2.2892  0.0891 0.1144  0.0390  1.2834  0.5175
  12   10    48.2    83.8   2.0493  2.2892  0.1809 0.2575  0.0657  1.4232  0.5595
  12   11    47.8    84.2   1.6749  2.2892  0.2093 0.2358  0.0608  1.1264  0.4296
  13    1    47.2    84.8   1.7356  2.2892  0.2170 0.2526  0.0631  1.1638  0.4204
  13    2    47.0    85.0   1.5897  2.2892  0.2586 0.2624  0.0644  1.0144  0.3603
  13    3    47.0    85.0   2.8917  2.2892  0.1312 0.2871  0.0690  2.1874  2.1549
  13    4    44.9    87.1   1.7409  2.2892  0.2525 0.2892  0.0687  1.1454  0.7486
  13    5    47.6    84.4   2.3325  2.2892  0.1681 0.2792  0.0680  1.6610  0.9100
  13    6    47.4    84.6   2.2686  2.2892  0.2720 0.3856  0.0886  1.4177  0.8757
  13    7    48.5    83.5   1.7297  2.2892  0.2455 0.2708  0.0666  1.1031  1.0460
  13    8    46.4    85.6   1.6708  2.2892  0.2473 0.2691  0.0652  1.0881  0.9071
  13    9    45.4    86.6   1.9498  2.2892  0.1603 0.2320  0.0589  1.4471  0.8037
  13   10    46.5    85.5   1.7650  2.2892  0.3114 0.3306  0.0757  1.0615  0.4243
  13   11    46.1    85.9   2.1155  2.2892  0.1159 0.1923  0.0528  1.6594  1.1763
  13   12    47.7    84.3   1.5918  2.2892  0.3391 0.3114  0.0741  0.9184  0.3990
  14    1    46.8    85.2   1.9664  2.2892  0.0899 0.1427  0.0443  1.5878  0.8682
  14    2    46.6    85.4   1.3578  2.2892  0.3886 0.2910  0.0692  0.7489  0.2104
  14    3    46.6    85.4   2.0888  2.2892  0.0833 0.1425  0.0443  1.7100  1.4529
  14    4    44.5    87.5   1.3129  2.2892  0.4969 0.3263  0.0734  0.6566  0.1906
  14    5    47.2    84.8   1.2985  2.2892  0.1363 0.1325  0.0425  0.9721  0.3145
  14    6    47.0    85.0   1.5718  2.2892  0.1571 0.1800  0.0527  1.1456  0.4558
  14    7    48.1    83.9   1.6162  2.2892  0.1078 0.1341  0.0435  1.2441  0.4790
  14    8    46.0    86.0   2.9636  2.2892  0.0749 0.1863  0.0516  2.4858  5.4122
  14    9    45.0    87.0   1.5603  2.2892  0.0425 0.0599  0.0271  1.4094  0.7261
  14   10    46.2    85.8   1.6805  2.2892  0.1409 0.1788  0.0510  1.2692  0.4850
  14   11    45.8    86.2   2.1038  2.2892  0.1138 0.1895  0.0520  1.6656  0.6411
  14   12    47.3    84.7   1.1013  2.2892  0.1456 0.1184  0.0398  0.8127  0.2771
  14   13    45.6    86.4   2.0034  2.2892  0.2084 0.2887  0.0681  1.3854  0.6334
  15    1    48.3    83.7   1.9330  2.2892  0.1793 0.2409  0.0633  1.3433  0.4347
  15    2    48.0    84.0   1.3319  2.2892  0.1639 0.1554  0.0470  0.9482  0.2707
  15    3    48.1    83.9   1.6095  2.2892  0.2190 0.2333  0.0624  1.0653  0.3219
  15    4    46.0    86.0   1.3559  2.2892  0.1914 0.1829  0.0510  0.9555  0.2849
  15    5    48.7    83.3   1.2548  2.2892  0.2700 0.2094  0.0574  0.7756  0.2141
  15    6    48.5    83.5   1.6140  2.2892  0.1260 0.1516  0.0469  1.2034  0.4207
  15    7    49.6    82.4   1.5290  2.2892  0.1044 0.1207  0.0408  1.1562  0.4165
  15    8    47.5    84.5   2.2667  2.2892  0.0936 0.1685  0.0497  1.8005  0.7455
  15    9    46.5    85.5   1.3747  2.2892  0.2581 0.2277  0.0591  0.8823  0.3278
  15   10    47.6    84.4   1.7236  2.2892  0.0643 0.0919  0.0347  1.4295  0.6667
  15   11    47.2    84.8   2.1084  2.2892  0.1431 0.2237  0.0607  1.5626  0.5550
  15   12    48.8    83.2   1.4929  2.2892  0.2538 0.2385  0.0628  0.9400  0.2761
  15   13    47.1    84.9   1.7699  2.2892  0.2174 0.2583  0.0655  1.1879  0.4560
  15   14    46.7    85.3   1.6456  2.2892  0.2010 0.2279  0.0598  1.1338  0.3581
  16    1    48.0    84.0   1.3435  2.2892  0.2173 0.1940  0.0540  0.8926  0.2800
  16    2    47.7    84.3   1.8519  2.2892  0.1643 0.2175  0.0575  1.3238  0.4807
  16    3    47.8    84.2   1.4569  2.2892  0.1333 0.1449  0.0451  1.0867  0.3565
  16    4    45.6    86.4   2.5283  2.2892  0.1349 0.2619  0.0638  1.9422  1.3693
  16    5    48.3    83.7   1.3367  2.2892  0.1792 0.1664  0.0490  0.9286  0.2867
  16    6    48.1    83.9   1.8386  2.2892  0.1201 0.1669  0.0490  1.3896  0.5748
  16    7    49.2    82.8   1.8081  2.2892  0.0973 0.1351  0.0435  1.3885  0.5235
  16    8    47.1    84.9   1.8494  2.2892  0.1384 0.1913  0.0530  1.3818  0.5566
  16    9    46.1    85.9   1.8898  2.2892  0.0918 0.1412  0.0438  1.5392  1.0905
  16   10    47.3    84.7   3.2056  2.2892  0.0624 0.1675  0.0489  2.6826  7.6454
  16   11    46.9    85.1   1.5692  2.2892  0.2230 0.2337  0.0609  1.0482  0.3933
  16   12    48.4    83.6   2.8321  2.2892  0.0508 0.1202  0.0407  2.3667  4.5404
  16   13    46.8    85.2   2.4079  2.2892  0.1490 0.2654  0.0660  1.7819  1.5182
  16   14    46.4    85.6   1.4305  2.2892  0.1822 0.1850  0.0514  1.0155  0.3496
  16   15    47.8    84.2   1.6467  2.2892  0.1238 0.1539  0.0466  1.2436  0.4445
  17    1    48.1    83.9   1.3012  2.2892  0.1567 0.1464  0.0452  0.9346  0.2825
  17    2    47.9    84.1   1.2154  2.2892  0.3341 0.2352  0.0610  0.7040  0.2016
  17    3    47.9    84.1   2.0727  2.2892  0.1101 0.1756  0.0504  1.5954  0.8108
  17    4    45.8    86.2   1.7586  2.2892  0.2987 0.3231  0.0738  1.0818  0.4563
  17    5    48.5    83.5   1.2449  2.2892  0.2040 0.1705  0.0497  0.8358  0.2596
  17    6    48.3    83.7   1.3768  2.2892  0.3287 0.2626  0.0693  0.7991  0.2664
  17    7    49.4    82.6   1.4007  2.2892  0.1902 0.1801  0.0518  0.9466  0.2752
  17    8    47.3    84.7   1.2265  2.2892  0.2086 0.1733  0.0497  0.8308  0.2457
  17    9    46.3    85.7   1.5389  2.2892  0.1510 0.1726  0.0493  1.1432  0.3863
  17   10    47.4    84.6   1.3412  2.2892  0.2150 0.1933  0.0545  0.8993  0.2687
  17   11    47.0    85.0   1.1289  2.2892  0.2175 0.1649  0.0488  0.7581  0.2247
  17   12    48.6    83.4   1.6494  2.2892  0.1971 0.2201  0.0591  1.1164  0.4314
  17   13    46.9    85.1   1.7412  2.2892  0.2692 0.2954  0.0696  1.0973  0.3849
  17   14    46.5    85.5   1.4192  2.2892  0.1662 0.1709  0.0493  1.0282  0.4034
  17   15    48.0    84.0   2.1404  2.2892  0.1368 0.2165  0.0589  1.5832  1.0546
  17   16    47.7    84.3   1.0644  2.2892  0.2366 0.1639  0.0487  0.6927  0.2009
  18    1    47.8    84.2   1.3925  2.2892  0.2324 0.2113  0.0566  0.9091  0.2584
  18    2    47.6    84.4   1.4347  2.2892  0.1818 0.1824  0.0514  1.0033  0.3155
  18    3    47.6    84.4   2.2701  2.2892  0.1332 0.2259  0.0587  1.6969  0.8066
  18    4    45.5    86.5   1.2235  2.2892  0.2547 0.2030  0.0541  0.7972  0.2330
  18    5    48.2    83.8   2.3848  2.2892  0.0973 0.1811  0.0514  1.8617  1.9534
  18    6    48.0    84.0   1.4301  2.2892  0.1602 0.1640  0.0493  1.0236  0.3168
  18    7    49.1    82.9   1.1629  2.2892  0.1240 0.1068  0.0380  0.8616  0.2354
  18    8    47.0    85.0   1.1821  2.2892  0.2504 0.1907  0.0528  0.7616  0.2199
  18    9    46.0    86.0   1.1187  2.2892  0.2022 0.1570  0.0473  0.7764  0.2502
  18   10    47.2    84.8   1.8866  2.2892  0.0655 0.1031  0.0369  1.5747  0.9408
  18   11    46.8    85.2   1.3948  2.2892  0.2201 0.2062  0.0556  0.9366  0.2906
  18   12    48.3    83.7   1.3663  2.2892  0.2248 0.2014  0.0550  0.8960  0.2699
  18   13    46.6    85.4   1.7329  2.2892  0.2789 0.3019  0.0710  1.0824  0.9274
  18   14    46.2    85.8   1.7072  2.2892  0.1231 0.1627  0.0475  1.3224  0.4852
  18   15    47.7    84.3   1.4118  2.2892  0.2364 0.2171  0.0573  0.9184  0.2922
  18   16    47.4    84.6   1.5814  2.2892  0.1581 0.1811  0.0511  1.1454  0.3699
  18   17    47.5    84.5   1.2380  2.2892  0.2885 0.2186  0.0575  0.7576  0.2155
  19    1    47.9    84.1   1.3366  2.2892  0.1145 0.1171  0.0397  1.0226  0.3101
  19    2    47.6    84.4   1.3595  2.2892  0.3368 0.2649  0.0650  0.7867  0.2392
  19    3    47.7    84.3   2.0816  2.2892  0.0980 0.1605  0.0477  1.6373  1.1786
  19    4    45.5    86.5   1.4489  2.2892  0.3401 0.2893  0.0681  0.8507  0.2589
  19    5    48.3    83.7   1.1606  2.2892  0.1166 0.1026  0.0370  0.8802  0.2759
  19    6    48.1    83.9   1.3917  2.2892  0.1712 0.1679  0.0499  0.9808  0.2878
  19    7    49.2    82.8   1.1383  2.2892  0.0869 0.0772  0.0322  0.8888  0.2504
  19    8    47.1    84.9   1.5990  2.2892  0.1478 0.1744  0.0498  1.1804  0.3989
  19    9    46.1    85.9   0.9943  2.2892  0.0905 0.0735  0.0304  0.8127  0.2392
  19   10    47.2    84.8   1.1909  2.2892  0.2012 0.1641  0.0483  0.8154  0.2376
  19   11    46.8    85.2   1.6266  2.2892  0.1260 0.1568  0.0468  1.2438  0.4488
  19   12    48.3    83.7   1.8907  2.2892  0.0787 0.1192  0.0403  1.5151  0.5564
  19   13    46.7    85.3   1.5581  2.2892  0.2328 0.2399  0.0607  1.0303  0.3458
  19   14    46.3    85.7   1.1311  2.2892  0.1347 0.1159  0.0391  0.8604  0.2593
  19   15    47.8    84.2   1.1958  2.2892  0.2192 0.1741  0.0501  0.7946  0.2188
  19   16    47.4    84.6   2.0557  2.2892  0.0883 0.1455  0.0449  1.6479  1.0465
  19   17    47.6    84.4   1.6920  2.2892  0.1409 0.1764  0.0503  1.2521  0.4389
  19   18    47.3    84.7   1.3601  2.2892  0.1675 0.1631  0.0483  0.9735  0.3145
  20    1    47.6    84.4   2.0428  2.2892  0.1224 0.1900  0.0527  1.5526  0.6086
  20    2    47.3    84.7   1.7902  2.2892  0.2390 0.2787  0.0670  1.1662  0.4143
  20    3    47.4    84.6   1.1574  2.2892  0.3688 0.2390  0.0606  0.6481  0.1876
  20    4    45.2    86.8   1.6538  2.2892  0.2469 0.2696  0.0648  1.0917  0.3772
  20    5    47.9    84.1   1.2342  2.2892  0.3592 0.2496  0.0627  0.6950  0.2340
  20    6    47.7    84.3   1.7249  2.2892  0.2366 0.2653  0.0660  1.1214  0.4972
  20    7    48.8    83.2   1.4149  2.2892  0.1604 0.1606  0.0479  1.0012  0.2987
  20    8    46.7    85.3   2.7785  2.2892  0.0821 0.1867  0.0519  2.2753  3.6817
  20    9    45.7    86.3   1.5448  2.2892  0.1818 0.2012  0.0538  1.1067  0.3699
  20   10    46.9    85.1   1.3203  2.2892  0.1730 0.1631  0.0479  0.9429  0.3548
  20   11    46.5    85.5   1.8564  2.2892  0.1920 0.2493  0.0621  1.2986  0.5479
  20   12    48.0    84.0   1.7663  2.2892  0.2291 0.2647  0.0655  1.1557  0.4703
  20   13    46.4    85.6   1.8452  2.2892  0.2703 0.3157  0.0724  1.1682  0.5697
  20   14    46.0    86.0   1.2158  2.2892  0.2808 0.2142  0.0560  0.7628  0.2294
  20   15    47.4    84.6   1.3040  2.2892  0.2033 0.1804  0.0510  0.8877  0.2691
  20   16    47.1    84.9   1.6709  2.2892  0.1546 0.1887  0.0523  1.2208  1.4313
  20   17    47.2    84.8   2.2484  2.2892  0.0967 0.1725  0.0498  1.7843  1.8326
  20   18    47.0    85.0   1.5353  2.2892  0.2132 0.2213  0.0577  1.0377  0.3527
  20   19    47.0    85.0   1.5492  2.2892  0.1891 0.2044  0.0548  1.0805  0.5084
  21    1    48.5    83.5   2.1630  2.2892  0.2328 0.3263  0.0774  1.4016  0.6811
  21    2    48.2    83.8   2.0688  2.2892  0.2091 0.2897  0.0696  1.3852  0.5141
  21    3    48.2    83.8   2.2772  2.2892  0.2538 0.3659  0.0839  1.4416  0.5774
  21    4    46.1    85.9   1.5664  2.2892  0.4105 0.3477  0.0778  0.8470  0.2661
  21    5    48.8    83.2   1.9760  2.2892  0.3129 0.3634  0.0828  1.1615  0.3981
  21    6    48.6    83.4   1.4513  2.2892  0.3497 0.2871  0.0699  0.8209  0.2785
  21    7    49.7    82.3   1.7688  2.2892  0.1955 0.2312  0.0604  1.1826  0.3677
  21    8    47.6    84.4   1.3986  2.2892  0.2834 0.2438  0.0623  0.8602  0.3089
  21    9    46.6    85.4   2.0528  2.2892  0.2701 0.3501  0.0785  1.2960  0.5285
  21   10    47.8    84.2   1.2035  2.2892  0.3382 0.2348  0.0605  0.6944  0.2149
  21   11    47.4    84.6   1.3364  2.2892  0.4250 0.2999  0.0718  0.7055  0.2159
  21   12    48.9    83.1   1.7722  2.2892  0.4476 0.4054  0.0908  0.9057  0.2834
  21   13    47.2    84.8   1.9549  2.2892  0.2988 0.3542  0.0827  1.1853  0.5503
  21   14    46.9    85.1   1.6135  2.2892  0.4071 0.3545  0.0798  0.8709  0.3104
  21   15    48.3    83.7   1.8622  2.2892  0.1006 0.1452  0.0452  1.4439  0.5983
  21   16    48.0    84.0   2.1285  2.2892  0.2367 0.3266  0.0759  1.3798  0.7214
  21   17    48.1    83.9   1.3040  2.2892  0.4259 0.2914  0.0701  0.6842  0.1937
  21   18    47.9    84.1   1.8365  2.2892  0.3872 0.3890  0.0855  1.0046  0.3826
  21   19    47.9    84.1   2.2089  2.2892  0.1794 0.2768  0.0673  1.5431  1.0818
  21   20    47.6    84.4   1.9304  2.2892  0.2259 0.2879  0.0687  1.2743  0.6192
  22    1    48.6    83.4   1.7632  2.2892  0.1442 0.1844  0.0522  1.2788  0.4494
  22    2    48.4    83.6   2.2837  2.2892  0.1983 0.3067  0.0720  1.5467  1.1910
  22    3    48.4    83.6   1.3711  2.2892  0.2191 0.1980  0.0543  0.9038  0.2635
  22    4    46.3    85.7   1.4552  2.2892  0.5060 0.3613  0.0802  0.7140  0.2072
  22    5    49.0    83.0   1.7115  2.2892  0.1260 0.1595  0.0482  1.2661  0.5194
  22    6    48.8    83.2   1.7527  2.2892  0.1461 0.1847  0.0529  1.2646  0.4198
  22    7    49.9    82.1   1.1535  2.2892  0.2127 0.1602  0.0486  0.7532  0.2029
  22    8    47.8    84.2   2.8278  2.2892  0.1150 0.2489  0.0624  2.1636  1.6585
  22    9    46.8    85.2   1.6716  2.2892  0.0760 0.1049  0.0371  1.3799  0.5563
  22   10    48.0    84.0   1.9221  2.2892  0.1636 0.2242  0.0591  1.3702  0.6795
  22   11    47.6    84.4   2.7059  2.2892  0.1012 0.2147  0.0568  2.1214  1.7053
  22   12    49.1    82.9   1.4657  2.2892  0.1456 0.1535  0.0468  1.0544  0.3326
  22   13    47.4    84.6   1.4651  2.2892  0.3323 0.2836  0.0681  0.8533  0.2285
  22   14    47.1    84.9   1.5320  2.2892  0.1254 0.1465  0.0449  1.1679  0.3939
  22   15    48.5    83.5   1.6607  2.2892  0.2240 0.2435  0.0621  1.0869  0.3117
  22   16    48.2    83.8   1.7151  2.2892  0.1143 0.1493  0.0458  1.3062  0.9531
  22   17    48.3    83.7   2.3359  2.2892  0.1018 0.1841  0.0519  1.8076  0.9689
  22   18    48.1    83.9   1.9546  2.2892  0.1358 0.1964  0.0544  1.4465  0.6841
  22   19    48.1    83.9   1.8626  2.2892  0.0715 0.1083  0.0381  1.5149  0.7029
  22   20    47.8    84.2   1.1094  2.2892  0.3269 0.2119  0.0563  0.6481  0.2011
  22   21    48.7    83.3   2.1222  2.2892  0.3357 0.4090  0.0893  1.2183  0.3901
  23    1    45.6    86.4   2.4057  2.2892  0.0925 0.1828  0.0507  1.9755  1.3778
  23    2    45.3    86.7   1.7510  2.2892  0.2034 0.2489  0.0615  1.2238  0.7192
  23    3    45.4    86.6   1.9285  2.2892  0.1106 0.1707  0.0492  1.5439  0.8844
  23    4    43.3    88.7   1.8595  2.2892  0.3006 0.3517  0.0774  1.1700  0.5155
  23    5    46.0    86.0   1.5348  2.2892  0.1958 0.2105  0.0555  1.0751  0.3064
  23    6    45.8    86.2   2.0120  2.2892  0.2359 0.3159  0.0759  1.3391  0.7405
  23    7    46.9    85.1   1.5365  2.2892  0.2201 0.2268  0.0586  1.0306  0.4073
  23    8    44.8    87.2   1.9716  2.2892  0.1711 0.2487  0.0612  1.4534  0.8572
  23    9    43.8    88.2   1.9251  2.2892  0.1293 0.1985  0.0528  1.5353  0.8977
  23   10    44.9    87.1   2.3010  2.2892  0.1597 0.2749  0.0661  1.7213  1.2026
  23   11    44.5    87.5   2.2197  2.2892  0.1112 0.2003  0.0534  1.8004  1.5270
  23   12    46.0    86.0   1.3363  2.2892  0.2202 0.1993  0.0541  0.9051  0.2804
  23   13    44.4    87.6   1.1109  2.2892  0.4017 0.2468  0.0608  0.6142  0.3568
  23   14    44.0    88.0   1.2350  2.2892  0.2329 0.1962  0.0527  0.8426  0.2748
  23   15    45.5    86.5   1.2129  2.2892  0.3036 0.2259  0.0589  0.7439  0.2290
  23   16    45.1    86.9   1.6985  2.2892  0.2180 0.2543  0.0626  1.1666  0.3772
  23   17    45.3    86.7   1.5183  2.2892  0.2096 0.2207  0.0569  1.0528  0.4195
  23   18    45.0    87.0   1.2159  2.2892  0.4543 0.2875  0.0674  0.6330  0.1938
  23   19    45.0    87.0   2.1347  2.2892  0.1203 0.2036  0.0541  1.6924  1.9061
  23   20    44.7    87.3   1.2568  2.2892  0.4048 0.2796  0.0659  0.6908  0.2241
  23   21    45.6    86.4   1.9506  2.2892  0.2416 0.3119  0.0718  1.2909  1.3961
  23   22    45.8    86.2   1.9004  2.2892  0.1942 0.2597  0.0632  1.3368  1.0870
  24    1    47.9    84.1   0.9097  2.2892  0.2618 0.1498  0.0459  0.5723  0.1650
  24    2    47.7    84.3   1.2932  2.2892  0.3310 0.2492  0.0634  0.7528  0.2408
  24    3    47.7    84.3   1.1348  2.2892  0.2746 0.1935  0.0538  0.7045  0.2194
  24    4    45.6    86.4   1.3448  2.2892  0.3060 0.2514  0.0634  0.8214  0.2526
  24    5    48.3    83.7   1.8617  2.2892  0.1538 0.2059  0.0564  1.3388  0.4677
  24    6    48.1    83.9   1.8254  2.2892  0.1626 0.2115  0.0574  1.3005  0.3967
  24    7    49.2    82.8   1.3083  2.2892  0.1896 0.1682  0.0501  0.8868  0.2728
  24    8    47.1    84.9   1.4070  2.2892  0.2004 0.1935  0.0535  0.9654  0.2910
  24    9    46.1    85.9   1.3885  2.2892  0.1533 0.1580  0.0470  1.0305  0.2895
  24   10    47.3    84.7   2.0675  2.2892  0.1593 0.2385  0.0613  1.4972  0.6422
  24   11    46.9    85.1   1.3340  2.2892  0.2520 0.2165  0.0590  0.8591  0.3013
  24   12    48.4    83.6   1.2241  2.2892  0.2290 0.1826  0.0523  0.7976  0.2467
  24   13    46.7    85.3   1.1478  2.2892  0.3491 0.2305  0.0609  0.6602  0.1999
  24   14    46.4    85.6   2.2641  2.2892  0.1133 0.2013  0.0544  1.7772  1.6190
  24   15    47.8    84.2   2.0141  2.2892  0.1420 0.2105  0.0585  1.4827  0.8682
  24   16    47.5    84.5   1.5803  2.2892  0.1506 0.1740  0.0502  1.1549  0.4246
  24   17    47.6    84.4   1.1931  2.2892  0.2928 0.2125  0.0565  0.7257  0.2092
  24   18    47.3    84.7   1.4593  2.2892  0.2359 0.2250  0.0590  0.9539  0.2830
  24   19    47.4    84.6   2.0097  2.2892  0.1160 0.1793  0.0519  1.5460  0.6344
  24   20    47.1    84.9   2.4367  2.2892  0.1164 0.2192  0.0572  1.8822  3.1561
  24   21    48.0    84.0   2.8288  2.2892  0.1763 0.3495  0.0830  1.9827  1.8346
  24   22    48.2    83.8   1.6213  2.2892  0.1702 0.1945  0.0540  1.1426  0.4124
  24   23    45.1    86.9   1.8028  2.2892  0.2014 0.2552  0.0630  1.2670  0.5093
  25    1    46.9    85.1   2.2385  2.2892  0.1971 0.3050  0.0719  1.5474  0.7485
  25    2    46.6    85.4   1.3850  2.2892  0.3684 0.2876  0.0684  0.7805  0.2339
  25    3    46.7    85.3   1.9376  2.2892  0.2171 0.2839  0.0679  1.3078  0.5553
  25    4    44.5    87.5   1.5237  2.2892  0.3224 0.2972  0.0689  0.9217  0.2860
  25    5    47.2    84.8   1.3738  2.2892  0.3868 0.2922  0.0695  0.7553  0.2215
  25    6    47.1    84.9   2.3456  2.2892  0.1778 0.2953  0.0704  1.6604  1.5874
  25    7    48.1    83.9   1.6679  2.2892  0.1870 0.2150  0.0573  1.1498  0.3639
  25    8    46.0    86.0   1.5112  2.2892  0.1853 0.1988  0.0536  1.0730  0.4336
  25    9    45.0    87.0   2.8052  2.2892  0.1404 0.3027  0.0699  2.1557  2.6965
  25   10    46.2    85.8   1.2907  2.2892  0.3837 0.2754  0.0663  0.7178  0.1914
  25   11    45.8    86.2   1.3868  2.2892  0.2838 0.2465  0.0616  0.8685  0.2880
  25   12    47.3    84.7   1.8061  2.2892  0.2593 0.2975  0.0708  1.1471  0.3996
  25   13    45.7    86.3   2.7612  2.2892  0.0988 0.2215  0.0600  2.2419  3.6662
  25   14    45.3    86.7   1.5384  2.2892  0.2433 0.2481  0.0613  1.0197  0.3599
  25   15    46.8    85.2   1.6333  2.2892  0.2504 0.2643  0.0655  1.0553  0.4160
  25   16    46.4    85.6   2.1687  2.2892  0.1912 0.2907  0.0688  1.5200  0.7804
  25   17    46.6    85.4   1.7872  2.2892  0.2705 0.3053  0.0715  1.1287  0.4039
  25   18    46.3    85.7   1.9901  2.2892  0.1902 0.2661  0.0655  1.3993  0.6812
  25   19    46.3    85.7   1.6900  2.2892  0.2785 0.2951  0.0694  1.0595  0.3398
  25   20    46.0    86.0   1.4063  2.2892  0.3521 0.2856  0.0678  0.8111  0.3229
  25   21    46.9    85.1   1.7027  2.2892  0.3247 0.3264  0.0767  1.0053  0.2844
  25   22    47.1    84.9   1.9544  2.2892  0.2493 0.3141  0.0725  1.2597  1.0106
  25   23    44.0    88.0   2.1419  2.2892  0.2576 0.3640  0.0804  1.4131  0.7662
  25   24    46.4    85.6   1.7079  2.2892  0.2203 0.2537  0.0635  1.1518  0.4213
  26    1    49.0    83.0   2.0386  2.2892  0.1859 0.2590  0.0654  1.3928  0.6407
  26    2    48.7    83.3   1.3827  2.2892  0.2080 0.1916  0.0535  0.9215  0.2775
  26    3    48.8    83.2   3.2852  2.2892  0.0960 0.2445  0.0634  2.5473  7.6636
  26    4    46.6    85.4   1.4267  2.2892  0.4388 0.3276  0.0754  0.7466  0.2100
  26    5    49.3    82.7   2.9372  2.2892  0.0708 0.1657  0.0499  2.3417  2.0902
  26    6    49.1    82.9   1.2745  2.2892  0.5643 0.3300  0.0796  0.5848  0.1641
  26    7    50.2    81.8   1.5109  2.2892  0.3498 0.2950  0.0711  0.8433  0.2243
  26    8    48.1    83.9   1.8040  2.2892  0.3503 0.3587  0.0808  1.0240  0.3588
  26    9    47.1    84.9   1.7220  2.2892  0.2389 0.2685  0.0655  1.1240  0.3883
  26   10    48.3    83.7   2.0961  2.2892  0.1994 0.2830  0.0694  1.4194  0.5890
  26   11    47.9    84.1   1.3391  2.2892  0.3969 0.2877  0.0704  0.7249  0.2170
  26   12    49.4    82.6   1.1900  2.2892  0.2835 0.2039  0.0562  0.7190  0.2391
  26   13    47.8    84.2   1.7296  2.2892  0.3194 0.3256  0.0751  1.0193  0.3371
  26   14    47.4    84.6   1.9363  2.2892  0.2017 0.2666  0.0650  1.3221  0.5237
  26   15    48.8    83.2   1.6035  2.2892  0.2762 0.2714  0.0670  0.9825  0.3604
  26   16    48.5    83.5   2.1114  2.2892  0.2240 0.3096  0.0729  1.3824  0.5222
  26   17    48.6    83.4   1.6420  2.2892  0.3460 0.3226  0.0759  0.9324  0.2677
  26   18    48.4    83.6   1.3514  2.2892  0.1892 0.1752  0.0504  0.9264  0.2705
  26   19    48.4    83.6   1.8213  2.2892  0.1968 0.2432  0.0617  1.2355  0.4902
  26   20    48.1    83.9   2.7771  2.2892  0.2004 0.3772  0.0831  1.8826  1.8085
  26   21    49.0    83.0   1.8495  2.2892  0.4833 0.4414  0.0952  0.9132  0.2833
  26   22    49.2    82.8   1.9328  2.2892  0.2093 0.2676  0.0664  1.2785  0.4881
  26   23    46.1    85.9   1.6175  2.2892  0.2691 0.2766  0.0661  1.0280  0.3571
  26   24    48.5    83.5   1.5797  2.2892  0.3168 0.2938  0.0711  0.9276  0.2773
  26   25    47.4    84.6   2.9555  2.2892  0.1788 0.3718  0.0825  2.0797  1.4634
  27    1    48.4    83.6   1.3245  2.2892  0.1720 0.1597  0.0477  0.9287  0.3232
  27    2    48.1    83.9   1.7755  2.2892  0.2137 0.2528  0.0650  1.1830  0.5097
  27    3    48.2    83.8   2.0773  2.2892  0.1000 0.1616  0.0483  1.6163  0.6905
  27    4    46.0    86.0   1.6139  2.2892  0.2129 0.2349  0.0605  1.1038  0.3443
  27    5    48.8    83.2   1.3484  2.2892  0.1575 0.1511  0.0467  0.9590  0.2749
  27    6    48.6    83.4   1.6413  2.2892  0.2460 0.2572  0.0670  1.0453  0.3205
  27    7    49.7    82.3   1.3034  2.2892  0.2435 0.2004  0.0550  0.8228  0.2182
  27    8    47.5    84.5   1.3671  2.2892  0.1866 0.1773  0.0506  0.9502  0.2849
  27    9    46.6    85.4   1.4855  2.2892  0.1584 0.1723  0.0492  1.0877  0.4072
  27   10    47.7    84.3   1.3983  2.2892  0.1983 0.1894  0.0532  0.9552  0.3188
  27   11    47.3    84.7   1.2280  2.2892  0.1497 0.1348  0.0429  0.9008  0.2802
  27   12    48.8    83.2   1.3266  2.2892  0.1829 0.1668  0.0499  0.9116  0.2747
  27   13    47.2    84.8   1.4255  2.2892  0.2918 0.2544  0.0636  0.8721  0.2742
  27   14    46.8    85.2   1.9442  2.2892  0.1325 0.1952  0.0531  1.4729  0.5610
  27   15    48.3    83.7   2.2836  2.2892  0.1305 0.2216  0.0615  1.6976  0.9581
  27   16    47.9    84.1   1.3895  2.2892  0.2477 0.2203  0.0582  0.8894  0.2610
  27   17    48.1    83.9   1.3416  2.2892  0.2223 0.1967  0.0544  0.8848  0.2453
  27   18    47.8    84.2   1.3986  2.2892  0.2027 0.1923  0.0531  0.9488  0.2923
  27   19    47.8    84.2   1.5076  2.2892  0.1641 0.1766  0.0504  1.0761  0.3233
  27   20    47.5    84.5   1.4897  2.2892  0.2617 0.2464  0.0618  0.9414  0.2903
  27   21    48.4    83.6   1.4514  2.2892  0.4781 0.3455  0.0815  0.7227  0.2192
  27   22    48.6    83.4   1.2118  2.2892  0.2737 0.2043  0.0554  0.7465  0.2132
  27   23    45.5    86.5   1.7295  2.2892  0.1473 0.1923  0.0523  1.3060  0.5479
  27   24    47.9    84.1   1.6657  2.2892  0.1937 0.2212  0.0599  1.1420  0.3643
  27   25    46.8    85.2   1.2554  2.2892  0.3403 0.2480  0.0620  0.7286  0.2104
  27   26    48.9    83.1   1.5704  2.2892  0.2029 0.2132  0.0584  1.0506  0.3818
  28    1    47.0    85.0   1.7069  2.2892  0.1822 0.2189  0.0579  1.2014  0.5075
  28    2    46.8    85.2   1.8835  2.2892  0.1329 0.1896  0.0523  1.4265  0.6856
  28    3    46.8    85.2   1.5215  2.2892  0.1559 0.1736  0.0499  1.1139  0.3665
  28    4    44.7    87.3   2.5731  2.2892  0.1355 0.2714  0.0653  2.0030  2.4876
  28    5    47.4    84.6   1.2928  2.2892  0.1791 0.1629  0.0493  0.9092  0.2834
  28    6    47.2    84.8   1.7065  2.2892  0.2538 0.2772  0.0693  1.0926  0.3739
  28    7    48.3    83.7   2.9294  2.2892  0.0998 0.2271  0.0590  2.2749  3.1483
  28    8    46.2    85.8   1.8918  2.2892  0.2094 0.2717  0.0654  1.2972  0.4032
  28    9    45.2    86.8   3.3914  2.2892  0.0733 0.2122  0.0555  2.8937  13.3441
  28   10    46.4    85.6   1.3392  2.2892  0.2374 0.2098  0.0558  0.8837  0.2853
  28   11    46.0    86.0   1.7467  2.2892  0.2120 0.2538  0.0631  1.1972  0.5459
  28   12    47.5    84.5   2.3236  2.2892  0.1067 0.1931  0.0543  1.8098  0.9144
  28   13    45.8    86.2   2.1076  2.2892  0.2132 0.3080  0.0714  1.4445  0.4864
  28   14    45.4    86.6   1.9542  2.2892  0.1246 0.1906  0.0520  1.5291  0.7071
  28   15    46.9    85.1   1.7046  2.2892  0.1931 0.2286  0.0591  1.1842  0.4437
  28   16    46.6    85.4   1.5598  2.2892  0.2902 0.2791  0.0673  0.9617  0.2638
  28   17    46.7    85.3   1.5406  2.2892  0.2323 0.2367  0.0603  1.0189  0.3327
  28   18    46.4    85.6   1.8381  2.2892  0.1076 0.1565  0.0466  1.4534  0.9568
  28   19    46.5    85.5   2.3146  2.2892  0.1244 0.2218  0.0575  1.7831  0.7372
  28   20    46.2    85.8   1.5841  2.2892  0.3333 0.3107  0.0715  0.9322  0.3569
  28   21    47.1    84.9   1.7961  2.2892  0.3600 0.3665  0.0813  1.0180  0.3409
  28   22    47.3    84.7   1.5268  2.2892  0.2474 0.2436  0.0618  0.9847  0.3224
  28   23    44.2    87.8   1.5873  2.2892  0.2152 0.2382  0.0593  1.1072  0.4380
  28   24    46.5    85.5   2.1412  2.2892  0.1414 0.2273  0.0590  1.6070  0.8623
  28   25    45.5    86.5   2.1102  2.2892  0.1950 0.2905  0.0681  1.4892  0.9018
  28   26    47.6    84.4   1.2718  2.2892  0.0453 0.0493  0.0251  1.0890  0.4374
  28   27    47.0    85.0   1.5187  2.2892  0.1568 0.1738  0.0508  1.1080  0.4461
  29    1    47.7    84.3   1.8540  2.2892  0.1514 0.2044  0.0554  1.3497  0.6377
  29    2    47.4    84.6   2.8391  2.2892  0.0919 0.2081  0.0561  2.2636  3.1943
  29    3    47.5    84.5   1.7163  2.2892  0.1885 0.2245  0.0598  1.1912  0.4279
  29    4    45.3    86.7   1.4154  2.2892  0.3550 0.2905  0.0702  0.8184  0.2613
  29    5    48.0    84.0   0.9298  2.2892  0.2202 0.1354  0.0433  0.6149  0.1715
  29    6    47.9    84.1   1.7016  2.2892  0.2572 0.2771  0.0699  1.0774  0.3488
  29    7    48.9    83.1   2.2419  2.2892  0.1527 0.2445  0.0623  1.6006  1.2811
  29    8    46.8    85.2   1.6423  2.2892  0.2177 0.2406  0.0618  1.1053  0.4543
  29    9    45.8    86.2   1.6315  2.2892  0.1877 0.2172  0.0566  1.1576  0.4527
  29   10    47.0    85.0   1.3605  2.2892  0.2897 0.2421  0.0625  0.8358  0.2855
  29   11    46.6    85.4   1.8411  2.2892  0.1266 0.1786  0.0508  1.4111  0.7440
  29   12    48.1    83.9   1.7985  2.2892  0.1063 0.1475  0.0457  1.3876  0.5336
  29   13    46.5    85.5   2.3336  2.2892  0.1235 0.2224  0.0577  1.8005  1.5549
  29   14    46.1    85.9   1.4467  2.2892  0.2141 0.2114  0.0556  0.9873  0.3118
  29   15    47.6    84.4   1.2903  2.2892  0.2114 0.1835  0.0528  0.8681  0.2561
  29   16    47.2    84.8   1.6018  2.2892  0.2182 0.2340  0.0602  1.0727  0.3673
  29   17    47.4    84.6   1.2692  2.2892  0.3363 0.2477  0.0632  0.7366  0.2173
  29   18    47.1    84.9   1.6364  2.2892  0.1659 0.1953  0.0534  1.1772  0.4152
  29   19    47.1    84.9   1.9459  2.2892  0.1285 0.1897  0.0524  1.4754  0.6484
  29   20    46.8    85.2   1.3200  2.2892  0.4260 0.2978  0.0699  0.6989  0.2098
  29   21    47.7    84.3   1.4085  2.2892  0.4493 0.3254  0.0763  0.7243  0.2139
  29   22    47.9    84.1   1.4744  2.2892  0.2473 0.2335  0.0599  0.9444  0.3109
  29   23    44.8    87.2   1.7079  2.2892  0.1818 0.2252  0.0575  1.2384  0.7946
  29   24    47.2    84.8   1.8278  2.2892  0.2026 0.2532  0.0654  1.2494  0.7320
  29   25    46.1    85.9   1.7204  2.2892  0.2540 0.2831  0.0676  1.1143  0.6852
  29   26    48.2    83.8   1.7012  2.2892  0.1006 0.1330  0.0428  1.3218  0.5742
  29   27    47.6    84.4   0.8443  2.2892  0.1178 0.0761  0.0321  0.6454  0.1816
  29   28    46.3    85.7   1.0765  2.2892  0.1855 0.1413  0.0440  0.7618  0.2320
  30    1    47.7    84.3   2.8662  2.2892  0.0981 0.2210  0.0585  2.2525  4.2171
  30    2    47.5    84.5   1.4357  2.2892  0.2017 0.1975  0.0544  0.9792  0.3394
  30    3    47.5    84.5   3.1135  2.2892  0.0961 0.2367  0.0610  2.4625  5.7286
  30    4    45.4    86.6   2.1523  2.2892  0.2333 0.3368  0.0767  1.4439  0.5828
  30    5    48.1    83.9   1.5489  2.2892  0.1124 0.1332  0.0429  1.1846  0.3751
  30    6    47.9    84.1   1.4031  2.2892  0.3683 0.2883  0.0715  0.7827  0.2342
  30    7    49.0    83.0   2.0609  2.2892  0.1578 0.2305  0.0605  1.4603  0.5449
  30    8    46.9    85.1   3.3465  2.2892  0.0902 0.2434  0.0622  2.6983  7.0596
  30    9    45.9    86.1   1.8357  2.2892  0.1617 0.2184  0.0568  1.3502  0.4322
  30   10    47.0    85.0   2.4188  2.2892  0.1654 0.2881  0.0695  1.7420  14.0948
  30   11    46.6    85.4   1.8267  2.2892  0.1150 0.1637  0.0487  1.4234  0.6331
  30   12    48.2    83.8   1.6743  2.2892  0.1296 0.1618  0.0484  1.2480  0.6330
  30   13    46.5    85.5   1.3838  2.2892  0.2868 0.2459  0.0617  0.8572  0.2772
  30   14    46.1    85.9   1.0264  2.2892  0.2813 0.1808  0.0506  0.6425  0.1873
  30   15    47.6    84.4   1.5159  2.2892  0.1753 0.1874  0.0535  1.0689  0.3281
  30   16    47.3    84.7   1.4049  2.2892  0.2612 0.2327  0.0601  0.8908  0.2813
  30   17    47.4    84.6   2.5821  2.2892  0.1172 0.2323  0.0611  1.9820  2.2405
  30   18    47.1    84.9   1.9618  2.2892  0.1933 0.2626  0.0644  1.3587  0.5016
  30   19    47.2    84.8   3.0023  2.2892  0.0771 0.1896  0.0524  2.4596  3.5964
  30   20    46.9    85.1   1.5377  2.2892  0.3521 0.3101  0.0721  0.8806  0.4401
  30   21    47.7    84.3   1.7991  2.2892  0.3065 0.3298  0.0770  1.0761  0.3585
  30   22    47.9    84.1   1.4764  2.2892  0.2158 0.2121  0.0565  0.9830  0.5105
  30   23    44.9    87.1   1.2985  2.2892  0.2651 0.2228  0.0573  0.8406  0.2717
  30   24    47.2    84.8   2.0231  2.2892  0.1740 0.2499  0.0648  1.4362  0.7906
  30   25    46.2    85.8   1.8460  2.2892  0.1810 0.2382  0.0606  1.3166  0.5718
  30   26    48.3    83.7   1.4807  2.2892  0.1942 0.1961  0.0539  1.0098  0.3275
  30   27    47.7    84.3   1.5985  2.2892  0.1367 0.1624  0.0487  1.1881  0.4534
  30   28    46.3    85.7   1.3236  2.2892  0.1640 0.1582  0.0468  0.9647  0.3097
  30   29    47.0    85.0   2.2773  2.2892  0.0525 0.1024  0.0367  1.9483  1.5846
  31    1    47.6    84.4   1.5715  2.2892  0.1967 0.2119  0.0572  1.0775  0.4434
  31    2    47.3    84.7   1.7711  2.2892  0.2246 0.2639  0.0666  1.1748  0.6163
  31    3    47.4    84.6   1.6895  2.2892  0.2140 0.2429  0.0627  1.1354  0.4170
  31    4    45.2    86.8   1.8474  2.2892  0.2494 0.3031  0.0720  1.2156  0.5282
  31    5    47.9    84.1   1.4927  2.2892  0.1580 0.1695  0.0494  1.0727  0.3793
  31    6    47.8    84.2   1.4945  2.2892  0.3157 0.2792  0.0694  0.8845  0.2984
  31    7    48.8    83.2   1.7519  2.2892  0.1927 0.2290  0.0599  1.1883  0.3969
  31    8    46.7    85.3   1.9788  2.2892  0.2003 0.2733  0.0675  1.3643  0.7740
  31    9    45.7    86.3   1.3895  2.2892  0.2623 0.2346  0.0599  0.8942  0.3137
  31   10    46.9    85.1   2.4841  2.2892  0.1503 0.2753  0.0671  1.8311  15.6025
  31   11    46.5    85.5   1.7220  2.2892  0.1632 0.2045  0.0566  1.2534  0.5632
  31   12    48.0    84.0   1.7064  2.2892  0.1852 0.2187  0.0587  1.1812  0.5503
  31   13    46.4    85.6   1.6110  2.2892  0.3222 0.3088  0.0746  0.9585  0.3844
  31   14    46.0    86.0   1.5316  2.2892  0.2098 0.2208  0.0575  1.0525  0.3480
  31   15    47.5    84.5   1.2345  2.2892  0.2344 0.1893  0.0532  0.8075  0.2490
  31   16    47.1    84.9   1.9392  2.2892  0.1923 0.2586  0.0646  1.3452  0.5996
  31   17    47.3    84.7   2.0655  2.2892  0.1454 0.2218  0.0580  1.5253  0.5296
  31   18    47.0    85.0   1.3037  2.2892  0.3164 0.2457  0.0623  0.7764  0.2416
  31   19    47.0    85.0   1.8420  2.2892  0.1407 0.1934  0.0531  1.3742  0.5865
  31   20    46.7    85.3   1.4191  2.2892  0.4220 0.3186  0.0736  0.7550  0.2807
  31   21    47.6    84.4   2.0635  2.2892  0.2174 0.2993  0.0712  1.3768  0.6675
  31   22    47.8    84.2   1.4120  2.2892  0.2926 0.2510  0.0630  0.8577  0.4440
  31   23    44.7    87.3   1.1086  2.2892  0.3350 0.2209  0.0586  0.6595  0.2380
  31   24    47.1    84.9   1.4699  2.2892  0.1945 0.1978  0.0555  1.0169  0.3364
  31   25    46.0    86.0   1.4757  2.2892  0.3215 0.2834  0.0681  0.8815  0.2968
  31   26    48.1    83.9   1.6333  2.2892  0.2393 0.2522  0.0643  1.0541  0.3660
  31   27    47.5    84.5   1.4376  2.2892  0.3256 0.2745  0.0701  0.8431  0.2834
  31   28    46.2    85.8   1.5652  2.2892  0.2289 0.2395  0.0609  1.0464  0.4142
  31   29    46.8    85.2   1.9314  2.2892  0.1509 0.2149  0.0581  1.4243  2.0814
  31   30    46.9    85.1   0.9374  2.2892  0.4461 0.2169  0.0577  0.4862  0.1453
  32    1    46.5    85.5   2.3333  2.2892  0.1444 0.2521  0.0642  1.7455  1.4304
  32    2    46.2    85.8   1.8431  2.2892  0.2577 0.3059  0.0724  1.1871  0.4483
  32    3    46.3    85.7   1.5760  2.2892  0.3754 0.3318  0.0772  0.8840  0.3065
  32    4    44.1    87.9   1.6521  2.2892  0.4024 0.3680  0.0819  0.9145  0.3702
  32    5    46.8    85.2   1.6041  2.2892  0.2316 0.2456  0.0619  1.0603  0.6942
  32    6    46.6    85.4   2.0630  2.2892  0.2974 0.3748  0.0884  1.2602  0.5877
  32    7    47.7    84.3   1.9430  2.2892  0.3095 0.3584  0.0816  1.1582  0.4830
  32    8    45.6    86.4   3.0245  2.2892  0.1868 0.4024  0.0880  2.1544  2.3251
  32    9    44.6    87.4   1.5485  2.2892  0.3127 0.2961  0.0692  0.9468  0.2775
  32   10    45.8    86.2   1.9446  2.2892  0.2608 0.3268  0.0758  1.2533  0.5985
  32   11    45.4    86.6   1.2350  2.2892  0.4829 0.3009  0.0723  0.6230  0.1965
  32   12    46.9    85.1   1.9830  2.2892  0.2098 0.2827  0.0688  1.3473  0.4452
  32   13    45.3    86.7   1.8044  2.2892  0.3778 0.3844  0.0843  1.0175  0.4157
  32   14    44.9    87.1   1.8343  2.2892  0.2106 0.2688  0.0646  1.2765  0.5123
  32   15    46.3    85.7   1.4000  2.2892  0.3324 0.2737  0.0665  0.8233  0.2891
  32   16    46.0    86.0   2.1167  2.2892  0.2383 0.3337  0.0777  1.4006  2.2914
  32   17    46.2    85.8   2.1277  2.2892  0.1611 0.2515  0.0643  1.5607  1.5415
  32   18    45.9    86.1   1.8453  2.2892  0.2575 0.3072  0.0717  1.1932  0.4392
  32   19    45.9    86.1   1.8010  2.2892  0.2285 0.2761  0.0663  1.2083  0.6456
  32   20    45.6    86.4   1.2878  2.2892  0.5865 0.3452  0.0771  0.5886  0.1942
  32   21    46.5    85.5   2.0845  2.2892  0.3590 0.4266  0.0915  1.1883  0.5569
  32   22    46.7    85.3   1.7345  2.2892  0.2975 0.3151  0.0739  1.0589  0.4116
  32   23    43.6    88.4   1.4538  2.2892  0.2743 0.2585  0.0631  0.9426  0.2990
  32   24    46.0    86.0   1.5192  2.2892  0.4551 0.3573  0.0826  0.7852  0.3291
  32   25    44.9    87.1   2.2838  2.2892  0.3051 0.4289  0.0917  1.4058  0.5594
  32   26    47.0    85.0   2.0047  2.2892  0.1985 0.2742  0.0667  1.3810  0.7311
  32   27    46.4    85.6   1.7506  2.2892  0.2629 0.2938  0.0713  1.1178  0.3787
  32   28    45.1    86.9   1.8048  2.2892  0.1783 0.2338  0.0593  1.3111  0.6775
  32   29    45.7    86.3   1.6131  2.2892  0.1968 0.2228  0.0576  1.1322  0.4388
  32   30    45.8    86.2   1.6159  2.2892  0.1813 0.2099  0.0555  1.1582  0.6331
  32   31    45.6    86.4   1.1794  2.2892  0.2401 0.1878  0.0524  0.7822  0.3176
  33    1    46.3    85.7   2.1641  2.2892  0.1185 0.2000  0.0539  1.6869  1.2831
  33    2    46.0    86.0   2.5901  2.2892  0.1367 0.2696  0.0654  1.9726  2.2792
  33    3    46.1    85.9   2.1856  2.2892  0.1990 0.3029  0.0710  1.5221  0.8054
  33    4    43.9    88.1   2.0155  2.2892  0.2167 0.3049  0.0706  1.4070  0.8048
  33    5    46.7    85.3   2.2641  2.2892  0.1304 0.2248  0.0581  1.7238  0.6830
  33    6    46.5    85.5   1.7107  2.2892  0.3302 0.3327  0.0783  1.0075  0.3327
  33    7    47.6    84.4   1.6765  2.2892  0.3191 0.3159  0.0731  0.9901  0.2951
  33    8    45.5    86.5   2.6047  2.2892  0.1809 0.3393  0.0765  1.8752  1.4437
  33    9    44.5    87.5   2.3676  2.2892  0.1399 0.2569  0.0624  1.8372  2.0368
  33   10    45.6    86.4   2.2100  2.2892  0.1822 0.2888  0.0684  1.5851  0.8103
  33   11    45.2    86.8   1.2576  2.2892  0.3698 0.2647  0.0645  0.7158  0.2190
  33   12    46.7    85.3   2.2344  2.2892  0.1601 0.2607  0.0641  1.6281  1.0662
  33   13    45.1    86.9   1.6816  2.2892  0.2898 0.3051  0.0705  1.0530  0.3915
  33   14    44.7    87.3   2.1131  2.2892  0.1821 0.2794  0.0660  1.5343  0.9575
  33   15    46.2    85.8   3.1772  2.2892  0.0852 0.2226  0.0579  2.6142  2.1400
  33   16    45.8    86.2   1.8170  2.2892  0.2850 0.3238  0.0739  1.1359  0.5546
  33   17    46.0    86.0   2.1434  2.2892  0.1660 0.2598  0.0639  1.5653  1.0446
  33   18    45.7    86.3   1.8284  2.2892  0.2532 0.3016  0.0701  1.1910  0.4346
  33   19    45.7    86.3   2.2021  2.2892  0.1411 0.2360  0.0598  1.6733  0.6476
  33   20    45.4    86.6   1.7952  2.2892  0.2558 0.2991  0.0695  1.1689  0.4650
  33   21    46.3    85.7   1.7825  2.2892  0.3676 0.3705  0.0816  1.0080  0.3388
  33   22    46.5    85.5   2.3216  2.2892  0.1367 0.2399  0.0606  1.7554  0.7117
  33   23    43.4    88.6   1.8694  2.2892  0.1218 0.1848  0.0505  1.5166  0.6925
  33   24    45.8    86.2   2.7580  2.2892  0.1273 0.2721  0.0667  2.1375  3.8686
  33   25    44.7    87.3   2.1452  2.2892  0.3082 0.4062  0.0876  1.3178  0.5189
  33   26    46.8    85.2   1.9928  2.2892  0.1840 0.2581  0.0635  1.4031  0.5245
  33   27    46.2    85.8   1.9531  2.2892  0.1264 0.1904  0.0524  1.5056  0.6721
  33   28    44.9    87.1   2.1202  2.2892  0.1554 0.2482  0.0613  1.5967  0.5940
  33   29    45.5    86.5   2.8326  2.2892  0.0711 0.1715  0.0489  2.4119  1.6587
  33   30    45.6    86.4   1.3828  2.2892  0.2733 0.2403  0.0603  0.8792  0.2826
  33   31    45.4    86.6   2.4579  2.2892  0.0932 0.1885  0.0529  2.0215  1.0075
  33   32    44.3    87.7   1.8540  2.2892  0.0516 0.0862  0.0331  1.6699  1.6522
  34    1    47.7    84.3   2.2201  2.2892  0.1206 0.2037  0.0550  1.6883  0.6462
  34    2    47.4    84.6   1.4986  2.2892  0.3374 0.2929  0.0700  0.8681  0.3006
  34    3    47.5    84.5   2.0591  2.2892  0.2091 0.2907  0.0692  1.3906  0.6713
  34    4    45.4    86.6   1.8728  2.2892  0.2554 0.3119  0.0717  1.2212  0.4297
  34    5    48.1    83.9   2.6164  2.2892  0.1366 0.2641  0.0651  1.9338  1.2260
  34    6    47.9    84.1   2.4204  2.2892  0.2247 0.3583  0.0840  1.5950  0.5740
  34    7    49.0    83.0   2.7462  2.2892  0.1410 0.2808  0.0682  1.9916  1.2791
  34    8    46.9    85.1   2.5712  2.2892  0.2010 0.3554  0.0791  1.7685  1.5753
  34    9    45.9    86.1   2.2703  2.2892  0.1314 0.2295  0.0585  1.7470  1.4977
  34   10    47.0    85.0   2.1879  2.2892  0.1721 0.2687  0.0655  1.5619  0.7870
  34   11    46.6    85.4   2.1694  2.2892  0.1443 0.2337  0.0602  1.6196  1.3752
  34   12    48.1    83.9   3.2773  2.2892  0.1227 0.3028  0.0720  2.4683  3.4612
  34   13    46.5    85.5   1.6616  2.2892  0.3022 0.3055  0.0710  1.0108  0.3558
  34   14    46.1    85.9   1.7929  2.2892  0.2239 0.2703  0.0650  1.2074  0.3761
  34   15    47.6    84.4   2.0461  2.2892  0.1863 0.2649  0.0650  1.4223  0.4780
  34   16    47.2    84.8   2.5492  2.2892  0.1601 0.2953  0.0711  1.8449  1.8081
  34   17    47.4    84.6   1.9446  2.2892  0.1518 0.2157  0.0572  1.4207  0.6567
  34   18    47.1    84.9   2.2205  2.2892  0.1685 0.2682  0.0655  1.5912  0.8133
  34   19    47.1    84.9   2.6944  2.2892  0.1134 0.2369  0.0602  2.0885  1.9161
  34   20    46.8    85.2   1.9835  2.2892  0.1951 0.2684  0.0650  1.3758  0.6859
  34   21    47.7    84.3   2.0746  2.2892  0.3107 0.3838  0.0846  1.2352  0.4788
  34   22    47.9    84.1   2.3239  2.2892  0.1719 0.2819  0.0684  1.6394  0.9100
  34   23    44.8    87.2   2.5139  2.2892  0.0958 0.1992  0.0532  2.0792  1.8658
  34   24    47.2    84.8   1.6941  2.2892  0.2119 0.2424  0.0615  1.1437  0.4575
  34   25    46.1    85.9   2.0814  2.2892  0.3540 0.4236  0.0902  1.1967  0.5485
  34   26    48.2    83.8   2.2311  2.2892  0.1641 0.2599  0.0643  1.5841  1.2948
  34   27    47.6    84.4   1.7782  2.2892  0.1985 0.2412  0.0612  1.2153  0.3586
  34   28    46.3    85.7   1.9733  2.2892  0.1368 0.2048  0.0547  1.4966  1.0891
  34   29    46.9    85.1   2.1045  2.2892  0.1545 0.2382  0.0603  1.5413  0.5422
  34   30    47.0    85.0   2.0538  2.2892  0.1802 0.2613  0.0642  1.4506  0.7971
  34   31    46.8    85.2   2.4782  2.2892  0.1145 0.2207  0.0582  1.9271  2.0799
  34   32    45.7    86.3   1.4357  2.2892  0.0599 0.0743  0.0314  1.2413  0.5522
  34   33    45.5    86.5   1.3478  2.2892  0.0626 0.0729  0.0302  1.1636  0.4367
  35    1    46.8    85.2   2.1318  2.2892  0.1235 0.2021  0.0548  1.6367  1.5726
  35    2    46.5    85.5   1.4741  2.2892  0.2494 0.2385  0.0615  0.9561  0.3067
  35    3    46.6    85.4   2.6815  2.2892  0.1120 0.2353  0.0598  2.1015  1.1016
  35    4    44.5    87.5   1.7298  2.2892  0.2287 0.2700  0.0652  1.1806  0.4729
  35    5    47.2    84.8   1.5175  2.2892  0.2542 0.2470  0.0621  0.9714  0.3107
  35    6    47.0    85.0   2.3425  2.2892  0.1930 0.3139  0.0759  1.6262  1.5468
  35    7    48.1    83.9   1.8572  2.2892  0.1960 0.2482  0.0625  1.2667  0.3877
  35    8    46.0    86.0   1.4315  2.2892  0.3050 0.2661  0.0645  0.8723  0.3191
  35    9    45.0    87.0   1.8273  2.2892  0.1394 0.1962  0.0528  1.4082  0.7562
  35   10    46.1    85.9   1.5954  2.2892  0.2683 0.2723  0.0661  1.0151  0.3490
  35   11    45.7    86.3   1.2752  2.2892  0.1711 0.1587  0.0473  0.9278  0.3575
  35   12    47.2    84.8   1.7620  2.2892  0.2318 0.2687  0.0660  1.1593  0.4293
  35   13    45.6    86.4   1.3274  2.2892  0.3372 0.2636  0.0644  0.7816  0.2709
  35   14    45.2    86.8   2.2236  2.2892  0.1353 0.2325  0.0588  1.7180  1.4437
  35   15    46.7    85.3   2.7376  2.2892  0.1306 0.2721  0.0674  2.0836  1.0757
  35   16    46.3    85.7   1.6109  2.2892  0.2483 0.2603  0.0649  1.0486  0.4278
  35   17    46.5    85.5   1.4132  2.2892  0.2515 0.2301  0.0592  0.9146  0.2945
  35   18    46.2    85.8   1.4228  2.2892  0.2587 0.2368  0.0601  0.9153  0.3119
  35   19    46.2    85.8   1.8020  2.2892  0.1537 0.2051  0.0547  1.3345  0.5958
  35   20    45.9    86.1   1.7834  2.2892  0.2421 0.2846  0.0675  1.1754  0.7391
  35   21    46.8    85.2   1.7847  2.2892  0.3606 0.3653  0.0826  1.0128  0.3641
  35   22    47.0    85.0   1.7744  2.2892  0.2450 0.2820  0.0677  1.1509  0.3765
  35   23    43.9    88.1   1.8504  2.2892  0.1263 0.1867  0.0509  1.4785  0.8123
  35   24    46.3    85.7   1.5518  2.2892  0.1922 0.2091  0.0568  1.0877  0.4813
  35   25    45.2    86.8   1.6124  2.2892  0.3532 0.3303  0.0747  0.9349  0.2702
  35   26    47.3    84.7   3.0796  2.2892  0.1169 0.2768  0.0670  2.3682  4.4842
  35   27    46.7    85.3   1.2017  2.2892  0.1982 0.1647  0.0481  0.8309  0.2482
  35   28    45.4    86.6   1.6738  2.2892  0.1810 0.2183  0.0566  1.2060  0.6214
  35   29    46.0    86.0   2.6840  2.2892  0.0861 0.1904  0.0524  2.2101  2.5964
  35   30    46.1    85.9   1.3055  2.2892  0.2562 0.2161  0.0569  0.8436  0.2634
  35   31    45.9    86.1   1.4255  2.2892  0.1671 0.1738  0.0507  1.0400  0.4209
  35   32    44.8    87.2   1.3643  2.2892  0.1668 0.1687  0.0490  1.0112  0.4173
  35   33    44.6    87.4   1.4046  2.2892  0.1262 0.1401  0.0432  1.1102  0.3247
  35   34    46.0    86.0   2.3561  2.2892  0.0557 0.1135  0.0387  2.0394  2.7492
