

Model 0: one-ratio

TREE # 1

  0  0.0000   8298.705443  x:  0.27271   0.27540   0.00000   0.13544   0.16262   0.23895   0.08493   0.08796   0.18401   0.12577   0.06103   0.13754   0.17541   0.42506   2.00000   0.40000  
  1 99.0000   7481.286985  x:  0.51282   0.51551   1.21101   0.35334   0.39207   0.54987   0.32153   0.39895   0.36912   0.48206   0.53399   0.53628   0.52380   0.72799   1.96616   0.46278  
  2 3013.7182   7410.488871  x:  0.57514   0.57783   1.21353   0.32671   0.41234   0.62034   0.28481   0.37063   0.37260   0.49059   0.51268   0.55465   0.55214   0.80736   1.95170   0.25208  
  3 416.8055   7338.195386  x:  0.87053   0.87322   1.04382   0.22449   0.50366   0.92559   0.12033   0.23815   0.39332   0.50341   0.37902   0.61213   0.66537   1.20587   1.82414   0.30956  
  4 281.1627   7322.082371  x:  0.97103   0.97372   0.83424   0.37746   0.45898   0.96067   0.27742   0.40157   0.41768   0.52444   0.41009   0.61291   0.68595   1.43113   1.68510   0.28035  
  5 101.5188   7318.637617  x:  0.96456   0.96724   0.81492   0.36905   0.37377   0.88613   0.23347   0.40420   0.40197   0.53655   0.48021   0.64478   0.68747   1.54362   1.59631   0.27441  
  6 36.9063   7316.848906  x:  0.91002   0.91271   0.80995   0.40190   0.44936   0.84811   0.19733   0.38560   0.38677   0.54405   0.51357   0.63978   0.64814   1.65579   1.51298   0.26652  
  7 23.1255   7316.029245  x:  0.85386   0.85655   0.81507   0.43240   0.43504   0.85777   0.17949   0.38284   0.41984   0.55047   0.47147   0.64184   0.67004   1.73654   1.52060   0.26398  
  8 10.8074   7315.596480  x:  0.83506   0.83775   0.82406   0.44254   0.42529   0.87168   0.17671   0.39113   0.39194   0.52390   0.45999   0.63914   0.67525   1.77898   1.53855   0.26368  
  9 12.3759   7314.243360  x:  0.83668   0.83937   0.81602   0.40709   0.41960   0.89225   0.16781   0.42505   0.39403   0.54585   0.48501   0.60111   0.62560   1.85286   1.61267   0.25935  
 10  5.5864   7309.313358  x:  0.88281   0.88550   0.72397   0.34926   0.48419   0.86237   0.22708   0.39052   0.38437   0.56751   0.53248   0.69868   0.67751   1.94985   1.72705   0.22885  
 11  9.7166   7304.881037  x:  0.96527   0.96796   0.75133   0.38580   0.45076   0.88116   0.24272   0.33800   0.40297   0.54267   0.48673   0.64021   0.66529   1.95308   1.63624   0.20166  
 12 14.3063   7304.230350  x:  0.96283   0.96551   0.74100   0.37242   0.45333   0.91734   0.20791   0.38734   0.39943   0.54434   0.48262   0.64828   0.67989   1.92819   1.59409   0.19679  
 13 12.5718   7304.113940  x:  0.96054   0.96322   0.73515   0.38376   0.44372   0.93884   0.20500   0.37844   0.38595   0.56322   0.48581   0.66038   0.66937   1.92179   1.59037   0.19680  
 14  2.8011   7302.732637  x:  0.99936   1.00205   0.71260   0.42915   0.43367   0.98898   0.15279   0.36050   0.43619   0.50084   0.51948   0.68650   0.65247   1.92444   1.59705   0.19942  
 15  0.9128   7298.790256  x:  1.11134   1.11404   0.70578   0.39303   0.43478   1.00337   0.12839   0.36738   0.39677   0.54038   0.40783   0.65201   0.69905   1.97874   1.55655   0.21117  
 16  8.0193   7298.452196  x:  1.10625   1.10895   0.70143   0.35775   0.42913   1.03281   0.16055   0.34881   0.40271   0.53441   0.42262   0.63194   0.71620   1.98660   1.53630   0.21201  
 17  8.6693   7298.402771  x:  1.10728   1.10999   0.70260   0.34760   0.42838   1.03456   0.16954   0.35045   0.40710   0.52897   0.41466   0.64554   0.70219   1.99365   1.53229   0.21187  
 18  1.1285   7296.311657  x:  1.21868   1.22140   0.57785   0.34517   0.47009   1.04632   0.17709   0.32049   0.40341   0.54512   0.45195   0.67671   0.71564   2.29577   1.59629   0.19583  
 19  0.8164   7295.910436  x:  1.24740   1.25013   0.54730   0.35973   0.46227   1.05666   0.17007   0.35526   0.40717   0.54170   0.44579   0.66215   0.71583   2.40779   1.54926   0.19268  
 20  0.0897   7295.853922  x:  1.26293   1.26566   0.53845   0.36786   0.45811   1.05724   0.18102   0.34575   0.40686   0.54710   0.45027   0.66711   0.71696   2.44852   1.55257   0.19194  
 21  0.0260   7295.696962  x:  1.29286   1.29559   0.56220   0.35407   0.46029   1.05820   0.17966   0.35417   0.41137   0.54679   0.47223   0.67995   0.72852   2.52830   1.55502   0.18598  
 22  0.0124   7295.465462  x:  1.29660   1.29930   0.65529   0.37276   0.46940   1.07199   0.17846   0.35760   0.41282   0.55081   0.46448   0.68156   0.73531   2.54339   1.54825   0.18330  
 23  0.0324   7295.451303  x:  1.29301   1.29570   0.66272   0.37161   0.47016   1.08004   0.18005   0.35841   0.41204   0.55408   0.46997   0.68475   0.73216   2.54374   1.54847   0.18188  
 24  0.0124   7295.450831  x:  1.29167   1.29437   0.66273   0.37103   0.47020   1.08123   0.18037   0.35859   0.41191   0.55414   0.47054   0.68465   0.73198   2.54285   1.54883   0.18213  
 25  0.0029   7295.450806  x:  1.29142   1.29411   0.66260   0.37115   0.47023   1.08148   0.18049   0.35854   0.41196   0.55401   0.47042   0.68442   0.73213   2.54373   1.54876   0.18211  
 26  0.0008   7295.450804  x:  1.29135   1.29404   0.66258   0.37115   0.47024   1.08143   0.18044   0.35854   0.41194   0.55403   0.47043   0.68446   0.73213   2.54400   1.54879   0.18211  
 27  0.0002   7295.450804  x:  1.29133   1.29402   0.66260   0.37115   0.47024   1.08143   0.18044   0.35854   0.41194   0.55403   0.47042   0.68446   0.73212   2.54398   1.54878   0.18211  
 28  0.0000   7295.450804  x:  1.29133   1.29402   0.66260   0.37115   0.47024   1.08143   0.18044   0.35854   0.41194   0.55403   0.47042   0.68446   0.73212   2.54397   1.54878   0.18211  

Model 1: NearlyNeutral

TREE # 1

  0  0.0000   8133.028175  x:  0.21855   0.19061   0.00000   0.11613   0.11610   0.26325   0.05789   0.06004   0.16031   0.17192   0.05666   0.18829   0.19349   0.41700   1.54878   0.61538   0.25255  
  1 99.0000   7489.288679  x:  0.37308   0.34515   0.45942   0.22805   0.25537   0.38209   0.19935   0.24742   0.24659   0.27311   0.27993   0.30155   0.31732   0.55330   1.55098   0.75007   0.06813  
  2 2794.2188   7440.654978  x:  0.42326   0.39533   0.49755   0.22952   0.28006   0.43490   0.19270   0.25004   0.26352   0.29833   0.29211   0.33768   0.35727   0.60853   1.55573   0.74956   0.22274  
  3 756.7171   7341.102260  x:  0.61786   0.58993   0.30991   0.17577   0.34761   0.70159   0.05396   0.13145   0.34740   0.42051   0.19740   0.50273   0.53636   0.87560   1.58542   0.85703   0.23147  
  4 443.3950   7305.905089  x:  0.73692   0.70898   0.08331   0.26438   0.36036   0.83397   0.15034   0.21765   0.35828   0.45324   0.21859   0.55873   0.59911   1.10479   1.61531   0.65921   0.20427  
  5 258.7296   7292.930610  x:  0.81325   0.78532   0.01562   0.28523   0.26681   0.79981   0.15540   0.25619   0.29560   0.38341   0.27160   0.48251   0.52862   1.33751   1.67768   0.72106   0.20997  
  6 91.7444   7290.763131  x:  0.82465   0.79672   0.02524   0.28738   0.28307   0.75517   0.13455   0.24146   0.32641   0.39886   0.26113   0.45331   0.49141   1.41165   1.70244   0.69628   0.20441  
  7 48.3845   7290.030517  x:  0.81385   0.78591   0.01281   0.28947   0.31927   0.71212   0.13003   0.23969   0.32593   0.39864   0.27358   0.46846   0.49754   1.44771   1.72235   0.70152   0.20678  
  8 25.3540   7289.916659  x:  0.80912   0.78119   0.01834   0.28284   0.31478   0.70619   0.12786   0.23910   0.32001   0.39807   0.27093   0.47484   0.50700   1.45794   1.72903   0.69502   0.20499  
  9  9.3059   7289.778718  x:  0.79655   0.76861   0.01952   0.27798   0.31099   0.71174   0.13616   0.24559   0.32414   0.40605   0.26323   0.47217   0.51306   1.46953   1.74275   0.69961   0.20651  
 10  5.2310   7289.521883  x:  0.78452   0.75659   0.02530   0.27778   0.32115   0.73495   0.13927   0.23629   0.31883   0.39741   0.26331   0.46831   0.50990   1.48148   1.76415   0.69702   0.20534  
 11  5.8935   7288.524908  x:  0.78063   0.75270   0.01972   0.27459   0.30526   0.76068   0.11820   0.23143   0.34492   0.39712   0.30285   0.48588   0.50200   1.48723   1.81435   0.68952   0.20313  
 12  6.4844   7280.390050  x:  0.90821   0.88027   0.00236   0.36715   0.29007   0.79099   0.09161   0.23062   0.33006   0.43846   0.24066   0.57204   0.50410   1.50063   2.07041   0.69991   0.18901  
 13 14.7014   7279.365667  x:  0.91524   0.88730   0.00000   0.36155   0.29404   0.79308   0.09037   0.23241   0.33071   0.43857   0.24167   0.56696   0.51073   1.50540   2.07233   0.69938   0.18783  
 14 30.9747   7279.365667  x:  0.91524   0.88730   0.00000   0.36155   0.29404   0.79308   0.09037   0.23241   0.33071   0.43857   0.24167   0.56696   0.51073   1.50540   2.07233   0.69938   0.18783  
 15 42.7264   7271.337985  x:  0.92639   0.89845   0.03522   0.36193   0.30864   0.80339   0.10018   0.24673   0.33996   0.44584   0.26324   0.57052   0.52540   1.51991   2.06357   0.71918   0.14540  
 16 201.3974   7246.204655  x:  1.00822   0.98029   0.27848   0.35457   0.39972   0.87461   0.14952   0.33016   0.39233   0.48772   0.40058   0.59042   0.62177   1.62462   2.00044   0.78390   0.21086  
 17 270.8767   7239.145269  x:  1.06655   1.03862   0.37638   0.31052   0.40395   0.93261   0.09880   0.29158   0.38263   0.49543   0.40210   0.60862   0.65931   1.70667   1.93949   0.67043   0.19065  
 18 80.3890   7236.884106  x:  1.11643   1.08849   0.36911   0.30836   0.39438   0.97923   0.07485   0.24964   0.37877   0.51359   0.35042   0.62526   0.66299   1.78384   1.89033   0.71191   0.19492  
 19 36.8352   7234.589932  x:  1.19444   1.16650   0.30113   0.36525   0.38048   1.02626   0.12309   0.27054   0.37414   0.51833   0.30936   0.64138   0.64836   1.92013   1.80844   0.69679   0.19388  
 20 41.8462   7232.675011  x:  1.26967   1.24173   0.18461   0.36475   0.34732   1.03952   0.08956   0.30977   0.39801   0.51011   0.36167   0.65468   0.65065   2.06784   1.75139   0.69789   0.19378  
 21 39.9469   7231.820996  x:  1.31104   1.28311   0.12591   0.36742   0.40137   1.01748   0.08294   0.28877   0.37897   0.49656   0.39151   0.63957   0.65239   2.16733   1.77125   0.69661   0.19233  
 22 21.4482   7231.255591  x:  1.34177   1.31383   0.10240   0.35652   0.40872   0.97381   0.09133   0.28231   0.39943   0.52304   0.38593   0.62256   0.65499   2.25475   1.82102   0.68834   0.19044  
 23 19.4928   7231.038425  x:  1.35249   1.32455   0.10131   0.34776   0.39497   0.96196   0.09806   0.29000   0.38454   0.51123   0.37973   0.63014   0.66378   2.29437   1.85509   0.69130   0.18981  
 24 12.1515   7230.888693  x:  1.35015   1.32221   0.09683   0.34592   0.40033   0.99198   0.09589   0.29846   0.39571   0.50540   0.37556   0.64167   0.65794   2.31999   1.89087   0.68788   0.18922  
 25  4.1820   7230.703163  x:  1.34260   1.31466   0.09736   0.36092   0.38510   1.01403   0.09945   0.28477   0.38743   0.52216   0.39437   0.64192   0.65939   2.34243   1.90745   0.68669   0.18831  
 26  2.8527   7228.987744  x:  1.29908   1.27115   0.14517   0.41995   0.38632   1.02952   0.03951   0.32102   0.37497   0.52788   0.37879   0.58634   0.68861   2.48451   1.87482   0.69748   0.17706  
 27  2.9730   7226.700175  x:  1.27075   1.24282   0.19206   0.42846   0.40543   1.00009   0.05440   0.28623   0.41913   0.50715   0.38882   0.67728   0.70260   2.63409   1.80456   0.70683   0.16359  
 28 15.1828   7225.591088  x:  1.30851   1.28059   0.20762   0.35684   0.41256   1.01706   0.08736   0.29823   0.39403   0.52692   0.40325   0.67184   0.64386   2.65677   1.78430   0.71646   0.15595  
 29 10.6485   7224.872307  x:  1.38790   1.35997   0.18889   0.34217   0.41142   1.04920   0.11237   0.29288   0.40583   0.52360   0.40205   0.64647   0.70630   2.60709   1.80605   0.71339   0.15030  
 30  8.2552   7224.663955  x:  1.42832   1.40040   0.19696   0.37453   0.41243   1.04258   0.08815   0.30036   0.40173   0.53284   0.40495   0.66578   0.69616   2.58208   1.82534   0.71160   0.14832  
 31  5.8450   7224.625328  x:  1.43431   1.40639   0.20348   0.37959   0.40689   1.04249   0.08827   0.29468   0.40862   0.52166   0.40822   0.65929   0.68792   2.58263   1.82701   0.71349   0.14817  
 32  1.2941   7222.617783  x:  1.54679   1.51886   0.27756   0.35381   0.42978   1.07233   0.11926   0.30656   0.41573   0.54071   0.43671   0.68115   0.70703   2.67869   1.81350   0.74715   0.16166  
 33  0.4746   7221.682966  x:  1.65069   1.62277   0.34726   0.37482   0.44094   1.11154   0.12676   0.33285   0.42329   0.55357   0.47132   0.70015   0.73157   3.10709   1.77512   0.75831   0.14665  
 34  0.1896   7221.582299  x:  1.68641   1.65850   0.35795   0.38400   0.43616   1.11766   0.12601   0.33298   0.42271   0.55352   0.47313   0.70360   0.73290   3.19939   1.77694   0.77021   0.14792  
 35  0.0927   7221.550511  x:  1.71775   1.68984   0.35815   0.39245   0.43230   1.12310   0.12232   0.33186   0.42097   0.55488   0.47010   0.70510   0.73437   3.29054   1.77948   0.76978   0.14515  
 36  0.0591   7221.548008  x:  1.72181   1.69390   0.35650   0.39036   0.43404   1.12414   0.12313   0.33134   0.42118   0.55591   0.46884   0.70533   0.73520   3.30567   1.77473   0.76966   0.14520  
 37  0.0127   7221.547917  x:  1.72181   1.69390   0.35497   0.38981   0.43439   1.12408   0.12320   0.33120   0.42125   0.55579   0.46855   0.70515   0.73498   3.30555   1.77542   0.76947   0.14517  
 38  0.0013   7221.547905  x:  1.72192   1.69401   0.35428   0.38994   0.43435   1.12400   0.12315   0.33122   0.42126   0.55572   0.46854   0.70515   0.73494   3.30539   1.77550   0.76951   0.14521  
 39  0.0004   7221.547903  x:  1.72200   1.69411   0.35415   0.38999   0.43433   1.12402   0.12315   0.33123   0.42126   0.55575   0.46858   0.70517   0.73497   3.30551   1.77541   0.76950   0.14520  
 40  0.0002   7221.547903  x:  1.72202   1.69413   0.35415   0.38998   0.43432   1.12404   0.12316   0.33123   0.42125   0.55575   0.46859   0.70517   0.73497   3.30556   1.77540   0.76950   0.14520  
 41  0.0000   7221.547903  x:  1.72203   1.69413   0.35415   0.38998   0.43432   1.12404   0.12316   0.33123   0.42125   0.55575   0.46859   0.70517   0.73496   3.30555   1.77541   0.76950   0.14520  
 42  0.0000   7221.547903  x:  1.72203   1.69413   0.35415   0.38998   0.43432   1.12404   0.12316   0.33123   0.42125   0.55575   0.46859   0.70517   0.73496   3.30555   1.77541   0.76950   0.14520  
 43  0.0000   7221.547903  x:  1.72203   1.69413   0.35415   0.38998   0.43432   1.12404   0.12316   0.33123   0.42125   0.55575   0.46859   0.70517   0.73496   3.30555   1.77541   0.76950   0.14520  

Model 2: PositiveSelection

TREE # 1

  0  0.0000   8524.147321  x:  0.17156   0.19135   0.00000   0.04786   0.13354   0.17105   0.07719   0.10257   0.10185   0.12947   0.04146   0.08878   0.09118   0.25926   1.77541   1.24860   0.16978   0.37709   2.58195  
  1 99.0000   7482.339843  x:  0.50469   0.52449   1.18058   0.51265   0.36504   0.56420   0.30959   0.29854   0.39109   0.39112   0.62042   0.68735   0.73734   0.73085   1.77355   1.34408   0.14995   0.10872   2.59084  
  2 3647.8792   7441.060813  x:  0.54494   0.56473   1.19559   0.50803   0.38214   0.60550   0.29832   0.29331   0.40206   0.41075   0.61934   0.69381   0.74458   0.78033   1.77691   1.35799   0.16398   0.26721   2.57584  
  3 596.5112   7302.941276  x:  1.09606   1.11586   0.89528   0.21586   0.60063   1.18443   0.00000   0.15033   0.51054   0.68514   0.34086   0.56506   0.60543   1.46178   1.83348   1.70189   0.28710   0.22729   2.29579  
  4 303.2643   7270.563302  x:  1.27407   1.29387   0.56772   0.30316   0.61649   1.30373   0.28888   0.41045   0.45926   0.67149   0.33063   0.56081   0.58853   1.73539   1.86485   1.89546   0.38849   0.22490   2.11642  
  5 171.9106   7251.690642  x:  1.36105   1.38085   0.33278   0.25473   0.43935   1.25678   0.27413   0.43478   0.35857   0.54718   0.43481   0.73828   0.76046   1.93406   1.87270   2.03510   0.49187   0.22210   1.98961  
  6 103.9802   7246.822762  x:  1.37086   1.39065   0.28659   0.32820   0.33703   1.12813   0.26458   0.38633   0.45817   0.56861   0.46430   0.73250   0.75935   2.04791   1.86297   2.09767   0.59323   0.21927   1.91480  
  7 43.1824   7243.239207  x:  1.35941   1.37920   0.30137   0.43116   0.37795   0.99989   0.23328   0.31065   0.41589   0.50176   0.47737   0.70298   0.73242   2.17969   1.84100   2.15968   0.74942   0.21043   1.82292  
  8 40.4842   7240.047041  x:  1.25384   1.27363   0.32882   0.41793   0.45470   0.91903   0.13413   0.39697   0.40707   0.54164   0.50037   0.69283   0.74028   2.27262   1.80858   2.25251   1.02463   0.20289   1.66141  
  9 26.0160   7236.590325  x:  1.10320   1.12299   0.43132   0.40911   0.38498   1.01406   0.14149   0.37146   0.38748   0.52766   0.43197   0.69057   0.73403   2.30930   1.80283   2.38919   1.41680   0.18879   1.41734  
 10 29.5597   7234.519883  x:  1.06179   1.08158   0.47401   0.37063   0.44423   1.03536   0.17192   0.29563   0.45403   0.47871   0.46426   0.70425   0.73622   2.17438   1.83061   2.58172   1.62877   0.18552   1.16122  
 11 20.3788   7232.530881  x:  1.06792   1.08772   0.52642   0.35136   0.43847   1.02052   0.17683   0.27939   0.44050   0.48242   0.47115   0.69339   0.72726   2.08522   1.83974   2.68435   1.72406   0.18318   1.00000  
 12 49.5229   7231.438216  x:  1.13539   1.15518   0.50849   0.39360   0.42491   1.01394   0.13576   0.33226   0.45302   0.45726   0.41242   0.69182   0.74882   2.03541   1.79956   2.76733   1.79111   0.18121   1.00000  
 13  3.4149   7229.904559  x:  1.20858   1.22837   0.40509   0.44241   0.41407   1.02806   0.12834   0.34409   0.40385   0.53913   0.44221   0.70149   0.73860   2.06374   1.76038   2.81370   1.81042   0.18033   1.00000  
 14 10.9021   7229.019501  x:  1.25218   1.27197   0.38016   0.39058   0.39175   1.01652   0.14936   0.38169   0.40147   0.52350   0.48337   0.66705   0.70508   2.14964   1.78523   2.81127   1.78752   0.17883   1.00000  
 15 10.5330   7228.653726  x:  1.26489   1.28468   0.37231   0.35346   0.40022   0.98216   0.18436   0.38289   0.39643   0.53912   0.44893   0.67542   0.71954   2.19700   1.81543   2.81188   1.76758   0.17891   1.00000  
 16  8.5775   7227.853502  x:  1.27275   1.29255   0.35608   0.35088   0.40312   0.99272   0.18546   0.36418   0.39071   0.54358   0.45212   0.60263   0.78224   2.22811   1.81989   2.83137   1.74354   0.17241   1.00000  
 17  0.6855   7225.820497  x:  1.29798   1.31777   0.34078   0.34489   0.40546   1.00499   0.16316   0.34935   0.39274   0.53384   0.43651   0.65630   0.70472   2.30049   1.81212   2.88760   1.68341   0.15590   1.00000  
 18  5.1779   7225.565371  x:  1.27317   1.29297   0.34716   0.34719   0.39923   1.01379   0.15583   0.34965   0.38942   0.52837   0.42702   0.65466   0.69256   2.33887   1.77405   2.96592   1.60916   0.16093   1.00000  
 19  3.9188   7223.571814  x:  1.44273   1.46252   0.20915   0.35056   0.42624   1.04886   0.11980   0.29625   0.41358   0.52263   0.41938   0.66052   0.68194   2.57427   1.81523   2.68683   1.42199   0.16080   1.00000  
 20  0.2847   7223.556932  x:  1.44606   1.46585   0.20930   0.34331   0.42725   1.04726   0.12579   0.29380   0.41464   0.52246   0.41959   0.66023   0.68244   2.57598   1.79933   2.68175   1.42357   0.16048   1.00000  
 21  1.3687   7223.395958  x:  1.47130   1.49109   0.20718   0.32769   0.42460   1.04245   0.11715   0.31464   0.40195   0.53217   0.42009   0.64521   0.69166   2.61642   1.80304   2.65616   1.41268   0.15945   1.00000  
 22  0.0532   7222.804525  x:  1.56506   1.58489   0.19778   0.36720   0.40568   1.04522   0.13101   0.30031   0.38902   0.55329   0.42686   0.64971   0.71085   2.82167   1.80678   2.46665   1.12183   0.15593   1.00000  
 23  0.0536   7221.758087  x:  1.70395   1.72385   0.26744   0.38495   0.43829   1.09523   0.11805   0.32830   0.43409   0.54823   0.47124   0.70510   0.71806   3.18677   1.78215   2.01591   0.38423   0.14859   1.00000  
 24  0.3269   7221.569255  x:  1.68621   1.70613   0.33289   0.38185   0.43566   1.11694   0.12323   0.32860   0.41836   0.55223   0.46080   0.70156   0.73305   3.22043   1.78311   2.01023   0.24914   0.14630   1.00000  
 25  0.0997   7221.550852  x:  1.69453   1.71446   0.35285   0.38867   0.43371   1.12450   0.12357   0.33090   0.42040   0.55543   0.46738   0.70395   0.73550   3.27540   1.77522   1.96181   0.13676   0.14603   1.00000  
 26  0.1019   7221.548544  x:  1.69668   1.71662   0.35601   0.39014   0.43386   1.12470   0.12298   0.33129   0.42134   0.55599   0.46873   0.70491   0.73525   3.29194   1.77525   1.95256   0.11488   0.14526   1.00000  
 27  0.0291   7221.547989  x:  1.69678   1.71671   0.35558   0.38998   0.43437   1.12372   0.12306   0.33130   0.42135   0.55580   0.46858   0.70524   0.73472   3.30082   1.77558   1.95464   0.10720   0.14526   1.00000  
 28  0.0083   7221.547907  x:  1.69830   1.71824   0.35435   0.38994   0.43443   1.12396   0.12320   0.33119   0.42127   0.55575   0.46866   0.70527   0.73500   3.30565   1.77545   1.95137   0.10301   0.14519   1.00000  
 29  0.0053   7221.547904  x:  1.69819   1.71813   0.35415   0.38998   0.43432   1.12402   0.12315   0.33123   0.42126   0.55575   0.46858   0.70517   0.73498   3.30556   1.77538   1.95192   0.10373   0.14520   1.00000  
 30  0.0008   7221.547903  x:  1.69815   1.71809   0.35415   0.38998   0.43432   1.12405   0.12316   0.33123   0.42125   0.55576   0.46859   0.70517   0.73496   3.30557   1.77541   1.95189   0.10374   0.14520   1.00000  
 31  0.0001   7221.547903  x:  1.69812   1.71805   0.35415   0.38998   0.43432   1.12404   0.12316   0.33123   0.42126   0.55575   0.46859   0.70517   0.73496   3.30555   1.77541   1.95191   0.10381   0.14520   1.00000  
 32  0.0001   7221.547903  x:  1.69811   1.71805   0.35415   0.38998   0.43432   1.12404   0.12316   0.33123   0.42126   0.55575   0.46859   0.70517   0.73497   3.30555   1.77541   1.95191   0.10381   0.14520   1.00000  
 33  0.0000   7221.547903  x:  1.69811   1.71805   0.35415   0.38998   0.43432   1.12404   0.12316   0.33123   0.42125   0.55575   0.46859   0.70517   0.73496   3.30555   1.77541   1.95191   0.10381   0.14520   1.00000  
 34  0.0000   7221.547903  x:  1.69811   1.71805   0.35415   0.38998   0.43432   1.12404   0.12316   0.33123   0.42125   0.55575   0.46859   0.70517   0.73496   3.30555   1.77541   1.95191   0.10381   0.14520   1.00000  

Model 7: beta

TREE # 1

  0  0.0000   8416.267174  x:  0.18010   0.17386   0.00000   0.06768   0.12299   0.21068   0.06982   0.09051   0.14288   0.11691   0.08280   0.11390   0.11273   0.24180   1.77541   0.83599   1.30068  
  1 99.0000   7299.503984  x:  0.72084   0.71460   2.54036   0.64809   0.53415   0.67702   0.46306   0.45361   0.44545   0.59842   0.53935   0.76069   0.84689   1.01577   1.74727   0.64640   1.36149  
  2 4348.5994   7219.338429  x:  1.11205   1.10581   2.44051   0.34831   0.56318   1.07567   0.12990   0.20668   0.36660   0.50251   0.40513   0.66015   0.73905   1.51429   1.70942   0.51436   1.49828  
  3 154.2016   7205.729159  x:  1.23931   1.23307   2.34736   0.29407   0.49266   1.13056   0.07688   0.31690   0.43604   0.53761   0.44297   0.64348   0.71062   1.70329   1.68609   0.70362   1.53131  
  4 103.1777   7193.186000  x:  1.40957   1.40333   2.06851   0.39805   0.40398   1.14782   0.20157   0.51163   0.50165   0.60079   0.54295   0.69737   0.72441   1.99856   1.67053   0.63245   1.70330  
  5 79.7745   7190.093180  x:  1.44005   1.43381   1.99054   0.44030   0.40825   1.10416   0.23555   0.48515   0.43234   0.56734   0.56150   0.78734   0.79531   2.10926   1.67761   0.69484   1.78197  
  6 38.1723   7188.424863  x:  1.42248   1.41624   1.94794   0.44040   0.44197   1.03245   0.21039   0.42709   0.47636   0.63133   0.55642   0.83220   0.84099   2.20549   1.69650   0.72203   1.89698  
  7 23.4334   7185.899399  x:  1.30957   1.30333   1.94991   0.46888   0.55407   0.95216   0.15886   0.45533   0.44625   0.61441   0.58508   0.74763   0.80840   2.43829   1.72363   0.77920   2.21824  
  8 18.1617   7184.161577  x:  1.19484   1.18860   1.97465   0.48313   0.44876   0.96488   0.10450   0.45840   0.43400   0.59113   0.58716   0.73773   0.81075   2.59252   1.70034   0.80115   2.47285  
  9 24.0929   7183.374263  x:  1.13318   1.12694   1.96282   0.52093   0.44648   1.04897   0.11285   0.44522   0.44927   0.59463   0.55783   0.75506   0.79517   2.65069   1.65591   0.84114   2.59901  
 10 18.8007   7182.844505  x:  1.15666   1.15042   1.95802   0.50167   0.46447   1.04365   0.08591   0.47769   0.45089   0.57909   0.54248   0.81250   0.76674   2.62868   1.59058   0.84270   2.69153  
 11  3.0093   7181.017515  x:  1.31275   1.30651   1.94844   0.52876   0.43019   1.03513   0.11608   0.41396   0.44361   0.58449   0.54931   0.79138   0.69049   2.53673   1.53604   0.90359   2.98814  
 12  7.7633   7178.391023  x:  1.50436   1.49812   1.86852   0.48204   0.43873   1.14512   0.10989   0.42452   0.45885   0.55821   0.58861   0.74399   0.80882   2.39760   1.60321   0.96564   3.38801  
 13 22.2252   7177.099582  x:  1.55180   1.54556   1.83807   0.41311   0.42800   1.16496   0.17297   0.46190   0.41492   0.59984   0.49222   0.75906   0.80258   2.46924   1.68359   0.97210   3.44950  
 14  6.7806   7172.837612  x:  1.61335   1.60711   1.68494   0.17460   0.44558   1.19909   0.38252   0.39653   0.48236   0.52666   0.56689   0.81060   0.76091   2.92871   1.72393   0.93043   3.39494  
 15 10.3181   7166.540217  x:  1.70996   1.70372   1.37919   0.28572   0.47914   1.18644   0.28040   0.36639   0.42033   0.60429   0.52973   0.68164   0.91965   3.71704   1.50770   0.82596   3.10918  
 16 17.0240   7162.760090  x:  1.76836   1.76212   1.18758   0.54069   0.48990   1.21910   0.03775   0.35085   0.44858   0.57948   0.55260   0.77115   0.83475   4.18060   1.63396   0.76097   2.91096  
 17 24.5823   7161.202123  x:  1.99333   1.98709   0.97432   0.51182   0.49110   1.23125   0.12374   0.39495   0.49655   0.51222   0.48872   0.75980   0.81746   4.57090   1.64994   0.75498   3.04350  
 18  0.5322   7159.891783  x:  2.16553   2.15929   0.78003   0.45077   0.49842   1.28573   0.17157   0.42620   0.42772   0.58187   0.55416   0.78222   0.76911   4.88309   1.66106   0.74735   3.15399  
 19 26.5710   7158.869975  x:  2.43748   2.43125   0.46808   0.47421   0.47975   1.28593   0.14218   0.38082   0.46164   0.59081   0.57460   0.79354   0.80795   5.41564   1.62905   0.77059   3.34048  
 20  0.4003   7158.586844  x:  2.55582   2.54960   0.30673   0.48900   0.49119   1.25713   0.11398   0.40414   0.45344   0.58105   0.58600   0.79065   0.80810   5.73693   1.63370   0.72479   3.14594  
 21  0.2438   7158.410303  x:  2.63438   2.62815   0.20692   0.48832   0.49553   1.24172   0.12321   0.39959   0.44421   0.58287   0.58567   0.79080   0.79885   5.90756   1.65186   0.73414   3.05298  
 22  0.1393   7158.291985  x:  2.65921   2.65299   0.15231   0.47277   0.48220   1.24912   0.12630   0.39169   0.45209   0.58940   0.57123   0.78912   0.80227   5.98739   1.64992   0.71008   2.85345  
 23  0.1048   7158.108848  x:  2.59513   2.58893   0.18774   0.45703   0.47625   1.29367   0.11019   0.40339   0.45172   0.57579   0.56241   0.77281   0.79582   5.79598   1.63611   0.72439   2.89034  
 24  0.0461   7157.138615  x:  2.49501   2.48891   0.03400   0.41890   0.51653   1.30340   0.17154   0.37571   0.44418   0.55439   0.56650   0.76948   0.77270   5.27429   1.66431   0.71966   2.70123  
 25  0.0751   7156.862560  x:  2.48667   2.48059   0.00000   0.41794   0.51298   1.29281   0.16919   0.37403   0.44333   0.55610   0.56152   0.76754   0.77307   5.19917   1.66412   0.72369   2.71297  
 26  0.2906   7156.240329  x:  2.47772   2.47176   0.00000   0.41686   0.47422   1.19920   0.14296   0.36804   0.43543   0.56540   0.52720   0.74619   0.76796   4.88663   1.65753   0.73955   2.69708  
 27  0.5804   7155.899023  x:  2.29976   2.29381   0.00000   0.41316   0.46166   1.18875   0.14541   0.37430   0.43562   0.56219   0.52580   0.73918   0.76080   4.52940   1.64343   0.75405   2.79159  
 28  0.6722   7155.867104  x:  2.26263   2.25666   0.00000   0.41728   0.46338   1.18675   0.14295   0.37255   0.43512   0.56820   0.52567   0.74235   0.76272   4.60679   1.64411   0.75458   2.78386  
 29  0.0760   7155.864560  x:  2.25820   2.25224   0.00000   0.41472   0.46336   1.18302   0.14273   0.37225   0.43438   0.56679   0.52434   0.74007   0.76142   4.60157   1.64464   0.75781   2.78880  
 30  0.0099   7155.864526  x:  2.25862   2.25266   0.00000   0.41446   0.46352   1.18344   0.14301   0.37238   0.43456   0.56649   0.52454   0.74033   0.76142   4.60321   1.64444   0.75810   2.79105  
 31  0.0031   7155.864526  x:  2.25856   2.25260   0.00000   0.41447   0.46351   1.18342   0.14300   0.37237   0.43457   0.56649   0.52452   0.74035   0.76142   4.60305   1.64442   0.75813   2.79119  
 32  0.0002   7155.864526  x:  2.25857   2.25261   0.00000   0.41447   0.46351   1.18342   0.14300   0.37237   0.43457   0.56649   0.52452   0.74035   0.76142   4.60305   1.64442   0.75813   2.79120  
 33  0.0000   7155.864526  x:  2.25857   2.25261   0.00000   0.41447   0.46351   1.18342   0.14300   0.37237   0.43457   0.56649   0.52452   0.74035   0.76142   4.60305   1.64442   0.75813   2.79120  
 34  0.0000   7155.864526  x:  2.25857   2.25261   0.00000   0.41447   0.46351   1.18342   0.14300   0.37237   0.43457   0.56649   0.52452   0.74035   0.76142   4.60305   1.64442   0.75813   2.79120  
 35  0.0000   7155.864526  x:  2.25857   2.25261   0.00000   0.41447   0.46351   1.18342   0.14300   0.37237   0.43457   0.56649   0.52452   0.74035   0.76142   4.60305   1.64442   0.75813   2.79120  
 36  0.0000   7155.864526  x:  2.25857   2.25261   0.00000   0.41447   0.46351   1.18342   0.14300   0.37237   0.43457   0.56649   0.52452   0.74035   0.76142   4.60305   1.64442   0.75813   2.79120  
 37  0.0516   7155.864526  x:  2.25857   2.25261   0.00000   0.41447   0.46351   1.18342   0.14300   0.37237   0.43457   0.56649   0.52452   0.74035   0.76142   4.60305   1.64442   0.75813   2.79120  
check convergence!


Model 8: beta&w>1

TREE # 1

  0  0.0000   8071.250176  x:  0.21898   0.18710   0.00000   0.09385   0.13714   0.28982   0.05859   0.11082   0.16101   0.13871   0.05220   0.16507   0.21714   0.33840   1.64442   0.90000   0.91941   1.20165   2.01589  
  1 99.0000   7611.381016  x:  0.32836   0.29648   0.32626   0.18272   0.20949   0.35537   0.14978   0.17487   0.21254   0.22422   0.20365   0.25593   0.28486   0.46452   1.64555   0.99999   0.87971   1.22983   2.02403  
  2 2402.7965   7444.713728  x:  0.57911   0.54723   1.03652   0.38017   0.37738   0.51359   0.34957   0.31947   0.33462   0.42253   0.53762   0.46666   0.44561   0.75500   1.64745   0.76184   0.78462   1.29492   2.04157  
  3 12524.7799   7272.237827  x:  0.95014   0.91825   0.68283   0.17619   0.55905   1.14878   0.04483   0.16560   0.52859   0.59855   0.30814   0.75484   0.83486   1.26004   1.74104   0.80110   0.64924   1.36367   1.63139  
  4 297.8659   7231.312035  x:  1.10570   1.07381   0.30779   0.39058   0.57635   1.30607   0.29317   0.46216   0.49886   0.59157   0.29995   0.76332   0.88122   1.55572   1.79257   0.81905   0.64363   1.40298   1.28435  
  5 177.8360   7204.361867  x:  1.25410   1.22221   0.24281   0.38450   0.35877   1.21540   0.24214   0.47085   0.36346   0.50776   0.40851   0.67694   0.76578   1.87490   1.79363   0.81446   0.71618   1.47916   1.00000  
  6 90.5381   7198.345722  x:  1.30357   1.27168   0.19304   0.40336   0.30845   1.10336   0.22081   0.44892   0.40813   0.55072   0.42955   0.60984   0.66771   2.02239   1.78249   0.81565   0.62286   1.58398   1.00000  
  7 69.0162   7195.249792  x:  1.32595   1.29407   0.15175   0.44387   0.42732   0.97520   0.20529   0.38842   0.38570   0.52489   0.42309   0.61655   0.62732   2.14755   1.75142   0.81667   0.64349   1.70189   1.00000  
  8 35.5571   7194.094278  x:  1.31483   1.28295   0.12403   0.44363   0.43077   0.90692   0.19277   0.39968   0.41599   0.53758   0.43089   0.64618   0.66684   2.20108   1.72908   0.81832   0.69451   1.79115   1.00000  
  9 23.7200   7192.114053  x:  1.25123   1.21935   0.10315   0.42750   0.43194   0.93763   0.17289   0.45059   0.37697   0.51468   0.42284   0.63803   0.71809   2.30060   1.68231   0.82130   0.72126   2.11857   1.00000  
 10 17.7255   7190.741894  x:  1.22204   1.19015   0.09348   0.43594   0.43040   0.99936   0.17911   0.45566   0.39334   0.53828   0.39051   0.61077   0.68905   2.35956   1.67118   0.82279   0.82484   2.35895   1.00000  
 11 38.0595   7189.868759  x:  1.23893   1.20705   0.06404   0.46101   0.39455   1.02707   0.20936   0.41550   0.39849   0.52207   0.38969   0.66793   0.66656   2.34165   1.71037   0.82432   0.86163   2.54217   1.00000  
 12 16.9953   7189.108970  x:  1.31920   1.28732   0.02963   0.44314   0.40890   1.02614   0.20516   0.43273   0.40852   0.50466   0.40898   0.63876   0.67653   2.26322   1.74841   0.82614   0.90192   2.71101   1.00000  
 13 11.3701   7188.914511  x:  1.34465   1.31276   0.02725   0.43752   0.40295   1.01731   0.21394   0.43510   0.38642   0.52548   0.38521   0.63820   0.68349   2.24458   1.73842   0.82659   0.90876   2.74710   1.00000  
 14  7.4751   7188.536006  x:  1.36933   1.33745   0.00746   0.41112   0.40257   1.02897   0.23267   0.42404   0.39252   0.52370   0.40028   0.65036   0.66868   2.24047   1.66021   0.82787   0.91254   2.77371   1.00000  
 15  2.2847   7186.291251  x:  1.40907   1.37719   0.00000   0.39099   0.39166   1.02154   0.23758   0.38709   0.43366   0.47047   0.35344   0.63043   0.69600   2.33534   1.64117   0.82989   0.91223   2.83137   1.00000  
 16  2.3835   7186.291251  x:  1.40907   1.37719   0.00000   0.39099   0.39166   1.02154   0.23758   0.38709   0.43366   0.47047   0.35344   0.63043   0.69600   2.33534   1.64117   0.82989   0.91223   2.83137   1.00000  
 17 23.7279   7172.626716  x:  1.42087   1.38899   0.03251   0.37388   0.39578   1.03395   0.20776   0.36937   0.43666   0.49443   0.37057   0.64461   0.70378   2.35306   1.64997   0.99999   0.90374   2.83547   1.00000  
 18 134.9995   7166.729357  x:  1.47494   1.44306   0.18918   0.31588   0.41605   1.07804   0.10521   0.30650   0.42401   0.56386   0.44706   0.68925   0.72464   2.43826   1.65773   0.98893   0.89663   2.83276   1.00000  
 19 48.3214   7163.243962  x:  1.54582   1.51394   0.37230   0.38006   0.47423   1.11762   0.16160   0.34200   0.38198   0.58423   0.52090   0.70710   0.72618   2.56433   1.66143   0.99437   0.87389   2.83276   1.00000  
 20 43.0442   7161.633064  x:  1.60729   1.57541   0.46237   0.38682   0.41676   1.11714   0.17020   0.37857   0.44202   0.55722   0.46424   0.68490   0.72171   2.69998   1.66675   0.99471   0.83076   2.84633   1.00000  
 21 20.9024   7161.136343  x:  1.63485   1.60297   0.45960   0.38319   0.41393   1.12298   0.16927   0.36938   0.42617   0.51745   0.43685   0.69174   0.73107   2.77621   1.66888   0.99666   0.84244   2.85520   1.00000  
 22 15.7180   7159.397269  x:  1.75434   1.72245   0.29423   0.38227   0.47703   1.15182   0.19715   0.35067   0.47710   0.52907   0.39989   0.74062   0.77857   3.16848   1.68507   0.98814   0.85041   2.92796   1.00000  
 23 19.2570   7156.446303  x:  1.93826   1.90638   0.00000   0.35076   0.44155   1.15425   0.20076   0.38615   0.44314   0.53692   0.49626   0.73479   0.77361   3.76874   1.69122   0.98001   0.81912   3.05713   1.00000  
 24 51.0271   7156.446303  x:  1.93826   1.90638   0.00000   0.35076   0.44155   1.15425   0.20076   0.38615   0.44314   0.53692   0.49626   0.73479   0.77361   3.76874   1.69122   0.98001   0.81912   3.05713   1.00000  
 25 23.0929   7156.194827  x:  1.93943   1.90754   0.00227   0.35090   0.44146   1.15430   0.19876   0.38386   0.44180   0.53784   0.49583   0.73341   0.77164   3.76976   1.69005   0.96650   0.82101   3.05698   1.00000  
 26 36.8713   7155.632112  x:  1.95793   1.92605   0.03708   0.35337   0.43933   1.15587   0.16620   0.34840   0.42383   0.55625   0.48903   0.71351   0.74201   3.78566   1.67540   0.96891   0.84158   3.05975   1.00000  
 27 14.9766   7155.285182  x:  1.98769   1.95581   0.08927   0.39585   0.45278   1.15218   0.15749   0.35409   0.41567   0.57780   0.50130   0.70359   0.72381   3.81339   1.65241   0.96847   0.81459   3.07575   1.00000  
 28  9.8937   7154.976131  x:  2.03016   1.99827   0.15742   0.41833   0.44291   1.14838   0.12480   0.37063   0.41246   0.56605   0.52097   0.72857   0.74709   3.86045   1.63091   0.96856   0.81028   3.09939   1.00000  
 29 10.7891   7154.854440  x:  2.05309   2.02121   0.18510   0.42249   0.44861   1.15984   0.12570   0.37210   0.44026   0.56863   0.51403   0.73590   0.75600   3.89708   1.63800   0.96799   0.81700   3.11981   1.00000  
 30  6.9959   7154.140090  x:  2.12521   2.09333   0.24729   0.41728   0.46869   1.21371   0.16574   0.36327   0.43813   0.52723   0.48915   0.74451   0.76747   4.03958   1.69088   0.96637   0.81316   3.20953   1.13556  
 31 11.0909   7152.596618  x:  2.23003   2.19815   0.28472   0.34460   0.42113   1.26259   0.21570   0.38437   0.43388   0.57005   0.52534   0.74509   0.76810   4.29277   1.76674   0.96044   0.79386   3.38317   1.51154  
 32 30.9092   7151.611662  x:  2.28729   2.25541   0.27176   0.33722   0.43778   1.27382   0.26945   0.41187   0.41186   0.60012   0.57431   0.75697   0.76840   4.45209   1.77283   0.96148   0.86543   3.48376   1.78874  
 33 43.9032   7150.364258  x:  2.32890   2.29701   0.16691   0.33734   0.51994   1.25954   0.24905   0.36260   0.41235   0.62096   0.59533   0.81310   0.79157   4.62198   1.69586   0.95983   0.87227   3.61012   2.18285  
 34 26.6787   7149.701816  x:  2.34407   2.31219   0.07202   0.40186   0.49215   1.25292   0.20334   0.38379   0.43569   0.58576   0.55620   0.79111   0.77228   4.70335   1.64373   0.96060   0.88625   3.65965   2.40651  
 35 16.0500   7149.454228  x:  2.35622   2.32434   0.01867   0.46383   0.48522   1.29258   0.15641   0.38405   0.42317   0.60854   0.55488   0.80206   0.78985   4.74520   1.67518   0.96043   0.88957   3.64585   2.49567  
 36  5.5113   7149.310049  x:  2.37079   2.33891   0.00000   0.46562   0.49511   1.29982   0.14053   0.38952   0.43138   0.60002   0.57142   0.79962   0.77919   4.77627   1.68297   0.96184   0.88466   3.61517   2.53681  
 37  3.3023   7149.310049  x:  2.37079   2.33891   0.00000   0.46562   0.49511   1.29982   0.14053   0.38952   0.43138   0.60002   0.57142   0.79962   0.77919   4.77627   1.68297   0.96184   0.88466   3.61517   2.53681  
 38  9.5092   7149.086422  x:  2.37089   2.33901   0.00016   0.46546   0.49472   1.29965   0.14059   0.38973   0.43195   0.60064   0.57147   0.79973   0.77933   4.77635   1.68306   0.96874   0.88445   3.61521   2.53690  
 39 62.5789   7148.912542  x:  2.37430   2.34241   0.00556   0.45493   0.47229   1.28715   0.13925   0.39377   0.44644   0.61635   0.57031   0.79764   0.77874   4.77928   1.68548   0.96896   0.86755   3.61803   2.54315  
 40  8.7173   7148.838317  x:  2.38312   2.35124   0.01913   0.44664   0.45386   1.26979   0.15057   0.39947   0.43455   0.61228   0.56956   0.79505   0.77691   4.78718   1.68796   0.97006   0.87036   3.61857   2.55706  
 41  4.4304   7148.757911  x:  2.40509   2.37321   0.04790   0.42991   0.47360   1.25022   0.17115   0.39461   0.43555   0.61367   0.56361   0.78853   0.77091   4.80700   1.69273   0.97065   0.86188   3.62241   2.59712  
 42  3.4316   7148.700621  x:  2.42570   2.39382   0.06943   0.41101   0.48063   1.25094   0.17053   0.38932   0.44297   0.61377   0.57025   0.79564   0.78083   4.82695   1.69392   0.97007   0.87021   3.62461   2.63979  
 43  4.8392   7148.554205  x:  2.48446   2.45257   0.11570   0.40975   0.48957   1.28785   0.19304   0.40743   0.45214   0.61528   0.60139   0.82099   0.81234   4.88813   1.69843   0.96773   0.85647   3.63800   2.78188  
 44  7.3646   7148.337923  x:  2.57402   2.54214   0.17008   0.43476   0.48453   1.36064   0.20587   0.41406   0.45912   0.65178   0.60772   0.83265   0.81041   4.99042   1.70743   0.96501   0.87004   3.65978   3.01905  
 45 13.4352   7148.201673  x:  2.62419   2.59230   0.18389   0.44498   0.48366   1.39214   0.18327   0.41138   0.44522   0.65324   0.60048   0.84549   0.80970   5.05812   1.71391   0.96636   0.85427   3.68087   3.17980  
 46 15.5573   7147.768271  x:  2.76597   2.73409   0.14885   0.52138   0.50918   1.39248   0.11963   0.46888   0.47516   0.64893   0.60297   0.87854   0.81645   5.30382   1.71732   0.96689   0.86927   3.75642   3.76068  
 47 15.2315   7147.270905  x:  2.89946   2.86758   0.04885   0.59111   0.52345   1.38400   0.11844   0.42653   0.47415   0.69107   0.65562   0.91496   0.85990   5.60202   1.70865   0.96793   0.88123   3.84760   4.45358  
 48 26.2231   7146.980108  x:  2.93312   2.90124   0.00000   0.57415   0.53082   1.40443   0.13031   0.43789   0.47126   0.70233   0.66631   0.91130   0.86685   5.70735   1.70746   0.96862   0.88637   3.87638   4.68949  
 49 23.2593   7146.768648  x:  2.97833   2.94644   0.00000   0.55193   0.52782   1.44282   0.17843   0.43945   0.49680   0.69268   0.63474   0.95147   0.88046   5.87691   1.72644   0.96879   0.89720   3.91220   5.05621  
 50 20.6764   7146.651942  x:  2.99828   2.96640   0.00000   0.54450   0.53921   1.45785   0.18302   0.45063   0.49537   0.70965   0.66324   0.99437   0.85505   5.99329   1.75360   0.96750   0.89660   3.89774   5.28121  
 51  3.3463   7145.986118  x:  3.12422   3.09235   0.00000   0.56503   0.57490   1.56402   0.19107   0.48759   0.51978   0.75336   0.70272   1.00703   0.93677   6.66391   1.72811   0.96322   0.86885   3.75507   6.56855  
 52 10.0085   7145.943122  x:  3.14124   3.10936   0.00000   0.56561   0.57099   1.57615   0.19373   0.48068   0.53389   0.73717   0.72007   0.99675   0.92875   6.69429   1.72985   0.96427   0.86335   3.73416   6.68340  
 53  3.6360   7145.500314  x:  3.36792   3.33605   0.00000   0.54190   0.61052   1.65844   0.22164   0.52312   0.54140   0.79391   0.75579   1.03773   0.98464   6.88440   1.72943   0.96710   0.83540   3.44504   8.07135  
 54  5.2304   7145.461415  x:  3.38361   3.35174   0.00000   0.54565   0.61606   1.66885   0.22122   0.52692   0.54315   0.80044   0.76067   1.03141   1.00505   6.89689   1.76320   0.96694   0.83935   3.44983   8.22600  
 55  3.3485   7145.004705  x:  3.53896   3.50710   0.00000   0.57692   0.67060   1.83299   0.25574   0.57627   0.59812   0.85888   0.83119   1.14323   1.08926   7.01212   1.73840   0.96704   0.88698   3.77176  10.36715  
 56  4.8881   7144.783588  x:  3.86837   3.83651   0.00000   0.65293   0.73274   1.98930   0.26102   0.62903   0.64862   0.93878   0.90074   1.25351   1.19362   7.79658   1.74503   0.96445   0.86318   3.59037  12.59344  
 57  1.6149   7144.694412  x:  3.96259   3.93073   0.00000   0.69981   0.76015   2.05757   0.25323   0.65054   0.67469   0.97093   0.93248   1.30102   1.24261   8.16346   1.74457   0.96574   0.85015   3.48780  13.74431  
 58  2.8429   7144.570845  x:  4.53830   4.50644   0.00000   0.75776   0.84094   2.27735   0.29489   0.72082   0.74455   1.07272   1.03561   1.43857   1.37642   9.06006   1.74580   0.96648   0.86903   3.59921  17.04117  
 59  2.4734   7144.504917  x:  4.87392   4.84207   0.00000   0.82753   0.90713   2.45579   0.31191   0.77820   0.80394   1.15786   1.11485   1.55832   1.48861   9.79198   1.74727   0.96536   0.86692   3.62600  19.45595  
 60  1.9832   7144.456329  x:  5.38614   5.35429   0.00000   0.93919   1.01530   2.75187   0.34139   0.87112   0.90516   1.29406   1.24710   1.75029   1.67210  10.95046   1.74617   0.96603   0.86050   3.59002  23.72559  
 61  2.1268   7144.431322  x:  5.96775   5.93590   0.00000   1.03414   1.12478   3.05085   0.38386   0.96615   1.00333   1.43509   1.38094   1.94138   1.85399  12.09144   1.74677   0.96535   0.86720   3.58910  27.90804  
 62  2.5457   7144.414501  x:  6.75159   6.71975   0.00000   1.15496   1.26869   3.44683   0.44207   1.09073   1.13234   1.61916   1.56047   2.18830   2.09084  13.61822   1.74753   0.96577   0.86879   3.60061  33.52795  
 63  2.5468   7144.406412  x:  7.46865   7.43682   0.00000   1.26976   1.40103   3.80850   0.49219   1.20519   1.24946   1.78929   1.72421   2.41586   2.30790  15.04510   1.74790   0.96553   0.86540   3.60199  38.56031  
 64  3.3503   7144.401695  x:  8.63725   8.60543   0.00000   1.46159   1.62084   4.40807   0.57406   1.39426   1.44450   2.07084   1.99569   2.79119   2.66820  17.38787   1.74724   0.96556   0.86532   3.58103  47.00939  
 65  3.0190   7144.399816  x:  9.37567   9.34386   0.00000   1.58560   1.75976   4.78570   0.62357   1.51356   1.56695   2.24867   2.16719   3.02849   2.89548  18.88741   1.74805   0.96549   0.86614   3.59866  52.28555  
 66  3.2372   7144.398440  x: 10.97397  10.94218   0.00000   1.85948   2.06294   5.60860   0.72905   1.77315   1.83467   2.63593   2.54073   3.54536   3.39131  22.15394   1.74803   0.96556   0.86638   3.60459  63.84371  
 67  3.2557   7144.397742  x: 11.82689  11.79511   0.00000   2.00676   2.22515   6.04828   0.78497   1.91205   1.97794   2.84330   2.73992   3.82248   3.65680  23.89723   1.74782   0.96545   0.86628   3.59710  70.00890  
 68  5.1004   7144.397136  x: 15.41361  15.38187   0.00000   2.62937   2.90621   7.89328   1.01698   2.49462   2.57956   3.71245   3.57666   4.98570   4.77085  31.24028   1.74779   0.96540   0.86499   3.59275  95.90421  
 69  4.0004   7144.396975  x: 15.87128  15.83955   0.00000   2.70887   2.99283   8.12782   1.04648   2.56869   2.65627   3.82277   3.68301   5.13400   4.91264  32.17179   1.74778   0.96542   0.86627   3.59955  99.20107  
 70  2.4490   7144.396807  x: 17.78035  17.74864   0.00000   3.03840   3.35363   9.10546   1.17031   2.87760   2.97559   4.28298   4.12606   5.75182   5.50330  36.05591   1.74778   0.96538   0.86693   3.60481  112.92031  
 71  4.4464   7144.396248  x: 24.64944  24.61781   0.00000   4.22351   4.64939  12.61647   1.61497   3.98717   4.12389   5.93496   5.71639   7.97329   7.62553  50.00000   1.74771   0.96533   0.86542   3.59800  162.21372  
 72 10.1895   7144.396248  x: 24.64944  24.61781   0.00000   4.22351   4.64939  12.61647   1.61497   3.98717   4.12389   5.93496   5.71639   7.97329   7.62553  50.00000   1.74771   0.96533   0.86542   3.59800  162.21372  
 73 11.9233   7144.396172  x: 24.64944  24.61781   0.00000   4.22351   4.64939  12.61647   1.61497   3.98717   4.12389   5.93496   5.71639   7.97329   7.62553  50.00000   1.74771   0.96535   0.86542   3.59800  162.21372  
 74  6.5426   7144.396156  x: 24.64945  24.61783   0.00000   4.22349   4.64938  12.61648   1.61498   3.98720   4.12396   5.93497   5.71641   7.97337   7.62560  49.99999   1.74771   0.96535   0.86578   3.59798  162.21371  
 75  0.0811   7144.395863  x: 24.65132  24.61970   0.00000   4.22184   4.64823  12.61809   1.61596   3.99084   4.13355   5.93581   5.71859   7.98362   7.63469  49.99837   1.74979   0.96532   0.86648   3.60090  162.21233  
 76  0.0384   7144.395625  x: 24.65298  24.62136   0.00000   4.22057   4.64751  12.61964   1.61698   3.99394   4.14134   5.93648   5.72048   7.99225   7.64235  49.99699   1.74749   0.96530   0.86682   3.60307  162.21114  
 77  0.4393   7144.395297  x: 24.65964  24.62802   0.00000   4.22508   4.65771  12.63222   1.62769   4.00079   4.14334   5.93632   5.72616   8.00843   7.65529  49.99347   1.74777   0.96524   0.86641   3.59715  162.20726  
 78  0.0348   7144.394868  x: 24.67812  24.64649   0.00000   4.22524   4.67327  12.66658   1.63407   4.00262   4.15157   5.95969   5.73471   8.02183   7.66551  49.98795   1.74778   0.96515   0.86696   3.59616  162.19845  
 79  0.0345   7144.394594  x: 24.70122  24.66960   0.00000   4.22541   4.66678  12.69205   1.63379   4.00944   4.14688   5.96496   5.74516   8.02734   7.67519  49.98681   1.74783   0.96512   0.86742   3.59943  162.18950  
 80  0.0300   7144.394267  x: 24.74305  24.71142   0.00000   4.23700   4.66265  12.70863   1.63985   4.01834   4.15891   5.96826   5.74882   8.02740   7.67874  49.99141   1.74792   0.96507   0.86697   3.59555  162.17433  
 81  0.0313   7144.393828  x: 24.78627  24.75465   0.00000   4.24178   4.66966  12.71682   1.63781   4.01583   4.16286   5.96767   5.74826   8.03504   7.68524  50.00000   1.74792   0.96505   0.86715   3.59775  162.15843  
 82  0.0631   7144.393582  x: 24.84609  24.81446   0.00000   4.24251   4.68030  12.71980   1.63742   4.01865   4.16388   5.97695   5.75517   8.04855   7.69450  50.00000   1.74810   0.96500   0.86707   3.59752  162.13446  
 83  0.0786   7144.393557  x: 24.84393  24.81230   0.00000   4.23941   4.68065  12.71435   1.64114   4.01882   4.16207   5.97736   5.75700   8.04641   7.69273  50.00000   1.74805   0.96501   0.86741   3.60015  162.13268  
 84  0.0072   7144.393543  x: 24.84243  24.81080   0.00000   4.23474   4.67963  12.71205   1.64327   4.01786   4.16170   5.97719   5.75781   8.04514   7.69206  50.00000   1.74814   0.96501   0.86713   3.59795  162.12952  
 85  0.0066   7144.393526  x: 24.84973  24.81810   0.00000   4.23028   4.68016  12.71651   1.64857   4.01823   4.16322   5.97648   5.75631   8.04552   7.69354  50.00000   1.74816   0.96500   0.86717   3.59884  162.11602  
 86  0.0068   7144.393456  x: 24.84328  24.81164   0.00000   4.22862   4.67894  12.71182   1.64887   4.01462   4.16105   5.97465   5.75255   8.04523   7.69105  50.00000   1.74814   0.96501   0.86731   3.59952  162.07511  
 87  0.0053   7144.392960  x: 24.80057  24.76888   0.00000   4.21658   4.67228  12.68003   1.64622   3.99635   4.14810   5.95877   5.73024   8.03964   7.67001  50.00000   1.74802   0.96498   0.86811   3.60439  161.50274  
 88  0.1773   7144.388574  x: 24.77939  24.74739   0.00000   4.21867   4.65601  12.66147   1.64357   3.98885   4.13991   5.95134   5.72722   8.02837   7.65303  50.00000   1.74842   0.96447   0.86792   3.61119  158.75912  
 89  0.3430   7144.385454  x: 24.72284  24.69037   0.00000   4.20958   4.64447  12.62277   1.62597   3.98796   4.12632   5.92926   5.71900   7.99603   7.62636  50.00000   1.74905   0.96367   0.86783   3.62227  154.44715  
 90  5.2197   7144.385183  x: 24.71421  24.68170   0.00000   4.21082   4.64193  12.61704   1.62334   3.98731   4.12448   5.92754   5.71875   7.98744   7.62708  50.00000   1.74911   0.96357   0.86761   3.62327  154.12179  
 91  0.2757   7144.385171  x: 24.71417  24.68164   0.00000   4.20976   4.64211  12.61602   1.62393   3.98599   4.12382   5.92711   5.71721   7.98787   7.62696  50.00000   1.74916   0.96352   0.86777   3.62391  153.89517  
 92  0.2296   7144.385170  x: 24.71437  24.68184   0.00000   4.20965   4.64229  12.61619   1.62398   3.98603   4.12387   5.92716   5.71717   7.98811   7.62702  50.00000   1.74916   0.96352   0.86779   3.62388  153.90606  
 93  0.0118   7144.385170  x: 24.71435  24.68182   0.00000   4.20965   4.64228  12.61618   1.62399   3.98602   4.12386   5.92715   5.71717   7.98813   7.62699  50.00000   1.74916   0.96352   0.86779   3.62389  153.90381  
 94  0.0024   7144.385170  x: 24.71436  24.68183   0.00000   4.20965   4.64228  12.61619   1.62399   3.98602   4.12386   5.92715   5.71717   7.98813   7.62699  50.00000   1.74916   0.96352   0.86779   3.62389  153.90409  
 95  0.0007   7144.385170  x: 24.71436  24.68183   0.00000   4.20965   4.64228  12.61619   1.62399   3.98602   4.12386   5.92715   5.71718   7.98813   7.62699  50.00000   1.74916   0.96352   0.86779   3.62388  153.90413  
 96  0.0001   7144.385170  x: 24.71436  24.68183   0.00000   4.20965   4.64228  12.61619   1.62399   3.98602   4.12386   5.92715   5.71718   7.98813   7.62699  50.00000   1.74916   0.96352   0.86779   3.62388  153.90413  
 97  0.0015   7144.385170  x: 24.71436  24.68183   0.00000   4.20965   4.64228  12.61619   1.62399   3.98602   4.12386   5.92715   5.71718   7.98813   7.62699  50.00000   1.74916   0.96352   0.86779   3.62388  153.90413  