

TREE # 1

  0  0.0000   7789.052420  x:  1.08288   1.15551   0.00000   0.27730   0.45594   1.32853   0.05159   0.13565   0.57875   0.68294   0.16788   0.73800   0.83249   2.07077   0.88734   1.18207  
  1 99.0000   7788.958606  x:  1.08287   1.15550   0.00000   0.27731   0.45592   1.32850   0.05162   0.13569   0.57872   0.68291   0.16792   0.73798   0.83247   2.07076   0.88745   1.18191  
  2 439.8659   7333.836214  x:  1.03595   1.10857   0.00000   0.25917   0.36986   1.16680   0.07615   0.19561   0.40464   0.52030   0.23446   0.62789   0.70419   2.01889   1.31940   0.23452  
  3 5805.3120   7331.097434  x:  1.04700   1.11962   0.00000   0.28779   0.38668   1.15619   0.09976   0.20686   0.40563   0.52456   0.22317   0.62790   0.70288   2.02798   1.30091   0.20942  
  4 96.2279   7304.586436  x:  1.08516   1.15778   0.28050   0.36753   0.42746   1.09990   0.14239   0.22617   0.38642   0.51888   0.18459   0.61551   0.68431   2.05876   1.27210   0.16944  
  5 253.2196   7303.734749  x:  1.08414   1.15675   0.28916   0.37416   0.43921   1.08375   0.12044   0.22863   0.39440   0.52608   0.21723   0.62426   0.68773   2.05508   1.26008   0.16364  
  6 34.9594   7302.576394  x:  1.07444   1.14705   0.28599   0.42385   0.48519   1.00061   0.08240   0.24135   0.39208   0.53093   0.21308   0.63823   0.68081   2.03358   1.26517   0.16975  
  7 26.0079   7302.275236  x:  1.06380   1.13638   0.28831   0.42122   0.46931   0.96774   0.10073   0.23027   0.40056   0.54168   0.21590   0.64738   0.69590   2.01682   1.25943   0.17183  
  8  6.8009   7301.818770  x:  1.05354   1.12607   0.29407   0.39442   0.46833   0.96895   0.10287   0.26546   0.39982   0.54331   0.20874   0.64933   0.71793   1.98771   1.24027   0.17200  
  9  4.7520   7300.701933  x:  1.04812   1.12049   0.30024   0.38660   0.50601   1.01717   0.12935   0.25844   0.38129   0.53328   0.22741   0.64019   0.72911   1.93074   1.21947   0.17722  
 10  9.2422   7299.208690  x:  1.07736   1.14949   0.30867   0.39531   0.51543   1.09438   0.12447   0.25767   0.44203   0.57718   0.22293   0.65411   0.72600   1.89870   1.24601   0.17673  
 11 15.3756   7296.602682  x:  1.20648   1.27820   0.29238   0.45590   0.43006   1.14995   0.10081   0.28052   0.41154   0.57283   0.23171   0.72901   0.73138   1.98225   1.23997   0.17612  
 12 16.7996   7294.204676  x:  1.32855   1.39987   0.26457   0.38469   0.47608   1.09962   0.11499   0.27795   0.43212   0.57258   0.24386   0.66193   0.76378   2.24526   1.25117   0.17633  
 13 16.4782   7293.724292  x:  1.30772   1.37894   0.26640   0.36694   0.50119   1.11261   0.11671   0.27187   0.41954   0.58469   0.23932   0.71180   0.77915   2.33997   1.26619   0.17368  
 14  9.9266   7293.215311  x:  1.24161   1.31272   0.26843   0.39387   0.48252   1.13163   0.10970   0.28396   0.42804   0.58400   0.24348   0.70645   0.75648   2.46293   1.25513   0.17516  
 15 10.2031   7293.154012  x:  1.23770   1.30880   0.26963   0.40548   0.48061   1.13695   0.10422   0.28255   0.42881   0.58106   0.24284   0.69887   0.77988   2.47069   1.26105   0.17460  
 16  1.8509   7290.904857  x:  1.27198   1.34169   0.30858   0.42247   0.46830   1.13148   0.09911   0.30611   0.35157   0.67981   0.25676   0.65952   0.77125   2.50144   1.33163   0.17165  
 17  0.3742   7286.316166  x:  1.34654   1.41337   0.39292   0.43171   0.47093   1.10623   0.11744   0.34527   0.41316   0.54919   0.27553   0.70572   0.73561   2.55518   1.46669   0.16638  
 18 13.4149   7285.558981  x:  1.28344   1.34909   0.40804   0.40465   0.48823   1.11956   0.15324   0.36281   0.41254   0.58798   0.27373   0.69231   0.76176   2.52039   1.51921   0.16833  
 19  0.0698   7285.271610  x:  1.27268   1.33773   0.38388   0.38451   0.47663   1.10312   0.17803   0.37080   0.41344   0.55519   0.27299   0.69163   0.75239   2.46080   1.54130   0.17260  
 20  0.0364   7285.191740  x:  1.28370   1.34871   0.35865   0.38973   0.47397   1.10459   0.17531   0.36940   0.41139   0.56938   0.27469   0.69055   0.74912   2.45953   1.54513   0.17278  
 21  0.0173   7285.180478  x:  1.28824   1.35316   0.35638   0.39608   0.47760   1.10770   0.17057   0.37056   0.41198   0.56683   0.27648   0.69263   0.75284   2.48208   1.55000   0.17170  
 22  0.0173   7285.180091  x:  1.28822   1.35312   0.35641   0.39535   0.47760   1.10755   0.17093   0.37177   0.41236   0.56672   0.27665   0.69237   0.75186   2.48441   1.55065   0.17166  
 23  0.0022   7285.180042  x:  1.28879   1.35369   0.35628   0.39536   0.47763   1.10778   0.17092   0.37216   0.41233   0.56684   0.27658   0.69258   0.75218   2.48496   1.55010   0.17160  
 24  0.0007   7285.180040  x:  1.28877   1.35367   0.35629   0.39544   0.47765   1.10777   0.17097   0.37217   0.41234   0.56680   0.27656   0.69255   0.75214   2.48493   1.55001   0.17159  
 25  0.0001   7285.180039  x:  1.28880   1.35370   0.35627   0.39543   0.47766   1.10778   0.17100   0.37215   0.41235   0.56682   0.27656   0.69256   0.75215   2.48503   1.55002   0.17158  
 26  0.0001   7285.180039  x:  1.28881   1.35370   0.35628   0.39543   0.47765   1.10778   0.17100   0.37215   0.41235   0.56681   0.27656   0.69256   0.75215   2.48504   1.55002   0.17158  
 27  0.0000   7285.180039  x:  1.28881   1.35370   0.35628   0.39543   0.47765   1.10778   0.17100   0.37215   0.41235   0.56681   0.27656   0.69256   0.75215   2.48504   1.55002   0.17158  