 YN:   1.6727  1.3198  0.2270 0.2587 +- 0.0138  1.1396 +- 0.0886
 YN:   1.9436  1.3198  0.2237 0.3017 +- 0.0152  1.3484 +- 0.1286
 YN:   1.8543  1.3198  0.2789 0.3366 +- 0.0163  1.2071 +- 0.1067
 YN:   2.1866  1.3198  0.2499 0.3680 +- 0.0175  1.4725 +- 0.1592
 YN:   2.2384  1.3198  0.2271 0.3576 +- 0.0170  1.5746 +- 0.1966
 YN:   2.0657  1.3198  0.3007 0.3996 +- 0.0184  1.3292 +- 0.1317
 YN:   1.5786  1.3198  0.2665 0.2695 +- 0.0142  1.0114 +- 0.0686
 YN:   1.7842  1.3198  0.2799 0.3179 +- 0.0159  1.1355 +- 0.0860
 YN:   1.7685  1.3198  0.2422 0.2899 +- 0.0148  1.1973 +- 0.1010
 YN:   2.0383  1.3198  0.2541 0.3472 +- 0.0167  1.3662 +- 0.1237
