res	aa	Beta	Turn	Helix	Aggregation	Conc-Stab_Aggregation
01	  M	  1.6	  0.1	0.000	0.000	0.000
02	  K	  1.9	  0.1	0.000	0.000	0.000
03	  L	  2.6	  0.1	0.000	62.160	62.160
04	  F	  1.5	  0.1	0.000	62.390	62.390
05	  L	  1.8	  0.0	0.000	62.390	62.390
06	  W	  1.9	  0.0	0.000	62.390	62.390
07	  L	  1.3	  0.0	0.000	62.390	62.390
08	  A	  0.9	  0.0	0.747	0.976	0.976
09	  P	  0.0	  0.0	1.252	0.561	0.561
10	  A	  0.1	  0.0	1.423	8.706	8.706
11	  L	  0.4	  0.0	1.423	9.805	9.805
12	  A	  0.6	  0.0	1.423	9.970	9.970
13	  L	  0.7	  0.0	1.423	9.970	9.970
14	  L	  1.9	  0.0	1.224	9.970	9.970
15	  Q	  2.2	  0.0	0.962	2.185	2.185
16	  L	  3.2	  0.0	0.232	1.886	1.886
17	  D	  2.0	  0.0	0.000	0.000	0.000
18	  F	  3.5	  0.0	0.000	0.000	0.000
19	  V	  7.2	  0.0	0.000	0.000	0.000
20	  V	  8.3	  0.0	0.000	0.000	0.000
21	  H	  6.4	  0.2	0.000	0.000	0.000
22	  R	  1.7	  0.5	0.000	0.000	0.000
23	  G	  0.2	  0.6	0.000	0.000	0.000
24	  N	  0.4	  0.6	0.000	0.000	0.000
25	  S	  3.9	  0.8	0.117	0.000	0.000
26	  I	  4.1	  0.5	0.117	0.000	0.000
27	  N	  3.8	  0.7	0.117	0.000	0.000
28	  D	  0.1	  0.9	0.352	0.000	0.000
29	  R	  0.2	  0.5	0.352	0.000	0.000
30	  G	  0.4	  0.4	0.352	0.000	0.000
31	  I	  0.8	  0.2	0.235	0.000	0.000
32	  D	  0.7	  0.0	0.235	0.000	0.000
33	  R	  0.5	  0.0	0.235	0.000	0.000
34	  K	  0.1	  0.0	0.235	0.000	0.000
35	  P	  0.0	  0.0	0.000	0.000	0.000
36	  L	  0.6	  0.0	0.000	0.000	0.000
37	  V	  1.2	  0.0	0.000	0.000	0.000
38	  K	  1.2	  0.4	0.000	0.000	0.000
39	  K	  0.7	  0.5	0.000	0.000	0.000
40	  D	  0.5	  0.5	0.096	0.000	0.000
41	  S	  6.0	  0.4	0.413	0.000	0.000
42	  F	 10.6	  0.1	0.413	0.000	0.000
43	  E	 15.6	  0.0	0.413	0.000	0.000
44	  I	 17.0	  0.0	0.413	0.000	0.000
45	  K	 18.3	  0.0	0.413	0.000	0.000
46	  V	 13.4	  0.1	0.317	0.000	0.000
47	  E	  7.1	  0.1	0.406	0.000	0.000
48	  N	  0.9	  0.2	0.445	0.000	0.000
49	  E	  0.1	  0.2	0.445	0.000	0.000
50	  R	  0.7	  0.1	0.445	0.000	0.000
51	  L	  1.2	  0.1	0.445	61.092	61.092
52	  F	  2.2	  0.0	0.445	67.694	67.694
53	  Y	  2.0	  0.0	0.445	67.772	67.772
54	  L	  1.9	  0.0	0.000	67.772	67.772
55	  T	  1.4	  0.1	0.153	67.772	67.772
56	  S	  2.0	  0.1	0.153	22.741	22.741
57	  L	  2.8	  0.1	0.153	19.377	19.377
58	  E	  2.4	  0.0	0.153	0.000	0.000
59	  I	  1.5	  1.1	0.153	0.000	0.000
60	  G	  0.1	  1.2	0.153	0.000	0.000
61	  S	  0.2	  1.3	0.000	0.000	0.000
62	  S	  0.3	  1.4	0.000	0.000	0.000
63	  K	  0.5	  0.3	0.000	0.000	0.000
64	  Q	  0.8	  0.2	0.000	0.000	0.000
65	  K	  7.0	  0.1	0.000	2.675	2.675
66	  V	 23.4	  0.0	0.000	2.675	2.675
67	  E	 23.3	  0.0	0.000	2.675	2.675
68	  V	 22.7	  0.0	0.000	2.675	2.675
69	  L	  5.8	  0.0	0.000	2.675	2.675
70	  V	  5.9	  0.1	0.000	2.469	2.469
71	  D	  1.1	  0.5	0.000	0.000	0.000
72	  T	  0.8	  1.2	0.000	0.000	0.000
73	  G	  0.2	  1.4	0.000	0.000	0.000
74	  S	  0.2	  3.3	0.000	0.000	0.000
75	  S	  0.1	  2.9	0.000	0.000	0.000
76	  D	  0.3	  2.2	0.000	0.000	0.000
77	  L	  1.0	  2.0	0.000	0.000	0.000
78	  W	  1.1	  0.0	0.000	0.000	0.000
79	  V	  0.9	  0.0	0.000	0.000	0.000
80	  P	  0.1	  0.5	0.000	0.000	0.000
81	  A	  0.0	  0.6	0.000	0.000	0.000
82	  N	  0.1	  0.6	0.000	0.000	0.000
83	  N	  0.6	  1.6	0.000	0.000	0.000
84	  C	  0.9	  1.7	0.000	0.000	0.000
85	  S	  1.1	  2.0	0.000	0.000	0.000
86	  G	  0.6	  2.1	0.000	0.000	0.000
87	  S	  2.4	  1.9	0.000	0.000	0.000
88	  A	  2.7	  1.4	0.000	0.000	0.000
89	  S	 21.6	  1.1	0.114	0.000	0.000
90	  Y	 24.4	  1.1	0.114	0.000	0.000
91	  S	 28.7	  0.2	0.537	0.000	0.000
92	  Y	 12.0	  0.2	0.537	0.000	0.000
93	  R	  6.2	  0.1	0.537	0.000	0.000
94	  K	  1.3	  0.1	0.537	0.000	0.000
95	  R	  0.8	  0.2	0.423	0.000	0.000
96	  S	  0.8	  0.4	0.551	0.000	0.000
97	  L	  0.6	  1.0	0.301	0.000	0.000
98	  G	  0.2	  1.0	0.224	0.000	0.000
99	  D	  0.1	  1.0	0.129	0.000	0.000
100	  Q	  0.4	  0.8	0.129	0.000	0.000
101	  Q	  0.7	  0.2	0.129	0.000	0.000
102	  Q	  0.8	  0.3	0.129	0.000	0.000
103	  Q	  0.6	  0.7	0.000	0.000	0.000
104	  H	  0.3	  0.9	0.000	0.000	0.000
105	  G	  0.1	  0.9	0.114	0.000	0.000
106	  R	  0.4	  0.8	0.114	0.000	0.000
107	  R	  1.2	  0.4	0.114	0.000	0.000
108	  R	  2.7	  0.1	0.114	0.000	0.000
109	  V	  5.0	  0.2	0.114	0.000	0.000
110	  L	  5.4	  0.1	0.114	0.000	0.000
111	  D	  3.8	  0.1	0.619	0.000	0.000
112	  Y	  2.1	  0.3	0.619	0.000	0.000
113	  L	  1.1	  0.1	0.505	0.000	0.000
114	  D	  1.1	  1.0	0.505	0.000	0.000
115	  A	  0.7	  1.0	0.505	0.000	0.000
116	  S	  0.8	  1.1	0.505	0.000	0.000
117	  V	  0.8	  2.1	0.000	0.000	0.000
118	  G	  0.4	  1.3	0.000	0.000	0.000
119	  D	  0.1	  2.7	0.225	0.000	0.000
120	  K	  0.3	  2.5	0.225	0.000	0.000
121	  S	  0.3	  1.6	0.364	0.000	0.000
122	  E	  1.1	  1.6	0.364	0.000	0.000
123	  L	  1.3	  0.2	0.364	0.000	0.000
124	  N	  1.3	  0.2	0.891	0.000	0.000
125	  H	  0.8	  0.2	0.773	0.000	0.000
126	  K	  0.5	  0.2	0.666	0.000	0.000
127	  E	  0.7	  0.2	0.527	0.000	0.000
128	  A	  0.4	  0.2	0.527	0.000	0.000
129	  S	  0.3	  0.2	0.668	0.000	0.000
130	  P	  0.0	  0.4	0.141	0.000	0.000
131	  A	  0.4	  0.4	0.141	0.000	0.000
132	  S	  0.7	  0.5	0.141	0.000	0.000
133	  H	  1.0	  0.4	0.141	0.000	0.000
134	  K	  0.8	  0.2	0.141	0.000	0.000
135	  Q	  0.8	  0.1	0.000	0.000	0.000
136	  V	  1.1	  0.1	0.000	0.000	0.000
137	  D	  1.0	  0.0	0.000	0.000	0.000
138	  A	  1.3	  0.0	0.000	0.000	0.000
139	  V	  4.6	  0.0	0.000	0.000	0.000
140	  V	  4.8	  0.0	0.000	0.000	0.000
141	  D	  4.1	  0.0	0.000	0.000	0.000
142	  R	  0.5	  0.0	0.000	0.000	0.000
143	  V	  0.3	  0.0	0.000	0.000	0.000
144	  P	  0.3	  0.0	0.000	0.000	0.000
145	  V	  0.1	  0.0	0.000	0.000	0.000
146	  P	  0.0	  0.1	0.000	0.000	0.000
147	  T	  0.1	  0.2	0.000	0.000	0.000
148	  T	  0.1	  0.2	0.000	0.000	0.000
149	  G	  0.2	  0.2	0.000	0.000	0.000
150	  V	  1.2	  0.1	0.000	0.000	0.000
151	  E	  1.2	  0.0	0.000	0.000	0.000
152	  K	  2.3	  0.0	0.000	0.000	0.000
153	  V	  2.1	  0.0	0.000	0.000	0.000
154	  S	  2.5	  0.3	0.000	0.000	0.000
155	  K	  1.3	  0.9	0.000	0.000	0.000
156	  E	  0.5	  1.1	0.000	0.000	0.000
157	  G	  0.0	  2.3	0.000	0.000	0.000
158	  K	  0.0	  2.8	0.000	0.000	0.000
159	  D	  0.0	  2.3	0.000	0.000	0.000
160	  G	  0.0	  2.0	0.158	0.000	0.000
161	  V	  1.0	  0.9	0.158	0.000	0.000
162	  Q	  1.7	  0.1	0.158	0.000	0.000
163	  R	  2.9	  0.0	0.158	0.000	0.000
164	  Y	  3.0	  0.0	0.158	39.260	39.260
165	  Y	  3.0	  0.0	0.158	50.660	50.660
166	  Y	  2.7	  0.0	0.000	57.858	57.858
167	  T	  3.5	  0.0	0.000	59.837	59.837
168	  T	 15.8	  0.0	0.000	63.185	63.185
169	  Y	 23.5	  0.0	0.000	68.694	68.694
170	  T	 44.7	  0.0	0.154	69.744	69.744
171	  Y	 36.3	  0.0	0.154	71.884	71.884
172	  S	 28.5	  0.0	0.398	71.309	71.309
173	  Y	  6.7	  0.0	0.398	73.984	73.984
174	  Y	  2.2	  0.0	0.398	73.775	73.775
175	  Y	  2.6	  0.0	0.398	71.698	71.698
176	  Y	  3.7	  0.1	0.398	63.882	63.882
177	  T	  3.4	  0.1	0.311	36.435	36.435
178	  N	  4.0	  0.1	0.723	18.338	18.338
179	  Y	  3.3	  0.1	0.723	17.663	17.663
180	  Y	  4.7	  0.1	0.645	15.059	15.059
181	  T	  3.5	  0.1	0.412	5.841	5.841
182	  N	  2.5	  0.2	0.412	0.249	0.249
183	  Y	  0.6	  0.9	0.412	0.218	0.218
184	  G	  0.1	  0.8	0.223	0.000	0.000
185	  T	  7.3	  0.9	0.000	0.000	0.000
186	  Y	  9.3	  0.7	0.000	0.000	0.000
187	  D	  9.9	  0.1	0.096	0.000	0.000
188	  Y	  5.6	  0.1	0.096	0.000	0.000
189	  T	  4.7	  0.0	0.096	0.000	0.000
190	  S	  5.0	  0.0	0.815	0.000	0.000
191	  Y	  3.4	  0.0	0.815	0.241	0.241
192	  Y	  3.9	  0.1	0.815	0.241	0.241
193	  T	  3.4	  0.1	0.719	0.241	0.241
194	  N	  3.7	  0.1	0.719	0.241	0.241
195	  Y	  3.3	  0.1	0.719	0.241	0.241
196	  Y	  3.8	  0.1	0.545	0.241	0.241
197	  N	  3.3	  0.1	0.179	0.000	0.000
198	  S	 21.2	  0.2	0.000	0.000	0.000
199	  Y	 21.8	  0.2	0.000	0.000	0.000
200	  S	 21.3	  0.2	0.000	0.000	0.000
201	  Q	  4.6	  0.2	0.000	0.000	0.000
202	  Y	  3.9	  0.1	0.000	0.000	0.000
203	  Y	  4.6	  0.1	0.000	0.000	0.000
204	  N	  3.3	  0.1	1.337	0.000	0.000
205	  S	  8.9	  0.1	1.337	0.000	0.000
206	  Y	 11.3	  0.0	1.337	0.114	0.114
207	  T	 12.5	  0.0	1.783	0.114	0.114
208	  Q	  6.6	  0.0	1.783	0.114	0.114
209	  Y	  3.4	  0.0	1.783	0.278	0.278
210	  L	  1.5	  0.1	1.592	0.278	0.278
211	  T	  1.1	  0.1	1.592	0.164	0.164
212	  N	  2.5	  0.1	1.741	0.164	0.164
213	  Y	  4.3	  0.2	1.364	0.164	0.164
214	  Y	  5.4	  0.1	0.815	0.164	0.164
215	  S	  3.9	  0.1	0.149	0.000	0.000
216	  R	  2.6	  0.1	0.149	0.000	0.000
217	  Y	  1.3	  0.3	0.149	0.000	0.000
218	  S	  1.2	  0.3	0.350	0.000	0.000
219	  D	  1.2	  0.3	0.450	0.000	0.000
220	  Y	  3.1	  0.3	0.450	0.000	0.000
221	  Y	  4.7	  0.1	0.450	0.000	0.000
222	  S	  3.9	  0.1	0.450	0.000	0.000
223	  R	  2.6	  0.1	0.450	0.000	0.000
224	  Y	  1.8	  0.1	0.450	0.000	0.000
225	  S	  2.3	  0.1	0.450	0.000	0.000
226	  T	  7.9	  0.1	0.000	0.315	0.315
227	  Y	  8.1	  0.1	0.000	0.993	0.993
228	  Y	  8.8	  0.1	0.000	1.142	1.142
229	  T	  2.5	  0.1	0.000	1.142	1.142
230	  G	  1.4	  0.1	0.114	1.142	1.142
231	  Y	  2.3	  0.1	0.114	1.142	1.142
232	  Y	  2.5	  0.3	0.114	0.993	0.993
233	  S	  2.5	  0.3	0.505	0.000	0.000
234	  N	  1.9	  0.3	0.983	0.000	0.000
235	  Y	  2.7	  0.3	0.983	0.000	0.000
236	  Y	  3.1	  0.1	0.983	0.000	0.000
237	  K	  2.0	  0.1	0.869	0.000	0.000
238	  T	  7.9	  0.1	0.869	0.000	0.000
239	  Y	  8.1	  0.2	0.869	0.000	0.000
240	  H	  7.6	  0.6	0.869	0.000	0.000
241	  S	  0.6	  0.8	0.000	0.000	0.000
242	  G	  0.1	  0.8	0.000	0.000	0.000
243	  E	  0.1	  0.8	0.000	0.000	0.000
244	  L	  0.0	  0.5	0.000	0.000	0.000
245	  P	  0.0	  0.2	0.000	0.000	0.000
246	  T	  2.7	  0.4	0.000	0.000	0.000
247	  A	  2.9	  0.5	0.000	0.000	0.000
248	  S	  4.4	  1.0	0.000	0.000	0.000
249	  R	  1.8	  1.4	0.000	0.000	0.000
250	  S	  1.6	  1.2	0.000	0.000	0.000
251	  D	  0.9	  1.5	0.000	0.000	0.000
252	  V	  2.6	  0.7	0.000	0.000	0.000
253	  S	  2.8	  0.4	2.683	0.000	0.000
254	  A	  2.2	  0.4	2.683	0.000	0.000
255	  C	  3.8	  0.1	2.683	0.000	0.000
256	  T	  4.6	  0.2	2.683	0.000	0.000
257	  K	  4.7	  0.2	2.683	0.000	0.000
258	  Y	  1.3	  0.8	2.683	0.000	0.000
259	  G	  0.3	  0.8	0.240	0.000	0.000
260	  T	 10.5	  0.6	0.000	0.000	0.000
261	  Y	 10.9	  0.9	0.000	0.000	0.000
262	  E	 10.8	  0.3	0.000	0.000	0.000
263	  T	  0.5	  0.5	0.000	0.000	0.000
264	  G	  0.1	  0.6	0.000	0.000	0.000
265	  K	  0.3	  0.4	0.000	0.000	0.000
266	  S	  0.3	  1.7	0.000	0.000	0.000
267	  E	  0.3	  1.5	0.000	0.000	0.000
268	  N	  2.2	  1.4	0.000	0.000	0.000
269	  V	 17.2	  1.4	0.000	0.000	0.000
270	  K	 18.6	  0.0	0.000	0.000	0.000
271	  V	 16.8	  0.0	0.000	0.000	0.000
272	  N	  2.1	  0.1	0.000	0.000	0.000
273	  E	  0.2	  0.1	0.000	0.000	0.000
274	  T	  0.1	  0.1	0.000	0.000	0.000
275	  L	  0.1	  0.3	0.000	0.000	0.000
276	  G	  0.1	  0.3	0.000	0.000	0.000
277	  P	  0.0	  0.3	0.000	0.000	0.000
278	  F	  3.1	  0.3	0.000	0.000	0.000
279	  Q	  3.7	  0.1	0.000	0.000	0.000
280	  I	  7.6	  0.0	0.000	0.000	0.000
281	  S	 23.9	  0.2	0.000	0.000	0.000
282	  Y	 23.4	  0.9	0.000	0.000	0.000
283	  S	 20.2	  1.3	0.000	0.000	0.000
284	  D	  0.2	  1.6	0.000	0.000	0.000
285	  G	  0.0	  1.4	0.000	0.000	0.000
286	  S	  0.6	  0.7	0.000	0.000	0.000
287	  Y	  1.5	  0.5	0.000	0.000	0.000
288	  A	  1.5	  0.3	0.000	0.000	0.000
289	  Y	  1.1	  0.9	0.000	0.000	0.000
290	  G	  0.2	  0.9	0.000	0.000	0.000
291	  E	  0.2	  0.7	0.000	0.000	0.000
292	  Y	  1.0	  0.6	0.000	0.000	0.000
293	  V	  2.3	  0.0	0.000	0.000	0.000
294	  T	  2.2	  0.2	0.000	0.000	0.000
295	  D	  1.4	  0.2	0.128	0.000	0.000
296	  D	  1.0	  0.2	0.128	0.000	0.000
297	  V	 10.3	  0.2	0.128	0.000	0.000
298	  T	 14.2	  0.2	0.318	0.000	0.000
299	  I	 13.8	  1.6	0.318	0.000	0.000
300	  D	  4.8	  1.7	0.591	0.000	0.000
301	  G	  0.6	  1.7	0.575	0.000	0.000
302	  K	  0.6	  1.5	0.575	0.000	0.000
303	  M	  1.3	  0.1	0.575	0.000	0.000
304	  V	  1.8	  0.3	0.480	0.000	0.000
305	  K	  1.2	  0.4	0.480	0.000	0.000
306	  G	  0.6	  0.5	0.377	0.374	0.374
307	  L	  1.8	  0.5	0.000	5.400	5.400
308	  N	  1.9	  0.2	0.000	5.400	5.400
309	  F	  3.0	  0.2	0.000	5.400	5.400
310	  A	  1.5	  0.0	0.000	5.400	5.400
311	  V	  2.0	  0.0	0.000	5.400	5.400
312	  C	  1.3	  0.1	0.000	0.880	0.880
313	  D	  1.3	  0.2	0.000	0.000	0.000
314	  L	  0.9	  0.3	0.000	0.000	0.000
315	  T	  1.0	  0.3	0.000	0.000	0.000
316	  D	  0.8	  0.3	0.000	0.000	0.000
317	  S	  0.7	  0.2	0.000	0.000	0.000
318	  E	  0.2	  0.2	0.000	0.000	0.000
319	  V	  0.6	  0.1	0.000	2.485	2.485
320	  G	  0.5	  0.0	0.000	2.660	2.660
321	  V	  1.0	  0.0	0.000	3.073	3.073
322	  L	  0.7	  0.1	0.000	3.073	3.073
323	  G	  0.7	  0.1	0.000	3.073	3.073
324	  I	  0.6	  0.1	0.000	2.890	2.890
325	  G	  0.5	  0.1	0.000	0.604	0.604
326	  L	  0.5	  0.0	0.000	0.000	0.000
327	  P	  0.0	  0.0	0.000	0.000	0.000
328	  A	  0.2	  0.0	0.000	0.000	0.000
329	  L	  0.2	  0.3	0.000	0.000	0.000
330	  Q	  0.2	  0.8	0.000	0.000	0.000
331	  G	  0.1	  0.8	0.000	0.308	0.308
332	  S	  0.9	  0.8	0.000	3.115	3.115
333	  Y	  1.9	  0.5	0.000	24.558	24.558
334	  I	  3.0	  0.0	0.000	29.209	29.209
335	  L	  2.2	  0.0	0.000	29.209	29.209
336	  G	  1.3	  0.0	0.000	29.088	29.088
337	  V	  1.3	  0.1	0.000	28.968	28.968
338	  T	  1.4	  0.1	0.000	23.454	23.454
339	  D	  1.3	  0.8	0.000	0.000	0.000
340	  K	  0.5	  0.8	0.000	0.000	0.000
341	  S	 19.8	  0.9	0.000	0.000	0.000
342	  F	 20.0	  1.0	0.000	0.000	0.000
343	  S	 19.7	  0.3	0.000	0.000	0.000
344	  N	  1.2	  0.3	0.000	0.000	0.000
345	  Q	  6.3	  0.2	0.000	0.000	0.000
346	  Y	  7.1	  0.6	0.000	0.000	0.000
347	  E	  6.3	  0.6	0.000	0.000	0.000
348	  N	  0.9	  0.6	0.213	0.000	0.000
349	  L	  0.1	  0.6	0.341	0.000	0.000
350	  P	  0.1	  0.0	0.626	0.000	0.000
351	  M	  1.1	  0.0	0.626	0.000	0.000
352	  L	  1.3	  0.0	0.626	0.000	0.000
353	  L	  1.6	  0.1	0.626	0.000	0.000
354	  K	  0.8	  0.3	0.626	0.000	0.000
355	  S	  0.6	  0.6	0.412	0.000	0.000
356	  Q	  0.3	  0.6	0.126	0.000	0.000
357	  G	  0.1	  0.5	0.126	0.000	0.000
358	  V	  2.6	  0.3	0.126	0.000	0.000
359	  I	  3.0	  0.0	0.126	0.000	0.000
360	  K	  3.0	  0.2	0.126	0.000	0.000
361	  K	  0.5	  0.2	0.126	0.000	0.000
362	  N	  0.6	  0.2	1.077	0.000	0.000
363	  L	  1.1	  0.2	1.077	2.476	2.476
364	  Y	  5.8	  0.0	1.077	3.156	3.156
365	  S	  5.9	  0.0	1.477	3.156	3.156
366	  V	  8.5	  0.0	1.477	3.156	3.156
367	  A	  3.8	  0.2	1.477	3.156	3.156
368	  L	  3.2	  0.3	1.477	2.476	2.476
369	  G	  0.1	  0.7	1.477	0.148	0.148
370	  K	  0.1	  0.8	0.753	0.000	0.000
371	  N	  0.1	  0.6	0.000	0.000	0.000
372	  N	  0.1	  1.8	0.000	0.000	0.000
373	  A	  0.1	  1.6	0.000	0.000	0.000
374	  S	  0.1	  2.5	0.000	0.000	0.000
375	  E	  0.0	  2.8	0.000	0.000	0.000
376	  G	  0.0	  1.4	0.000	0.487	0.487
377	  S	  0.6	  1.2	0.000	1.197	1.197
378	  I	  5.3	  0.3	0.000	5.824	5.824
379	  V	  6.2	  0.0	0.000	6.197	6.197
380	  F	  5.8	  4.9	0.000	6.197	6.197
381	  G	  1.0	  4.9	0.000	5.709	5.709
382	  G	  0.2	  5.0	0.000	5.222	5.222
383	  V	  0.8	  5.0	0.000	4.869	4.869
384	  D	  0.8	  0.5	0.000	0.000	0.000
385	  H	  0.9	  0.6	0.000	0.000	0.000
386	  S	  0.4	  0.5	0.000	0.000	0.000
387	  K	  1.0	  0.5	0.000	0.000	0.000
388	  Y	  2.2	  0.3	0.000	0.000	0.000
389	  S	  2.0	  0.5	0.000	0.000	0.000
390	  G	  1.4	  0.5	0.000	0.000	0.000
391	  T	  2.6	  0.5	0.606	0.000	0.000
392	  L	  2.6	  0.4	0.606	0.000	0.000
393	  Q	  3.1	  0.0	0.606	0.000	0.000
394	  R	  1.9	  0.0	0.606	0.000	0.000
395	  V	  8.8	  0.0	0.606	0.000	0.000
396	  K	  8.9	  0.0	0.606	0.000	0.000
397	  I	  8.0	  0.0	0.376	0.000	0.000
398	  L	  1.1	  0.1	0.376	0.000	0.000
399	  N	  0.6	  0.1	0.936	0.000	0.000
400	  R	  1.5	  0.1	0.822	0.000	0.000
401	  Y	  3.4	  0.1	0.674	0.000	0.000
402	  E	  3.3	  0.1	0.674	0.000	0.000
403	  K	  2.3	  0.1	0.674	0.000	0.000
404	  I	  0.3	  0.3	0.674	0.000	0.000
405	  G	  0.3	  0.3	0.674	0.000	0.000
406	  E	  0.5	  0.3	0.341	0.000	0.000
407	  K	  0.4	  0.3	0.000	0.000	0.000
408	  N	  0.4	  0.1	0.000	0.000	0.000
409	  P	  0.0	  0.0	0.000	0.000	0.000
410	  V	  3.4	  0.0	0.000	0.151	0.151
411	  Y	  4.0	  0.0	0.000	0.151	0.151
412	  L	  5.3	  0.0	0.000	0.151	0.151
413	  E	  2.6	  0.0	0.000	0.151	0.151
414	  I	  4.4	  0.0	0.000	6.123	6.123
415	  A	  3.3	  0.0	0.000	6.600	6.600
416	  L	  3.1	  0.0	0.000	6.600	6.600
417	  T	  1.0	  0.0	0.000	6.600	6.600
418	  S	  3.7	  0.0	0.000	6.600	6.600
419	  I	  5.8	  0.1	0.000	6.490	6.490
420	  T	  5.5	  0.3	0.000	5.129	5.129
421	  G	  2.7	  0.6	0.000	0.531	0.531
422	  K	  0.2	  0.7	0.000	0.151	0.151
423	  N	  0.1	  0.6	0.232	0.151	0.151
424	  L	  0.4	  0.3	0.232	0.151	0.151
425	  A	  0.7	  0.1	0.232	0.151	0.151
426	  V	  3.5	  0.0	0.232	0.151	0.151
427	  N	  5.1	  0.0	0.346	0.000	0.000
428	  Y	  5.2	  0.1	0.346	0.000	0.000
429	  R	  2.7	  0.1	0.230	0.000	0.000
430	  T	  2.7	  0.1	0.115	18.096	18.096
431	  T	  5.8	  0.1	0.115	18.096	18.096
432	  V	  9.1	  0.0	0.115	18.096	18.096
433	  L	  7.5	  0.1	0.115	18.096	18.096
434	  L	  4.2	  0.2	0.115	18.096	18.096
435	  D	  0.5	  0.5	0.115	0.000	0.000
436	  T	  0.2	  0.9	0.000	0.000	0.000
437	  G	  0.0	  1.1	0.000	0.000	0.000
438	  A	  0.1	  1.0	0.000	0.000	0.000
439	  T	  0.2	  0.8	0.000	0.000	0.000
440	  N	  0.2	  0.4	0.000	0.000	0.000
441	  N	  0.1	  0.2	0.000	0.000	0.000
442	  H	  0.1	  0.1	0.000	0.000	0.000
443	  L	  0.1	  0.0	0.000	0.000	0.000
444	  P	  0.1	  0.0	0.000	0.000	0.000
445	  A	  0.0	  0.2	0.147	0.000	0.000
446	  P	  0.0	  0.2	0.263	0.000	0.000
447	  Y	  1.0	  0.2	0.263	0.000	0.000
448	  L	  1.2	  0.2	0.263	0.000	0.000
449	  R	  2.9	  0.0	0.263	0.000	0.000
450	  R	  2.5	  0.2	0.263	0.000	0.000
451	  I	  2.4	  0.5	0.263	0.000	0.000
452	  G	  0.7	  0.6	0.263	0.000	0.000
453	  K	  0.1	  0.6	0.000	0.000	0.000
454	  H	  0.9	  0.6	0.000	0.000	0.000
455	  L	  1.0	  0.4	0.000	0.000	0.000
456	  R	  1.0	  0.3	0.000	0.000	0.000
457	  G	  0.3	  0.3	0.000	0.000	0.000
458	  T	  0.1	  0.6	0.000	0.000	0.000
459	  E	  0.1	  0.6	0.000	0.000	0.000
460	  D	  0.1	  7.8	0.000	0.000	0.000
461	  D	  0.0	  8.1	0.000	0.000	0.000
462	  D	  0.0	  7.7	0.000	0.000	0.000
463	  G	  0.0	  7.5	0.000	0.000	0.000
464	  Y	  1.3	  0.3	0.000	0.000	0.000
465	  W	  5.4	  0.0	0.000	0.000	0.000
466	  E	  7.9	  0.0	0.000	0.000	0.000
467	  V	 13.4	  0.0	0.000	0.000	0.000
468	  S	 15.3	  0.5	0.116	0.000	0.000
469	  C	 13.1	  0.5	0.116	0.000	0.000
470	  D	  6.6	  0.5	0.116	0.000	0.000
471	  L	  0.8	  0.6	0.116	0.000	0.000
472	  L	  0.8	  0.1	0.116	0.000	0.000
473	  N	  0.8	  2.4	0.116	0.000	0.000
474	  S	  0.4	  2.4	0.000	0.000	0.000
475	  D	  0.0	  2.4	0.136	0.000	0.000
476	  E	  0.0	  2.4	0.136	0.000	0.000
477	  E	  0.3	  0.1	0.136	0.000	0.000
478	  I	  5.2	  0.1	0.136	21.189	21.189
479	  V	  6.1	  0.2	0.136	21.675	21.675
480	  F	  6.0	  0.2	0.136	21.675	21.675
481	  G	  1.2	  0.2	0.000	21.675	21.675
482	  F	  1.5	  0.4	0.000	21.675	21.675
483	  S	  1.3	  0.8	0.000	3.188	3.188
484	  G	  1.3	  1.1	0.000	0.385	0.385
485	  A	  0.2	  1.1	0.000	0.177	0.177
486	  N	  1.3	  0.9	0.000	0.000	0.000
487	  I	  8.2	  0.3	0.000	0.000	0.000
488	  S	  8.2	  0.0	0.000	0.000	0.000
489	  V	  7.2	  0.0	0.000	0.000	0.000
490	  P	  0.2	  0.0	0.277	0.000	0.000
491	  V	  1.4	  0.1	0.277	0.303	0.303
492	  K	  1.4	  0.1	0.277	0.303	0.303
493	  D	  1.5	  0.1	0.519	0.303	0.303
494	  L	  1.4	  0.1	0.519	1.946	1.946
495	  I	  2.8	  0.0	0.519	2.572	2.572
496	  L	  2.8	  0.1	0.519	2.572	2.572
497	  Q	  1.9	  0.1	0.519	2.268	2.268
498	  S	  3.9	  0.1	0.411	2.268	2.268
499	  V	  4.3	  0.2	0.000	2.143	2.143
500	  R	  4.1	  0.3	0.000	0.000	0.000
501	  G	  0.8	  0.3	0.000	0.000	0.000
502	  S	  2.8	  0.3	0.000	0.270	0.270
503	  Y	  6.0	  0.2	0.000	0.655	0.655
504	  C	  7.5	  0.0	0.000	0.655	0.655
505	  Y	  5.2	  0.1	0.000	0.655	0.655
506	  L	  2.1	  0.2	0.000	0.655	0.655
507	  G	  0.5	  0.2	0.000	0.655	0.655
508	  I	  0.4	  0.2	0.000	0.655	0.655
509	  S	  0.3	  2.9	0.121	0.000	0.000
510	  E	  0.2	  3.0	0.121	0.000	0.000
511	  D	  0.1	  3.0	0.121	0.000	0.000
512	  N	  0.1	  3.0	0.121	0.000	0.000
513	  K	  0.1	  0.1	0.121	0.000	0.000
514	  T	  0.2	  0.5	0.121	0.000	0.000
515	  P	  0.1	  0.6	0.000	0.000	0.000
516	  S	  0.2	  0.8	0.000	0.000	0.000
517	  L	  0.1	  2.1	0.000	0.000	0.000
518	  G	  0.2	  1.7	0.297	0.000	0.000
519	  D	  0.5	  1.6	0.297	0.000	0.000
520	  S	  1.0	  1.4	0.589	0.000	0.000
521	  F	  2.1	  0.1	0.589	0.000	0.000
522	  L	  1.7	  0.2	0.589	0.000	0.000
523	  R	  1.3	  0.2	0.589	0.000	0.000
524	  N	  0.4	  0.2	0.589	3.505	3.505
525	  A	  0.5	  0.2	0.413	71.183	71.183
526	  Y	  2.5	  0.0	0.285	71.183	71.183
527	  V	  5.8	  0.0	0.000	71.183	71.183
528	  V	  8.5	  0.0	0.000	71.183	71.183
529	  Y	  7.5	  0.0	0.000	70.412	70.412
530	  D	  4.2	  0.0	0.342	0.000	0.000
531	  L	  1.3	  0.6	0.342	0.000	0.000
532	  E	  0.3	  0.5	0.503	0.000	0.000
533	  N	  2.5	  0.5	2.718	0.000	0.000
534	  Y	  7.4	  0.5	2.884	0.000	0.000
535	  E	  8.0	  0.0	3.225	0.000	0.000
536	  I	  8.1	  0.0	3.132	0.000	0.000
537	  A	  3.2	  0.0	3.237	0.000	0.000
538	  L	  2.5	  0.0	3.237	0.000	0.000
539	  A	  0.1	  0.0	3.106	0.000	0.000
540	  Q	  0.2	  0.2	2.741	0.000	0.000
541	  A	  0.2	  1.1	0.643	0.000	0.000
542	  S	  0.2	  1.6	0.390	0.000	0.000
543	  D	  0.0	  2.5	0.000	0.000	0.000
544	  G	  0.0	  2.7	0.000	0.000	0.000
545	  S	  0.1	  2.0	0.000	0.000	0.000
546	  G	  0.1	  1.5	0.000	0.000	0.000
547	  E	  0.2	  0.7	0.000	0.000	0.000
548	  A	  0.2	  0.4	0.000	0.000	0.000
549	  D	  1.7	  0.2	0.000	0.000	0.000
550	  I	  1.9	  0.2	0.000	0.000	0.000
551	  E	  1.8	  0.0	0.000	0.000	0.000
552	  E	  5.4	  0.0	0.000	0.000	0.000
553	  V	  5.8	  0.1	0.000	0.000	0.000
554	  T	  5.8	  0.5	0.000	0.000	0.000
555	  G	  0.7	  0.5	0.000	0.000	0.000
556	  D	  0.1	  0.5	0.000	0.000	0.000
557	  I	  0.1	  1.2	0.000	0.000	0.000
558	  P	  0.1	  0.9	0.000	0.000	0.000
559	  G	  0.0	  1.2	0.284	0.000	0.000
560	  A	  0.2	  1.2	0.284	0.000	0.000
561	  S	  0.3	  0.5	0.284	0.000	0.000
562	  K	  0.4	  0.3	0.284	0.000	0.000
563	  A	  0.5	  0.1	0.284	0.000	0.000
564	  Q	  3.3	  0.0	0.284	0.000	0.000
565	  Y	  4.7	  0.1	0.114	0.000	0.000
566	  Y	  6.3	  0.1	0.000	0.000	0.000
567	  D	  4.1	  0.1	0.000	0.000	0.000
568	  F	  5.2	  0.1	0.000	0.000	0.000
569	  T	  4.1	  0.1	0.000	0.000	0.000
570	  S	 13.0	  0.2	0.000	0.000	0.000
571	  V	 10.8	  0.2	0.000	0.000	0.000
572	  S	 10.0	  0.2	0.098	0.000	0.000
573	  E	  0.4	  0.2	0.098	0.000	0.000
574	  Q	  3.2	  0.1	0.098	0.000	0.000
575	  F	  8.4	  0.1	0.098	0.000	0.000
576	  Q	 11.1	  0.0	0.098	0.000	0.000
577	  Y	 11.8	  0.0	0.098	0.000	0.000
578	  T	  9.5	  0.4	0.000	0.000	0.000
579	  K	  6.6	  0.6	0.000	0.000	0.000
580	  S	  3.2	  1.2	0.000	0.000	0.000
581	  G	  0.3	  1.3	0.000	0.000	0.000
582	  S	  2.4	  1.8	0.000	0.000	0.000
583	  K	  2.7	  1.6	0.000	0.000	0.000
584	  S	  2.8	  1.0	0.000	0.030	0.030
585	  K	  1.1	  0.9	0.000	0.325	0.325
586	  L	  2.3	  0.1	0.000	91.007	91.007
587	  V	  5.6	  0.0	0.000	91.007	91.007
588	  V	  7.3	  0.0	0.000	91.007	91.007
589	  F	  6.5	  0.0	0.000	91.007	91.007
590	  T	  3.2	  0.2	0.000	91.007	91.007
591	  E	  1.2	  0.2	0.000	0.325	0.325
592	  S	 20.8	  0.3	0.000	0.298	0.298
593	  F	 21.0	  0.3	0.000	0.298	0.298
594	  S	 20.9	  0.1	0.000	0.030	0.030
595	  D	  0.5	  0.1	0.000	0.000	0.000
596	  P	  0.0	  0.0	0.000	0.000	0.000
597	  V	  0.0	  0.0	0.000	0.000	0.000
598	  P	  0.0	  0.0	0.000	0.000	0.000
599	  E	  0.4	  0.0	0.000	0.000	0.000
600	  A	  0.4	  0.0	0.000	0.000	0.000
601	  T	  0.4	  0.1	0.000	0.000	0.000
602	  P	  0.0	  0.1	0.000	0.000	0.000
603	  L	  0.3	  0.1	0.000	0.000	0.000
604	  T	  0.7	  0.2	0.000	0.000	0.000
605	  T	  0.7	  0.3	0.000	0.000	0.000
606	  D	  0.4	  0.7	0.000	0.000	0.000
607	  D	  0.5	  0.8	0.000	0.000	0.000
608	  S	 15.9	  0.9	0.000	0.000	0.000
609	  W	 17.8	  0.8	0.000	0.000	0.000
610	  S	 17.7	  0.4	0.000	0.000	0.000
611	  A	  2.8	  0.5	0.000	0.000	0.000
612	  E	  0.4	  0.4	0.000	0.000	0.000
613	  S	  0.1	  0.6	0.000	0.000	0.000
614	  N	  0.1	  1.9	0.000	0.000	0.000
615	  S	  0.1	  1.8	0.000	0.000	0.000
616	  D	  0.4	  2.0	0.000	0.000	0.000
617	  F	  2.6	  1.7	0.000	0.000	0.000
618	  D	  3.2	  0.7	0.311	0.000	0.000
619	  Y	  4.2	  0.9	0.311	0.195	0.195
620	  S	  2.1	  0.6	0.311	0.195	0.195
621	  S	  2.1	  0.6	0.311	0.195	0.195
622	  I	  2.7	  0.2	0.311	0.421	0.421
623	  I	  4.0	  0.0	0.311	0.421	0.421
624	  S	  4.1	  0.5	0.311	0.227	0.227
625	  A	  2.2	  0.6	0.119	0.227	0.227
626	  T	  0.8	  1.9	0.000	0.227	0.227
627	  G	  0.1	  1.9	0.000	0.000	0.000
628	  D	  0.0	  1.4	0.000	0.000	0.000
629	  L	  0.0	  1.8	0.000	0.000	0.000
630	  P	  0.0	  0.8	0.000	0.000	0.000
631	  E	  0.0	  0.9	0.000	0.000	0.000
632	  G	  0.1	  1.1	0.000	0.000	0.000
633	  L	  0.5	  0.6	0.000	0.000	0.000
634	  N	  2.1	  0.3	0.000	0.000	0.000
635	  S	  2.3	  0.2	0.000	0.000	0.000
636	  Y	  1.9	  1.7	0.000	0.000	0.000
637	  P	  0.3	  1.7	0.000	0.000	0.000
638	  G	  0.0	  1.7	0.000	0.000	0.000
639	  L	  0.0	  3.0	0.000	0.000	0.000
640	  G	  0.0	  1.4	0.572	0.000	0.000
641	  N	  0.3	  1.3	0.572	0.000	0.000
642	  M	  1.1	  1.3	0.572	0.159	0.159
643	  T	  3.6	  0.2	0.572	0.289	0.289
644	  A	  3.8	  0.2	0.572	0.504	0.504
645	  S	 10.3	  0.2	0.572	0.762	0.762
646	  F	 12.7	  0.2	0.098	1.020	1.020
647	  T	 12.4	  0.0	0.000	1.020	1.020
648	  A	  5.7	  0.0	0.000	1.020	1.020
649	  I	  0.9	  0.0	0.000	1.020	1.020
650	  S	  0.5	  0.4	0.000	0.257	0.257
651	  E	  0.2	  0.4	0.000	0.000	0.000
652	  H	  0.1	  0.5	0.000	0.000	0.000
653	  G	  0.0	  4.5	0.000	0.000	0.000
654	  P	  0.0	  4.5	0.000	0.000	0.000
655	  D	  0.0	  5.0	0.000	0.000	0.000
656	  G	  0.0	  5.0	0.000	0.000	0.000
657	  S	  0.3	  1.1	0.095	0.000	0.000
658	  S	  7.5	  0.7	0.095	0.000	0.000
659	  F	 12.0	  0.2	0.095	0.000	0.000
660	  T	 12.0	  0.0	0.095	0.000	0.000
661	  M	  5.0	  1.4	0.095	0.000	0.000
662	  G	  0.3	  1.4	0.095	0.000	0.000
663	  N	  0.0	  1.4	0.095	0.000	0.000
664	  N	  0.0	  1.4	0.095	0.000	0.000
665	  P	  0.0	  0.4	0.000	0.000	0.000
666	  P	  0.0	  0.7	0.000	0.000	0.000
667	  T	  0.0	  0.9	0.000	0.000	0.000
668	  N	  0.0	  0.9	0.000	0.000	0.000
669	  G	  0.0	  0.5	0.000	0.000	0.000
670	  D	  0.0	  0.8	0.121	0.000	0.000
671	  P	  0.0	  0.7	0.121	0.000	0.000
672	  K	  0.1	  0.8	0.121	0.000	0.000
673	  S	  1.0	  1.6	0.121	0.000	0.000
674	  S	  1.8	  1.9	0.121	0.000	0.000
675	  S	  2.6	  2.6	0.121	0.000	0.000
676	  S	  1.8	  2.8	0.000	0.000	0.000
677	  S	  1.0	  2.6	0.201	0.000	0.000
678	  K	  0.2	  2.7	0.201	0.000	0.000
679	  G	  0.1	  1.8	0.201	0.000	0.000
680	  D	  0.0	  5.7	0.346	0.000	0.000
681	  A	  0.0	  5.0	0.346	0.000	0.000
682	  N	  0.1	  4.1	0.797	0.000	0.000
683	  K	  2.1	  4.1	0.797	0.000	0.000
684	  V	  5.2	  0.0	0.596	0.000	0.000
685	  A	  5.2	  0.0	0.596	0.000	0.000
686	  I	  3.4	  0.0	0.596	0.000	0.000
687	  Q	  0.3	  0.0	0.596	0.000	0.000
688	  G	  0.1	  0.2	0.910	0.000	0.000
689	  P	  0.0	  0.2	1.003	1.008	1.008
690	  L	  0.6	  0.2	1.003	81.736	81.736
691	  Y	  2.2	  0.2	1.498	95.692	95.692
692	  I	 10.4	  0.0	1.622	99.600	99.600
693	  V	 10.8	  0.0	1.742	99.932	99.932
694	  L	  9.5	  0.0	1.742	99.955	99.955
695	  A	  1.6	  0.0	1.742	99.580	99.580
696	  L	  0.7	  0.0	1.742	99.208	99.208
697	  L	  1.1	  0.0	1.607	96.953	96.953
698	  T	  1.3	  0.0	1.366	83.925	83.925
699	  A	  1.4	  0.0	1.366	76.076	76.076
700	  L	  2.4	  0.0	1.270	69.422	69.422
701	  S	  2.4	  0.0	0.844	31.105	31.105
702	  L	  2.2	  0.0	0.000	29.081	29.081
703	  I	  0.5	  0.0	0.000	0.011	0.011
