res	aa	Beta	Turn	Helix	Aggregation	Conc-Stab_Aggregation
01	  M	  0.6	  0.0	0.111	0.101	0.101
02	  L	  1.2	  0.0	0.345	92.462	92.462
03	  F	  2.2	  0.0	0.957	98.997	98.997
04	  F	  2.2	  0.0	1.880	99.892	99.892
05	  L	  1.9	  0.0	1.880	99.961	99.961
06	  A	  1.2	  0.0	1.880	99.972	99.972
07	  L	  1.1	  0.0	1.880	99.967	99.967
08	  I	  0.9	  0.4	1.880	99.848	99.848
09	  A	  0.7	  0.4	1.880	98.447	98.447
10	  N	  0.3	  0.4	3.169	97.258	97.258
11	  F	  0.9	  0.4	2.407	97.216	97.216
12	  A	  1.0	  0.0	1.942	96.595	96.595
13	  A	  1.4	  0.0	1.942	96.068	96.068
14	  I	  1.5	  0.0	1.942	95.621	95.621
15	  L	  1.4	  0.0	1.942	90.481	90.481
16	  A	  0.9	  0.0	1.758	60.886	60.886
17	  A	  0.3	  0.0	1.493	35.797	35.797
18	  T	  0.6	  0.1	0.147	14.530	14.530
19	  S	  3.2	  1.7	0.147	1.720	1.720
20	  A	  3.4	  1.7	0.000	0.117	0.117
21	  S	 15.3	  1.7	0.000	0.002	0.002
22	  C	 12.8	  1.7	0.000	0.000	0.000
23	  N	 12.3	  0.2	0.000	0.000	0.000
24	  P	  0.1	  0.2	0.000	0.000	0.000
25	  L	  0.2	  0.2	0.000	0.000	0.000
26	  S	  0.8	  1.2	0.000	0.000	0.000
27	  S	  1.3	  1.1	0.000	0.000	0.000
28	  S	 31.1	  1.1	0.000	0.000	0.000
29	  C	 30.6	  1.0	0.000	0.000	0.000
30	  S	 30.1	  4.9	0.193	0.000	0.000
31	  P	  0.2	  4.9	0.193	0.000	0.000
32	  D	  0.0	  4.9	0.193	0.000	0.000
33	  K	  0.1	  5.0	0.193	0.000	0.000
34	  A	  0.1	  0.2	0.193	0.000	0.000
35	  L	  0.1	  0.4	0.193	0.272	0.272
36	  G	  0.1	  0.5	0.078	0.272	0.272
37	  T	  0.0	  0.4	0.000	0.272	0.272
38	  G	  0.0	  0.4	0.000	0.272	0.272
39	  L	  0.2	  0.1	0.000	0.272	0.272
40	  V	  1.5	  0.2	0.000	0.272	0.272
41	  E	  1.7	  0.2	0.000	0.000	0.000
42	  S	  9.0	  0.2	0.000	0.000	0.000
43	  F	 10.4	  0.2	0.000	0.000	0.000
44	  T	 10.4	  0.1	0.000	0.000	0.000
45	  S	  3.1	  1.2	0.000	0.000	0.000
46	  E	  0.3	  1.3	0.000	0.000	0.000
47	  S	  0.2	  1.4	0.000	0.000	0.000
48	  D	  0.6	  1.3	0.000	0.000	0.000
49	  Q	  2.5	  0.2	0.000	0.450	0.450
50	  F	  6.8	  0.1	0.000	6.107	6.107
51	  S	  7.0	  0.0	0.000	6.107	6.107
52	  V	  9.0	  0.0	0.000	6.557	6.557
53	  V	 14.4	  0.0	0.000	6.557	6.557
54	  A	 13.7	  0.0	0.000	6.313	6.313
55	  V	 10.0	  0.5	0.000	1.135	1.135
56	  P	  0.1	  0.7	0.000	0.754	0.754
57	  S	  0.0	  0.7	0.000	0.000	0.000
58	  G	  0.0	  0.7	0.000	0.000	0.000
59	  V	  4.0	  0.2	0.000	0.000	0.000
60	  S	 11.2	  0.0	0.000	0.000	0.000
61	  Y	 12.6	  0.1	0.000	0.000	0.000
62	  T	  8.9	  0.6	0.086	0.000	0.000
63	  D	  1.5	  0.8	1.528	0.000	0.000
64	  D	  0.0	  0.8	2.070	0.000	0.000
65	  G	  0.0	  0.7	6.537	0.000	0.000
66	  L	  0.6	  0.2	6.673	0.000	0.000
67	  E	  1.1	  0.0	7.032	0.000	0.000
68	  L	  3.2	  0.0	7.032	0.000	0.000
69	  T	  5.3	  0.0	7.848	0.000	0.000
70	  L	  4.8	  0.0	7.848	0.000	0.000
71	  K	  2.9	  0.2	7.706	0.000	0.000
72	  K	  0.2	  0.5	5.130	0.000	0.000
73	  K	  0.1	  2.6	2.488	0.000	0.000
74	  G	  0.0	  2.6	1.254	0.000	0.000
75	  D	  0.0	  2.4	0.752	0.000	0.000
76	  N	  0.0	  3.1	0.827	0.000	0.000
77	  P	  0.0	  1.0	0.472	0.000	0.000
78	  G	  0.1	  1.0	0.472	0.000	0.000
79	  I	  1.4	  1.0	0.472	0.000	0.000
80	  K	  1.4	  0.3	0.472	0.000	0.000
81	  S	  1.4	  0.3	0.472	0.118	0.118
82	  N	  1.8	  0.3	0.597	1.493	1.493
83	  F	  2.7	  0.2	0.229	73.045	73.045
84	  Y	  3.7	  0.0	0.126	74.265	74.265
85	  I	  3.7	  0.0	0.126	74.484	74.484
86	  M	  2.8	  0.2	0.126	74.484	74.484
87	  F	  1.9	  0.4	0.126	74.311	74.311
88	  G	  0.2	  0.4	0.942	17.573	17.573
89	  R	  1.8	  0.4	0.910	12.085	12.085
90	  V	 18.8	  0.3	0.910	12.085	12.085
91	  E	 19.1	  0.0	0.910	12.085	12.085
92	  V	 23.9	  0.0	0.910	12.010	12.010
93	  I	  7.5	  0.0	0.910	11.024	11.024
94	  M	  7.3	  0.0	0.910	6.073	6.073
95	  K	  1.3	  0.0	0.823	0.000	0.000
96	  A	  0.6	  0.0	0.551	0.000	0.000
97	  A	  0.3	  1.9	0.395	0.000	0.000
98	  P	  0.0	  2.2	0.000	0.000	0.000
99	  G	  0.0	  2.3	0.000	0.000	0.000
100	  R	  0.1	  2.3	0.000	0.000	0.000
101	  G	  0.2	  0.4	0.000	4.263	4.263
102	  I	  3.1	  0.2	0.000	51.925	51.925
103	  V	  4.3	  0.2	0.000	54.467	54.467
104	  S	  4.5	  0.2	0.000	54.557	54.557
105	  S	  2.6	  0.2	0.000	54.929	54.929
106	  F	  2.4	  0.2	0.000	55.084	55.084
107	  F	  3.0	  0.0	0.000	54.753	54.753
108	  M	  2.5	  0.0	0.000	49.197	49.197
109	  M	  1.5	  0.3	0.000	42.332	42.332
110	  S	  0.6	  1.6	0.000	2.215	2.215
111	  D	  0.1	  1.7	0.000	0.000	0.000
112	  D	  0.1	  2.9	0.000	0.000	0.000
113	  L	  0.1	  2.6	0.000	0.000	0.000
114	  D	  0.2	  1.3	1.714	0.000	0.000
115	  E	  2.8	  1.2	1.714	0.000	0.000
116	  I	  7.8	  0.0	1.714	0.000	0.000
117	  D	  9.2	  0.0	2.668	0.000	0.000
118	  I	  9.0	  0.0	2.668	0.000	0.000
119	  E	  4.1	  0.0	2.668	0.000	0.000
120	  L	  2.6	  0.0	2.513	0.000	0.000
121	  L	  0.1	  0.2	2.513	0.000	0.000
122	  G	  0.1	  0.8	2.347	0.000	0.000
123	  A	  0.0	  0.9	0.697	0.000	0.000
124	  D	  0.0	  1.0	0.000	0.000	0.000
125	  D	  0.2	  0.9	0.098	0.000	0.000
126	  T	  2.5	  0.3	0.098	0.000	0.000
127	  Q	  6.2	  0.2	0.098	0.000	0.000
128	  F	  7.4	  0.1	0.098	0.000	0.000
129	  Q	  5.1	  0.3	0.098	0.000	0.000
130	  S	  1.4	  0.3	0.098	0.000	0.000
131	  N	  1.7	  0.3	0.098	0.000	0.000
132	  Y	  3.8	  0.2	0.098	0.000	0.000
133	  F	  5.9	  0.2	0.098	0.000	0.000
134	  S	  4.4	  0.5	0.000	0.000	0.000
135	  K	  2.2	  1.8	0.000	0.000	0.000
136	  G	  0.1	  1.8	0.000	0.000	0.000
137	  N	  0.3	  1.6	0.000	0.000	0.000
138	  T	  1.9	  1.3	0.000	0.000	0.000
139	  T	  5.2	  0.1	0.000	0.000	0.000
140	  T	 12.0	  0.1	0.000	0.000	0.000
141	  Y	 10.7	  0.2	0.000	0.000	0.000
142	  D	  7.4	  0.7	0.000	0.000	0.000
143	  R	  0.3	  0.7	0.000	0.000	0.000
144	  G	  0.0	  0.6	0.000	0.000	0.000
145	  E	  3.5	  0.5	0.000	0.000	0.000
146	  Y	  4.0	  0.1	0.000	0.000	0.000
147	  H	  4.1	  0.0	0.000	0.000	0.000
148	  S	  0.7	  0.0	0.000	0.000	0.000
149	  T	  0.2	  2.3	0.000	0.000	0.000
150	  P	  0.1	  2.3	0.000	0.000	0.000
151	  G	  0.0	  2.3	0.000	0.000	0.000
152	  S	  0.0	  2.7	0.146	0.000	0.000
153	  P	  0.0	  0.8	0.146	0.000	0.000
154	  Q	  0.0	  0.9	0.146	0.000	0.000
155	  D	  0.1	  0.9	0.146	0.000	0.000
156	  N	  1.7	  0.4	0.146	2.237	2.237
157	  F	  3.3	  0.2	0.146	57.655	57.655
158	  F	  6.0	  0.0	0.000	67.800	67.800
159	  N	  5.7	  0.0	0.000	68.575	68.575
160	  Y	 11.9	  0.0	0.000	85.141	85.141
161	  T	 13.3	  0.0	0.000	85.951	85.951
162	  I	 15.6	  0.0	0.000	85.897	85.897
163	  V	  9.7	  0.0	0.000	85.138	85.138
164	  W	  5.8	  0.0	0.000	75.851	75.851
165	  T	  2.3	  0.3	0.000	29.017	29.017
166	  E	  0.6	  0.3	0.000	0.000	0.000
167	  N	  0.1	  0.3	0.000	0.000	0.000
168	  E	  0.1	  0.3	0.000	0.000	0.000
169	  C	  0.7	  0.0	0.000	9.750	9.750
170	  V	  2.2	  0.0	0.000	9.750	9.750
171	  W	  2.7	  0.0	0.000	9.750	9.750
172	  Y	  2.7	  0.0	0.000	9.750	9.750
173	  L	  1.3	  0.2	0.000	9.750	9.750
174	  E	  0.7	  0.2	0.000	0.000	0.000
175	  G	  0.0	  0.2	0.000	0.000	0.000
176	  T	  0.0	  0.2	0.000	0.000	0.000
177	  P	  0.0	  0.0	0.000	0.000	0.000
178	  V	  0.7	  0.0	0.000	0.000	0.000
179	  R	  0.9	  0.0	0.000	0.000	0.000
180	  T	  6.2	  0.0	0.000	0.000	0.000
181	  L	  5.9	  0.2	0.000	0.000	0.000
182	  S	  5.7	  2.5	0.000	0.000	0.000
183	  S	  0.4	  3.5	0.000	0.000	0.000
184	  D	  0.1	  3.9	0.000	0.000	0.000
185	  N	  0.1	  4.2	0.000	0.000	0.000
186	  S	  0.2	  2.2	0.000	0.000	0.000
187	  Q	  0.2	  1.2	0.000	0.000	0.000
188	  G	  0.1	  0.8	0.000	0.000	0.000
189	  Y	  0.0	  0.5	0.000	0.000	0.000
190	  P	  0.0	  0.2	0.000	0.000	0.000
191	  Q	  0.0	  0.2	0.000	0.000	0.000
192	  T	  0.0	  0.3	0.316	0.000	0.000
193	  P	  0.0	  0.1	0.316	0.000	0.000
194	  M	  0.8	  0.1	0.316	0.000	0.000
195	  Y	  2.0	  0.1	0.316	0.000	0.000
196	  I	  3.5	  0.0	0.316	0.000	0.000
197	  K	  2.8	  0.2	0.316	0.000	0.000
198	  A	  1.6	  0.2	0.159	0.000	0.000
199	  G	  0.1	  0.2	0.159	0.000	0.000
200	  I	  0.6	  0.2	0.000	0.000	0.000
201	  W	  0.6	  0.3	0.000	0.000	0.000
202	  A	  0.6	  0.4	0.000	0.000	0.000
203	  G	  0.1	  1.6	0.000	0.000	0.000
204	  G	  0.0	  1.8	0.000	0.000	0.000
205	  D	  0.0	  1.7	0.000	0.000	0.000
206	  D	  0.1	  2.3	0.000	0.000	0.000
207	  T	  0.2	  1.2	0.000	0.000	0.000
208	  N	  0.2	  1.0	0.000	0.000	0.000
209	  E	  0.1	  1.3	0.000	0.000	0.000
210	  P	  0.0	  0.6	0.000	0.000	0.000
211	  G	  0.0	  0.6	0.000	0.000	0.000
212	  T	  4.2	  0.6	0.000	0.000	0.000
213	  I	  6.5	  0.0	0.000	0.000	0.000
214	  E	  6.6	  0.0	0.000	0.000	0.000
215	  W	  2.6	  0.2	0.000	0.000	0.000
216	  A	  0.3	  0.5	0.000	0.000	0.000
217	  G	  0.1	  1.3	0.000	0.000	0.000
218	  G	  0.0	  1.5	0.000	0.000	0.000
219	  S	  0.5	  1.8	0.000	0.000	0.000
220	  T	  0.9	  1.6	0.000	0.000	0.000
221	  D	  1.4	  1.1	0.000	0.000	0.000
222	  Y	  3.0	  1.0	0.000	0.000	0.000
223	  S	  2.9	  0.4	0.000	0.000	0.000
224	  Q	  2.3	  0.4	0.000	0.000	0.000
225	  A	  0.2	  0.1	0.000	0.000	0.000
226	  P	  0.0	  0.0	0.000	0.000	0.000
227	  F	  4.6	  0.0	0.000	0.000	0.000
228	  T	  5.9	  0.0	0.339	0.000	0.000
229	  M	  9.7	  0.0	0.339	0.000	0.000
230	  H	 10.5	  0.0	0.339	0.000	0.000
231	  I	  9.5	  0.0	0.339	0.000	0.000
232	  K	  5.8	  0.0	0.339	0.000	0.000
233	  K	  0.9	  0.0	0.339	0.129	0.129
234	  L	  2.2	  0.0	0.107	0.129	0.129
235	  V	  5.9	  0.1	0.000	0.129	0.129
236	  V	  5.7	  0.3	0.000	0.129	0.129
237	  D	  4.1	  0.3	0.000	0.129	0.129
238	  D	  0.9	  0.6	0.000	0.000	0.000
239	  Y	  1.4	  0.7	0.000	0.000	0.000
240	  S	  1.4	  0.7	0.000	0.000	0.000
241	  T	  0.9	  1.6	0.000	0.000	0.000
242	  G	  0.1	  1.3	0.000	0.000	0.000
243	  D	  0.1	  1.2	0.000	0.000	0.000
244	  K	  3.4	  1.1	0.000	0.000	0.000
245	  Y	  7.1	  0.3	0.000	0.000	0.000
246	  E	  7.1	  0.3	0.000	0.000	0.000
247	  Y	  3.9	  2.2	0.000	0.000	0.000
248	  G	  0.1	  2.2	0.000	0.000	0.000
249	  D	  0.1	  6.8	0.000	0.000	0.000
250	  K	  0.1	  7.1	0.000	0.000	0.000
251	  S	  0.3	  5.2	0.000	0.000	0.000
252	  G	  0.4	  5.1	0.000	0.000	0.000
253	  S	  1.3	  0.3	0.000	0.000	0.000
254	  W	  1.5	  0.3	0.000	0.000	0.000
255	  K	  1.9	  0.2	0.000	0.000	0.000
256	  S	  1.7	  0.2	0.104	0.000	0.000
257	  I	  2.6	  0.2	0.104	0.000	0.000
258	  K	  2.5	  0.0	0.104	0.000	0.000
259	  A	  1.8	  0.8	0.104	0.000	0.000
260	  E	  0.3	  2.8	0.104	0.000	0.000
261	  N	  0.0	  2.8	0.104	0.000	0.000
262	  G	  0.0	  2.8	0.121	0.000	0.000
263	  E	  5.4	  2.2	0.121	0.000	0.000
264	  V	  5.7	  6.5	0.121	0.000	0.000
265	  N	  5.7	  6.7	0.121	0.000	0.000
266	  G	  0.3	  7.1	0.121	0.000	0.000
267	  R	  0.1	  7.3	0.121	0.000	0.000
268	  S	  0.3	  2.0	0.000	0.000	0.000
269	  G	  0.3	  2.0	0.000	0.000	0.000
270	  S	  1.1	  2.3	0.209	0.000	0.000
271	  S	  1.2	  2.1	0.209	0.000	0.000
272	  S	  1.7	  1.5	0.209	0.000	0.000
273	  T	  1.1	  1.3	0.209	0.000	0.000
274	  N	  0.9	  1.1	0.379	0.000	0.000
275	  K	  0.3	  1.1	0.526	0.000	0.000
276	  Q	  0.0	  1.1	0.317	0.000	0.000
277	  G	  0.0	  1.1	0.514	0.000	0.000
278	  D	  0.0	  4.9	0.807	0.000	0.000
279	  A	  0.0	  4.7	0.807	0.000	0.000
280	  N	  0.1	  5.4	0.807	0.000	0.000
281	  K	  0.5	  5.4	0.807	0.000	0.000
282	  S	  2.6	  2.0	0.490	0.000	0.000
283	  K	  2.6	  2.0	0.294	0.000	0.000
284	  S	  3.0	  1.7	0.000	0.000	0.000
285	  S	  1.7	  2.4	0.000	0.000	0.000
286	  S	  2.4	  2.4	0.000	0.000	0.000
287	  S	  2.4	  3.1	0.000	0.000	0.000
288	  S	  2.4	  3.1	0.000	0.000	0.000
289	  S	  2.4	  3.1	0.000	0.000	0.000
290	  S	  2.4	  3.1	0.000	0.000	0.000
291	  S	  2.4	  3.0	0.000	0.000	0.000
292	  S	  2.4	  3.0	0.000	0.000	0.000
293	  S	  2.4	  3.0	0.000	0.000	0.000
294	  S	  2.4	  3.0	0.000	0.000	0.000
295	  S	  2.4	  3.0	0.000	0.000	0.000
296	  S	  2.4	  3.0	0.000	0.000	0.000
297	  S	  2.4	  3.0	0.000	0.000	0.000
298	  S	  2.4	  3.0	0.000	0.000	0.000
299	  S	  2.4	  3.0	0.000	0.000	0.000
300	  S	  2.4	  3.0	0.000	0.000	0.000
301	  S	  2.4	  3.0	0.000	0.000	0.000
302	  S	  2.4	  3.0	0.000	0.000	0.000
303	  S	  2.4	  3.0	0.000	0.000	0.000
304	  S	  2.4	  3.1	0.000	0.000	0.000
305	  S	  2.4	  3.1	0.000	0.000	0.000
306	  S	  2.5	  3.1	0.000	0.000	0.000
307	  S	  2.5	  3.1	0.000	0.000	0.000
308	  S	  2.5	  3.3	0.000	0.000	0.000
309	  S	  1.7	  2.5	0.000	0.000	0.000
310	  S	  1.1	  1.7	0.106	0.000	0.000
311	  A	  0.8	  0.9	0.106	0.000	0.000
312	  V	  2.0	  0.1	0.106	0.000	0.000
313	  S	  1.9	  0.2	0.106	0.000	0.000
314	  S	  2.0	  1.8	0.106	0.000	0.000
315	  K	  0.8	  1.8	0.106	0.000	0.000
316	  N	  0.7	  1.7	0.000	0.000	0.000
317	  S	  0.1	  2.0	0.000	0.000	0.000
318	  P	  0.0	  0.5	0.000	0.000	0.000
319	  T	  1.3	  0.6	0.000	0.000	0.000
320	  S	  1.4	  0.7	0.143	0.000	0.000
321	  S	  1.5	  0.2	0.143	0.000	0.000
322	  A	  0.3	  0.4	0.143	0.000	0.000
323	  A	  0.3	  0.3	0.143	0.000	0.000
324	  S	  0.5	  0.3	0.143	0.000	0.000
325	  S	  2.0	  0.5	0.143	0.000	0.000
326	  T	  2.5	  0.4	0.000	0.000	0.000
327	  S	  2.6	  0.3	0.000	0.000	0.000
328	  T	 17.9	  0.2	0.000	0.000	0.000
329	  V	 18.9	  0.1	0.000	0.000	0.000
330	  S	 21.0	  0.9	0.102	0.000	0.000
331	  A	  4.6	  1.0	0.102	0.000	0.000
332	  S	  2.7	  1.0	0.102	0.000	0.000
333	  S	  0.6	  3.3	0.264	0.000	0.000
334	  A	  0.5	  2.4	0.264	0.000	0.000
335	  N	  0.5	  2.3	0.714	0.000	0.000
336	  A	  0.4	  2.3	0.613	0.000	0.000
337	  V	  1.6	  0.0	0.613	0.000	0.000
338	  A	  1.6	  0.1	0.613	0.000	0.000
339	  A	  1.4	  0.2	0.613	0.000	0.000
340	  S	  0.7	  0.2	0.613	0.000	0.000
341	  T	  3.5	  0.2	0.000	0.000	0.000
342	  H	  3.7	  0.2	0.000	0.000	0.000
343	  K	  3.3	  0.2	0.000	0.000	0.000
344	  A	  0.6	  0.3	0.000	0.000	0.000
345	  S	  0.6	  0.4	0.000	0.000	0.000
346	  S	  2.4	  1.0	0.000	0.000	0.000
347	  T	  2.3	  1.1	0.000	0.000	0.000
348	  S	  2.1	  3.7	0.000	0.000	0.000
349	  G	  0.1	  3.7	0.000	0.000	0.000
350	  D	  0.2	  3.0	0.000	0.000	0.000
351	  S	  9.9	  2.9	0.459	0.000	0.000
352	  V	 10.7	  0.2	0.459	0.000	0.000
353	  S	 11.1	  0.2	0.459	0.000	0.000
354	  T	  4.9	  0.2	0.459	0.000	0.000
355	  R	  4.1	  0.1	0.459	0.000	0.000
356	  S	  3.6	  2.1	0.670	0.000	0.000
357	  P	  0.1	  2.2	0.210	0.000	0.000
358	  S	  0.2	  2.2	0.210	0.000	0.000
359	  T	  1.8	  2.3	0.316	0.875	0.875
360	  L	  2.0	  0.2	0.316	2.328	2.328
361	  N	  2.8	  0.1	0.899	2.328	2.328
362	  T	  4.8	  0.1	0.968	4.308	4.308
363	  V	  5.6	  0.0	0.968	4.673	4.673
364	  L	  4.8	  0.0	0.968	4.673	4.673
365	  A	  1.2	  0.1	0.968	3.758	3.758
366	  A	  0.3	  0.5	0.968	2.987	2.987
367	  S	  0.3	  1.0	0.703	0.584	0.584
368	  S	  0.4	  2.9	0.000	0.000	0.000
369	  G	  0.3	  3.2	0.000	0.000	0.000
370	  S	  0.5	  4.7	0.000	0.000	0.000
371	  G	  0.3	  4.4	0.000	0.000	0.000
372	  S	  0.3	  2.8	0.000	0.000	0.000
373	  G	  0.0	  2.8	0.000	0.000	0.000
374	  G	  0.0	  1.3	0.000	0.000	0.000
375	  S	  0.0	  1.1	0.000	0.000	0.000
376	  D	  0.0	  3.0	0.000	0.000	0.000
377	  A	  0.2	  2.6	0.000	0.000	0.000
378	  S	  0.5	  2.3	0.105	0.000	0.000
379	  S	  1.1	  2.3	0.105	0.000	0.000
380	  T	  1.3	  0.2	0.105	0.000	0.000
381	  T	  1.0	  0.2	0.105	0.000	0.000
382	  E	  0.5	  0.1	0.105	0.000	0.000
383	  A	  0.3	  0.2	0.105	0.000	0.000
384	  S	  0.3	  0.2	0.105	0.000	0.000
385	  S	  3.1	  1.2	0.000	0.000	0.000
386	  A	  3.1	  1.3	0.000	0.000	0.000
387	  S	  3.9	  3.9	0.000	0.000	0.000
388	  S	  1.0	  4.2	0.000	0.000	0.000
389	  S	  0.9	  3.6	0.000	0.000	0.000
390	  G	  0.1	  3.6	0.000	0.000	0.000
391	  A	  0.4	  0.9	0.000	0.461	0.461
392	  S	  0.8	  0.6	0.353	1.006	1.006
393	  V	  1.7	  0.2	0.353	1.564	1.564
394	  A	  1.9	  0.0	0.353	1.564	1.564
395	  T	 18.4	  0.0	0.353	1.564	1.564
396	  V	 18.6	  0.2	0.353	1.564	1.564
397	  S	 18.1	  0.5	1.123	0.558	0.558
398	  S	  1.4	  2.4	0.770	0.000	0.000
399	  G	  0.1	  2.4	0.965	0.000	0.000
400	  D	  0.0	  2.3	0.965	0.000	0.000
401	  L	  0.1	  1.9	0.965	4.837	4.837
402	  A	  0.2	  0.1	0.965	5.707	5.707
403	  A	  0.3	  0.2	0.965	8.140	8.140
404	  S	  0.8	  0.2	0.632	11.010	11.010
405	  T	  5.8	  0.2	0.000	33.921	33.921
406	  F	  7.2	  0.2	0.000	71.960	71.960
407	  V	  7.0	  0.2	0.000	74.898	74.898
408	  S	  2.1	  0.2	0.000	75.140	75.140
409	  G	  0.6	  0.2	0.103	77.074	77.074
410	  V	  5.8	  0.1	0.103	98.267	98.267
411	  L	  6.9	  0.0	0.103	99.731	99.731
412	  V	 12.3	  0.0	0.103	99.936	99.936
413	  F	  8.9	  0.0	0.202	99.872	99.872
414	  V	 10.8	  0.0	0.301	98.847	98.847
415	  A	  5.6	  0.0	0.301	82.959	82.959
416	  M	  3.5	  0.0	0.301	69.249	69.249
417	  A	  0.6	  0.1	0.301	52.378	52.378
418	  L	  1.7	  0.1	0.301	38.073	38.073
419	  N	  1.4	  0.1	0.301	3.327	3.327
420	  F	  1.2	  0.1	0.000	0.001	0.001
