res	aa	Beta	Turn	Helix	Aggregation	Conc-Stab_Aggregation
01	  M	  1.0	  0.0	0.000	0.000	0.000
02	  K	  3.9	  0.0	0.000	0.000	0.000
03	  Y	  8.4	  0.0	0.000	14.357	14.357
04	  T	  8.2	  0.0	0.839	19.724	19.724
05	  L	  6.0	  0.0	0.839	33.862	33.862
06	  L	  1.8	  0.0	1.281	35.367	35.367
07	  L	  1.1	  0.0	1.590	35.487	35.487
08	  A	  0.3	  0.0	1.590	31.631	31.631
09	  A	  0.2	  0.0	1.590	26.672	26.672
10	  A	  0.2	  0.0	1.314	16.995	16.995
11	  A	  0.2	  0.0	1.134	7.977	7.977
12	  H	  0.3	  0.0	0.802	0.212	0.212
13	  A	  0.3	  0.0	0.000	0.212	0.212
14	  A	  0.9	  0.0	0.000	0.212	0.212
15	  T	  0.7	  0.0	0.000	0.212	0.212
16	  I	  0.7	  0.0	0.000	0.212	0.212
17	  T	  0.0	  0.0	0.000	0.000	0.000
18	  R	  0.0	  0.0	0.000	0.000	0.000
19	  W	  0.0	  0.0	-1.#IO	0.000	0.000
20	  H	  0.0	  0.0	-1.#IO	0.000	0.000
21	  T	  0.0	  0.0	-1.#IO	0.000	0.000
22	  T	  0.0	  0.0	-1.#IO	0.000	0.000
23	  T	  0.0	  0.0	-1.#IO	0.000	0.000
24	  N	  0.0	  0.0	-1.#IO	0.000	0.000
25	  V	  0.0	  0.0	-1.#IO	0.000	0.000
26	  L	  0.0	  0.0	-1.#IO	0.000	0.000
27	  T	  0.0	  0.0	-1.#IO	0.000	0.000
28	  S	  0.0	  0.0	-1.#IO	0.000	0.000
29	  S	  0.0	  0.0	-1.#IO	0.000	0.000
30	  Y	  0.0	  0.0	-1.#IO	0.000	0.000
31	  D	  0.0	  0.0	-1.#IO	0.000	0.000
32	  T	  0.0	  0.0	0.000	0.000	0.000
33	  T	  0.0	  0.0	0.000	0.000	0.000
34	  T	 12.9	  0.0	0.000	0.000	0.000
35	  I	 13.7	  0.0	0.000	0.000	0.000
36	  S	 13.9	  0.0	0.000	0.000	0.000
37	  T	  1.3	  0.0	0.000	0.000	0.000
38	  L	  0.3	  0.0	0.000	0.000	0.000
39	  P	  0.0	  0.2	0.000	0.000	0.000
40	  P	  0.0	  0.2	0.000	0.179	0.179
41	  T	  1.8	  0.2	0.000	14.523	14.523
42	  T	  6.8	  0.2	0.000	14.523	14.523
43	  V	 18.2	  0.0	0.000	14.523	14.523
44	  V	 19.4	  0.1	0.000	14.523	14.523
45	  V	 14.9	  0.3	0.000	14.523	14.523
46	  D	  3.5	  1.8	0.000	0.000	0.000
47	  G	  0.2	  2.1	0.000	0.000	0.000
48	  N	  0.0	  4.1	0.000	0.000	0.000
49	  G	  0.0	  3.9	0.000	0.000	0.000
50	  N	  0.9	  2.4	0.000	0.000	0.000
51	  T	  6.3	  2.1	0.000	0.000	0.000
52	  V	  8.2	  0.0	0.000	0.000	0.000
53	  N	  7.3	  0.0	0.000	0.000	0.000
54	  A	  2.0	  0.0	0.000	0.000	0.000
55	  P	  0.0	  0.1	0.000	0.000	0.000
56	  A	  0.2	  0.1	0.000	0.000	0.000
57	  T	  1.5	  0.3	0.000	0.000	0.000
58	  S	  1.6	  0.3	0.000	0.000	0.000
59	  S	  1.8	  0.2	0.000	0.000	0.000
60	  A	  0.6	  0.2	0.000	0.000	0.000
61	  V	  0.5	  0.4	0.000	0.000	0.000
62	  P	  0.1	  0.4	0.000	0.000	0.000
63	  D	  0.1	  0.9	0.000	0.000	0.000
64	  T	  1.5	  1.0	0.000	0.000	0.000
65	  S	  2.0	  0.6	0.000	0.000	0.000
66	  S	  1.9	  0.6	0.000	0.000	0.000
67	  T	  0.6	  0.1	0.000	0.000	0.000
68	  P	  0.1	  0.0	0.000	0.000	0.000
69	  L	  0.0	  0.1	0.000	0.000	0.000
70	  P	  0.0	  0.1	0.000	0.000	0.000
71	  E	  0.0	  0.1	0.000	0.000	0.000
72	  T	  0.0	  0.4	0.000	0.000	0.000
73	  P	  0.0	  0.2	0.000	0.000	0.000
74	  T	  0.2	  0.2	0.000	0.000	0.000
75	  T	  0.2	  0.5	0.000	0.000	0.000
76	  P	  0.2	  0.3	0.000	0.000	0.000
77	  T	  0.3	  0.3	0.000	0.000	0.000
78	  T	  0.4	  0.3	0.000	0.000	0.000
79	  E	  0.6	  0.1	0.000	0.000	0.000
80	  A	  0.3	  0.0	0.000	0.000	0.000
81	  T	  0.3	  0.0	0.000	0.000	0.000
82	  E	  0.1	  0.0	0.000	0.000	0.000
83	  P	  0.0	  0.0	0.000	0.000	0.000
84	  A	  0.1	  0.0	0.000	0.000	0.000
85	  T	  0.8	  0.0	0.000	0.000	0.000
86	  T	  3.4	  0.2	0.000	0.000	0.000
87	  A	  3.4	  0.3	0.000	0.000	0.000
88	  S	  3.6	  1.1	0.000	0.000	0.000
89	  S	  1.8	  1.8	0.000	0.000	0.000
90	  S	  2.5	  2.4	0.000	0.000	0.000
91	  S	  2.5	  3.1	0.000	0.000	0.000
92	  S	  2.5	  3.1	0.000	0.000	0.000
93	  S	  2.4	  3.1	0.000	0.000	0.000
94	  S	  2.4	  2.9	0.000	0.000	0.000
95	  S	  2.2	  2.6	0.000	0.000	0.000
96	  S	  2.0	  2.4	0.000	0.000	0.000
97	  S	  1.7	  2.3	0.000	0.000	0.000
98	  S	  1.4	  1.8	0.000	0.000	0.000
99	  S	 31.2	  1.2	0.000	0.000	0.000
100	  F	 30.8	  0.7	0.000	0.000	0.000
101	  S	 30.7	  0.3	0.000	0.000	0.000
102	  P	  0.3	  0.3	0.000	0.000	0.000
103	  T	  3.9	  0.3	0.000	0.000	0.000
104	  W	  4.0	  0.3	0.000	0.000	0.000
105	  V	  4.0	  0.0	0.000	0.000	0.000
106	  P	  0.1	  0.0	0.000	0.000	0.000
107	  T	  0.8	  0.0	0.000	0.000	0.000
108	  T	  6.2	  0.1	0.000	0.000	0.000
109	  L	  6.4	  0.1	0.000	0.000	0.000
110	  S	  5.8	  0.1	0.188	0.000	0.000
111	  T	  1.4	  0.1	0.188	0.000	0.000
112	  A	  1.4	  0.1	0.188	0.000	0.000
113	  T	  2.5	  0.5	0.188	0.000	0.000
114	  S	  1.5	  0.7	0.188	0.000	0.000
115	  S	  1.4	  1.4	0.188	0.000	0.000
116	  G	  0.2	  1.4	0.000	0.000	0.000
117	  T	  2.9	  1.0	0.000	0.000	0.000
118	  T	  4.1	  1.2	0.000	0.000	0.000
119	  S	  4.1	  0.7	0.000	0.000	0.000
120	  S	  1.4	  1.4	0.000	0.000	0.000
121	  G	  0.2	  1.4	0.000	0.000	0.000
122	  T	  2.9	  1.0	0.000	0.000	0.000
123	  T	  4.1	  1.2	0.000	0.000	0.000
124	  S	  4.1	  0.7	0.000	0.000	0.000
125	  S	  1.4	  1.4	0.000	0.000	0.000
126	  G	  0.2	  1.4	0.000	0.000	0.000
127	  T	  2.8	  1.0	0.000	0.000	0.000
128	  T	  4.0	  0.9	0.000	0.000	0.000
129	  S	  4.8	  1.0	0.000	0.000	0.000
130	  S	  3.0	  1.8	0.000	0.000	0.000
131	  S	  2.5	  2.7	0.000	0.000	0.000
132	  S	  1.8	  2.6	0.000	0.000	0.000
133	  S	  1.1	  1.8	0.000	0.000	0.000
134	  A	  0.3	  1.0	0.000	0.000	0.000
135	  A	  0.2	  0.5	0.000	0.000	0.000
136	  P	  0.0	  0.5	0.000	0.000	0.000
137	  S	  2.2	  1.2	0.000	0.000	0.000
138	  L	  2.5	  1.4	0.000	0.000	0.000
139	  D	  3.0	  1.0	0.000	0.000	0.000
140	  S	  3.8	  0.9	0.000	0.000	0.000
141	  F	  3.5	  0.2	0.000	0.000	0.000
142	  Q	  3.0	  0.0	0.000	0.000	0.000
143	  Q	  0.0	  0.0	0.000	0.000	0.000
144	  E	  0.0	  0.0	0.000	0.000	0.000
145	  I	  0.0	  0.0	-1.#IO	0.000	0.000
146	  L	  0.0	  0.0	-1.#IO	0.000	0.000
147	  D	  0.0	  0.0	-1.#IO	0.000	0.000
148	  E	  0.0	  0.0	-1.#IO	0.000	0.000
149	  T	  0.0	  0.0	-1.#IO	0.000	0.000
150	  N	  0.0	  0.0	-1.#IO	0.000	0.000
151	  A	  0.0	  0.0	-1.#IO	0.000	0.000
152	  K	  0.0	  0.0	-1.#IO	0.000	0.000
153	  R	  0.0	  0.0	-1.#IO	0.000	0.000
154	  A	  0.0	  0.0	-1.#IO	0.000	0.000
155	  L	  0.0	  0.0	-1.#IO	0.000	0.000
156	  H	  0.0	  0.0	-1.#IO	0.000	0.000
157	  S	  0.0	  0.0	-1.#IO	0.000	0.000
158	  A	  0.0	  0.0	0.000	0.000	0.000
159	  P	  0.0	  0.0	0.000	0.000	0.000
160	  A	  0.1	  0.0	0.000	0.384	0.384
161	  L	  3.2	  0.0	0.000	0.838	0.838
162	  T	  8.8	  0.0	0.000	0.838	0.838
163	  W	  9.9	  0.0	0.000	0.838	0.838
164	  N	  7.7	  0.0	0.000	0.838	0.838
165	  W	  4.2	  0.0	0.000	0.838	0.838
166	  T	  4.9	  0.0	6.695	0.563	0.563
167	  L	  4.1	  0.0	6.797	0.563	0.563
168	  T	  2.3	  0.0	17.581	0.210	0.210
169	  E	  0.5	  0.0	17.904	0.000	0.000
170	  Y	  1.0	  0.0	17.994	0.000	0.000
171	  A	  0.8	  0.3	18.080	0.000	0.000
172	  A	  0.6	  0.3	18.080	0.000	0.000
173	  N	  0.2	  0.3	18.693	0.000	0.000
174	  Y	  0.6	  0.3	15.925	0.000	0.000
175	  A	  0.5	  0.0	12.277	0.000	0.000
176	  K	  0.5	  0.0	8.705	0.000	0.000
177	  K	  0.6	  0.1	3.701	0.000	0.000
178	  F	  5.2	  0.2	2.048	0.000	0.000
179	  D	  5.3	  1.1	0.907	0.000	0.000
180	  C	  5.0	  1.2	0.109	0.000	0.000
181	  N	  0.5	  1.1	0.109	0.000	0.000
182	  N	  2.4	  1.0	0.224	0.000	0.000
183	  V	  9.1	  0.1	0.224	0.000	0.000
184	  K	  9.5	  0.0	0.224	0.000	0.000
185	  L	  8.3	  0.0	0.114	0.000	0.000
186	  V	  2.5	  0.1	0.114	0.000	0.000
187	  H	  1.9	  0.4	0.114	0.000	0.000
188	  S	  1.0	  0.4	0.000	0.000	0.000
189	  G	  0.0	  0.5	0.000	0.000	0.000
190	  G	  0.0	  1.2	0.000	0.000	0.000
191	  P	  0.0	  1.0	0.000	0.000	0.000
192	  Y	  0.1	  1.6	0.000	0.000	0.000
193	  G	  0.1	  1.9	0.459	0.000	0.000
194	  E	  0.1	  1.2	0.459	0.000	0.000
195	  N	  0.0	  1.0	1.008	0.000	0.000
196	  L	  0.1	  0.4	1.008	0.000	0.000
197	  A	  0.1	  0.3	1.008	0.000	0.000
198	  A	  0.1	  0.3	1.008	0.000	0.000
199	  G	  0.1	  0.6	0.818	0.000	0.000
200	  Y	  0.5	  0.8	0.664	0.000	0.000
201	  D	  0.4	  4.1	0.000	0.000	0.000
202	  G	  0.3	  4.2	0.000	0.000	0.000
203	  G	  0.1	  3.9	0.000	0.000	0.000
204	  K	  0.2	  3.7	0.000	0.000	0.000
205	  A	  0.2	  0.1	0.000	0.000	0.000
206	  P	  0.0	  0.0	0.000	0.000	0.000
207	  V	  0.6	  0.0	0.000	0.000	0.000
208	  D	  0.7	  0.0	0.000	0.000	0.000
209	  A	  0.9	  0.0	0.000	0.000	0.000
210	  W	  1.2	  0.0	0.000	0.000	0.000
211	  Y	  1.3	  0.1	0.000	0.000	0.000
212	  D	  1.1	  0.1	1.037	0.000	0.000
213	  E	  1.5	  0.1	1.037	0.000	0.000
214	  I	  4.9	  0.1	1.037	0.000	0.000
215	  S	  5.2	  0.0	1.154	0.000	0.000
216	  M	  4.4	  0.1	1.154	0.000	0.000
217	  Y	  3.4	  0.1	1.154	0.000	0.000
218	  N	  3.7	  0.7	0.395	0.000	0.000
219	  W	  4.5	  0.7	0.271	0.000	0.000
220	  N	  2.0	  0.6	0.116	0.000	0.000
221	  S	  1.3	  2.6	0.000	0.000	0.000
222	  P	  0.0	  2.1	0.000	0.000	0.000
223	  G	  0.1	  2.1	0.000	0.000	0.000
224	  Y	  1.3	  2.1	0.000	0.000	0.000
225	  T	  1.3	  0.0	0.112	0.000	0.000
226	  E	  1.4	  0.2	0.112	0.000	0.000
227	  A	  0.3	  0.4	0.112	0.000	0.000
228	  T	  0.3	  0.5	0.112	0.000	0.000
229	  G	  0.1	  0.5	0.112	0.000	0.000
230	  H	  3.2	  0.3	0.112	0.126	0.126
231	  F	  7.1	  0.2	0.000	11.667	11.667
232	  T	  7.9	  0.1	0.159	12.525	12.525
233	  Q	  5.1	  0.1	0.159	12.525	12.525
234	  L	  1.5	  0.1	0.159	12.525	12.525
235	  I	  0.9	  0.0	0.159	12.525	12.525
236	  W	  0.9	  0.3	0.159	12.066	12.066
237	  K	  0.6	  0.3	0.159	0.000	0.000
238	  D	  0.4	  0.5	0.000	0.000	0.000
239	  S	  0.5	  0.6	0.000	0.000	0.000
240	  T	  1.4	  0.3	0.000	0.000	0.000
241	  Q	  1.5	  0.4	0.000	0.000	0.000
242	  M	  1.4	  0.4	0.000	0.000	0.000
243	  G	  0.6	  0.4	0.000	0.000	0.000
244	  C	  1.3	  0.5	0.000	0.000	0.000
245	  A	  1.2	  0.3	0.000	0.000	0.000
246	  K	  6.2	  0.1	0.000	0.000	0.000
247	  V	 12.1	  0.1	0.000	0.000	0.000
248	  T	 13.6	  0.1	0.451	0.000	0.000
249	  C	  8.8	  0.4	0.549	0.000	0.000
250	  D	  2.0	  0.4	0.924	0.000	0.000
251	  N	  0.3	  0.5	1.402	0.000	0.000
252	  A	  0.4	  0.4	1.402	0.000	0.000
253	  W	  1.5	  0.1	1.402	0.000	0.000
254	  R	  3.0	  0.1	1.402	0.000	0.000
255	  Q	  5.6	  0.0	1.299	0.000	0.000
256	  Y	 12.6	  0.0	0.763	0.000	0.000
257	  T	 12.9	  0.0	0.137	0.000	0.000
258	  I	 10.6	  0.0	0.137	0.000	0.000
259	  C	  3.9	  0.0	0.137	0.000	0.000
260	  E	  4.0	  0.0	0.137	0.000	0.000
261	  Y	  3.8	  0.0	0.137	0.000	0.000
262	  S	  2.6	  0.9	0.137	0.000	0.000
263	  P	  0.4	  1.0	0.000	0.000	0.000
264	  R	  0.1	  1.1	0.000	0.000	0.000
265	  G	  0.1	  1.1	0.000	0.000	0.000
266	  N	  2.1	  0.2	0.000	0.000	0.000
267	  V	  3.0	  0.1	0.000	0.000	0.000
268	  V	  3.1	  0.3	0.000	0.000	0.000
269	  G	  1.1	  0.4	0.000	0.000	0.000
270	  T	  0.6	  0.6	0.000	0.000	0.000
271	  D	  0.5	  1.1	0.319	0.000	0.000
272	  S	  0.6	  1.6	0.534	0.000	0.000
273	  G	  0.1	  1.6	0.534	0.000	0.000
274	  T	  0.7	  1.3	0.534	0.000	0.000
275	  T	  1.9	  0.8	0.534	0.000	0.000
276	  A	  2.0	  0.0	0.534	0.000	0.000
277	  K	  1.7	  0.0	0.534	0.000	0.000
278	  F	  1.4	  0.2	0.000	2.186	2.186
279	  F	  1.4	  0.9	0.000	2.355	2.355
280	  G	  1.1	  1.3	0.000	2.355	2.355
281	  A	  0.3	  1.3	0.000	2.355	2.355
282	  N	  0.3	  1.1	0.000	2.355	2.355
283	  V	  1.4	  0.4	0.000	2.355	2.355
284	  L	  1.6	  0.0	0.000	2.355	2.355
285	  K	  1.5	  0.0	0.000	0.000	0.000
286	  S	  0.4	  0.0	0.000	0.000	0.000
