res	aa	Beta	Turn	Helix	Aggregation	Conc-Stab_Aggregation
01	  M	  0.1	  0.0	0.000	0.000	0.000
02	  L	  0.1	  0.1	0.000	0.000	0.000
03	  P	  0.1	  0.1	0.564	0.113	0.113
04	  L	  3.5	  0.1	0.564	16.792	16.792
05	  N	  3.6	  0.1	0.845	19.675	19.675
06	  I	  6.5	  0.0	0.845	90.741	90.741
07	  L	  3.2	  0.0	0.943	96.905	96.905
08	  L	  3.1	  0.0	0.943	97.960	97.960
09	  A	  0.6	  0.0	0.943	98.029	98.029
10	  T	  1.4	  0.0	0.657	98.121	98.121
11	  L	  2.0	  0.0	0.657	98.084	98.084
12	  V	 10.2	  0.0	0.657	96.707	96.707
13	  S	 12.4	  0.0	0.657	79.570	79.570
14	  V	 14.1	  0.0	0.000	77.424	77.424
15	  T	  6.8	  0.0	0.089	51.324	51.324
16	  S	  3.6	  0.0	0.089	35.546	35.546
17	  V	  3.2	  0.0	0.089	33.570	33.570
18	  A	  2.5	  0.0	0.089	9.625	9.625
19	  S	  2.2	  0.1	0.089	1.069	1.069
20	  R	  1.0	  0.1	0.089	0.000	0.000
21	  T	 12.1	  0.1	0.000	0.000	0.000
22	  I	 14.2	  0.1	0.000	0.000	0.000
23	  T	 13.5	  2.4	0.000	0.000	0.000
24	  G	  2.4	  2.4	0.000	0.000	0.000
25	  N	  0.2	  2.4	0.000	0.000	0.000
26	  T	  0.4	  2.4	0.000	0.000	0.000
27	  E	  1.6	  0.0	0.000	0.000	0.000
28	  Y	  3.4	  0.1	0.000	0.000	0.000
29	  S	  4.7	  0.6	0.000	0.000	0.000
30	  Q	  4.1	  0.6	0.000	0.000	0.000
31	  S	  7.1	  1.2	0.000	0.000	0.000
32	  W	  6.8	  1.2	0.000	0.000	0.000
33	  D	  6.6	  0.7	0.000	0.000	0.000
34	  F	  4.7	  0.8	0.000	0.000	0.000
35	  S	  3.6	  0.2	0.000	0.000	0.000
36	  L	  3.0	  0.3	0.000	0.000	0.000
37	  G	  0.1	  0.3	0.248	0.000	0.000
38	  P	  0.0	  0.2	0.248	0.000	0.000
39	  L	  3.7	  0.2	0.248	0.000	0.000
40	  T	  8.9	  0.1	0.248	0.000	0.000
41	  I	  9.1	  0.0	0.248	0.000	0.000
42	  N	  5.5	  0.3	0.515	0.000	0.000
43	  E	  0.2	  0.4	0.267	0.000	0.000
44	  G	  0.0	  0.4	0.400	0.000	0.000
45	  V	  3.5	  0.3	0.400	0.000	0.000
46	  Y	  4.2	  0.0	0.400	0.000	0.000
47	  L	  5.8	  0.0	0.400	0.000	0.000
48	  K	  3.6	  0.1	0.400	0.000	0.000
49	  I	  2.9	  0.2	0.133	0.000	0.000
50	  D	  1.3	  0.8	0.243	0.000	0.000
51	  N	  0.1	  0.8	0.110	0.000	0.000
52	  N	  0.3	  0.7	0.110	0.000	0.000
53	  T	  2.6	  0.6	0.110	0.000	0.000
54	  Q	  5.6	  0.1	0.110	0.000	0.000
55	  F	  9.7	  0.1	0.110	0.000	0.000
56	  T	  7.7	  0.0	0.000	0.000	0.000
57	  L	  4.6	  0.4	0.000	0.000	0.000
58	  G	  0.1	  1.2	0.000	0.000	0.000
59	  G	  0.0	  1.2	0.000	0.000	0.000
60	  N	  0.2	  2.6	0.000	0.000	0.000
61	  L	  0.3	  2.4	0.000	0.000	0.000
62	  D	  0.3	  1.7	0.000	0.000	0.000
63	  N	  0.1	  2.4	0.000	0.000	0.000
64	  K	  0.0	  1.2	0.000	0.000	0.000
65	  G	  0.0	  1.1	0.000	0.000	0.000
66	  G	  0.0	  0.9	0.000	0.700	0.700
67	  F	  1.0	  0.2	0.000	3.426	3.426
68	  Y	  1.8	  0.0	0.000	3.426	3.426
69	  I	  4.2	  0.0	0.000	3.426	3.426
70	  T	  4.5	  0.1	0.000	3.426	3.426
71	  S	  4.5	  0.8	0.166	2.726	2.726
72	  S	  2.4	  0.9	0.166	0.414	0.414
73	  S	  1.3	  0.9	0.166	0.125	0.125
74	  T	  3.1	  0.8	0.347	0.125	0.125
75	  L	  3.1	  0.2	0.347	0.125	0.125
76	  Q	  3.0	  0.1	0.347	0.000	0.000
77	  S	  0.5	  0.1	0.181	0.000	0.000
78	  A	  0.5	  0.1	0.181	0.000	0.000
79	  V	  5.1	  0.0	0.181	0.000	0.000
80	  D	  6.2	  0.0	0.181	0.000	0.000
81	  I	  8.2	  0.0	0.000	0.000	0.000
82	  T	  3.8	  0.2	0.000	0.000	0.000
83	  S	  2.4	  0.3	0.000	0.000	0.000
84	  G	  0.2	  0.3	0.000	0.000	0.000
85	  T	  3.5	  0.3	0.000	0.000	0.000
86	  I	  3.6	  0.1	0.000	0.000	0.000
87	  H	  3.7	  0.2	0.000	0.000	0.000
88	  N	  0.4	  0.8	0.350	0.000	0.000
89	  S	  0.2	  2.9	0.478	0.000	0.000
90	  G	  0.0	  2.9	1.017	0.000	0.000
91	  D	  0.0	  2.7	2.929	0.000	0.000
92	  L	  0.2	  2.2	2.929	0.000	0.000
93	  A	  0.6	  0.0	3.229	0.000	0.000
94	  F	  2.3	  0.0	3.229	0.000	0.000
95	  R	  2.2	  0.0	2.872	0.000	0.000
96	  A	  2.0	  0.1	2.872	0.000	0.000
97	  L	  0.7	  0.2	2.692	0.000	0.000
98	  N	  0.6	  1.3	2.311	0.000	0.000
99	  S	  0.4	  1.3	1.127	0.000	0.000
100	  N	  0.1	  1.2	0.359	0.000	0.000
101	  F	  1.0	  1.3	0.114	0.000	0.000
102	  L	  1.1	  0.2	0.114	0.000	0.000
103	  S	  1.2	  0.2	0.698	0.000	0.000
104	  R	  1.1	  0.2	0.698	0.000	0.000
105	  Y	  1.9	  0.1	0.698	3.631	3.631
106	  I	  2.3	  0.0	0.585	4.654	4.654
107	  L	  1.9	  0.1	0.585	4.654	4.654
108	  N	  1.2	  0.1	0.717	4.654	4.654
109	  S	  1.3	  0.1	0.751	4.654	4.654
110	  V	  1.5	  0.0	0.408	4.654	4.654
111	  A	  1.4	  0.0	0.408	2.132	2.132
112	  E	  1.6	  0.0	0.408	0.000	0.000
113	  F	  1.8	  0.2	0.408	0.000	0.000
114	  E	  1.8	  0.3	0.276	0.000	0.000
115	  N	  1.0	  0.4	0.137	0.000	0.000
116	  T	  0.1	  2.2	0.000	0.000	0.000
117	  G	  0.0	  1.9	0.000	0.000	0.000
118	  N	  0.5	  1.9	0.000	0.000	0.000
119	  M	  0.9	  1.8	0.000	2.172	2.172
120	  W	  2.1	  0.0	0.000	2.369	2.369
121	  F	  5.5	  0.0	0.000	2.369	2.369
122	  Q	  5.9	  0.0	0.000	2.369	2.369
123	  I	  5.8	  0.0	0.000	2.369	2.369
124	  S	  2.0	  0.1	0.180	0.439	0.439
125	  Q	  1.3	  0.1	0.180	0.000	0.000
126	  A	  0.4	  0.1	0.180	0.000	0.000
127	  T	  3.2	  0.1	0.180	0.000	0.000
128	  T	  5.3	  0.1	0.180	0.000	0.000
129	  S	  5.2	  0.1	0.180	0.000	0.000
130	  S	  2.4	  0.2	0.000	0.000	0.000
131	  P	  0.0	  0.1	0.000	0.000	0.000
132	  F	  4.8	  0.1	0.000	0.836	0.836
133	  S	  8.2	  0.1	0.000	0.836	0.836
134	  V	 10.7	  0.0	0.000	1.029	1.029
135	  T	  6.6	  0.0	0.000	1.029	1.029
136	  S	  4.3	  0.0	0.000	1.029	1.029
137	  L	  2.3	  0.0	0.000	1.029	1.029
138	  T	  3.1	  0.0	0.000	0.508	0.508
139	  S	  6.2	  0.0	0.000	0.000	0.000
140	  W	  6.2	  0.1	0.000	0.000	0.000
141	  R	  5.1	  0.2	0.000	0.000	0.000
142	  N	  0.6	  0.2	0.000	0.000	0.000
143	  T	  0.2	  0.3	0.000	0.426	0.426
144	  G	  0.0	  0.2	0.000	2.316	2.316
145	  L	  0.6	  0.1	0.000	4.635	4.635
146	  M	  1.3	  0.1	0.000	4.635	4.635
147	  Y	  3.4	  0.0	0.000	4.635	4.635
148	  F	  5.0	  0.1	0.000	4.635	4.635
149	  S	  5.8	  0.8	0.000	2.528	2.528
150	  Q	  3.6	  1.4	0.000	0.000	0.000
151	  S	  1.6	  2.2	0.000	0.000	0.000
152	  N	  0.0	  2.1	0.000	0.000	0.000
153	  G	  0.0	  1.3	0.000	0.000	0.000
154	  A	  0.0	  0.8	0.000	0.000	0.000
155	  P	  0.0	  0.0	0.000	0.000	0.000
156	  S	  0.0	  0.0	0.224	0.000	0.000
157	  P	  0.0	  0.0	0.224	0.000	0.000
158	  V	  9.5	  0.0	0.224	0.000	0.000
159	  T	 14.4	  0.0	0.366	0.000	0.000
160	  I	 15.8	  0.0	0.366	0.000	0.000
161	  N	  6.7	  0.0	0.871	0.000	0.000
162	  Q	  1.6	  0.1	0.647	0.000	0.000
163	  A	  0.2	  0.1	0.647	0.000	0.000
164	  L	  0.2	  1.9	0.647	0.000	0.000
165	  G	  0.0	  2.2	0.647	0.000	0.000
166	  D	  0.0	  2.1	0.647	0.000	0.000
167	  G	  0.1	  2.1	0.090	0.917	0.917
168	  F	  5.3	  0.4	0.000	0.917	0.917
169	  N	  8.3	  0.0	0.000	0.917	0.917
170	  V	 11.3	  0.0	0.000	0.917	0.917
171	  I	  6.6	  0.1	0.000	0.917	0.917
172	  R	  3.4	  0.1	0.000	0.000	0.000
173	  N	  0.2	  0.6	0.000	0.000	0.000
174	  E	  0.0	  1.2	0.000	0.000	0.000
175	  G	  0.0	  1.1	0.000	0.000	0.000
176	  N	  0.7	  1.1	0.000	0.000	0.000
177	  I	  2.4	  0.6	0.000	0.000	0.000
178	  C	  3.4	  0.2	0.000	0.000	0.000
179	  L	  2.7	  0.4	0.000	0.000	0.000
180	  E	  1.0	  0.6	0.000	0.000	0.000
181	  G	  0.0	  0.6	0.000	0.000	0.000
182	  T	  0.7	  0.5	0.000	0.000	0.000
183	  R	  1.3	  0.2	0.000	0.000	0.000
184	  W	  2.0	  0.0	0.000	0.000	0.000
185	  V	  2.4	  0.0	0.000	0.000	0.000
186	  Q	  1.9	  0.1	0.000	0.000	0.000
187	  S	  4.1	  1.0	0.000	0.000	0.000
188	  A	  3.4	  1.0	0.000	0.000	0.000
189	  S	  7.0	  0.9	0.000	0.000	0.000
190	  V	  4.3	  1.1	0.000	0.000	0.000
191	  E	  3.8	  0.6	0.000	0.000	0.000
192	  G	  0.2	  1.5	0.000	0.000	0.000
193	  A	  0.0	  1.9	0.000	0.000	0.000
194	  G	  0.1	  1.7	0.000	0.000	0.000
195	  C	  3.7	  1.2	0.000	0.000	0.000
196	  F	  7.3	  0.4	0.000	0.196	0.196
197	  S	  7.4	  0.1	1.332	0.196	0.196
198	  A	  3.9	  0.1	1.332	0.196	0.196
199	  L	  0.2	  0.2	1.332	0.196	0.196
200	  A	  0.1	  0.3	1.332	0.196	0.196
201	  R	  0.1	  0.4	1.332	0.000	0.000
202	  G	  0.1	  0.4	1.561	0.000	0.000
203	  E	  0.7	  0.2	0.618	0.000	0.000
204	  I	  2.1	  0.0	0.229	0.000	0.000
205	  Q	  3.1	  0.0	0.229	0.000	0.000
206	  L	  2.5	  0.1	0.229	0.519	0.519
207	  Q	  1.1	  0.1	0.229	0.519	0.519
208	  T	  0.9	  0.1	0.166	0.645	0.645
209	  A	  1.6	  0.1	0.166	0.854	0.854
210	  V	  4.9	  0.1	0.166	1.102	1.102
211	  L	  4.5	  0.1	0.166	1.102	1.102
212	  N	  4.0	  0.1	0.166	0.583	0.583
213	  S	  1.0	  0.1	0.166	0.583	0.583
214	  I	  0.8	  0.1	0.000	0.583	0.583
215	  Q	  1.4	  0.1	0.000	0.000	0.000
216	  T	  8.5	  0.1	0.000	0.000	0.000
217	  F	  8.6	  0.1	0.000	0.000	0.000
218	  D	  7.7	  0.2	0.300	0.000	0.000
219	  E	  0.2	  0.2	0.300	0.000	0.000
220	  E	  0.1	  0.3	0.300	0.000	0.000
221	  Q	  0.1	  0.2	0.300	0.000	0.000
222	  A	  0.3	  0.1	0.300	0.000	0.000
223	  I	  1.2	  0.0	0.300	0.000	0.000
224	  W	  1.5	  0.0	0.300	0.000	0.000
225	  L	  1.4	  0.2	0.115	0.000	0.000
226	  E	  0.5	  0.2	0.115	0.000	0.000
227	  D	  0.3	  0.3	0.185	0.000	0.000
228	  T	  3.1	  0.3	0.310	0.000	0.000
229	  T	  3.5	  0.2	0.310	0.000	0.000
230	  S	  3.4	  0.2	0.310	0.000	0.000
231	  R	  1.0	  0.1	0.310	0.000	0.000
232	  L	  2.3	  0.1	0.310	2.637	2.637
233	  S	  3.1	  0.0	0.310	2.866	2.866
234	  V	  3.7	  0.0	0.000	6.720	6.720
235	  V	  2.2	  0.1	0.000	6.852	6.852
236	  G	  1.3	  0.1	0.000	6.852	6.852
237	  L	  0.9	  0.1	0.000	6.744	6.744
238	  S	  1.3	  0.2	0.000	5.193	5.193
239	  A	  1.7	  0.2	0.000	4.482	4.482
240	  T	  3.9	  0.2	0.000	3.880	3.880
241	  L	  4.3	  0.2	0.000	3.601	3.601
242	  T	  6.4	  0.0	0.000	1.258	1.258
243	  H	  3.9	  0.0	0.000	0.000	0.000
244	  V	  2.8	  0.0	0.000	0.000	0.000
245	  P	  0.2	  0.0	0.000	0.000	0.000
246	  V	  4.7	  0.0	0.000	0.000	0.000
247	  I	 11.3	  0.0	0.000	0.000	0.000
248	  D	 13.3	  0.0	0.000	0.000	0.000
249	  V	  9.7	  0.1	0.000	0.110	0.110
250	  Y	  3.4	  0.1	0.000	0.110	0.110
251	  G	  1.0	  0.2	0.000	0.110	0.110
252	  F	  0.2	  4.9	0.000	0.110	0.110
253	  G	  0.1	  4.9	0.000	0.110	0.110
254	  N	  0.1	  5.4	0.000	0.000	0.000
255	  N	  0.0	  5.3	0.000	0.000	0.000
256	  N	  0.1	  0.6	0.000	0.000	0.000
257	  R	  2.1	  0.5	0.000	0.000	0.000
258	  I	  6.5	  0.0	0.000	1.242	1.242
259	  S	 11.1	  0.3	0.360	1.242	1.242
260	  V	 12.2	  0.3	0.360	3.303	3.303
261	  N	  8.1	  0.3	0.360	3.303	3.303
262	  L	  3.4	  0.3	0.360	3.303	3.303
263	  A	  0.7	  0.0	0.360	3.303	3.303
264	  F	  2.1	  0.1	0.360	3.303	3.303
265	  S	  2.1	  0.3	0.000	0.367	0.367
266	  S	  2.0	  0.3	0.000	0.000	0.000
267	  H	  1.1	  0.4	0.000	0.000	0.000
268	  K	  1.5	  0.3	0.000	0.000	0.000
269	  Y	  1.4	  0.2	0.000	0.000	0.000
270	  D	  0.8	  3.7	0.000	0.000	0.000
271	  E	  0.2	  3.7	0.000	0.000	0.000
272	  D	  0.0	  3.9	0.708	0.000	0.000
273	  E	  0.0	  4.0	0.708	0.000	0.000
274	  G	  0.0	  0.4	2.723	0.000	0.000
275	  L	  0.2	  0.4	2.723	0.000	0.000
276	  L	  2.4	  0.1	2.852	0.000	0.000
277	  T	  3.3	  0.0	2.852	0.000	0.000
278	  L	  3.8	  0.1	2.852	0.000	0.000
279	  E	  1.6	  0.1	2.690	0.000	0.000
280	  L	  0.6	  0.2	1.733	0.000	0.000
281	  G	  0.0	  2.0	1.558	0.000	0.000
282	  P	  0.0	  1.9	0.000	0.000	0.000
283	  G	  0.0	  1.9	0.000	0.000	0.000
284	  F	  4.8	  1.8	0.000	0.796	0.796
285	  S	 14.4	  0.2	0.212	0.796	0.796
286	  V	 17.8	  0.2	0.212	0.796	0.796
287	  S	 15.0	  0.2	0.212	0.796	0.796
288	  F	  6.7	  0.2	0.212	0.796	0.796
289	  K	  3.1	  0.1	0.212	0.000	0.000
290	  I	  1.9	  0.5	0.212	0.000	0.000
291	  G	  0.2	  1.0	0.212	0.000	0.000
292	  K	  0.0	  1.0	0.000	0.000	0.000
293	  G	  0.1	  1.0	0.000	0.000	0.000
294	  Y	  1.0	  0.7	0.000	0.000	0.000
295	  D	  1.0	  2.2	0.000	0.000	0.000
296	  S	  1.0	  4.1	0.000	0.000	0.000
297	  S	  0.1	  4.0	0.000	0.000	0.000
298	  N	  0.9	  4.2	0.000	0.000	0.000
299	  F	  1.7	  2.2	0.000	0.000	0.000
300	  N	  1.8	  0.9	0.000	0.000	0.000
301	  T	  1.8	  0.9	0.000	0.000	0.000
302	  N	  1.0	  1.8	0.000	0.000	0.000
303	  S	  0.8	  1.8	0.000	0.000	0.000
304	  N	  0.0	  1.2	0.000	0.000	0.000
305	  L	  0.1	  1.2	0.000	0.000	0.000
306	  G	  0.2	  0.1	0.238	0.000	0.000
307	  L	  0.2	  0.0	0.238	0.000	0.000
308	  A	  0.2	  0.0	0.238	0.000	0.000
309	  T	  0.2	  0.0	0.238	0.000	0.000
310	  E	  0.6	  0.0	0.238	0.000	0.000
311	  I	  1.6	  0.0	0.238	0.000	0.000
312	  W	  3.2	  0.0	0.238	0.000	0.000
313	  T	  2.9	  0.0	0.000	0.000	0.000
314	  S	  1.9	  0.0	0.000	0.000	0.000
315	  D	  0.1	  0.0	0.000	0.000	0.000
316	  P	  0.0	  0.0	0.000	0.000	0.000
317	  P	  0.0	  0.8	0.000	0.000	0.000
318	  P	  0.0	  1.7	0.000	0.000	0.000
319	  E	  0.0	  1.7	0.000	0.000	0.000
320	  G	  0.0	  1.7	0.000	0.000	0.000
321	  K	  0.0	  2.5	0.000	0.000	0.000
322	  P	  0.0	  1.7	0.000	0.000	0.000
323	  D	  0.0	  1.8	0.105	0.000	0.000
324	  K	  0.8	  1.8	0.105	0.000	0.000
325	  C	  1.6	  0.1	0.218	0.000	0.000
326	  V	  2.5	  0.0	0.218	0.000	0.000
327	  C	  4.4	  0.1	0.218	0.000	0.000
328	  E	  3.7	  0.1	0.218	0.000	0.000
329	  K	  2.8	  0.1	0.218	0.000	0.000
330	  M	  0.2	  2.4	0.218	0.000	0.000
331	  P	  0.1	  2.3	0.000	0.000	0.000
332	  D	  0.0	  2.3	0.000	0.000	0.000
333	  F	  0.0	  4.0	0.000	0.000	0.000
334	  P	  0.0	  1.9	0.000	0.000	0.000
335	  G	  0.0	  1.9	0.000	0.000	0.000
336	  E	  0.0	  2.0	0.000	0.000	0.000
337	  G	  0.0	  0.6	0.127	0.000	0.000
338	  P	  0.0	  0.4	0.127	0.000	0.000
339	  E	  0.1	  0.4	0.127	0.000	0.000
340	  A	  0.3	  0.5	0.127	0.000	0.000
341	  S	  1.1	  1.1	0.127	0.000	0.000
342	  S	  1.0	  1.1	0.127	0.000	0.000
343	  S	  3.9	  1.9	0.000	0.000	0.000
344	  A	  3.1	  1.9	0.000	0.000	0.000
345	  S	  4.9	  1.2	0.000	0.000	0.000
346	  T	  2.1	  1.5	0.000	0.000	0.000
347	  S	  2.0	  0.6	0.000	0.000	0.000
348	  D	  0.2	  0.6	0.000	0.000	0.000
349	  S	  0.1	  2.5	0.000	0.000	0.000
350	  P	  0.0	  2.3	0.000	0.000	0.000
351	  S	  2.0	  3.1	0.000	0.000	0.000
352	  T	  2.0	  3.3	0.000	0.000	0.000
353	  S	  2.1	  1.3	0.000	0.000	0.000
354	  G	  0.1	  1.3	0.000	0.000	0.000
355	  E	  0.1	  0.6	0.000	0.000	0.000
356	  E	  0.1	  0.4	0.000	0.000	0.000
357	  S	  0.4	  0.3	0.000	0.000	0.000
358	  S	  2.3	  0.5	0.000	0.000	0.000
359	  T	  3.5	  0.6	0.000	0.000	0.000
360	  S	  3.2	  2.9	0.000	0.000	0.000
361	  S	  1.3	  4.3	0.000	0.000	0.000
362	  D	  0.1	  6.3	0.000	0.000	0.000
363	  D	  0.0	  6.1	0.000	0.000	0.000
364	  N	  0.1	  4.8	0.000	0.000	0.000
365	  A	  0.2	  3.3	0.000	0.000	0.000
366	  S	  1.3	  1.2	0.000	0.000	0.000
367	  T	  1.4	  1.2	0.000	0.000	0.000
368	  T	  1.3	  0.4	0.000	0.000	0.000
369	  P	  0.2	  0.5	0.000	0.000	0.000
370	  T	  0.6	  0.5	0.000	0.000	0.000
371	  D	  0.6	  0.7	0.000	0.000	0.000
372	  S	  2.1	  0.8	0.152	0.000	0.000
373	  Q	  1.7	  0.8	0.152	0.000	0.000
374	  S	  2.4	  0.8	0.152	0.000	0.000
375	  T	  1.2	  0.8	0.152	0.000	0.000
376	  T	  1.1	  0.7	0.152	0.000	0.000
377	  D	  0.4	  1.2	0.152	0.000	0.000
378	  G	  0.0	  1.4	0.000	0.000	0.000
379	  S	  0.1	  3.5	0.000	0.000	0.000
380	  S	  0.1	  6.6	0.000	0.000	0.000
381	  D	  0.1	  7.4	0.000	0.000	0.000
382	  N	  0.0	  8.2	0.000	0.000	0.000
383	  G	  0.0	  5.9	0.000	0.000	0.000
384	  S	  0.7	  2.5	0.000	0.000	0.000
385	  T	  0.7	  1.2	0.000	0.000	0.000
386	  T	  0.7	  0.4	0.000	0.000	0.000
387	  G	  0.1	  0.8	0.000	0.000	0.000
388	  P	  0.0	  1.0	0.000	0.000	0.000
389	  T	  0.0	  1.2	0.000	0.000	0.000
390	  D	  0.0	  1.3	0.000	0.000	0.000
391	  G	  0.0	  2.1	0.000	0.000	0.000
392	  G	  0.0	  1.9	0.000	0.000	0.000
393	  D	  0.1	  2.0	0.000	0.000	0.000
394	  S	  0.5	  3.3	0.000	0.000	0.000
395	  T	  0.5	  2.4	0.000	0.000	0.000
396	  D	  0.5	  2.8	0.000	0.000	0.000
397	  G	  0.0	  2.7	0.000	0.000	0.000
398	  S	  0.1	  3.4	0.000	0.000	0.000
399	  S	  0.1	  6.5	0.000	0.000	0.000
400	  D	  0.1	  7.3	0.000	0.000	0.000
401	  N	  0.0	  8.1	0.000	0.000	0.000
402	  G	  0.0	  5.9	0.000	0.000	0.000
403	  S	  0.7	  2.5	0.000	0.000	0.000
404	  T	  0.7	  1.2	0.000	0.000	0.000
405	  T	  0.7	  0.4	0.000	0.000	0.000
406	  G	  0.1	  0.8	0.000	0.000	0.000
407	  P	  0.0	  1.0	0.000	0.000	0.000
408	  T	  0.0	  1.2	0.000	0.000	0.000
409	  D	  0.0	  1.3	0.000	0.000	0.000
410	  G	  0.0	  2.1	0.000	0.000	0.000
411	  G	  0.0	  1.9	0.000	0.000	0.000
412	  D	  0.1	  1.9	0.000	0.000	0.000
413	  S	  0.8	  1.7	0.000	0.000	0.000
414	  T	  0.8	  0.4	0.000	0.000	0.000
415	  T	  0.8	  0.5	0.000	0.000	0.000
416	  G	  0.1	  0.8	0.000	0.000	0.000
417	  P	  0.0	  1.0	0.000	0.000	0.000
418	  T	  0.0	  1.4	0.000	0.000	0.000
419	  D	  0.0	  1.7	0.000	0.000	0.000
420	  G	  0.0	  1.6	0.000	0.000	0.000
421	  S	  0.1	  1.8	0.000	0.000	0.000
422	  D	  0.1	  1.5	0.000	0.000	0.000
423	  S	  0.8	  1.1	0.000	0.000	0.000
424	  T	  0.8	  0.7	0.000	0.000	0.000
425	  T	  0.8	  0.5	0.000	0.000	0.000
426	  G	  0.1	  0.8	0.000	0.000	0.000
427	  P	  0.0	  0.8	0.000	0.000	0.000
428	  T	  0.0	  1.0	0.000	0.000	0.000
429	  D	  0.0	  0.9	0.000	0.000	0.000
430	  D	  0.1	  0.6	0.237	0.000	0.000
431	  A	  0.2	  0.5	0.237	0.000	0.000
432	  T	  1.9	  0.4	0.237	0.000	0.000
433	  T	  1.9	  0.3	0.237	0.000	0.000
434	  T	  1.8	  0.3	0.237	0.000	0.000
435	  G	  0.1	  0.7	0.237	0.000	0.000
436	  P	  0.0	  1.0	0.000	0.000	0.000
437	  T	  0.0	  1.2	0.000	0.000	0.000
438	  D	  0.0	  1.3	0.000	0.000	0.000
439	  G	  0.0	  2.1	0.000	0.000	0.000
440	  G	  0.0	  1.9	0.000	0.000	0.000
441	  D	  0.1	  1.9	0.000	0.000	0.000
442	  S	  0.8	  1.7	0.000	0.000	0.000
443	  T	  0.8	  0.4	0.000	0.000	0.000
444	  T	  0.8	  0.5	0.000	0.000	0.000
445	  G	  0.1	  0.8	0.000	0.000	0.000
446	  P	  0.0	  1.0	0.000	0.000	0.000
447	  T	  0.0	  1.4	0.000	0.000	0.000
448	  D	  0.0	  1.7	0.000	0.000	0.000
449	  G	  0.0	  1.6	0.000	0.000	0.000
450	  S	  0.1	  1.8	0.000	0.000	0.000
451	  D	  0.1	  1.5	0.000	0.000	0.000
452	  S	  0.8	  1.1	0.000	0.000	0.000
453	  T	  0.8	  0.7	0.000	0.000	0.000
454	  T	  0.8	  0.5	0.000	0.000	0.000
455	  G	  0.1	  0.8	0.000	0.000	0.000
456	  P	  0.0	  1.0	0.000	0.000	0.000
457	  T	  0.0	  1.2	0.000	0.000	0.000
458	  D	  0.0	  1.3	0.000	0.000	0.000
459	  G	  0.0	  2.1	0.000	0.000	0.000
460	  G	  0.0	  1.9	0.000	0.000	0.000
461	  D	  0.1	  1.9	0.000	0.000	0.000
462	  S	  0.8	  1.7	0.000	0.000	0.000
463	  T	  0.8	  0.4	0.000	0.000	0.000
464	  T	  0.8	  0.5	0.000	0.000	0.000
465	  G	  0.1	  0.8	0.000	0.000	0.000
466	  P	  0.0	  1.0	0.000	0.000	0.000
467	  T	  0.0	  1.2	0.000	0.000	0.000
468	  D	  0.0	  1.3	0.000	0.000	0.000
469	  G	  0.0	  2.1	0.000	0.000	0.000
470	  G	  0.0	  1.8	0.000	0.000	0.000
471	  D	  0.1	  1.9	0.000	0.000	0.000
472	  S	  2.0	  2.3	0.000	0.000	0.000
473	  T	  2.1	  1.4	0.000	0.000	0.000
474	  S	  2.2	  3.4	0.000	0.000	0.000
475	  G	  0.3	  3.3	0.000	0.000	0.000
476	  S	  0.7	  3.2	0.000	0.000	0.000
477	  T	  0.6	  3.4	0.000	0.000	0.000
478	  D	  0.5	  2.4	0.000	0.000	0.000
479	  N	  0.1	  2.3	0.000	0.000	0.000
480	  G	  0.0	  1.6	0.000	0.000	0.000
481	  L	  0.3	  1.1	0.000	0.000	0.000
482	  S	  0.6	  0.3	0.000	0.000	0.000
483	  S	  0.7	  0.2	0.000	0.000	0.000
484	  T	  1.6	  0.4	0.000	0.000	0.000
485	  A	  1.3	  0.4	0.000	0.000	0.000
486	  T	  1.3	  0.9	0.000	0.000	0.000
487	  D	  0.1	  1.9	0.000	0.000	0.000
488	  D	  0.0	  2.7	0.000	0.000	0.000
489	  G	  0.0	  3.0	0.000	0.000	0.000
490	  S	  0.3	  4.5	0.000	0.000	0.000
491	  G	  0.3	  3.5	0.000	0.000	0.000
492	  S	  0.4	  2.7	0.000	0.000	0.000
493	  T	  1.3	  2.4	0.000	0.000	0.000
494	  A	  1.3	  0.5	0.000	0.000	0.000
495	  T	  1.2	  0.7	0.000	0.000	0.000
496	  D	  0.1	  0.9	0.000	0.000	0.000
497	  G	  0.0	  0.9	0.000	0.000	0.000
498	  E	  0.1	  0.7	0.000	0.000	0.000
499	  T	  1.4	  0.5	0.000	0.000	0.000
500	  S	  1.7	  0.3	0.000	0.000	0.000
501	  S	  2.3	  0.2	0.000	0.000	0.000
502	  T	  3.7	  0.3	0.000	0.000	0.000
503	  T	  3.5	  0.6	0.000	0.000	0.000
504	  S	  2.8	  1.7	0.000	0.000	0.000
505	  D	  0.1	  2.6	0.000	0.000	0.000
506	  D	  0.1	  3.8	0.000	0.000	0.000
507	  S	  0.3	  3.5	0.000	0.000	0.000
508	  S	  1.0	  2.3	0.000	0.000	0.000
509	  T	  3.7	  1.3	0.000	0.000	0.000
510	  T	  3.5	  0.1	0.000	0.000	0.000
511	  T	  2.9	  1.2	0.000	0.000	0.000
512	  P	  0.2	  1.2	0.000	0.000	0.000
513	  G	  0.0	  2.8	0.000	0.000	0.000
514	  G	  0.0	  3.5	0.000	0.000	0.000
515	  D	  0.0	  2.4	0.000	0.000	0.000
516	  N	  0.0	  2.4	0.000	0.000	0.000
517	  G	  0.0	  2.9	0.000	0.000	0.000
518	  P	  0.0	  3.3	0.000	0.000	0.000
519	  G	  0.0	  3.4	0.000	0.000	0.000
520	  D	  0.0	  4.0	0.000	0.000	0.000
521	  H	  0.1	  3.2	0.000	0.000	0.000
522	  G	  0.1	  2.5	0.000	0.000	0.000
523	  S	  0.1	  6.0	0.000	0.000	0.000
524	  G	  0.0	  6.0	0.000	0.000	0.000
525	  D	  0.0	  6.0	0.000	0.000	0.000
526	  N	  0.0	  6.5	0.000	0.000	0.000
527	  G	  0.0	  3.1	0.000	0.000	0.000
528	  S	  0.0	  6.0	0.000	0.000	0.000
529	  G	  0.0	  5.4	0.000	0.000	0.000
530	  D	  0.0	  5.9	0.000	0.000	0.000
531	  N	  0.0	  6.4	0.000	0.000	0.000
532	  G	  0.0	  3.1	0.000	0.000	0.000
533	  S	  0.0	  6.0	0.000	0.000	0.000
534	  G	  0.0	  5.4	0.000	0.000	0.000
535	  D	  0.0	  5.9	0.000	0.000	0.000
536	  N	  0.0	  6.4	0.000	0.000	0.000
537	  G	  0.0	  3.1	0.000	0.000	0.000
538	  S	  0.0	  6.0	0.000	0.000	0.000
539	  G	  0.0	  5.4	0.000	0.000	0.000
540	  D	  0.0	  5.9	0.000	0.000	0.000
541	  N	  0.0	  6.4	0.000	0.000	0.000
542	  G	  0.0	  3.1	0.000	0.000	0.000
543	  S	  0.0	  6.2	0.000	0.000	0.000
544	  G	  0.0	  5.5	0.000	0.000	0.000
545	  D	  0.0	  5.5	0.000	0.000	0.000
546	  N	  0.0	  5.4	0.000	0.000	0.000
547	  G	  0.0	  2.4	0.000	0.000	0.000
548	  G	  0.0	  2.0	0.000	0.000	0.000
549	  S	  0.0	  5.1	0.000	0.000	0.000
550	  G	  0.0	  5.6	0.000	0.000	0.000
551	  D	  0.0	  5.7	0.000	0.000	0.000
552	  N	  0.0	  5.6	0.000	0.000	0.000
553	  G	  0.0	  2.4	0.000	0.000	0.000
554	  G	  0.0	  2.0	0.000	0.000	0.000
555	  S	  0.0	  5.1	0.000	0.000	0.000
556	  G	  0.0	  5.6	0.000	0.000	0.000
557	  D	  0.0	  5.7	0.000	0.000	0.000
558	  N	  0.0	  5.6	0.000	0.000	0.000
559	  G	  0.0	  2.4	0.000	0.000	0.000
560	  G	  0.0	  2.0	0.000	0.000	0.000
561	  S	  0.0	  4.9	0.000	0.000	0.000
562	  G	  0.0	  5.4	0.000	0.000	0.000
563	  D	  0.0	  6.0	0.000	0.000	0.000
564	  N	  0.0	  6.6	0.000	0.000	0.000
565	  G	  0.0	  3.2	0.000	0.000	0.000
566	  S	  0.0	  6.2	0.000	0.000	0.000
567	  G	  0.0	  5.5	0.000	0.000	0.000
568	  D	  0.0	  5.5	0.000	0.000	0.000
569	  N	  0.0	  5.4	0.000	0.000	0.000
570	  G	  0.0	  2.4	0.000	0.000	0.000
571	  G	  0.0	  2.0	0.000	0.000	0.000
572	  S	  0.0	  4.9	0.000	0.000	0.000
573	  G	  0.0	  5.4	0.000	0.000	0.000
574	  D	  0.0	  6.1	0.000	0.000	0.000
575	  N	  0.0	  6.6	0.000	0.000	0.000
576	  G	  0.0	  3.0	0.000	0.000	0.000
577	  S	  0.1	  6.0	0.000	0.000	0.000
578	  G	  0.1	  4.9	0.000	0.000	0.000
579	  N	  0.0	  4.3	0.000	0.000	0.000
580	  N	  0.0	  4.3	0.000	0.000	0.000
581	  G	  0.0	  1.4	0.000	0.000	0.000
582	  G	  0.0	  1.3	0.000	0.000	0.000
583	  S	  0.1	  4.7	0.000	0.000	0.000
584	  G	  0.1	  4.8	0.000	0.000	0.000
585	  N	  0.0	  4.5	0.000	0.000	0.000
586	  N	  0.0	  5.2	0.000	0.000	0.000
587	  G	  0.0	  1.8	0.000	0.000	0.000
588	  S	  0.1	  5.1	0.000	0.000	0.000
589	  G	  0.1	  4.9	0.000	0.000	0.000
590	  N	  0.0	  4.3	0.000	0.000	0.000
591	  N	  0.0	  4.3	0.000	0.000	0.000
592	  G	  0.0	  1.4	0.000	0.000	0.000
593	  G	  0.0	  1.4	0.000	0.000	0.000
594	  S	  0.0	  5.0	0.000	0.000	0.000
595	  G	  0.0	  5.5	0.000	0.000	0.000
596	  D	  0.0	  6.1	0.000	0.000	0.000
597	  N	  0.0	  6.7	0.000	0.000	0.000
598	  G	  0.0	  3.0	0.000	0.000	0.000
599	  S	  0.1	  5.8	0.000	0.000	0.000
600	  G	  0.1	  4.7	0.000	0.000	0.000
601	  N	  0.0	  4.3	0.000	0.000	0.000
602	  N	  0.0	  5.0	0.000	0.000	0.000
603	  G	  0.0	  1.9	0.000	0.000	0.000
604	  S	  0.0	  5.2	0.000	0.000	0.000
605	  G	  0.0	  5.5	0.000	0.000	0.000
606	  D	  0.0	  5.9	0.000	0.000	0.000
607	  N	  0.0	  6.5	0.000	0.000	0.000
608	  G	  0.0	  3.1	0.000	0.000	0.000
609	  S	  0.0	  6.1	0.000	0.000	0.000
610	  G	  0.0	  5.4	0.000	0.000	0.000
611	  D	  0.0	  5.9	0.000	0.000	0.000
612	  N	  0.0	  6.4	0.000	0.000	0.000
613	  G	  0.0	  3.0	0.000	0.000	0.000
614	  S	  0.1	  5.8	0.000	0.000	0.000
615	  G	  0.1	  4.7	0.000	0.000	0.000
616	  N	  0.0	  4.3	0.000	0.000	0.000
617	  N	  0.0	  5.0	0.000	0.000	0.000
618	  G	  0.0	  1.9	0.000	0.000	0.000
619	  S	  0.0	  5.3	0.000	0.000	0.000
620	  G	  0.0	  5.5	0.000	0.000	0.000
621	  D	  0.0	  6.0	0.000	0.000	0.000
622	  N	  0.0	  6.5	0.000	0.000	0.000
623	  G	  0.0	  3.0	0.000	0.000	0.000
624	  S	  0.1	  5.8	0.000	0.000	0.000
625	  G	  0.1	  4.7	0.000	0.000	0.000
626	  N	  0.0	  4.3	0.000	0.000	0.000
627	  N	  0.0	  5.0	0.000	0.000	0.000
628	  G	  0.0	  1.9	0.000	0.000	0.000
629	  S	  0.0	  5.3	0.000	0.000	0.000
630	  G	  0.0	  5.5	0.000	0.000	0.000
631	  D	  0.0	  6.0	0.000	0.000	0.000
632	  N	  0.0	  6.5	0.000	0.000	0.000
633	  G	  0.0	  3.0	0.000	0.000	0.000
634	  S	  0.1	  5.8	0.000	0.000	0.000
635	  G	  0.1	  4.7	0.000	0.000	0.000
636	  N	  0.0	  4.3	0.000	0.000	0.000
637	  N	  0.0	  5.0	0.000	0.000	0.000
638	  G	  0.0	  1.7	0.000	0.000	0.000
639	  S	  0.1	  5.0	0.000	0.000	0.000
640	  G	  0.1	  4.8	0.000	0.000	0.000
641	  N	  0.0	  4.4	0.000	0.000	0.000
642	  N	  0.0	  5.1	0.000	0.000	0.000
643	  G	  0.0	  1.9	0.000	0.000	0.000
644	  S	  0.0	  5.2	0.000	0.000	0.000
645	  G	  0.0	  5.4	0.000	0.000	0.000
646	  D	  0.0	  6.0	0.000	0.000	0.000
647	  N	  0.0	  6.5	0.000	0.000	0.000
648	  G	  0.0	  3.0	0.000	0.000	0.000
649	  S	  0.1	  6.3	0.000	0.000	0.000
650	  G	  0.0	  5.1	0.000	0.000	0.000
651	  N	  0.0	  4.4	0.000	0.000	0.000
652	  G	  0.0	  5.0	0.000	0.000	0.000
653	  G	  0.0	  1.2	0.000	0.000	0.000
654	  S	  0.1	  4.5	0.000	0.000	0.000
655	  G	  0.1	  4.6	0.000	0.000	0.000
656	  N	  0.0	  4.4	0.000	0.000	0.000
657	  N	  0.0	  5.1	0.000	0.000	0.000
658	  G	  0.0	  1.7	0.000	0.000	0.000
659	  S	  0.1	  5.5	0.000	0.000	0.000
660	  G	  0.0	  5.2	0.000	0.000	0.000
661	  N	  0.0	  4.5	0.000	0.000	0.000
662	  G	  0.0	  5.1	0.000	0.000	0.000
663	  G	  0.0	  1.2	0.000	0.000	0.000
664	  S	  0.1	  4.5	0.000	0.000	0.000
665	  G	  0.1	  4.6	0.000	0.000	0.000
666	  N	  0.0	  4.4	0.000	0.000	0.000
667	  N	  0.0	  5.1	0.000	0.000	0.000
668	  G	  0.0	  1.7	0.000	0.000	0.000
669	  S	  0.1	  5.5	0.000	0.000	0.000
670	  G	  0.0	  5.2	0.000	0.000	0.000
671	  N	  0.0	  4.5	0.000	0.000	0.000
672	  G	  0.0	  5.0	0.000	0.000	0.000
673	  G	  0.0	  1.4	0.000	0.000	0.000
674	  S	  0.0	  4.8	0.000	0.000	0.000
675	  G	  0.0	  5.4	0.000	0.000	0.000
676	  D	  0.0	  6.0	0.000	0.000	0.000
677	  N	  0.0	  6.5	0.000	0.000	0.000
678	  G	  0.0	  3.0	0.000	0.000	0.000
679	  S	  0.1	  6.0	0.000	0.000	0.000
680	  G	  0.1	  4.9	0.000	0.000	0.000
681	  N	  0.0	  4.3	0.000	0.000	0.000
682	  N	  0.0	  4.3	0.000	0.000	0.000
683	  G	  0.0	  1.4	0.000	0.000	0.000
684	  G	  0.0	  1.3	0.000	0.000	0.000
685	  S	  0.1	  4.8	0.000	0.000	0.000
686	  G	  0.1	  5.0	0.000	0.000	0.000
687	  N	  0.0	  4.5	0.000	0.000	0.000
688	  N	  0.0	  4.4	0.000	0.000	0.000
689	  G	  0.0	  1.4	0.000	0.000	0.000
690	  G	  0.0	  1.5	0.000	0.000	0.000
691	  S	  0.0	  5.0	0.000	0.000	0.000
692	  G	  0.0	  5.5	0.000	0.000	0.000
693	  D	  0.0	  6.1	0.000	0.000	0.000
694	  N	  0.0	  6.7	0.000	0.000	0.000
695	  G	  0.0	  3.0	0.000	0.000	0.000
696	  S	  0.1	  5.9	0.000	0.000	0.000
697	  G	  0.1	  4.8	0.000	0.000	0.000
698	  N	  0.0	  4.3	0.000	0.000	0.000
699	  N	  0.0	  4.2	0.000	0.000	0.000
700	  G	  0.0	  1.4	0.000	0.000	0.000
701	  G	  0.0	  1.4	0.000	0.000	0.000
702	  S	  0.0	  5.0	0.000	0.000	0.000
703	  G	  0.0	  5.5	0.000	0.000	0.000
704	  D	  0.0	  6.1	0.000	0.000	0.000
705	  N	  0.0	  6.7	0.000	0.000	0.000
706	  G	  0.0	  3.0	0.000	0.000	0.000
707	  S	  0.1	  5.8	0.000	0.000	0.000
708	  G	  0.1	  4.7	0.000	0.000	0.000
709	  N	  0.0	  4.3	0.000	0.000	0.000
710	  N	  0.0	  5.0	0.000	0.000	0.000
711	  G	  0.0	  1.9	0.000	0.000	0.000
712	  S	  0.0	  5.3	0.000	0.000	0.000
713	  G	  0.0	  5.5	0.000	0.000	0.000
714	  D	  0.0	  6.0	0.000	0.000	0.000
715	  N	  0.0	  6.5	0.000	0.000	0.000
716	  G	  0.0	  3.0	0.000	0.000	0.000
717	  S	  0.1	  5.8	0.000	0.000	0.000
718	  G	  0.0	  4.6	0.000	0.000	0.000
719	  N	  0.1	  5.8	0.000	0.000	0.000
720	  N	  0.0	  6.3	0.000	0.000	0.000
721	  D	  0.0	  3.6	0.000	0.000	0.000
722	  G	  0.0	  3.9	0.000	0.000	0.000
723	  S	  0.0	  5.5	0.000	0.000	0.000
724	  G	  0.0	  5.4	0.000	0.000	0.000
725	  D	  0.0	  6.0	0.000	0.000	0.000
726	  N	  0.0	  6.5	0.000	0.000	0.000
727	  G	  0.0	  3.0	0.000	0.000	0.000
728	  S	  0.1	  6.3	0.000	0.000	0.000
729	  G	  0.0	  5.1	0.000	0.000	0.000
730	  N	  0.0	  4.4	0.000	0.000	0.000
731	  G	  0.0	  5.0	0.000	0.000	0.000
732	  G	  0.0	  1.4	0.000	0.000	0.000
733	  S	  0.0	  4.8	0.000	0.000	0.000
734	  G	  0.0	  5.4	0.000	0.000	0.000
735	  D	  0.0	  6.0	0.000	0.000	0.000
736	  N	  0.0	  6.5	0.000	0.000	0.000
737	  G	  0.0	  3.0	0.000	0.000	0.000
738	  S	  0.1	  6.0	0.000	0.000	0.000
739	  G	  0.1	  4.9	0.000	0.000	0.000
740	  N	  0.0	  4.3	0.000	0.000	0.000
741	  N	  0.0	  4.3	0.000	0.000	0.000
742	  G	  0.0	  0.9	0.000	0.000	0.000
743	  G	  0.0	  0.8	0.000	0.000	0.000
744	  S	  0.0	  3.2	0.000	0.000	0.000
745	  E	  0.1	  3.3	0.000	0.000	0.000
746	  D	  0.1	  4.4	0.000	0.000	0.000
747	  N	  0.0	  5.2	0.000	0.000	0.000
748	  G	  0.0	  2.7	0.000	0.000	0.000
749	  S	  0.1	  6.5	0.000	0.000	0.000
750	  G	  0.0	  5.4	0.000	0.000	0.000
751	  N	  0.0	  5.1	0.000	0.000	0.000
752	  G	  0.0	  6.1	0.000	0.000	0.000
753	  S	  0.0	  2.4	0.000	0.000	0.000
754	  D	  0.0	  2.3	0.000	0.000	0.000
755	  G	  0.0	  2.4	0.000	0.000	0.000
756	  A	  0.1	  1.4	0.000	0.000	0.000
757	  S	  0.1	  5.2	0.000	0.000	0.000
758	  G	  0.1	  5.5	0.000	0.000	0.000
759	  N	  0.0	  5.0	0.000	0.000	0.000
760	  G	  0.0	  5.4	0.000	0.000	0.000
761	  A	  0.0	  1.4	0.000	0.000	0.000
762	  D	  0.0	  1.8	0.000	0.000	0.000
763	  S	  0.1	  2.0	0.000	0.000	0.000
764	  G	  0.0	  1.9	0.000	0.000	0.000
765	  H	  0.1	  3.0	0.000	0.000	0.000
766	  G	  0.1	  2.2	0.000	0.000	0.000
767	  S	  0.1	  5.9	0.000	0.000	0.000
768	  G	  0.0	  5.9	0.000	0.000	0.000
769	  N	  0.0	  5.3	0.000	0.000	0.000
770	  G	  0.0	  5.3	0.000	0.000	0.000
771	  S	  0.1	  5.3	0.000	0.000	0.000
772	  G	  0.0	  5.3	0.000	0.000	0.000
773	  N	  0.0	  5.3	0.000	0.000	0.000
774	  G	  0.0	  5.6	0.000	0.000	0.000
775	  S	  0.2	  2.6	0.000	0.000	0.000
776	  G	  0.2	  2.6	0.000	0.000	0.000
777	  S	  0.3	  2.5	0.000	0.000	0.000
778	  D	  0.1	  6.3	0.000	0.000	0.000
779	  S	  0.1	  8.6	0.000	0.000	0.000
780	  D	  0.0	  8.2	0.000	0.000	0.000
781	  N	  0.0	  7.7	0.000	0.000	0.000
782	  G	  0.0	  6.0	0.000	0.000	0.000
783	  P	  0.0	  3.3	0.000	0.000	0.000
784	  G	  0.0	  3.7	0.000	0.000	0.000
785	  S	  0.2	  5.4	0.000	0.000	0.000
786	  G	  0.3	  3.2	0.000	0.000	0.000
787	  S	  0.5	  4.4	0.000	0.000	0.000
788	  G	  0.2	  4.4	0.000	0.000	0.000
789	  S	  0.5	  4.3	0.000	0.000	0.000
790	  G	  0.2	  4.2	0.000	0.000	0.000
791	  S	  0.3	  6.8	0.000	0.000	0.000
792	  G	  0.0	  6.9	0.000	0.000	0.000
793	  D	  0.0	  5.9	0.000	0.000	0.000
794	  G	  0.0	  5.8	0.000	0.000	0.000
795	  S	  0.0	  1.7	0.000	0.000	0.000
796	  G	  0.0	  2.0	0.000	0.000	0.000
797	  G	  0.0	  1.3	0.000	0.000	0.000
798	  S	  0.1	  5.3	0.000	0.000	0.000
799	  G	  0.0	  5.6	0.000	0.000	0.000
800	  N	  0.0	  5.1	0.000	0.000	0.000
801	  G	  0.0	  5.5	0.000	0.000	0.000
802	  A	  0.0	  3.5	0.000	0.000	0.000
803	  G	  0.0	  3.2	0.000	0.000	0.000
804	  D	  0.0	  3.3	0.000	0.000	0.000
805	  T	  0.2	  3.9	0.000	0.000	0.000
806	  G	  0.1	  2.1	0.000	0.000	0.000
807	  S	  0.4	  3.0	0.000	0.000	0.000
808	  G	  0.2	  2.9	0.000	0.000	0.000
809	  S	  0.3	  3.6	0.000	0.000	0.000
810	  D	  0.1	  4.1	0.000	0.000	0.000
811	  S	  0.3	  4.9	0.000	0.000	0.000
812	  G	  0.2	  4.9	0.000	0.000	0.000
813	  S	  0.5	  5.0	0.000	0.000	0.000
814	  G	  0.2	  4.5	0.000	0.000	0.000
815	  S	  0.5	  3.7	0.000	0.000	0.000
816	  G	  0.3	  3.7	0.000	0.000	0.000
817	  S	  0.3	  3.7	0.000	0.000	0.000
818	  D	  0.1	  4.0	0.000	0.000	0.000
819	  S	  0.1	  3.3	0.000	0.000	0.000
820	  G	  0.0	  3.2	0.000	0.000	0.000
821	  A	  0.2	  1.5	0.000	0.000	0.000
822	  S	  1.7	  0.8	0.000	0.000	0.000
823	  S	  1.7	  0.3	0.000	0.000	0.000
824	  S	  1.6	  2.6	0.142	0.000	0.000
825	  P	  0.0	  2.5	0.142	0.000	0.000
826	  G	  0.0	  2.5	0.142	0.000	0.000
827	  A	  0.2	  2.5	0.142	0.537	0.537
828	  I	  1.4	  0.2	0.142	0.537	0.537
829	  A	  1.4	  0.1	0.142	0.537	0.537
830	  G	  1.2	  0.1	0.142	0.537	0.537
831	  V	  0.9	  0.2	0.000	0.537	0.537
832	  S	  1.5	  0.1	0.000	0.000	0.000
833	  T	  8.8	  0.3	0.000	0.000	0.000
834	  Y	  8.3	  0.6	0.000	0.000	0.000
835	  D	  7.7	  1.4	0.000	0.000	0.000
836	  G	  0.4	  1.6	0.210	0.000	0.000
837	  S	  0.1	  1.6	0.210	0.000	0.000
838	  G	  0.1	  1.3	0.210	0.000	0.000
839	  T	  0.6	  0.8	0.210	0.000	0.000
840	  K	  0.7	  0.6	0.210	0.000	0.000
841	  N	  0.8	  0.3	0.210	0.000	0.000
842	  F	  0.6	  0.8	0.210	0.000	0.000
843	  A	  0.6	  0.5	0.000	0.000	0.000
844	  G	  0.5	  0.5	0.000	0.000	0.000
845	  L	  0.1	  0.5	0.000	0.000	0.000
846	  P	  0.0	  0.0	0.000	0.603	0.603
847	  M	  1.6	  0.0	0.000	48.989	48.989
848	  I	  2.5	  0.0	0.000	88.101	88.101
849	  M	  2.9	  0.0	0.000	91.142	91.142
850	  A	  2.0	  0.0	0.000	93.372	93.372
851	  V	  5.4	  0.0	0.000	95.977	95.977
852	  V	  5.5	  0.0	0.000	95.742	95.742
853	  A	  4.9	  0.1	0.000	86.465	86.465
854	  G	  0.7	  0.1	0.000	78.288	78.288
855	  I	  0.9	  0.1	0.000	77.529	77.529
856	  L	  1.1	  0.1	0.000	68.497	68.497
857	  A	  1.1	  0.0	0.000	46.499	46.499
858	  L	  0.3	  0.0	0.000	0.000	0.000
