res	aa	Beta	Turn	Helix	Aggregation	Conc-Stab_Aggregation
01	  M	  0.1	  0.2	0.000	0.000	0.000
02	  D	  0.1	  0.7	0.000	0.000	0.000
03	  G	  0.1	  0.8	0.000	0.000	0.000
04	  D	  0.3	  0.8	0.000	0.000	0.000
05	  L	  0.7	  0.5	0.000	0.000	0.000
06	  F	  6.0	  0.0	0.000	0.000	0.000
07	  N	  5.7	  0.3	0.000	0.000	0.000
08	  V	  5.4	  0.6	0.000	0.000	0.000
09	  G	  0.1	  1.0	0.000	0.000	0.000
10	  E	  0.1	  1.1	0.000	0.000	0.000
11	  N	  0.0	  0.9	0.000	0.000	0.000
12	  D	  0.0	  2.5	0.000	0.000	0.000
13	  E	  0.0	  2.0	0.000	0.000	0.000
14	  D	  0.0	  2.0	0.000	0.000	0.000
15	  M	  0.4	  2.2	0.000	0.000	0.000
16	  L	  0.5	  0.5	0.000	0.000	0.000
17	  D	  0.5	  1.2	0.000	0.000	0.000
18	  G	  0.1	  1.3	0.000	0.000	0.000
19	  D	  0.0	  6.0	0.000	0.000	0.000
20	  E	  0.0	  5.9	0.000	0.000	0.000
21	  D	  0.0	  6.1	0.000	0.000	0.000
22	  N	  0.0	  6.4	0.000	0.000	0.000
23	  D	  0.5	  1.8	0.000	0.000	0.000
24	  S	  1.2	  1.9	0.000	0.000	0.000
25	  Y	  1.3	  1.0	0.000	0.000	0.000
26	  G	  0.9	  0.8	0.000	0.000	0.000
27	  M	  2.6	  0.3	0.000	0.000	0.000
28	  D	  3.1	  0.7	0.000	0.000	0.000
29	  V	  3.2	  0.7	0.000	0.000	0.000
30	  D	  0.8	  5.5	0.185	0.000	0.000
31	  E	  0.2	  5.6	0.185	0.000	0.000
32	  D	  0.0	  5.1	0.185	0.000	0.000
33	  N	  0.1	  6.9	0.185	0.000	0.000
34	  Q	  0.1	  2.0	0.185	0.000	0.000
35	  N	  0.1	  2.0	0.185	0.000	0.000
36	  D	  0.0	  5.1	0.000	0.000	0.000
37	  E	  0.0	  3.3	0.000	0.000	0.000
38	  D	  0.0	 14.7	0.000	0.000	0.000
39	  E	  0.0	 14.7	0.000	0.000	0.000
40	  D	  0.0	 11.9	0.000	0.000	0.000
41	  G	  0.0	 13.2	0.000	0.000	0.000
42	  G	  0.0	  2.0	0.000	0.000	0.000
43	  D	  0.0	  2.8	0.000	0.000	0.000
44	  N	  0.0	  3.3	0.000	0.000	0.000
45	  N	  0.0	  3.8	0.000	0.000	0.000
46	  D	  0.0	  4.6	0.000	0.000	0.000
47	  N	  0.0	  5.6	0.000	0.000	0.000
48	  D	  0.0	  5.9	0.000	0.000	0.000
49	  N	  0.0	  5.9	0.000	0.000	0.000
50	  D	  0.0	  6.0	0.000	0.000	0.000
51	  N	  0.0	  5.4	0.000	0.000	0.000
52	  D	  0.0	  4.3	0.000	0.000	0.000
53	  N	  0.0	  2.9	0.000	0.000	0.000
54	  E	  0.0	  1.9	0.000	0.000	0.000
55	  Q	  0.0	  1.0	0.000	0.000	0.000
56	  G	  0.0	  1.0	0.000	0.000	0.000
57	  N	  0.0	  4.1	0.000	0.000	0.000
58	  E	  0.0	  4.2	0.000	0.000	0.000
59	  D	  0.0	  6.4	0.000	0.000	0.000
60	  D	  0.0	  9.0	0.000	0.000	0.000
61	  D	  0.0	  7.1	0.000	0.000	0.000
62	  D	  0.0	  7.1	0.000	0.000	0.000
63	  D	  0.0	 15.8	0.000	0.000	0.000
64	  E	  0.0	 13.3	0.000	0.000	0.000
65	  D	  0.0	 12.5	0.000	0.000	0.000
66	  G	  0.0	 12.5	0.000	0.000	0.000
67	  G	  0.0	  1.6	0.000	0.000	0.000
68	  E	  0.0	  1.6	0.000	0.000	0.000
69	  D	  0.0	  8.1	0.000	0.000	0.000
70	  D	  0.0	  8.7	0.000	0.000	0.000
71	  D	  0.0	  8.5	0.000	0.000	0.000
72	  G	  0.0	  8.9	0.000	0.000	0.000
73	  E	  0.0	  1.8	0.000	0.000	0.000
74	  G	  0.0	  2.3	0.000	0.000	0.000
75	  E	  0.0	  2.2	0.000	0.000	0.000
76	  D	  0.0	  2.8	0.000	0.000	0.000
77	  G	  0.0	  2.8	0.000	0.000	0.000
78	  D	  0.0	  1.7	0.000	0.000	0.000
79	  D	  0.0	  7.1	0.000	0.000	0.000
80	  A	  0.0	  6.0	0.000	0.000	0.000
81	  D	  0.0	  5.8	0.928	0.000	0.000
82	  D	  0.0	  5.9	3.691	0.000	0.000
83	  E	  0.8	  0.3	3.812	0.000	0.000
84	  Y	  2.6	  0.4	3.937	0.000	0.000
85	  E	  2.5	  1.0	3.937	0.000	0.000
86	  K	  1.8	  1.1	3.937	0.000	0.000
87	  G	  0.0	  1.4	3.801	0.000	0.000
88	  R	  0.1	  1.3	2.771	0.000	0.000
89	  N	  0.1	  0.7	1.921	0.000	0.000
90	  D	  0.1	  0.7	0.277	0.000	0.000
91	  E	  0.0	  0.4	0.277	0.000	0.000
92	  E	  0.1	  0.5	0.176	0.000	0.000
93	  A	  0.1	  0.5	0.176	0.000	0.000
94	  D	  0.1	  6.9	0.176	0.000	0.000
95	  A	  0.1	  7.2	0.176	0.000	0.000
96	  S	  0.1	  7.1	0.176	0.000	0.000
97	  G	  0.1	  7.1	0.000	0.000	0.000
98	  Q	  0.1	  0.9	0.000	0.000	0.000
99	  A	  0.1	  0.6	0.000	0.000	0.000
100	  G	  0.0	  0.6	0.000	0.000	0.000
101	  S	  3.8	  0.5	0.869	0.000	0.000
102	  V	  4.4	  0.1	0.869	0.000	0.000
103	  E	  4.5	  0.1	0.869	0.000	0.000
104	  E	  1.1	  0.1	0.869	0.000	0.000
105	  K	  0.7	  0.1	0.869	0.000	0.000
106	  K	  0.9	  0.1	0.869	0.000	0.000
107	  T	  0.6	  0.4	0.314	0.000	0.000
108	  E	  0.4	  0.4	0.314	0.000	0.000
109	  N	  0.1	  2.0	1.118	0.000	0.000
110	  R	  0.0	  2.1	0.929	0.000	0.000
111	  D	  0.0	  1.8	3.195	0.000	0.000
112	  E	  0.0	  1.8	3.299	0.000	0.000
113	  A	  0.1	  0.3	3.299	0.000	0.000
114	  E	  0.5	  0.2	3.299	0.000	0.000
115	  S	  0.9	  0.3	3.304	0.000	0.000
116	  K	  0.9	  1.0	3.178	0.000	0.000
117	  E	  0.5	  3.1	2.476	0.000	0.000
118	  N	  0.1	  3.2	2.091	0.000	0.000
119	  G	  0.0	  3.2	0.980	0.000	0.000
120	  E	  0.3	  2.6	0.490	0.000	0.000
121	  R	  0.4	  0.7	0.120	0.000	0.000
122	  S	  0.6	  1.8	0.000	0.000	0.000
123	  G	  0.4	  1.9	0.000	0.000	0.000
124	  S	  0.6	  1.8	0.000	0.000	0.000
125	  S	  0.5	  1.5	0.000	0.000	0.000
126	  T	  0.6	  0.3	0.000	0.000	0.000
127	  E	  0.4	  0.1	0.000	0.000	0.000
128	  I	  0.2	  1.4	0.000	0.000	0.000
129	  G	  0.1	  1.4	0.118	0.000	0.000
130	  D	  0.0	  1.4	0.262	0.000	0.000
131	  A	  0.1	  1.9	0.262	0.000	0.000
132	  A	  0.2	  0.9	0.262	0.000	0.000
133	  S	  0.4	  2.8	0.262	0.000	0.000
134	  G	  0.3	  3.0	0.262	0.000	0.000
135	  S	  0.3	  2.5	0.144	0.000	0.000
136	  G	  0.1	  2.2	0.000	0.000	0.000
137	  V	  0.7	  0.3	0.000	0.000	0.000
138	  Q	  0.8	  0.2	0.000	0.000	0.000
139	  K	  1.0	  0.2	0.000	0.000	0.000
140	  D	  0.5	  0.7	0.000	0.000	0.000
141	  T	  1.7	  0.8	0.000	0.000	0.000
142	  S	  1.5	  0.7	0.000	0.000	0.000
143	  S	  1.6	  1.6	0.000	0.000	0.000
144	  E	  0.3	  1.2	0.000	0.000	0.000
145	  S	  0.5	  1.2	0.000	0.000	0.000
146	  S	  0.5	  1.2	0.180	0.000	0.000
147	  T	  0.6	  0.7	0.578	0.000	0.000
148	  A	  0.4	  0.6	0.578	0.000	0.000
149	  D	  0.6	  0.5	1.909	0.000	0.000
150	  Y	  1.3	  0.7	1.909	0.000	0.000
151	  K	  1.7	  0.2	1.909	0.000	0.000
152	  S	  3.6	  0.2	1.729	0.000	0.000
153	  I	  4.8	  0.2	1.590	0.000	0.000
154	  R	  4.7	  0.1	1.590	0.000	0.000
155	  Q	  2.4	  0.1	1.375	0.000	0.000
156	  K	  0.5	  0.1	0.817	0.000	0.000
157	  A	  0.2	  0.2	0.255	0.000	0.000
158	  R	  0.2	  0.5	0.255	0.000	0.000
159	  E	  0.0	  0.5	0.125	0.000	0.000
160	  G	  0.0	  0.5	0.125	0.000	0.000
161	  V	  0.6	  0.4	0.000	0.000	0.000
162	  K	  0.7	  0.1	0.000	0.000	0.000
163	  K	  1.1	  0.0	0.000	0.000	0.000
164	  A	  1.3	  0.0	0.000	0.000	0.000
165	  T	  7.6	  0.0	0.000	0.000	0.000
166	  Y	  8.6	  0.1	0.000	0.000	0.000
167	  F	 10.9	  0.1	0.000	0.000	0.000
168	  D	  5.7	  0.1	0.000	0.000	0.000
169	  I	  4.3	  0.1	0.000	0.000	0.000
170	  S	  1.3	  0.1	0.986	0.000	0.000
171	  P	  0.2	  0.1	0.986	0.000	0.000
172	  M	  1.1	  0.1	0.986	0.000	0.000
173	  V	  3.5	  0.1	0.986	0.000	0.000
174	  A	  3.5	  0.0	0.986	0.000	0.000
175	  C	  2.5	  0.4	1.169	0.000	0.000
176	  P	  0.0	  0.4	0.183	0.000	0.000
177	  Y	  0.3	  0.6	0.183	0.000	0.000
178	  A	  0.3	  0.6	0.183	0.000	0.000
179	  N	  0.5	  0.3	0.316	0.000	0.000
180	  Q	  0.8	  0.3	0.316	0.000	0.000
181	  C	  4.4	  0.1	0.133	0.209	0.209
182	  H	  4.6	  0.1	0.133	0.209	0.209
183	  A	  4.2	  0.0	0.133	0.626	0.626
184	  F	  1.7	  0.0	0.133	0.626	0.626
185	  A	  1.8	  0.0	0.000	0.626	0.626
186	  V	  2.0	  0.1	0.000	0.626	0.626
187	  S	  0.9	  0.1	0.000	0.417	0.417
188	  E	  0.4	  0.2	0.000	0.000	0.000
189	  G	  0.0	  0.4	0.000	0.000	0.000
190	  P	  0.0	  0.4	0.000	0.000	0.000
191	  K	  0.2	  0.4	0.000	0.000	0.000
192	  W	  0.6	  0.3	0.000	1.158	1.158
193	  L	  0.8	  0.0	0.000	1.158	1.158
194	  L	  0.8	  0.1	0.000	1.158	1.158
195	  T	  0.3	  0.4	0.000	1.158	1.158
196	  G	  0.1	  0.5	0.000	1.158	1.158
197	  G	  0.0	  1.9	0.000	0.000	0.000
198	  E	  0.0	  2.0	0.000	0.000	0.000
199	  D	  0.0	  1.7	0.299	0.000	0.000
200	  G	  0.0	  1.6	1.968	0.000	0.000
201	  F	  1.2	  0.2	1.968	0.000	0.000
202	  I	  1.9	  0.1	1.968	0.000	0.000
203	  R	  2.4	  0.0	1.968	0.000	0.000
204	  K	  1.8	  0.2	1.968	0.000	0.000
205	  Y	  3.3	  0.2	1.809	0.000	0.000
206	  D	  3.2	  0.1	0.878	0.000	0.000
207	  F	  4.0	  0.1	0.302	2.001	2.001
208	  I	  2.9	  0.0	0.164	2.001	2.001
209	  A	  2.9	  0.0	0.164	2.001	2.001
210	  S	  3.1	  0.0	0.164	2.001	2.001
211	  I	  2.4	  0.3	0.164	2.001	2.001
212	  E	  2.0	  0.5	0.164	0.000	0.000
213	  G	  0.5	  0.5	0.164	0.000	0.000
214	  K	  0.2	  0.5	0.164	0.000	0.000
215	  A	  0.2	  0.1	0.000	0.000	0.000
216	  P	  0.0	  0.0	0.000	0.000	0.000
217	  L	  3.5	  0.0	0.000	0.000	0.000
218	  T	  7.4	  0.0	0.349	0.000	0.000
219	  V	  8.8	  0.0	0.349	0.000	0.000
220	  A	  5.4	  0.0	0.349	0.000	0.000
221	  Q	  1.6	  0.1	0.349	0.000	0.000
222	  K	  0.3	  0.1	0.349	0.000	0.000
223	  H	  0.4	  0.2	0.349	0.000	0.000
224	  N	  0.3	  0.1	0.000	0.000	0.000
225	  L	  0.6	  0.2	0.000	0.000	0.000
226	  M	  0.7	  0.2	0.000	0.000	0.000
227	  D	  0.9	  0.2	1.859	0.000	0.000
228	  S	  3.4	  0.2	2.001	0.000	0.000
229	  I	  5.4	  0.1	2.001	0.000	0.000
230	  T	  5.7	  0.1	2.001	0.000	0.000
231	  K	  2.8	  0.3	2.001	0.000	0.000
232	  A	  0.5	  0.3	2.001	0.559	0.559
233	  G	  0.1	  0.3	1.145	1.218	1.218
234	  V	  1.0	  0.2	0.000	2.665	2.665
235	  I	  1.1	  2.9	0.000	2.774	2.774
236	  G	  1.0	  2.9	0.000	2.774	2.774
237	  S	  1.0	  2.9	0.000	2.774	2.774
238	  Y	  2.5	  2.9	0.000	2.774	2.774
239	  W	  3.0	  0.2	0.000	2.633	2.633
240	  E	  2.1	  0.2	0.000	0.000	0.000
241	  N	  0.5	  0.2	0.000	0.000	0.000
242	  E	  0.0	  0.2	0.000	0.000	0.000
243	  Q	  0.0	  0.1	0.000	0.000	0.000
244	  P	  0.0	  0.2	0.000	0.000	0.000
245	  Q	  0.2	  0.2	0.000	0.000	0.000
246	  T	  1.6	  0.3	0.000	0.000	0.000
247	  K	  1.7	  0.2	0.000	0.000	0.000
248	  Q	  1.7	  0.1	0.000	0.000	0.000
249	  Q	  1.3	  0.1	0.000	0.000	0.000
250	  I	  1.7	  0.1	0.000	0.000	0.000
251	  M	  2.1	  0.1	0.000	0.000	0.000
252	  N	  1.2	  0.1	0.000	0.000	0.000
253	  S	  0.5	  0.1	0.000	0.000	0.000
254	  N	  0.0	  0.2	0.000	0.000	0.000
255	  P	  0.0	  0.1	0.000	0.000	0.000
256	  K	  5.3	  0.1	0.000	0.000	0.000
257	  I	  5.7	  0.1	0.000	0.000	0.000
258	  K	  5.7	  0.4	0.000	0.000	0.000
259	  P	  0.4	  0.8	0.000	0.000	0.000
260	  S	  0.0	  0.8	0.000	0.000	0.000
261	  D	  0.8	  0.8	0.000	0.000	0.000
262	  F	  3.8	  0.5	0.000	0.000	0.000
263	  T	  3.9	  0.3	0.000	0.000	0.000
264	  S	  3.1	  0.4	0.000	0.000	0.000
265	  G	  0.1	  0.4	0.000	0.000	0.000
266	  A	  0.3	  0.3	0.000	0.000	0.000
267	  I	  4.4	  0.1	0.000	0.000	0.000
268	  S	 19.1	  0.0	0.000	0.000	0.000
269	  Y	 19.4	  0.0	0.000	0.000	0.000
270	  E	 15.9	  0.0	0.000	0.000	0.000
271	  P	  0.6	  0.0	0.000	0.000	0.000
272	  K	  2.4	  0.0	0.000	0.000	0.000
273	  V	  2.6	  0.0	0.000	0.000	0.000
274	  N	  2.6	  0.0	0.000	0.000	0.000
275	  P	  0.2	  0.0	0.000	0.000	0.000
276	  V	  1.9	  0.0	0.000	0.000	0.000
277	  Y	  2.5	  0.0	0.000	0.000	0.000
278	  A	  2.7	  0.0	0.000	0.000	0.000
279	  L	  2.8	  0.0	0.000	0.000	0.000
280	  D	  4.3	  0.0	0.265	0.000	0.000
281	  V	  5.6	  0.0	0.265	0.000	0.000
282	  E	  3.9	  0.3	0.265	0.000	0.000
283	  R	  1.7	  3.3	0.265	0.000	0.000
284	  N	  0.3	  3.3	0.265	0.000	0.000
285	  G	  0.1	  3.3	0.265	0.184	0.184
286	  Y	  3.2	  3.0	0.154	1.104	1.104
287	  W	  4.5	  0.0	0.000	1.104	1.104
288	  C	  5.9	  0.3	0.000	1.104	1.104
289	  L	  2.9	  0.4	0.000	1.104	1.104
290	  S	  1.6	  0.5	0.000	0.920	0.920
291	  G	  0.2	  0.5	0.000	0.313	0.313
292	  L	  0.3	  0.5	0.000	0.313	0.313
293	  S	  0.4	  0.7	0.000	0.000	0.000
294	  S	  0.4	  1.0	0.000	0.000	0.000
295	  G	  0.1	  1.1	0.000	0.239	0.239
296	  G	  0.1	  0.7	0.000	3.258	3.258
297	  I	  1.6	  0.4	0.000	35.358	35.358
298	  C	  2.1	  0.0	0.618	38.080	38.080
299	  L	  2.3	  0.0	0.618	50.490	50.490
300	  Y	  5.6	  0.0	0.618	51.755	51.755
301	  T	  5.8	  0.0	0.618	51.628	51.628
302	  M	  6.0	  0.0	0.618	50.700	50.700
303	  I	  1.5	  0.0	0.618	49.485	49.485
304	  Y	  1.2	  0.1	0.618	30.653	30.653
305	  N	  0.6	  1.0	0.815	1.136	1.136
306	  E	  0.3	  1.1	0.321	0.000	0.000
307	  G	  0.0	  1.1	0.321	0.000	0.000
308	  A	  0.5	  1.1	0.321	0.000	0.000
309	  I	  1.0	  0.1	0.321	0.000	0.000
310	  H	  2.4	  0.0	0.321	0.000	0.000
311	  H	  5.4	  0.0	0.321	0.000	0.000
312	  Y	  5.0	  0.0	0.168	0.000	0.000
313	  F	  3.6	  0.3	0.000	0.000	0.000
314	  P	  0.2	  0.4	0.000	0.000	0.000
315	  H	  0.0	  0.4	0.000	0.000	0.000
316	  N	  0.0	  0.6	0.000	0.000	0.000
317	  E	  0.3	  0.3	0.000	0.000	0.000
318	  Q	  0.4	  0.3	0.000	0.000	0.000
319	  K	  0.5	  0.3	0.000	0.000	0.000
320	  H	  0.3	  0.2	0.000	0.000	0.000
321	  S	  0.4	  0.3	0.000	0.000	0.000
322	  Q	  0.8	  0.2	0.000	0.000	0.000
323	  H	  1.8	  0.2	0.000	0.000	0.000
324	  T	  7.6	  0.1	0.000	0.000	0.000
325	  M	  7.2	  0.7	0.000	0.000	0.000
326	  S	  6.2	  2.1	0.000	0.000	0.000
327	  N	  0.1	  2.2	0.000	0.000	0.000
328	  G	  0.0	  2.2	0.000	0.000	0.000
329	  H	  0.0	  2.0	0.000	0.000	0.000
330	  S	  0.0	  0.6	0.000	0.000	0.000
331	  D	  0.6	  0.5	0.085	0.000	0.000
332	  T	 13.5	  0.5	0.191	8.444	8.444
333	  I	 17.2	  0.1	0.191	8.444	8.444
334	  S	 17.1	  0.0	0.719	8.444	8.444
335	  V	  6.5	  0.0	0.719	8.444	8.444
336	  L	  3.2	  0.0	0.719	8.444	8.444
337	  R	  4.9	  0.0	0.719	0.000	0.000
338	  L	  5.2	  0.0	0.719	0.000	0.000
339	  N	  6.4	  0.0	0.528	0.000	0.000
340	  F	  5.1	  0.1	0.347	0.000	0.000
341	  E	  3.6	  0.2	0.197	0.000	0.000
342	  Q	  1.1	  0.2	0.197	0.000	0.000
343	  N	  0.3	  0.2	0.109	0.000	0.000
344	  R	  0.7	  0.1	0.109	0.000	0.000
345	  F	  1.6	  0.2	0.109	0.000	0.000
346	  L	  1.6	  0.4	0.000	0.000	0.000
347	  S	  1.3	  0.5	0.000	0.000	0.000
348	  G	  0.4	  0.5	0.000	0.000	0.000
349	  S	  5.2	  0.9	0.000	0.000	0.000
350	  W	  5.1	  0.6	0.000	0.000	0.000
351	  D	  5.1	  0.6	0.000	0.000	0.000
352	  K	  1.0	  0.6	0.000	0.000	0.000
353	  T	  7.4	  0.1	0.000	0.000	0.000
354	  I	  7.7	  0.1	0.000	0.000	0.000
355	  R	  7.1	  0.0	0.000	0.000	0.000
356	  E	  1.4	  0.0	0.000	0.000	0.000
357	  W	  1.1	  0.0	0.000	0.000	0.000
358	  T	  1.0	  0.0	0.000	0.000	0.000
