res	aa	Beta	Turn	Helix	Aggregation	Conc-Stab_Aggregation
01	  M	  1.6	  0.1	0.000	0.000	0.000
02	  K	  1.9	  0.1	0.000	0.000	0.000
03	  L	  2.4	  0.1	0.000	78.504	78.504
04	  F	  2.0	  0.1	0.000	78.800	78.800
05	  F	  2.4	  0.0	0.000	78.831	78.831
06	  W	  2.6	  0.0	0.000	78.831	78.831
07	  L	  1.5	  0.0	0.000	78.831	78.831
08	  A	  0.9	  0.0	0.742	1.285	1.285
09	  P	  0.0	  0.0	1.245	0.752	0.752
10	  A	  0.1	  0.0	1.417	8.432	8.432
11	  L	  0.4	  0.0	1.417	9.509	9.509
12	  A	  0.6	  0.0	1.417	9.674	9.674
13	  L	  0.7	  0.0	1.417	9.674	9.674
14	  L	  1.9	  0.0	1.219	9.674	9.674
15	  Q	  2.2	  0.0	0.958	2.134	2.134
16	  L	  3.2	  0.0	0.231	1.843	1.843
17	  D	  2.0	  0.0	0.000	0.000	0.000
18	  F	  3.5	  0.0	0.000	0.000	0.000
19	  V	  7.2	  0.0	0.000	0.000	0.000
20	  V	  8.3	  0.0	0.000	0.000	0.000
21	  H	  6.4	  0.2	0.000	0.000	0.000
22	  R	  1.7	  0.5	0.000	0.000	0.000
23	  G	  0.2	  0.6	0.000	0.000	0.000
24	  N	  0.4	  0.6	0.000	0.000	0.000
25	  S	  3.9	  0.8	0.117	0.000	0.000
26	  I	  4.1	  0.5	0.117	0.000	0.000
27	  N	  3.8	  0.7	0.117	0.000	0.000
28	  D	  0.1	  0.9	0.352	0.000	0.000
29	  R	  0.2	  0.5	0.352	0.000	0.000
30	  G	  0.4	  0.4	0.352	0.000	0.000
31	  I	  0.8	  0.2	0.235	0.000	0.000
32	  D	  0.7	  0.0	0.235	0.000	0.000
33	  R	  0.5	  0.0	0.235	0.000	0.000
34	  K	  0.1	  0.0	0.235	0.000	0.000
35	  P	  0.0	  0.0	0.000	0.000	0.000
36	  L	  0.6	  0.0	0.000	0.000	0.000
37	  V	  1.2	  0.0	0.000	0.000	0.000
38	  K	  1.2	  0.4	0.000	0.000	0.000
39	  K	  0.7	  0.5	0.000	0.000	0.000
40	  D	  0.5	  0.5	0.096	0.000	0.000
41	  S	  6.0	  0.4	0.413	0.000	0.000
42	  F	 10.6	  0.1	0.413	0.000	0.000
43	  E	 15.6	  0.0	0.413	0.000	0.000
44	  I	 17.0	  0.0	0.413	0.000	0.000
45	  K	 18.3	  0.0	0.413	0.000	0.000
46	  V	 13.4	  0.1	0.317	0.000	0.000
47	  E	  7.1	  0.1	0.406	0.000	0.000
48	  N	  0.9	  0.2	0.445	0.000	0.000
49	  E	  0.1	  0.2	0.445	0.000	0.000
50	  R	  0.7	  0.1	0.445	0.000	0.000
51	  L	  1.2	  0.1	0.445	61.056	61.056
52	  F	  2.2	  0.0	0.445	67.654	67.654
53	  Y	  2.0	  0.0	0.445	67.732	67.732
54	  L	  1.9	  0.0	0.000	67.732	67.732
55	  T	  1.4	  0.1	0.153	67.732	67.732
56	  S	  2.0	  0.1	0.153	22.727	22.727
57	  L	  2.8	  0.1	0.153	19.365	19.365
58	  E	  2.4	  0.0	0.153	0.000	0.000
59	  I	  1.5	  1.1	0.153	0.000	0.000
60	  G	  0.1	  1.2	0.153	0.000	0.000
61	  S	  0.2	  1.3	0.000	0.000	0.000
62	  S	  0.3	  1.4	0.000	0.000	0.000
63	  K	  0.5	  0.3	0.000	0.000	0.000
64	  Q	  0.8	  0.2	0.000	0.000	0.000
65	  K	  7.0	  0.1	0.000	2.670	2.670
66	  V	 23.4	  0.0	0.000	2.670	2.670
67	  E	 23.3	  0.0	0.000	2.670	2.670
68	  V	 22.7	  0.0	0.000	2.670	2.670
69	  L	  5.8	  0.0	0.000	2.670	2.670
70	  V	  5.9	  0.1	0.000	2.465	2.465
71	  D	  1.1	  0.5	0.000	0.000	0.000
72	  T	  0.8	  1.2	0.000	0.000	0.000
73	  G	  0.2	  1.4	0.000	0.000	0.000
74	  S	  0.2	  3.3	0.000	0.000	0.000
75	  S	  0.1	  2.9	0.000	0.000	0.000
76	  D	  0.3	  2.2	0.000	0.000	0.000
77	  L	  1.0	  2.0	0.000	0.000	0.000
78	  W	  1.1	  0.0	0.000	0.000	0.000
79	  V	  0.9	  0.0	0.000	0.000	0.000
80	  P	  0.1	  0.5	0.000	0.000	0.000
81	  A	  0.0	  0.6	0.000	0.000	0.000
82	  N	  0.1	  0.6	0.000	0.000	0.000
83	  N	  0.6	  1.6	0.000	0.000	0.000
84	  C	  0.9	  1.7	0.000	0.000	0.000
85	  S	  1.1	  2.0	0.000	0.000	0.000
86	  G	  0.6	  2.1	0.000	0.000	0.000
87	  S	  2.4	  1.9	0.000	0.000	0.000
88	  A	  2.7	  1.4	0.000	0.000	0.000
89	  S	 21.6	  1.1	0.114	0.000	0.000
90	  Y	 24.4	  1.1	0.114	0.000	0.000
91	  S	 28.7	  0.2	0.487	0.000	0.000
92	  Y	 12.0	  0.2	0.487	0.000	0.000
93	  R	  6.2	  0.1	0.487	0.000	0.000
94	  K	  1.3	  0.1	0.487	0.000	0.000
95	  R	  0.8	  0.1	0.373	0.000	0.000
96	  S	  0.9	  0.3	0.499	0.000	0.000
97	  M	  0.8	  0.9	0.248	0.000	0.000
98	  G	  0.3	  0.9	0.126	0.000	0.000
99	  D	  0.1	  1.0	0.126	0.000	0.000
100	  Q	  0.4	  0.8	0.126	0.000	0.000
101	  Q	  0.7	  0.2	0.126	0.000	0.000
102	  Q	  0.8	  0.3	0.126	0.000	0.000
103	  Q	  0.6	  0.7	0.000	0.000	0.000
104	  H	  0.3	  0.9	0.000	0.000	0.000
105	  G	  0.1	  0.9	0.114	0.000	0.000
106	  R	  0.4	  0.8	0.114	0.000	0.000
107	  R	  1.2	  0.4	0.114	0.000	0.000
108	  R	  2.7	  0.1	0.114	0.000	0.000
109	  V	  5.0	  0.2	0.114	0.000	0.000
110	  L	  5.4	  0.1	0.114	0.000	0.000
111	  D	  3.8	  0.1	0.619	0.000	0.000
112	  Y	  2.1	  0.3	0.619	0.000	0.000
113	  L	  1.1	  0.1	0.505	0.000	0.000
114	  D	  1.1	  1.0	0.505	0.000	0.000
115	  A	  0.7	  1.0	0.505	0.000	0.000
116	  S	  0.8	  1.1	0.505	0.000	0.000
117	  V	  0.8	  2.1	0.000	0.000	0.000
118	  G	  0.4	  1.3	0.000	0.000	0.000
119	  D	  0.1	  2.7	0.225	0.000	0.000
120	  K	  0.3	  2.5	0.225	0.000	0.000
121	  S	  0.3	  1.6	0.364	0.000	0.000
122	  E	  1.1	  1.6	0.364	0.000	0.000
123	  L	  1.3	  0.2	0.364	0.000	0.000
124	  N	  1.3	  0.2	0.891	0.000	0.000
125	  H	  0.8	  0.2	0.773	0.000	0.000
126	  K	  0.5	  0.2	0.666	0.000	0.000
127	  E	  0.7	  0.2	0.527	0.000	0.000
128	  A	  0.4	  0.2	0.527	0.000	0.000
129	  S	  0.3	  0.2	0.668	0.000	0.000
130	  P	  0.0	  0.4	0.141	0.000	0.000
131	  A	  0.4	  0.4	0.141	0.000	0.000
132	  S	  0.7	  0.5	0.141	0.000	0.000
133	  H	  1.0	  0.4	0.141	0.000	0.000
134	  K	  0.8	  0.2	0.141	0.000	0.000
135	  Q	  0.8	  0.1	0.000	0.000	0.000
136	  V	  1.1	  0.1	0.000	0.000	0.000
137	  D	  1.0	  0.0	0.000	0.000	0.000
138	  A	  1.3	  0.0	0.000	0.000	0.000
139	  V	  4.6	  0.0	0.000	0.000	0.000
140	  V	  4.8	  0.0	0.000	0.000	0.000
141	  D	  4.1	  0.0	0.000	0.000	0.000
142	  R	  0.5	  0.0	0.000	0.000	0.000
143	  V	  0.3	  0.0	0.000	0.000	0.000
144	  P	  0.3	  0.0	0.000	0.000	0.000
145	  V	  0.1	  0.0	0.000	0.000	0.000
146	  P	  0.0	  0.1	0.000	0.000	0.000
147	  T	  0.1	  0.2	0.000	0.000	0.000
148	  T	  0.1	  0.2	0.000	0.000	0.000
149	  G	  0.2	  0.2	0.000	0.000	0.000
150	  V	  1.2	  0.1	0.000	0.000	0.000
151	  E	  1.2	  0.0	0.000	0.000	0.000
152	  K	  2.3	  0.0	0.000	0.000	0.000
153	  V	  2.1	  0.0	0.000	0.000	0.000
154	  S	  2.5	  0.3	0.000	0.000	0.000
155	  K	  1.3	  0.9	0.000	0.000	0.000
156	  E	  0.5	  1.1	0.000	0.000	0.000
157	  G	  0.0	  2.3	0.000	0.000	0.000
158	  K	  0.0	  2.8	0.000	0.000	0.000
159	  D	  0.0	  2.3	0.000	0.000	0.000
160	  G	  0.0	  2.0	0.158	0.000	0.000
161	  V	  1.0	  0.9	0.158	0.000	0.000
162	  Q	  1.7	  0.1	0.158	0.000	0.000
163	  R	  2.9	  0.0	0.158	0.000	0.000
164	  Y	  3.0	  0.0	0.158	39.243	39.243
165	  Y	  3.0	  0.0	0.158	50.638	50.638
166	  Y	  2.7	  0.0	0.000	57.833	57.833
167	  T	  3.5	  0.0	0.000	59.811	59.811
168	  T	 15.8	  0.0	0.000	63.158	63.158
169	  Y	 23.5	  0.0	0.000	68.665	68.665
170	  T	 44.7	  0.0	0.154	69.714	69.714
171	  Y	 36.3	  0.0	0.154	71.853	71.853
172	  S	 28.5	  0.0	0.398	71.278	71.278
173	  Y	  6.7	  0.0	0.398	73.953	73.953
174	  Y	  2.2	  0.0	0.398	73.744	73.744
175	  Y	  2.6	  0.0	0.398	71.667	71.667
176	  Y	  3.7	  0.1	0.398	63.854	63.854
177	  T	  3.4	  0.1	0.311	36.419	36.419
178	  N	  4.0	  0.1	0.723	18.330	18.330
179	  Y	  3.3	  0.1	0.723	17.656	17.656
180	  Y	  4.7	  0.1	0.645	15.053	15.053
181	  T	  3.5	  0.1	0.412	5.839	5.839
182	  N	  2.5	  0.2	0.412	0.249	0.249
183	  Y	  0.6	  0.9	0.412	0.218	0.218
184	  G	  0.1	  0.8	0.223	0.000	0.000
185	  T	  7.3	  0.9	0.000	0.000	0.000
186	  Y	  9.3	  0.7	0.000	0.000	0.000
187	  D	  9.9	  0.1	0.096	0.000	0.000
188	  Y	  5.6	  0.1	0.096	0.000	0.000
189	  T	  4.7	  0.0	0.096	0.000	0.000
190	  S	  5.0	  0.0	0.881	0.000	0.000
191	  Y	  3.4	  0.0	0.881	0.237	0.237
192	  Y	  3.9	  0.1	0.881	0.237	0.237
193	  T	  3.4	  0.1	0.785	0.237	0.237
194	  N	  3.9	  0.1	0.785	0.237	0.237
195	  Y	  3.7	  0.1	0.785	0.237	0.237
196	  Y	  4.3	  0.1	0.613	0.237	0.237
197	  N	  3.6	  0.1	1.539	0.000	0.000
198	  S	  8.9	  0.1	1.340	0.000	0.000
199	  Y	 11.4	  0.0	1.340	0.113	0.113
200	  T	 12.5	  0.0	1.785	0.113	0.113
201	  Q	  6.6	  0.0	1.785	0.113	0.113
202	  Y	  3.4	  0.0	1.785	0.277	0.277
203	  L	  1.5	  0.1	1.594	0.277	0.277
204	  T	  1.1	  0.1	1.594	0.164	0.164
205	  N	  2.5	  0.1	1.743	0.164	0.164
206	  Y	  4.3	  0.2	1.365	0.164	0.164
207	  Y	  5.4	  0.1	0.816	0.164	0.164
208	  S	  3.9	  0.1	0.149	0.000	0.000
209	  R	  2.6	  0.1	0.149	0.000	0.000
210	  Y	  1.3	  0.3	0.149	0.000	0.000
211	  S	  1.2	  0.3	0.350	0.000	0.000
212	  D	  1.2	  0.3	0.450	0.000	0.000
213	  Y	  3.1	  0.3	0.450	0.000	0.000
214	  Y	  4.7	  0.1	0.450	0.000	0.000
215	  S	  3.9	  0.1	0.450	0.000	0.000
216	  R	  2.6	  0.1	0.450	0.000	0.000
217	  Y	  1.8	  0.1	0.450	0.000	0.000
218	  S	  2.3	  0.1	0.450	0.000	0.000
219	  T	  7.9	  0.1	0.000	0.314	0.314
220	  Y	  8.1	  0.1	0.000	0.991	0.991
221	  Y	  8.8	  0.1	0.000	1.140	1.140
222	  T	  2.5	  0.1	0.000	1.140	1.140
223	  G	  1.4	  0.1	0.114	1.140	1.140
224	  Y	  2.3	  0.1	0.114	1.140	1.140
225	  Y	  2.5	  0.3	0.114	0.991	0.991
226	  S	  2.5	  0.3	0.505	0.000	0.000
227	  N	  1.9	  0.3	0.983	0.000	0.000
228	  Y	  2.7	  0.3	0.983	0.000	0.000
229	  Y	  3.1	  0.1	0.983	0.000	0.000
230	  K	  2.0	  0.1	0.869	0.000	0.000
231	  T	  7.9	  0.1	0.869	0.000	0.000
232	  Y	  8.1	  0.2	0.869	0.000	0.000
233	  H	  7.6	  0.6	0.869	0.000	0.000
234	  S	  0.6	  0.8	0.000	0.000	0.000
235	  G	  0.1	  0.8	0.000	0.000	0.000
236	  E	  0.1	  0.8	0.000	0.000	0.000
237	  L	  0.0	  0.5	0.000	0.000	0.000
238	  P	  0.0	  0.2	0.000	0.000	0.000
239	  T	  2.7	  0.4	0.000	0.000	0.000
240	  A	  2.9	  0.5	0.000	0.000	0.000
241	  S	  4.4	  1.0	0.000	0.000	0.000
242	  R	  1.8	  1.5	0.000	0.000	0.000
243	  S	  1.6	  1.4	0.000	0.000	0.000
244	  D	  0.2	  3.5	0.104	0.000	0.000
245	  A	  0.2	  2.7	0.104	0.000	0.000
246	  S	  0.4	  2.3	1.878	0.000	0.000
247	  A	  0.5	  2.2	1.878	0.000	0.000
248	  C	  3.8	  0.1	1.878	0.000	0.000
249	  T	  4.6	  0.2	1.878	0.000	0.000
250	  K	  4.7	  0.2	1.878	0.000	0.000
251	  Y	  1.4	  0.8	1.878	0.000	0.000
252	  G	  0.3	  0.8	0.158	0.000	0.000
253	  T	 10.6	  0.6	0.000	0.000	0.000
254	  Y	 10.9	  0.9	0.000	0.000	0.000
255	  E	 10.9	  0.3	0.000	0.000	0.000
256	  T	  0.5	  0.5	0.000	0.000	0.000
257	  G	  0.1	  0.6	0.000	0.000	0.000
258	  K	  0.3	  0.4	0.000	0.000	0.000
259	  S	  0.3	  1.7	0.000	0.000	0.000
260	  E	  0.3	  1.5	0.000	0.000	0.000
261	  N	  2.2	  1.4	0.000	0.000	0.000
262	  V	 17.2	  1.4	0.000	0.000	0.000
263	  K	 18.6	  0.0	0.000	0.000	0.000
264	  V	 16.8	  0.0	0.000	0.000	0.000
265	  N	  2.1	  0.1	0.000	0.000	0.000
266	  E	  0.2	  0.1	0.000	0.000	0.000
267	  T	  0.1	  0.1	0.000	0.922	0.922
268	  L	  0.2	  0.2	0.000	1.409	1.409
269	  G	  0.2	  0.1	0.000	1.609	1.609
270	  L	  0.3	  0.1	0.000	2.301	2.301
271	  F	  3.3	  0.1	0.000	2.301	2.301
272	  Q	  3.9	  0.0	0.000	1.673	1.673
273	  I	  7.6	  0.0	0.000	1.673	1.673
274	  S	 23.9	  0.2	0.000	0.692	0.692
275	  Y	 23.4	  0.9	0.000	0.415	0.415
276	  S	 20.2	  1.3	0.000	0.000	0.000
277	  D	  0.2	  1.6	0.000	0.000	0.000
278	  G	  0.0	  1.4	0.000	0.000	0.000
279	  S	  0.6	  0.7	0.000	0.000	0.000
280	  Y	  1.5	  0.5	0.000	0.000	0.000
281	  A	  1.5	  0.3	0.000	0.000	0.000
282	  Y	  1.1	  0.9	0.000	0.000	0.000
283	  G	  0.2	  0.9	0.000	0.000	0.000
284	  E	  0.2	  0.7	0.000	0.000	0.000
285	  Y	  1.0	  0.6	0.000	0.000	0.000
286	  V	  2.3	  0.0	0.000	0.000	0.000
287	  T	  2.2	  0.2	0.000	0.000	0.000
288	  D	  1.4	  0.2	0.128	0.000	0.000
289	  D	  1.0	  0.2	0.128	0.000	0.000
290	  V	 10.3	  0.2	0.128	0.000	0.000
291	  T	 14.2	  0.2	0.318	0.000	0.000
292	  I	 13.8	  1.6	0.318	0.000	0.000
293	  D	  4.8	  1.7	0.591	0.000	0.000
294	  G	  0.6	  1.7	0.575	0.000	0.000
295	  K	  0.6	  1.5	0.575	0.000	0.000
296	  M	  1.3	  0.1	0.575	0.000	0.000
297	  V	  1.8	  0.3	0.480	0.000	0.000
298	  K	  1.2	  0.4	0.480	0.000	0.000
299	  G	  0.6	  0.5	0.377	0.373	0.373
300	  L	  1.8	  0.5	0.000	5.391	5.391
301	  N	  1.9	  0.2	0.000	5.391	5.391
302	  F	  3.0	  0.2	0.000	5.391	5.391
303	  A	  1.5	  0.0	0.000	5.391	5.391
304	  V	  2.0	  0.0	0.000	5.391	5.391
305	  C	  1.3	  0.1	0.000	0.878	0.878
306	  D	  1.3	  0.2	0.000	0.000	0.000
307	  L	  0.9	  0.3	0.000	0.000	0.000
308	  T	  1.0	  0.3	0.000	0.000	0.000
309	  D	  0.8	  0.3	0.000	0.000	0.000
310	  S	  0.6	  0.2	0.000	0.000	0.000
311	  E	  0.2	  0.2	0.000	0.000	0.000
312	  I	  0.3	  0.1	0.000	2.358	2.358
313	  G	  0.3	  0.0	0.000	2.533	2.533
314	  V	  0.8	  0.0	0.000	2.946	2.946
315	  L	  0.7	  0.1	0.000	2.946	2.946
316	  G	  0.7	  0.1	0.000	2.946	2.946
317	  I	  0.6	  0.1	0.000	2.772	2.772
318	  G	  0.5	  0.1	0.000	0.594	0.594
319	  L	  0.5	  0.0	0.000	0.000	0.000
320	  P	  0.0	  0.0	0.000	0.000	0.000
321	  A	  0.2	  0.0	0.000	0.000	0.000
322	  L	  0.2	  0.3	0.000	0.000	0.000
323	  Q	  0.2	  0.8	0.000	0.000	0.000
324	  G	  0.1	  0.8	0.000	0.171	0.171
325	  S	  1.2	  0.8	0.000	1.430	1.430
326	  Y	  2.2	  0.5	0.000	10.107	10.107
327	  F	  2.5	  0.2	0.000	10.601	10.601
328	  L	  1.4	  0.2	0.000	10.601	10.601
329	  G	  0.5	  0.2	0.000	10.430	10.430
330	  V	  1.3	  0.3	0.000	10.258	10.258
331	  T	  1.3	  0.1	0.000	2.473	2.473
332	  D	  1.2	  0.9	0.095	0.000	0.000
333	  E	  0.2	  0.9	0.095	0.000	0.000
334	  S	 19.6	  1.0	0.095	0.000	0.000
335	  F	 19.8	  1.1	0.095	0.000	0.000
336	  S	 19.7	  0.3	0.095	0.000	0.000
337	  N	  1.2	  0.3	0.095	0.000	0.000
338	  Q	  6.3	  0.2	0.000	0.000	0.000
339	  Y	  7.1	  0.6	0.000	0.000	0.000
340	  E	  6.3	  0.6	0.000	0.000	0.000
341	  N	  0.9	  0.6	0.213	0.000	0.000
342	  L	  0.1	  0.6	0.341	0.000	0.000
343	  P	  0.1	  0.0	0.626	0.000	0.000
344	  M	  1.1	  0.0	0.626	0.000	0.000
345	  L	  1.3	  0.0	0.626	0.000	0.000
346	  L	  1.6	  0.1	0.626	0.000	0.000
347	  K	  0.8	  0.3	0.626	0.000	0.000
348	  S	  0.6	  0.5	0.462	0.000	0.000
349	  Q	  0.3	  0.5	0.177	0.000	0.000
350	  G	  0.1	  0.4	0.280	0.000	0.000
351	  I	  1.9	  0.3	0.280	0.000	0.000
352	  I	  2.3	  0.0	0.280	0.000	0.000
353	  K	  2.3	  0.2	0.280	0.000	0.000
354	  K	  0.5	  0.2	0.280	0.000	0.000
355	  N	  0.6	  0.2	1.186	0.000	0.000
356	  L	  1.1	  0.2	1.083	2.468	2.468
357	  Y	  5.8	  0.0	1.083	3.146	3.146
358	  S	  5.9	  0.0	1.483	3.146	3.146
359	  V	  8.5	  0.0	1.483	3.146	3.146
360	  A	  3.8	  0.2	1.483	3.146	3.146
361	  L	  3.2	  0.3	1.483	2.468	2.468
362	  G	  0.1	  0.7	1.483	0.148	0.148
363	  K	  0.1	  0.8	0.755	0.000	0.000
364	  N	  0.1	  0.6	0.000	0.000	0.000
365	  N	  0.1	  1.8	0.000	0.000	0.000
366	  A	  0.1	  1.6	0.000	0.000	0.000
367	  S	  0.1	  2.5	0.000	0.000	0.000
368	  E	  0.0	  2.8	0.000	0.000	0.000
369	  G	  0.0	  1.4	0.000	0.486	0.486
370	  S	  0.6	  1.2	0.000	1.195	1.195
371	  I	  5.3	  0.3	0.000	5.814	5.814
372	  V	  6.2	  0.0	0.000	6.186	6.186
373	  F	  5.8	  4.9	0.000	6.186	6.186
374	  G	  1.0	  4.9	0.000	5.700	5.700
375	  G	  0.2	  5.0	0.000	5.213	5.213
376	  V	  0.8	  5.0	0.000	4.861	4.861
377	  D	  0.8	  0.5	0.000	0.000	0.000
378	  H	  0.9	  0.6	0.000	0.000	0.000
379	  S	  0.4	  0.5	0.000	0.000	0.000
380	  K	  1.0	  0.5	0.000	0.000	0.000
381	  Y	  2.2	  0.3	0.000	0.000	0.000
382	  S	  2.0	  0.5	0.000	0.000	0.000
383	  G	  1.4	  0.5	0.000	0.000	0.000
384	  T	  2.6	  0.5	0.606	0.000	0.000
385	  L	  2.6	  0.4	0.606	0.000	0.000
386	  Q	  3.1	  0.0	0.606	0.000	0.000
387	  R	  1.9	  0.0	0.606	0.000	0.000
388	  V	  8.8	  0.0	0.606	0.000	0.000
389	  K	  8.9	  0.0	0.606	0.000	0.000
390	  I	  8.0	  0.0	0.376	0.000	0.000
391	  L	  1.1	  0.1	0.376	0.000	0.000
392	  N	  0.6	  0.1	0.936	0.000	0.000
393	  R	  1.5	  0.1	0.822	0.000	0.000
394	  Y	  3.4	  0.1	0.674	0.000	0.000
395	  E	  3.3	  0.1	0.674	0.000	0.000
396	  K	  2.3	  0.1	0.674	0.000	0.000
397	  I	  0.3	  0.3	0.674	0.000	0.000
398	  G	  0.3	  0.3	0.674	0.000	0.000
399	  E	  0.5	  0.3	0.341	0.000	0.000
400	  K	  0.4	  0.3	0.000	0.000	0.000
401	  N	  0.4	  0.1	0.000	0.000	0.000
402	  P	  0.0	  0.0	0.000	0.000	0.000
403	  V	  3.4	  0.0	0.000	0.151	0.151
404	  Y	  4.0	  0.0	0.000	0.151	0.151
405	  L	  5.3	  0.0	0.000	0.151	0.151
406	  E	  2.6	  0.0	0.000	0.151	0.151
407	  I	  4.4	  0.0	0.000	6.112	6.112
408	  A	  3.3	  0.0	0.000	6.588	6.588
409	  L	  3.1	  0.0	0.000	6.588	6.588
410	  T	  1.0	  0.0	0.000	6.588	6.588
411	  S	  3.7	  0.0	0.000	6.588	6.588
412	  I	  5.8	  0.1	0.000	6.479	6.479
413	  T	  5.5	  0.3	0.000	5.120	5.120
414	  G	  2.7	  0.6	0.000	0.530	0.530
415	  K	  0.2	  0.7	0.000	0.151	0.151
416	  N	  0.1	  0.6	0.232	0.151	0.151
417	  L	  0.4	  0.3	0.232	0.151	0.151
418	  A	  0.7	  0.1	0.232	0.151	0.151
419	  V	  3.5	  0.0	0.232	0.151	0.151
420	  N	  5.1	  0.0	0.346	0.000	0.000
421	  Y	  5.2	  0.1	0.346	0.000	0.000
422	  R	  2.7	  0.1	0.230	0.000	0.000
423	  T	  2.7	  0.1	0.115	18.069	18.069
424	  T	  5.8	  0.1	0.115	18.069	18.069
425	  V	  9.1	  0.0	0.115	18.069	18.069
426	  L	  7.5	  0.1	0.115	18.069	18.069
427	  L	  4.2	  0.2	0.115	18.069	18.069
428	  D	  0.5	  0.5	0.115	0.000	0.000
429	  T	  0.2	  0.9	0.000	0.000	0.000
430	  G	  0.0	  1.1	0.000	0.000	0.000
431	  A	  0.1	  1.0	0.000	0.000	0.000
432	  T	  0.2	  0.8	0.000	0.000	0.000
433	  N	  0.3	  0.3	0.000	0.000	0.000
434	  N	  0.4	  0.2	0.000	0.000	0.000
435	  Y	  0.4	  0.1	0.000	0.000	0.000
436	  L	  0.3	  0.0	0.000	0.000	0.000
437	  P	  0.2	  0.0	0.000	0.000	0.000
438	  A	  0.0	  0.2	0.146	0.000	0.000
439	  P	  0.0	  0.2	0.263	0.000	0.000
440	  Y	  1.0	  0.2	0.263	0.000	0.000
441	  L	  1.2	  0.2	0.263	0.000	0.000
442	  R	  2.9	  0.0	0.263	0.000	0.000
443	  R	  2.5	  0.2	0.263	0.000	0.000
444	  I	  2.4	  0.5	0.263	0.000	0.000
445	  G	  0.7	  0.6	0.263	0.000	0.000
446	  K	  0.1	  0.6	0.000	0.000	0.000
447	  H	  0.9	  0.6	0.000	0.000	0.000
448	  L	  1.0	  0.4	0.000	0.000	0.000
449	  R	  1.0	  0.3	0.000	0.000	0.000
450	  G	  0.3	  0.3	0.000	0.000	0.000
451	  T	  0.1	  0.6	0.000	0.000	0.000
452	  E	  0.1	  0.6	0.000	0.000	0.000
453	  D	  0.1	  7.8	0.000	0.000	0.000
454	  D	  0.0	  8.1	0.000	0.000	0.000
455	  D	  0.0	  7.6	0.000	0.000	0.000
456	  G	  0.0	  7.5	0.000	0.000	0.000
457	  Y	  1.4	  0.3	0.000	0.000	0.000
458	  W	  6.0	  0.0	0.000	0.000	0.000
459	  E	 10.6	  0.0	0.000	0.000	0.000
460	  V	 11.5	  0.1	0.000	0.000	0.000
461	  D	  7.3	  0.5	0.000	0.000	0.000
462	  C	  3.0	  0.5	0.000	0.000	0.000
463	  D	  0.6	  0.5	0.000	0.000	0.000
464	  L	  0.7	  0.6	0.000	0.000	0.000
465	  L	  0.6	  0.2	0.000	0.000	0.000
466	  D	  0.6	  3.3	0.000	0.000	0.000
467	  S	  0.3	  3.3	0.123	0.000	0.000
468	  D	  0.0	  3.3	0.284	0.000	0.000
469	  E	  0.0	  3.2	0.284	0.000	0.000
470	  E	  0.3	  0.1	0.284	0.000	0.000
471	  I	  5.2	  0.1	0.284	20.982	20.982
472	  V	  6.1	  0.2	0.284	21.467	21.467
473	  F	  6.0	  0.2	0.284	21.467	21.467
474	  G	  1.2	  0.2	0.000	21.467	21.467
475	  F	  1.5	  0.4	0.000	21.467	21.467
476	  S	  1.3	  0.8	0.000	3.160	3.160
477	  G	  1.3	  1.1	0.000	0.382	0.382
478	  A	  0.2	  1.1	0.000	0.175	0.175
479	  N	  1.3	  0.9	0.000	0.000	0.000
480	  I	  8.2	  0.3	0.000	0.000	0.000
481	  S	  8.2	  0.0	0.000	0.000	0.000
482	  V	  7.2	  0.0	0.000	0.000	0.000
483	  P	  0.2	  0.0	0.000	0.000	0.000
484	  V	  1.4	  0.1	0.000	0.595	0.595
485	  K	  1.3	  0.1	0.000	0.595	0.595
486	  D	  1.5	  0.1	0.000	0.595	0.595
487	  L	  1.5	  0.1	0.000	8.572	8.572
488	  I	  4.5	  0.0	0.000	8.943	8.943
489	  V	  5.3	  0.0	0.000	8.943	8.943
490	  Q	  4.3	  0.0	0.000	8.348	8.348
491	  S	 11.3	  0.5	0.000	8.348	8.348
492	  V	 10.8	  0.6	0.000	7.768	7.768
493	  S	 10.6	  1.2	0.000	0.524	0.524
494	  G	  0.7	  1.2	0.000	0.000	0.000
495	  R	  0.2	  0.7	0.000	0.000	0.000
496	  Y	  3.4	  0.6	0.000	11.747	11.747
497	  C	  5.0	  0.0	0.000	15.066	15.066
498	  Y	  5.2	  0.1	0.000	17.423	17.423
499	  L	  2.1	  0.3	0.000	17.423	17.423
500	  G	  0.5	  0.3	0.000	17.423	17.423
501	  I	  1.0	  0.3	0.000	17.423	17.423
502	  F	  1.6	  0.6	0.000	15.093	15.093
503	  E	  1.6	  0.5	0.000	0.000	0.000
504	  D	  0.8	  0.6	0.000	0.000	0.000
505	  N	  0.1	  0.6	0.000	0.000	0.000
506	  K	  0.1	  0.1	0.000	0.000	0.000
507	  T	  0.2	  0.5	0.000	0.000	0.000
508	  P	  0.1	  0.6	0.000	0.000	0.000
509	  S	  0.2	  0.8	0.000	0.000	0.000
510	  L	  0.1	  2.1	0.000	0.000	0.000
511	  G	  0.2	  1.7	0.297	0.000	0.000
512	  D	  0.5	  1.6	0.297	0.000	0.000
513	  S	  1.0	  1.4	0.589	0.000	0.000
514	  F	  2.1	  0.1	0.589	0.000	0.000
515	  L	  1.7	  0.2	0.589	0.000	0.000
516	  R	  1.3	  0.2	0.589	0.000	0.000
517	  N	  0.4	  0.2	0.589	3.488	3.488
518	  A	  0.5	  0.2	0.413	70.850	70.850
519	  Y	  2.5	  0.0	0.285	70.850	70.850
520	  V	  5.7	  0.0	0.000	70.850	70.850
521	  V	  8.3	  0.0	0.000	70.850	70.850
522	  Y	  7.3	  0.1	0.000	70.084	70.084
523	  D	  4.0	  1.6	0.097	0.000	0.000
524	  L	  1.2	  1.9	0.097	0.000	0.000
525	  D	  0.3	  1.9	2.125	0.000	0.000
526	  N	  2.4	  1.9	4.497	0.000	0.000
527	  Y	  7.2	  0.3	4.656	0.000	0.000
528	  E	  7.7	  0.0	4.986	0.000	0.000
529	  I	  7.8	  0.0	4.986	0.000	0.000
530	  A	  3.1	  0.0	5.090	0.000	0.000
531	  L	  2.4	  0.0	5.090	0.000	0.000
532	  A	  0.1	  0.0	4.849	0.000	0.000
533	  Q	  0.2	  0.2	4.212	0.000	0.000
534	  A	  0.2	  1.0	1.220	0.000	0.000
535	  S	  0.2	  1.6	0.699	0.000	0.000
536	  D	  0.0	  2.5	0.000	0.000	0.000
537	  G	  0.0	  2.7	0.000	0.000	0.000
538	  S	  0.1	  2.0	0.000	0.000	0.000
539	  G	  0.1	  1.5	0.000	0.000	0.000
540	  E	  0.2	  0.7	0.000	0.000	0.000
541	  A	  0.2	  0.4	0.000	0.000	0.000
542	  D	  1.7	  0.2	0.000	0.000	0.000
543	  I	  1.9	  0.2	0.000	0.000	0.000
544	  E	  1.8	  0.0	0.000	0.000	0.000
545	  E	  5.4	  0.0	0.000	0.000	0.000
546	  V	  5.8	  0.1	0.000	0.000	0.000
547	  T	  5.8	  0.5	0.000	0.000	0.000
548	  G	  0.7	  0.5	0.000	0.000	0.000
549	  D	  0.1	  0.5	0.000	0.000	0.000
550	  I	  0.1	  1.3	0.000	0.000	0.000
551	  P	  0.1	  0.9	0.000	0.000	0.000
552	  G	  0.0	  1.1	0.262	0.000	0.000
553	  A	  0.0	  1.2	0.262	0.000	0.000
554	  S	  0.0	  0.5	0.262	0.000	0.000
555	  E	  0.1	  0.3	0.262	0.000	0.000
556	  A	  0.4	  0.1	0.262	0.000	0.000
557	  Q	  3.3	  0.0	0.262	0.000	0.000
558	  Y	  4.7	  0.1	0.112	0.000	0.000
559	  Y	  6.3	  0.1	0.000	0.000	0.000
560	  D	  4.1	  0.1	0.000	0.000	0.000
561	  F	  5.2	  0.1	0.000	0.000	0.000
562	  T	  4.1	  0.1	0.000	0.000	0.000
563	  S	 13.0	  0.2	0.000	0.000	0.000
564	  V	 10.8	  0.2	0.000	0.000	0.000
565	  S	 10.0	  0.2	0.098	0.000	0.000
566	  E	  0.4	  0.2	0.098	0.000	0.000
567	  Q	  3.2	  0.1	0.098	0.000	0.000
568	  F	  8.4	  0.1	0.098	0.000	0.000
569	  Q	 11.1	  0.0	0.098	0.000	0.000
570	  Y	 11.8	  0.0	0.098	0.000	0.000
571	  T	  9.5	  0.4	0.000	0.000	0.000
572	  K	  6.6	  0.6	0.000	0.000	0.000
573	  S	  3.2	  1.2	0.000	0.000	0.000
574	  G	  0.3	  1.3	0.000	0.000	0.000
575	  S	  2.4	  1.8	0.000	0.000	0.000
576	  K	  2.7	  1.6	0.000	0.000	0.000
577	  S	  2.8	  1.0	0.000	0.030	0.030
578	  K	  1.1	  0.9	0.000	0.325	0.325
579	  L	  2.3	  0.1	0.000	90.992	90.992
580	  V	  5.6	  0.0	0.000	90.992	90.992
581	  V	  7.3	  0.0	0.000	90.992	90.992
582	  F	  6.5	  0.0	0.000	90.992	90.992
583	  T	  3.2	  0.2	0.000	90.992	90.992
584	  E	  1.2	  0.2	0.000	0.325	0.325
585	  S	 20.8	  0.3	0.000	0.298	0.298
586	  F	 21.0	  0.3	0.000	0.298	0.298
587	  S	 20.9	  0.1	0.000	0.030	0.030
588	  D	  0.5	  0.1	0.000	0.000	0.000
589	  P	  0.0	  0.0	0.000	0.000	0.000
590	  V	  0.0	  0.0	0.000	0.000	0.000
591	  P	  0.0	  0.0	0.000	0.000	0.000
592	  E	  0.4	  0.0	0.000	0.000	0.000
593	  A	  0.4	  0.0	0.000	0.000	0.000
594	  T	  0.4	  0.1	0.000	0.000	0.000
595	  P	  0.0	  0.1	0.000	0.000	0.000
596	  L	  0.3	  0.1	0.000	0.000	0.000
597	  T	  0.7	  0.2	0.000	0.000	0.000
598	  T	  0.7	  0.3	0.000	0.000	0.000
599	  D	  0.4	  0.7	0.000	0.000	0.000
600	  D	  0.5	  0.8	0.000	0.000	0.000
601	  S	 15.9	  0.9	0.000	0.000	0.000
602	  W	 17.8	  0.8	0.000	0.000	0.000
603	  S	 17.7	  0.4	0.000	0.000	0.000
604	  A	  2.8	  0.5	0.000	0.000	0.000
605	  E	  0.4	  0.4	0.000	0.000	0.000
606	  S	  0.1	  0.6	0.000	0.000	0.000
607	  N	  0.1	  1.9	0.000	0.000	0.000
608	  S	  0.1	  1.8	0.000	0.000	0.000
609	  D	  1.4	  1.6	0.000	0.000	0.000
610	  F	  5.4	  1.4	0.000	0.000	0.000
611	  E	  6.7	  0.0	0.000	0.000	0.000
612	  Y	  6.7	  0.2	0.000	0.197	0.197
613	  S	  2.9	  0.2	0.000	0.197	0.197
614	  S	  2.1	  0.2	0.000	0.197	0.197
615	  I	  2.7	  0.2	0.000	0.424	0.424
616	  I	  4.0	  0.0	0.000	0.424	0.424
617	  S	  4.1	  0.5	0.000	0.228	0.228
618	  A	  2.2	  0.6	0.000	0.228	0.228
619	  T	  0.8	  1.9	0.000	0.228	0.228
620	  G	  0.1	  1.9	0.000	0.000	0.000
621	  D	  0.0	  1.4	0.000	0.000	0.000
622	  L	  0.0	  1.8	0.000	0.000	0.000
623	  P	  0.0	  0.8	0.000	0.000	0.000
624	  E	  0.0	  0.9	0.000	0.000	0.000
625	  G	  0.1	  1.0	0.000	0.000	0.000
626	  L	  0.4	  0.5	0.000	0.000	0.000
627	  N	  1.3	  0.3	0.000	0.000	0.000
628	  S	 21.7	  0.7	0.000	0.000	0.000
629	  Y	 22.5	  0.8	0.000	0.000	0.000
630	  S	 21.7	  0.9	0.000	0.000	0.000
631	  G	  1.4	  0.9	0.000	0.000	0.000
632	  L	  0.0	  1.4	0.000	0.000	0.000
633	  G	  0.0	  1.2	0.567	0.000	0.000
634	  N	  0.3	  1.0	0.567	0.000	0.000
635	  M	  1.1	  1.0	0.567	0.159	0.159
636	  T	  3.6	  0.2	0.567	0.288	0.288
637	  A	  3.8	  0.2	0.567	0.503	0.503
638	  S	 10.3	  0.2	0.567	0.761	0.761
639	  F	 12.7	  0.2	0.097	1.018	1.018
640	  T	 12.4	  0.0	0.000	1.018	1.018
641	  A	  5.7	  0.0	0.000	1.018	1.018
642	  I	  0.9	  0.0	0.000	1.018	1.018
643	  S	  0.5	  0.4	0.000	0.257	0.257
644	  E	  0.2	  0.4	0.000	0.000	0.000
645	  H	  0.1	  0.5	0.000	0.000	0.000
646	  G	  0.0	  4.5	0.000	0.000	0.000
647	  P	  0.0	  4.5	0.000	0.000	0.000
648	  D	  0.0	  5.0	0.000	0.000	0.000
649	  G	  0.0	  5.0	0.000	0.000	0.000
650	  S	  0.3	  1.1	0.000	0.000	0.000
651	  S	  7.4	  0.7	0.000	0.000	0.000
652	  F	 12.0	  0.2	0.000	0.000	0.000
653	  T	 12.0	  0.1	0.000	0.000	0.000
654	  M	  5.0	  1.6	0.000	0.000	0.000
655	  G	  0.3	  1.6	0.000	0.000	0.000
656	  D	  0.0	  1.6	0.000	0.000	0.000
657	  N	  0.0	  1.5	0.000	0.000	0.000
658	  P	  0.0	  0.4	0.000	0.000	0.000
659	  P	  0.0	  0.7	0.000	0.000	0.000
660	  T	  0.0	  0.9	0.000	0.000	0.000
661	  N	  0.0	  0.9	0.000	0.000	0.000
662	  G	  0.0	  0.5	0.000	0.000	0.000
663	  D	  0.0	  0.8	0.121	0.000	0.000
664	  P	  0.0	  0.7	0.121	0.000	0.000
665	  K	  0.1	  0.8	0.121	0.000	0.000
666	  S	  1.0	  1.6	0.121	0.000	0.000
667	  S	  1.8	  1.9	0.121	0.000	0.000
668	  S	  2.6	  2.6	0.121	0.000	0.000
669	  S	  1.8	  2.8	0.000	0.000	0.000
670	  S	  1.0	  2.6	0.201	0.000	0.000
671	  K	  0.2	  2.7	0.201	0.000	0.000
672	  G	  0.1	  1.8	0.201	0.000	0.000
673	  D	  0.0	  5.7	0.346	0.000	0.000
674	  A	  0.0	  5.0	0.346	0.000	0.000
675	  N	  0.1	  4.1	0.797	0.000	0.000
676	  K	  2.1	  4.1	0.797	0.000	0.000
677	  V	  5.2	  0.0	0.596	0.000	0.000
678	  A	  5.2	  0.0	0.596	0.000	0.000
679	  I	  3.4	  0.0	0.596	0.000	0.000
680	  Q	  0.3	  0.0	0.596	0.000	0.000
681	  G	  0.1	  0.2	0.910	0.000	0.000
682	  P	  0.0	  0.2	1.003	1.008	1.008
683	  L	  0.6	  0.2	1.003	81.736	81.736
684	  Y	  2.2	  0.2	1.498	95.691	95.691
685	  I	 10.4	  0.0	1.622	99.600	99.600
686	  V	 10.8	  0.0	1.742	99.932	99.932
687	  L	  9.5	  0.0	1.742	99.955	99.955
688	  A	  1.6	  0.0	1.742	99.580	99.580
689	  L	  0.7	  0.0	1.742	99.208	99.208
690	  L	  1.1	  0.0	1.607	96.953	96.953
691	  T	  1.3	  0.0	1.366	83.925	83.925
692	  A	  1.4	  0.0	1.366	76.076	76.076
693	  L	  2.4	  0.0	1.270	69.422	69.422
694	  S	  2.4	  0.0	0.844	31.105	31.105
695	  L	  2.2	  0.0	0.000	29.080	29.080
696	  I	  0.5	  0.0	0.000	0.011	0.011
