res	aa	Beta	Turn	Helix	Aggregation	Conc-Stab_Aggregation
01	  M	  0.5	  0.0	0.000	0.000	0.000
02	  Y	  5.3	  0.0	0.000	0.000	0.000
03	  N	  7.2	  0.0	0.000	0.000	0.000
04	  I	  8.0	  0.2	0.000	0.000	0.000
05	  K	  3.9	  0.2	0.000	0.000	0.000
06	  S	  2.1	  0.2	0.000	0.000	0.000
07	  F	  0.9	  0.2	0.000	0.000	0.000
08	  P	  0.3	  0.0	0.000	0.000	0.000
09	  I	  0.3	  0.0	0.000	0.000	0.000
10	  F	  1.5	  0.0	0.000	0.000	0.000
11	  D	  1.6	  0.0	0.447	0.000	0.000
12	  M	  1.8	  0.1	0.447	0.000	0.000
13	  K	  1.0	  0.1	0.447	0.000	0.000
14	  S	  1.9	  0.1	0.447	0.000	0.000
15	  V	  8.3	  0.1	0.447	0.000	0.000
16	  I	  8.3	  0.0	0.447	0.000	0.000
17	  R	  7.2	  0.1	0.447	0.000	0.000
18	  P	  0.4	  0.2	0.000	0.000	0.000
19	  R	  0.1	  0.2	0.000	0.000	0.000
20	  T	  0.5	  0.2	0.000	0.000	0.000
21	  S	  3.4	  1.3	0.000	0.000	0.000
22	  A	  3.5	  1.3	0.000	0.000	0.000
23	  S	  5.3	  2.0	0.000	0.000	0.000
24	  K	  2.6	  2.1	0.000	0.000	0.000
25	  S	  3.8	  1.7	0.000	0.000	0.000
26	  R	  1.8	  2.0	0.000	0.000	0.000
27	  S	  1.6	  1.3	0.000	0.000	0.000
28	  D	  0.3	  1.3	0.169	0.000	0.000
29	  T	  2.0	  0.5	0.169	0.000	0.000
30	  Q	  2.4	  0.2	0.169	0.000	0.000
31	  K	  2.4	  0.1	0.169	0.000	0.000
32	  E	  0.7	  0.1	0.169	0.000	0.000
33	  F	  1.9	  0.0	0.169	1.177	1.177
34	  V	  4.8	  0.0	0.111	1.177	1.177
35	  F	  5.5	  0.0	0.272	1.177	1.177
36	  D	  4.0	  0.0	0.272	1.177	1.177
37	  A	  1.3	  0.0	0.272	1.177	1.177
38	  F	  1.8	  0.0	0.272	1.177	1.177
39	  R	  1.7	  0.0	0.272	1.177	1.177
40	  N	  1.3	  0.3	0.272	0.000	0.000
41	  P	  0.0	  0.3	0.000	0.000	0.000
42	  Y	  2.1	  0.4	0.000	0.000	0.000
43	  S	  2.5	  0.4	0.000	0.000	0.000
44	  K	  5.0	  0.1	0.000	0.000	0.000
45	  I	  4.2	  0.1	0.000	0.000	0.000
46	  K	  4.0	  0.1	0.000	0.000	0.000
47	  S	  1.7	  1.0	0.439	0.000	0.000
48	  E	  0.4	  1.0	0.439	0.000	0.000
49	  S	  0.2	  1.1	0.439	0.000	0.000
50	  E	  0.1	  1.0	0.439	0.000	0.000
51	  E	  0.1	  0.2	0.439	0.000	0.000
52	  Y	  0.3	  0.4	0.439	0.000	0.000
53	  G	  0.2	  0.5	0.119	0.000	0.000
54	  A	  0.2	  0.8	0.119	0.000	0.000
55	  E	  0.0	  0.8	0.119	0.000	0.000
56	  D	  0.0	  0.7	0.119	0.000	0.000
57	  A	  0.1	  0.6	0.119	0.000	0.000
58	  H	  0.4	  0.4	0.119	0.000	0.000
59	  E	  0.5	  0.4	0.000	0.000	0.000
60	  H	  0.9	  0.3	0.000	0.000	0.000
61	  E	  1.0	  0.2	0.000	0.000	0.000
62	  C	  1.3	  0.2	0.148	0.000	0.000
63	  Q	  1.0	  0.2	0.148	0.000	0.000
64	  E	  0.8	  0.2	0.148	0.000	0.000
65	  K	  0.4	  0.7	0.148	0.000	0.000
66	  S	  0.3	  0.7	0.148	0.000	0.000
67	  D	  0.2	  0.6	0.148	0.000	0.000
68	  H	  0.3	  0.5	0.000	0.000	0.000
69	  V	  0.3	  1.2	0.000	0.000	0.000
70	  P	  0.2	  1.1	0.000	0.000	0.000
71	  D	  0.1	  1.1	0.352	0.000	0.000
72	  W	  0.4	  1.1	0.352	0.000	0.000
73	  A	  0.7	  0.0	0.352	0.000	0.000
74	  L	  0.8	  0.0	0.352	0.000	0.000
75	  I	  0.9	  0.1	0.352	0.000	0.000
76	  E	  0.7	  0.2	0.352	0.000	0.000
77	  S	  0.7	  2.2	0.131	0.000	0.000
78	  S	  0.1	  2.2	0.000	0.000	0.000
79	  D	  0.3	  2.1	0.519	0.000	0.000
80	  L	  0.3	  2.0	0.519	0.000	0.000
81	  I	  0.8	  0.1	0.519	0.000	0.000
82	  E	  1.1	  0.1	0.519	0.000	0.000
83	  H	  2.4	  0.1	0.764	0.000	0.000
84	  F	  3.0	  0.1	1.026	0.382	0.382
85	  A	  2.8	  0.0	1.256	0.382	0.382
86	  V	  3.5	  0.0	1.386	0.382	0.382
87	  D	  2.5	  0.0	4.636	0.382	0.382
88	  L	  3.5	  0.0	4.636	0.382	0.382
89	  K	  2.4	  0.0	4.636	0.382	0.382
90	  L	  2.3	  0.1	4.535	0.270	0.270
91	  K	  1.1	  0.2	4.535	0.000	0.000
92	  K	  0.3	  0.1	3.838	0.000	0.000
93	  L	  0.2	  1.2	1.592	0.000	0.000
94	  G	  0.1	  1.2	1.023	0.000	0.000
95	  N	  0.0	  1.2	0.581	0.000	0.000
96	  D	  0.1	  2.4	0.000	0.000	0.000
97	  Q	  0.2	  1.4	0.000	0.000	0.000
98	  D	  0.3	  1.3	0.000	0.000	0.000
99	  M	  1.4	  1.2	0.000	0.000	0.000
100	  V	  2.7	  0.0	0.000	0.000	0.000
101	  A	  2.6	  0.2	0.000	0.000	0.000
102	  Q	  1.7	  0.2	0.000	0.000	0.000
103	  D	  0.3	  0.2	0.000	0.000	0.000
104	  T	  0.3	  0.2	0.000	0.000	0.000
105	  D	  0.2	  0.3	0.000	0.000	0.000
106	  P	  0.0	  0.3	0.000	0.000	0.000
107	  T	 11.0	  0.3	0.000	0.000	0.000
108	  V	 12.7	  0.3	0.000	0.000	0.000
109	  T	 13.1	  0.0	0.000	0.000	0.000
110	  K	  2.4	  0.0	0.000	0.000	0.000
111	  A	  0.7	  0.0	0.000	0.000	0.000
112	  K	  0.3	  0.0	0.000	0.000	0.000
113	  A	  0.1	  0.0	0.000	0.000	0.000
