res	aa	Beta	Turn	Helix	Aggregation	Conc-Stab_Aggregation
01	  M	  2.2	  0.0	0.000	0.000	0.000
02	  N	  4.3	  0.0	0.209	0.000	0.000
03	  Y	  6.0	  0.1	0.209	0.000	0.000
04	  E	  4.0	  0.1	0.307	0.000	0.000
05	  L	  2.0	  0.1	0.307	0.000	0.000
06	  V	 18.4	  0.1	0.307	0.000	0.000
07	  E	 19.6	  0.0	0.307	0.000	0.000
08	  V	 20.7	  0.0	0.307	0.000	0.000
09	  A	  3.2	  0.1	0.307	0.000	0.000
10	  Q	  1.3	  0.4	0.307	0.000	0.000
11	  Q	  0.1	  0.4	0.217	0.000	0.000
12	  G	  0.0	  0.4	0.109	0.000	0.000
13	  Q	  1.8	  0.3	0.109	0.000	0.000
14	  W	  2.6	  0.0	0.109	0.000	0.000
15	  W	  3.8	  0.0	0.109	0.000	0.000
16	  S	  2.4	  0.0	0.109	0.000	0.000
17	  Q	  4.1	  0.0	0.109	0.000	0.000
18	  W	  4.0	  0.0	0.109	0.000	0.000
19	  Q	  3.7	  0.1	0.109	0.000	0.000
20	  Q	  1.3	  0.3	0.109	0.000	0.000
21	  A	  0.3	  0.5	0.000	0.000	0.000
22	  T	  0.3	  0.5	0.000	0.000	0.000
23	  G	  0.1	  0.6	0.000	0.000	0.000
24	  K	  0.2	  0.4	0.000	0.000	0.000
25	  E	  0.8	  0.2	0.000	0.000	0.000
26	  Y	  3.0	  0.1	0.000	0.000	0.000
27	  C	  4.0	  0.1	0.000	0.000	0.000
28	  R	  7.1	  0.1	0.000	0.000	0.000
29	  L	  4.9	  0.1	0.000	0.000	0.000
30	  D	  3.9	  0.9	0.000	0.000	0.000
31	  P	  0.1	  1.1	0.000	0.000	0.000
32	  A	  0.0	  1.3	0.000	0.000	0.000
33	  G	  0.0	  1.5	0.000	0.000	0.000
34	  G	  0.0	  0.7	0.000	0.000	0.000
35	  S	  5.5	  0.5	0.000	0.000	0.000
36	  I	  6.0	  0.3	0.000	0.039	0.039
37	  S	  6.3	  0.2	0.000	0.039	0.039
38	  K	  1.1	  0.2	0.000	0.039	0.039
39	  E	  3.2	  0.1	0.000	0.039	0.039
40	  I	 14.8	  0.1	0.000	66.892	66.892
41	  T	 26.9	  0.0	0.000	67.777	67.777
42	  W	 28.2	  0.0	0.000	71.305	71.305
43	  T	 17.5	  0.1	0.000	71.620	71.620
44	  I	  4.9	  0.1	0.000	72.176	72.176
45	  G	  0.4	  0.1	0.000	63.684	63.684
46	  Y	  3.2	  0.1	0.000	63.330	63.330
47	  S	  3.4	  0.0	0.000	56.964	56.964
48	  I	  5.1	  0.0	0.000	56.178	56.178
49	  A	  2.2	  0.0	0.000	46.851	46.851
50	  F	  5.3	  0.0	0.000	43.536	43.536
51	  D	  3.6	  0.1	0.000	0.000	0.000
52	  V	  3.7	  0.2	0.000	0.445	0.445
53	  G	  0.4	  0.2	0.000	0.445	0.445
54	  I	  3.0	  0.2	0.000	0.657	0.657
55	  S	  4.2	  0.1	0.523	0.657	0.657
56	  I	  4.7	  0.0	0.523	0.804	0.804
57	  E	  2.3	  0.0	0.523	0.359	0.359
58	  K	  2.9	  0.0	0.523	0.359	0.359
59	  V	  3.3	  0.0	0.523	10.707	10.707
60	  I	  3.3	  0.4	0.523	10.707	10.707
61	  G	  1.0	  0.4	0.523	10.348	10.348
62	  A	  0.1	  0.4	0.396	10.476	10.476
63	  M	  0.1	  0.6	0.195	10.627	10.627
64	  A	  0.2	  0.3	0.000	8.997	8.997
65	  G	  0.1	  0.3	0.000	7.683	7.683
66	  I	  0.4	  0.5	0.000	9.210	9.210
67	  G	  0.3	  0.3	0.000	7.698	7.698
68	  I	  0.6	  0.3	0.000	7.562	7.562
69	  G	  0.5	  0.3	0.000	5.995	5.995
70	  I	  0.9	  0.1	0.000	5.995	5.995
71	  D	  0.6	  1.0	0.234	0.000	0.000
72	  R	  0.8	  1.0	0.234	0.000	0.000
73	  S	  2.4	  1.2	0.234	0.000	0.000
74	  T	  2.9	  1.3	0.234	0.000	0.000
75	  S	  2.8	  0.5	0.234	0.000	0.000
76	  R	  0.9	  0.5	0.234	0.000	0.000
77	  T	  0.7	  0.2	0.000	0.000	0.000
78	  C	  0.9	  0.4	0.000	0.000	0.000
79	  G	  0.8	  0.5	0.000	0.000	0.000
80	  A	  0.7	  0.5	0.000	0.000	0.000
81	  T	  2.8	  0.6	0.000	0.000	0.000
82	  C	  4.0	  0.4	0.000	0.000	0.000
83	  N	  3.9	  0.2	0.000	0.000	0.000
84	  C	  1.7	  0.1	0.000	0.000	0.000
85	  M	  0.4	  0.8	0.000	0.000	0.000
86	  P	  0.2	  0.8	0.000	0.000	0.000
87	  N	  0.2	  0.8	0.140	0.136	0.136
88	  L	  1.0	  0.8	0.140	3.678	3.678
89	  Q	  1.2	  0.0	0.140	4.263	4.263
90	  V	  2.9	  0.0	0.140	4.263	4.263
91	  C	  2.8	  0.0	0.140	4.263	4.263
92	  I	  3.1	  0.0	0.140	4.263	4.263
93	  W	  1.8	  0.1	0.217	4.092	4.092
94	  E	  1.2	  0.1	0.217	0.000	0.000
95	  Q	  0.8	  0.1	0.217	0.000	0.000
96	  S	  0.4	  0.1	0.175	0.274	0.274
97	  L	  0.6	  0.1	0.175	0.921	0.921
98	  F	 10.1	  0.0	0.175	0.921	0.921
99	  T	 30.5	  0.0	0.097	0.921	0.921
100	  W	 30.4	  0.1	0.097	0.921	0.921
101	  S	 22.0	  0.2	0.476	0.647	0.647
102	  D	  0.3	  0.2	0.598	0.000	0.000
103	  T	  1.5	  0.3	0.857	0.000	0.000
104	  Q	  1.7	  0.2	0.857	0.000	0.000
105	  K	  1.9	  0.2	0.857	0.000	0.000
106	  Q	  0.9	  0.1	0.857	0.000	0.000
107	  K	  3.3	  0.1	0.725	0.000	0.000
108	  C	  4.5	  0.1	0.428	0.000	0.000
109	  T	  4.9	  0.1	0.095	0.000	0.000
110	  R	  2.6	  0.0	0.095	0.000	0.000
111	  F	  1.4	  0.6	0.095	0.000	0.000
112	  A	  0.6	  0.5	0.000	0.000	0.000
113	  N	  2.3	  0.7	0.000	0.000	0.000
114	  C	  2.1	  1.3	0.000	0.000	0.000
115	  E	  2.1	  2.0	0.000	0.000	0.000
116	  G	  0.1	  2.0	0.000	0.000	0.000
117	  G	  0.2	  1.9	0.000	0.000	0.000
118	  Y	  1.8	  1.4	0.000	0.000	0.000
119	  T	  2.2	  0.2	0.000	0.000	0.000
120	  D	  2.0	  0.2	0.000	0.000	0.000
121	  C	  0.4	  0.2	0.000	0.000	0.000
122	  G	  0.0	  0.3	0.000	0.000	0.000
123	  P	  0.0	  0.2	0.000	0.000	0.000
124	  W	  0.3	  0.2	0.000	0.000	0.000
125	  S	  0.4	  0.2	0.652	0.000	0.000
126	  E	  1.7	  0.1	0.652	0.000	0.000
127	  Y	  3.4	  0.1	0.652	0.000	0.000
128	  Q	  3.6	  0.1	0.652	0.000	0.000
129	  R	  2.7	  0.1	0.652	0.000	0.000
130	  T	  0.9	  0.1	0.652	0.000	0.000
131	  N	  0.7	  0.1	0.652	0.000	0.000
132	  A	  0.2	  0.2	0.325	0.000	0.000
133	  P	  0.0	  0.2	0.000	0.000	0.000
134	  Y	  0.5	  0.4	0.000	0.000	0.000
135	  K	  0.6	  0.4	0.000	0.000	0.000
136	  N	  0.6	  5.3	0.000	0.000	0.000
137	  A	  0.1	  5.3	0.000	0.000	0.000
138	  D	  0.6	  5.1	0.000	0.000	0.000
139	  C	  1.6	  5.2	0.000	0.000	0.000
140	  R	  3.0	  0.2	0.000	0.000	0.000
141	  S	 10.6	  0.6	0.000	0.000	0.000
142	  Y	 12.7	  0.6	0.000	0.000	0.000
143	  N	 11.3	  0.8	0.000	0.000	0.000
144	  Y	  3.7	  1.9	0.000	0.000	0.000
145	  G	  0.5	  1.5	0.000	0.000	0.000
146	  C	  0.7	  1.7	0.000	0.000	0.000
147	  S	  0.8	  1.7	0.000	0.000	0.000
148	  T	  0.8	  0.6	0.000	0.000	0.000
149	  N	  0.6	  2.4	0.000	0.000	0.000
150	  E	  0.1	  3.2	0.000	0.000	0.000
151	  G	  0.1	  2.9	0.000	0.000	0.000
152	  C	  0.5	  2.8	0.000	0.000	0.000
153	  N	  0.5	  1.1	0.000	0.000	0.000
154	  F	  0.4	  0.1	0.000	0.000	0.000
