res	aa	Beta	Turn	Helix	Aggregation	Conc-Stab_Aggregation
01	  M	  0.4	  0.0	0.000	0.000	0.000
02	  F	  1.3	  0.1	0.000	0.000	0.000
03	  D	  1.4	  0.1	0.000	0.000	0.000
04	  S	  1.0	  0.1	0.000	0.000	0.000
05	  S	  0.1	  0.3	0.000	0.000	0.000
06	  P	  0.0	  0.2	0.000	0.000	0.000
07	  L	  2.8	  0.2	0.000	0.000	0.000
08	  E	  3.0	  0.2	0.000	0.000	0.000
09	  V	  3.0	  0.0	0.000	0.000	0.000
10	  P	  0.2	  0.1	0.000	0.000	0.000
11	  K	  0.2	  0.1	0.000	0.000	0.000
12	  Q	  0.4	  0.2	0.000	0.000	0.000
13	  R	  2.0	  0.2	0.000	0.000	0.000
14	  S	  2.5	  0.1	0.000	0.000	0.000
15	  F	  2.9	  0.1	0.000	0.000	0.000
16	  A	  1.3	  0.0	0.000	0.000	0.000
17	  A	  0.7	  0.0	0.000	0.000	0.000
18	  N	  0.0	  0.6	0.000	0.000	0.000
19	  P	  0.0	  0.7	0.000	0.000	0.000
20	  T	  0.4	  1.0	0.337	0.000	0.000
21	  K	  0.4	  1.0	0.337	0.000	0.000
22	  D	  0.5	  0.5	0.337	0.000	0.000
23	  R	  0.4	  0.5	0.337	0.000	0.000
24	  R	  1.3	  0.2	0.337	0.000	0.000
25	  R	  2.2	  0.2	0.337	0.000	0.000
26	  F	  2.0	  0.2	0.191	0.000	0.000
27	  S	  1.2	  0.3	0.000	0.000	0.000
28	  D	  1.8	  0.3	0.000	0.000	0.000
29	  T	  8.0	  0.3	0.263	0.000	0.000
30	  F	  9.9	  0.1	0.263	0.000	0.000
31	  F	 10.1	  0.0	0.263	0.000	0.000
32	  Q	  4.4	  0.0	0.263	0.000	0.000
33	  K	  2.3	  0.0	0.263	0.000	0.000
34	  Q	  0.6	  0.0	0.263	0.000	0.000
35	  P	  0.0	  0.0	0.000	0.000	0.000
36	  L	  0.0	  0.3	0.000	0.000	0.000
37	  P	  0.0	  0.4	0.000	0.000	0.000
38	  S	  0.4	  0.4	0.324	0.000	0.000
39	  R	  0.6	  0.4	0.324	0.000	0.000
40	  R	  1.2	  0.1	0.324	0.000	0.000
41	  T	 18.6	  0.1	0.324	0.000	0.000
42	  V	 18.6	  0.1	0.324	0.000	0.000
43	  S	 18.1	  0.0	0.324	0.000	0.000
44	  E	  0.4	  0.0	0.143	0.000	0.000
45	  K	  0.1	  0.0	0.143	0.000	0.000
46	  P	  0.0	  1.1	0.000	0.000	0.000
47	  P	  0.0	  1.1	0.000	0.000	0.000
48	  N	  0.0	  1.1	0.000	0.000	0.000
49	  L	  0.2	  1.1	0.135	0.000	0.000
50	  L	  0.5	  0.0	0.585	0.000	0.000
51	  Q	  0.5	  0.3	0.922	0.000	0.000
52	  A	  0.4	  0.3	1.076	0.000	0.000
53	  D	  0.1	  0.3	1.376	0.000	0.000
54	  L	  0.2	  0.3	1.376	0.000	0.000
55	  L	  0.7	  0.1	1.376	0.000	0.000
56	  R	  0.8	  0.2	1.376	0.000	0.000
57	  S	  1.0	  0.3	1.075	0.000	0.000
58	  S	  0.6	  0.3	0.300	0.000	0.000
59	  R	  4.8	  0.2	0.000	0.000	0.000
60	  Y	  5.3	  0.1	0.000	0.000	0.000
61	  N	  5.3	  0.4	0.000	0.000	0.000
62	  T	  1.3	  0.4	0.000	0.000	0.000
63	  D	  0.8	  0.8	0.000	0.000	0.000
64	  W	  1.5	  0.9	0.000	0.000	0.000
65	  S	  1.3	  0.6	0.293	0.000	0.000
66	  S	  1.1	  0.6	0.536	0.000	0.000
67	  A	  0.6	  0.2	0.536	0.240	0.240
68	  V	  2.4	  0.2	0.536	0.240	0.240
69	  A	  2.7	  0.2	0.536	0.240	0.240
70	  S	 15.5	  0.2	0.536	0.240	0.240
71	  Y	 13.8	  0.2	0.407	0.240	0.240
72	  N	 13.3	  3.8	0.110	0.000	0.000
73	  P	  0.2	  4.1	0.110	0.000	0.000
74	  G	  0.0	  4.1	0.110	0.000	0.000
75	  S	  1.8	  4.1	0.110	0.000	0.000
76	  L	  3.3	  0.3	0.110	0.000	0.000
77	  R	  3.6	  0.1	0.110	0.000	0.000
78	  L	  1.9	  0.2	0.110	0.000	0.000
79	  E	  0.4	  0.2	0.000	0.000	0.000
80	  D	  0.2	  0.2	0.000	0.000	0.000
81	  I	  0.1	  0.6	0.000	0.000	0.000
82	  P	  0.1	  0.3	0.000	0.000	0.000
83	  N	  0.2	  0.3	0.000	0.000	0.000
84	  V	  0.2	  0.3	0.000	0.000	0.000
85	  P	  0.2	  0.0	0.000	0.000	0.000
86	  V	  3.9	  0.0	0.000	0.000	0.000
87	  Y	  4.3	  0.0	0.000	0.000	0.000
88	  N	  4.3	  0.1	1.226	0.000	0.000
89	  R	  0.6	  0.4	1.226	0.000	0.000
90	  A	  0.2	  0.5	1.226	0.000	0.000
91	  T	  0.3	  0.6	1.226	0.000	0.000
92	  G	  0.1	  0.6	1.226	0.000	0.000
93	  K	  0.8	  0.3	1.226	0.000	0.000
94	  F	  4.6	  0.2	0.137	0.000	0.000
95	  R	  7.0	  0.0	0.000	0.000	0.000
96	  V	 10.5	  0.0	0.000	0.000	0.000
97	  F	  7.0	  0.3	0.000	0.000	0.000
98	  S	  4.5	  0.3	0.000	0.000	0.000
99	  D	  0.3	  1.9	0.000	0.000	0.000
100	  K	  0.4	  1.9	0.000	0.000	0.000
101	  S	  0.4	  1.6	0.000	0.000	0.000
102	  R	  0.4	  1.7	0.000	0.000	0.000
103	  P	  0.0	  0.2	0.000	0.000	0.000
104	  R	  0.8	  0.2	0.000	0.000	0.000
105	  R	  2.1	  0.2	0.000	0.000	0.000
106	  V	  3.1	  0.1	0.000	0.000	0.000
107	  Q	  2.5	  0.1	0.094	0.000	0.000
108	  S	  1.2	  0.2	5.132	0.000	0.000
109	  E	  0.1	  0.2	5.470	0.000	0.000
110	  E	  1.3	  0.1	5.582	0.000	0.000
111	  V	  2.2	  0.1	5.582	0.000	0.000
112	  R	  2.4	  0.1	5.582	0.000	0.000
113	  R	  2.5	  0.1	5.582	0.000	0.000
114	  S	 20.2	  0.2	5.146	0.000	0.000
115	  Y	 21.1	  0.3	2.209	0.000	0.000
116	  S	 20.6	  0.8	0.168	0.000	0.000
117	  S	  2.2	  0.9	0.000	0.000	0.000
118	  S	  0.8	  2.4	0.000	0.000	0.000
119	  E	  0.1	  2.3	0.000	0.000	0.000
120	  D	  0.2	  2.9	0.000	0.000	0.000
121	  L	  0.5	  2.8	0.000	0.000	0.000
122	  N	  1.4	  1.2	0.861	0.000	0.000
123	  S	  8.1	  1.5	0.861	0.000	0.000
124	  F	  8.8	  0.4	0.861	0.000	0.000
125	  D	  8.0	  1.5	0.861	0.000	0.000
126	  L	  1.3	  1.5	0.861	0.000	0.000
127	  N	  0.3	  1.3	3.772	0.000	0.000
128	  K	  0.3	  1.3	3.550	0.000	0.000
129	  Q	  0.9	  0.1	3.212	0.000	0.000
130	  T	  7.1	  0.1	3.249	0.000	0.000
131	  F	  7.1	  0.1	3.609	0.000	0.000
132	  D	  6.3	  2.9	12.141	0.000	0.000
133	  E	  0.2	  2.9	12.422	0.000	0.000
134	  N	  0.0	  2.9	12.839	0.000	0.000
135	  R	  0.5	  2.9	12.631	0.000	0.000
136	  L	  1.5	  0.1	12.412	0.000	0.000
137	  R	  2.0	  0.1	12.171	0.000	0.000
138	  Y	  2.3	  0.1	10.876	0.000	0.000
139	  K	  1.4	  0.1	4.304	0.000	0.000
140	  S	  1.1	  0.1	1.276	0.000	0.000
141	  E	  0.2	  0.1	0.528	0.000	0.000
142	  L	  0.0	  0.0	0.303	0.000	0.000
143	  P	  0.0	  0.0	0.000	0.000	0.000
144	  P	  0.0	  0.0	0.000	0.000	0.000
145	  L	  0.0	  0.4	0.000	0.000	0.000
146	  P	  0.0	  0.7	0.000	0.000	0.000
147	  S	  0.1	  1.4	0.000	0.000	0.000
148	  D	  0.1	 12.3	0.000	0.000	0.000
149	  S	  0.1	 12.4	0.000	0.000	0.000
150	  D	  0.0	 12.7	0.000	0.000	0.000
151	  G	  0.0	 12.1	0.000	0.000	0.000
152	  S	  0.1	  1.3	0.000	0.000	0.000
153	  S	  0.1	  0.8	0.114	0.000	0.000
154	  E	  0.1	  0.3	0.114	0.000	0.000
155	  E	  0.0	  0.3	0.114	0.000	0.000
156	  E	  0.0	  0.2	0.114	0.000	0.000
157	  S	  0.1	  0.2	0.232	0.000	0.000
158	  E	  0.2	  0.2	0.232	0.000	0.000
159	  L	  0.7	  0.1	0.232	0.000	0.000
160	  F	  2.2	  0.3	0.232	0.000	0.000
161	  S	  2.2	  0.2	0.118	0.000	0.000
162	  S	  1.6	  0.2	0.118	0.000	0.000
163	  N	  0.1	  3.8	0.000	0.000	0.000
164	  P	  0.0	  3.7	0.000	0.000	0.000
165	  S	  0.1	  3.8	0.000	0.000	0.000
166	  S	  0.3	  3.8	0.000	0.000	0.000
167	  K	  0.8	  0.2	0.000	0.000	0.000
168	  Y	  6.9	  0.1	0.000	0.000	0.000
169	  S	 26.3	  0.1	0.000	0.000	0.000
170	  Y	 26.2	  0.2	0.000	0.000	0.000
171	  S	 21.4	  0.4	0.000	0.000	0.000
172	  E	  0.6	  0.7	0.000	0.000	0.000
173	  E	  0.0	  0.6	0.000	0.000	0.000
174	  G	  0.0	  0.5	0.000	0.000	0.000
175	  S	  0.0	  0.5	0.000	0.000	0.000
176	  P	  0.0	  0.3	0.000	0.000	0.000
177	  R	  0.0	  0.3	0.000	0.000	0.000
178	  Q	  0.0	  0.3	0.000	0.000	0.000
179	  P	  0.0	  0.0	0.000	0.000	0.000
180	  P	  0.0	  0.3	0.000	0.000	0.000
181	  P	  0.0	  0.3	0.000	0.000	0.000
182	  E	  0.8	  0.4	0.000	0.000	0.000
183	  R	  1.3	  0.6	0.000	0.000	0.000
184	  K	  1.4	  0.4	0.000	0.000	0.000
185	  N	  0.7	  0.3	0.145	0.000	0.000
186	  Y	  1.1	  0.4	0.145	0.000	0.000
187	  L	  1.0	  0.3	0.145	0.000	0.000
188	  D	  1.0	  0.4	0.145	0.000	0.000
189	  D	  0.2	  2.5	0.145	0.000	0.000
190	  L	  0.3	  2.5	0.145	0.000	0.000
191	  S	  0.3	  5.1	0.145	0.000	0.000
192	  G	  0.2	  5.1	0.000	0.000	0.000
193	  N	  0.1	  2.9	0.000	0.000	0.000
194	  F	  0.8	  2.8	0.000	0.000	0.000
195	  L	  1.3	  0.0	0.000	0.000	0.000
196	  Q	  2.1	  0.0	0.000	0.000	0.000
197	  H	  2.1	  0.0	0.000	0.000	0.000
198	  I	  1.6	  0.0	0.000	0.000	0.000
199	  P	  0.7	  0.0	0.000	0.000	0.000
200	  R	  0.3	  0.1	0.000	0.000	0.000
201	  R	  0.9	  0.1	0.000	0.000	0.000
202	  S	 10.1	  0.2	0.086	0.000	0.000
203	  V	 10.6	  0.2	0.086	0.000	0.000
204	  S	 10.3	  0.1	0.086	0.000	0.000
205	  T	 12.6	  0.1	0.086	0.000	0.000
206	  I	 12.5	  0.1	0.086	0.000	0.000
207	  S	 12.7	  0.1	0.086	0.000	0.000
208	  T	  4.8	  0.1	0.000	0.000	0.000
209	  C	  4.1	  0.1	0.000	0.000	0.000
210	  R	  4.6	  0.1	0.000	0.000	0.000
211	  T	 10.4	  0.1	0.212	0.000	0.000
212	  Y	 11.2	  0.2	0.212	0.000	0.000
213	  E	 10.4	  0.1	0.212	0.000	0.000
214	  S	  9.1	  0.5	0.212	0.000	0.000
215	  Y	 10.8	  0.5	0.212	0.000	0.000
216	  N	 10.6	  0.8	0.212	0.000	0.000
217	  F	  3.1	  2.1	0.114	0.000	0.000
218	  G	  0.1	  2.0	0.000	0.000	0.000
219	  S	  0.1	  2.0	0.000	0.000	0.000
220	  D	  0.7	  2.2	0.000	0.000	0.000
221	  I	  1.5	  1.0	0.000	0.000	0.000
222	  D	  1.5	  0.9	0.000	0.000	0.000
223	  S	  2.1	  1.1	0.000	0.000	0.000
224	  H	  1.6	  0.4	0.000	0.000	0.000
225	  S	  2.1	  0.4	0.121	0.000	0.000
226	  V	  2.4	  0.2	0.121	0.146	0.146
227	  L	  2.6	  0.0	0.121	0.146	0.146
228	  T	  2.5	  0.1	0.121	0.146	0.146
229	  S	  1.3	  0.2	0.121	0.146	0.146
230	  A	  0.8	  0.3	0.121	0.146	0.146
231	  E	  0.4	  0.3	0.000	0.000	0.000
232	  S	  0.4	  0.2	0.000	0.000	0.000
233	  I	  1.4	  0.1	0.000	0.000	0.000
234	  A	  1.4	  0.2	0.000	0.000	0.000
235	  S	  1.1	  1.2	0.000	0.000	0.000
236	  E	  0.0	  1.9	0.000	0.000	0.000
237	  G	  0.0	  1.9	0.000	0.000	0.000
238	  S	  0.3	  1.7	0.000	0.000	0.000
239	  L	  1.0	  0.7	0.000	0.000	0.000
240	  W	  1.1	  0.0	0.000	0.000	0.000
241	  I	  0.9	  0.0	0.000	0.000	0.000
242	  P	  0.1	  0.0	0.000	0.000	0.000
243	  Q	  0.0	  0.0	0.000	0.000	0.000
244	  P	  0.0	  0.6	0.000	0.000	0.000
245	  A	  0.1	  0.8	0.000	0.000	0.000
246	  S	  0.1	  0.9	0.142	0.000	0.000
247	  G	  0.2	  0.9	0.142	0.000	0.000
248	  V	  3.8	  0.2	0.142	0.000	0.000
249	  T	  4.9	  0.1	0.142	0.000	0.000
250	  Q	  5.0	  0.1	0.142	0.000	0.000
251	  R	  1.6	  0.2	0.142	0.000	0.000
252	  S	  0.5	  0.3	0.000	0.000	0.000
253	  S	  0.3	  2.7	0.000	0.000	0.000
254	  E	  0.2	  2.6	0.000	0.000	0.000
255	  D	  0.1	  2.5	0.000	0.000	0.000
256	  A	  0.0	  2.5	0.000	0.000	0.000
257	  P	  0.0	  0.1	0.000	0.000	0.000
258	  L	  1.5	  0.1	0.000	0.000	0.000
259	  Q	  3.8	  0.1	0.000	0.000	0.000
260	  Y	 10.0	  0.0	0.000	0.000	0.000
261	  S	  8.6	  0.0	0.000	0.000	0.000
262	  L	  6.4	  0.0	0.000	0.000	0.000
263	  P	  0.1	  0.2	0.000	0.000	0.000
264	  A	  0.1	  0.3	0.000	0.000	0.000
265	  S	  0.3	  0.4	0.000	0.000	0.000
266	  S	  0.6	  0.4	0.000	0.000	0.000
267	  K	  1.2	  0.2	0.000	0.000	0.000
268	  I	  4.9	  0.1	0.000	3.909	3.909
269	  S	  5.6	  0.0	0.000	3.909	3.909
270	  F	  6.0	  0.0	0.000	3.909	3.909
271	  F	  7.2	  0.0	0.000	3.909	3.909
272	  T	  6.2	  0.0	0.000	3.909	3.909
273	  S	  5.2	  0.2	0.321	0.000	0.000
274	  P	  0.1	  0.3	0.321	0.000	0.000
275	  K	  0.2	  0.3	0.321	0.000	0.000
276	  T	  1.8	  0.3	0.321	0.000	0.000
277	  L	  1.8	  0.1	0.321	0.000	0.000
278	  L	  1.6	  0.0	0.321	0.000	0.000
279	  P	  0.0	  1.1	0.000	0.000	0.000
280	  P	  0.0	  1.2	0.000	0.000	0.000
281	  D	  0.0	  1.3	0.218	0.000	0.000
282	  S	  3.1	  2.3	0.614	0.000	0.000
283	  A	  3.5	  1.2	0.614	0.000	0.000
284	  S	  3.6	  1.1	0.750	0.000	0.000
285	  M	  0.7	  1.0	0.750	0.000	0.000
286	  A	  0.4	  0.0	0.750	0.000	0.000
287	  Q	  1.5	  0.0	0.750	0.000	0.000
288	  L	  1.5	  0.0	0.447	0.000	0.000
289	  S	  1.3	  3.1	0.136	0.000	0.000
290	  P	  0.1	  3.2	0.000	0.000	0.000
291	  S	  4.0	  3.2	0.000	0.000	0.000
292	  K	  4.0	  3.2	0.000	0.000	0.000
293	  S	  4.0	  0.1	0.325	0.000	0.000
294	  P	  0.0	  0.1	0.325	0.000	0.000
295	  M	  0.5	  0.2	0.325	0.000	0.000
296	  T	  1.9	  0.2	0.325	0.000	0.000
297	  S	 22.6	  0.2	0.325	0.000	0.000
298	  Y	 24.3	  0.2	0.325	0.000	0.000
299	  S	 23.1	  0.2	0.000	0.000	0.000
300	  S	  2.9	  0.4	0.000	0.000	0.000
301	  P	  0.0	  0.3	0.000	0.000	0.000
302	  E	  0.2	  0.4	0.000	0.000	0.000
303	  K	  0.2	  0.9	0.000	0.000	0.000
304	  S	  0.2	  0.7	0.000	0.000	0.000
305	  D	  0.1	  0.6	0.000	0.000	0.000
306	  A	  0.3	  0.5	0.000	0.344	0.344
307	  I	  3.1	  0.0	0.000	0.344	0.344
308	  F	  3.2	  0.0	0.000	0.344	0.344
309	  L	  3.0	  0.1	0.000	0.344	0.344
310	  P	  0.1	  0.2	0.000	0.344	0.344
311	  K	  0.2	  0.3	0.000	0.000	0.000
312	  E	  0.3	  0.3	0.000	0.000	0.000
313	  H	  1.1	  0.1	0.000	0.000	0.000
314	  R	  1.9	  0.1	0.000	0.000	0.000
315	  F	  3.3	  0.3	0.000	0.000	0.000
316	  S	  2.7	  0.3	0.000	0.000	0.000
317	  S	  1.8	  0.3	0.000	0.000	0.000
318	  L	  0.3	  1.1	0.000	0.000	0.000
319	  P	  0.1	  0.8	0.000	0.000	0.000
320	  N	  0.0	  1.3	0.000	0.000	0.000
321	  K	  0.4	  1.3	0.000	0.000	0.000
322	  S	  0.4	  0.6	0.000	0.000	0.000
323	  L	  0.4	  0.6	0.000	0.000	0.000
324	  P	  0.0	  0.0	0.000	0.000	0.000
325	  P	  0.0	  0.0	0.000	0.000	0.000
326	  V	  0.0	  0.1	0.000	0.000	0.000
327	  P	  0.0	  0.1	0.000	0.000	0.000
328	  T	  0.2	  0.1	0.000	0.000	0.000
329	  K	  0.2	  0.7	0.000	0.000	0.000
330	  P	  0.2	  0.6	0.000	0.000	0.000
331	  N	  0.2	  1.0	0.000	0.000	0.000
332	  T	  0.8	  1.1	0.000	0.000	0.000
333	  N	  1.9	  0.5	0.000	0.000	0.000
334	  T	  1.9	  0.5	0.000	0.000	0.000
335	  R	  1.3	  0.8	0.000	0.000	0.000
336	  P	  0.1	  0.8	0.000	0.000	0.000
337	  N	  0.3	  0.8	0.000	0.000	0.000
338	  S	  1.1	  0.8	0.000	0.000	0.000
339	  I	  1.2	  0.0	0.000	0.000	0.000
340	  C	  0.9	  0.7	0.000	0.000	0.000
341	  P	  0.1	  0.8	0.000	0.000	0.000
342	  T	  0.5	  0.9	0.000	0.000	0.000
343	  D	  0.6	  1.0	0.000	0.000	0.000
344	  S	  0.7	  0.4	0.000	0.000	0.000
345	  K	  0.3	  0.3	0.000	0.000	0.000
346	  K	  4.9	  0.2	0.000	0.000	0.000
347	  V	 12.6	  0.1	0.000	6.545	6.545
348	  T	 20.3	  0.0	0.000	6.545	6.545
349	  F	 17.8	  0.0	0.000	6.545	6.545
350	  C	 11.2	  0.2	0.000	6.545	6.545
351	  L	  4.0	  0.2	0.000	6.545	6.545
352	  D	  2.0	  0.5	0.711	0.000	0.000
353	  L	  0.8	  0.6	0.711	0.000	0.000
354	  G	  0.0	  0.6	0.976	0.000	0.000
355	  A	  0.1	  0.5	0.976	0.000	0.000
356	  E	  2.0	  0.2	0.976	0.000	0.000
357	  Y	  2.4	  0.2	1.095	0.000	0.000
358	  D	  2.3	  1.6	1.303	0.000	0.000
359	  K	  0.6	  1.7	1.172	0.000	0.000
360	  S	  0.4	  1.7	1.029	0.000	0.000
361	  R	  0.9	  1.6	0.786	0.000	0.000
362	  F	  2.3	  0.0	0.682	0.000	0.000
363	  M	  2.3	  0.0	0.209	0.000	0.000
364	  I	  1.7	  0.0	0.000	0.000	0.000
365	  P	  0.1	  0.1	0.000	0.000	0.000
366	  K	  0.2	  0.1	0.000	0.000	0.000
367	  E	  3.2	  0.1	0.000	0.000	0.000
368	  Y	  4.5	  0.2	0.000	0.000	0.000
369	  K	  4.6	  0.1	0.000	0.000	0.000
370	  L	  2.0	  0.1	0.000	0.000	0.000
371	  L	  0.9	  0.1	0.000	0.000	0.000
372	  S	  0.9	  0.1	0.339	0.000	0.000
373	  Q	  0.5	  0.2	0.339	0.000	0.000
374	  E	  0.6	  0.2	0.339	0.000	0.000
375	  R	  1.2	  0.1	0.339	0.000	0.000
376	  F	  3.3	  0.2	0.339	0.000	0.000
377	  S	  3.4	  0.1	0.339	0.000	0.000
378	  K	  7.2	  0.1	0.175	0.000	0.000
379	  V	  5.6	  0.1	0.000	0.000	0.000
380	  A	  5.2	  0.0	0.000	0.000	0.000
381	  P	  0.4	  0.0	0.000	0.000	0.000
382	  K	  0.0	  0.2	0.000	0.000	0.000
383	  P	  0.0	  0.4	0.000	0.000	0.000
384	  R	  0.1	  0.4	0.000	0.000	0.000
385	  D	  0.3	  0.5	0.248	0.000	0.000
386	  T	  1.7	  0.3	0.911	0.000	0.000
387	  K	  1.9	  0.2	0.911	0.000	0.000
388	  Q	  1.7	  0.2	0.911	0.000	0.000
389	  E	  0.4	  0.1	0.911	0.000	0.000
390	  R	  3.2	  0.1	0.911	0.000	0.000
391	  V	  3.7	  0.0	0.787	0.000	0.000
392	  K	  3.6	  0.2	0.787	0.000	0.000
393	  P	  0.6	  0.2	0.000	0.000	0.000
394	  R	  0.3	  0.2	0.000	0.000	0.000
395	  A	  0.8	  0.2	0.000	0.000	0.000
396	  V	  4.6	  0.0	0.000	0.000	0.000
397	  S	  4.4	  0.0	0.000	0.000	0.000
398	  Q	  3.9	  0.0	0.000	0.000	0.000
399	  P	  0.1	  0.0	0.000	0.000	0.000
400	  N	  0.0	  1.9	0.000	0.000	0.000
401	  P	  0.0	  1.9	0.000	0.000	0.000
402	  S	  1.3	  1.9	0.000	0.000	0.000
403	  L	  1.4	  1.9	0.000	0.000	0.000
404	  Q	  1.4	  0.0	0.000	0.000	0.000
405	  P	  0.1	  0.0	0.000	0.000	0.000
406	  I	  1.1	  0.0	0.000	0.000	0.000
407	  A	  1.2	  0.1	0.000	0.000	0.000
408	  S	  1.3	  0.1	0.702	0.000	0.000
409	  R	  0.5	  0.2	0.702	0.000	0.000
410	  K	  1.1	  0.2	0.702	0.000	0.000
411	  T	  5.6	  0.2	0.702	0.000	0.000
412	  V	  7.5	  0.1	0.702	0.000	0.000
413	  D	  6.9	  0.7	0.702	0.000	0.000
414	  L	  2.7	  0.8	0.484	0.000	0.000
415	  S	  0.7	  0.7	0.484	0.000	0.000
416	  S	  0.6	  0.7	0.179	0.000	0.000
417	  K	  0.3	  0.1	0.000	0.000	0.000
418	  P	  0.1	  0.0	0.000	0.000	0.000
419	  L	  0.0	  0.0	0.000	0.000	0.000
420	  P	  0.0	  0.0	0.000	0.000	0.000
421	  P	  0.0	  0.2	0.000	0.000	0.000
422	  P	  0.0	  0.4	0.000	0.000	0.000
423	  K	  0.8	  0.4	0.000	0.000	0.000
424	  S	  0.9	  0.4	0.000	0.000	0.000
425	  A	  0.9	  0.2	0.000	0.000	0.000
426	  P	  0.1	  0.0	0.000	0.000	0.000
427	  V	  2.5	  0.0	0.000	0.000	0.000
428	  F	  2.7	  0.0	0.000	0.000	0.000
429	  K	  2.7	  0.0	0.000	0.000	0.000
430	  P	  0.2	  0.2	0.000	0.000	0.000
431	  A	  0.4	  0.2	0.000	0.000	0.000
432	  S	  0.5	  0.2	0.000	0.000	0.000
433	  Q	  0.5	  0.2	0.000	0.000	0.000
434	  P	  0.1	  0.0	0.000	0.000	0.000
435	  V	  0.3	  0.0	0.000	0.000	0.000
436	  S	  0.4	  3.0	0.000	0.000	0.000
437	  P	  0.4	  3.1	0.000	0.000	0.000
438	  S	  0.2	  3.1	0.905	0.000	0.000
439	  R	  0.4	  3.2	0.905	0.000	0.000
440	  Q	  0.6	  0.2	0.905	0.000	0.000
441	  T	  1.8	  0.1	0.905	0.000	0.000
442	  K	  9.8	  0.1	0.905	0.000	0.000
443	  F	 10.2	  0.0	0.905	0.000	0.000
444	  E	  9.0	  0.0	0.217	0.000	0.000
445	  P	  0.6	  0.0	0.000	0.000	0.000
446	  I	  0.0	  0.0	0.000	0.000	0.000
447	  P	  0.0	  0.0	0.000	0.000	0.000
448	  F	  0.5	  0.1	0.000	0.000	0.000
449	  R	  0.9	  0.1	0.000	0.000	0.000
450	  T	  1.5	  0.1	0.000	0.000	0.000
451	  N	  4.0	  0.1	0.098	0.000	0.000
452	  V	 11.2	  0.0	0.098	0.000	0.000
453	  R	 13.5	  0.0	0.098	0.000	0.000
454	  I	 12.8	  0.0	0.098	0.000	0.000
455	  M	  5.1	  0.0	0.098	0.000	0.000
456	  G	  2.1	  0.0	0.098	0.000	0.000
457	  P	  0.0	  0.0	0.000	0.000	0.000
458	  I	  0.0	  0.0	0.000	0.000	0.000
