Supplemental results for CODEML (seqf: ../B8441-OG-Hil-PF11765-697-981.nuc  treef: ../p697-981.nwk)


MLEs of dN/dS (w) for site classes (K=5)

p:   0.22542  0.22542  0.22542  0.22542  0.09831
w:   0.00646  0.05828  0.17643  0.43519  1.00000

Naive Empirical Bayes (NEB) probabilities for 5 classes & postmean_w
(amino acids refer to 1st sequence: OG)

   1 L   0.37379 0.56127 0.06332 0.00162 0.00000 ( 2)  0.047
   2 A   0.00187 0.34345 0.55571 0.09674 0.00222 ( 3)  0.162
   3 P   0.00148 0.30324 0.61011 0.08490 0.00028 ( 3)  0.163
   4 G   0.00006 0.11613 0.67413 0.20792 0.00175 ( 3)  0.218
   5 T   0.00131 0.27571 0.60434 0.11798 0.00067 ( 3)  0.175
   6 I   0.00176 0.33090 0.57942 0.08730 0.00062 ( 3)  0.160
   7 I   0.00244 0.39424 0.53926 0.06380 0.00027 ( 3)  0.146
   8 K   0.00001 0.07478 0.69517 0.22590 0.00414 ( 3)  0.229
   9 V   0.83105 0.16310 0.00581 0.00004 0.00000 ( 1)  0.016
  10 A   0.00000 0.00012 0.05905 0.72735 0.21347 ( 4)  0.540
  11 G   0.81257 0.17986 0.00753 0.00004 0.00000 ( 1)  0.017
  12 F   0.91280 0.08623 0.00096 0.00000 0.00000 ( 1)  0.011
  13 G   0.80539 0.18596 0.00859 0.00006 0.00000 ( 1)  0.018
  14 D   0.00000 0.00782 0.32207 0.61481 0.05529 ( 4)  0.380
  15 G   0.02534 0.57565 0.37509 0.02386 0.00007 ( 2)  0.110
  16 N   0.86710 0.13029 0.00261 0.00001 0.00000 ( 1)  0.014
  17 V   0.00000 0.00034 0.08342 0.72658 0.18966 ( 4)  0.521
  18 I   0.86338 0.13340 0.00320 0.00002 0.00000 ( 1)  0.014
  19 A   0.00000 0.00001 0.01360 0.58883 0.39757 ( 4)  0.656
  20 V   0.04113 0.69179 0.25307 0.01387 0.00015 ( 2)  0.091
  21 N   0.86877 0.12871 0.00252 0.00001 0.00000 ( 1)  0.014
  22 L   0.04745 0.67984 0.25825 0.01438 0.00009 ( 2)  0.092
  23 L   0.00168 0.33000 0.60017 0.06800 0.00015 ( 3)  0.155
  24 F   0.90891 0.09000 0.00109 0.00000 0.00000 ( 1)  0.011
  25 L   0.00000 0.00513 0.27325 0.66409 0.05753 ( 4)  0.395
  26 S   0.00000 0.00024 0.05387 0.61858 0.32731 ( 4)  0.606
  27 H   0.00001 0.07611 0.60694 0.29930 0.01764 ( 3)  0.259
  28 S   0.00000 0.00018 0.06925 0.71812 0.21244 ( 4)  0.537
  29 Y   0.84122 0.15412 0.00464 0.00002 0.00000 ( 1)  0.015
  30 S   0.00000 0.00000 0.00005 0.04151 0.95844 ( 5)  0.977
  31 P   0.00000 0.02324 0.50980 0.45871 0.00825 ( 3)  0.299
  32 T   0.00000 0.02762 0.51299 0.44861 0.01077 ( 3)  0.298
  33 G   0.00000 0.01965 0.41427 0.52253 0.04355 ( 4)  0.345
  34 L   0.84593 0.14896 0.00508 0.00003 0.00000 ( 1)  0.015
  35 L   0.00167 0.31582 0.59474 0.08728 0.00049 ( 3)  0.162
  36 T   0.04238 0.70743 0.24472 0.00547 0.00001 ( 2)  0.087
  37 L   0.23463 0.59425 0.16432 0.00678 0.00002 ( 2)  0.068
  38 S   0.00180 0.36622 0.59594 0.03601 0.00003 ( 3)  0.142
  39 L   0.00543 0.61240 0.36805 0.01405 0.00007 ( 2)  0.107
  40 T   0.00000 0.02685 0.51469 0.45324 0.00522 ( 3)  0.295
  41 P   0.02730 0.58454 0.36394 0.02417 0.00005 ( 2)  0.109
  42 L   0.00000 0.01280 0.31953 0.62290 0.04476 ( 4)  0.373
  43 L   0.46231 0.51006 0.02744 0.00019 0.00000 ( 2)  0.038
  44 K   0.03531 0.67767 0.28023 0.00678 0.00001 ( 2)  0.092
  45 I   0.04343 0.69575 0.25151 0.00929 0.00003 ( 2)  0.089
  46 V   0.00000 0.00301 0.21919 0.71829 0.05952 ( 4)  0.411
  47 F   0.90900 0.08991 0.00108 0.00000 0.00000 ( 1)  0.011
  48 D   0.00000 0.03856 0.59836 0.35134 0.01174 ( 3)  0.272
  49 I   0.86315 0.13364 0.00320 0.00002 0.00000 ( 1)  0.014
  50 G   0.80173 0.18909 0.00912 0.00006 0.00000 ( 1)  0.018
  51 T   0.00000 0.00622 0.21333 0.64364 0.13681 ( 4)  0.455
  52 G   0.80286 0.18823 0.00886 0.00006 0.00000 ( 1)  0.018
  53 Y   0.83707 0.15791 0.00500 0.00002 0.00000 ( 1)  0.015
  54 D   0.00022 0.24447 0.58507 0.15465 0.01560 ( 3)  0.200
  55 S   0.00000 0.00004 0.02491 0.63116 0.34389 ( 4)  0.623
  56 A   0.00000 0.00011 0.04305 0.64583 0.31101 ( 4)  0.600
  57 L   0.00000 0.00001 0.01228 0.57114 0.41657 ( 4)  0.667
  58 F   0.51255 0.46909 0.01818 0.00019 0.00000 ( 1)  0.034
  59 I   0.00000 0.00000 0.00190 0.17208 0.82602 ( 5)  0.901
  60 T   0.31922 0.60629 0.07314 0.00135 0.00000 ( 2)  0.051
  61 A   0.00324 0.46447 0.49445 0.03776 0.00008 ( 3)  0.131
  62 A   0.02525 0.56617 0.38131 0.02721 0.00006 ( 2)  0.112
  63 V   0.00000 0.00360 0.21644 0.68973 0.09024 ( 4)  0.429
  64 L   0.00000 0.00811 0.11737 0.51904 0.35547 ( 4)  0.603
  65 I   0.00000 0.00774 0.35124 0.60717 0.03386 ( 4)  0.361
  66 G   0.26519 0.62028 0.11211 0.00243 0.00000 ( 2)  0.059
  67 K   0.00178 0.33238 0.57455 0.09038 0.00091 ( 3)  0.161
  68 G   0.00000 0.00000 0.00041 0.07149 0.92810 ( 5)  0.959
  69 I   0.86523 0.13170 0.00306 0.00002 0.00000 ( 1)  0.014
  70 S   0.00000 0.00255 0.17430 0.69782 0.12533 ( 4)  0.460
  71 Y   0.03244 0.63279 0.32008 0.01466 0.00002 ( 2)  0.100
  72 S   0.00014 0.19489 0.62142 0.17564 0.00791 ( 3)  0.205
  73 G   0.00000 0.00411 0.20974 0.56709 0.21906 ( 4)  0.503
  74 R   0.00000 0.01400 0.32681 0.60838 0.05080 ( 4)  0.374
  75 P   0.00000 0.03314 0.51872 0.43628 0.01186 ( 3)  0.295
  76 P   0.33567 0.59741 0.06562 0.00130 0.00001 ( 2)  0.049
  77 N   0.00000 0.04441 0.62690 0.32385 0.00484 ( 3)  0.259
  78 N   0.00000 0.00000 0.00174 0.15488 0.84338 ( 5)  0.911
  79 P   0.00000 0.00170 0.24466 0.72462 0.02902 ( 4)  0.388
  80 P   0.83354 0.16084 0.00558 0.00004 0.00000 ( 1)  0.016
  81 S   0.04236 0.69011 0.25862 0.00890 0.00001 ( 2)  0.090
  82 T   0.00000 0.00004 0.03323 0.59447 0.37226 ( 4)  0.637
  83 C   0.87296 0.12467 0.00237 0.00001 0.00000 ( 1)  0.013
  84 S   0.00000 0.00000 0.00043 0.13549 0.86407 ( 5)  0.923
  85 C   0.86938 0.12803 0.00257 0.00001 0.00000 ( 1)  0.014
  86 T   0.00000 0.00014 0.04622 0.64680 0.30685 ( 4)  0.596
  87 P   0.00000 0.01424 0.52740 0.45421 0.00415 ( 3)  0.296
  88 F   0.07015 0.77421 0.15364 0.00199 0.00000 ( 2)  0.074
  89 P   0.83097 0.16309 0.00589 0.00005 0.00000 ( 1)  0.016
  90 D   0.00000 0.05426 0.59946 0.32343 0.02285 ( 3)  0.273
  91 Y   0.00014 0.19424 0.68851 0.11647 0.00064 ( 3)  0.184

Positively selected sites

	Prob(w>1)  mean w



lnL = -2314.305144

