

TREE # 1

  0  0.0000   8158.658774  x:  0.22259   0.18545   0.00000   0.12248   0.09743   0.24346   0.06966   0.03901   0.10845   0.15303   0.10060   0.14028   0.19574   0.33864   2.00000   0.90000   0.77077   1.73763  
  1 99.0000   7238.506257  x:  0.58266   0.54552   1.30180   0.36136   0.50269   0.55438   0.37108   0.61727   0.46107   0.45106   0.42568   0.50784   0.48093   0.75138   1.93849   0.99999   0.59071   1.80424  
  2 3029.3107   7225.151602  x:  0.64399   0.60685   1.27911   0.34447   0.50815   0.61171   0.34532   0.57888   0.45182   0.44606   0.42334   0.53724   0.52302   0.83721   1.89105   0.85178   0.58728   1.80691  
  3 317.0549   7108.645270  x:  1.18448   1.14734   0.92853   0.14282   0.50281   1.13623   0.04454   0.12444   0.34521   0.40234   0.37080   0.77598   0.88328   1.61862   1.45529   0.99999   0.51929   1.87560  
  4 368.5056   7108.645270  x:  1.18448   1.14734   0.92853   0.14282   0.50281   1.13623   0.04454   0.12444   0.34521   0.40234   0.37080   0.77598   0.88328   1.61862   1.45529   0.99999   0.51929   1.87560  
  5 190.7697   7094.599056  x:  1.19048   1.15334   0.93119   0.19560   0.51448   1.13508   0.10645   0.19241   0.36993   0.42770   0.38721   0.77148   0.87709   1.63238   1.44259   0.91307   0.53502   1.87582  
  6 344.0274   7065.059065  x:  1.21059   1.17345   0.93773   0.30300   0.53417   1.13112   0.22499   0.32923   0.43466   0.49657   0.43134   0.75798   0.85844   1.67686   1.41113   0.99999   0.56599   1.88693  
  7 271.9015   7053.445405  x:  1.34099   1.30386   0.99148   0.29146   0.46730   1.11936   0.16480   0.32478   0.50713   0.55803   0.55424   0.72014   0.79238   1.94017   1.25549   0.99922   0.70742   1.95634  
  8 59.1980   7038.794180  x:  1.56707   1.52993   1.07015   0.34237   0.45232   1.13176   0.13146   0.31232   0.50284   0.55941   0.69854   0.70097   0.72201   2.41327   1.07418   0.98989   0.52298   2.17194  
  9 96.7199   7028.576660  x:  1.76744   1.73030   1.12767   0.43382   0.52777   1.16989   0.14866   0.30357   0.38893   0.45150   0.71123   0.75897   0.74841   2.84287   1.12666   0.99836   0.57935   2.38770  
 10 84.3659   7014.045255  x:  2.13925   2.10211   1.19138   0.52483   0.68207   1.25366   0.06728   0.26555   0.50863   0.55053   0.60493   0.91864   0.90094   3.66651   1.47937   0.97748   0.61144   2.89576  
 11 125.6942   7012.072176  x:  2.17277   2.13563   1.16663   0.46333   0.61711   1.28410   0.03531   0.38538   0.50374   0.52608   0.57136   0.92216   0.96908   3.76484   1.50316   0.97699   0.61570   3.02780  
 12 24.2923   7009.724661  x:  2.17695   2.13981   1.05473   0.39727   0.49414   1.37947   0.17253   0.35146   0.50804   0.53118   0.50701   0.88880   1.05627   3.86226   1.45171   0.97433   0.66055   3.35329  
 13 16.5198   7007.225791  x:  2.15225   2.11511   0.85845   0.27056   0.59239   1.44817   0.23414   0.36328   0.50103   0.53796   0.59732   0.85476   1.05506   3.92614   1.40112   0.96560   0.73691   3.83812  
 14 20.9560   7005.121184  x:  2.14299   2.10585   0.71054   0.33763   0.53172   1.31303   0.20127   0.37094   0.50734   0.50271   0.60903   0.86878   0.89903   3.94839   1.41164   0.95588   0.79720   4.31230  
 15 15.0894   7004.468567  x:  2.15439   2.11725   0.71098   0.39127   0.55802   1.27900   0.15215   0.37829   0.49252   0.52922   0.56074   0.90210   0.91351   3.94605   1.33600   0.95483   0.82092   4.45867  
 16  8.7322   7002.922672  x:  2.22739   2.19026   0.90389   0.53196   0.53848   1.31905   0.07156   0.36226   0.51680   0.52495   0.68196   0.85162   1.03019   3.94650   1.32905   0.95275   0.84873   4.77338  
 17  5.1896   6999.912322  x:  2.39944   2.36230   1.36569   0.50459   0.56503   1.43772   0.09856   0.40436   0.51973   0.58305   0.67227   0.79271   0.90096   4.05865   1.34465   0.95538   0.88394   5.26566  
 18 12.0864   6997.784532  x:  2.51482   2.47768   1.64401   0.40973   0.55650   1.41039   0.20431   0.41816   0.58491   0.57254   0.75979   1.00482   0.88588   4.20266   1.32707   0.96120   0.89447   5.57369  
 19 18.8820   6995.689898  x:  2.60053   2.56339   1.54569   0.37494   0.62725   1.25171   0.26798   0.41904   0.67257   0.50893   0.74106   0.89446   0.96881   4.57657   1.30569   0.96793   0.87878   5.66688  
 20  4.8444   6989.942663  x:  2.81918   2.78204   0.89448   0.49169   0.58278   1.28169   0.26343   0.45195   0.50047   0.75608   0.88026   0.87989   1.03682   5.79328   1.35243   0.97680   0.81944   5.80595  
 21 15.5494   6986.987878  x:  2.94326   2.90612   0.51472   0.62802   0.59359   1.53297   0.19322   0.47817   0.64134   0.65780   0.88434   0.95151   0.97690   6.39309   1.30697   0.98449   0.79275   5.87048  
 22 24.8408   6981.532701  x:  4.15375   4.11661   0.00000   0.64087   0.63167   1.72219   0.31277   0.55712   0.65576   0.57652   0.98189   1.05473   1.03059   7.23547   1.26814   0.95774   0.72917   6.70142  
 23  2.3898   6979.223846  x:  3.89974   3.86260   0.56493   0.77270   0.68357   1.78364   0.25022   0.62569   0.68038   0.55751   1.07174   1.13386   1.06317   8.62637   1.26510   0.94764   0.76443   7.57718  
 24  1.9799   6976.385604  x:  5.25454   5.21741   0.33224   0.81619   0.78310   1.86850   0.36828   0.78810   0.76717   0.62567   1.29943   1.28690   1.22292  10.39867   1.44187   0.96119   0.77640   8.90642  
 25  1.3423   6975.279953  x:  5.85364   5.81651   0.00000   0.96227   0.87053   2.04782   0.37245   0.89542   0.81330   0.62485   1.45355   1.41507   1.33865  12.23349   1.40742   0.95816   0.72831   9.72710  
 26  1.0541   6974.900756  x:  6.31682   6.27968   0.00000   1.07607   0.93905   2.18375   0.36990   0.98121   0.84896   0.64394   1.58039   1.51745   1.42612  13.51917   1.38120   0.95652   0.75654  10.63545  
 27  1.6863   6974.761219  x:  6.72038   6.68324   0.00000   1.15652   1.00623   2.28822   0.37819   1.05258   0.86654   0.67677   1.70271   1.60954   1.50827  14.57943   1.42511   0.95963   0.73946  11.13945  
 28  0.6742   6974.716770  x:  6.77384   6.73671   0.00000   1.20040   1.03984   2.34816   0.36801   1.07417   0.86112   0.69793   1.75910   1.65422   1.54099  14.89620   1.42791   0.95833   0.74794  11.37730  
 29  0.1588   6974.688458  x:  6.74906   6.71192   0.00000   1.20803   1.05444   2.36924   0.37120   1.07372   0.85642   0.70399   1.78214   1.67086   1.54985  14.82362   1.42831   0.95849   0.73840  11.34755  
 30  0.0330   6974.653488  x:  6.71145   6.67432   0.00000   1.19316   1.05618   2.36429   0.39429   1.06584   0.86659   0.69537   1.79277   1.67056   1.54222  14.40455   1.42149   0.95937   0.74596  11.35099  
 31  0.0994   6974.629963  x:  6.95767   6.92054   0.00000   1.23040   1.08277   2.40654   0.42394   1.10976   0.88812   0.69907   1.85677   1.70643   1.57812  14.79185   1.43486   0.95934   0.74618  11.76902  
 32  0.1987   6974.615962  x:  6.92512   6.88800   0.00000   1.24124   1.08432   2.41297   0.43363   1.11907   0.88235   0.70546   1.86449   1.70609   1.58256  14.73999   1.42952   0.95758   0.75073  11.90149  
 33  0.0549   6974.603824  x:  6.85999   6.82286   0.00000   1.23890   1.07316   2.39769   0.44093   1.12843   0.87646   0.71345   1.84220   1.69205   1.58024  14.68071   1.43164   0.95862   0.75462  11.96413  
 34  0.0351   6974.600047  x:  6.84085   6.80372   0.00000   1.24179   1.07733   2.41196   0.44265   1.13462   0.88051   0.70927   1.83713   1.70270   1.58199  14.66443   1.42723   0.95908   0.75458  12.00260  
 35  0.0160   6974.598426  x:  6.87552   6.83839   0.00000   1.24557   1.08086   2.42208   0.44409   1.14303   0.88404   0.70696   1.83589   1.71087   1.58605  14.75384   1.42991   0.95880   0.75589  12.07772  
 36  0.0592   6974.597587  x:  6.86087   6.82375   0.00000   1.23675   1.07961   2.41810   0.44700   1.14043   0.88151   0.70707   1.82662   1.70894   1.58329  14.67231   1.43140   0.95875   0.75671  12.06674  
 37  0.0298   6974.597062  x:  6.88312   6.84600   0.00000   1.23694   1.08423   2.42277   0.44687   1.14160   0.88019   0.71077   1.83014   1.71396   1.58841  14.71354   1.43073   0.95880   0.75673  12.09686  
 38  0.0191   6974.596658  x:  6.89257   6.85544   0.00000   1.23840   1.08582   2.42446   0.45006   1.14407   0.88191   0.71144   1.83293   1.71542   1.59154  14.72386   1.42908   0.95877   0.75758  12.15703  
 39  0.0165   6974.595977  x:  6.88556   6.84843   0.00000   1.23846   1.08679   2.42461   0.44638   1.13939   0.88367   0.71079   1.83698   1.71623   1.59215  14.72531   1.43057   0.95880   0.75876  12.18674  
 40  0.0074   6974.595887  x:  6.87966   6.84252   0.00000   1.23982   1.08598   2.42602   0.44549   1.13940   0.88237   0.71108   1.83701   1.71624   1.59158  14.72158   1.42992   0.95878   0.75931  12.19694  
 41  0.0044   6974.595830  x:  6.88479   6.84765   0.00000   1.24021   1.08546   2.42651   0.44532   1.13912   0.88180   0.71082   1.83808   1.71618   1.59110  14.72154   1.43007   0.95883   0.75919  12.19901  
 42  0.0039   6974.595828  x:  6.88407   6.84693   0.00000   1.24026   1.08548   2.42602   0.44500   1.13891   0.88169   0.71068   1.83779   1.71589   1.59104  14.72090   1.42999   0.95883   0.75916  12.19737  
 43  0.0006   6974.595827  x:  6.88412   6.84698   0.00000   1.24046   1.08564   2.42595   0.44495   1.13900   0.88169   0.71067   1.83785   1.71593   1.59114  14.72064   1.43001   0.95884   0.75919  12.19794  
 44  0.0004   6974.595827  x:  6.88433   6.84720   0.00000   1.24067   1.08569   2.42600   0.44484   1.13904   0.88169   0.71071   1.83791   1.71601   1.59114  14.72106   1.43004   0.95883   0.75918  12.19814  
 45  0.0001   6974.595827  x:  6.88421   6.84708   0.00000   1.24071   1.08564   2.42595   0.44475   1.13900   0.88170   0.71070   1.83782   1.71598   1.59108  14.72070   1.43001   0.95884   0.75918  12.19791  
 46  0.0003   6974.595827  x:  6.88429   6.84716   0.00000   1.24073   1.08565   2.42597   0.44475   1.13901   0.88170   0.71070   1.83784   1.71599   1.59111  14.72079   1.43002   0.95884   0.75918  12.19806  
 47  0.0001   6974.595827  x:  6.88425   6.84712   0.00000   1.24073   1.08564   2.42596   0.44474   1.13901   0.88170   0.71070   1.83782   1.71598   1.59111  14.72071   1.43002   0.95884   0.75918  12.19796  
 48  0.0001   6974.595827  x:  6.88423   6.84710   0.00000   1.24073   1.08564   2.42596   0.44474   1.13900   0.88170   0.71070   1.83782   1.71597   1.59111  14.72068   1.43002   0.95884   0.75918  12.19790  
 49  0.0000   6974.595827  x:  6.88424   6.84711   0.00000   1.24073   1.08564   2.42596   0.44474   1.13901   0.88170   0.71070   1.83782   1.71597   1.59111  14.72070   1.43002   0.95884   0.75918  12.19793  
 50  0.0001   6974.595827  x:  6.88424   6.84711   0.00000   1.24073   1.08564   2.42596   0.44474   1.13901   0.88170   0.71070   1.83782   1.71598   1.59111  14.72070   1.43002   0.95884   0.75918  12.19793  
 51  0.0000   6974.595827  x:  6.88423   6.84711   0.00000   1.24073   1.08564   2.42596   0.44473   1.13901   0.88170   0.71070   1.83782   1.71597   1.59111  14.72068   1.43002   0.95884   0.75918  12.19790  
 52  0.0000   6974.595827  x:  6.88424   6.84711   0.00000   1.24073   1.08564   2.42596   0.44473   1.13901   0.88170   0.71070   1.83782   1.71597   1.59111  14.72069   1.43002   0.95884   0.75918  12.19791  