

TREE # 1

  0  0.0000   9493.239985  x:  0.09943   0.07021   0.00000   0.07149   0.11500   0.12940   0.04452   0.08652   0.10933   0.08316   0.02069   0.10158   0.06064   0.19356   1.02878   1.05726  
  1 99.0000   7852.397593  x:  0.56116   0.53194   2.65835   0.33962   0.30782   0.44527   0.34131   0.28263   0.29690   0.36690   0.68165   0.40727   0.61150   0.57349   1.07819   0.97692  
  2 11636.9894   7469.237852  x:  0.75909   0.72988   2.57657   0.18736   0.46312   0.78453   0.17258   0.16153   0.40346   0.49271   0.51816   0.49723   0.62882   0.79383   1.38761   0.24606  
  3 500.2792   7435.766373  x:  0.92839   0.89918   2.43138   0.25887   0.51104   0.91777   0.23161   0.32913   0.43559   0.54214   0.47598   0.60445   0.68265   0.98500   1.48736   0.29797  
  4 186.7677   7417.815479  x:  1.01536   0.98614   2.35512   0.34117   0.45901   0.89584   0.30673   0.46266   0.39633   0.51558   0.49377   0.65199   0.72099   1.08346   1.48008   0.20703  
  5 201.5311   7410.342892  x:  1.13818   1.10897   2.30537   0.31077   0.35096   0.84953   0.26348   0.39781   0.35273   0.47207   0.55113   0.65727   0.76333   1.22161   1.42591   0.21298  
  6 62.4022   7407.552697  x:  1.19800   1.16878   2.25755   0.32964   0.38423   0.81000   0.26978   0.35038   0.40925   0.51125   0.62332   0.61568   0.76903   1.28811   1.32903   0.19606  
  7 38.3351   7406.956824  x:  1.21030   1.18108   2.24453   0.33910   0.42566   0.81911   0.27207   0.33246   0.38395   0.49476   0.65140   0.60710   0.77266   1.30211   1.30603   0.19297  
  8 20.5163   7405.954586  x:  1.20145   1.17224   2.20420   0.35499   0.42282   0.84921   0.23928   0.32288   0.36477   0.53587   0.75908   0.63937   0.81332   1.30270   1.33703   0.18744  
  9  4.4014   7402.724450  x:  1.22682   1.19761   2.17482   0.42870   0.40943   0.90629   0.16493   0.33589   0.41435   0.48323   0.84048   0.54466   0.78462   1.37695   1.46797   0.18775  
 10  6.5656   7390.440717  x:  1.29947   1.27025   2.13716   0.56355   0.48014   0.91155   0.00000   0.28751   0.46194   0.47714   0.67356   0.66291   0.80707   1.60273   1.56668   0.17919  
 11 15.1141   7385.792674  x:  1.33703   1.30782   2.12908   0.52226   0.44940   1.02268   0.01934   0.30275   0.36456   0.61292   0.57126   0.61682   0.75105   1.73646   1.54567   0.17427  
 12 27.3176   7382.478346  x:  1.34201   1.31280   2.09645   0.27668   0.43581   1.13590   0.20949   0.32607   0.42654   0.56192   0.56105   0.64771   0.77948   1.83240   1.51528   0.16295  
 13 17.1418   7381.455438  x:  1.35619   1.32698   2.08234   0.20607   0.44817   1.10727   0.33938   0.27922   0.42006   0.57543   0.56136   0.65272   0.77736   1.86591   1.58660   0.16549  
 14 16.5779   7381.158844  x:  1.36777   1.33856   2.08009   0.16071   0.47139   1.07473   0.34826   0.29849   0.41129   0.58453   0.56767   0.64768   0.77615   1.87127   1.61015   0.16658  
 15  9.3826   7376.939769  x:  1.72942   1.70020   1.94925   0.16005   0.48807   1.16547   0.36085   0.31716   0.43333   0.59353   0.52163   0.58492   0.98326   1.51236   1.66386   0.16631  
 16  1.5118   7372.174925  x:  2.13117   2.10196   1.82605   0.16911   0.48827   1.28148   0.35433   0.33638   0.47754   0.57682   0.58761   0.74548   0.80850   1.17238   1.69561   0.16343  
 17 29.4384   7361.288811  x:  1.68552   1.65631   1.54643   0.58885   0.62267   1.40073   0.00000   0.41763   0.51076   0.61584   0.69947   0.85315   0.91966   3.11842   1.84771   0.13888  
 18  3.2804   7356.692394  x:  1.78972   1.76052   1.37477   0.64494   0.65914   1.45623   0.01694   0.44468   0.50982   0.63473   0.77021   0.88539   0.97748   3.50538   1.88747   0.11163  
 19  1.5322   7343.744851  x:  2.06001   2.03082   0.82161   0.51940   0.71343   1.73214   0.33866   0.47718   0.51794   0.67953   0.96359   0.98586   1.11163   4.85599   1.84569   0.08291  
 20  1.0765   7334.874810  x:  2.33512   2.30594   0.58916   0.36706   0.70016   1.82921   0.57075   0.48186   0.50548   0.68174   0.99975   1.01055   1.12819   5.10619   1.73489   0.09228  
 21  1.0267   7331.603925  x:  2.65720   2.62803   0.36679   0.48542   0.73120   1.89415   0.51472   0.53039   0.52087   0.67970   1.02961   1.06029   1.15256   5.23425   1.64572   0.08363  
 22  0.7705   7329.289518  x:  2.63894   2.60976   0.43091   0.69199   0.74620   1.80066   0.29928   0.57475   0.53795   0.64681   0.94701   1.06920   1.09942   5.09126   1.53135   0.08603  
 23  0.3918   7328.662497  x:  2.52436   2.49518   0.37786   0.73491   0.77446   1.75318   0.27743   0.60733   0.55084   0.64124   0.95165   1.07533   1.11400   5.47771   1.49826   0.08447  
 24  0.2839   7327.371951  x:  2.53441   2.50523   0.40799   0.65699   0.79218   1.49263   0.35610   0.65710   0.55424   0.62445   0.89974   1.01877   1.09603   5.23627   1.50455   0.08721  
 25  0.1185   7324.177808  x:  2.55299   2.52382   0.35048   0.59291   0.66518   1.39298   0.33669   0.62830   0.55315   0.63540   0.95400   0.92057   1.05469   4.81459   1.57394   0.09426  
 26  0.0603   7320.519365  x:  2.32725   2.29810   0.34527   0.52356   0.45256   1.25538   0.23353   0.56195   0.54524   0.63317   0.95123   0.78727   0.94206   4.32650   1.63503   0.10809  
 27  0.7941   7313.692504  x:  1.87346   1.84433   0.33397   0.49294   0.33408   1.29773   0.08524   0.45074   0.51170   0.59658   0.74830   0.77852   0.78999   4.23750   1.58544   0.12475  
 28  0.3370   7306.948735  x:  1.60347   1.57435   0.34248   0.39705   0.40241   1.21499   0.15736   0.40692   0.47100   0.54948   0.47923   0.80433   0.71791   4.14298   1.50752   0.13587  
 29  0.8262   7300.239024  x:  1.75049   1.72138   0.34560   0.40546   0.51338   1.16747   0.18694   0.35279   0.39403   0.55679   0.46026   0.74327   0.81861   3.15892   1.48070   0.14330  
 30  0.7746   7297.598301  x:  1.51838   1.48928   0.36184   0.33448   0.50834   1.03698   0.22569   0.32037   0.36954   0.56321   0.47724   0.65703   0.81423   2.75175   1.53102   0.15427  
 31  0.9830   7295.598851  x:  1.35592   1.32682   0.34077   0.39704   0.53464   1.08172   0.20194   0.33841   0.38954   0.57162   0.53821   0.67014   0.80721   2.77696   1.54843   0.15831  
 32  0.4376   7294.339698  x:  1.31967   1.29058   0.34081   0.40822   0.50249   1.09330   0.17222   0.34681   0.40813   0.56168   0.49428   0.68044   0.73007   2.42878   1.54167   0.16577  
 33  0.6832   7293.789208  x:  1.34891   1.31982   0.34518   0.36930   0.47313   1.14187   0.21052   0.36687   0.42502   0.56139   0.48492   0.70457   0.71786   2.47301   1.53605   0.16724  
 34  0.1352   7293.410840  x:  1.30318   1.27409   0.36136   0.39041   0.46554   1.10871   0.17516   0.38954   0.42805   0.55684   0.45237   0.70429   0.72780   2.48794   1.52679   0.17148  
 35  0.1120   7292.960896  x:  1.26171   1.23263   0.36849   0.37225   0.45686   1.11511   0.16950   0.36684   0.40659   0.55889   0.46177   0.69012   0.75029   2.33626   1.53889   0.18102  
 36  0.1181   7292.788510  x:  1.29080   1.26172   0.35439   0.37557   0.46083   1.08061   0.16896   0.36803   0.40558   0.55606   0.47292   0.68599   0.73668   2.34344   1.54762   0.18424  
 37  0.0794   7292.734680  x:  1.27386   1.24478   0.35520   0.36872   0.46016   1.07732   0.17329   0.35766   0.40517   0.55396   0.46257   0.68349   0.72328   2.35125   1.55680   0.18649  
 38  0.0519   7292.728224  x:  1.27481   1.24572   0.35794   0.36870   0.46263   1.07844   0.17434   0.35662   0.40857   0.55283   0.45982   0.68048   0.72589   2.34236   1.55660   0.18697  
 39  0.0117   7292.727939  x:  1.27370   1.24461   0.35724   0.36850   0.46226   1.07831   0.17394   0.35670   0.40887   0.55288   0.46004   0.67952   0.72584   2.34218   1.55552   0.18710  
 40  0.0030   7292.727930  x:  1.27371   1.24462   0.35730   0.36860   0.46228   1.07844   0.17380   0.35674   0.40882   0.55300   0.46016   0.67948   0.72578   2.34232   1.55570   0.18710  
 41  0.0005   7292.727930  x:  1.27369   1.24460   0.35729   0.36858   0.46229   1.07843   0.17382   0.35676   0.40880   0.55302   0.46015   0.67946   0.72578   2.34222   1.55573   0.18711  
 42  0.0001   7292.727930  x:  1.27369   1.24461   0.35728   0.36858   0.46229   1.07844   0.17382   0.35676   0.40879   0.55302   0.46014   0.67946   0.72578   2.34223   1.55573   0.18711  
 43  0.0000   7292.727930  x:  1.27369   1.24461   0.35728   0.36858   0.46229   1.07844   0.17382   0.35676   0.40879   0.55302   0.46014   0.67945   0.72578   2.34223   1.55573   0.18711  
 44  0.0000   7292.727930  x:  1.27369   1.24461   0.35728   0.36858   0.46229   1.07844   0.17382   0.35676   0.40879   0.55301   0.46014   0.67945   0.72578   2.34223   1.55573   0.18711  