res	aa	Beta	Turn	Helix	Aggregation	Conc-Stab_Aggregation
01	  M	  1.7	  0.0	0.000	0.007	0.007
02	  S	  2.0	  0.0	4.052	5.951	5.951
03	  L	  2.3	  0.0	4.052	31.221	31.221
04	  I	 13.0	  0.0	4.052	61.170	61.170
05	  T	 14.9	  0.0	4.189	74.865	74.865
06	  I	 15.2	  0.0	4.189	97.662	97.662
07	  F	  3.7	  0.0	4.189	99.643	99.643
08	  A	  1.5	  0.0	3.070	99.758	99.758
09	  F	  1.9	  0.0	2.850	99.898	99.898
10	  F	  2.3	  0.0	1.478	99.460	99.460
11	  I	  3.5	  0.0	0.674	96.927	96.927
12	  K	  3.0	  0.0	0.674	67.721	67.721
13	  A	  2.2	  0.0	0.243	67.725	67.725
14	  T	  2.0	  0.0	0.109	67.731	67.731
15	  L	  3.3	  0.0	0.109	67.732	67.732
16	  V	  5.6	  0.0	0.109	67.732	67.732
17	  L	  6.1	  0.0	0.109	67.731	67.731
18	  S	  6.5	  0.6	0.000	67.728	67.728
19	  L	  6.0	  0.6	0.000	67.726	67.726
20	  D	  4.5	  0.6	0.000	67.713	67.713
21	  I	  5.0	  0.6	0.000	59.077	59.077
22	  L	  2.9	  0.0	0.000	31.473	31.473
23	  T	  2.8	  0.2	0.000	0.083	0.083
24	  P	  0.1	  0.2	0.000	0.006	0.006
25	  T	  0.8	  0.2	0.000	0.000	0.000
26	  T	  3.6	  0.4	0.000	0.000	0.000
27	  L	  3.7	  0.2	0.000	0.000	0.000
28	  T	  3.0	  1.0	0.000	0.000	0.000
29	  G	  0.1	  1.0	0.000	0.000	0.000
30	  D	  0.1	  1.0	0.000	0.000	0.000
31	  Q	  0.9	  0.9	0.000	0.000	0.000
32	  T	  9.8	  0.1	0.000	0.000	0.000
33	  F	 10.0	  0.1	0.000	0.000	0.000
34	  N	  9.1	  1.0	0.000	0.000	0.000
35	  E	  0.3	  1.0	0.000	0.000	0.000
36	  D	  0.7	  1.1	0.000	0.000	0.000
37	  V	  8.9	  1.1	0.000	0.924	0.924
38	  S	  9.7	  0.1	0.000	0.924	0.924
39	  V	 13.0	  0.1	0.000	3.272	3.272
40	  V	  5.9	  0.1	0.000	3.272	3.272
41	  S	  5.1	  0.1	0.363	3.272	3.272
42	  S	  2.7	  0.1	0.363	2.982	2.982
43	  L	  3.7	  0.1	0.363	2.982	2.982
44	  T	  5.3	  0.2	0.363	2.003	2.003
45	  L	  3.9	  0.3	0.363	1.417	1.417
46	  N	  1.8	  1.1	0.363	0.000	0.000
47	  D	  0.1	  1.3	0.000	0.000	0.000
48	  G	  0.0	  1.3	0.000	0.000	0.000
49	  S	  0.5	  1.1	0.732	0.000	0.000
50	  Q	  1.5	  0.4	0.732	0.000	0.000
51	  Y	  2.2	  0.1	0.732	1.385	1.385
52	  L	  2.2	  0.0	0.732	1.736	1.736
53	  F	  1.6	  0.2	0.732	1.736	1.736
54	  N	  0.9	  0.2	0.732	1.736	1.736
55	  N	  0.5	  0.2	0.526	1.736	1.736
56	  L	  0.2	  0.2	0.193	1.736	1.736
57	  L	  1.7	  0.0	0.193	1.590	1.590
58	  Q	  2.6	  0.0	0.193	0.512	0.512
59	  I	  2.7	  0.0	0.000	0.512	0.512
60	  A	  1.2	  0.4	0.000	0.000	0.000
61	  P	  0.3	  0.5	0.000	0.000	0.000
62	  S	  0.1	  0.6	0.000	0.009	0.009
63	  S	  2.9	  1.5	0.000	0.097	0.097
64	  A	  3.4	  1.1	0.000	0.841	0.841
65	  S	  6.8	  0.9	0.000	1.725	1.725
66	  V	  6.8	  0.9	0.000	8.848	8.848
67	  T	  6.5	  0.4	0.742	9.427	9.427
68	  A	  3.1	  0.4	0.742	10.396	10.396
69	  N	  0.3	  0.5	0.979	11.539	11.539
70	  A	  0.1	  0.5	0.979	40.098	40.098
71	  L	  0.1	  0.1	0.979	73.630	73.630
72	  A	  0.3	  0.1	0.979	79.450	79.450
73	  A	  0.6	  0.0	0.778	86.268	86.268
74	  V	  6.0	  0.0	0.484	93.539	93.539
75	  S	  6.3	  0.0	0.556	93.926	93.926
76	  V	  7.6	  0.0	0.072	94.404	94.404
77	  F	 11.7	  0.0	0.072	93.831	93.831
78	  T	 37.2	  0.0	0.072	85.617	85.617
79	  F	 39.4	  0.0	0.072	80.211	80.211
80	  S	 31.4	  0.0	0.072	9.654	9.654
81	  L	  6.1	  0.0	0.000	0.322	0.322
82	  P	  0.0	  0.3	0.000	0.000	0.000
83	  P	  0.0	  0.5	0.000	0.000	0.000
84	  S	  0.8	  1.3	0.000	0.000	0.000
85	  S	  0.9	  1.4	0.000	0.000	0.000
86	  S	  6.2	  1.5	0.000	0.000	0.000
87	  L	  5.5	  1.5	0.000	0.000	0.000
88	  S	  5.5	  1.4	0.000	0.000	0.000
89	  N	  0.1	  1.6	0.000	0.000	0.000
90	  S	  0.1	  1.5	0.000	0.285	0.285
91	  G	  0.1	  1.3	0.000	2.851	2.851
92	  T	  0.6	  0.7	0.000	6.161	6.161
93	  L	  2.0	  0.3	0.000	6.375	6.375
94	  I	  4.0	  0.0	0.000	6.375	6.375
95	  I	  3.5	  0.1	0.000	6.375	6.375
96	  S	  2.1	  0.4	0.000	3.809	3.809
97	  N	  0.1	  2.1	0.000	0.342	0.342
98	  S	  0.1	  2.2	0.000	0.000	0.000
99	  N	  0.1	  2.1	0.000	0.000	0.000
100	  T	  0.0	  2.0	0.000	0.000	0.000
101	  G	  0.0	  0.7	0.127	0.000	0.000
102	  P	  0.0	  0.6	0.127	0.000	0.000
103	  S	  0.2	  0.7	0.127	0.000	0.000
104	  T	  0.3	  0.6	0.127	0.000	0.000
105	  E	  0.6	  0.2	0.127	0.000	0.000
106	  Q	  0.8	  0.1	0.127	0.000	0.000
107	  H	  8.0	  0.1	0.000	0.000	0.000
108	  I	 14.8	  0.0	0.000	0.292	0.292
109	  V	 20.3	  0.0	0.000	0.292	0.292
110	  I	 13.9	  0.0	0.000	0.292	0.292
111	  T	  6.9	  0.6	0.000	0.292	0.292
112	  P	  0.6	  0.6	0.000	0.292	0.292
113	  N	  0.2	  0.6	0.000	0.000	0.000
114	  V	  1.4	  0.6	0.000	0.000	0.000
115	  M	  1.5	  0.2	0.000	0.000	0.000
116	  A	  1.3	  0.2	0.000	0.000	0.000
117	  N	  0.1	  0.4	0.119	0.000	0.000
118	  T	  0.1	  0.4	0.119	0.000	0.000
119	  G	  0.1	  0.2	0.392	0.124	0.124
120	  T	 10.7	  0.2	0.392	2.136	2.136
121	  I	 20.2	  0.1	0.392	5.195	5.195
122	  T	 24.6	  0.0	0.578	5.317	5.317
123	  L	 15.9	  0.0	0.578	5.317	5.317
124	  S	  6.8	  0.0	0.578	5.193	5.193
125	  L	  1.7	  0.0	0.300	5.020	5.020
126	  A	  0.3	  0.0	0.300	2.369	2.369
127	  H	  0.7	  0.1	0.300	0.000	0.000
128	  T	  1.1	  0.2	0.000	0.000	0.000
129	  N	  1.1	  0.9	0.000	0.000	0.000
130	  T	  1.2	  0.9	0.000	0.000	0.000
131	  D	  0.7	  2.4	0.000	0.000	0.000
132	  S	  1.4	  3.0	0.000	0.000	0.000
133	  S	  1.2	  2.4	0.000	0.000	0.000
134	  S	  1.3	  2.3	0.000	1.399	1.399
135	  T	  1.0	  0.8	0.000	1.399	1.399
136	  L	  2.1	  0.1	0.000	1.399	1.399
137	  I	  3.4	  0.0	0.000	1.399	1.399
138	  I	  3.1	  0.0	0.000	1.399	1.399
139	  D	  1.6	  0.0	1.415	0.000	0.000
140	  P	  0.2	  0.0	1.415	0.000	0.000
141	  V	  8.2	  0.0	1.415	0.665	0.665
142	  T	 14.2	  0.0	1.415	0.665	0.665
143	  F	 15.9	  0.0	1.415	0.665	0.665
144	  Y	  8.6	  0.1	1.415	0.665	0.665
145	  N	  2.5	  0.2	0.534	0.665	0.665
146	  T	  0.8	  0.3	0.382	0.327	0.327
147	  G	  0.1	  0.2	0.382	0.124	0.124
148	  T	  5.2	  0.2	0.382	0.124	0.124
149	  I	  9.5	  0.1	0.382	0.124	0.124
150	  N	 11.8	  0.1	0.757	0.000	0.000
151	  Y	  8.0	  0.3	0.757	0.000	0.000
152	  E	  3.7	  0.2	0.474	0.000	0.000
153	  S	  1.3	  0.5	0.376	0.000	0.000
154	  I	  0.2	  1.0	0.376	0.000	0.000
155	  G	  0.2	  0.9	0.376	0.000	0.000
156	  S	  0.1	  1.1	0.181	0.000	0.000
157	  E	  0.1	  0.8	0.000	0.000	0.000
158	  T	  0.3	  0.3	0.000	0.000	0.000
159	  N	  0.2	  0.2	0.000	0.000	0.000
160	  D	  0.1	  2.7	0.000	0.000	0.000
161	  P	  0.0	  2.7	0.000	0.000	0.000
162	  S	  1.6	  2.9	0.000	0.000	0.000
163	  L	  1.7	  2.9	0.000	0.000	0.000
164	  T	  1.8	  0.7	0.000	0.000	0.000
165	  G	  0.2	  0.7	0.000	0.000	0.000
166	  N	  0.2	  0.5	0.000	0.228	0.228
167	  I	  1.5	  0.5	0.000	0.730	0.730
168	  L	  3.1	  0.0	0.000	0.730	0.730
169	  S	  3.1	  0.3	0.000	0.730	0.730
170	  I	  1.8	  1.3	0.000	0.730	0.730
171	  G	  0.2	  1.9	0.000	0.502	0.502
172	  S	  0.1	  2.4	0.000	0.000	0.000
173	  S	  0.1	  3.0	0.347	0.000	0.000
174	  G	  0.2	  2.0	0.347	0.000	0.000
175	  R	  0.4	  1.5	0.347	0.000	0.000
176	  T	  3.0	  1.0	0.458	0.000	0.000
177	  L	  3.2	  0.2	0.458	0.000	0.000
178	  Q	  3.1	  0.2	0.458	0.000	0.000
179	  N	  0.4	  0.3	0.593	0.000	0.000
180	  L	  0.2	  0.3	0.464	0.000	0.000
181	  G	  0.1	  0.2	0.615	0.000	0.000
182	  T	  5.3	  0.2	0.504	0.000	0.000
183	  I	  9.2	  0.1	0.504	0.000	0.000
184	  N	  9.4	  1.0	1.055	0.000	0.000
185	  L	  4.6	  1.0	1.055	0.000	0.000
186	  N	  0.6	  1.0	1.170	0.000	0.000
187	  A	  0.3	  1.2	0.791	0.000	0.000
188	  A	  0.1	  0.3	0.791	0.000	0.000
189	  N	  1.0	  0.3	0.791	0.101	0.101
190	  S	  2.1	  0.3	0.387	4.059	4.059
191	  Y	  3.1	  0.0	0.240	15.451	15.451
192	  Y	  2.8	  0.0	0.000	18.152	18.152
193	  L	  1.7	  0.0	0.000	18.828	18.828
194	  L	  0.7	  0.0	0.000	18.828	18.828
195	  G	  0.1	  0.0	0.103	16.195	16.195
196	  T	 11.9	  0.0	0.103	14.147	14.147
197	  I	 12.5	  0.1	0.103	12.608	12.608
198	  T	 12.5	  0.3	0.103	4.721	4.721
199	  E	  0.7	  0.3	0.103	0.000	0.000
200	  N	  0.1	  0.9	0.103	0.000	0.000
201	  S	  0.3	  1.2	0.000	0.000	0.000
202	  G	  0.2	  1.0	0.000	0.000	0.000
203	  S	  3.7	  1.2	0.000	0.000	0.000
204	  I	 12.9	  0.6	0.000	0.053	0.053
205	  N	 14.0	  0.2	0.118	0.053	0.053
206	  V	 11.3	  0.3	0.118	0.166	0.166
207	  Q	  1.9	  0.4	0.118	0.166	0.166
208	  K	  0.6	  0.4	0.118	0.392	0.392
209	  G	  0.0	  0.4	0.118	7.897	7.897
210	  F	  0.7	  0.3	0.118	55.561	55.561
211	  L	  1.4	  0.0	0.000	56.198	56.198
212	  Y	  3.0	  0.0	0.000	56.292	56.292
213	  V	  3.1	  0.1	0.000	56.292	56.292
214	  N	  2.5	  0.2	0.000	53.081	53.081
215	  A	  1.0	  0.3	0.000	51.511	51.511
216	  L	  1.3	  0.3	0.000	43.949	43.949
217	  D	  1.7	  0.3	0.000	0.392	0.392
218	  F	  1.9	  0.1	0.000	0.515	0.515
219	  I	  0.8	  3.6	0.000	0.515	0.515
220	  G	  0.4	  3.7	0.000	0.123	0.123
221	  N	  1.2	  3.7	0.000	0.123	0.123
222	  T	  6.1	  3.7	0.000	0.996	0.996
223	  I	  9.8	  0.1	0.000	2.446	2.446
224	  N	  8.9	  0.4	0.107	2.562	2.562
225	  L	  4.2	  0.4	0.107	5.749	5.749
226	  S	  1.0	  0.4	2.203	6.258	6.258
227	  T	  2.4	  0.4	2.488	10.678	10.678
228	  T	  2.8	  0.1	2.922	18.020	18.020
229	  T	  2.6	  0.1	2.922	30.210	30.210
230	  A	  1.1	  0.0	2.922	48.868	48.868
231	  L	  0.7	  0.0	2.922	48.868	48.868
232	  A	  0.6	  0.0	2.697	48.868	48.868
233	  F	  2.2	  0.0	2.443	48.868	48.868
234	  I	  2.2	  0.0	0.100	46.511	46.511
235	  S	  1.9	  0.0	0.100	0.000	0.000
236	  P	  0.2	  0.0	0.000	0.000	0.000
237	  V	  1.6	  0.0	0.000	0.237	0.237
238	  S	  1.7	  0.0	0.517	0.237	0.237
239	  Q	  2.3	  0.0	0.517	0.237	0.237
240	  V	  3.3	  0.0	0.517	0.237	0.237
241	  V	 11.9	  0.0	0.517	0.237	0.237
242	  R	 12.7	  0.0	0.517	0.000	0.000
243	  V	 10.9	  0.1	0.517	0.000	0.000
244	  R	  2.3	  0.1	0.517	0.000	0.000
245	  G	  0.7	  0.1	0.203	3.586	3.586
246	  V	  2.0	  0.1	0.000	41.579	41.579
247	  F	  2.8	  0.0	0.000	48.990	48.990
248	  F	  2.8	  2.3	0.000	49.511	49.511
249	  G	  0.9	  2.3	0.000	49.511	49.511
250	  N	  2.6	  2.3	0.000	49.509	49.509
251	  I	  5.5	  2.3	0.000	54.418	54.418
252	  I	  6.5	  0.0	0.000	53.184	53.184
253	  A	  4.4	  0.0	0.000	38.850	38.850
254	  S	  1.8	  0.3	0.000	26.745	26.745
255	  V	  0.9	  0.8	0.000	25.251	25.251
256	  G	  0.5	  1.2	0.000	2.242	2.242
257	  S	  0.2	  1.3	0.000	0.209	0.209
258	  S	  0.1	  1.3	0.000	0.000	0.000
259	  G	  0.1	  0.8	0.000	0.000	0.000
260	  T	 28.9	  0.4	0.000	0.000	0.000
261	  F	 33.3	  0.3	0.000	0.000	0.000
262	  S	 39.3	  0.2	0.000	0.000	0.000
263	  Y	 13.7	  0.2	0.000	0.000	0.000
264	  N	  7.3	  0.2	0.000	0.000	0.000
265	  T	  1.4	  0.4	0.000	0.000	0.000
266	  Q	  0.8	  0.2	0.000	0.000	0.000
267	  T	  0.7	  0.3	0.000	2.297	2.297
268	  G	  0.1	  0.3	0.000	6.067	6.067
269	  I	  1.6	  0.1	0.000	28.052	28.052
270	  L	  4.8	  0.1	0.000	28.805	28.805
271	  T	 15.2	  0.0	0.000	28.805	28.805
272	  V	 15.2	  0.0	0.000	28.712	28.712
273	  T	 12.5	  0.2	0.000	25.724	25.724
274	  T	  2.1	  1.3	0.000	11.447	11.447
275	  N	  0.4	  1.3	0.000	2.195	2.195
276	  G	  0.0	  1.3	0.000	1.892	1.892
277	  V	  4.0	  1.1	0.000	1.892	1.892
278	  Y	  9.8	  0.0	0.000	1.565	1.565
279	  S	 16.5	  0.3	0.000	0.213	0.213
280	  Y	 15.5	  0.4	0.000	0.213	0.213
281	  D	  9.9	  0.9	0.000	0.000	0.000
282	  I	  3.1	  1.9	0.000	0.000	0.000
283	  G	  0.1	  1.6	0.000	0.000	0.000
284	  C	  0.2	  1.6	0.000	0.000	0.000
285	  G	  0.3	  1.0	0.000	0.000	0.000
286	  Y	  0.5	  0.0	0.000	0.000	0.000
287	  N	  0.4	  0.0	0.875	0.000	0.000
288	  P	  0.2	  0.0	0.875	0.000	0.000
289	  A	  0.3	  0.0	0.875	0.000	0.000
290	  L	  0.8	  0.2	0.875	0.000	0.000
291	  M	  1.0	  0.5	0.875	0.000	0.000
292	  S	  0.7	  0.6	0.875	0.000	0.000
293	  G	  0.2	  0.6	0.372	0.000	0.000
294	  Q	  0.3	  0.5	0.206	0.000	0.000
295	  Q	  0.3	  0.2	0.000	0.000	0.000
296	  E	  0.3	  0.1	0.000	0.000	0.000
297	  T	  5.5	  0.1	0.000	0.000	0.000
298	  L	  7.6	  0.1	0.000	0.000	0.000
299	  S	 10.5	  0.0	0.000	0.000	0.000
300	  F	  5.7	  0.1	0.000	0.000	0.000
301	  Q	  3.4	  0.7	0.000	0.000	0.000
302	  G	  0.4	  0.7	0.000	0.000	0.000
303	  N	  0.5	  0.7	0.119	0.000	0.000
304	  L	  0.8	  0.7	0.119	0.000	0.000
305	  Y	  1.4	  0.1	0.119	0.000	0.000
306	  D	  2.4	  0.1	0.431	0.000	0.000
307	  T	  5.1	  0.1	0.431	37.623	37.623
308	  F	  5.5	  0.0	0.431	96.124	96.124
309	  L	  5.7	  0.0	0.431	96.540	96.540
310	  V	  8.6	  0.0	0.431	96.540	96.540
311	  L	  8.2	  0.0	0.431	96.540	96.540
312	  V	  9.8	  0.0	0.334	93.773	93.773
313	  N	  4.0	  0.0	0.334	4.041	4.041
314	  Q	  3.3	  0.0	0.000	0.000	0.000
315	  P	  0.0	  0.0	0.000	0.000	0.000
316	  I	  0.0	  0.3	0.000	0.000	0.000
317	  P	  0.0	  0.6	0.000	0.000	0.000
318	  S	  0.0	  0.6	0.133	0.000	0.000
319	  D	  0.2	  0.8	0.133	0.000	0.000
320	  L	  4.8	  0.5	0.133	0.151	0.151
321	  T	  6.4	  0.2	0.345	0.151	0.151
322	  C	  7.7	  0.2	0.345	0.151	0.151
323	  A	  3.2	  0.0	0.345	0.151	0.151
324	  A	  2.1	  0.0	0.212	0.151	0.151
325	  V	  1.9	  0.1	0.212	0.151	0.151
326	  S	  2.5	  0.7	0.212	0.000	0.000
327	  S	  2.2	  0.7	0.000	0.000	0.000
328	  S	  5.7	  0.7	0.000	0.000	0.000
329	  I	  5.6	  0.7	0.000	0.000	0.000
330	  T	  5.5	  0.4	0.000	0.000	0.000
331	  P	  0.8	  0.5	0.000	0.000	0.000
332	  S	  0.8	  1.2	0.000	0.000	0.000
333	  S	  0.9	  1.2	0.000	0.000	0.000
334	  S	  9.8	  0.8	0.000	0.000	0.000
335	  V	  9.8	  0.7	0.000	0.000	0.000
336	  E	  9.6	  0.2	0.000	0.000	0.000
337	  P	  0.7	  0.3	0.000	0.000	0.000
338	  S	  0.7	  1.0	0.000	0.000	0.000
339	  S	  0.9	  1.0	0.000	0.000	0.000
340	  S	  9.8	  0.8	0.000	0.000	0.000
341	  V	  9.8	  0.6	0.000	0.000	0.000
342	  E	  9.6	  0.2	0.000	0.000	0.000
343	  P	  0.7	  0.3	0.000	0.000	0.000
344	  S	  0.7	  1.0	0.000	0.000	0.000
345	  S	  0.9	  1.0	0.000	0.000	0.000
346	  S	  9.8	  0.8	0.000	0.000	0.000
347	  V	  9.8	  0.6	0.000	0.000	0.000
348	  E	  9.6	  0.2	0.000	0.000	0.000
349	  P	  0.7	  0.3	0.000	0.000	0.000
350	  S	  0.7	  1.0	0.000	0.000	0.000
351	  S	  0.9	  1.0	0.000	0.000	0.000
352	  S	  9.8	  0.8	0.000	0.000	0.000
353	  V	  9.8	  0.6	0.000	0.000	0.000
354	  E	  9.6	  0.2	0.000	0.000	0.000
355	  P	  0.7	  0.3	0.000	0.000	0.000
356	  S	  0.7	  1.0	0.000	0.000	0.000
357	  S	  0.9	  1.0	0.000	0.000	0.000
358	  S	  9.8	  0.8	0.000	0.000	0.000
359	  V	  9.8	  0.6	0.000	0.000	0.000
360	  E	  9.6	  0.2	0.000	0.000	0.000
361	  P	  0.7	  0.3	0.000	0.000	0.000
362	  S	  0.7	  1.0	0.000	0.000	0.000
363	  S	  0.9	  1.0	0.000	0.000	0.000
364	  S	  9.8	  0.8	0.000	0.000	0.000
365	  V	  9.8	  0.6	0.000	0.000	0.000
366	  E	  9.6	  0.2	0.000	0.000	0.000
367	  P	  0.7	  0.3	0.000	0.000	0.000
368	  S	  0.7	  1.0	0.000	0.000	0.000
369	  S	  0.9	  1.0	0.000	0.000	0.000
370	  S	  9.8	  0.8	0.000	0.000	0.000
371	  V	  9.8	  0.6	0.000	0.000	0.000
372	  E	  9.6	  0.2	0.000	0.000	0.000
373	  P	  0.7	  0.3	0.000	0.000	0.000
374	  S	  0.7	  1.0	0.000	0.000	0.000
375	  S	  0.9	  1.0	0.000	0.000	0.000
376	  S	  9.8	  0.8	0.000	0.000	0.000
377	  V	  9.8	  0.6	0.000	0.000	0.000
378	  E	  9.6	  0.2	0.000	0.000	0.000
379	  P	  0.7	  0.3	0.000	0.000	0.000
380	  S	  0.7	  1.0	0.000	0.000	0.000
381	  S	  0.9	  1.0	0.000	0.000	0.000
382	  S	  9.8	  0.8	0.000	0.000	0.000
383	  V	  9.8	  0.6	0.000	0.000	0.000
384	  E	  9.6	  0.2	0.000	0.000	0.000
385	  P	  0.7	  0.3	0.000	0.000	0.000
386	  S	  0.7	  1.0	0.000	0.000	0.000
387	  S	  0.9	  1.0	0.000	0.000	0.000
388	  S	  9.8	  0.8	0.000	0.000	0.000
389	  V	  9.8	  0.6	0.000	0.000	0.000
390	  E	  9.6	  0.2	0.000	0.000	0.000
391	  P	  0.7	  0.3	0.000	0.000	0.000
392	  S	  0.7	  1.0	0.000	0.000	0.000
393	  S	  0.9	  1.0	0.000	0.000	0.000
394	  S	  9.8	  0.8	0.000	0.000	0.000
395	  V	  9.8	  0.6	0.000	0.000	0.000
396	  E	  9.6	  0.2	0.000	0.000	0.000
397	  P	  0.7	  0.3	0.000	0.000	0.000
398	  S	  0.7	  1.0	0.000	0.000	0.000
399	  S	  0.9	  1.0	0.000	0.000	0.000
400	  S	  9.8	  0.8	0.000	0.000	0.000
401	  V	  9.8	  0.6	0.000	0.000	0.000
402	  E	  9.6	  0.2	0.000	0.000	0.000
403	  P	  0.7	  0.3	0.000	0.000	0.000
404	  S	  0.7	  1.0	0.000	0.000	0.000
405	  S	  0.9	  1.0	0.000	0.000	0.000
406	  S	  9.8	  0.8	0.000	0.000	0.000
407	  V	  9.8	  0.6	0.000	0.000	0.000
408	  E	  9.6	  0.2	0.000	0.000	0.000
409	  P	  0.7	  0.3	0.000	0.000	0.000
410	  S	  0.7	  1.0	0.000	0.000	0.000
411	  S	  0.9	  1.0	0.000	0.000	0.000
412	  S	  9.8	  0.8	0.000	0.000	0.000
413	  V	  9.8	  0.6	0.000	0.000	0.000
414	  E	  9.6	  0.2	0.000	0.000	0.000
415	  P	  0.7	  0.3	0.000	0.000	0.000
416	  S	  0.7	  1.0	0.000	0.000	0.000
417	  S	  0.9	  1.0	0.000	0.000	0.000
418	  S	  9.8	  0.8	0.000	0.000	0.000
419	  V	  9.8	  0.6	0.000	0.000	0.000
420	  E	  9.6	  0.2	0.000	0.000	0.000
421	  P	  0.7	  0.3	0.000	0.000	0.000
422	  S	  0.7	  1.0	0.000	0.000	0.000
423	  S	  0.9	  1.0	0.000	0.000	0.000
424	  S	  9.8	  0.8	0.000	0.000	0.000
425	  V	  9.8	  0.6	0.000	0.000	0.000
426	  E	  9.6	  0.2	0.000	0.000	0.000
427	  P	  0.7	  0.3	0.000	0.000	0.000
428	  S	  0.7	  1.0	0.000	0.000	0.000
429	  S	  0.9	  1.0	0.000	0.000	0.000
430	  S	  9.8	  0.8	0.000	0.000	0.000
431	  V	  9.8	  0.6	0.000	0.000	0.000
432	  E	  9.6	  0.2	0.000	0.000	0.000
433	  P	  0.7	  0.3	0.000	0.000	0.000
434	  S	  0.7	  1.0	0.000	0.000	0.000
435	  S	  0.9	  1.0	0.000	0.000	0.000
436	  S	  9.8	  0.8	0.000	0.000	0.000
437	  V	  9.8	  0.6	0.000	0.000	0.000
438	  E	  9.6	  0.2	0.000	0.000	0.000
439	  P	  0.7	  0.3	0.000	0.000	0.000
440	  S	  0.7	  1.0	0.000	0.000	0.000
441	  S	  0.9	  1.0	0.000	0.000	0.000
442	  S	  9.8	  0.8	0.000	0.000	0.000
443	  V	  9.8	  0.6	0.000	0.000	0.000
444	  E	  9.6	  0.2	0.000	0.000	0.000
445	  P	  0.7	  0.3	0.000	0.000	0.000
446	  S	  0.7	  1.0	0.000	0.000	0.000
447	  S	  0.9	  1.0	0.000	0.000	0.000
448	  S	 10.0	  0.8	0.000	0.000	0.000
449	  V	  9.9	  0.6	0.000	0.000	0.000
450	  E	  9.8	  0.2	0.000	0.000	0.000
451	  P	  0.7	  0.2	0.000	0.000	0.000
452	  S	  0.0	  0.2	0.000	0.000	0.000
453	  S	  0.0	  0.4	0.000	0.000	0.000
454	  P	  0.0	  0.1	0.000	0.000	0.000
455	  A	  0.1	  0.1	0.000	0.000	0.000
456	  V	  0.1	  0.3	0.000	0.000	0.000
457	  P	  0.1	  0.4	0.000	0.000	0.000
458	  S	  0.9	  1.3	0.000	0.000	0.000
459	  S	  1.0	  1.4	0.000	0.000	0.000
460	  S	  1.8	  1.2	0.000	0.000	0.000
461	  A	  1.0	  1.0	0.000	0.000	0.000
462	  E	  0.9	  0.3	0.000	0.000	0.000
463	  P	  0.0	  0.4	0.000	0.000	0.000
464	  S	  0.9	  1.1	0.000	0.000	0.000
465	  S	  1.0	  1.2	0.000	0.000	0.000
466	  S	  2.5	  0.9	0.000	0.000	0.000
467	  V	  1.6	  0.8	0.000	0.000	0.000
468	  V	  1.5	  0.0	0.000	0.000	0.000
469	  P	  0.0	  0.0	0.000	0.000	0.000
470	  P	  0.0	  0.0	0.000	0.000	0.000
471	  I	  0.8	  0.0	0.000	0.000	0.000
472	  T	  0.8	  0.0	0.000	0.000	0.000
473	  P	  0.8	  0.0	0.000	0.000	0.000
474	  I	  0.0	  0.2	0.000	0.000	0.000
475	  P	  0.0	  0.3	0.000	0.000	0.000
476	  S	  0.8	  1.0	0.000	0.000	0.000
477	  S	  1.0	  1.0	0.000	0.110	0.110
478	  S	  1.8	  0.8	0.000	1.094	1.094
479	  V	  5.2	  0.7	0.000	8.747	8.747
480	  V	  7.0	  0.0	0.000	9.326	9.326
481	  S	  8.9	  0.9	0.000	9.326	9.326
482	  A	  5.2	  0.9	0.000	9.326	9.326
483	  S	  4.1	  0.9	0.000	9.220	9.220
484	  V	  4.2	  0.9	0.000	9.113	9.113
485	  F	  4.3	  0.1	0.000	8.571	8.571
486	  D	  3.6	  0.5	0.000	0.000	0.000
487	  T	  2.0	  0.6	0.000	0.000	0.000
488	  S	  1.7	  0.7	0.000	0.000	0.000
489	  S	  1.9	  0.6	0.000	0.000	0.000
490	  T	  0.8	  0.2	0.000	0.000	0.000
491	  L	  0.5	  0.5	0.000	0.000	0.000
492	  P	  0.2	  0.4	0.000	0.000	0.000
493	  S	  0.0	  0.4	0.000	0.000	0.000
494	  S	  0.0	  0.7	0.000	0.000	0.000
495	  P	  0.0	  0.4	0.000	0.000	0.000
496	  T	  0.7	  0.4	0.000	0.000	0.000
497	  V	  0.7	  0.5	0.000	0.000	0.000
498	  P	  0.7	  0.1	0.000	0.000	0.000
499	  T	  1.1	  0.2	0.000	0.000	0.000
500	  S	  1.2	  0.2	0.000	0.000	0.000
501	  S	 18.6	  0.1	0.000	0.000	0.000
502	  V	 17.8	  0.1	0.000	0.000	0.000
503	  S	 17.7	  2.4	0.000	0.000	0.000
504	  P	  0.3	  2.4	0.000	0.000	0.000
505	  S	  0.1	  2.4	0.000	0.000	0.000
506	  S	  0.0	  2.8	0.000	0.000	0.000
507	  P	  0.0	  0.4	0.000	0.000	0.000
508	  T	  0.7	  0.4	0.000	0.000	0.000
509	  V	  0.7	  0.5	0.000	0.000	0.000
510	  P	  0.7	  0.1	0.000	0.000	0.000
511	  T	  1.1	  0.2	0.000	0.000	0.000
512	  S	  1.2	  0.2	0.000	0.000	0.000
513	  S	 18.6	  0.1	0.000	0.000	0.000
514	  V	 17.8	  0.1	0.000	0.000	0.000
515	  S	 17.7	  2.4	0.000	0.000	0.000
516	  P	  0.3	  2.4	0.000	0.000	0.000
517	  S	  0.1	  2.4	0.000	0.000	0.000
518	  S	  0.0	  2.8	0.000	0.000	0.000
519	  P	  0.0	  0.4	0.000	0.000	0.000
520	  T	  0.7	  0.4	0.000	0.000	0.000
521	  V	  0.7	  0.5	0.000	0.000	0.000
522	  P	  0.7	  0.2	0.000	0.000	0.000
523	  T	  1.3	  0.3	0.000	0.000	0.000
524	  S	  1.4	  0.4	0.000	0.000	0.000
525	  S	  1.7	  0.3	0.000	0.000	0.000
526	  E	  0.4	  0.2	0.000	0.000	0.000
527	  S	  0.4	  2.3	0.209	0.000	0.000
528	  P	  0.0	  2.3	0.209	0.000	0.000
529	  S	  0.2	  2.3	0.209	0.000	0.000
530	  T	  5.6	  2.3	0.209	0.000	0.000
531	  L	  5.8	  0.1	0.209	0.000	0.000
532	  S	  5.7	  0.1	0.209	0.000	0.000
533	  T	  0.4	  0.5	0.000	0.000	0.000
534	  P	  0.1	  0.6	0.000	0.000	0.000
535	  S	  0.9	  1.6	0.000	0.000	0.000
536	  S	  0.9	  1.6	0.000	0.000	0.000
537	  S	  1.2	  1.2	0.000	0.000	0.000
538	  A	  0.3	  1.0	0.000	0.000	0.000
539	  A	  0.2	  0.4	0.000	0.000	0.000
540	  P	  0.0	  0.6	0.000	0.000	0.000
541	  S	  0.3	  0.6	0.000	0.000	0.000
542	  S	  4.6	  0.6	0.000	0.000	0.000
543	  F	  4.9	  0.2	0.000	0.000	0.000
544	  C	  4.6	  0.8	0.000	0.000	0.000
545	  P	  0.2	  0.8	0.000	0.000	0.000
546	  T	  2.3	  0.8	0.000	0.000	0.000
547	  C	  3.9	  0.8	0.000	0.000	0.000
548	  V	  5.2	  0.2	0.000	0.000	0.000
549	  S	  2.9	  0.4	0.000	0.000	0.000
550	  S	  1.4	  0.4	0.000	0.000	0.000
551	  G	  0.2	  0.4	0.000	0.000	0.000
552	  T	  0.1	  0.3	0.000	0.000	0.000
553	  P	  0.0	  0.0	0.000	0.000	0.000
554	  P	  0.0	  0.0	0.000	0.000	0.000
555	  A	  0.0	  0.4	0.000	0.000	0.000
556	  P	  0.0	  0.6	0.000	0.000	0.000
557	  S	  0.9	  1.5	0.000	0.000	0.000
558	  S	  0.9	  1.6	0.000	0.000	0.000
559	  S	  1.2	  1.2	0.000	0.000	0.000
560	  A	  1.5	  1.0	0.000	0.000	0.000
561	  V	  2.0	  0.0	0.000	0.000	0.000
562	  V	  1.7	  0.1	0.000	0.000	0.000
563	  P	  0.5	  0.2	0.000	0.000	0.000
564	  T	  1.3	  0.3	0.000	0.000	0.000
565	  S	  1.4	  0.5	0.000	0.000	0.000
566	  S	  1.5	  0.8	0.000	0.000	0.000
567	  A	  0.2	  0.9	0.000	0.000	0.000
568	  G	  0.1	  0.9	0.000	0.000	0.000
569	  G	  0.0	  2.4	0.000	0.000	0.000
570	  G	  0.0	  2.2	0.000	0.000	0.000
571	  N	  0.0	  2.1	0.000	0.000	0.000
572	  G	  0.0	  3.5	0.000	0.000	0.000
573	  G	  0.0	  2.5	0.000	0.000	0.000
574	  D	  0.0	  8.7	0.000	0.000	0.000
575	  N	  0.0	  8.6	0.000	0.000	0.000
576	  G	  0.0	  7.0	0.000	0.000	0.000
577	  Q	  0.0	  7.4	0.000	0.000	0.000
578	  P	  0.0	  1.2	0.000	0.000	0.000
579	  G	  0.0	  2.7	0.000	0.000	0.000
580	  A	  0.0	  3.2	0.000	0.000	0.000
581	  D	  0.0	  2.1	0.000	0.000	0.000
582	  G	  0.0	  2.0	0.000	0.000	0.000
583	  Q	  0.0	  1.6	0.000	0.000	0.000
584	  P	  0.0	  1.2	0.000	0.000	0.000
585	  G	  0.0	  1.4	0.000	0.000	0.000
586	  A	  0.1	  2.0	0.000	0.000	0.000
587	  A	  0.1	  0.8	0.000	0.000	0.000
588	  G	  0.1	  0.7	0.000	0.000	0.000
589	  Q	  0.0	  1.8	0.000	0.000	0.000
590	  P	  0.0	  1.3	0.000	0.000	0.000
591	  G	  0.0	  1.4	0.000	0.000	0.000
592	  A	  0.1	  2.0	0.000	0.000	0.000
593	  A	  0.1	  0.8	0.000	0.000	0.000
594	  G	  0.1	  0.7	0.000	0.000	0.000
595	  Q	  0.0	  1.8	0.000	0.000	0.000
596	  P	  0.0	  1.3	0.000	0.000	0.000
597	  G	  0.0	  1.4	0.000	0.000	0.000
598	  A	  0.1	  2.0	0.000	0.000	0.000
599	  A	  0.1	  0.8	0.000	0.000	0.000
600	  G	  0.1	  0.7	0.000	0.000	0.000
601	  Q	  0.0	  1.8	0.000	0.000	0.000
602	  P	  0.0	  1.3	0.000	0.000	0.000
603	  G	  0.0	  1.4	0.000	0.000	0.000
604	  A	  0.1	  2.0	0.000	0.000	0.000
605	  A	  0.1	  0.8	0.000	0.000	0.000
606	  G	  0.1	  0.7	0.000	0.000	0.000
607	  Q	  0.0	  1.8	0.000	0.000	0.000
608	  P	  0.0	  1.3	0.000	0.000	0.000
609	  G	  0.0	  1.4	0.000	0.000	0.000
610	  A	  0.1	  2.0	0.000	0.000	0.000
611	  A	  0.1	  0.8	0.000	0.000	0.000
612	  G	  0.1	  0.7	0.000	0.000	0.000
613	  Q	  0.0	  1.8	0.000	0.000	0.000
614	  P	  0.0	  1.3	0.000	0.000	0.000
615	  G	  0.0	  1.4	0.000	0.000	0.000
616	  A	  0.1	  2.0	0.000	0.000	0.000
617	  A	  0.1	  0.8	0.000	0.000	0.000
618	  G	  0.1	  0.7	0.000	0.000	0.000
619	  Q	  0.0	  1.8	0.000	0.000	0.000
620	  P	  0.0	  1.3	0.000	0.000	0.000
621	  G	  0.0	  1.4	0.000	0.000	0.000
622	  A	  0.1	  2.0	0.000	0.000	0.000
623	  A	  0.1	  0.8	0.000	0.000	0.000
624	  G	  0.1	  0.7	0.000	0.000	0.000
625	  Q	  0.0	  1.8	0.000	0.000	0.000
626	  P	  0.0	  1.3	0.000	0.000	0.000
627	  G	  0.0	  1.4	0.000	0.000	0.000
628	  A	  0.1	  2.0	0.000	0.000	0.000
629	  A	  0.1	  0.8	0.000	0.000	0.000
630	  G	  0.1	  0.7	0.000	0.000	0.000
631	  Q	  0.0	  1.8	0.000	0.000	0.000
632	  P	  0.0	  1.3	0.000	0.000	0.000
633	  G	  0.0	  1.4	0.000	0.000	0.000
634	  A	  0.1	  2.0	0.000	0.000	0.000
635	  A	  0.1	  0.8	0.000	0.000	0.000
636	  G	  0.1	  0.7	0.000	0.000	0.000
637	  Q	  0.0	  1.8	0.000	0.000	0.000
638	  P	  0.0	  1.3	0.000	0.000	0.000
639	  G	  0.0	  1.4	0.000	0.000	0.000
640	  A	  0.1	  2.0	0.000	0.000	0.000
641	  A	  0.1	  0.8	0.000	0.000	0.000
642	  G	  0.1	  0.7	0.000	0.000	0.000
643	  Q	  0.0	  1.7	0.000	0.000	0.000
644	  P	  0.0	  1.4	0.000	0.000	0.000
645	  G	  0.0	  2.1	0.000	0.000	0.000
646	  A	  0.0	  3.0	0.000	0.000	0.000
647	  G	  0.0	  2.1	0.000	0.000	0.000
648	  S	  0.0	  2.2	0.000	0.000	0.000
649	  G	  0.0	  1.6	0.000	0.000	0.000
650	  G	  0.0	  1.0	0.000	0.000	0.000
651	  G	  0.0	  0.8	0.000	0.000	0.000
652	  S	  0.0	  0.5	0.000	0.000	0.000
653	  E	  0.1	  0.4	0.000	0.000	0.000
654	  Q	  0.1	  0.1	0.000	0.000	0.000
655	  P	  0.0	  0.0	0.000	0.000	0.000
656	  T	  0.0	  1.7	0.000	0.000	0.000
657	  P	  0.0	  2.0	0.000	0.000	0.000
658	  G	  0.0	  2.5	0.000	0.000	0.000
659	  A	  0.0	  2.8	0.000	0.000	0.000
660	  G	  0.0	  1.7	0.000	0.000	0.000
661	  A	  0.0	  2.3	0.000	0.000	0.000
662	  G	  0.0	  2.2	0.000	0.000	0.000
663	  S	  0.3	  2.5	0.000	0.000	0.000
664	  G	  0.3	  1.9	0.000	0.000	0.000
665	  S	  0.7	  8.6	0.000	0.000	0.000
666	  A	  0.4	  8.3	0.000	0.000	0.000
667	  D	  0.3	  8.3	0.000	0.000	0.000
668	  G	  0.0	  8.3	0.000	0.000	0.000
669	  N	  0.1	  3.3	0.000	0.000	0.000
670	  Q	  0.1	  3.3	0.000	0.000	0.000
671	  S	  0.2	  3.2	0.000	0.000	0.000
672	  G	  0.1	  3.2	0.000	0.000	0.000
673	  T	  1.3	  1.0	0.000	0.000	0.000
674	  S	  1.3	  1.2	0.000	0.000	0.000
675	  S	  1.4	  1.4	0.000	0.000	0.000
676	  G	  0.1	  1.4	0.000	0.000	0.000
677	  T	  0.1	  3.4	0.000	0.000	0.000
678	  G	  0.0	  4.6	0.000	0.000	0.000
679	  N	  0.0	  4.0	0.000	0.000	0.000
680	  G	  0.1	  4.0	0.000	0.000	0.000
681	  Q	  0.1	  1.9	0.000	0.000	0.000
682	  A	  0.1	  1.3	0.000	0.000	0.000
683	  G	  0.0	  1.8	0.000	0.000	0.000
684	  S	  0.1	  1.8	0.000	0.000	0.000
685	  G	  0.1	  1.5	0.000	0.000	0.000
686	  Q	  0.1	  1.1	0.000	0.000	0.000
687	  A	  0.1	  1.4	0.000	0.000	0.000
688	  G	  0.0	  1.9	0.000	0.000	0.000
689	  S	  0.1	  1.8	0.000	0.000	0.000
690	  G	  0.0	  1.4	0.000	0.000	0.000
691	  Q	  0.1	  0.7	0.000	0.000	0.000
692	  V	  0.2	  1.4	0.000	0.000	0.000
693	  G	  0.2	  1.9	0.000	0.000	0.000
694	  S	  0.2	  1.9	0.000	0.000	0.000
695	  G	  0.1	  1.9	0.000	0.000	0.000
696	  Q	  0.1	  1.0	0.000	0.000	0.000
697	  A	  0.1	  0.8	0.000	0.000	0.000
698	  G	  0.0	  1.5	0.000	0.000	0.000
699	  A	  0.0	  1.4	0.000	0.000	0.000
700	  G	  0.1	  1.2	0.000	0.000	0.000
701	  Q	  0.1	  1.3	0.000	0.000	0.000
702	  A	  0.1	  1.4	0.000	0.000	0.000
703	  G	  0.0	  1.9	0.000	0.000	0.000
704	  S	  0.1	  1.9	0.000	0.000	0.000
705	  G	  0.1	  1.6	0.000	0.000	0.000
706	  Q	  0.1	  1.0	0.000	0.000	0.000
707	  A	  0.1	  0.8	0.000	0.000	0.000
708	  G	  0.0	  1.5	0.000	0.000	0.000
709	  A	  0.0	  1.4	0.000	0.000	0.000
710	  G	  0.1	  1.2	0.000	0.000	0.000
711	  Q	  0.1	  1.3	0.000	0.000	0.000
712	  A	  0.1	  1.4	0.000	0.000	0.000
713	  G	  0.0	  1.9	0.000	0.000	0.000
714	  S	  0.1	  1.9	0.000	0.000	0.000
715	  G	  0.1	  1.6	0.000	0.000	0.000
716	  Q	  0.1	  1.0	0.000	0.000	0.000
717	  A	  0.1	  0.8	0.000	0.000	0.000
718	  G	  0.0	  1.5	0.000	0.000	0.000
719	  A	  0.0	  1.4	0.000	0.000	0.000
720	  G	  0.1	  1.2	0.000	0.000	0.000
721	  Q	  0.1	  1.1	0.000	0.000	0.000
722	  A	  0.1	  0.3	0.000	0.000	0.000
723	  G	  0.1	  0.5	0.000	0.000	0.000
724	  L	  0.2	  0.5	0.000	0.000	0.000
725	  D	  0.2	  0.4	0.000	0.000	0.000
726	  N	  0.2	  0.4	0.000	0.000	0.000
727	  T	  2.9	  0.8	0.000	0.000	0.000
728	  A	  2.9	  1.0	0.000	0.000	0.000
729	  S	  2.9	  1.1	0.000	0.000	0.000
730	  G	  0.1	  1.2	0.000	0.000	0.000
731	  Q	  0.1	  0.8	0.000	0.000	0.000
732	  S	  0.1	  0.9	0.000	0.000	0.000
733	  E	  0.1	  2.4	0.000	0.000	0.000
734	  G	  0.0	  2.3	0.000	0.000	0.000
735	  G	  0.1	  2.2	0.129	0.000	0.000
736	  Q	  0.2	  1.8	0.129	0.000	0.000
737	  A	  0.4	  0.2	0.129	0.000	0.000
738	  S	  0.4	  0.2	0.247	0.000	0.000
739	  A	  0.4	  0.6	0.247	0.000	0.000
740	  M	  0.3	  0.7	0.247	0.000	0.000
741	  D	  0.2	  1.4	0.118	0.000	0.000
742	  G	  0.1	  1.4	0.118	0.000	0.000
743	  D	  0.1	  4.7	0.118	0.000	0.000
744	  Q	  0.1	  4.7	0.000	0.000	0.000
745	  S	  0.1	  4.9	0.000	0.000	0.000
746	  G	  0.1	  5.0	0.000	0.000	0.000
747	  R	  0.1	  2.6	0.000	0.000	0.000
748	  G	  0.0	  2.4	0.000	0.000	0.000
749	  G	  0.0	  1.7	0.000	0.000	0.000
750	  Q	  0.0	  1.7	0.000	0.000	0.000
751	  S	  0.1	  1.1	0.000	0.000	0.000
752	  N	  0.1	  1.8	0.000	0.000	0.000
753	  S	  0.3	  2.6	0.000	0.000	0.000
754	  G	  0.3	  2.5	0.000	0.000	0.000
755	  S	  0.5	  1.8	0.000	0.000	0.000
756	  L	  0.5	  1.0	0.000	0.000	0.000
757	  L	  0.6	  0.1	0.000	0.000	0.000
758	  Q	  0.4	  0.7	0.000	0.000	0.000
759	  P	  0.1	  0.7	0.000	0.000	0.000
760	  N	  0.0	  0.9	0.000	0.000	0.000
761	  A	  0.1	  1.0	0.000	0.000	0.000
762	  Q	  0.1	  0.5	0.000	0.000	0.000
763	  Q	  0.1	  0.7	0.000	0.000	0.000
764	  G	  0.0	  0.7	0.000	0.000	0.000
765	  T	  0.2	  1.7	0.000	0.000	0.000
766	  G	  0.2	  1.7	0.000	0.000	0.000
767	  S	  0.2	  2.2	0.000	0.000	0.000
768	  G	  0.1	  2.2	0.000	0.000	0.000
769	  T	  0.2	  1.8	0.000	0.000	0.000
770	  G	  0.2	  1.9	0.000	0.000	0.000
771	  S	  0.2	  1.4	0.000	0.000	0.000
772	  D	  0.0	  1.6	0.000	0.000	0.000
773	  T	  0.0	  1.1	0.000	0.000	0.000
774	  G	  0.0	  1.3	0.000	0.000	0.000
775	  A	  0.1	  1.1	0.000	0.000	0.000
776	  D	  0.0	  0.8	0.000	0.000	0.000
777	  Q	  0.2	  0.9	0.000	0.000	0.000
778	  A	  0.3	  0.7	0.000	0.000	0.000
779	  S	  0.3	  1.0	0.000	0.000	0.000
780	  G	  0.1	  1.0	0.000	0.000	0.000
781	  E	  0.1	  0.6	0.000	0.000	0.000
782	  S	  0.0	  4.1	0.000	0.000	0.000
783	  P	  0.0	  3.8	0.000	0.000	0.000
784	  G	  0.0	  3.8	0.000	0.000	0.000
785	  Q	  0.1	  3.8	0.000	0.000	0.000
786	  I	  0.1	  1.4	0.000	0.000	0.000
787	  G	  0.1	  1.4	0.000	0.000	0.000
788	  D	  0.1	  1.4	0.000	0.000	0.000
789	  A	  0.1	  1.4	0.000	0.000	0.000
790	  Q	  0.1	  1.6	0.000	0.000	0.000
791	  P	  0.0	  2.3	0.000	0.000	0.000
792	  G	  0.0	  2.5	0.000	0.000	0.000
793	  S	  0.1	  2.9	0.000	0.000	0.000
794	  G	  0.1	  1.4	0.000	0.000	0.000
795	  T	  0.4	  0.8	0.000	0.000	0.000
796	  D	  0.4	  1.7	0.000	0.000	0.000
797	  Q	  0.5	  1.6	0.000	0.000	0.000
798	  S	  0.2	  2.0	0.000	0.000	0.000
799	  S	  0.2	  2.6	0.000	0.000	0.000
800	  G	  0.2	  1.5	0.000	0.000	0.000
801	  R	  0.2	  1.2	0.000	0.000	0.000
802	  H	  0.3	  0.8	0.000	0.000	0.000
803	  S	  0.4	  0.2	1.573	0.000	0.000
804	  L	  0.4	  0.1	1.775	0.000	0.000
805	  A	  0.2	  0.1	1.893	0.000	0.000
806	  A	  0.1	  0.0	1.893	0.000	0.000
807	  E	  0.1	  0.0	1.893	0.000	0.000
808	  A	  0.1	  0.1	1.893	0.000	0.000
809	  R	  0.2	  0.1	1.534	0.000	0.000
810	  T	  1.3	  0.1	0.431	0.000	0.000
811	  S	  2.7	  0.8	0.431	0.000	0.000
812	  Q	  2.8	  0.8	0.310	0.000	0.000
813	  S	  3.0	  1.0	0.000	0.000	0.000
814	  H	  1.6	  1.0	0.000	0.000	0.000
815	  S	  1.6	  0.3	0.809	0.000	0.000
816	  L	  0.4	  0.3	0.926	0.000	0.000
817	  A	  0.2	  0.5	1.036	0.000	0.000
818	  A	  0.1	  0.4	1.036	0.000	0.000
819	  D	  0.1	  0.6	2.712	0.000	0.000
820	  A	  0.1	  0.6	2.712	0.000	0.000
821	  R	  0.3	  0.2	2.563	0.000	0.000
822	  T	  2.3	  0.3	1.997	0.000	0.000
823	  R	  2.6	  0.2	1.997	0.000	0.000
824	  S	  3.1	  0.2	1.997	0.000	0.000
825	  T	  2.1	  0.2	0.000	0.000	0.000
826	  T	  3.2	  0.1	0.000	0.000	0.000
827	  R	  2.8	  0.1	0.000	0.000	0.000
828	  Q	  1.8	  0.1	0.000	0.000	0.000
829	  T	  1.1	  0.1	0.000	0.000	0.000
830	  S	  1.9	  0.1	0.000	0.000	0.000
831	  V	 11.2	  0.0	0.000	0.000	0.000
832	  I	 10.7	  0.0	0.000	0.000	0.000
833	  A	  9.6	  0.9	0.000	0.000	0.000
834	  P	  0.3	  1.0	0.000	0.000	0.000
835	  G	  0.2	  1.0	0.000	0.000	0.000
836	  T	  0.4	  1.0	0.000	0.000	0.000
837	  A	  0.4	  1.0	0.000	0.000	0.000
838	  P	  0.1	  1.0	0.000	0.000	0.000
839	  G	  0.1	  1.0	0.000	1.291	1.291
840	  T	  0.9	  1.0	0.000	13.624	13.624
841	  A	  1.5	  0.1	0.000	32.009	32.009
842	  V	  4.0	  0.0	0.000	52.172	52.172
843	  V	  4.8	  0.0	0.000	52.172	52.172
844	  T	  7.4	  0.0	0.000	51.977	51.977
845	  T	 11.6	  0.0	0.000	50.558	50.558
846	  F	 10.8	  0.3	0.000	48.414	48.414
847	  H	  7.7	  1.2	0.000	0.886	0.886
848	  G	  1.0	  1.2	0.000	0.431	0.431
849	  C	  0.1	  1.2	0.000	0.431	0.431
850	  G	  0.1	  0.9	0.000	0.146	0.146
851	  T	  5.6	  0.1	0.000	0.146	0.146
852	  V	  6.6	  0.1	0.000	0.146	0.146
853	  N	  6.7	  0.1	0.000	0.000	0.000
854	  H	  1.2	  0.9	0.118	0.000	0.000
855	  K	  0.2	  0.9	0.118	0.001	0.001
856	  G	  0.1	  0.9	6.094	5.226	5.226
857	  M	  0.5	  0.8	6.513	67.888	67.888
858	  I	  6.8	  0.0	7.163	77.134	77.134
859	  N	  6.9	  0.0	14.814	77.938	77.938
860	  I	  8.7	  0.0	15.131	97.838	97.838
861	  L	  2.6	  0.0	15.712	99.568	99.568
862	  L	  2.7	  0.0	15.957	99.868	99.868
863	  A	  0.5	  0.0	16.144	99.918	99.918
864	  L	  0.5	  0.0	15.977	99.978	99.978
865	  A	  0.5	  0.0	15.151	99.972	99.972
866	  L	  1.1	  0.0	14.070	99.958	99.958
867	  L	  2.5	  0.0	11.998	99.877	99.877
868	  V	  5.5	  0.0	8.413	99.410	99.410
869	  L	  4.8	  0.0	7.873	92.937	92.937
870	  L	  3.2	  0.0	1.489	0.008	0.008
