res	aa	Beta	Turn	Helix	Aggregation	Conc-Stab_Aggregation
01	  M	  0.5	  0.0	0.000	0.076	0.076
02	  I	  1.5	  0.0	0.000	78.028	78.028
03	  W	  1.9	  0.0	0.000	80.763	80.763
04	  L	  1.6	  0.0	0.000	81.894	81.894
05	  L	  0.9	  0.0	0.000	82.089	82.089
06	  T	  1.2	  0.1	0.872	82.121	82.121
07	  Q	  1.1	  0.1	0.872	81.465	81.465
08	  T	  1.4	  0.1	2.996	82.801	82.801
09	  T	  1.0	  0.1	6.109	85.066	85.066
10	  A	  1.0	  0.0	6.340	88.803	88.803
11	  A	  1.0	  0.0	6.857	93.175	93.175
12	  I	  3.6	  0.0	7.074	98.056	98.056
13	  I	  5.8	  0.0	7.074	98.120	98.120
14	  A	  5.5	  0.0	7.229	97.189	97.189
15	  L	  2.8	  0.0	7.229	96.362	96.362
16	  I	  1.6	  0.0	6.694	91.321	91.321
17	  Q	  1.4	  0.0	6.694	30.127	30.127
18	  L	  1.5	  0.1	4.238	27.574	27.574
19	  A	  0.3	  0.3	3.495	12.868	12.868
20	  S	  0.3	  0.3	2.296	0.409	0.409
21	  S	  0.9	  0.3	0.309	0.071	0.071
22	  A	  0.7	  0.2	0.000	0.035	0.035
23	  T	  0.7	  0.0	0.000	0.007	0.007
24	  I	  0.0	  0.0	0.000	0.000	0.000
25	  D	  0.0	  0.0	0.000	0.000	0.000
26	  K	  0.0	  0.0	-1.#IO	0.000	0.000
27	  N	  0.0	  0.0	-1.#IO	0.000	0.000
28	  T	  0.0	  0.0	-1.#IO	0.000	0.000
29	  Y	  0.0	  0.0	-1.#IO	0.000	0.000
30	  L	  0.0	  0.0	-1.#IO	0.000	0.000
31	  D	  0.0	  0.0	-1.#IO	0.000	0.000
32	  N	  0.0	  0.0	-1.#IO	0.000	0.000
33	  L	  0.0	  0.0	-1.#IO	0.000	0.000
34	  P	  0.0	  0.0	-1.#IO	0.000	0.000
35	  S	  0.0	  0.0	-1.#IO	0.000	0.000
36	  E	  0.0	  0.0	-1.#IO	0.000	0.000
37	  D	  0.0	  0.0	-1.#IO	0.000	0.000
38	  I	  0.0	  0.0	-1.#IO	0.000	0.000
39	  T	  0.0	  0.0	0.000	0.000	0.000
40	  V	  0.0	  0.0	0.000	0.000	0.000
41	  N	  0.0	  1.9	0.102	0.000	0.000
42	  S	  0.0	  1.9	0.344	0.176	0.176
43	  N	  0.2	  1.9	1.213	1.745	1.745
44	  A	  0.5	  1.9	1.213	40.890	40.890
45	  F	  1.1	  0.0	1.213	83.512	83.512
46	  L	  1.2	  0.0	1.213	83.626	83.626
47	  A	  1.2	  0.0	1.213	83.626	83.626
48	  L	  1.1	  0.0	1.213	83.604	83.604
49	  I	  1.5	  0.0	1.018	80.462	80.462
50	  H	  1.4	  0.3	1.018	3.170	3.170
51	  A	  0.9	  0.4	0.350	2.339	2.339
52	  N	  2.3	  0.4	0.251	1.634	1.634
53	  T	 19.3	  0.4	0.000	1.634	1.634
54	  Y	 29.0	  0.0	0.000	1.634	1.634
55	  T	 33.4	  0.1	0.000	1.473	1.473
56	  F	 18.2	  0.8	0.000	1.377	1.377
57	  N	  7.2	  0.9	0.000	0.051	0.051
58	  G	  0.4	  0.9	0.000	0.000	0.000
59	  G	  0.2	  0.9	0.000	0.000	0.000
60	  I	  0.4	  0.3	0.000	0.000	0.000
61	  N	  0.4	  2.1	0.000	0.000	0.000
62	  N	  0.2	  2.8	0.000	0.000	0.000
63	  N	  0.0	  2.7	0.000	0.000	0.000
64	  G	  0.0	  2.7	0.000	1.849	1.849
65	  Y	  0.7	  0.8	0.000	4.368	4.368
66	  L	  1.4	  0.0	0.000	4.600	4.600
67	  F	  2.2	  0.0	0.000	4.600	4.600
68	  M	  1.5	  0.3	0.000	4.600	4.600
69	  G	  0.8	  0.3	0.000	2.903	2.903
70	  N	  1.5	  0.7	0.000	1.054	1.054
71	  V	  3.0	  0.7	0.000	1.054	1.054
72	  N	  3.0	  1.3	0.000	0.000	0.000
73	  S	  1.6	  1.4	0.000	0.000	0.000
74	  G	  0.0	  1.4	0.000	0.000	0.000
75	  Q	  0.1	  1.5	0.000	0.000	0.000
76	  S	  0.0	  0.7	0.000	0.000	0.000
77	  G	  0.1	  0.6	0.307	0.000	0.000
78	  L	  0.2	  0.2	0.307	0.000	0.000
79	  K	  1.0	  0.1	0.307	0.000	0.000
80	  T	  1.8	  0.1	0.307	0.000	0.000
81	  T	  7.0	  0.1	0.307	0.000	0.000
82	  L	  6.5	  0.3	0.307	0.000	0.000
83	  S	  5.7	  0.8	0.307	0.000	0.000
84	  S	  0.6	  1.0	0.094	0.000	0.000
85	  G	  0.3	  1.0	0.000	0.000	0.000
86	  S	 10.7	  0.9	0.000	0.000	0.000
87	  V	 10.7	  0.5	0.000	0.000	0.000
88	  S	 10.7	  0.4	0.000	0.000	0.000
89	  N	  0.3	  0.7	0.000	0.000	0.000
90	  Q	  0.0	  0.6	0.000	0.000	0.000
91	  G	  0.1	  0.5	0.000	1.263	1.263
92	  T	  5.1	  0.4	0.000	1.263	1.263
93	  F	  6.7	  0.1	0.000	1.263	1.263
94	  V	  9.1	  0.1	0.000	1.263	1.263
95	  L	  4.3	  0.2	0.000	1.263	1.263
96	  D	  2.7	  0.2	0.000	0.000	0.000
97	  N	  0.1	  1.7	0.000	0.000	0.000
98	  R	  0.0	  1.7	0.000	0.000	0.000
99	  N	  0.0	  1.8	0.000	0.000	0.000
100	  E	  0.1	  1.8	0.000	0.000	0.000
101	  T	  0.1	  0.9	0.000	0.000	0.000
102	  N	  0.1	  1.1	0.000	0.000	0.000
103	  G	  0.0	  1.0	0.000	0.000	0.000
104	  A	  0.4	  0.9	0.000	0.000	0.000
105	  S	  5.0	  0.7	0.000	0.000	0.000
106	  L	  6.7	  0.5	0.000	0.000	0.000
107	  S	 20.5	  0.9	0.000	0.000	0.000
108	  W	 16.2	  1.1	0.000	0.000	0.000
109	  S	 14.8	  1.8	0.000	0.000	0.000
110	  G	  0.4	  1.9	0.000	0.000	0.000
111	  S	  0.4	  1.3	0.000	0.000	0.000
112	  S	  7.7	  1.1	0.000	0.000	0.000
113	  F	  9.6	  0.2	0.000	0.000	0.000
114	  T	  9.9	  0.1	0.000	0.000	0.000
115	  N	  2.5	  0.3	0.000	0.000	0.000
116	  T	  0.6	  0.3	0.000	0.000	0.000
117	  G	  0.1	  0.2	0.000	0.000	0.000
118	  T	  0.1	  0.1	0.000	0.000	0.000
119	  M	  0.0	  0.0	0.000	0.000	0.000
120	  Y	  0.0	  0.0	0.000	0.000	0.000
121	  F	  0.0	  0.0	-1.#IO	0.000	0.000
122	  W	  0.0	  0.0	-1.#IO	0.000	0.000
123	  G	  0.0	  0.0	-1.#IO	0.000	0.000
124	  A	  0.0	  0.0	-1.#IO	0.000	0.000
125	  G	  0.0	  0.0	-1.#IO	0.000	0.000
126	  S	  0.0	  0.0	-1.#IO	0.000	0.000
127	  P	  0.0	  0.0	-1.#IO	0.000	0.000
128	  Q	  0.0	  0.0	-1.#IO	0.000	0.000
129	  N	  0.0	  0.0	-1.#IO	0.000	0.000
130	  S	  0.0	  0.0	-1.#IO	0.000	0.000
131	  Y	  0.0	  0.0	-1.#IO	0.000	0.000
132	  D	  0.0	  0.0	-1.#IO	0.000	0.000
133	  F	  0.0	  0.0	-1.#IO	0.000	0.000
134	  N	  0.0	  0.0	0.000	0.000	0.000
135	  P	  0.0	  0.0	0.000	0.000	0.000
136	  S	  0.0	  2.5	0.000	0.000	0.000
137	  G	  0.0	  2.5	0.000	0.000	0.000
138	  N	  2.3	  2.5	0.000	0.000	0.000
139	  F	  3.0	  2.8	0.000	0.000	0.000
140	  E	  3.1	  0.3	0.000	0.000	0.000
141	  N	  0.9	  0.9	0.122	0.000	0.000
142	  K	  0.1	  1.0	0.122	0.000	0.000
143	  G	  0.0	  0.7	0.122	0.274	0.274
144	  T	  1.4	  0.7	0.122	0.453	0.453
145	  M	  2.8	  0.1	0.122	0.453	0.453
146	  V	  5.8	  0.0	0.122	0.453	0.453
147	  F	  5.6	  0.0	0.122	0.453	0.453
148	  H	  4.4	  0.4	0.000	0.179	0.179
149	  Q	  1.5	  0.5	0.000	0.000	0.000
150	  D	  0.4	  0.7	0.000	0.000	0.000
151	  S	  0.8	  1.9	0.000	0.000	0.000
152	  K	  1.0	  1.5	0.000	0.000	0.000
153	  N	  1.1	  2.1	0.000	0.000	0.000
154	  T	  1.0	  2.1	0.000	0.000	0.000
155	  D	  1.2	  1.0	0.275	0.000	0.000
156	  S	  1.6	  1.0	0.650	0.000	0.000
157	  Y	  1.4	  0.6	0.650	0.000	0.000
158	  A	  0.9	  0.5	0.650	0.000	0.000
159	  N	  1.3	  0.3	0.650	0.000	0.000
160	  F	  1.5	  0.7	0.650	0.000	0.000
161	  Q	  1.4	  0.9	0.482	0.000	0.000
162	  G	  0.4	  1.2	0.136	0.000	0.000
163	  S	  0.0	  1.2	0.000	0.000	0.000
164	  N	  1.5	  1.3	0.000	0.000	0.000
165	  V	  2.1	  0.9	0.000	0.000	0.000
166	  N	  2.0	  2.7	0.000	0.000	0.000
167	  N	  0.6	  3.1	0.000	0.000	0.000
168	  D	  0.0	  2.5	0.000	0.000	0.000
169	  G	  0.0	  2.5	0.000	0.000	0.000
170	  T	  2.5	  0.4	0.000	0.122	0.122
171	  I	  4.0	  0.0	0.000	0.122	0.122
172	  C	  4.3	  0.0	0.000	0.122	0.122
173	  L	  2.3	  0.0	0.000	0.122	0.122
174	  T	  1.2	  0.1	0.000	0.122	0.122
175	  N	  1.3	  0.1	0.423	0.000	0.000
176	  T	  4.2	  0.2	0.762	0.000	0.000
177	  K	  3.9	  0.2	0.762	0.000	0.000
178	  S	  3.6	  0.2	0.762	0.000	0.000
179	  L	  0.6	  0.2	0.762	0.000	0.000
180	  L	  0.5	  0.1	0.762	0.000	0.000
181	  K	  0.3	  0.1	0.762	0.000	0.000
182	  K	  0.5	  0.1	0.295	0.000	0.000
183	  S	  1.0	  0.1	0.000	0.000	0.000
184	  I	  3.9	  0.1	0.000	0.000	0.000
185	  V	  3.6	  2.3	0.000	0.000	0.000
186	  G	  3.0	  2.7	0.000	0.000	0.000
187	  N	  0.1	  2.7	0.000	0.000	0.000
188	  G	  0.1	  2.7	0.000	0.000	0.000
189	  C	  1.1	  0.4	0.000	0.000	0.000
190	  I	 14.0	  0.1	0.000	0.000	0.000
191	  T	 14.3	  0.1	0.093	0.000	0.000
192	  I	 13.3	  0.5	0.093	0.000	0.000
193	  G	  0.4	  0.8	0.485	0.000	0.000
194	  E	  0.1	  0.8	0.485	0.000	0.000
195	  N	  0.0	  0.7	1.053	0.000	0.000
196	  A	  0.3	  0.4	1.053	2.269	2.269
197	  M	  1.5	  0.0	1.053	2.531	2.531
198	  M	  3.8	  0.0	0.960	2.531	2.531
199	  V	  5.7	  0.0	0.799	2.531	2.531
200	  L	  4.8	  0.1	0.799	2.531	2.531
201	  Q	  2.6	  0.1	0.679	0.263	0.263
202	  S	  2.3	  0.3	0.264	0.000	0.000
203	  T	  3.3	  0.8	0.000	0.000	0.000
204	  S	  3.2	  1.0	0.000	0.000	0.000
205	  S	  1.4	  1.4	0.000	0.000	0.000
206	  G	  0.1	  1.2	0.000	0.000	0.000
207	  T	  0.3	  1.0	0.000	0.000	0.000
208	  M	  0.3	  1.0	0.000	0.000	0.000
209	  G	  0.3	  0.5	0.759	0.000	0.000
210	  S	  0.4	  0.6	0.759	0.000	0.000
211	  Q	  0.5	  0.4	0.759	0.000	0.000
212	  T	  1.5	  0.2	0.759	0.550	0.550
213	  L	  1.9	  0.1	0.759	0.946	0.946
214	  Y	  2.3	  0.0	0.759	0.946	0.946
215	  M	  1.8	  0.0	0.182	0.946	0.946
216	  T	  2.4	  0.2	0.000	0.946	0.946
217	  S	  2.8	  1.0	0.000	0.396	0.396
218	  S	  3.0	  1.6	0.000	0.283	0.283
219	  S	  1.9	  1.6	0.000	1.507	1.507
220	  S	  1.6	  1.5	0.000	5.997	5.997
221	  I	  2.8	  0.7	0.000	5.997	5.997
222	  I	  3.4	  0.0	0.000	5.997	5.997
223	  F	  3.2	  0.0	0.000	5.997	5.997
224	  A	  1.1	  0.2	0.000	5.181	5.181
225	  E	  0.4	  0.4	0.000	0.000	0.000
226	  S	  0.1	  0.4	0.000	0.000	0.000
227	  D	  0.1	  0.6	0.604	0.000	0.000
228	  A	  0.1	  0.5	0.604	0.000	0.000
229	  K	  0.2	  0.4	0.604	0.000	0.000
230	  T	  0.2	  0.5	0.604	0.000	0.000
231	  D	  0.2	  0.4	0.604	0.000	0.000
232	  N	  2.6	  0.3	1.155	0.000	0.000
233	  I	  9.9	  0.1	0.655	0.000	0.000
234	  I	 13.9	  0.0	0.655	0.000	0.000
235	  V	 12.1	  0.2	0.655	0.000	0.000
236	  R	  4.9	  0.2	0.655	0.000	0.000
237	  G	  0.7	  0.3	0.551	0.000	0.000
238	  F	  0.2	  5.4	0.339	0.000	0.000
239	  G	  0.1	  5.6	0.000	0.000	0.000
240	  N	  0.1	  5.7	0.000	0.000	0.000
241	  G	  0.0	  5.6	0.000	0.000	0.000
242	  N	  0.1	  0.5	0.489	0.518	0.518
243	  I	  1.6	  0.2	0.489	0.518	0.518
244	  L	  5.1	  0.0	0.489	0.518	0.518
245	  T	 16.0	  0.0	0.489	0.518	0.518
246	  F	 15.0	  0.0	0.489	0.518	0.518
247	  R	 11.6	  0.1	0.489	0.000	0.000
248	  T	  1.3	  0.1	0.000	0.000	0.000
249	  S	  7.6	  0.1	0.000	0.000	0.000
250	  V	  7.7	  0.0	0.000	0.000	0.000
251	  D	  7.1	  0.3	0.313	0.000	0.000
252	  P	  0.2	  0.3	0.313	0.000	0.000
253	  F	  1.2	  0.5	0.313	0.000	0.000
254	  R	  1.2	  0.5	0.313	0.000	0.000
255	  G	  1.2	  0.3	0.313	0.000	0.000
256	  K	  0.5	  0.3	0.313	0.000	0.000
257	  W	  4.0	  0.0	0.000	0.000	0.000
258	  S	 11.1	  1.4	0.000	0.000	0.000
259	  Y	 11.0	  1.7	0.000	0.000	0.000
260	  D	  7.6	  2.9	0.000	0.000	0.000
261	  G	  0.3	  3.0	0.000	0.000	0.000
262	  N	  0.0	  1.8	0.000	0.000	0.000
263	  S	  0.0	  1.5	0.000	0.145	0.145
264	  G	  0.0	  0.3	0.638	1.323	1.323
265	  V	  1.3	  0.2	0.638	1.323	1.323
266	  L	  4.3	  0.0	0.638	1.323	1.323
267	  T	 19.3	  0.0	0.638	1.323	1.323
268	  V	 23.8	  0.0	0.638	1.323	1.323
269	  K	 21.2	  0.0	0.638	0.000	0.000
270	  L	  7.0	  0.0	0.282	0.000	0.000
271	  W	  0.4	  0.6	0.282	0.000	0.000
272	  P	  0.0	  0.6	0.000	0.000	0.000
273	  S	  5.7	  0.8	0.000	0.000	0.000
274	  I	  6.2	  0.8	0.000	0.000	0.000
275	  S	  6.4	  0.2	0.000	0.000	0.000
276	  H	  1.0	  0.2	0.000	0.000	0.000
277	  A	  0.9	  0.0	0.000	0.000	0.000
278	  F	  5.9	  0.0	0.000	0.000	0.000
279	  H	  6.6	  0.4	0.000	0.000	0.000
280	  I	  6.2	  0.8	0.000	0.000	0.000
281	  G	  1.1	  1.3	0.000	0.000	0.000
282	  K	  0.1	  1.3	0.000	0.000	0.000
283	  G	  0.1	  0.9	0.000	0.000	0.000
284	  Y	  0.5	  0.5	0.000	0.000	0.000
285	  D	  0.5	  1.8	0.332	0.000	0.000
286	  K	  0.9	  1.8	0.332	0.000	0.000
287	  S	  0.7	  1.8	0.332	0.000	0.000
288	  K	  1.7	  1.8	0.332	0.000	0.000
289	  F	  1.9	  0.1	0.332	0.000	0.000
290	  K	  1.9	  0.1	0.332	0.000	0.000
291	  Q	  1.1	  0.1	0.142	0.000	0.000
292	  K	  0.8	  0.1	0.000	0.000	0.000
293	  Q	  2.4	  0.1	0.000	0.000	0.000
294	  I	  2.7	  0.1	0.000	0.000	0.000
295	  T	  2.5	  0.1	0.000	0.000	0.000
296	  N	  0.7	  0.1	0.000	0.000	0.000
297	  N	  3.5	  0.1	0.000	0.000	0.000
298	  V	  4.0	  0.1	0.000	0.000	0.000
299	  T	  3.9	  0.3	0.000	0.000	0.000
300	  P	  0.6	  0.3	0.000	0.000	0.000
301	  T	  1.2	  0.3	0.000	0.231	0.231
302	  L	  1.8	  0.3	0.000	0.614	0.614
303	  V	  2.4	  0.1	0.000	0.614	0.614
304	  N	  1.2	  0.1	0.000	0.614	0.614
305	  N	  0.7	  0.1	0.000	0.750	0.750
306	  A	  0.6	  0.0	0.000	0.750	0.750
307	  V	  2.7	  0.0	0.000	0.750	0.750
308	  Y	  4.2	  0.2	0.000	0.750	0.750
309	  Y	  4.0	  0.2	0.000	0.750	0.750
310	  D	  1.9	  0.2	0.000	0.000	0.000
311	  G	  0.3	  0.2	0.000	0.000	0.000
312	  P	  0.0	  0.0	0.000	0.000	0.000
313	  V	  0.0	  0.4	0.000	0.000	0.000
314	  P	  0.0	  0.4	0.000	0.000	0.000
315	  D	  0.1	  0.9	0.000	0.000	0.000
316	  T	  2.7	  0.9	0.000	0.000	0.000
317	  S	  2.8	  0.5	0.000	0.000	0.000
318	  K	  2.7	  1.8	0.000	0.000	0.000
319	  P	  0.1	  1.3	0.000	0.000	0.000
320	  D	  0.4	  1.3	0.795	0.000	0.000
321	  V	  1.1	  1.3	0.795	0.000	0.000
322	  C	  1.8	  0.0	0.795	0.000	0.000
323	  A	  1.6	  0.0	0.795	0.000	0.000
324	  I	  1.0	  0.0	0.795	0.000	0.000
325	  C	  0.3	  2.1	0.795	0.000	0.000
326	  P	  0.1	  2.1	0.000	0.000	0.000
327	  N	  0.0	  2.1	0.000	0.000	0.000
328	  N	  0.0	  2.1	0.000	0.000	0.000
329	  P	  0.0	  0.1	0.000	0.000	0.000
330	  P	  0.0	  0.1	0.000	0.000	0.000
331	  W	  0.1	  0.1	0.000	0.000	0.000
332	  I	  0.1	  0.1	0.000	0.000	0.000
333	  P	  0.1	  0.0	0.000	0.000	0.000
334	  V	  5.9	  0.0	0.000	0.000	0.000
335	  I	  6.0	  0.0	0.000	0.000	0.000
336	  N	  6.0	  0.1	2.899	0.000	0.000
337	  E	  0.2	  0.2	2.899	0.000	0.000
338	  E	  0.1	  0.2	2.899	0.000	0.000
339	  T	  0.2	  0.3	3.026	0.000	0.000
340	  N	  0.2	  0.2	3.026	0.000	0.000
341	  N	  0.1	  0.1	3.026	0.000	0.000
342	  A	  0.1	  0.1	1.490	0.448	0.448
343	  A	  0.3	  0.0	1.074	0.978	0.978
344	  W	  0.5	  0.1	0.552	1.726	1.726
345	  T	  0.5	  0.3	0.000	1.874	1.874
346	  G	  0.3	  0.3	0.000	1.874	1.874
347	  T	  3.5	  0.3	0.000	2.367	2.367
348	  F	  4.3	  0.3	0.000	2.367	2.367
349	  L	  4.4	  0.1	0.000	2.367	2.367
350	  S	  1.5	  0.1	0.129	0.607	0.607
351	  T	  0.8	  0.4	0.129	0.607	0.607
352	  K	  0.9	  0.3	0.129	0.000	0.000
353	  D	  0.9	  0.3	0.129	0.000	0.000
354	  V	  4.6	  0.2	0.129	0.632	0.632
355	  H	  7.1	  0.1	0.129	0.632	0.632
356	  Y	  9.9	  0.1	0.000	0.751	0.751
357	  N	  7.6	  0.1	0.000	0.751	0.751
358	  F	  5.8	  0.1	0.000	0.751	0.751
359	  Y	  4.2	  0.2	0.000	0.751	0.751
360	  T	  2.6	  0.3	0.000	0.356	0.356
361	  D	  1.5	  1.0	0.000	0.000	0.000
362	  G	  0.0	  1.0	0.312	0.000	0.000
363	  N	  0.0	  0.9	0.526	0.000	0.000
364	  Q	  1.0	  0.7	0.526	0.000	0.000
365	  L	  1.0	  0.1	0.526	0.000	0.000
366	  K	  1.0	  0.2	0.526	0.000	0.000
367	  E	  0.1	  0.1	0.526	0.000	0.000
368	  S	  0.6	  0.1	0.362	0.000	0.000
369	  I	  2.6	  0.1	0.000	0.000	0.000
370	  I	  2.8	  0.0	0.000	0.000	0.000
371	  Y	  5.6	  0.0	0.000	0.000	0.000
372	  D	  4.7	  0.0	0.000	0.000	0.000
373	  V	  9.0	  0.0	0.000	0.000	0.000
374	  V	  6.1	  0.0	0.000	0.000	0.000
375	  T	  5.1	  0.0	0.000	0.000	0.000
376	  P	  0.5	  0.0	0.000	0.000	0.000
377	  I	  1.0	  0.0	0.000	0.000	0.000
378	  R	  1.1	  0.0	0.000	0.000	0.000
379	  T	  1.2	  0.1	0.000	0.000	0.000
380	  E	  0.2	  0.1	0.000	0.000	0.000
381	  L	  0.2	  0.1	0.000	0.000	0.000
382	  A	  0.3	  0.1	0.000	0.000	0.000
383	  T	  1.7	  0.0	0.000	0.000	0.000
384	  S	  8.4	  0.0	0.101	0.000	0.000
385	  Y	 10.4	  0.0	0.101	0.000	0.000
386	  E	  9.0	  0.0	0.101	0.000	0.000
387	  A	  2.5	  0.0	0.101	0.000	0.000
388	  W	  0.5	  0.1	0.101	0.000	0.000
389	  T	  0.5	  0.5	0.101	0.000	0.000
390	  G	  0.3	  0.5	0.101	0.000	0.000
391	  T	  1.8	  0.5	0.000	0.000	0.000
392	  T	  2.3	  0.5	0.000	0.000	0.000
393	  T	  2.8	  0.1	0.000	0.000	0.000
394	  N	  1.6	  0.1	0.000	0.000	0.000
395	  T	  1.7	  0.1	0.000	0.000	0.000
396	  R	  1.4	  0.1	0.000	0.000	0.000
397	  T	  1.9	  0.1	0.000	0.000	0.000
398	  T	  3.9	  0.1	0.000	0.000	0.000
399	  I	  4.3	  0.0	0.000	0.000	0.000
400	  L	  3.3	  0.1	0.000	0.000	0.000
401	  E	  0.8	  0.1	0.000	0.000	0.000
402	  T	  2.7	  0.1	0.000	0.000	0.000
403	  T	  2.7	  0.1	0.000	0.000	0.000
404	  K	  2.6	  0.1	0.000	0.000	0.000
405	  G	  0.1	  4.3	0.000	0.000	0.000
406	  P	  0.0	  4.5	0.000	0.000	0.000
407	  D	  0.0	  4.5	0.000	0.000	0.000
408	  G	  0.1	  4.5	0.137	0.000	0.000
409	  F	  0.6	  0.4	0.137	0.000	0.000
410	  D	  1.2	  0.1	0.137	0.000	0.000
411	  T	 12.2	  0.1	0.137	0.256	0.256
412	  I	 12.3	  0.1	0.137	0.682	0.682
413	  K	 11.9	  0.1	0.137	0.682	0.682
414	  E	  0.9	  0.1	0.000	0.682	0.682
415	  T	  2.3	  0.1	0.000	6.006	6.006
416	  I	  7.4	  0.0	0.000	6.006	6.006
417	  I	  8.5	  0.0	0.000	6.006	6.006
418	  I	  6.8	  0.0	0.000	6.006	6.006
419	  Q	  1.5	  0.0	0.000	5.324	5.324
420	  T	  0.3	  0.0	0.857	0.000	0.000
421	  P	  0.0	  0.0	0.857	0.000	0.000
422	  I	  0.6	  0.0	0.857	0.000	0.000
423	  E	  0.7	  0.1	0.857	0.000	0.000
424	  K	  1.2	  0.1	0.857	0.000	0.000
425	  R	  0.8	  0.1	0.857	0.000	0.000
426	  T	  2.3	  0.1	0.000	0.000	0.000
427	  T	  4.4	  0.1	0.000	0.000	0.000
428	  T	  5.4	  0.1	0.000	0.000	0.000
429	  K	  7.2	  0.0	0.000	0.000	0.000
430	  F	  4.9	  0.5	0.000	0.000	0.000
431	  E	  3.7	  0.5	0.000	0.000	0.000
432	  G	  0.4	  0.5	0.000	0.000	0.000
433	  W	  0.3	  0.6	0.000	0.000	0.000
434	  T	  0.4	  0.3	0.000	0.000	0.000
435	  G	  0.4	  0.3	0.000	0.000	0.000
436	  S	  3.8	  0.3	0.000	0.000	0.000
437	  V	  5.4	  0.2	0.000	0.000	0.000
438	  T	  5.9	  0.0	0.000	0.000	0.000
439	  N	  2.9	  0.1	0.000	0.000	0.000
440	  T	  3.2	  0.1	0.000	0.000	0.000
441	  R	  3.0	  0.2	0.000	0.000	0.000
442	  S	  2.9	  0.7	0.000	0.000	0.000
443	  T	  1.1	  0.7	0.000	0.000	0.000
444	  D	  1.2	  0.7	0.000	0.000	0.000
445	  F	  1.4	  0.7	0.000	0.196	0.196
446	  S	  1.7	  0.2	0.000	0.196	0.196
447	  T	 20.1	  0.2	0.000	0.196	0.196
448	  F	 20.6	  0.2	0.000	0.196	0.196
449	  T	 20.1	  0.6	0.000	0.196	0.196
450	  G	  1.5	  1.7	0.000	0.000	0.000
451	  S	  0.1	  2.1	0.000	0.000	0.000
452	  D	  0.0	  2.3	0.000	0.000	0.000
453	  G	  0.0	  1.8	0.278	0.000	0.000
454	  S	  0.0	  0.9	0.446	0.000	0.000
455	  E	  0.1	  0.5	0.446	0.000	0.000
456	  T	  4.2	  0.2	0.992	0.000	0.000
457	  I	  5.0	  0.1	0.992	0.000	0.000
458	  E	  5.0	  0.0	0.992	0.000	0.000
459	  A	  1.1	  0.0	0.992	28.382	28.382
460	  I	  1.2	  0.0	0.992	29.718	29.718
461	  Y	  2.6	  0.0	0.992	29.718	29.718
462	  Y	  3.7	  0.0	0.142	29.718	29.718
463	  V	  3.5	  0.0	0.000	29.718	29.718
464	  Q	  2.1	  0.0	0.000	2.468	2.468
465	  T	  0.8	  0.0	0.000	0.000	0.000
466	  P	  0.0	  0.0	0.000	0.000	0.000
467	  I	  0.2	  0.0	0.000	0.000	0.000
468	  H	  0.4	  0.1	0.000	0.000	0.000
469	  N	  0.5	  0.1	0.000	0.000	0.000
470	  T	  1.4	  0.1	0.000	0.401	0.401
471	  A	  1.3	  0.1	0.000	0.969	0.969
472	  T	  3.4	  0.0	0.000	0.969	0.969
473	  T	  5.9	  0.0	0.218	0.969	0.969
474	  V	  7.1	  0.0	0.218	0.969	0.969
475	  L	  5.2	  0.0	0.218	0.969	0.969
476	  E	  1.6	  0.0	0.218	0.000	0.000
477	  A	  0.5	  0.0	0.218	0.000	0.000
478	  W	  0.5	  0.1	0.218	0.000	0.000
479	  T	  0.6	  0.3	0.000	0.000	0.000
480	  G	  0.4	  0.3	0.000	0.000	0.000
481	  S	  3.8	  0.3	0.000	0.000	0.000
482	  V	  5.4	  0.2	0.000	0.000	0.000
483	  T	  5.9	  0.0	0.000	0.000	0.000
484	  N	  2.9	  0.1	0.000	0.000	0.000
485	  T	  3.2	  0.1	0.000	0.000	0.000
486	  R	  3.0	  0.2	0.000	0.000	0.000
487	  S	  2.9	  0.7	0.000	0.000	0.000
488	  T	  1.1	  0.7	0.000	0.000	0.000
489	  D	  1.2	  0.7	0.000	0.000	0.000
490	  F	  1.4	  0.7	0.000	0.196	0.196
491	  S	  1.7	  0.2	0.000	0.196	0.196
492	  T	 20.1	  0.2	0.000	0.196	0.196
493	  F	 20.6	  0.2	0.000	0.196	0.196
494	  T	 20.1	  0.6	0.000	0.196	0.196
495	  G	  1.5	  1.7	0.000	0.000	0.000
496	  S	  0.1	  2.1	0.000	0.000	0.000
497	  D	  0.0	  2.3	0.000	0.000	0.000
498	  G	  0.0	  1.8	0.278	0.000	0.000
499	  S	  0.0	  0.9	0.446	0.000	0.000
500	  E	  0.1	  0.5	0.446	0.000	0.000
501	  T	  4.2	  0.2	0.992	0.000	0.000
502	  I	  5.0	  0.1	0.992	0.000	0.000
503	  E	  5.0	  0.0	0.992	0.000	0.000
504	  A	  1.1	  0.0	0.992	28.382	28.382
505	  I	  1.2	  0.0	0.992	29.718	29.718
506	  Y	  2.6	  0.0	0.992	29.718	29.718
507	  Y	  3.7	  0.0	0.142	29.718	29.718
508	  V	  3.5	  0.0	0.000	29.718	29.718
509	  Q	  2.1	  0.0	0.000	2.468	2.468
510	  T	  0.8	  0.0	0.000	0.000	0.000
511	  P	  0.0	  0.0	0.000	0.000	0.000
512	  I	  0.2	  0.0	0.000	0.000	0.000
513	  H	  0.4	  0.1	0.000	0.000	0.000
514	  N	  0.5	  0.1	0.000	0.000	0.000
515	  T	  1.4	  0.1	0.000	0.401	0.401
516	  A	  1.3	  0.1	0.000	0.969	0.969
517	  T	  3.4	  0.0	0.000	0.969	0.969
518	  T	  5.9	  0.0	0.218	0.969	0.969
519	  V	  7.1	  0.0	0.218	0.969	0.969
520	  L	  5.2	  0.0	0.218	0.969	0.969
521	  E	  1.6	  0.0	0.218	0.000	0.000
522	  A	  0.5	  0.0	0.218	0.000	0.000
523	  W	  0.5	  0.1	0.218	0.000	0.000
524	  T	  0.6	  0.3	0.000	0.000	0.000
525	  G	  0.4	  0.3	0.000	0.000	0.000
526	  S	  3.8	  0.3	0.000	0.000	0.000
527	  V	  5.4	  0.2	0.000	0.000	0.000
528	  T	  5.9	  0.0	0.000	0.000	0.000
529	  N	  2.9	  0.1	0.000	0.000	0.000
530	  T	  3.2	  0.1	0.000	0.000	0.000
531	  R	  3.0	  0.2	0.000	0.000	0.000
532	  S	  2.9	  0.7	0.000	0.000	0.000
533	  T	  1.1	  0.7	0.000	0.000	0.000
534	  D	  1.2	  0.7	0.000	0.000	0.000
535	  F	  1.4	  0.7	0.000	0.196	0.196
536	  S	  1.7	  0.2	0.000	0.196	0.196
537	  T	 20.1	  0.2	0.000	0.196	0.196
538	  F	 20.6	  0.2	0.000	0.196	0.196
539	  T	 20.1	  0.6	0.000	0.196	0.196
540	  G	  1.5	  1.7	0.000	0.000	0.000
541	  S	  0.1	  2.1	0.000	0.000	0.000
542	  D	  0.0	  2.3	0.000	0.000	0.000
543	  G	  0.0	  1.8	0.278	0.000	0.000
544	  S	  0.0	  0.9	0.446	0.000	0.000
545	  E	  0.1	  0.5	0.446	0.000	0.000
546	  T	  4.2	  0.2	0.992	0.000	0.000
547	  I	  5.0	  0.1	0.992	0.000	0.000
548	  E	  5.0	  0.0	0.992	0.000	0.000
549	  A	  1.1	  0.0	0.992	28.382	28.382
550	  I	  1.2	  0.0	0.992	29.718	29.718
551	  Y	  2.6	  0.0	0.992	29.718	29.718
552	  Y	  3.7	  0.0	0.142	29.718	29.718
553	  V	  3.5	  0.0	0.000	29.718	29.718
554	  Q	  2.1	  0.0	0.000	2.468	2.468
555	  T	  0.8	  0.0	0.000	0.000	0.000
556	  P	  0.0	  0.0	0.000	0.000	0.000
557	  I	  0.2	  0.0	0.000	0.000	0.000
558	  H	  0.4	  0.1	0.000	0.000	0.000
559	  N	  0.5	  0.1	0.000	0.000	0.000
560	  T	  1.4	  0.1	0.000	0.401	0.401
561	  A	  1.3	  0.1	0.000	0.969	0.969
562	  T	  3.4	  0.0	0.000	0.969	0.969
563	  T	  5.9	  0.0	0.218	0.969	0.969
564	  V	  7.1	  0.0	0.218	0.969	0.969
565	  L	  5.2	  0.0	0.218	0.969	0.969
566	  E	  1.6	  0.0	0.218	0.000	0.000
567	  A	  0.5	  0.0	0.218	0.000	0.000
568	  W	  0.5	  0.1	0.218	0.000	0.000
569	  T	  0.6	  0.3	0.000	0.000	0.000
570	  G	  0.4	  0.3	0.000	0.000	0.000
571	  S	  3.8	  0.3	0.000	0.000	0.000
572	  V	  5.4	  0.2	0.000	0.000	0.000
573	  T	  5.9	  0.0	0.000	0.000	0.000
574	  N	  2.9	  0.1	0.000	0.000	0.000
575	  T	  3.2	  0.1	0.000	0.000	0.000
576	  R	  3.0	  0.2	0.000	0.000	0.000
577	  S	  2.9	  0.7	0.000	0.000	0.000
578	  T	  1.1	  0.7	0.000	0.000	0.000
579	  D	  1.2	  0.7	0.000	0.000	0.000
580	  F	  1.4	  0.7	0.000	0.196	0.196
581	  S	  1.7	  0.2	0.000	0.196	0.196
582	  T	 20.1	  0.2	0.000	0.196	0.196
583	  F	 20.6	  0.2	0.000	0.196	0.196
584	  T	 20.1	  0.6	0.000	0.196	0.196
585	  G	  1.5	  1.7	0.000	0.000	0.000
586	  S	  0.1	  2.1	0.000	0.000	0.000
587	  D	  0.0	  2.3	0.000	0.000	0.000
588	  G	  0.0	  1.8	0.278	0.000	0.000
589	  S	  0.0	  0.9	0.446	0.000	0.000
590	  E	  0.1	  0.5	0.446	0.000	0.000
591	  T	  4.2	  0.2	0.992	0.000	0.000
592	  I	  5.0	  0.1	0.992	0.000	0.000
593	  E	  5.0	  0.0	0.992	0.000	0.000
594	  A	  1.1	  0.0	0.992	28.382	28.382
595	  I	  1.2	  0.0	0.992	29.718	29.718
596	  Y	  2.6	  0.0	0.992	29.718	29.718
597	  Y	  3.7	  0.0	0.142	29.718	29.718
598	  V	  3.5	  0.0	0.000	29.718	29.718
599	  Q	  2.1	  0.0	0.000	2.468	2.468
600	  T	  0.8	  0.0	0.000	0.000	0.000
601	  P	  0.0	  0.0	0.000	0.000	0.000
602	  I	  0.2	  0.0	0.000	0.000	0.000
603	  H	  0.4	  0.1	0.000	0.000	0.000
604	  N	  0.5	  0.1	0.000	0.000	0.000
605	  T	  1.4	  0.1	0.000	0.401	0.401
606	  A	  1.3	  0.1	0.000	0.969	0.969
607	  T	  3.4	  0.0	0.000	0.969	0.969
608	  T	  5.9	  0.0	0.218	0.969	0.969
609	  V	  7.1	  0.0	0.218	0.969	0.969
610	  L	  5.2	  0.0	0.218	0.969	0.969
611	  E	  1.6	  0.0	0.218	0.000	0.000
612	  A	  0.5	  0.0	0.218	0.000	0.000
613	  W	  0.5	  0.1	0.218	0.000	0.000
614	  T	  0.6	  0.3	0.000	0.000	0.000
615	  G	  0.4	  0.3	0.000	0.000	0.000
616	  S	  3.8	  0.3	0.000	0.000	0.000
617	  V	  5.4	  0.2	0.000	0.000	0.000
618	  T	  5.9	  0.0	0.000	0.000	0.000
619	  N	  2.9	  0.1	0.000	0.000	0.000
620	  T	  3.2	  0.1	0.000	0.000	0.000
621	  R	  3.0	  0.2	0.000	0.000	0.000
622	  S	  2.9	  0.7	0.000	0.000	0.000
623	  T	  1.1	  0.7	0.000	0.000	0.000
624	  D	  1.2	  0.7	0.000	0.000	0.000
625	  F	  1.4	  0.7	0.000	0.196	0.196
626	  S	  1.7	  0.2	0.000	0.196	0.196
627	  T	 20.1	  0.2	0.000	0.196	0.196
628	  F	 20.6	  0.2	0.000	0.196	0.196
629	  T	 20.1	  0.6	0.000	0.196	0.196
630	  G	  1.5	  1.7	0.000	0.000	0.000
631	  S	  0.1	  2.1	0.000	0.000	0.000
632	  D	  0.0	  2.3	0.000	0.000	0.000
633	  G	  0.0	  1.8	0.278	0.000	0.000
634	  S	  0.0	  0.9	0.446	0.000	0.000
635	  E	  0.1	  0.5	0.446	0.000	0.000
636	  T	  4.2	  0.2	0.992	0.000	0.000
637	  I	  5.0	  0.1	0.992	0.000	0.000
638	  E	  5.0	  0.0	0.992	0.000	0.000
639	  A	  1.1	  0.0	0.992	28.382	28.382
640	  I	  1.2	  0.0	0.992	29.718	29.718
641	  Y	  2.6	  0.0	0.992	29.718	29.718
642	  Y	  3.7	  0.0	0.142	29.718	29.718
643	  V	  3.5	  0.0	0.000	29.718	29.718
644	  Q	  2.1	  0.0	0.000	2.468	2.468
645	  T	  0.8	  0.0	0.000	0.000	0.000
646	  P	  0.0	  0.0	0.000	0.000	0.000
647	  I	  0.2	  0.0	0.000	0.000	0.000
648	  H	  0.4	  0.1	0.000	0.000	0.000
649	  N	  0.5	  0.1	0.000	0.000	0.000
650	  T	  1.4	  0.1	0.000	0.401	0.401
651	  A	  1.3	  0.1	0.000	0.969	0.969
652	  T	  3.4	  0.0	0.000	0.969	0.969
653	  T	  5.9	  0.0	0.218	0.969	0.969
654	  V	  7.1	  0.0	0.218	0.969	0.969
655	  L	  5.2	  0.0	0.218	0.969	0.969
656	  E	  1.6	  0.0	0.218	0.000	0.000
657	  A	  0.5	  0.0	0.218	0.000	0.000
658	  W	  0.5	  0.1	0.218	0.000	0.000
659	  T	  0.6	  0.3	0.000	0.000	0.000
660	  G	  0.4	  0.3	0.000	0.000	0.000
661	  S	  3.8	  0.3	0.000	0.000	0.000
662	  V	  5.4	  0.2	0.000	0.000	0.000
663	  T	  5.9	  0.0	0.000	0.000	0.000
664	  N	  2.9	  0.1	0.000	0.000	0.000
665	  T	  3.2	  0.1	0.000	0.000	0.000
666	  R	  3.0	  0.2	0.000	0.000	0.000
667	  S	  2.9	  0.7	0.000	0.000	0.000
668	  T	  1.1	  0.7	0.000	0.000	0.000
669	  D	  1.2	  0.7	0.000	0.000	0.000
670	  F	  1.4	  0.7	0.000	0.196	0.196
671	  S	  1.7	  0.2	0.000	0.196	0.196
672	  T	 20.1	  0.2	0.000	0.196	0.196
673	  F	 20.6	  0.2	0.000	0.196	0.196
674	  T	 20.1	  0.6	0.000	0.196	0.196
675	  G	  1.5	  1.7	0.000	0.000	0.000
676	  S	  0.1	  2.1	0.000	0.000	0.000
677	  D	  0.0	  2.3	0.000	0.000	0.000
678	  G	  0.0	  1.8	0.278	0.000	0.000
679	  S	  0.0	  0.9	0.446	0.000	0.000
680	  E	  0.1	  0.5	0.446	0.000	0.000
681	  T	  4.2	  0.2	0.992	0.000	0.000
682	  I	  5.0	  0.1	0.992	0.000	0.000
683	  E	  5.0	  0.0	0.992	0.000	0.000
684	  A	  1.1	  0.0	0.992	28.382	28.382
685	  I	  1.2	  0.0	0.992	29.718	29.718
686	  Y	  2.6	  0.0	0.992	29.718	29.718
687	  Y	  3.7	  0.0	0.142	29.718	29.718
688	  V	  3.5	  0.0	0.000	29.718	29.718
689	  Q	  2.1	  0.0	0.000	2.468	2.468
690	  T	  0.8	  0.0	0.000	0.000	0.000
691	  P	  0.0	  0.0	0.000	0.000	0.000
692	  I	  0.2	  0.0	0.000	0.000	0.000
693	  H	  0.4	  0.1	0.000	0.000	0.000
694	  N	  0.5	  0.1	0.000	0.000	0.000
695	  T	  1.4	  0.1	0.000	0.401	0.401
696	  A	  1.3	  0.1	0.000	0.969	0.969
697	  T	  3.4	  0.0	0.000	0.969	0.969
698	  T	  5.9	  0.0	0.218	0.969	0.969
699	  V	  7.1	  0.0	0.218	0.969	0.969
700	  L	  5.2	  0.0	0.218	0.969	0.969
701	  E	  1.6	  0.0	0.218	0.000	0.000
702	  A	  0.5	  0.0	0.218	0.000	0.000
703	  W	  0.5	  0.1	0.218	0.000	0.000
704	  T	  0.6	  0.3	0.000	0.000	0.000
705	  G	  0.4	  0.3	0.000	0.000	0.000
706	  S	  3.8	  0.3	0.000	0.000	0.000
707	  V	  5.4	  0.2	0.000	0.000	0.000
708	  T	  5.9	  0.0	0.000	0.000	0.000
709	  N	  2.9	  0.1	0.000	0.000	0.000
710	  T	  3.2	  0.1	0.000	0.000	0.000
711	  R	  3.0	  0.2	0.000	0.000	0.000
712	  S	  2.9	  0.7	0.000	0.000	0.000
713	  T	  1.1	  0.7	0.000	0.000	0.000
714	  D	  1.2	  0.7	0.000	0.000	0.000
715	  F	  1.4	  0.7	0.000	0.196	0.196
716	  S	  1.7	  0.2	0.000	0.196	0.196
717	  T	 20.1	  0.2	0.000	0.196	0.196
718	  F	 20.6	  0.2	0.000	0.196	0.196
719	  T	 20.1	  0.6	0.000	0.196	0.196
720	  G	  1.5	  1.7	0.000	0.000	0.000
721	  S	  0.1	  2.1	0.000	0.000	0.000
722	  D	  0.0	  2.3	0.000	0.000	0.000
723	  G	  0.0	  1.8	0.278	0.000	0.000
724	  S	  0.0	  0.9	0.446	0.000	0.000
725	  E	  0.1	  0.5	0.446	0.000	0.000
726	  T	  4.2	  0.2	0.992	0.000	0.000
727	  I	  5.0	  0.1	0.992	0.000	0.000
728	  E	  5.0	  0.0	0.992	0.000	0.000
729	  A	  1.1	  0.0	0.992	28.382	28.382
730	  I	  1.2	  0.0	0.992	29.718	29.718
731	  Y	  2.6	  0.0	0.992	29.718	29.718
732	  Y	  3.7	  0.0	0.142	29.718	29.718
733	  V	  3.5	  0.0	0.000	29.718	29.718
734	  Q	  2.1	  0.0	0.000	2.468	2.468
735	  T	  0.8	  0.0	0.000	0.000	0.000
736	  P	  0.0	  0.0	0.000	0.000	0.000
737	  I	  0.2	  0.0	0.000	0.000	0.000
738	  H	  0.4	  0.1	0.000	0.000	0.000
739	  N	  0.5	  0.1	0.000	0.000	0.000
740	  T	  1.4	  0.1	0.000	0.401	0.401
741	  A	  1.3	  0.1	0.000	0.969	0.969
742	  T	  3.4	  0.0	0.000	0.969	0.969
743	  T	  5.9	  0.0	0.218	0.969	0.969
744	  V	  7.1	  0.0	0.218	0.969	0.969
745	  L	  5.2	  0.0	0.218	0.969	0.969
746	  E	  1.6	  0.0	0.218	0.000	0.000
747	  A	  0.5	  0.0	0.218	0.000	0.000
748	  W	  0.5	  0.1	0.218	0.000	0.000
749	  T	  0.6	  0.3	0.000	0.000	0.000
750	  G	  0.4	  0.3	0.000	0.000	0.000
751	  S	  3.8	  0.3	0.000	0.000	0.000
752	  V	  5.4	  0.2	0.000	0.000	0.000
753	  T	  5.9	  0.0	0.000	0.000	0.000
754	  N	  2.9	  0.1	0.000	0.000	0.000
755	  T	  3.2	  0.1	0.000	0.000	0.000
756	  R	  3.0	  0.2	0.000	0.000	0.000
757	  S	  2.9	  0.7	0.000	0.000	0.000
758	  T	  1.1	  0.7	0.000	0.000	0.000
759	  D	  1.2	  0.7	0.000	0.000	0.000
760	  F	  1.4	  0.7	0.000	0.196	0.196
761	  S	  1.7	  0.2	0.000	0.196	0.196
762	  T	 20.1	  0.2	0.000	0.196	0.196
763	  F	 20.6	  0.2	0.000	0.196	0.196
764	  T	 20.1	  0.6	0.000	0.196	0.196
765	  G	  1.5	  1.7	0.000	0.000	0.000
766	  S	  0.1	  2.1	0.000	0.000	0.000
767	  D	  0.0	  2.3	0.000	0.000	0.000
768	  G	  0.0	  1.8	0.278	0.000	0.000
769	  S	  0.0	  0.9	0.446	0.000	0.000
770	  E	  0.1	  0.5	0.446	0.000	0.000
771	  T	  4.2	  0.2	0.992	0.000	0.000
772	  I	  5.0	  0.1	0.992	0.000	0.000
773	  E	  5.0	  0.0	0.992	0.000	0.000
774	  A	  1.1	  0.0	0.992	28.382	28.382
775	  I	  1.2	  0.0	0.992	29.718	29.718
776	  Y	  2.6	  0.0	0.992	29.718	29.718
777	  Y	  3.7	  0.0	0.142	29.718	29.718
778	  V	  3.5	  0.0	0.000	29.718	29.718
779	  Q	  2.1	  0.0	0.000	2.468	2.468
780	  T	  0.8	  0.0	0.000	0.000	0.000
781	  P	  0.0	  0.0	0.000	0.000	0.000
782	  I	  0.2	  0.0	0.000	0.000	0.000
783	  H	  0.4	  0.1	0.000	0.000	0.000
784	  N	  0.5	  0.1	0.000	0.000	0.000
785	  T	  1.4	  0.1	0.000	0.401	0.401
786	  A	  1.3	  0.1	0.000	0.969	0.969
787	  T	  3.4	  0.0	0.000	0.969	0.969
788	  T	  5.9	  0.0	0.218	0.969	0.969
789	  V	  7.1	  0.0	0.218	0.969	0.969
790	  L	  5.2	  0.0	0.218	0.969	0.969
791	  E	  1.6	  0.0	0.218	0.000	0.000
792	  A	  0.5	  0.0	0.218	0.000	0.000
793	  W	  0.5	  0.1	0.218	0.000	0.000
794	  T	  0.6	  0.3	0.000	0.000	0.000
795	  G	  0.4	  0.3	0.000	0.000	0.000
796	  S	  3.8	  0.3	0.000	0.000	0.000
797	  V	  5.4	  0.2	0.000	0.000	0.000
798	  T	  5.9	  0.0	0.000	0.000	0.000
799	  N	  2.9	  0.1	0.000	0.000	0.000
800	  T	  3.2	  0.1	0.000	0.000	0.000
801	  R	  3.0	  0.2	0.000	0.000	0.000
802	  S	  2.9	  0.7	0.000	0.000	0.000
803	  T	  1.1	  0.7	0.000	0.000	0.000
804	  D	  1.2	  0.7	0.000	0.000	0.000
805	  F	  1.4	  0.7	0.000	0.196	0.196
806	  S	  1.7	  0.2	0.000	0.196	0.196
807	  T	 20.1	  0.2	0.000	0.196	0.196
808	  F	 20.6	  0.2	0.000	0.196	0.196
809	  T	 20.1	  0.6	0.000	0.196	0.196
810	  G	  1.5	  1.7	0.000	0.000	0.000
811	  S	  0.1	  2.1	0.000	0.000	0.000
812	  D	  0.0	  2.3	0.000	0.000	0.000
813	  G	  0.0	  1.8	0.278	0.000	0.000
814	  S	  0.0	  0.9	0.446	0.000	0.000
815	  E	  0.1	  0.5	0.446	0.000	0.000
816	  T	  4.2	  0.2	0.992	0.000	0.000
817	  I	  5.0	  0.1	0.992	0.000	0.000
818	  E	  5.0	  0.0	0.992	0.000	0.000
819	  A	  1.1	  0.0	0.992	28.382	28.382
820	  I	  1.2	  0.0	0.992	29.718	29.718
821	  Y	  2.6	  0.0	0.992	29.718	29.718
822	  Y	  3.7	  0.0	0.142	29.718	29.718
823	  V	  3.5	  0.0	0.000	29.718	29.718
824	  Q	  2.1	  0.0	0.000	2.468	2.468
825	  T	  0.8	  0.0	0.000	0.000	0.000
826	  P	  0.0	  0.0	0.000	0.000	0.000
827	  I	  0.2	  0.0	0.000	0.000	0.000
828	  H	  0.4	  0.1	0.000	0.000	0.000
829	  N	  0.5	  0.1	0.000	0.000	0.000
830	  T	  1.4	  0.1	0.000	0.401	0.401
831	  A	  1.3	  0.1	0.000	0.969	0.969
832	  T	  3.4	  0.0	0.000	0.969	0.969
833	  T	  5.9	  0.0	0.218	0.969	0.969
834	  V	  7.1	  0.0	0.218	0.969	0.969
835	  L	  5.2	  0.0	0.218	0.969	0.969
836	  E	  1.6	  0.0	0.218	0.000	0.000
837	  A	  0.5	  0.0	0.218	0.000	0.000
838	  W	  0.5	  0.1	0.218	0.000	0.000
839	  T	  0.6	  0.3	0.000	0.000	0.000
840	  G	  0.4	  0.3	0.000	0.000	0.000
841	  S	  3.8	  0.3	0.000	0.000	0.000
842	  V	  5.4	  0.2	0.000	0.000	0.000
843	  T	  5.9	  0.0	0.000	0.000	0.000
844	  N	  2.9	  0.1	0.000	0.000	0.000
845	  T	  3.2	  0.1	0.000	0.000	0.000
846	  R	  3.0	  0.2	0.000	0.000	0.000
847	  S	  2.9	  0.7	0.000	0.000	0.000
848	  T	  1.1	  0.7	0.000	0.000	0.000
849	  D	  1.2	  0.7	0.000	0.000	0.000
850	  F	  1.4	  0.7	0.000	0.196	0.196
851	  S	  1.7	  0.2	0.000	0.196	0.196
852	  T	 20.1	  0.2	0.000	0.196	0.196
853	  F	 20.6	  0.2	0.000	0.196	0.196
854	  T	 20.1	  0.6	0.000	0.196	0.196
855	  G	  1.5	  1.7	0.000	0.000	0.000
856	  S	  0.1	  2.1	0.000	0.000	0.000
857	  D	  0.0	  2.3	0.000	0.000	0.000
858	  G	  0.0	  1.8	0.278	0.000	0.000
859	  S	  0.0	  0.9	0.446	0.000	0.000
860	  E	  0.1	  0.5	0.446	0.000	0.000
861	  T	  4.2	  0.2	0.992	0.000	0.000
862	  I	  5.0	  0.1	0.992	0.000	0.000
863	  E	  5.0	  0.0	0.992	0.000	0.000
864	  A	  1.1	  0.0	0.992	28.382	28.382
865	  I	  1.2	  0.0	0.992	29.718	29.718
866	  Y	  2.6	  0.0	0.992	29.718	29.718
867	  Y	  3.7	  0.0	0.142	29.718	29.718
868	  V	  3.5	  0.0	0.000	29.718	29.718
869	  Q	  2.1	  0.0	0.000	2.468	2.468
870	  T	  0.8	  0.0	0.000	0.000	0.000
871	  P	  0.0	  0.0	0.000	0.000	0.000
872	  I	  0.2	  0.0	0.000	0.000	0.000
873	  H	  0.4	  0.1	0.000	0.000	0.000
874	  N	  0.5	  0.1	0.000	0.000	0.000
875	  T	  1.4	  0.1	0.000	0.401	0.401
876	  A	  1.3	  0.1	0.000	0.969	0.969
877	  T	  3.4	  0.0	0.000	0.969	0.969
878	  T	  5.9	  0.0	0.218	0.969	0.969
879	  V	  7.1	  0.0	0.218	0.969	0.969
880	  L	  5.2	  0.0	0.218	0.969	0.969
881	  E	  1.6	  0.0	0.218	0.000	0.000
882	  A	  0.5	  0.0	0.218	0.000	0.000
883	  W	  0.5	  0.1	0.218	0.000	0.000
884	  T	  0.6	  0.3	0.000	0.000	0.000
885	  G	  0.4	  0.3	0.000	0.000	0.000
886	  S	  3.8	  0.3	0.000	0.000	0.000
887	  V	  5.4	  0.2	0.000	0.000	0.000
888	  T	  5.9	  0.0	0.000	0.000	0.000
889	  N	  2.9	  0.1	0.000	0.000	0.000
890	  T	  3.2	  0.1	0.000	0.000	0.000
891	  R	  3.0	  0.2	0.000	0.000	0.000
892	  S	  2.9	  0.7	0.000	0.000	0.000
893	  T	  1.1	  0.7	0.000	0.000	0.000
894	  D	  1.2	  0.7	0.000	0.000	0.000
895	  F	  1.4	  0.7	0.000	0.196	0.196
896	  S	  1.7	  0.2	0.000	0.196	0.196
897	  T	 20.1	  0.2	0.000	0.196	0.196
898	  F	 20.6	  0.2	0.000	0.196	0.196
899	  T	 20.1	  0.6	0.000	0.196	0.196
900	  G	  1.5	  1.7	0.000	0.000	0.000
901	  S	  0.1	  2.1	0.000	0.000	0.000
902	  D	  0.0	  2.3	0.000	0.000	0.000
903	  G	  0.0	  1.8	0.278	0.000	0.000
904	  S	  0.0	  0.9	0.446	0.000	0.000
905	  E	  0.1	  0.5	0.446	0.000	0.000
906	  T	  4.2	  0.2	0.992	0.000	0.000
907	  I	  5.0	  0.1	0.992	0.000	0.000
908	  E	  5.0	  0.0	0.992	0.000	0.000
909	  A	  1.1	  0.0	0.992	28.382	28.382
910	  I	  1.2	  0.0	0.992	29.718	29.718
911	  Y	  2.6	  0.0	0.992	29.718	29.718
912	  Y	  3.7	  0.0	0.142	29.718	29.718
913	  V	  3.5	  0.0	0.000	29.718	29.718
914	  Q	  2.1	  0.0	0.000	2.468	2.468
915	  T	  0.8	  0.0	0.000	0.000	0.000
916	  P	  0.0	  0.0	0.000	0.000	0.000
917	  I	  0.2	  0.0	0.000	0.000	0.000
918	  H	  0.4	  0.1	0.000	0.000	0.000
919	  N	  0.5	  0.1	0.000	0.000	0.000
920	  T	  1.4	  0.1	0.000	0.401	0.401
921	  A	  1.3	  0.1	0.000	0.969	0.969
922	  T	  3.4	  0.0	0.000	0.969	0.969
923	  T	  5.9	  0.0	0.218	0.969	0.969
924	  V	  7.1	  0.0	0.218	0.969	0.969
925	  L	  5.2	  0.0	0.218	0.969	0.969
926	  E	  1.6	  0.0	0.218	0.000	0.000
927	  A	  0.5	  0.0	0.218	0.000	0.000
928	  W	  0.5	  0.1	0.218	0.000	0.000
929	  T	  0.6	  0.3	0.000	0.000	0.000
930	  G	  0.4	  0.3	0.000	0.000	0.000
931	  S	  3.8	  0.3	0.000	0.000	0.000
932	  V	  5.4	  0.2	0.000	0.000	0.000
933	  T	  5.9	  0.0	0.000	0.000	0.000
934	  N	  2.9	  0.1	0.000	0.000	0.000
935	  T	  3.2	  0.1	0.000	0.000	0.000
936	  R	  3.0	  0.2	0.000	0.000	0.000
937	  S	  2.9	  0.7	0.000	0.000	0.000
938	  T	  1.1	  0.7	0.000	0.000	0.000
939	  D	  1.2	  0.7	0.000	0.000	0.000
940	  F	  1.4	  0.7	0.000	0.196	0.196
941	  S	  1.7	  0.2	0.000	0.196	0.196
942	  T	 20.1	  0.2	0.000	0.196	0.196
943	  F	 20.6	  0.2	0.000	0.196	0.196
944	  T	 20.1	  0.6	0.000	0.196	0.196
945	  G	  1.5	  1.7	0.000	0.000	0.000
946	  S	  0.1	  2.1	0.000	0.000	0.000
947	  D	  0.0	  2.3	0.000	0.000	0.000
948	  G	  0.0	  1.8	0.278	0.000	0.000
949	  S	  0.0	  0.9	0.446	0.000	0.000
950	  E	  0.1	  0.5	0.446	0.000	0.000
951	  T	  4.2	  0.2	0.992	0.000	0.000
952	  I	  5.0	  0.1	0.992	0.000	0.000
953	  E	  5.0	  0.0	0.992	0.000	0.000
954	  A	  1.1	  0.0	0.992	28.382	28.382
955	  I	  1.2	  0.0	0.992	29.718	29.718
956	  Y	  2.6	  0.0	0.992	29.718	29.718
957	  Y	  3.7	  0.0	0.142	29.718	29.718
958	  V	  3.5	  0.0	0.000	29.718	29.718
959	  Q	  2.1	  0.0	0.000	2.468	2.468
960	  T	  0.8	  0.0	0.000	0.000	0.000
961	  P	  0.0	  0.0	0.000	0.000	0.000
962	  I	  0.2	  0.0	0.000	0.000	0.000
963	  H	  0.4	  0.1	0.000	0.000	0.000
964	  N	  0.5	  0.1	0.000	0.000	0.000
965	  T	  1.4	  0.1	0.000	0.401	0.401
966	  A	  1.3	  0.1	0.000	0.969	0.969
967	  T	  3.4	  0.0	0.000	0.969	0.969
968	  T	  5.9	  0.0	0.218	0.969	0.969
969	  V	  7.1	  0.0	0.218	0.969	0.969
970	  L	  5.2	  0.0	0.218	0.969	0.969
971	  E	  1.6	  0.0	0.218	0.000	0.000
972	  A	  0.5	  0.0	0.218	0.000	0.000
973	  W	  0.5	  0.1	0.218	0.000	0.000
974	  T	  0.6	  0.3	0.000	0.000	0.000
975	  G	  0.4	  0.3	0.000	0.000	0.000
976	  S	  3.8	  0.3	0.000	0.000	0.000
977	  V	  5.4	  0.2	0.000	0.000	0.000
978	  T	  5.9	  0.0	0.000	0.000	0.000
979	  N	  2.9	  0.1	0.000	0.000	0.000
980	  T	  3.2	  0.1	0.000	0.000	0.000
981	  R	  3.0	  0.2	0.000	0.000	0.000
982	  S	  2.9	  0.7	0.000	0.000	0.000
983	  T	  1.1	  0.7	0.000	0.000	0.000
984	  D	  1.2	  0.7	0.000	0.000	0.000
985	  F	  1.4	  0.7	0.000	0.196	0.196
986	  S	  1.7	  0.2	0.000	0.196	0.196
987	  T	 20.1	  0.2	0.000	0.196	0.196
988	  F	 20.6	  0.2	0.000	0.196	0.196
989	  T	 20.1	  0.6	0.000	0.196	0.196
990	  G	  1.5	  1.7	0.000	0.000	0.000
991	  S	  0.1	  2.1	0.000	0.000	0.000
992	  D	  0.0	  2.3	0.000	0.000	0.000
993	  G	  0.0	  1.8	0.278	0.000	0.000
994	  S	  0.0	  0.9	0.446	0.000	0.000
995	  E	  0.1	  0.5	0.446	0.000	0.000
996	  T	  4.2	  0.2	0.992	0.000	0.000
997	  I	  5.0	  0.1	0.992	0.000	0.000
998	  E	  5.0	  0.0	0.992	0.000	0.000
999	  A	  1.1	  0.0	0.992	28.382	28.382
1000	  I	  1.2	  0.0	0.992	29.718	29.718
1001	  Y	  2.6	  0.0	0.992	29.718	29.718
1002	  Y	  3.7	  0.0	0.142	29.718	29.718
1003	  V	  3.5	  0.0	0.000	29.718	29.718
1004	  Q	  2.1	  0.0	0.000	2.468	2.468
1005	  T	  0.8	  0.0	0.000	0.000	0.000
1006	  P	  0.0	  0.0	0.000	0.000	0.000
1007	  I	  0.2	  0.0	0.000	0.000	0.000
1008	  H	  0.4	  0.1	0.000	0.000	0.000
1009	  N	  0.5	  0.1	0.000	0.000	0.000
1010	  T	  1.4	  0.1	0.000	0.401	0.401
1011	  A	  1.3	  0.1	0.000	0.969	0.969
1012	  T	  3.4	  0.0	0.000	0.969	0.969
1013	  T	  5.9	  0.0	0.218	0.969	0.969
1014	  V	  7.1	  0.0	0.218	0.969	0.969
1015	  L	  5.2	  0.0	0.218	0.969	0.969
1016	  E	  1.6	  0.0	0.218	0.000	0.000
1017	  A	  0.5	  0.0	0.218	0.000	0.000
1018	  W	  0.5	  0.1	0.218	0.000	0.000
1019	  T	  0.6	  0.3	0.000	0.000	0.000
1020	  G	  0.4	  0.3	0.000	0.000	0.000
1021	  S	  3.8	  0.3	0.000	0.000	0.000
1022	  V	  5.4	  0.2	0.000	0.000	0.000
1023	  T	  5.9	  0.0	0.000	0.000	0.000
1024	  N	  2.9	  0.1	0.000	0.000	0.000
1025	  T	  3.2	  0.1	0.000	0.000	0.000
1026	  R	  3.0	  0.2	0.000	0.000	0.000
1027	  S	  2.9	  0.7	0.000	0.000	0.000
1028	  T	  1.1	  0.7	0.000	0.000	0.000
1029	  D	  1.2	  0.7	0.000	0.000	0.000
1030	  F	  1.4	  0.7	0.000	0.196	0.196
1031	  S	  1.7	  0.2	0.000	0.196	0.196
1032	  T	 20.1	  0.2	0.000	0.196	0.196
1033	  F	 20.6	  0.2	0.000	0.196	0.196
1034	  T	 20.1	  0.6	0.000	0.196	0.196
1035	  G	  1.5	  1.7	0.000	0.000	0.000
1036	  S	  0.1	  2.1	0.000	0.000	0.000
1037	  D	  0.0	  2.3	0.000	0.000	0.000
1038	  G	  0.0	  1.8	0.278	0.000	0.000
1039	  S	  0.0	  0.9	0.446	0.000	0.000
1040	  E	  0.1	  0.5	0.446	0.000	0.000
1041	  T	  4.2	  0.2	0.992	0.000	0.000
1042	  I	  5.0	  0.1	0.992	0.000	0.000
1043	  E	  5.0	  0.0	0.992	0.000	0.000
1044	  A	  1.1	  0.0	0.992	28.382	28.382
1045	  I	  1.2	  0.0	0.992	29.718	29.718
1046	  Y	  2.6	  0.0	0.992	29.718	29.718
1047	  Y	  3.7	  0.0	0.142	29.718	29.718
1048	  V	  3.5	  0.0	0.000	29.718	29.718
1049	  Q	  2.1	  0.0	0.000	2.468	2.468
1050	  T	  0.8	  0.0	0.000	0.000	0.000
1051	  P	  0.0	  0.0	0.000	0.000	0.000
1052	  I	  0.2	  0.0	0.000	0.000	0.000
1053	  H	  0.4	  0.1	0.000	0.000	0.000
1054	  N	  0.5	  0.1	0.000	0.000	0.000
1055	  T	  1.4	  0.1	0.000	0.401	0.401
1056	  A	  1.3	  0.1	0.000	0.969	0.969
1057	  T	  3.4	  0.0	0.000	0.969	0.969
1058	  T	  5.9	  0.0	0.218	0.969	0.969
1059	  V	  7.1	  0.0	0.218	0.969	0.969
1060	  L	  5.2	  0.0	0.218	0.969	0.969
1061	  E	  1.6	  0.0	0.218	0.000	0.000
1062	  A	  0.5	  0.0	0.218	0.000	0.000
1063	  W	  0.5	  0.1	0.218	0.000	0.000
1064	  T	  0.6	  0.3	0.000	0.000	0.000
1065	  G	  0.4	  0.3	0.000	0.000	0.000
1066	  S	  3.8	  0.3	0.000	0.000	0.000
1067	  V	  5.4	  0.2	0.000	0.000	0.000
1068	  T	  5.9	  0.0	0.000	0.000	0.000
1069	  N	  2.9	  0.1	0.000	0.000	0.000
1070	  T	  3.2	  0.1	0.000	0.000	0.000
1071	  R	  3.0	  0.2	0.000	0.000	0.000
1072	  S	  2.9	  0.7	0.000	0.000	0.000
1073	  T	  1.1	  0.7	0.000	0.000	0.000
1074	  D	  1.2	  0.7	0.000	0.000	0.000
1075	  F	  1.4	  0.7	0.000	0.196	0.196
1076	  S	  1.7	  0.2	0.000	0.196	0.196
1077	  T	 20.1	  0.2	0.000	0.196	0.196
1078	  F	 20.6	  0.2	0.000	0.196	0.196
1079	  T	 20.1	  0.6	0.000	0.196	0.196
1080	  G	  1.5	  1.7	0.000	0.000	0.000
1081	  S	  0.1	  2.1	0.000	0.000	0.000
1082	  D	  0.0	  2.3	0.000	0.000	0.000
1083	  G	  0.0	  1.8	0.278	0.000	0.000
1084	  S	  0.0	  0.9	0.446	0.000	0.000
1085	  E	  0.1	  0.5	0.446	0.000	0.000
1086	  T	  4.2	  0.2	0.992	0.000	0.000
1087	  I	  5.0	  0.1	0.992	0.000	0.000
1088	  E	  5.0	  0.0	0.992	0.000	0.000
1089	  A	  1.1	  0.0	0.992	28.382	28.382
1090	  I	  1.2	  0.0	0.992	29.718	29.718
1091	  Y	  2.6	  0.0	0.992	29.718	29.718
1092	  Y	  3.7	  0.0	0.142	29.718	29.718
1093	  V	  3.5	  0.0	0.000	29.718	29.718
1094	  Q	  2.1	  0.0	0.000	2.468	2.468
1095	  T	  0.8	  0.0	0.000	0.000	0.000
1096	  P	  0.0	  0.0	0.000	0.000	0.000
1097	  I	  0.2	  0.0	0.000	0.000	0.000
1098	  H	  0.4	  0.1	0.000	0.000	0.000
1099	  N	  0.5	  0.1	0.000	0.000	0.000
1100	  T	  1.4	  0.1	0.000	0.401	0.401
1101	  A	  1.3	  0.1	0.000	0.969	0.969
1102	  T	  3.4	  0.0	0.000	0.969	0.969
1103	  T	  5.9	  0.0	0.218	0.969	0.969
1104	  V	  7.1	  0.0	0.218	0.969	0.969
1105	  L	  5.2	  0.0	0.218	0.969	0.969
1106	  E	  1.6	  0.0	0.218	0.000	0.000
1107	  A	  0.5	  0.0	0.218	0.000	0.000
1108	  W	  0.5	  0.1	0.218	0.000	0.000
1109	  T	  0.6	  0.3	0.000	0.000	0.000
1110	  G	  0.4	  0.3	0.000	0.000	0.000
1111	  S	  3.8	  0.3	0.000	0.000	0.000
1112	  V	  5.4	  0.2	0.000	0.000	0.000
1113	  T	  5.9	  0.0	0.000	0.000	0.000
1114	  N	  2.9	  0.1	0.000	0.000	0.000
1115	  T	  3.2	  0.1	0.000	0.000	0.000
1116	  R	  3.0	  0.2	0.000	0.000	0.000
1117	  S	  2.9	  0.7	0.000	0.000	0.000
1118	  T	  1.1	  0.7	0.000	0.000	0.000
1119	  D	  1.2	  0.7	0.000	0.000	0.000
1120	  F	  1.4	  0.7	0.000	0.196	0.196
1121	  S	  1.7	  0.2	0.000	0.196	0.196
1122	  T	 20.1	  0.2	0.000	0.196	0.196
1123	  F	 20.6	  0.2	0.000	0.196	0.196
1124	  T	 20.1	  0.6	0.000	0.196	0.196
1125	  G	  1.5	  1.7	0.000	0.000	0.000
1126	  S	  0.1	  2.1	0.000	0.000	0.000
1127	  D	  0.0	  2.3	0.000	0.000	0.000
1128	  G	  0.0	  1.8	0.278	0.000	0.000
1129	  S	  0.0	  0.9	0.446	0.000	0.000
1130	  E	  0.1	  0.5	0.446	0.000	0.000
1131	  T	  4.2	  0.2	0.992	0.000	0.000
1132	  I	  5.0	  0.1	0.992	0.000	0.000
1133	  E	  5.0	  0.0	0.992	0.000	0.000
1134	  A	  1.1	  0.0	0.992	28.382	28.382
1135	  I	  1.2	  0.0	0.992	29.718	29.718
1136	  Y	  2.6	  0.0	0.992	29.718	29.718
1137	  Y	  3.7	  0.0	0.142	29.718	29.718
1138	  V	  3.5	  0.0	0.000	29.718	29.718
1139	  Q	  2.1	  0.0	0.000	2.468	2.468
1140	  T	  0.8	  0.0	0.000	0.000	0.000
1141	  P	  0.0	  0.0	0.000	0.000	0.000
1142	  I	  0.2	  0.0	0.000	0.000	0.000
1143	  H	  0.4	  0.1	0.000	0.000	0.000
1144	  N	  0.5	  0.1	0.000	0.000	0.000
1145	  T	  1.4	  0.1	0.000	0.401	0.401
1146	  A	  1.3	  0.1	0.000	0.969	0.969
1147	  T	  3.4	  0.0	0.000	0.969	0.969
1148	  T	  5.9	  0.0	0.218	0.969	0.969
1149	  V	  7.1	  0.0	0.218	0.969	0.969
1150	  L	  5.2	  0.0	0.218	0.969	0.969
1151	  E	  1.6	  0.0	0.218	0.000	0.000
1152	  A	  0.5	  0.0	0.218	0.000	0.000
1153	  W	  0.5	  0.1	0.218	0.000	0.000
1154	  T	  0.6	  0.3	0.000	0.000	0.000
1155	  G	  0.4	  0.3	0.000	0.000	0.000
1156	  S	  3.8	  0.3	0.000	0.000	0.000
1157	  V	  5.4	  0.2	0.000	0.000	0.000
1158	  T	  5.9	  0.0	0.000	0.000	0.000
1159	  N	  2.9	  0.1	0.000	0.000	0.000
1160	  T	  3.2	  0.1	0.000	0.000	0.000
1161	  R	  3.0	  0.2	0.000	0.000	0.000
1162	  S	  2.9	  0.7	0.000	0.000	0.000
1163	  T	  1.1	  0.7	0.000	0.000	0.000
1164	  D	  1.2	  0.7	0.000	0.000	0.000
1165	  F	  1.4	  0.7	0.000	0.196	0.196
1166	  S	  1.7	  0.2	0.000	0.196	0.196
1167	  T	 20.1	  0.2	0.000	0.196	0.196
1168	  F	 20.6	  0.2	0.000	0.196	0.196
1169	  T	 20.1	  0.6	0.000	0.196	0.196
1170	  G	  1.5	  1.7	0.000	0.000	0.000
1171	  S	  0.1	  2.1	0.000	0.000	0.000
1172	  D	  0.0	  2.3	0.000	0.000	0.000
1173	  G	  0.0	  1.8	0.278	0.000	0.000
1174	  S	  0.0	  0.9	0.446	0.000	0.000
1175	  E	  0.1	  0.5	0.446	0.000	0.000
1176	  T	  4.2	  0.2	0.992	0.000	0.000
1177	  I	  5.0	  0.1	0.992	0.000	0.000
1178	  E	  5.0	  0.0	0.992	0.000	0.000
1179	  A	  1.1	  0.0	0.992	28.382	28.382
1180	  I	  1.2	  0.0	0.992	29.718	29.718
1181	  Y	  2.6	  0.0	0.992	29.718	29.718
1182	  Y	  3.7	  0.0	0.142	29.718	29.718
1183	  V	  3.5	  0.0	0.000	29.718	29.718
1184	  Q	  2.1	  0.0	0.000	2.468	2.468
1185	  T	  0.8	  0.0	0.000	0.000	0.000
1186	  P	  0.0	  0.0	0.000	0.000	0.000
1187	  I	  0.2	  0.0	0.000	0.000	0.000
1188	  H	  0.4	  0.1	0.000	0.000	0.000
1189	  N	  0.5	  0.1	0.000	0.000	0.000
1190	  T	  1.4	  0.1	0.000	0.401	0.401
1191	  A	  1.3	  0.1	0.000	0.969	0.969
1192	  T	  3.4	  0.0	0.000	0.969	0.969
1193	  T	  5.9	  0.0	0.218	0.969	0.969
1194	  V	  7.1	  0.0	0.218	0.969	0.969
1195	  L	  5.2	  0.0	0.218	0.969	0.969
1196	  E	  1.6	  0.0	0.218	0.000	0.000
1197	  A	  0.5	  0.0	0.218	0.000	0.000
1198	  W	  0.5	  0.1	0.218	0.000	0.000
1199	  T	  0.6	  0.3	0.000	0.000	0.000
1200	  G	  0.4	  0.3	0.000	0.000	0.000
1201	  S	  3.8	  0.3	0.000	0.000	0.000
1202	  V	  5.4	  0.2	0.000	0.000	0.000
1203	  T	  5.9	  0.0	0.000	0.000	0.000
1204	  N	  2.9	  0.1	0.000	0.000	0.000
1205	  T	  3.2	  0.1	0.000	0.000	0.000
1206	  R	  3.0	  0.2	0.000	0.000	0.000
1207	  S	  2.9	  0.7	0.000	0.000	0.000
1208	  T	  1.1	  0.7	0.000	0.000	0.000
1209	  D	  1.2	  0.7	0.000	0.000	0.000
1210	  F	  1.4	  0.7	0.000	0.196	0.196
1211	  S	  1.7	  0.2	0.000	0.196	0.196
1212	  T	 20.1	  0.2	0.000	0.196	0.196
1213	  F	 20.6	  0.2	0.000	0.196	0.196
1214	  T	 20.1	  0.6	0.000	0.196	0.196
1215	  G	  1.5	  1.7	0.000	0.000	0.000
1216	  S	  0.1	  2.1	0.000	0.000	0.000
1217	  D	  0.0	  2.3	0.000	0.000	0.000
1218	  G	  0.0	  1.8	0.278	0.000	0.000
1219	  S	  0.0	  0.9	0.446	0.000	0.000
1220	  E	  0.1	  0.5	0.446	0.000	0.000
1221	  T	  4.2	  0.2	0.992	0.000	0.000
1222	  I	  5.0	  0.1	0.992	0.000	0.000
1223	  E	  5.0	  0.0	0.992	0.000	0.000
1224	  A	  1.1	  0.0	0.992	28.381	28.381
1225	  I	  1.2	  0.0	0.992	29.715	29.715
1226	  Y	  2.6	  0.0	0.992	29.715	29.715
1227	  Y	  3.7	  0.0	0.142	29.715	29.715
1228	  V	  3.5	  0.0	0.000	29.715	29.715
1229	  Q	  2.1	  0.0	0.000	2.465	2.465
1230	  T	  0.7	  0.0	0.000	0.000	0.000
1231	  P	  0.0	  0.0	0.000	0.166	0.166
1232	  I	  1.4	  0.0	0.000	0.894	0.894
1233	  F	  3.0	  0.0	0.000	0.894	0.894
1234	  V	  4.3	  0.1	0.000	0.894	0.894
1235	  S	  3.7	  1.2	0.214	0.894	0.894
1236	  S	  2.2	  2.7	0.214	0.728	0.728
1237	  S	  0.9	  2.6	0.371	0.000	0.000
1238	  D	  0.3	  2.6	0.371	0.000	0.000
1239	  I	  1.6	  1.5	0.371	0.000	0.000
1240	  H	  2.5	  0.0	0.371	0.000	0.000
1241	  R	  2.3	  0.0	0.258	0.000	0.000
1242	  S	  1.0	  3.0	0.157	0.000	0.000
1243	  P	  0.1	  3.0	0.000	0.000	0.000
1244	  S	  1.3	  3.2	0.000	0.000	0.000
1245	  H	  1.5	  3.2	0.000	0.000	0.000
1246	  S	  4.3	  0.6	0.000	0.000	0.000
1247	  I	  3.8	  0.5	0.000	0.000	0.000
1248	  D	  3.5	  1.8	0.000	0.000	0.000
1249	  S	  1.5	  2.3	0.127	0.000	0.000
1250	  S	  1.1	  2.1	0.127	0.000	0.000
1251	  S	  1.4	  2.0	0.127	0.000	0.000
1252	  T	 10.6	  0.7	0.127	0.274	0.274
1253	  V	 11.3	  0.1	0.127	0.729	0.729
1254	  Q	 11.1	  0.0	0.127	0.729	0.729
1255	  A	  1.6	  0.0	0.000	0.844	0.844
1256	  S	  1.1	  0.0	0.000	0.844	0.844
1257	  I	  3.9	  0.0	0.000	1.101	1.101
1258	  V	  4.8	  0.1	0.000	1.101	1.101
1259	  S	  4.3	  0.1	0.000	0.373	0.373
1260	  S	  1.5	  0.1	0.143	0.257	0.257
1261	  A	  0.4	  0.1	0.143	0.257	0.257
1262	  M	  2.5	  0.1	0.143	0.141	0.141
1263	  S	  5.1	  0.7	0.143	0.000	0.000
1264	  L	  5.2	  0.7	0.143	0.000	0.000
1265	  N	  3.4	  0.9	0.143	0.000	0.000
1266	  S	  1.1	  1.3	0.000	0.000	0.000
1267	  T	  1.4	  0.7	0.000	0.000	0.000
1268	  N	  1.3	  3.5	0.000	0.000	0.000
1269	  S	  0.8	  3.4	0.000	0.000	0.000
1270	  D	  0.1	  3.1	0.000	0.000	0.000
1271	  K	  0.7	  3.2	0.000	0.000	0.000
1272	  Y	  1.0	  0.5	0.000	0.000	0.000
1273	  D	  0.9	  0.5	0.252	0.000	0.000
1274	  D	  0.3	  0.4	0.252	0.000	0.000
1275	  T	  2.3	  0.2	0.252	0.000	0.000
1276	  L	  2.3	  0.1	0.252	0.000	0.000
1277	  R	  2.3	  0.1	0.252	0.000	0.000
1278	  E	  0.2	  0.1	0.252	0.000	0.000
1279	  T	  1.2	  0.1	0.000	9.657	9.657
1280	  T	  3.6	  0.1	0.000	12.296	12.296
1281	  I	  4.4	  0.0	0.000	23.178	23.178
1282	  Y	  4.1	  0.1	0.000	23.847	23.847
1283	  S	  2.3	  0.1	0.000	23.847	23.847
1284	  T	  7.1	  0.1	0.000	23.838	23.838
1285	  F	  8.2	  0.1	0.000	23.713	23.713
1286	  Y	 10.7	  0.1	0.000	19.753	19.753
1287	  S	 10.2	  0.4	0.000	5.098	5.098
1288	  M	 10.0	  0.4	0.000	3.335	3.335
1289	  S	  8.8	  0.3	0.000	0.883	0.883
1290	  M	  7.5	  0.3	0.000	0.647	0.647
1291	  T	  9.1	  0.0	0.912	0.357	0.357
1292	  I	  7.7	  0.0	0.912	0.357	0.357
1293	  E	  3.9	  0.1	0.912	0.000	0.000
1294	  E	  0.3	  0.1	0.912	0.000	0.000
1295	  K	  3.9	  0.1	0.912	0.000	0.000
1296	  I	  6.4	  0.0	0.912	0.000	0.000
1297	  E	  6.8	  0.0	0.912	0.000	0.000
1298	  Y	  4.1	  0.0	0.626	0.164	0.164
1299	  F	  2.3	  0.0	0.263	0.164	0.164
1300	  I	  2.6	  0.1	0.000	0.164	0.164
1301	  S	  2.0	  0.5	0.000	0.164	0.164
1302	  T	  1.3	  0.5	0.000	0.164	0.164
1303	  D	  0.5	 10.8	0.000	0.000	0.000
1304	  E	  0.0	 11.7	0.000	0.000	0.000
1305	  N	  0.0	 12.0	0.000	0.000	0.000
1306	  G	  0.0	 12.0	0.000	0.000	0.000
1307	  N	  0.1	  1.7	0.000	0.000	0.000
1308	  K	  1.4	  0.7	0.000	0.000	0.000
1309	  V	  1.6	  0.1	0.000	0.000	0.000
1310	  Q	  1.5	  0.1	0.000	0.000	0.000
1311	  G	  0.2	  0.1	0.000	0.000	0.000
1312	  I	  1.3	  0.1	0.000	0.000	0.000
1313	  H	  1.6	  0.1	0.000	0.000	0.000
1314	  T	  1.6	  0.0	0.132	0.000	0.000
1315	  E	  0.8	  0.2	0.132	0.000	0.000
1316	  M	  0.7	  0.6	0.132	0.000	0.000
1317	  S	  0.6	  0.6	0.132	0.000	0.000
1318	  G	  0.2	  0.6	0.132	0.000	0.000
1319	  Y	  1.2	  0.4	0.132	0.000	0.000
1320	  M	  1.8	  0.1	0.000	0.000	0.000
1321	  V	  2.9	  0.1	0.000	0.000	0.000
1322	  D	  1.8	  0.1	0.000	0.000	0.000
1323	  S	  1.2	  0.1	0.000	0.000	0.000
1324	  Q	  0.2	  0.0	0.000	0.000	0.000
1325	  P	  0.1	  0.0	0.000	0.000	0.000
1326	  V	  1.8	  0.0	0.000	0.982	0.982
1327	  Y	  2.5	  0.2	0.000	0.982	0.982
1328	  A	  3.1	  0.2	0.000	0.982	0.982
1329	  S	  9.8	  0.5	0.000	0.982	0.982
1330	  Y	 10.2	  0.5	0.000	0.982	0.982
1331	  N	  9.8	  1.5	0.000	0.000	0.000
1332	  S	  1.5	  1.6	0.000	0.000	0.000
1333	  S	  2.2	  1.9	0.000	0.000	0.000
1334	  K	  2.3	  1.9	0.000	0.000	0.000
1335	  S	  2.4	  1.5	0.000	0.000	0.000
1336	  E	  0.4	  1.4	0.000	0.000	0.000
1337	  S	  3.5	  0.8	0.000	0.000	0.000
1338	  V	  5.9	  0.8	0.000	0.000	0.000
1339	  T	  6.3	  0.1	0.000	0.000	0.000
1340	  S	  8.1	  0.4	0.000	0.000	0.000
1341	  L	  5.8	  0.4	0.000	0.000	0.000
1342	  S	  5.7	  0.5	0.000	0.000	0.000
1343	  S	  0.9	  0.5	0.000	0.000	0.000
1344	  T	  1.8	  0.2	0.000	0.000	0.000
1345	  Q	  1.6	  0.1	0.000	0.000	0.000
1346	  V	  1.2	  0.1	0.000	0.000	0.000
1347	  P	  0.1	  0.2	0.000	0.000	0.000
1348	  T	  1.3	  0.3	0.000	0.000	0.000
1349	  S	  1.4	  0.3	0.000	0.000	0.000
1350	  S	  2.5	  0.2	0.000	0.000	0.000
1351	  V	  5.8	  0.1	0.000	0.000	0.000
1352	  I	  6.4	  0.1	0.000	0.000	0.000
1353	  D	  5.4	  0.1	0.206	0.000	0.000
1354	  S	  3.6	  0.1	0.206	0.000	0.000
1355	  I	  5.2	  0.0	0.206	0.000	0.000
1356	  T	  6.3	  0.1	0.206	0.000	0.000
1357	  S	  4.4	  0.8	0.206	0.000	0.000
1358	  S	  2.3	  0.8	0.206	0.000	0.000
1359	  S	  1.6	  0.8	0.171	0.000	0.000
1360	  I	  2.3	  0.7	0.171	0.000	0.000
1361	  I	  2.3	  0.4	0.171	0.000	0.000
1362	  E	  1.8	  0.3	0.171	0.000	0.000
1363	  N	  1.0	  0.3	0.171	0.000	0.000
1364	  F	  1.8	  0.3	0.171	0.000	0.000
1365	  I	  2.3	  0.1	0.000	0.000	0.000
1366	  E	  1.6	  0.1	0.000	0.000	0.000
1367	  S	  3.5	  0.8	0.000	0.000	0.000
1368	  A	  3.1	  0.8	0.000	0.000	0.000
1369	  S	  4.6	  0.9	0.000	0.000	0.000
1370	  T	  2.3	  0.9	0.000	0.000	0.000
1371	  S	  2.7	  0.3	0.000	0.000	0.000
1372	  T	 20.3	  0.2	0.000	0.000	0.000
1373	  Y	 20.9	  0.2	0.000	0.000	0.000
1374	  Q	 20.3	  0.3	0.000	0.000	0.000
1375	  S	  1.5	  1.3	0.000	0.000	0.000
1376	  D	  0.1	  1.3	0.000	0.000	0.000
1377	  D	  0.4	  1.4	0.000	0.000	0.000
1378	  W	  3.1	  1.2	0.000	8.003	8.003
1379	  S	  6.5	  0.2	0.339	8.963	8.963
1380	  V	  9.3	  0.2	0.339	27.193	27.193
1381	  T	  7.2	  0.0	0.339	28.693	28.693
1382	  Q	  5.2	  0.0	0.339	31.185	31.185
1383	  I	  4.7	  0.0	0.339	91.144	91.144
1384	  V	  7.7	  0.0	0.339	96.336	96.336
1385	  S	  7.3	  0.0	0.339	96.688	96.688
1386	  Y	  5.6	  0.0	0.234	97.940	97.940
1387	  Y	  3.3	  0.0	0.118	97.925	97.925
1388	  I	  6.0	  0.0	0.000	97.544	97.544
1389	  V	  6.7	  0.0	0.000	92.914	92.914
1390	  T	  6.0	  0.1	0.000	36.676	36.676
1391	  N	  2.4	  6.6	0.000	1.609	1.609
1392	  S	  0.8	  7.3	0.123	0.179	0.179
1393	  N	  0.0	  7.4	0.123	0.004	0.004
1394	  G	  0.0	  7.3	0.123	0.000	0.000
1395	  T	  2.6	  0.8	0.123	0.000	0.000
1396	  L	  2.7	  0.2	0.123	0.000	0.000
1397	  Q	  2.7	  0.2	0.123	0.000	0.000
1398	  Q	  0.1	  0.3	0.123	0.000	0.000
1399	  G	  0.3	  0.3	0.186	1.629	1.629
1400	  I	  2.2	  0.2	0.186	19.970	19.970
1401	  N	  3.0	  0.1	0.186	21.545	21.545
1402	  T	  8.4	  0.1	0.186	21.545	21.545
1403	  V	  8.4	  0.0	0.186	21.545	21.545
1404	  Y	  9.2	  0.0	0.186	21.545	21.545
1405	  F	  4.1	  0.0	0.000	21.296	21.296
1406	  R	  2.2	  0.1	0.000	0.000	0.000
1407	  E	  0.6	  0.1	0.000	0.000	0.000
1408	  R	  5.5	  0.1	0.000	0.000	0.000
1409	  V	  6.4	  0.1	0.000	0.000	0.000
1410	  D	  6.4	  0.0	0.000	0.000	0.000
1411	  S	  1.2	  0.0	0.000	0.000	0.000
1412	  L	  0.1	  0.0	0.000	0.000	0.000
1413	  P	  0.1	  0.0	0.000	0.000	0.000
1414	  I	  1.4	  0.0	0.000	1.152	1.152
1415	  F	  2.4	  0.1	0.000	1.152	1.152
1416	  L	  2.7	  0.1	0.000	1.152	1.152
1417	  N	  1.4	  0.5	0.000	1.152	1.152
1418	  S	  0.6	  0.5	0.000	1.152	1.152
1419	  S	 10.5	  0.6	0.000	0.881	0.881
1420	  V	 14.6	  0.6	0.000	0.881	0.881
1421	  S	 15.9	  0.2	0.000	0.471	0.471
1422	  L	  6.5	  0.2	0.000	0.471	0.471
1423	  T	  2.1	  0.2	0.000	0.177	0.177
1424	  S	  0.6	  0.5	0.000	0.000	0.000
1425	  G	  0.1	  0.6	0.000	0.000	0.000
1426	  T	  2.8	  0.5	0.000	0.000	0.000
1427	  L	  3.2	  0.4	0.000	0.000	0.000
1428	  T	  4.3	  0.1	0.000	0.000	0.000
1429	  S	  1.7	  0.1	0.000	0.000	0.000
1430	  S	  4.1	  0.4	0.000	0.000	0.000
1431	  I	 13.0	  0.4	0.000	0.000	0.000
1432	  D	 12.9	  0.3	0.000	0.000	0.000
1433	  V	 10.3	  0.5	0.000	0.000	0.000
1434	  P	  0.1	  0.2	0.000	0.000	0.000
1435	  S	  0.0	  0.2	0.000	0.000	0.000
1436	  D	  0.0	  4.1	0.000	0.000	0.000
1437	  P	  0.0	  3.9	0.000	0.000	0.000
1438	  N	  2.6	  3.9	0.000	0.000	0.000
1439	  I	  4.5	  3.9	0.000	0.000	0.000
1440	  I	  4.7	  0.0	0.000	0.000	0.000
1441	  S	  2.3	  0.7	0.000	0.000	0.000
1442	  E	  0.5	  0.9	0.000	0.000	0.000
1443	  S	  0.4	  1.0	0.000	0.000	0.000
1444	  T	  0.3	  1.4	0.000	0.000	0.000
1445	  G	  0.2	  0.7	0.000	0.000	0.000
1446	  T	  2.0	  0.6	0.000	0.000	0.000
1447	  T	  2.5	  0.5	0.000	0.000	0.000
1448	  I	  2.5	  0.0	0.000	0.000	0.000
1449	  P	  0.6	  0.1	0.000	0.000	0.000
1450	  E	  0.1	  0.1	0.000	0.000	0.000
1451	  K	  0.3	  0.1	0.000	0.000	0.000
1452	  E	  0.4	  0.2	0.000	0.000	0.000
1453	  T	  1.1	  0.1	0.000	0.496	0.496
1454	  T	  2.0	  0.1	0.000	0.496	0.496
1455	  L	  2.4	  0.0	0.000	0.496	0.496
1456	  F	  3.1	  0.2	0.000	0.496	0.496
1457	  S	  2.1	  2.1	0.000	0.496	0.496
1458	  S	  1.6	  2.1	0.000	0.000	0.000
1459	  N	  1.5	  2.1	0.000	0.000	0.000
1460	  Y	  1.6	  1.9	0.000	0.000	0.000
1461	  N	  1.6	  0.4	0.000	0.000	0.000
1462	  P	  0.2	  0.6	0.000	0.000	0.000
1463	  E	  0.5	  0.6	0.000	0.000	0.000
1464	  S	  0.8	  0.6	0.151	0.000	0.000
1465	  H	  2.1	  0.3	0.151	0.000	0.000
1466	  V	  1.9	  0.2	0.151	0.000	0.000
1467	  D	  1.6	  1.7	0.151	0.000	0.000
1468	  K	  0.4	  1.8	0.151	0.000	0.000
1469	  S	  1.0	  2.6	0.151	0.000	0.000
1470	  S	  1.1	  2.6	0.000	0.000	0.000
1471	  S	  1.3	  1.1	0.000	0.000	0.000
1472	  K	  0.8	  1.0	0.000	0.000	0.000
1473	  I	  2.1	  0.1	0.000	0.000	0.000
1474	  F	  4.7	  0.0	0.000	0.000	0.000
1475	  T	  5.2	  0.0	0.000	0.000	0.000
1476	  R	  5.0	  0.0	0.000	0.000	0.000
1477	  Y	  3.5	  0.2	0.000	0.000	0.000
1478	  Q	  2.8	  0.2	0.000	0.000	0.000
1479	  N	  1.7	  1.3	0.000	0.000	0.000
1480	  S	  1.0	  2.1	0.000	0.000	0.000
1481	  S	  1.8	  3.0	0.000	0.000	0.000
1482	  S	  1.8	  4.3	0.000	0.000	0.000
1483	  S	  1.0	  3.2	0.000	0.000	0.000
1484	  N	  0.6	  2.4	0.000	0.000	0.000
1485	  I	  0.8	  1.4	0.000	0.000	0.000
1486	  Q	  0.8	  0.1	0.000	0.000	0.000
1487	  S	  0.4	  0.2	0.371	0.000	0.000
1488	  S	  0.3	  0.3	0.588	0.000	0.000
1489	  E	  1.0	  0.3	0.588	0.000	0.000
1490	  R	  1.2	  0.3	0.588	0.000	0.000
1491	  K	  1.5	  0.2	0.588	0.000	0.000
1492	  L	  0.9	  0.3	0.588	0.000	0.000
1493	  S	  0.7	  0.4	0.401	0.000	0.000
1494	  T	  0.3	  0.6	0.000	0.000	0.000
1495	  G	  0.1	  0.9	0.224	0.000	0.000
1496	  E	  0.1	  0.7	0.224	0.000	0.000
1497	  D	  0.3	  0.6	0.321	0.000	0.000
1498	  T	  1.0	  0.4	0.483	0.000	0.000
1499	  Q	  2.1	  0.0	0.483	0.000	0.000
1500	  I	  3.0	  0.0	0.483	0.000	0.000
1501	  Y	  3.7	  0.1	0.483	0.000	0.000
1502	  S	  2.6	  0.1	0.366	0.000	0.000
1503	  R	  1.7	  0.1	0.366	0.000	0.000
1504	  K	  1.0	  0.1	0.000	0.000	0.000
1505	  T	 11.7	  0.1	0.000	0.000	0.000
1506	  V	 12.2	  0.1	0.000	0.000	0.000
1507	  T	 11.5	  0.1	0.000	0.000	0.000
1508	  E	  0.9	  0.2	0.000	0.000	0.000
1509	  T	  0.5	  0.2	0.000	0.000	0.000
1510	  D	  1.0	  0.3	0.160	0.000	0.000
1511	  Y	  4.0	  0.3	0.160	0.652	0.652
1512	  S	  4.0	  0.3	0.160	0.652	0.652
1513	  L	  3.9	  0.3	0.160	1.072	1.072
1514	  I	  1.9	  0.1	0.160	1.072	1.072
1515	  A	  1.6	  0.1	0.160	1.072	1.072
1516	  S	  1.8	  0.1	0.160	0.420	0.420
1517	  T	  2.4	  0.1	0.000	0.420	0.420
1518	  T	  4.0	  0.1	0.000	0.158	0.158
1519	  T	  6.5	  0.1	0.000	0.000	0.000
1520	  T	  5.3	  0.1	0.000	0.000	0.000
1521	  C	  3.6	  0.3	0.000	0.000	0.000
1522	  P	  0.3	  0.3	0.000	0.000	0.000
1523	  L	  0.1	  0.4	0.000	0.000	0.000
1524	  S	  0.1	  0.5	0.000	0.000	0.000
1525	  N	  0.1	  0.6	0.000	0.000	0.000
1526	  T	  0.2	  1.3	0.000	0.000	0.000
1527	  G	  0.2	  1.4	0.000	0.000	0.000
1528	  S	  0.2	  1.3	0.000	0.000	0.000
1529	  S	  0.8	  0.9	0.194	0.000	0.000
1530	  M	  1.1	  0.3	0.194	0.000	0.000
1531	  Q	  1.2	  0.1	0.194	0.000	0.000
1532	  S	  0.8	  0.1	0.194	0.000	0.000
1533	  K	  0.9	  0.1	0.194	0.000	0.000
1534	  I	  1.7	  0.0	0.194	0.000	0.000
1535	  Y	  2.9	  0.1	0.194	0.000	0.000
1536	  S	  3.3	  1.0	0.000	0.000	0.000
1537	  S	  2.5	  1.1	0.000	0.000	0.000
1538	  S	  2.0	  1.0	0.242	0.000	0.000
1539	  H	  6.0	  0.9	0.242	0.000	0.000
1540	  I	  6.3	  0.1	0.242	0.000	0.000
1541	  E	  5.6	  0.1	0.433	0.000	0.000
1542	  K	  0.8	  0.1	0.433	0.000	0.000
1543	  Q	  0.4	  0.2	0.433	0.000	0.000
1544	  S	  0.4	  0.1	0.191	0.000	0.000
1545	  L	  0.3	  0.3	0.191	0.000	0.000
1546	  A	  0.2	  0.3	0.191	0.000	0.000
1547	  D	  0.2	  0.3	0.191	0.000	0.000
1548	  T	  3.0	  0.4	0.000	0.000	0.000
1549	  T	  4.1	  0.2	0.000	0.000	0.000
1550	  S	  4.1	  0.2	0.632	0.000	0.000
1551	  S	  4.2	  0.1	0.632	0.000	0.000
1552	  I	  5.3	  0.1	0.632	0.000	0.000
1553	  T	  6.3	  0.1	1.082	0.000	0.000
1554	  S	  3.6	  0.2	1.276	0.000	0.000
1555	  K	  1.4	  0.2	1.276	0.000	0.000
1556	  K	  0.4	  0.2	0.644	0.000	0.000
1557	  K	  0.4	  0.2	0.644	0.000	0.000
1558	  E	  0.3	  0.1	0.644	0.000	0.000
1559	  E	  0.3	  0.1	0.502	0.000	0.000
1560	  I	  4.5	  0.0	0.100	0.000	0.000
1561	  I	  6.8	  0.0	0.100	0.000	0.000
1562	  T	  8.0	  0.1	0.100	0.000	0.000
1563	  K	  3.9	  0.1	0.100	0.000	0.000
1564	  T	  2.3	  0.2	0.000	0.000	0.000
1565	  S	  1.2	  0.2	0.000	0.000	0.000
1566	  T	  2.4	  0.1	0.000	0.000	0.000
1567	  K	  1.8	  0.1	0.000	0.000	0.000
1568	  Q	  3.1	  0.0	0.000	0.000	0.000
1569	  W	  3.3	  0.0	0.000	0.000	0.000
1570	  S	  3.1	  0.0	0.000	0.000	0.000
1571	  S	  1.6	  3.2	0.228	0.000	0.000
1572	  P	  0.1	  3.3	0.228	0.000	0.000
1573	  S	  0.2	  3.3	0.228	0.000	0.000
1574	  A	  0.5	  3.3	0.228	0.000	0.000
1575	  L	  0.6	  0.0	0.228	0.000	0.000
1576	  K	  0.5	  0.4	0.228	0.000	0.000
1577	  P	  0.1	  0.7	0.000	0.000	0.000
1578	  S	  0.0	  0.7	0.000	0.000	0.000
1579	  N	  0.2	  0.7	0.000	0.000	0.000
1580	  V	  1.5	  0.3	0.000	0.000	0.000
1581	  L	  1.6	  0.2	0.000	0.000	0.000
1582	  E	  1.4	  0.2	0.000	0.000	0.000
1583	  D	  0.7	  0.3	0.000	0.000	0.000
1584	  I	  3.3	  0.3	0.000	0.000	0.000
1585	  S	  3.8	  0.1	0.000	0.000	0.000
1586	  I	  3.5	  0.1	0.000	0.000	0.000
1587	  L	  0.9	  0.2	0.000	0.000	0.000
1588	  P	  0.3	  0.2	0.000	0.000	0.000
1589	  Q	  0.7	  0.2	0.000	0.000	0.000
1590	  V	  1.4	  0.2	0.000	0.000	0.000
1591	  Q	  1.6	  0.1	0.000	0.000	0.000
1592	  K	  1.0	  0.2	0.000	0.000	0.000
1593	  S	  0.5	  0.2	0.000	0.000	0.000
1594	  S	  3.1	  0.2	0.000	0.000	0.000
1595	  I	  5.3	  0.1	0.000	0.000	0.000
1596	  T	  5.9	  0.1	0.000	0.000	0.000
1597	  S	  3.4	  0.1	0.000	0.000	0.000
1598	  T	  4.0	  0.2	0.000	0.000	0.000
1599	  K	  3.6	  0.2	0.000	0.000	0.000
1600	  S	  3.8	  0.2	0.000	0.000	0.000
1601	  K	  1.5	  0.2	0.000	0.000	0.000
1602	  T	  6.0	  0.1	0.000	1.483	1.483
1603	  V	 17.0	  0.1	0.000	1.483	1.483
1604	  V	 20.1	  0.0	0.000	1.483	1.483
1605	  V	 16.9	  0.0	0.000	1.483	1.483
1606	  S	  5.5	  0.0	0.000	1.483	1.483
1607	  R	  1.5	  0.3	0.000	0.000	0.000
1608	  P	  0.0	  0.4	0.000	0.000	0.000
1609	  S	  1.5	  0.8	0.000	0.000	0.000
1610	  Q	  1.6	  0.9	0.000	0.000	0.000
1611	  S	  4.5	  1.0	0.000	0.000	0.000
1612	  I	  3.1	  1.0	0.000	0.000	0.000
1613	  D	  3.0	  0.6	0.522	0.000	0.000
1614	  N	  0.1	  0.6	1.768	0.000	0.000
1615	  E	  0.1	  0.2	1.768	0.000	0.000
1616	  A	  0.2	  0.2	1.768	0.000	0.000
1617	  R	  0.4	  0.3	1.768	0.000	0.000
1618	  S	  0.4	  0.3	1.768	0.000	0.000
1619	  S	  2.5	  1.4	1.430	0.000	0.000
1620	  K	  2.4	  1.7	0.385	0.000	0.000
1621	  S	  2.3	  2.0	0.000	0.000	0.000
1622	  D	  0.1	  2.2	0.000	0.000	0.000
1623	  S	  0.4	  1.1	0.000	0.000	0.000
1624	  T	  1.1	  0.7	0.000	0.000	0.000
1625	  K	  1.7	  0.2	0.000	0.000	0.000
1626	  I	  4.1	  0.0	0.000	0.000	0.000
1627	  S	  8.7	  0.1	0.326	0.000	0.000
1628	  I	  8.8	  0.1	0.326	0.000	0.000
1629	  S	  6.7	  0.2	0.326	0.000	0.000
1630	  T	  4.0	  0.3	0.326	0.000	0.000
1631	  K	  3.3	  0.2	0.326	0.000	0.000
1632	  S	  4.6	  0.2	0.326	0.000	0.000
1633	  L	  4.0	  0.1	0.000	0.000	0.000
1634	  T	  5.3	  0.2	0.208	0.000	0.000
1635	  M	  3.9	  0.3	0.208	0.000	0.000
1636	  D	  1.7	  0.4	0.208	0.000	0.000
1637	  N	  0.2	  1.8	0.208	0.000	0.000
1638	  K	  0.1	  1.9	0.208	0.000	0.000
1639	  S	  0.1	  2.2	0.208	0.000	0.000
1640	  N	  0.1	  2.2	0.000	0.000	0.000
1641	  N	  0.1	  0.7	0.000	0.000	0.000
1642	  A	  0.3	  0.5	0.000	0.000	0.000
1643	  Q	  0.9	  0.0	0.000	0.000	0.000
1644	  L	  2.9	  0.0	0.000	0.000	0.000
1645	  D	  3.7	  0.0	0.177	0.000	0.000
1646	  V	  4.8	  0.0	0.177	0.000	0.000
1647	  T	  5.6	  0.0	0.177	0.000	0.000
1648	  T	  5.6	  0.1	0.177	0.000	0.000
1649	  S	  4.5	  0.2	0.177	0.000	0.000
1650	  K	  1.9	  0.2	0.177	0.000	0.000
1651	  T	  1.2	  0.2	0.000	0.000	0.000
1652	  S	  5.8	  0.5	0.000	0.000	0.000
1653	  L	  5.9	  0.5	0.000	0.000	0.000
1654	  S	  5.7	  0.5	0.111	0.000	0.000
1655	  S	  1.5	  0.5	0.111	0.000	0.000
1656	  H	  3.5	  0.2	0.111	0.000	0.000
1657	  T	  6.8	  0.1	0.111	0.000	0.000
1658	  V	  6.8	  0.0	0.111	0.000	0.000
1659	  L	  5.8	  0.0	0.111	0.000	0.000
1660	  K	  5.3	  0.0	0.000	0.000	0.000
1661	  L	  4.3	  0.0	0.000	0.000	0.000
1662	  T	  3.2	  0.6	0.000	0.000	0.000
1663	  P	  0.2	  0.8	0.000	0.000	0.000
1664	  S	  0.0	  0.8	0.000	0.000	0.000
1665	  D	  2.2	  0.8	0.000	0.000	0.000
1666	  V	  5.8	  0.3	0.000	0.000	0.000
1667	  Y	  6.2	  0.1	0.000	0.000	0.000
1668	  N	  4.0	  1.0	0.000	0.000	0.000
1669	  D	  0.4	  4.3	0.000	0.000	0.000
1670	  S	  0.1	  4.9	0.000	0.000	0.000
1671	  D	  0.1	  5.0	0.324	0.000	0.000
1672	  S	  0.7	  4.1	0.324	0.000	0.000
1673	  K	  0.8	  0.8	0.324	0.000	0.000
1674	  T	  2.0	  0.4	0.324	0.000	0.000
1675	  S	  1.5	  0.3	0.889	0.000	0.000
1676	  S	  2.0	  0.4	0.993	0.000	0.000
1677	  A	  1.0	  0.4	0.669	0.000	0.000
1678	  T	  1.8	  0.2	0.795	0.000	0.000
1679	  K	  2.4	  0.2	0.795	0.000	0.000
1680	  I	  3.1	  0.1	0.795	0.630	0.630
1681	  A	  2.5	  0.2	0.795	0.630	0.630
1682	  S	  1.4	  0.2	0.682	0.630	0.630
1683	  S	  1.3	  0.2	0.317	0.630	0.630
1684	  F	  2.5	  0.1	0.000	0.630	0.630
1685	  V	  2.3	  0.0	0.000	0.630	0.630
1686	  T	  1.4	  0.0	0.000	0.000	0.000
1687	  P	  0.0	  0.2	0.000	0.000	0.000
1688	  P	  0.0	  0.2	0.000	0.000	0.000
1689	  T	 12.6	  0.2	0.000	0.000	0.000
1690	  I	 13.1	  0.2	0.000	0.000	0.000
1691	  S	 14.0	  0.0	0.000	0.000	0.000
1692	  H	  5.8	  0.0	0.000	0.000	0.000
1693	  I	  5.7	  0.1	0.000	0.000	0.000
1694	  E	  5.0	  0.1	0.000	0.000	0.000
1695	  S	  0.7	  0.1	0.000	0.446	0.446
1696	  T	  0.8	  0.1	0.000	0.446	0.446
1697	  L	  1.0	  0.1	0.000	0.446	0.446
1698	  I	  3.3	  0.0	0.000	0.446	0.446
1699	  T	  5.3	  0.0	0.000	0.446	0.446
1700	  K	  4.9	  0.0	0.000	0.000	0.000
1701	  T	  2.6	  0.8	0.000	0.000	0.000
1702	  P	  0.1	  0.8	0.000	0.000	0.000
1703	  N	  0.1	  0.8	0.000	0.000	0.000
1704	  R	 12.3	  0.8	0.000	0.000	0.000
1705	  I	 13.0	  0.0	0.000	0.000	0.000
1706	  D	 13.0	  0.0	0.000	0.000	0.000
1707	  S	  1.4	  0.0	0.000	0.000	0.000
1708	  V	  2.6	  0.0	0.000	0.000	0.000
1709	  A	  2.6	  0.1	0.000	0.000	0.000
1710	  S	  3.0	  0.8	0.000	0.000	0.000
1711	  S	  1.3	  0.9	0.000	0.000	0.000
1712	  S	  1.5	  0.9	0.352	0.000	0.000
1713	  T	  1.4	  0.8	0.474	0.000	0.000
1714	  Q	  1.2	  0.2	0.474	0.000	0.000
1715	  T	  3.5	  0.1	0.474	0.000	0.000
1716	  T	  4.1	  0.1	0.793	0.000	0.000
1717	  K	  4.2	  0.1	0.793	0.000	0.000
1718	  Q	  2.5	  0.1	0.650	0.000	0.000
1719	  I	  2.4	  0.1	0.538	0.000	0.000
1720	  L	  2.2	  0.0	0.538	0.000	0.000
1721	  Q	  1.5	  0.0	0.538	0.000	0.000
1722	  Q	  1.4	  0.0	0.422	0.000	0.000
1723	  I	  8.8	  0.0	0.000	0.000	0.000
1724	  N	 11.0	  0.0	0.000	0.000	0.000
1725	  I	 12.1	  0.0	0.000	0.000	0.000
1726	  T	  5.4	  0.0	0.000	0.000	0.000
1727	  K	  2.9	  0.1	0.000	0.000	0.000
1728	  E	  0.8	  0.1	0.000	0.000	0.000
1729	  T	  1.4	  0.2	0.000	0.195	0.195
1730	  S	  1.4	  0.2	0.000	0.195	0.195
1731	  S	  1.8	  0.1	0.000	0.363	0.363
1732	  I	  3.4	  0.1	0.000	0.741	0.741
1733	  V	  8.2	  0.0	0.000	0.741	0.741
1734	  S	 13.3	  0.3	0.000	0.545	0.545
1735	  M	 10.9	  0.4	0.000	0.545	0.545
1736	  S	  7.8	  0.9	0.000	0.378	0.378
1737	  Q	  1.8	  0.9	0.000	0.211	0.211
1738	  S	  2.4	  0.5	0.000	0.211	0.211
1739	  V	  4.5	  0.5	0.000	0.911	0.911
1740	  Y	  5.0	  0.0	0.000	0.911	0.911
1741	  L	  4.3	  0.0	0.000	0.911	0.911
1742	  Q	  0.9	  0.1	0.000	0.700	0.700
1743	  T	  0.4	  0.4	0.000	0.700	0.700
1744	  A	  0.3	  0.4	0.000	0.319	0.319
1745	  N	  0.3	  0.6	0.000	0.000	0.000
1746	  S	  0.2	  1.4	0.120	0.000	0.000
1747	  A	  0.2	  1.5	0.120	0.000	0.000
1748	  G	  0.1	  1.5	0.120	0.000	0.000
1749	  S	  0.1	  1.4	0.120	0.000	0.000
1750	  R	  0.7	  0.5	0.120	0.000	0.000
1751	  L	  1.1	  0.1	0.120	0.000	0.000
1752	  T	  2.5	  0.1	0.120	0.000	0.000
1753	  K	  2.2	  0.1	0.120	0.000	0.000
1754	  T	  2.8	  0.2	0.125	0.370	0.370
1755	  A	  2.2	  0.2	0.125	0.985	0.985
1756	  T	  6.7	  0.1	0.512	2.699	2.699
1757	  F	  7.5	  0.1	0.512	5.547	5.547
1758	  V	  9.6	  0.0	0.512	5.767	5.767
1759	  K	  5.3	  0.0	0.512	5.785	5.785
1760	  F	  4.0	  0.0	0.512	92.857	92.857
1761	  I	  2.1	  0.0	0.512	99.583	99.583
1762	  L	  1.7	  0.1	0.512	99.702	99.702
1763	  G	  1.2	  0.1	0.512	99.722	99.722
1764	  I	 15.7	  0.1	0.000	99.947	99.947
1765	  T	 18.3	  0.1	0.000	99.963	99.963
1766	  V	 20.1	  0.0	0.000	99.990	99.990
1767	  L	  5.4	  0.0	0.000	99.975	99.975
1768	  I	 13.1	  0.0	0.000	99.893	99.893
1769	  T	 13.3	  0.0	0.000	98.926	98.926
1770	  I	 13.0	  0.0	0.000	95.787	95.787
1771	  L	  2.4	  0.0	0.000	5.783	5.783
