res	aa	Beta	Turn	Helix	Aggregation	Conc-Stab_Aggregation
01	  M	  0.5	  0.0	0.000	0.080	0.080
02	  W	  2.3	  0.0	0.126	58.183	58.183
03	  S	  2.5	  0.0	2.568	60.685	60.685
04	  I	  3.4	  0.0	2.568	96.119	96.119
05	  Y	  3.1	  0.0	2.716	99.155	99.155
06	  V	  6.3	  0.0	2.716	99.880	99.880
07	  L	  5.6	  0.0	2.861	99.912	99.912
08	  L	  4.6	  0.0	2.861	99.765	99.765
09	  I	  4.5	  0.0	2.861	98.343	98.343
10	  S	  4.0	  0.0	3.609	81.466	81.466
11	  L	  4.0	  0.0	3.048	79.334	79.334
12	  I	  1.7	  0.0	2.920	67.047	67.047
13	  S	  1.5	  0.0	2.920	7.474	7.474
14	  R	  2.6	  0.0	1.407	0.012	0.012
15	  V	  4.5	  0.0	1.000	0.017	0.017
16	  L	  4.9	  0.0	1.000	0.017	0.017
17	  S	  4.1	  0.2	0.616	0.016	0.016
18	  A	  1.4	  0.4	0.217	0.016	0.016
19	  T	  0.8	  0.8	0.000	0.016	0.016
20	  D	  0.1	  1.1	0.000	0.012	0.012
21	  G	  0.1	  0.9	0.000	0.183	0.183
22	  S	  0.9	  0.6	0.000	0.436	0.436
23	  F	  3.1	  0.3	0.000	0.436	0.436
24	  V	  7.3	  0.0	0.000	0.436	0.436
25	  I	  6.5	  0.0	0.000	0.436	0.436
26	  S	  4.3	  0.0	0.000	0.254	0.254
27	  D	  0.1	  0.4	0.000	0.000	0.000
28	  P	  0.0	  0.4	0.000	0.000	0.000
29	  T	  4.9	  0.4	0.000	0.000	0.000
30	  Y	  6.5	  0.4	0.000	0.000	0.000
31	  V	 10.1	  0.1	0.000	0.000	0.000
32	  Y	  5.6	  1.3	0.000	0.000	0.000
33	  N	  4.0	  1.4	0.000	0.000	0.000
34	  G	  0.4	  1.4	0.000	0.000	0.000
35	  D	  0.8	  1.6	0.000	0.000	0.000
36	  I	 15.3	  0.4	0.000	0.000	0.000
37	  N	 15.4	  0.2	0.000	0.000	0.000
38	  V	 14.7	  0.6	0.000	0.000	0.000
39	  P	  0.2	  0.5	0.000	0.000	0.000
40	  D	  0.0	  0.9	0.000	0.000	0.000
41	  A	  0.0	  0.9	0.000	0.464	0.464
42	  G	  0.1	  0.5	0.000	0.464	0.464
43	  Y	  1.0	  0.4	0.000	0.815	0.815
44	  I	  1.6	  0.0	0.000	0.815	0.815
45	  L	  1.8	  0.1	0.000	0.815	0.815
46	  N	  0.8	  0.3	0.000	0.350	0.350
47	  T	  0.3	  0.6	0.000	0.350	0.350
48	  G	  0.0	  0.6	0.000	0.000	0.000
49	  G	  0.5	  0.5	0.122	0.000	0.000
50	  I	  0.9	  0.3	0.122	0.000	0.000
51	  A	  0.9	  0.1	0.122	0.000	0.000
52	  K	  0.7	  0.0	0.122	0.000	0.000
53	  E	  3.3	  0.0	0.122	0.000	0.000
54	  I	 20.3	  0.0	0.122	0.638	0.638
55	  T	 24.5	  0.1	0.122	0.638	0.638
56	  V	 21.8	  1.2	0.122	0.667	0.667
57	  N	  5.3	  1.4	0.122	0.667	0.667
58	  G	  0.2	  1.4	0.000	0.725	0.725
59	  N	  1.4	  1.4	0.000	1.609	1.609
60	  I	 10.2	  0.3	0.000	23.843	23.843
61	  N	 10.5	  0.1	1.283	25.760	25.760
62	  V	 10.0	  0.2	1.283	73.528	73.528
63	  A	  1.9	  0.1	1.283	77.318	77.318
64	  T	  7.0	  0.1	1.283	81.767	81.767
65	  Y	  8.1	  0.1	1.283	88.675	88.675
66	  F	 11.6	  0.0	1.283	88.985	88.985
67	  S	  7.1	  0.0	0.000	86.110	86.110
68	  V	  8.9	  0.0	0.000	85.746	85.746
69	  V	  6.5	  0.0	0.000	80.856	80.856
70	  S	  5.8	  0.8	0.000	15.989	15.989
71	  A	  2.0	  1.0	0.000	7.679	7.679
72	  G	  0.2	  1.1	0.000	0.624	0.624
73	  H	  0.2	  1.2	0.000	0.000	0.000
74	  T	  0.2	  0.4	0.000	0.000	0.000
75	  G	  0.2	  0.4	0.000	0.000	0.000
76	  G	  0.0	  1.9	0.000	0.000	0.000
77	  P	  0.0	  1.7	0.000	0.000	0.000
78	  G	  0.0	  1.7	0.000	4.872	4.872
79	  Y	  1.1	  1.6	0.000	48.124	48.124
80	  F	  2.1	  0.0	0.000	48.451	48.451
81	  F	 14.0	  0.0	0.000	48.451	48.451
82	  T	 19.2	  0.0	0.000	48.451	48.451
83	  Y	 19.0	  0.2	0.000	47.445	47.445
84	  H	  7.5	  0.5	0.000	4.139	4.139
85	  G	  0.8	  0.6	0.000	0.291	0.291
86	  G	  0.0	  0.6	0.000	0.000	0.000
87	  S	  5.7	  0.5	0.000	0.000	0.000
88	  I	 12.3	  0.2	0.000	0.000	0.000
89	  S	 12.4	  0.1	0.000	0.000	0.000
90	  V	  7.2	  0.4	0.000	0.000	0.000
91	  P	  0.2	  1.7	0.000	0.000	0.000
92	  G	  0.0	  2.0	0.000	0.000	0.000
93	  N	  0.0	  2.0	0.000	0.000	0.000
94	  G	  0.0	  1.7	0.128	0.000	0.000
95	  M	  1.7	  0.3	0.128	0.000	0.000
96	  E	  2.9	  0.0	0.128	0.000	0.000
97	  I	  3.0	  0.2	0.128	0.000	0.000
98	  S	  1.4	  0.6	0.128	0.000	0.000
99	  N	  0.1	  0.6	0.128	0.000	0.000
100	  N	  0.1	  0.6	0.128	0.000	0.000
101	  Q	  0.2	  0.7	0.000	0.000	0.000
102	  A	  0.3	  0.3	0.000	0.000	0.000
103	  T	  0.2	  0.4	0.000	0.000	0.000
104	  G	  0.0	  0.7	0.000	0.000	0.000
105	  P	  0.0	  0.6	0.000	0.000	0.000
106	  S	  0.4	  0.6	0.000	0.966	0.966
107	  T	  5.1	  0.5	0.000	2.671	2.671
108	  I	 13.6	  0.1	0.000	2.905	2.905
109	  V	 14.8	  0.0	0.000	2.905	2.905
110	  M	 10.4	  0.1	0.000	2.905	2.905
111	  T	  1.9	  1.5	0.000	2.134	2.134
112	  G	  0.1	  1.6	0.000	0.375	0.375
113	  D	  0.5	  1.6	0.174	0.000	0.000
114	  S	  8.1	  1.5	0.174	0.000	0.000
115	  F	  9.4	  0.3	0.174	0.000	0.000
116	  T	  8.9	  0.6	0.174	0.000	0.000
117	  G	  1.4	  0.8	0.174	0.000	0.000
118	  R	  0.2	  0.8	0.174	0.000	0.000
119	  G	  0.1	  0.6	0.000	0.602	0.602
120	  F	  1.8	  0.2	0.000	0.602	0.602
121	  V	  6.1	  0.0	0.000	0.602	0.602
122	  F	  7.5	  0.0	0.000	0.602	0.602
123	  S	  5.9	  0.0	0.000	0.602	0.602
124	  T	  1.4	  0.0	0.000	0.000	0.000
125	  P	  0.1	  0.0	0.000	0.000	0.000
126	  V	  2.1	  0.1	0.000	0.000	0.000
127	  K	  2.1	  0.4	0.000	0.000	0.000
128	  Q	  2.1	  1.1	0.000	0.000	0.000
129	  G	  0.1	  1.2	0.000	0.000	0.000
130	  S	  0.2	  1.1	0.000	0.000	0.000
131	  T	  0.9	  0.8	0.000	0.000	0.000
132	  A	  1.2	  0.1	0.000	0.000	0.000
133	  Y	  2.0	  0.1	0.000	0.000	0.000
134	  L	  2.3	  0.1	0.000	0.000	0.000
135	  D	  2.0	  0.8	0.000	0.000	0.000
136	  F	  1.3	  1.7	0.000	0.000	0.000
137	  G	  0.2	  1.6	0.000	0.000	0.000
138	  S	  3.0	  1.9	0.000	0.000	0.000
139	  I	  9.5	  1.3	0.000	0.000	0.000
140	  D	 11.6	  0.3	0.122	0.000	0.000
141	  V	  9.4	  0.3	0.122	0.000	0.000
142	  E	  3.0	  0.1	0.122	0.000	0.000
143	  E	  0.9	  0.1	0.122	0.000	0.000
144	  S	  0.7	  0.1	0.122	0.000	0.000
145	  K	  1.1	  0.1	0.122	0.000	0.000
146	  I	  0.9	  0.1	0.000	0.000	0.000
147	  Y	  2.9	  0.1	0.000	0.000	0.000
148	  D	  3.0	  0.1	0.365	0.000	0.000
149	  F	  4.2	  0.3	0.365	0.000	0.000
150	  Q	  2.2	  0.2	0.365	0.000	0.000
151	  S	  2.2	  0.2	0.365	0.000	0.000
152	  L	  2.2	  0.3	0.365	0.000	0.000
153	  Q	  3.2	  0.0	0.365	0.000	0.000
154	  L	  2.8	  0.0	0.242	0.000	0.000
155	  S	  1.4	  0.2	4.076	0.000	0.000
156	  P	  0.1	  0.3	3.968	0.000	0.000
157	  R	  0.2	  0.3	3.968	0.000	0.000
158	  T	  0.7	  0.4	3.968	0.000	0.000
159	  K	  1.0	  0.2	3.968	0.000	0.000
160	  H	  1.4	  0.4	3.968	0.000	0.000
161	  K	  0.9	  0.3	1.520	0.000	0.000
162	  L	  0.7	  0.6	0.885	0.000	0.000
163	  G	  0.1	  0.6	1.573	0.000	0.000
164	  E	  2.3	  0.3	1.181	0.000	0.000
165	  F	  6.8	  0.3	0.965	0.000	0.000
166	  T	  7.9	  0.0	0.840	0.000	0.000
167	  L	  5.9	  0.1	0.840	0.000	0.000
168	  H	  1.6	  0.1	0.840	0.000	0.000
169	  N	  0.4	  1.2	0.572	0.000	0.000
170	  S	  0.2	  1.2	0.193	0.000	0.000
171	  D	  0.3	  1.2	0.000	0.000	0.000
172	  M	  1.0	  1.1	0.000	0.000	0.000
173	  F	  3.3	  0.0	0.000	0.000	0.000
174	  F	  3.3	  0.5	0.000	0.000	0.000
175	  E	  2.6	  0.5	0.000	0.000	0.000
176	  G	  0.3	  0.5	0.000	0.000	0.000
177	  A	  0.4	  0.5	0.000	0.000	0.000
178	  V	  4.0	  0.1	0.000	0.000	0.000
179	  Q	  4.9	  0.0	0.000	0.000	0.000
180	  I	  5.2	  0.0	0.000	0.000	0.000
181	  D	  1.7	  4.3	0.000	0.000	0.000
182	  S	  0.7	  5.2	0.178	0.000	0.000
183	  D	  0.0	  5.2	0.289	0.000	0.000
184	  D	  0.6	  5.2	0.414	0.000	0.000
185	  T	  2.9	  0.9	0.414	0.000	0.000
186	  I	  5.7	  0.1	0.414	0.000	0.000
187	  I	  6.1	  0.0	0.414	0.000	0.000
188	  A	  3.9	  0.8	0.414	0.000	0.000
189	  S	  1.0	  1.4	0.414	0.000	0.000
190	  D	  0.0	  2.4	0.000	0.000	0.000
191	  G	  0.0	  2.5	0.000	0.000	0.000
192	  S	  0.2	  1.6	0.000	0.250	0.250
193	  T	  1.1	  1.1	0.000	0.250	0.250
194	  L	  1.4	  0.1	0.000	0.250	0.250
195	  W	  2.1	  0.0	0.000	0.250	0.250
196	  F	  2.8	  0.0	0.000	0.250	0.250
197	  D	  2.4	  0.0	0.000	0.000	0.000
198	  S	  1.6	  5.7	0.111	0.000	0.000
199	  P	  0.0	  5.7	0.111	0.000	0.000
200	  D	  0.0	  5.9	0.111	0.000	0.000
201	  E	  0.4	  6.0	0.111	0.000	0.000
202	  T	  1.7	  0.3	0.111	0.000	0.000
203	  K	  2.3	  0.5	0.111	0.000	0.000
204	  F	  2.2	  0.6	0.111	0.000	0.000
205	  D	  1.0	  0.6	0.000	0.000	0.000
206	  G	  0.3	  0.6	0.000	0.128	0.128
207	  A	  0.5	  0.4	0.000	0.255	0.255
208	  V	  3.1	  0.0	0.000	0.255	0.255
209	  W	  3.2	  0.2	0.000	0.255	0.255
210	  M	  2.7	  0.3	0.000	0.255	0.255
211	  G	  0.2	  0.6	0.000	0.128	0.128
212	  Q	  0.0	  1.2	0.000	0.000	0.000
213	  G	  0.0	  1.1	0.000	0.000	0.000
214	  D	  0.0	  2.6	0.310	0.000	0.000
215	  R	  0.1	  2.2	0.310	0.000	0.000
216	  N	  2.9	  1.6	0.310	0.000	0.000
217	  T	 10.8	  1.6	0.417	0.000	0.000
218	  F	 11.6	  0.0	0.417	0.362	0.362
219	  N	  9.0	  0.0	0.717	0.362	0.362
220	  A	  1.4	  0.0	0.545	0.362	0.362
221	  I	  9.3	  0.0	0.545	0.362	0.362
222	  N	 11.3	  0.0	0.545	0.362	0.362
223	  V	 12.4	  0.1	0.300	0.362	0.362
224	  K	  3.8	  0.2	0.300	0.000	0.000
225	  D	  1.4	  0.2	0.000	0.000	0.000
226	  S	  0.7	  0.2	0.000	0.000	0.000
227	  V	  1.8	  0.1	0.000	0.000	0.000
228	  A	  2.2	  0.0	0.000	0.000	0.000
229	  T	  1.8	  0.0	0.000	0.000	0.000
230	  K	  0.7	  0.0	0.000	0.000	0.000
231	  P	  0.2	  0.0	0.000	0.000	0.000
232	  F	  4.9	  0.0	0.000	0.000	0.000
233	  N	  7.1	  0.0	0.180	0.000	0.000
234	  V	 13.9	  0.0	0.180	0.000	0.000
235	  K	 10.4	  0.0	0.180	0.000	0.000
236	  I	  9.3	  0.0	0.180	0.000	0.000
237	  R	  3.0	  0.1	0.180	0.000	0.000
238	  S	  1.9	  0.1	0.180	0.000	0.000
239	  L	  0.8	  0.1	0.000	0.000	0.000
240	  Y	  6.8	  0.0	0.000	0.000	0.000
241	  E	  6.6	  0.0	0.000	0.000	0.000
242	  Y	  6.5	  0.0	0.000	0.000	0.000
243	  P	  0.1	  0.0	0.000	0.000	0.000
244	  F	  0.9	  0.0	0.000	2.334	2.334
245	  Y	  2.0	  0.1	0.000	2.334	2.334
246	  M	  4.5	  0.1	0.000	2.334	2.334
247	  S	 10.5	  0.3	0.000	2.334	2.334
248	  F	 10.0	  0.3	0.000	2.334	2.334
249	  D	  7.7	  0.3	0.000	0.000	0.000
250	  T	  1.7	  0.3	0.000	0.000	0.000
251	  T	  4.8	  0.1	0.099	0.000	0.000
252	  I	  4.9	  0.1	0.099	0.000	0.000
253	  Q	  4.8	  0.1	0.099	0.000	0.000
254	  S	  2.5	  0.1	0.099	0.000	0.000
255	  Y	  3.6	  0.2	0.099	0.000	0.000
256	  K	  2.8	  0.1	0.099	0.000	0.000
257	  L	  1.4	  0.2	0.000	0.000	0.000
258	  G	  0.2	  0.2	0.000	0.000	0.000
259	  A	  1.0	  0.1	0.000	0.000	0.000
260	  I	  1.6	  0.1	0.000	0.000	0.000
261	  V	  1.6	  0.5	0.000	0.000	0.000
262	  P	  0.6	  0.5	0.000	0.000	0.000
263	  D	  0.0	  1.8	0.000	0.000	0.000
264	  K	  0.2	  1.8	0.000	0.000	0.000
265	  D	  0.2	  2.0	0.000	0.000	0.000
266	  I	  0.4	  4.2	0.000	0.000	0.000
267	  G	  0.2	  2.9	0.000	0.000	0.000
268	  C	  3.4	  2.9	0.000	0.000	0.000
269	  Y	  3.4	  2.2	0.000	0.000	0.000
270	  L	  3.4	  0.0	0.000	0.000	0.000
271	  P	  0.1	  0.0	0.000	0.000	0.000
272	  L	  3.6	  0.0	0.000	0.000	0.000
273	  T	  7.6	  0.0	0.000	0.000	0.000
274	  I	  7.8	  0.0	0.000	0.000	0.000
275	  Q	  4.3	  0.1	0.000	0.000	0.000
276	  T	  0.5	  0.1	0.000	0.000	0.000
277	  N	  0.3	  1.6	0.000	0.000	0.000
278	  K	  0.6	  1.6	0.000	0.000	0.000
279	  N	  0.5	  1.6	0.116	0.038	0.038
280	  T	  3.1	  1.6	0.116	1.245	1.245
281	  H	  5.6	  0.1	0.116	2.701	2.701
282	  T	 11.6	  0.0	0.116	48.204	48.204
283	  F	 10.0	  0.0	0.116	66.926	66.926
284	  Y	  7.8	  0.0	0.116	66.926	66.926
285	  L	  2.0	  0.0	0.000	66.926	66.926
286	  I	  1.6	  0.0	0.000	66.831	66.831
287	  T	  0.9	  0.1	0.000	31.176	31.176
288	  N	  0.6	  1.0	0.000	0.500	0.500
289	  D	  0.1	  1.1	0.000	0.000	0.000
290	  D	  0.1	  1.9	0.000	0.000	0.000
291	  L	  1.3	  1.8	0.000	0.000	0.000
292	  D	  1.8	  0.9	0.000	0.000	0.000
293	  F	  3.1	  0.9	0.000	0.000	0.000
294	  C	  2.0	  0.2	0.000	0.000	0.000
295	  D	  1.8	  0.2	0.155	0.000	0.000
296	  T	  1.5	  0.3	0.269	0.000	0.000
297	  R	  3.6	  0.2	0.269	0.000	0.000
298	  C	  4.0	  0.5	0.269	0.000	0.000
299	  I	  3.0	  0.4	0.269	0.000	0.000
300	  G	  0.7	  0.4	0.269	0.000	0.000
301	  Q	  0.5	  0.4	0.269	0.190	0.190
302	  V	  3.4	  0.0	0.000	0.190	0.190
303	  N	  4.2	  0.0	0.000	0.190	0.190
304	  F	  4.2	  0.0	0.000	0.190	0.190
305	  I	  1.6	  0.0	0.000	0.190	0.190
306	  Q	  1.0	  0.1	0.000	0.000	0.000
307	  Q	  0.8	  0.1	0.000	0.000	0.000
308	  K	  0.9	  0.1	0.000	0.000	0.000
309	  R	  1.2	  0.1	0.000	0.000	0.000
310	  T	  6.2	  0.1	0.000	0.000	0.000
311	  V	  6.1	  0.0	0.000	0.000	0.000
312	  N	  5.5	  6.4	0.000	0.000	0.000
313	  K	  0.4	  8.4	0.000	0.000	0.000
314	  N	  0.0	  8.5	0.000	0.000	0.000
315	  G	  0.0	  8.5	0.000	0.000	0.000
316	  T	  1.2	  2.1	0.000	0.000	0.000
317	  M	  1.8	  0.1	0.000	0.000	0.000
318	  V	  4.0	  0.0	0.000	0.000	0.000
319	  D	  2.9	  1.4	0.836	0.000	0.000
320	  L	  2.5	  1.4	0.836	0.000	0.000
321	  D	  0.5	  1.4	1.426	0.000	0.000
322	  S	  1.1	  1.4	1.985	0.431	0.431
323	  V	  2.7	  0.1	2.675	3.873	3.873
324	  Y	  4.7	  0.0	3.320	3.873	3.873
325	  F	  6.9	  0.0	4.754	3.873	3.873
326	  E	  5.3	  0.0	5.443	3.873	3.873
327	  W	  3.7	  0.0	6.223	3.873	3.873
328	  A	  1.1	  0.0	6.329	3.873	3.873
329	  I	  3.0	  0.0	6.329	3.873	3.873
330	  R	  3.2	  0.3	6.329	3.873	3.873
331	  R	  2.8	  0.3	6.211	0.000	0.000
332	  N	  0.8	  0.3	5.089	0.000	0.000
333	  C	  0.1	  0.3	2.854	0.000	0.000
334	  P	  0.1	  0.0	0.000	0.000	0.000
335	  I	  1.4	  0.1	0.000	0.000	0.000
336	  R	  1.6	  0.6	0.000	0.000	0.000
337	  S	  1.6	  0.6	0.000	0.000	0.000
338	  D	  0.2	  0.6	0.000	0.000	0.000
339	  K	  2.2	  0.6	0.000	0.000	0.000
340	  V	  6.3	  0.0	0.000	0.000	0.000
341	  I	  9.9	  0.0	0.000	0.000	0.000
342	  T	  8.3	  0.1	0.000	0.000	0.000
343	  R	  4.4	  0.1	0.000	0.000	0.000
344	  T	  1.2	  0.1	0.000	0.000	0.000
345	  S	  3.0	  0.1	0.000	0.000	0.000
346	  L	  3.0	  0.1	0.000	0.000	0.000
347	  E	  2.5	  0.0	0.000	0.000	0.000
348	  P	  0.1	  0.0	0.000	0.000	0.000
349	  C	  2.2	  0.0	0.000	0.000	0.000
350	  S	  2.9	  0.0	0.000	0.000	0.000
351	  V	  5.7	  0.0	0.000	0.000	0.000
352	  Y	  3.9	  0.1	0.000	0.000	0.000
353	  E	  3.3	  0.1	0.100	0.000	0.000
354	  T	 10.7	  0.1	0.537	0.000	0.000
355	  Y	 14.8	  0.1	0.537	0.000	0.000
356	  E	 14.8	  0.0	0.537	0.000	0.000
357	  I	  6.9	  0.0	0.537	0.335	0.335
358	  I	  2.9	  0.0	0.537	0.335	0.335
359	  Y	  2.9	  0.3	0.537	0.335	0.335
360	  S	  1.2	  0.3	0.426	0.335	0.335
361	  N	  2.8	  0.3	0.000	0.335	0.335
362	  F	  4.3	  0.3	0.000	0.335	0.335
363	  E	  4.4	  0.1	0.000	0.000	0.000
364	  H	  2.1	  0.2	0.000	0.000	0.000
365	  S	  0.9	  0.2	0.000	0.000	0.000
366	  L	  1.3	  0.1	0.000	0.000	0.000
367	  H	  1.7	  0.1	0.000	0.000	0.000
368	  H	  1.6	  0.2	0.000	0.000	0.000
369	  T	  1.2	  0.2	0.000	0.000	0.000
370	  N	  0.6	  0.3	0.000	0.000	0.000
371	  L	  0.2	  1.5	0.000	0.000	0.000
372	  G	  0.0	  1.3	0.000	0.000	0.000
373	  N	  0.1	  1.5	0.000	0.000	0.000
374	  S	  2.2	  1.7	0.000	0.000	0.000
375	  T	  5.3	  0.6	0.000	0.000	0.000
376	  S	  5.6	  0.5	0.000	0.000	0.000
377	  C	  3.6	  0.6	0.000	0.000	0.000
378	  P	  0.3	  0.2	0.000	0.135	0.135
379	  F	  0.9	  0.2	0.000	18.610	18.610
380	  F	  2.2	  0.2	0.000	19.829	19.829
381	  T	  3.6	  0.0	0.000	19.829	19.829
382	  T	  4.5	  0.0	0.000	19.829	19.829
383	  T	 20.0	  0.0	0.000	19.829	19.829
384	  V	 19.3	  0.0	0.000	18.156	18.156
385	  S	 18.0	  1.3	0.096	6.501	6.501
386	  K	  1.3	  1.4	0.096	0.000	0.000
387	  D	  0.4	  1.4	0.096	0.000	0.000
388	  R	  0.4	  1.4	0.096	0.000	0.000
389	  L	  0.6	  0.0	0.096	0.000	0.000
390	  V	 17.9	  0.0	0.096	0.000	0.000
391	  E	 20.8	  0.0	0.096	0.000	0.000
392	  V	 23.5	  0.0	0.000	0.000	0.000
393	  D	  8.6	  0.0	1.486	0.000	0.000
394	  I	  6.9	  0.0	1.486	75.673	75.673
395	  I	 16.9	  0.0	1.486	81.861	81.861
396	  T	 20.9	  0.0	1.486	82.193	82.193
397	  Y	 19.0	  0.0	1.486	82.222	82.222
398	  Y	  7.4	  0.0	1.486	82.222	82.222
399	  I	  2.8	  0.0	0.244	77.715	77.715
400	  A	  2.0	  0.3	0.244	21.503	21.503
401	  S	  0.8	  1.3	0.315	1.089	1.089
402	  D	  0.0	  1.8	0.172	0.000	0.000
403	  D	  0.0	  2.3	0.172	0.000	0.000
404	  T	  0.1	  2.0	0.172	0.000	0.000
405	  G	  0.1	  1.1	0.172	0.000	0.000
406	  Q	  0.6	  0.6	0.172	0.000	0.000
407	  H	  5.0	  0.1	0.000	0.000	0.000
408	  I	  5.9	  0.1	0.000	0.000	0.000
409	  A	  5.6	  0.0	0.000	0.000	0.000
410	  T	  2.1	  0.0	0.000	0.000	0.000
411	  K	  1.5	  0.0	0.000	0.000	0.000
412	  T	  8.8	  0.0	0.000	0.155	0.155
413	  V	 21.5	  0.0	0.000	0.413	0.413
414	  T	 32.4	  0.0	0.000	0.413	0.413
415	  V	 36.7	  0.0	0.000	0.413	0.413
416	  K	 27.8	  0.0	0.000	0.413	0.413
417	  V	 17.2	  0.0	0.000	0.413	0.413
418	  E	  6.3	  0.0	0.000	0.413	0.413
419	  E	  0.8	  0.5	0.000	0.000	0.000
420	  P	  0.0	  0.5	0.000	0.000	0.000
421	  D	  0.6	  0.5	0.000	0.000	0.000
422	  Y	  1.9	  0.5	0.000	0.000	0.000
423	  T	  3.2	  0.0	0.000	0.000	0.000
424	  T	  5.5	  0.0	0.000	0.000	0.000
425	  T	 22.6	  0.0	0.000	0.000	0.000
426	  Y	 23.5	  0.1	0.000	0.000	0.000
427	  T	 20.8	  0.7	0.000	0.000	0.000
428	  S	  2.7	  1.1	0.000	0.000	0.000
429	  D	  0.0	  1.3	0.000	0.000	0.000
430	  G	  0.0	  1.2	0.000	0.000	0.000
431	  H	  3.1	  0.5	0.000	0.000	0.000
432	  T	 14.0	  0.2	0.000	0.000	0.000
433	  I	 14.5	  0.0	0.000	0.000	0.000
434	  T	 12.0	  0.0	0.000	0.000	0.000
435	  E	  1.3	  0.0	0.000	0.000	0.000
436	  V	  4.4	  0.0	0.000	0.000	0.000
437	  V	  6.1	  0.0	0.000	0.000	0.000
438	  S	  6.5	  0.0	0.000	0.000	0.000
439	  H	  9.0	  0.0	0.000	0.000	0.000
440	  I	  9.9	  0.0	0.000	0.000	0.000
441	  T	 10.4	  0.0	0.000	0.000	0.000
442	  T	  4.7	  0.1	0.000	0.000	0.000
443	  T	  2.2	  0.2	0.000	0.000	0.000
444	  D	  0.8	  9.6	0.000	0.000	0.000
445	  S	  0.4	 10.0	0.000	0.000	0.000
446	  D	  0.0	 10.1	0.000	0.000	0.000
447	  G	  0.0	 10.1	0.000	0.000	0.000
448	  K	  0.6	  0.7	0.000	0.000	0.000
449	  T	  9.0	  0.2	0.000	4.134	4.134
450	  V	 17.2	  0.1	0.000	10.573	10.573
451	  T	 26.1	  0.0	0.000	10.676	10.676
452	  I	 20.8	  0.0	0.000	10.992	10.992
453	  T	 14.0	  0.0	0.000	10.992	10.992
454	  T	  4.7	  0.0	0.087	10.351	10.351
455	  T	  2.3	  0.0	0.087	9.257	9.257
456	  M	  1.2	  0.4	0.087	8.599	8.599
457	  A	  1.1	  0.3	0.087	7.518	7.518
458	  S	  8.1	  0.6	0.087	6.690	6.690
459	  F	  8.9	  0.7	0.087	6.210	6.210
460	  D	  8.4	  0.3	0.000	0.000	0.000
461	  Q	  1.5	  0.3	0.000	0.000	0.000
462	  V	  0.6	  0.1	0.000	0.000	0.000
463	  D	  0.5	  0.5	0.000	0.000	0.000
464	  E	  0.2	  0.5	0.000	0.000	0.000
465	  G	  0.0	  0.5	0.000	0.000	0.000
466	  V	  2.8	  0.5	0.000	0.000	0.000
467	  F	  8.1	  0.0	0.000	0.000	0.000
468	  T	  8.2	  0.0	0.000	0.000	0.000
469	  S	  5.5	  0.0	0.000	0.000	0.000
470	  P	  0.1	  0.0	0.000	0.000	0.000
471	  E	  0.0	  0.0	0.000	0.000	0.000
472	  P	  0.0	  0.0	0.000	0.000	0.000
473	  Y	  4.5	  0.0	0.000	0.000	0.000
474	  S	  4.5	  0.0	0.000	0.000	0.000
475	  Q	  4.5	  0.0	0.000	0.000	0.000
476	  P	  0.0	  0.0	0.000	0.000	0.000
477	  P	  0.0	  0.0	0.000	0.000	0.000
478	  V	  2.6	  0.0	0.000	3.000	3.000
479	  V	  5.0	  0.0	0.000	3.172	3.172
480	  T	  5.7	  0.1	0.000	3.172	3.172
481	  S	  3.5	  0.1	0.000	3.172	3.172
482	  T	 11.5	  0.1	0.000	3.172	3.172
483	  V	 11.4	  0.1	0.000	2.765	2.765
484	  T	 11.0	  0.4	0.000	0.521	0.521
485	  E	  0.7	  0.7	0.000	0.000	0.000
486	  D	  0.1	  1.7	0.000	0.000	0.000
487	  D	  0.0	  2.3	0.000	0.000	0.000
488	  G	  0.0	  2.0	0.000	0.000	0.000
489	  S	  0.1	  1.7	0.000	0.000	0.000
490	  S	  0.6	  0.9	0.000	0.000	0.000
491	  K	  1.3	  0.3	0.000	0.000	0.000
492	  T	  6.1	  0.1	0.000	13.757	13.757
493	  V	 12.3	  0.1	0.000	32.870	32.870
494	  V	 15.3	  0.0	0.000	33.080	33.080
495	  I	 14.1	  0.0	0.000	33.080	33.080
496	  S	  8.9	  0.0	0.000	33.080	33.080
497	  Y	  5.3	  0.0	0.000	30.787	30.787
498	  F	  1.7	  0.4	0.000	9.755	9.755
499	  P	  0.2	  0.6	0.000	7.832	7.832
500	  S	  0.0	  1.3	0.000	0.000	0.000
501	  E	  0.0	  1.6	0.000	0.000	0.000
502	  G	  0.0	  2.6	0.000	0.000	0.000
503	  E	  0.0	  3.0	0.000	0.000	0.000
504	  D	  0.0	  2.3	0.000	0.000	0.000
505	  G	  0.1	  2.0	0.000	0.000	0.000
506	  V	  1.8	  0.6	0.000	0.000	0.000
507	  T	  2.4	  0.2	0.000	0.000	0.000
508	  R	  2.4	  0.3	0.000	0.000	0.000
509	  T	  0.7	  0.6	0.000	0.000	0.000
510	  G	  0.1	  0.6	0.000	0.000	0.000
511	  T	  1.6	  0.5	0.000	0.136	0.136
512	  T	  2.3	  0.4	0.000	0.361	0.361
513	  T	 13.1	  0.0	0.000	0.736	0.736
514	  I	 12.3	  0.0	0.000	0.736	0.736
515	  S	 11.9	  0.0	0.000	0.736	0.736
516	  T	 17.5	  0.0	0.000	0.736	0.736
517	  I	 17.2	  0.0	0.000	0.736	0.736
518	  T	 16.9	  0.0	0.242	0.000	0.000
519	  P	  0.6	  0.0	0.242	0.000	0.000
520	  A	  0.0	  0.1	0.242	0.000	0.000
521	  E	  0.1	  0.2	0.242	0.000	0.000
522	  Q	  0.6	  0.2	0.242	0.000	0.000
523	  D	  1.2	  0.2	0.242	0.000	0.000
524	  Y	  2.5	  0.1	0.110	0.231	0.231
525	  T	  3.6	  0.0	0.000	0.231	0.231
526	  T	  3.8	  0.0	0.000	0.231	0.231
527	  T	 13.7	  0.0	0.000	0.231	0.231
528	  I	 14.3	  0.0	0.000	0.231	0.231
529	  T	 13.4	  0.8	0.000	0.000	0.000
530	  S	  2.3	  1.2	0.000	0.000	0.000
531	  D	  0.1	  1.4	0.000	0.000	0.000
532	  G	  0.0	  1.4	0.000	0.000	0.000
533	  H	  3.1	  0.6	0.000	0.000	0.000
534	  T	 14.0	  0.2	0.000	0.000	0.000
535	  I	 14.5	  0.0	0.000	0.000	0.000
536	  T	 12.0	  0.0	0.000	0.000	0.000
537	  E	  1.3	  0.0	0.000	0.000	0.000
538	  V	  4.4	  0.0	0.000	0.000	0.000
539	  V	  6.1	  0.0	0.000	0.000	0.000
540	  S	  6.5	  0.0	0.000	0.000	0.000
541	  H	  9.0	  0.0	0.000	0.000	0.000
542	  I	  9.9	  0.0	0.000	0.000	0.000
543	  T	 10.4	  0.0	0.000	0.000	0.000
544	  T	  4.7	  0.1	0.000	0.000	0.000
545	  T	  2.2	  0.2	0.000	0.000	0.000
546	  D	  0.8	  9.6	0.000	0.000	0.000
547	  S	  0.4	 10.0	0.000	0.000	0.000
548	  D	  0.0	 10.1	0.000	0.000	0.000
549	  G	  0.0	 10.1	0.000	0.000	0.000
550	  K	  0.6	  0.7	0.000	0.000	0.000
551	  T	  9.0	  0.2	0.000	2.962	2.962
552	  V	 17.1	  0.1	0.000	7.370	7.370
553	  T	 26.0	  0.0	0.000	7.744	7.744
554	  I	 20.8	  0.0	0.000	8.517	8.517
555	  T	 14.0	  0.0	0.092	8.517	8.517
556	  T	  4.7	  0.0	0.219	7.861	7.861
557	  T	  2.3	  0.0	0.324	6.739	6.739
558	  M	  1.2	  0.4	0.324	6.064	6.064
559	  A	  1.1	  0.4	0.324	4.953	4.953
560	  S	  1.3	  0.4	0.324	4.102	4.102
561	  F	  1.7	  0.6	0.324	4.102	4.102
562	  A	  1.2	  0.2	0.105	2.578	2.578
563	  Q	  1.0	  0.2	0.105	1.287	1.287
564	  V	  0.7	  0.2	0.000	1.142	1.142
565	  D	  0.6	  0.5	0.000	0.000	0.000
566	  E	  0.2	  0.5	0.000	0.000	0.000
567	  G	  0.0	  0.5	0.000	0.000	0.000
568	  V	  2.8	  0.5	0.000	0.000	0.000
569	  F	  8.1	  0.0	0.000	0.000	0.000
570	  T	  8.2	  0.0	0.000	0.000	0.000
571	  S	  5.5	  0.0	0.000	0.000	0.000
572	  P	  0.1	  0.0	0.000	0.000	0.000
573	  E	  0.0	  0.0	0.000	0.000	0.000
574	  P	  0.0	  0.0	0.000	0.000	0.000
575	  Y	  2.2	  0.1	0.000	0.000	0.000
576	  S	  2.5	  0.1	0.000	0.000	0.000
577	  Q	  2.6	  0.1	0.000	0.000	0.000
578	  L	  0.5	  0.1	0.000	0.000	0.000
579	  P	  0.1	  0.0	0.000	0.000	0.000
580	  V	  2.6	  0.0	0.000	2.814	2.814
581	  V	  5.0	  0.0	0.000	2.974	2.974
582	  T	  5.6	  0.1	0.000	2.974	2.974
583	  S	  3.5	  0.1	0.000	2.974	2.974
584	  T	 10.8	  0.1	0.000	2.974	2.974
585	  V	 11.3	  0.1	0.000	2.566	2.566
586	  T	 11.0	  0.3	0.000	0.484	0.484
587	  D	  1.3	  6.9	0.000	0.000	0.000
588	  D	  0.0	  7.8	0.000	0.000	0.000
589	  D	  0.0	  8.3	0.000	0.000	0.000
590	  G	  0.0	  8.2	0.000	0.000	0.000
591	  S	  0.1	  1.6	0.000	0.000	0.000
592	  S	  0.6	  0.8	0.000	0.000	0.000
593	  K	  1.3	  0.3	0.000	0.000	0.000
594	  T	  6.1	  0.1	0.000	13.757	13.757
595	  V	 12.3	  0.1	0.000	32.870	32.870
596	  V	 15.3	  0.0	0.000	33.080	33.080
597	  I	 14.1	  0.0	0.000	33.080	33.080
598	  S	  8.9	  0.0	0.000	33.080	33.080
599	  Y	  5.3	  0.0	0.000	30.787	30.787
600	  F	  1.7	  0.4	0.000	9.755	9.755
601	  P	  0.2	  0.6	0.000	7.832	7.832
602	  S	  0.0	  1.3	0.000	0.000	0.000
603	  E	  0.0	  1.6	0.000	0.000	0.000
604	  G	  0.0	  2.6	0.000	0.000	0.000
605	  E	  0.0	  3.0	0.000	0.000	0.000
606	  D	  0.0	  2.3	0.000	0.000	0.000
607	  G	  0.1	  2.0	0.000	0.000	0.000
608	  V	  1.8	  0.6	0.000	0.000	0.000
609	  T	  2.4	  0.2	0.000	0.000	0.000
610	  R	  2.4	  0.3	0.000	0.000	0.000
611	  T	  0.7	  0.6	0.000	0.000	0.000
612	  G	  0.1	  0.6	0.000	0.000	0.000
613	  T	  1.5	  0.4	0.000	0.143	0.143
614	  T	  3.3	  0.4	0.000	0.381	0.381
615	  T	 19.9	  0.0	0.000	0.777	0.777
616	  V	 19.3	  0.1	0.000	0.777	0.777
617	  S	 17.9	  0.0	0.000	0.777	0.777
618	  T	  4.7	  0.0	0.000	0.777	0.777
619	  I	  4.2	  0.0	0.000	0.777	0.777
620	  I	  3.8	  0.0	0.000	0.000	0.000
621	  P	  0.4	  0.0	0.000	0.000	0.000
622	  E	  0.0	  0.0	0.000	0.000	0.000
623	  E	  0.0	  0.6	0.000	0.000	0.000
624	  P	  0.0	  0.6	0.000	0.000	0.000
625	  D	  0.8	  0.6	0.000	0.000	0.000
626	  Y	  2.3	  0.7	0.000	0.525	0.525
627	  T	  3.9	  0.0	0.000	0.525	0.525
628	  T	  4.1	  0.0	0.000	0.525	0.525
629	  T	  6.6	  0.0	0.000	0.525	0.525
630	  I	  5.3	  0.0	0.000	0.525	0.525
631	  D	  4.3	  4.1	0.000	0.000	0.000
632	  K	  0.3	  4.5	0.000	0.000	0.000
633	  D	  0.0	  5.5	0.000	0.000	0.000
634	  N	  0.0	  6.1	0.000	0.000	0.000
635	  G	  0.0	  2.0	0.000	0.000	0.000
636	  D	  1.4	  1.6	0.172	0.000	0.000
637	  F	  1.8	  0.8	0.172	0.000	0.000
638	  E	  1.9	  0.2	0.172	0.000	0.000
639	  T	  0.6	  0.2	0.172	0.000	0.000
640	  D	  0.3	  0.2	0.172	0.000	0.000
641	  L	  0.9	  0.1	0.172	0.000	0.000
642	  V	  2.9	  0.0	0.172	0.000	0.000
643	  S	  3.6	  0.0	0.172	0.000	0.000
644	  H	  9.3	  0.0	0.000	0.000	0.000
645	  I	 10.3	  0.0	0.000	0.000	0.000
646	  T	 11.5	  0.0	0.000	0.000	0.000
647	  T	  5.6	  0.3	0.000	0.000	0.000
648	  K	  2.6	  0.3	0.000	0.000	0.000
649	  D	  0.4	  9.2	0.000	0.000	0.000
650	  S	  0.0	 12.4	0.000	0.000	0.000
651	  N	  0.0	 12.1	0.000	0.000	0.000
652	  G	  0.0	 12.0	0.000	0.000	0.000
653	  K	  0.0	  3.3	0.000	0.000	0.000
654	  P	  0.0	  0.2	0.000	0.000	0.000
655	  T	  1.0	  0.2	0.000	1.213	1.213
656	  T	  5.8	  0.2	0.000	3.208	3.208
657	  I	  9.7	  0.0	0.000	3.433	3.433
658	  V	 10.4	  0.0	0.000	3.433	3.433
659	  T	  7.5	  0.0	0.000	3.433	3.433
660	  T	  3.9	  0.0	0.000	2.676	2.676
661	  I	  2.3	  0.0	0.000	0.360	0.360
662	  P	  0.5	  0.0	0.000	0.000	0.000
663	  L	  0.1	  0.0	0.000	0.000	0.000
664	  K	  0.1	  0.5	0.000	0.000	0.000
665	  P	  0.1	  1.6	0.000	0.000	0.000
666	  S	  0.0	  1.9	0.000	0.000	0.000
667	  D	  0.0	  3.1	0.000	0.000	0.000
668	  G	  0.0	  2.7	0.000	0.000	0.000
669	  G	  0.0	  1.6	0.000	0.000	0.000
670	  E	  0.1	  1.6	0.000	0.000	0.000
671	  A	  0.2	  0.4	0.000	0.000	0.000
672	  D	  0.9	  0.3	0.000	0.000	0.000
673	  Y	  3.6	  0.3	0.000	6.722	6.722
674	  T	  4.3	  0.1	0.000	8.332	8.332
675	  S	  4.4	  0.1	0.000	9.038	9.038
676	  V	  7.3	  0.1	0.000	9.038	9.038
677	  F	  8.0	  0.0	0.000	9.038	9.038
678	  V	  7.3	  0.4	0.000	8.041	8.041
679	  S	  1.8	  0.8	0.000	1.522	1.522
680	  D	  0.2	  1.0	0.000	0.000	0.000
681	  G	  0.0	  1.0	0.000	0.000	0.000
682	  H	  3.0	  0.6	0.000	0.000	0.000
683	  T	 13.8	  0.2	0.000	0.000	0.000
684	  I	 15.7	  0.0	0.000	0.000	0.000
685	  T	 13.6	  0.0	0.000	0.000	0.000
686	  K	  3.9	  0.0	0.000	0.000	0.000
687	  I	  5.4	  0.0	0.000	1.367	1.367
688	  V	  8.8	  0.0	0.000	1.367	1.367
689	  T	  9.2	  0.0	0.000	1.367	1.367
690	  H	  7.1	  0.0	0.000	1.367	1.367
691	  V	  4.6	  0.0	0.000	1.367	1.367
692	  T	  4.5	  0.0	0.000	1.085	1.085
693	  T	  3.6	  0.1	0.000	0.915	0.915
694	  T	  2.5	  0.2	0.000	0.343	0.343
695	  D	  0.9	  0.6	0.000	0.000	0.000
696	  S	  0.7	  0.7	0.000	0.000	0.000
697	  L	  0.2	  0.8	0.000	0.250	0.250
698	  G	  0.2	  0.7	0.000	0.353	0.353
699	  H	  2.3	  0.4	0.000	1.734	1.734
700	  T	  7.5	  0.2	0.000	20.707	20.707
701	  V	 14.6	  0.0	0.000	49.444	49.444
702	  V	 14.8	  0.0	0.000	51.924	51.924
703	  L	 10.1	  0.1	0.000	52.083	52.083
704	  S	  3.1	  0.2	0.000	51.926	51.926
705	  S	  1.1	  0.2	0.000	50.450	50.450
706	  T	  3.7	  0.2	0.000	51.644	51.644
707	  Y	  3.8	  0.1	0.000	51.295	51.295
708	  L	  6.8	  0.0	0.000	50.028	50.028
709	  T	 10.6	  0.1	0.000	42.510	42.510
710	  Y	 10.4	  0.1	0.000	40.216	40.216
711	  D	  7.0	  0.1	0.000	0.000	0.000
712	  R	  5.1	  0.2	0.000	0.000	0.000
713	  V	  5.2	  0.4	0.000	0.000	0.000
714	  D	  5.1	  1.1	0.000	0.000	0.000
715	  D	  0.3	  1.1	0.000	0.000	0.000
716	  G	  0.0	  1.0	0.000	0.455	0.455
717	  A	  0.5	  0.7	0.000	0.455	0.455
718	  V	  2.5	  0.0	0.000	0.455	0.455
719	  F	  6.0	  0.0	0.000	0.455	0.455
720	  Y	  5.8	  0.0	0.000	0.455	0.455
721	  S	  3.9	  1.8	0.000	0.000	0.000
722	  P	  0.3	  1.8	0.000	0.000	0.000
723	  S	  9.0	  1.9	0.000	0.000	0.000
724	  V	 17.1	  1.9	0.000	0.000	0.000
725	  S	 25.5	  0.2	0.000	0.000	0.000
726	  V	 18.3	  0.3	0.000	0.000	0.000
727	  S	 10.8	  1.2	0.000	0.000	0.000
728	  S	  1.1	  1.2	0.000	0.000	0.000
729	  N	  1.3	  1.3	0.000	0.000	0.000
730	  V	  2.0	  1.3	0.000	0.000	0.000
731	  S	  3.4	  0.7	0.000	0.000	0.000
732	  R	  3.0	  0.7	0.000	0.000	0.000
733	  S	  6.3	  0.8	0.000	0.000	0.000
734	  V	  5.6	  0.8	0.000	0.000	0.000
735	  D	  5.0	  0.5	0.000	0.000	0.000
736	  T	  1.4	  0.5	0.000	0.000	0.000
737	  S	  1.2	  0.2	0.000	0.000	0.000
738	  M	  1.2	  0.2	0.000	0.000	0.000
739	  V	  0.7	  0.4	0.000	0.000	0.000
740	  P	  0.1	  0.5	0.000	0.000	0.000
741	  T	  0.0	  0.7	0.000	0.000	0.000
742	  G	  0.0	  1.5	0.000	0.000	0.000
743	  G	  0.0	  1.3	0.000	0.000	0.000
744	  S	  0.0	  1.2	0.000	0.000	0.000
745	  G	  0.1	  1.1	0.000	0.000	0.000
746	  V	  1.4	  0.5	0.000	0.000	0.000
747	  S	  1.4	  0.2	0.000	0.000	0.000
748	  S	  1.4	  0.4	0.000	0.000	0.000
749	  G	  0.1	  1.0	0.000	0.000	0.000
750	  P	  0.0	  1.3	0.000	0.000	0.000
751	  S	  0.1	  1.3	0.000	0.000	0.000
752	  S	  0.1	  1.3	0.000	0.000	0.000
753	  G	  0.1	  1.3	0.000	0.000	0.000
754	  P	  0.0	  1.0	0.000	0.000	0.000
755	  S	  0.2	  1.0	0.000	0.000	0.000
756	  S	  0.3	  0.8	0.000	0.000	0.000
757	  A	  0.3	  0.6	0.000	0.000	0.000
758	  P	  0.1	  0.6	0.000	0.000	0.000
759	  S	  0.2	  0.6	0.000	0.000	0.000
760	  S	  0.3	  0.6	0.000	0.000	0.000
761	  A	  0.3	  0.3	0.000	0.000	0.000
762	  P	  0.1	  0.3	0.000	0.000	0.000
763	  R	  0.7	  0.3	0.000	0.000	0.000
764	  S	  6.1	  0.4	0.000	0.000	0.000
765	  I	  6.7	  0.3	0.000	0.000	0.000
766	  S	  6.7	  0.8	0.000	0.000	0.000
767	  S	  1.5	  0.8	0.000	0.000	0.000
768	  S	  6.1	  0.8	0.000	0.000	0.000
769	  I	  5.9	  0.8	0.000	0.000	0.000
770	  S	  6.6	  1.2	0.000	0.000	0.000
771	  S	  1.5	  2.8	0.000	0.000	0.000
772	  S	  1.0	  2.8	0.000	0.000	0.000
773	  N	  0.5	  2.8	0.000	0.000	0.000
774	  S	  0.5	  1.8	0.000	0.000	0.000
775	  R	  0.4	  0.6	0.000	0.000	0.000
776	  P	  0.0	  0.6	0.000	0.000	0.000
777	  S	  0.1	  0.6	0.000	0.000	0.000
778	  S	  0.1	  0.6	0.000	0.000	0.000
779	  N	  0.1	  2.1	0.000	0.000	0.000
780	  P	  0.0	  2.1	0.000	0.000	0.000
781	  T	  0.1	  3.0	0.000	0.000	0.000
782	  G	  0.1	  3.3	0.000	0.000	0.000
783	  S	  0.2	  1.7	0.000	0.000	0.000
784	  N	  0.2	  2.6	0.000	0.000	0.000
785	  S	  1.0	  2.6	0.000	0.000	0.000
786	  S	  1.2	  2.3	0.000	0.000	0.000
787	  S	  1.2	  2.1	0.000	0.000	0.000
788	  K	  0.4	  1.3	0.000	0.000	0.000
789	  P	  0.1	  0.5	0.000	0.000	0.000
790	  S	  0.1	  0.5	0.000	0.000	0.000
791	  S	  0.1	  0.5	0.000	0.000	0.000
792	  N	  0.1	  2.6	0.000	0.000	0.000
793	  P	  0.0	  2.5	0.000	0.000	0.000
794	  G	  0.0	  3.1	0.000	0.000	0.000
795	  G	  0.0	  4.2	0.000	0.000	0.000
796	  S	  0.0	  2.3	0.000	0.000	0.000
797	  N	  0.0	  4.5	0.000	0.000	0.000
798	  G	  0.0	  3.8	0.000	0.000	0.000
799	  N	  0.2	  4.7	0.000	0.000	0.000
800	  T	  0.2	  4.5	0.000	0.000	0.000
801	  N	  0.2	  2.3	0.000	0.000	0.000
802	  G	  0.0	  3.0	0.000	0.000	0.000
803	  G	  0.0	  1.3	0.000	0.000	0.000
804	  S	  0.1	  1.8	0.000	0.000	0.000
805	  N	  0.1	  2.4	0.000	0.000	0.000
806	  S	  0.3	  3.4	0.000	0.000	0.000
807	  G	  0.3	  3.4	0.000	0.000	0.000
808	  S	  0.3	  3.4	0.000	0.000	0.000
809	  N	  0.1	  3.0	0.000	0.000	0.000
810	  S	  0.2	  2.0	0.000	0.000	0.000
811	  G	  0.1	  1.7	0.000	0.000	0.000
812	  T	  0.9	  1.1	0.000	0.000	0.000
813	  N	  0.8	  1.5	0.000	0.000	0.000
814	  S	  1.0	  2.5	0.000	0.000	0.000
815	  G	  0.3	  2.8	0.000	0.000	0.000
816	  S	  0.3	  3.4	0.000	0.000	0.000
817	  N	  0.1	  3.4	0.000	0.000	0.000
818	  S	  0.3	  3.3	0.000	0.000	0.000
819	  G	  0.2	  3.3	0.000	0.000	0.000
820	  S	  0.3	  2.8	0.000	0.000	0.000
821	  N	  0.1	  2.2	0.000	0.000	0.000
822	  S	  3.0	  1.9	0.000	0.000	0.000
823	  A	  2.9	  1.9	0.000	0.000	0.000
824	  S	  3.0	  2.3	0.000	0.000	0.000
825	  N	  0.1	  3.0	0.000	0.000	0.000
826	  S	  0.3	  3.2	0.000	0.000	0.000
827	  G	  0.3	  3.3	0.000	0.000	0.000
828	  S	  0.3	  3.4	0.000	0.000	0.000
829	  N	  0.1	  3.0	0.000	0.000	0.000
830	  S	  0.2	  1.6	0.000	0.000	0.000
831	  G	  0.1	  1.3	0.000	0.000	0.000
832	  T	  0.3	  0.6	0.000	0.000	0.000
833	  K	  0.2	  1.9	0.000	0.000	0.000
834	  P	  0.2	  2.3	0.000	0.000	0.000
835	  G	  0.0	  2.6	0.000	0.000	0.000
836	  S	  0.1	  3.3	0.000	0.000	0.000
837	  N	  0.1	  2.3	0.000	0.000	0.000
838	  S	  0.3	  3.3	0.000	0.000	0.000
839	  G	  0.3	  3.3	0.000	0.000	0.000
840	  S	  0.3	  3.3	0.000	0.000	0.000
841	  N	  0.1	  3.3	0.000	0.000	0.000
842	  S	  0.3	  3.3	0.000	0.000	0.000
843	  G	  0.3	  3.3	0.000	0.000	0.000
844	  S	  0.3	  3.3	0.000	0.000	0.000
845	  N	  0.1	  3.3	0.000	0.000	0.000
846	  S	  0.3	  3.4	0.000	0.000	0.000
847	  G	  0.3	  3.4	0.000	0.000	0.000
848	  S	  0.3	  2.7	0.000	0.000	0.000
849	  N	  0.0	  3.1	0.000	0.000	0.000
850	  A	  0.0	  2.2	0.000	0.000	0.000
851	  G	  0.0	  2.3	0.000	0.000	0.000
852	  S	  0.0	  2.3	0.000	0.000	0.000
853	  N	  0.0	  2.3	0.000	0.000	0.000
854	  A	  0.0	  2.3	0.000	0.000	0.000
855	  G	  0.0	  2.3	0.000	0.000	0.000
856	  S	  0.0	  2.3	0.000	0.000	0.000
857	  N	  0.0	  2.3	0.000	0.000	0.000
858	  A	  0.0	  2.3	0.000	0.000	0.000
859	  G	  0.0	  2.3	0.000	0.000	0.000
860	  S	  0.0	  2.3	0.000	0.000	0.000
861	  N	  0.0	  2.3	0.000	0.000	0.000
862	  A	  0.0	  2.3	0.000	0.000	0.000
863	  G	  0.0	  2.3	0.000	0.000	0.000
864	  S	  0.0	  2.3	0.000	0.000	0.000
865	  N	  0.0	  2.3	0.000	0.000	0.000
866	  A	  0.0	  2.3	0.000	0.000	0.000
867	  G	  0.0	  2.3	0.000	0.000	0.000
868	  S	  0.0	  2.3	0.000	0.000	0.000
869	  N	  0.0	  2.3	0.000	0.000	0.000
870	  A	  0.0	  2.3	0.000	0.000	0.000
871	  G	  0.0	  2.2	0.000	0.000	0.000
872	  S	  0.1	  2.9	0.000	0.000	0.000
873	  N	  0.1	  2.1	0.000	0.000	0.000
874	  S	  0.2	  1.6	0.000	0.000	0.000
875	  G	  0.1	  1.3	0.000	0.000	0.000
876	  T	  0.3	  0.6	0.000	0.000	0.000
877	  K	  0.2	  1.9	0.000	0.000	0.000
878	  P	  0.2	  2.3	0.000	0.000	0.000
879	  G	  0.0	  2.6	0.000	0.000	0.000
880	  S	  0.1	  3.3	0.000	0.000	0.000
881	  N	  0.1	  2.3	0.000	0.000	0.000
882	  S	  0.3	  3.3	0.000	0.000	0.000
883	  G	  0.3	  3.3	0.000	0.000	0.000
884	  S	  0.3	  3.3	0.000	0.000	0.000
885	  N	  0.1	  3.3	0.000	0.000	0.000
886	  S	  0.3	  3.4	0.000	0.000	0.000
887	  G	  0.3	  3.4	0.000	0.000	0.000
888	  S	  0.3	  2.7	0.000	0.000	0.000
889	  N	  0.0	  3.1	0.000	0.000	0.000
890	  A	  0.0	  2.2	0.000	0.000	0.000
891	  G	  0.0	  2.2	0.000	0.000	0.000
892	  S	  0.1	  2.9	0.000	0.000	0.000
893	  N	  0.1	  2.5	0.000	0.000	0.000
894	  S	  0.3	  3.4	0.000	0.000	0.000
895	  G	  0.3	  3.4	0.000	0.000	0.000
896	  S	  0.3	  3.4	0.000	0.000	0.000
897	  N	  0.1	  3.0	0.000	0.000	0.000
898	  S	  0.2	  2.0	0.000	0.000	0.000
899	  G	  0.1	  1.7	0.000	0.000	0.000
900	  T	  0.9	  1.1	0.000	0.000	0.000
901	  N	  0.8	  1.1	0.000	0.000	0.000
902	  S	  0.9	  1.1	0.000	0.000	0.000
903	  G	  0.1	  1.1	0.000	0.000	0.000
904	  T	  0.9	  1.1	0.000	0.000	0.000
905	  N	  0.8	  1.5	0.000	0.000	0.000
906	  S	  1.0	  2.5	0.000	0.000	0.000
907	  G	  0.3	  2.8	0.000	0.000	0.000
908	  S	  0.3	  3.4	0.000	0.000	0.000
909	  N	  0.1	  3.4	0.000	0.000	0.000
910	  S	  0.3	  3.3	0.000	0.000	0.000
911	  G	  0.3	  3.3	0.000	0.000	0.000
912	  S	  0.3	  3.3	0.000	0.000	0.000
913	  N	  0.1	  3.3	0.000	0.000	0.000
914	  S	  0.3	  3.4	0.000	0.000	0.000
915	  G	  0.3	  3.4	0.000	0.000	0.000
916	  S	  0.3	  2.7	0.000	0.000	0.000
917	  N	  0.0	  3.1	0.000	0.000	0.000
918	  A	  0.0	  2.2	0.000	0.000	0.000
919	  G	  0.0	  2.2	0.000	0.000	0.000
920	  S	  0.0	  2.2	0.000	0.000	0.000
921	  N	  0.0	  2.2	0.000	0.000	0.000
922	  A	  0.0	  2.2	0.000	0.000	0.000
923	  G	  0.0	  2.2	0.000	0.000	0.000
924	  S	  0.1	  2.9	0.000	0.000	0.000
925	  N	  0.1	  2.5	0.000	0.000	0.000
926	  S	  0.3	  3.4	0.000	0.000	0.000
927	  G	  0.3	  3.4	0.000	0.000	0.000
928	  S	  0.3	  3.4	0.000	0.000	0.000
929	  N	  0.1	  3.0	0.000	0.000	0.000
930	  S	  0.2	  2.0	0.000	0.000	0.000
931	  G	  0.1	  1.7	0.000	0.000	0.000
932	  T	  0.9	  1.1	0.000	0.000	0.000
933	  N	  0.8	  1.1	0.000	0.000	0.000
934	  S	  0.9	  1.1	0.000	0.000	0.000
935	  G	  0.1	  1.1	0.000	0.000	0.000
936	  T	  0.9	  1.1	0.000	0.000	0.000
937	  N	  0.8	  1.5	0.000	0.000	0.000
938	  S	  1.0	  2.6	0.000	0.000	0.000
939	  G	  0.3	  2.9	0.000	0.000	0.000
940	  S	  0.3	  2.8	0.000	0.000	0.000
941	  N	  0.0	  3.2	0.000	0.000	0.000
942	  A	  0.0	  2.3	0.000	0.000	0.000
943	  G	  0.0	  2.3	0.000	0.000	0.000
944	  S	  0.0	  2.3	0.000	0.000	0.000
945	  N	  0.0	  2.2	0.000	0.000	0.000
946	  A	  0.0	  2.2	0.000	0.000	0.000
947	  G	  0.0	  2.2	0.000	0.000	0.000
948	  S	  0.1	  2.9	0.000	0.000	0.000
949	  N	  0.1	  2.5	0.000	0.000	0.000
950	  S	  0.3	  3.4	0.000	0.000	0.000
951	  G	  0.3	  3.4	0.000	0.000	0.000
952	  S	  0.3	  3.4	0.000	0.000	0.000
953	  N	  0.1	  3.0	0.000	0.000	0.000
954	  S	  0.2	  2.0	0.000	0.000	0.000
955	  G	  0.1	  1.7	0.000	0.000	0.000
956	  T	  0.9	  1.1	0.000	0.000	0.000
957	  N	  0.8	  1.1	0.000	0.000	0.000
958	  S	  0.9	  1.1	0.000	0.000	0.000
959	  G	  0.1	  1.1	0.000	0.000	0.000
960	  T	  0.9	  1.1	0.000	0.000	0.000
961	  N	  0.8	  1.5	0.000	0.000	0.000
962	  S	  1.0	  2.6	0.000	0.000	0.000
963	  G	  0.3	  2.9	0.000	0.000	0.000
964	  S	  0.3	  2.8	0.000	0.000	0.000
965	  N	  0.0	  3.2	0.000	0.000	0.000
966	  A	  0.0	  2.2	0.000	0.000	0.000
967	  G	  0.0	  2.2	0.000	0.000	0.000
968	  S	  0.1	  2.9	0.000	0.000	0.000
969	  N	  0.1	  2.5	0.000	0.000	0.000
970	  S	  0.3	  3.4	0.000	0.000	0.000
971	  G	  0.3	  3.3	0.000	0.000	0.000
972	  S	  0.3	  3.3	0.000	0.000	0.000
973	  N	  0.1	  3.3	0.000	0.000	0.000
974	  S	  0.3	  3.3	0.000	0.000	0.000
975	  G	  0.3	  3.3	0.000	0.000	0.000
976	  S	  0.3	  3.3	0.000	0.000	0.000
977	  N	  0.1	  3.3	0.000	0.000	0.000
978	  S	  0.3	  3.3	0.000	0.000	0.000
979	  G	  0.3	  3.3	0.000	0.000	0.000
980	  S	  0.3	  3.3	0.000	0.000	0.000
981	  N	  0.1	  3.3	0.000	0.000	0.000
982	  S	  0.3	  3.3	0.000	0.000	0.000
983	  G	  0.2	  3.3	0.000	0.000	0.000
984	  S	  0.3	  2.8	0.000	0.000	0.000
985	  N	  0.1	  2.2	0.000	0.000	0.000
986	  S	  3.1	  1.8	0.138	0.000	0.000
987	  A	  3.1	  1.5	0.138	0.000	0.000
988	  S	  3.3	  1.3	0.261	0.000	0.000
989	  A	  0.9	  1.2	0.261	0.000	0.000
990	  V	  1.5	  0.1	0.261	0.000	0.000
991	  R	  1.2	  0.3	0.261	0.000	0.000
992	  G	  0.7	  1.1	0.123	0.000	0.000
993	  G	  0.0	  1.6	0.123	0.000	0.000
994	  S	  0.3	  3.4	0.000	0.000	0.000
995	  G	  0.3	  3.4	0.000	0.000	0.000
996	  S	  0.3	  2.8	0.000	0.000	0.000
997	  G	  0.0	  2.4	0.206	0.000	0.000
998	  A	  0.1	  0.4	0.206	0.476	0.476
999	  A	  0.6	  0.2	0.206	1.040	1.040
1000	  T	 16.7	  0.0	0.206	1.040	1.040
1001	  V	 24.3	  0.0	0.206	1.186	1.186
1002	  S	 31.7	  0.1	0.206	1.186	1.186
1003	  V	 18.3	  0.1	0.000	1.186	1.186
1004	  S	 10.8	  0.8	0.000	0.147	0.147
1005	  S	  1.8	  0.8	0.000	0.147	0.147
1006	  S	  1.6	  0.7	0.000	0.663	0.663
1007	  Y	  1.4	  0.8	0.000	5.108	5.108
1008	  I	  1.2	  0.4	0.000	6.269	6.269
1009	  G	  0.5	  0.4	0.000	6.269	6.269
1010	  S	  0.9	  0.4	0.000	6.269	6.269
1011	  V	  3.9	  0.2	0.000	6.269	6.269
1012	  F	  4.8	  0.8	0.000	5.950	5.950
1013	  H	  4.0	  0.9	0.000	0.000	0.000
1014	  G	  1.0	  1.0	0.370	0.000	0.000
1015	  E	  0.1	  1.0	0.370	0.000	0.000
1016	  A	  0.1	  0.2	0.370	0.000	0.000
1017	  A	  0.2	  0.3	0.370	0.000	0.000
1018	  Q	  0.2	  0.5	0.370	0.000	0.000
1019	  S	  0.1	  1.0	0.370	0.030	0.030
1020	  G	  0.0	  1.5	0.112	0.278	0.278
1021	  A	  0.1	  1.2	0.000	3.054	3.054
1022	  N	  0.7	  1.0	0.000	6.328	6.328
1023	  F	  2.3	  0.5	0.000	87.249	87.249
1024	  V	  6.2	  0.0	0.000	93.490	93.490
1025	  S	  6.1	  0.0	0.223	93.994	93.994
1026	  F	  5.5	  0.0	0.223	97.957	97.957
1027	  A	  1.7	  0.0	0.223	98.250	98.250
1028	  I	  2.2	  0.0	0.223	98.456	98.456
1029	  A	  1.4	  0.0	0.223	96.615	96.615
1030	  G	  1.2	  0.0	0.373	95.055	95.055
1031	  L	  2.2	  0.0	0.264	95.199	95.199
1032	  V	  3.4	  0.0	0.151	94.336	94.336
1033	  M	  3.7	  0.1	0.151	83.850	83.850
1034	  A	  1.9	  0.1	0.151	70.984	70.984
1035	  L	  0.6	  0.1	0.151	66.382	66.382
1036	  F	  0.3	  0.1	0.151	0.027	0.027
