res	aa	Beta	Turn	Helix	Aggregation	Conc-Stab_Aggregation
01	  M	  0.0	  0.0	0.000	0.000	0.000
02	  P	  0.0	  0.0	0.000	0.000	0.000
03	  L	  0.1	  0.2	0.000	0.000	0.000
04	  I	  0.1	  0.9	0.000	0.000	0.000
05	  G	  0.2	  0.9	0.562	0.000	0.000
06	  K	  0.3	  0.9	0.562	0.000	0.000
07	  Y	  1.4	  0.8	0.562	60.052	60.052
08	  F	  4.4	  0.0	0.687	83.535	83.535
09	  H	  5.5	  0.0	2.003	87.701	87.701
10	  F	  5.1	  0.0	2.341	98.934	98.934
11	  L	  3.3	  0.0	2.709	99.802	99.802
12	  I	  3.4	  0.0	3.007	99.965	99.965
13	  L	  3.7	  0.0	3.007	99.979	99.979
14	  C	  3.6	  0.0	5.279	99.980	99.980
15	  L	  2.4	  0.0	5.279	99.987	99.987
16	  L	  2.9	  0.0	5.279	99.964	99.964
17	  S	  2.2	  0.0	8.153	99.820	99.820
18	  L	  1.9	  0.0	6.567	99.805	99.805
19	  I	  0.6	  0.0	6.465	99.701	99.701
20	  G	  0.3	  0.0	7.365	98.504	98.504
21	  L	  2.0	  0.0	5.328	98.396	98.396
22	  V	  2.9	  0.0	4.972	97.776	97.776
23	  L	  3.0	  0.0	4.972	90.258	90.258
24	  A	  1.1	  0.0	4.972	46.973	46.973
25	  A	  0.1	  0.0	4.563	10.284	10.284
26	  N	  0.0	  0.0	2.829	0.002	0.002
27	  P	  0.0	  0.0	0.000	0.001	0.001
28	  V	  0.0	  0.0	0.000	0.000	0.000
29	  P	  0.0	  0.0	0.000	0.000	0.000
30	  L	  0.3	  0.0	0.000	0.000	0.000
31	  T	  0.9	  0.0	0.000	0.000	0.000
32	  N	  0.9	  0.0	0.000	0.000	0.000
33	  V	  0.7	  0.0	0.000	0.000	0.000
34	  C	  0.0	  0.0	0.000	0.000	0.000
35	  Y	  0.0	  0.0	0.000	0.000	0.000
36	  F	  0.0	  0.0	-1.#IO	0.000	0.000
37	  P	  0.0	  0.0	-1.#IO	0.000	0.000
38	  E	  0.0	  0.0	-1.#IO	0.000	0.000
39	  E	  0.0	  0.0	-1.#IO	0.000	0.000
40	  Y	  0.0	  0.0	-1.#IO	0.000	0.000
41	  P	  0.0	  0.0	-1.#IO	0.000	0.000
42	  R	  0.0	  0.0	-1.#IO	0.000	0.000
43	  Q	  0.0	  0.0	-1.#IO	0.000	0.000
44	  A	  0.0	  0.0	-1.#IO	0.000	0.000
45	  G	  0.0	  0.0	-1.#IO	0.000	0.000
46	  F	  0.0	  0.0	-1.#IO	0.000	0.000
47	  R	  0.0	  0.0	-1.#IO	0.000	0.000
48	  A	  0.0	  0.0	-1.#IO	0.000	0.000
49	  I	  0.0	  0.0	0.000	0.000	0.000
50	  T	  0.0	  0.0	0.000	0.000	0.000
51	  A	  0.0	  0.0	0.000	0.112	0.112
52	  G	  0.1	  0.0	0.000	0.245	0.245
53	  L	  0.2	  0.0	0.000	1.975	1.975
54	  A	  0.3	  0.1	0.000	2.231	2.231
55	  S	  0.7	  0.1	0.000	2.231	2.231
56	  T	  3.3	  0.1	0.000	2.231	2.231
57	  I	  4.5	  0.1	0.000	2.231	2.231
58	  L	  4.1	  0.3	0.000	1.975	1.975
59	  Q	  1.4	  0.4	0.000	0.000	0.000
60	  G	  0.1	  0.4	0.000	0.000	0.000
61	  S	  4.2	  0.7	0.630	0.000	0.000
62	  V	  4.3	  0.4	0.630	0.000	0.000
63	  D	  4.3	  0.4	1.380	0.000	0.000
64	  E	  0.2	  0.4	1.380	0.000	0.000
65	  L	  0.4	  0.3	1.380	0.000	0.000
66	  L	  2.2	  0.3	1.380	0.000	0.000
67	  N	  3.2	  1.1	1.380	0.000	0.000
68	  Y	  4.1	  1.4	1.147	0.000	0.000
69	  S	  2.4	  1.3	0.000	0.000	0.000
70	  G	  1.3	  1.3	0.000	0.000	0.000
71	  L	  0.3	  0.5	0.000	0.000	0.000
72	  S	  0.4	  0.3	0.201	0.000	0.000
73	  S	  1.9	  0.1	0.410	0.000	0.000
74	  L	  1.9	  0.2	0.410	0.000	0.000
75	  T	  4.2	  0.1	0.410	0.000	0.000
76	  T	  4.1	  0.1	0.410	0.000	0.000
77	  Q	  3.9	  0.1	0.410	0.000	0.000
78	  Q	  1.8	  0.1	0.209	0.000	0.000
79	  T	  1.9	  0.1	0.000	0.000	0.000
80	  T	  3.4	  0.1	0.000	0.000	0.000
81	  T	  6.0	  0.0	0.000	0.000	0.000
82	  T	  4.6	  0.0	0.000	0.000	0.000
83	  T	  3.0	  1.0	0.000	0.000	0.000
84	  P	  0.1	  1.0	0.000	0.000	0.000
85	  N	  1.0	  1.0	0.000	0.000	0.000
86	  F	  7.6	  1.0	0.000	0.000	0.000
87	  Q	  7.7	  0.0	0.000	0.000	0.000
88	  L	  6.8	  0.2	0.000	0.000	0.000
89	  P	  0.1	  0.2	0.000	0.000	0.000
90	  T	  0.2	  0.2	0.000	0.000	0.000
91	  L	  0.3	  0.2	0.000	0.000	0.000
92	  P	  0.3	  0.0	0.000	0.000	0.000
93	  L	  0.0	  0.3	0.000	0.000	0.000
94	  P	  0.0	  0.3	0.000	0.000	0.000
95	  T	  0.7	  0.3	0.000	0.185	0.185
96	  N	  4.7	  0.3	0.000	0.492	0.492
97	  V	  5.5	  0.1	0.000	8.970	8.970
98	  Y	  5.0	  0.2	0.000	9.597	9.597
99	  G	  1.1	  0.2	0.000	9.597	9.597
100	  L	  3.2	  0.2	0.000	9.615	9.615
101	  T	 10.9	  0.2	0.000	9.615	9.615
102	  V	 11.2	  0.0	0.000	8.899	8.899
103	  V	  8.3	  0.1	1.470	0.186	0.186
104	  P	  0.5	  0.1	7.112	1.139	1.139
105	  L	  0.6	  0.1	7.213	82.235	82.235
106	  Y	  1.2	  0.1	7.213	85.794	85.794
107	  L	  2.0	  0.0	7.419	86.653	86.653
108	  L	  1.6	  0.0	7.419	86.674	86.674
109	  V	  5.1	  0.0	7.419	86.613	86.613
110	  Q	  5.2	  0.0	7.419	25.205	25.205
111	  L	  5.0	  0.4	6.657	22.217	22.217
112	  Q	  1.0	  0.4	6.439	4.302	4.302
113	  G	  0.1	  0.4	2.859	3.573	3.573
114	  Y	  2.2	  0.4	1.016	3.519	3.519
115	  F	  2.1	  0.0	0.167	3.295	3.295
116	  V	  2.1	  0.0	0.000	0.222	0.222
117	  P	  0.0	  0.0	0.000	0.000	0.000
118	  P	  0.0	  0.0	0.000	0.000	0.000
119	  V	  0.5	  0.1	0.000	0.000	0.000
120	  S	  0.5	  0.2	0.000	0.000	0.000
121	  G	  0.6	  0.2	0.000	0.000	0.000
122	  Q	  2.1	  0.2	0.000	0.000	0.000
123	  Y	 12.4	  0.1	0.000	0.515	0.515
124	  T	 39.4	  0.0	0.000	0.515	0.515
125	  F	 39.3	  0.0	0.000	0.515	0.515
126	  S	 31.2	  0.0	0.000	0.515	0.515
127	  L	  3.8	  0.1	0.000	0.515	0.515
128	  E	  0.8	  0.1	0.000	0.000	0.000
129	  N	  0.3	  0.9	0.000	0.000	0.000
130	  T	  0.3	  1.0	0.000	0.000	0.000
131	  N	  0.2	  0.9	0.344	0.000	0.000
132	  D	  0.1	  0.9	0.867	0.000	0.000
133	  A	  0.2	  0.1	0.867	38.879	38.879
134	  A	  0.8	  0.0	0.867	81.703	81.703
135	  I	  3.0	  0.0	0.867	91.604	91.604
136	  I	  3.8	  0.0	0.867	91.604	91.604
137	  F	  4.0	  0.0	0.867	91.604	91.604
138	  F	  2.0	  0.0	0.352	89.022	89.022
139	  G	  1.0	  0.0	0.000	16.438	16.438
140	  N	  0.1	  4.4	0.000	0.000	0.000
141	  P	  0.0	  4.4	0.000	0.000	0.000
142	  S	  0.4	  4.4	0.000	0.000	0.000
143	  A	  0.4	  4.4	0.000	0.000	0.000
144	  F	  0.4	  0.4	0.000	0.000	0.000
145	  P	  0.1	  0.4	0.000	0.000	0.000
146	  C	  0.1	  1.3	0.000	0.000	0.000
147	  G	  0.0	  1.3	0.136	0.000	0.000
148	  D	  0.2	  1.7	0.136	0.000	0.000
149	  L	  0.8	  1.7	0.136	0.000	0.000
150	  S	  1.1	  0.8	0.136	0.000	0.000
151	  A	  1.0	  0.8	0.136	0.000	0.000
152	  W	  0.4	  0.2	0.136	0.000	0.000
153	  P	  0.0	  0.3	0.000	0.000	0.000
154	  Q	  0.2	  0.4	0.000	0.000	0.000
155	  A	  0.3	  0.4	0.000	0.000	0.000
156	  S	  0.6	  2.6	0.000	0.000	0.000
157	  A	  0.5	  2.7	0.000	0.000	0.000
158	  D	  0.3	  2.6	0.000	0.000	0.000
159	  D	  1.1	  2.6	0.000	0.000	0.000
160	  I	 17.9	  0.1	0.000	0.000	0.000
161	  T	 26.7	  0.0	0.000	0.000	0.000
162	  V	 26.8	  0.1	0.000	0.000	0.000
163	  T	 11.2	  0.2	0.000	0.000	0.000
164	  D	  1.2	  0.3	0.000	0.000	0.000
165	  G	  0.1	  0.3	0.000	0.000	0.000
166	  T	  0.9	  0.2	0.000	0.000	0.000
167	  F	  1.0	  0.5	0.000	0.000	0.000
168	  P	  0.9	  0.5	0.000	0.000	0.000
169	  S	  0.3	  0.6	0.309	0.000	0.000
170	  R	  0.5	  0.6	0.309	0.000	0.000
171	  T	  1.6	  0.2	0.482	0.000	0.000
172	  L	  2.1	  0.1	0.482	0.000	0.000
173	  F	  2.6	  0.0	0.482	0.000	0.000
174	  L	  1.8	  0.1	0.482	0.000	0.000
175	  K	  1.1	  0.3	0.482	0.000	0.000
176	  A	  0.4	  0.3	0.309	0.000	0.000
177	  G	  0.3	  0.3	0.309	0.000	0.000
178	  V	  3.0	  0.2	0.000	0.000	0.000
179	  A	  3.0	  0.0	0.000	0.000	0.000
180	  Y	  2.8	  0.0	0.000	0.000	0.000
181	  P	  0.0	  0.0	0.000	0.000	0.000
182	  M	  4.7	  0.0	0.000	0.000	0.000
183	  R	  6.8	  0.0	0.000	0.000	0.000
184	  I	 10.6	  0.0	0.000	0.000	0.000
185	  S	  7.0	  0.0	0.000	0.000	0.000
186	  Y	  6.6	  0.0	0.000	0.000	0.000
187	  Y	  4.0	  0.1	0.000	0.000	0.000
188	  N	  3.0	  0.4	0.000	0.000	0.000
189	  S	  1.4	  0.6	0.000	0.000	0.000
190	  L	  0.2	  1.3	0.000	0.000	0.000
191	  G	  0.2	  1.4	0.000	0.000	0.000
192	  S	  0.1	  3.3	0.000	0.000	0.000
193	  G	  0.1	  3.1	0.000	0.000	0.000
194	  N	  0.1	  2.3	0.000	0.000	0.000
195	  L	  0.3	  2.1	0.000	3.661	3.661
196	  A	  0.8	  0.0	0.000	3.901	3.901
197	  V	  4.6	  0.0	0.000	3.901	3.901
198	  S	 11.5	  0.0	0.000	3.901	3.901
199	  F	 13.8	  0.0	0.000	3.901	3.901
200	  T	 10.2	  0.0	0.000	1.615	1.615
201	  D	  2.9	  2.9	0.000	0.000	0.000
202	  P	  0.0	  3.0	0.000	0.000	0.000
203	  G	  0.0	  3.1	0.000	0.000	0.000
204	  G	  0.0	  3.1	0.000	0.000	0.000
205	  T	  1.2	  0.3	0.000	0.000	0.000
206	  K	  1.7	  0.2	0.000	0.000	0.000
207	  R	  2.1	  0.1	0.000	0.000	0.000
208	  T	  1.4	  0.1	0.000	0.000	0.000
209	  N	  1.5	  2.1	0.000	0.000	0.000
210	  W	  1.1	  4.0	0.000	0.152	0.152
211	  N	  0.7	  4.0	0.000	0.152	0.152
212	  G	  0.1	  4.0	0.199	0.152	0.152
213	  Y	  0.5	  2.0	0.199	0.152	0.152
214	  I	  1.4	  0.0	0.199	0.152	0.152
215	  W	  2.6	  0.0	0.199	0.152	0.152
216	  R	  5.7	  0.0	0.199	0.000	0.000
217	  Y	  5.8	  0.1	0.199	0.000	0.000
218	  N	  5.0	  0.1	0.096	0.000	0.000
219	  S	 19.2	  0.2	0.000	0.000	0.000
220	  C	 18.3	  0.3	0.000	0.000	0.000
221	  S	 18.4	  0.3	0.000	0.000	0.000
222	  T	  4.6	  0.3	0.000	0.000	0.000
223	  C	  6.3	  0.2	0.000	0.000	0.000
224	  T	 33.0	  0.0	0.000	0.000	0.000
225	  Y	 29.2	  0.0	0.000	0.000	0.000
226	  T	 27.3	  0.0	0.000	0.000	0.000
227	  P	  0.0	  0.0	0.000	0.000	0.000
228	  P	  0.0	  0.3	0.000	0.000	0.000
229	  P	  0.0	  0.6	0.000	0.000	0.000
230	  A	  0.0	  0.9	0.000	0.000	0.000
231	  G	  0.1	  0.9	0.000	0.000	0.000
232	  T	  1.1	  0.7	0.000	0.164	0.164
233	  T	  3.7	  0.4	0.000	0.438	0.438
234	  I	  4.7	  0.0	0.000	0.893	0.893
235	  Y	  5.1	  0.4	0.000	0.893	0.893
236	  S	  2.6	  0.8	0.000	0.893	0.893
237	  S	  1.5	  0.8	0.000	0.893	0.893
238	  G	  0.1	  0.8	0.000	0.893	0.893
239	  W	  0.4	  0.4	0.000	0.893	0.893
240	  L	  0.8	  0.1	0.000	0.893	0.893
241	  L	  1.0	  0.1	0.000	0.893	0.893
242	  D	  0.6	  0.3	0.000	0.000	0.000
243	  S	  0.9	  0.3	0.000	0.000	0.000
244	  T	  2.6	  0.2	0.000	0.000	0.000
245	  T	 10.9	  0.2	0.000	0.181	0.181
246	  V	 11.6	  0.0	0.000	0.780	0.780
247	  T	 11.7	  0.0	0.000	0.780	0.780
248	  T	  4.6	  0.0	0.000	0.780	0.780
249	  S	 21.5	  0.2	0.000	0.780	0.780
250	  Y	 21.9	  0.2	0.000	1.250	1.250
251	  S	 21.0	  0.2	0.000	1.131	1.131
252	  L	  3.5	  0.2	0.000	1.451	1.451
253	  Y	  1.6	  0.1	0.000	1.451	1.451
254	  T	  1.4	  0.2	0.000	0.970	0.970
255	  G	  1.3	  0.4	0.000	0.464	0.464
256	  I	  0.9	  1.3	0.000	0.464	0.464
257	  D	  0.9	  1.2	0.000	0.000	0.000
258	  G	  0.7	  1.2	0.000	0.000	0.000
259	  V	  1.2	  1.0	0.000	0.000	0.000
260	  E	  1.3	  0.1	0.000	0.000	0.000
261	  S	  1.8	  0.1	1.029	0.575	0.575
262	  T	 19.2	  0.1	1.143	4.193	4.193
263	  Y	 22.7	  0.0	1.143	4.193	4.193
264	  T	 23.0	  0.0	1.255	4.193	4.193
265	  L	  5.3	  0.0	1.255	4.193	4.193
266	  Y	  3.0	  0.0	1.255	4.067	4.067
267	  K	  2.5	  0.0	0.853	0.000	0.000
268	  V	  2.8	  0.0	0.384	0.000	0.000
269	  G	  0.9	  0.0	0.384	0.000	0.000
270	  V	  0.5	  0.0	0.000	0.000	0.000
271	  P	  0.0	  0.0	0.000	0.000	0.000
272	  T	 18.4	  0.0	0.000	0.000	0.000
273	  I	 19.0	  0.0	0.000	0.000	0.000
274	  T	 19.1	  0.4	0.000	0.000	0.000
275	  P	  0.7	  0.4	0.000	0.000	0.000
276	  S	  0.9	  0.4	0.000	0.000	0.000
277	  L	  3.6	  0.4	0.000	0.000	0.000
278	  E	  3.6	  0.0	0.000	0.000	0.000
279	  V	  2.8	  0.0	0.000	0.000	0.000
280	  P	  0.0	  0.1	0.000	0.000	0.000
281	  P	  0.0	  0.1	0.000	0.000	0.000
282	  L	  0.2	  0.1	0.000	7.267	7.267
283	  T	  2.0	  0.1	0.090	8.380	8.380
284	  T	 11.2	  0.0	0.090	8.820	8.820
285	  V	 16.9	  0.0	0.090	9.259	9.259
286	  T	 19.5	  0.0	0.090	9.259	9.259
287	  L	 12.3	  0.0	0.090	8.402	8.402
288	  S	 13.5	  0.3	0.581	2.671	2.671
289	  Y	  9.1	  0.3	0.492	1.778	1.778
290	  N	  7.4	  0.4	0.492	0.000	0.000
291	  E	  2.4	  0.4	0.492	0.000	0.000
292	  Y	  2.4	  0.2	0.492	0.000	0.000
293	  N	  2.4	  0.3	0.492	0.000	0.000
294	  E	  0.3	  0.3	0.122	0.000	0.000
295	  E	  0.1	  0.3	0.000	0.000	0.000
296	  N	  1.9	  0.3	0.000	0.000	0.000
297	  V	  6.2	  0.1	0.000	6.710	6.710
298	  V	 10.0	  0.0	0.000	6.847	6.847
299	  S	  9.1	  0.0	0.000	6.847	6.847
300	  Y	  7.0	  0.0	0.000	6.847	6.847
301	  Y	  3.8	  0.1	0.000	6.847	6.847
302	  S	  3.4	  0.1	0.000	1.255	1.255
303	  T	  3.0	  0.1	0.000	0.419	0.419
304	  T	  2.7	  0.2	0.000	0.000	0.000
305	  T	  2.1	  0.8	0.000	0.000	0.000
306	  D	  0.5	  1.9	0.000	0.000	0.000
307	  D	  0.1	  1.8	0.000	0.000	0.000
308	  G	  0.0	  1.7	0.000	0.000	0.000
309	  S	  0.0	  1.0	0.223	0.000	0.000
310	  P	  0.0	  0.0	0.223	0.000	0.000
311	  I	  3.1	  0.0	0.223	7.679	7.679
312	  I	  4.1	  0.1	0.223	8.249	8.249
313	  A	  4.2	  0.1	0.223	8.249	8.249
314	  S	  1.7	  0.1	0.223	8.249	8.249
315	  T	  1.4	  0.1	0.000	8.597	8.597
316	  T	  3.9	  0.1	0.000	8.118	8.118
317	  L	  6.7	  0.0	0.000	7.830	7.830
318	  T	 12.4	  0.0	0.153	6.028	6.028
319	  I	 10.8	  0.0	0.153	5.608	5.608
320	  R	  8.1	  0.0	0.153	0.000	0.000
321	  T	  4.0	  0.0	0.153	0.000	0.000
322	  I	  4.0	  0.0	0.153	0.000	0.000
323	  Y	  3.9	  0.1	0.153	0.000	0.000
324	  S	  1.6	  0.1	0.000	0.000	0.000
325	  E	  0.6	  0.1	0.000	0.000	0.000
326	  A	  0.0	  0.1	0.000	0.000	0.000
327	  P	  0.0	  0.0	0.000	0.000	0.000
328	  E	  0.0	  0.0	0.000	0.000	0.000
329	  P	  0.0	  0.0	0.000	0.000	0.000
330	  I	 11.0	  0.0	0.000	5.819	5.819
331	  T	 20.3	  0.0	0.000	5.819	5.819
332	  I	 30.5	  0.0	0.000	5.819	5.819
333	  T	 23.5	  0.0	0.000	5.819	5.819
334	  I	 16.8	  0.0	0.000	5.819	5.819
335	  E	  7.3	  0.0	0.000	0.000	0.000
336	  I	  4.2	  0.0	0.000	0.000	0.000
337	  Q	  1.2	  0.5	0.000	0.000	0.000
338	  P	  0.1	  0.6	0.000	0.000	0.000
339	  G	  0.1	  0.6	0.000	0.000	0.000
340	  L	  0.3	  0.7	0.000	0.000	0.000
341	  T	  0.9	  0.2	0.099	0.000	0.000
342	  N	  3.2	  0.1	0.214	0.000	0.000
343	  Y	  7.8	  0.1	0.214	0.000	0.000
344	  E	  7.4	  0.0	0.214	0.000	0.000
345	  I	  7.0	  0.0	0.214	22.768	22.768
346	  I	  5.8	  0.0	0.214	23.833	23.833
347	  S	  6.4	  0.0	0.214	23.833	23.833
348	  Y	  5.3	  0.0	0.214	24.142	24.142
349	  W	  2.4	  0.0	0.000	24.142	24.142
350	  T	  3.0	  0.0	0.000	13.478	13.478
351	  T	  2.7	  0.1	0.000	6.491	6.491
352	  T	  2.0	  0.1	0.000	2.628	2.628
353	  N	  0.6	 10.2	0.000	0.000	0.000
354	  A	  0.1	 10.6	0.000	0.000	0.000
355	  D	  0.0	 10.6	0.000	0.000	0.000
356	  G	  0.0	 10.6	0.000	0.000	0.000
357	  Q	  0.5	  0.4	0.000	0.000	0.000
358	  F	  1.1	  0.0	0.000	0.600	0.600
359	  I	  4.6	  0.0	0.000	0.600	0.600
360	  T	  6.9	  0.0	0.000	0.600	0.600
361	  T	  6.9	  0.1	0.000	0.600	0.600
362	  S	  4.6	  0.2	0.000	0.600	0.600
363	  T	  2.3	  0.2	0.000	0.226	0.226
364	  S	  1.9	  0.2	0.000	0.000	0.000
365	  T	  3.3	  0.2	0.000	0.000	0.000
366	  T	 45.9	  0.1	0.000	0.000	0.000
367	  Y	 45.5	  0.0	0.000	0.000	0.000
368	  S	 43.5	  0.0	0.000	0.000	0.000
369	  P	  0.0	  0.0	0.000	0.000	0.000
370	  P	  0.0	  0.0	0.000	0.000	0.000
371	  P	  0.0	  0.0	0.000	0.000	0.000
372	  V	  0.1	  0.0	0.000	1.404	1.404
373	  G	  0.1	  0.0	0.000	1.404	1.404
374	  T	 17.7	  0.0	0.000	2.408	2.408
375	  V	 24.7	  0.0	0.000	2.408	2.408
376	  S	 25.4	  0.0	0.000	2.408	2.408
377	  V	 12.1	  0.0	0.000	2.408	2.408
378	  Y	  3.9	  0.2	0.000	2.100	2.100
379	  E	  3.3	  0.2	0.000	0.000	0.000
380	  N	  0.9	  0.2	0.000	0.000	0.000
381	  H	  0.6	  0.3	0.000	0.000	0.000
382	  E	  0.5	  0.1	0.000	0.000	0.000
383	  L	  0.5	  0.1	0.000	0.000	0.000
384	  V	  1.0	  0.2	0.000	0.000	0.000
385	  E	  1.0	  0.1	0.000	0.000	0.000
386	  D	  2.9	  0.1	0.000	0.000	0.000
387	  V	  6.3	  0.1	0.000	33.664	33.664
388	  Y	 11.7	  0.0	0.000	40.047	40.047
389	  S	 10.6	  0.0	0.000	42.731	42.731
390	  Y	  7.3	  0.0	0.000	60.998	60.998
391	  F	  2.4	  0.0	0.000	60.998	60.998
392	  I	 11.1	  0.0	0.000	59.950	59.950
393	  T	 11.5	  0.4	0.000	45.558	45.558
394	  L	 10.9	  0.6	0.000	41.517	41.517
395	  D	  1.5	  1.4	0.000	0.000	0.000
396	  G	  0.1	  1.5	0.000	0.000	0.000
397	  S	  0.1	  1.9	0.000	0.000	0.000
398	  G	  0.1	  1.7	0.000	0.000	0.000
399	  N	  2.7	  0.9	0.000	0.000	0.000
400	  I	  6.9	  0.8	0.000	0.000	0.000
401	  I	  7.3	  0.0	0.000	0.000	0.000
402	  T	  5.3	  0.1	0.000	0.000	0.000
403	  D	  1.1	  0.1	0.000	0.000	0.000
404	  S	  1.1	  0.1	0.000	2.314	2.314
405	  V	  3.5	  0.1	0.000	19.374	19.374
406	  L	  3.8	  0.0	0.000	22.376	22.376
407	  I	  4.7	  0.0	0.000	22.841	22.841
408	  S	  2.6	  0.1	0.366	22.841	22.841
409	  A	  2.3	  0.1	0.366	22.838	22.838
410	  T	  1.9	  0.1	0.366	20.897	20.897
411	  T	  3.8	  0.1	0.366	19.525	19.525
412	  I	  3.9	  0.1	0.366	18.785	18.785
413	  Y	  3.6	  0.1	0.366	14.718	14.718
414	  D	  1.1	  0.1	0.000	0.000	0.000
415	  A	  0.8	  0.1	0.000	0.000	0.000
416	  A	  0.0	  0.0	0.000	0.000	0.000
417	  P	  0.0	  0.0	0.000	0.000	0.000
418	  E	  0.0	  0.2	0.000	0.000	0.000
419	  P	  0.0	  0.3	0.000	0.000	0.000
420	  S	  0.6	  0.7	0.000	0.000	0.000
421	  T	  1.2	  0.7	0.000	0.000	0.000
422	  N	  4.3	  0.5	0.000	0.000	0.000
423	  V	  8.5	  0.4	0.000	0.000	0.000
424	  I	 10.4	  0.1	0.000	0.000	0.000
425	  D	  7.4	  0.4	0.000	0.000	0.000
426	  L	  2.7	  0.4	0.000	0.000	0.000
427	  G	  0.0	  0.5	0.000	0.000	0.000
428	  E	  0.0	  0.4	0.000	0.000	0.000
429	  E	  4.9	  0.1	0.000	0.000	0.000
430	  V	  5.5	  0.2	0.000	0.000	0.000
431	  T	  5.5	  0.1	0.000	0.000	0.000
432	  G	  0.7	  0.1	0.000	0.000	0.000
433	  Y	  7.6	  0.1	0.000	0.000	0.000
434	  E	  7.9	  0.0	0.000	0.000	0.000
435	  V	 11.8	  0.0	0.000	40.071	40.071
436	  I	  7.8	  0.0	0.000	42.482	42.482
437	  S	  8.3	  0.0	0.000	42.834	42.834
438	  F	  5.6	  0.0	0.000	45.641	45.641
439	  Y	  3.3	  0.0	0.000	45.641	45.641
440	  T	  4.3	  0.0	0.000	34.437	34.437
441	  T	  7.7	  0.2	0.000	27.131	27.131
442	  V	  6.5	  0.3	0.000	25.298	25.298
443	  D	  4.6	  2.2	0.000	0.000	0.000
444	  G	  0.2	  2.7	0.000	0.000	0.000
445	  D	  0.0	  2.6	0.000	0.000	0.000
446	  G	  0.0	  2.4	0.000	0.000	0.000
447	  K	  1.8	  0.5	0.000	0.000	0.000
448	  V	  4.4	  0.0	0.000	0.171	0.171
449	  V	  6.1	  0.0	0.000	0.171	0.171
450	  T	  7.0	  0.0	0.000	0.171	0.171
451	  T	  5.1	  0.1	0.000	0.171	0.171
452	  S	  4.5	  0.2	0.000	0.171	0.171
453	  T	  2.3	  0.2	0.000	0.000	0.000
454	  S	  1.9	  0.2	0.000	0.000	0.000
455	  T	  3.3	  0.2	0.000	0.000	0.000
456	  T	 45.9	  0.1	0.000	0.000	0.000
457	  Y	 45.5	  0.0	0.000	0.000	0.000
458	  S	 43.5	  0.0	0.000	0.000	0.000
459	  P	  0.0	  0.0	0.000	0.000	0.000
460	  P	  0.0	  0.0	0.000	0.000	0.000
461	  P	  0.0	  0.0	0.000	0.000	0.000
462	  V	  0.1	  0.0	0.000	1.404	1.404
463	  G	  0.1	  0.0	0.000	1.404	1.404
464	  T	 17.7	  0.0	0.000	2.408	2.408
465	  V	 24.7	  0.0	0.000	2.408	2.408
466	  S	 25.4	  0.0	0.000	2.408	2.408
467	  V	 12.1	  0.0	0.000	2.408	2.408
468	  Y	  3.9	  0.2	0.000	2.100	2.100
469	  E	  3.3	  0.2	0.000	0.000	0.000
470	  N	  0.9	  0.2	0.000	0.000	0.000
471	  H	  0.6	  0.3	0.000	0.000	0.000
472	  E	  0.5	  0.1	0.000	0.000	0.000
473	  L	  0.5	  0.1	0.000	0.000	0.000
474	  V	  1.0	  0.2	0.000	0.000	0.000
475	  E	  1.0	  0.1	0.000	0.000	0.000
476	  D	  2.9	  0.1	0.000	0.000	0.000
477	  V	  6.3	  0.1	0.000	33.664	33.664
478	  Y	 11.7	  0.0	0.000	40.047	40.047
479	  S	 10.6	  0.0	0.000	42.731	42.731
480	  Y	  7.3	  0.0	0.000	60.998	60.998
481	  F	  2.4	  0.0	0.000	60.998	60.998
482	  I	 11.1	  0.0	0.000	59.950	59.950
483	  T	 11.5	  0.4	0.000	45.558	45.558
484	  L	 10.9	  0.6	0.000	41.517	41.517
485	  D	  1.5	  1.4	0.000	0.000	0.000
486	  G	  0.1	  1.5	0.000	0.000	0.000
487	  S	  0.1	  1.9	0.000	0.000	0.000
488	  G	  0.1	  1.7	0.000	0.000	0.000
489	  N	  2.7	  0.9	0.000	0.000	0.000
490	  I	  6.9	  0.8	0.000	0.000	0.000
491	  I	  7.3	  0.0	0.000	0.000	0.000
492	  T	  5.3	  0.1	0.000	0.000	0.000
493	  D	  1.1	  0.1	0.000	0.000	0.000
494	  S	  1.1	  0.1	0.000	2.314	2.314
495	  V	  3.5	  0.1	0.000	19.374	19.374
496	  L	  3.8	  0.0	0.000	22.376	22.376
497	  I	  4.7	  0.0	0.000	22.841	22.841
498	  S	  2.6	  0.1	0.366	22.841	22.841
499	  A	  2.3	  0.1	0.366	22.838	22.838
500	  T	  1.9	  0.1	0.366	20.897	20.897
501	  T	  3.8	  0.1	0.366	19.525	19.525
502	  I	  3.9	  0.1	0.366	18.785	18.785
503	  Y	  3.6	  0.1	0.366	14.718	14.718
504	  D	  1.1	  0.1	0.000	0.000	0.000
505	  A	  0.8	  0.1	0.000	0.000	0.000
506	  A	  0.0	  0.0	0.000	0.000	0.000
507	  P	  0.0	  0.0	0.000	0.000	0.000
508	  E	  0.0	  0.2	0.000	0.000	0.000
509	  P	  0.0	  0.3	0.000	0.000	0.000
510	  S	  0.6	  0.7	0.000	0.000	0.000
511	  T	  1.2	  0.7	0.000	0.000	0.000
512	  N	  4.3	  0.5	0.000	0.000	0.000
513	  V	  8.5	  0.4	0.000	0.000	0.000
514	  I	 10.4	  0.1	0.000	0.000	0.000
515	  D	  7.4	  0.4	0.000	0.000	0.000
516	  L	  2.7	  0.4	0.000	0.000	0.000
517	  G	  0.0	  0.5	0.000	0.000	0.000
518	  E	  0.0	  0.4	0.000	0.000	0.000
519	  E	  4.9	  0.1	0.000	0.000	0.000
520	  V	  5.4	  0.2	0.000	0.000	0.000
521	  T	  5.5	  0.1	0.000	0.000	0.000
522	  G	  0.7	  0.1	0.000	0.000	0.000
523	  Y	  7.1	  0.1	0.000	0.000	0.000
524	  E	  7.5	  0.0	0.000	0.000	0.000
525	  V	  9.9	  0.0	0.000	63.333	63.333
526	  V	 10.3	  0.0	0.000	66.519	66.519
527	  T	 14.3	  0.0	0.000	66.897	66.897
528	  Y	 12.6	  0.0	0.000	67.024	67.024
529	  W	  7.7	  0.0	0.000	67.024	67.024
530	  T	  5.9	  0.0	0.000	42.045	42.045
531	  M	  5.5	  0.1	0.000	25.745	25.745
532	  T	  3.2	  0.1	0.000	5.466	5.466
533	  N	  0.4	  0.3	0.000	0.188	0.188
534	  E	  0.1	  0.5	0.000	0.000	0.000
535	  A	  0.0	  1.4	0.000	0.000	0.000
536	  G	  0.0	  1.4	0.000	0.000	0.000
537	  D	  0.2	  1.2	0.193	0.000	0.000
538	  L	  0.5	  1.0	0.193	0.151	0.151
539	  I	  4.1	  0.0	0.193	0.151	0.151
540	  T	  6.4	  0.0	0.193	0.151	0.151
541	  T	  7.0	  0.1	0.193	0.151	0.151
542	  S	  3.7	  0.1	0.193	0.151	0.151
543	  S	  1.4	  0.1	0.000	0.272	0.272
544	  T	  6.7	  0.1	0.000	0.272	0.272
545	  V	 12.7	  0.1	0.000	0.272	0.272
546	  T	 51.7	  0.0	0.000	0.272	0.272
547	  Y	 45.8	  0.0	0.000	0.272	0.272
548	  S	 40.7	  0.0	0.000	0.000	0.000
549	  P	  0.0	  0.0	0.000	0.000	0.000
550	  P	  0.0	  0.0	0.000	0.380	0.380
551	  A	  0.3	  0.0	0.000	36.311	36.311
552	  I	 18.1	  0.0	0.000	42.738	42.738
553	  T	 22.7	  0.0	0.000	43.007	43.007
554	  V	 23.2	  0.0	0.000	43.176	43.176
555	  V	  6.2	  0.4	0.000	43.176	43.176
556	  G	  0.9	  0.5	0.000	12.312	12.312
557	  T	  0.2	  0.6	0.000	6.361	6.361
558	  T	  0.2	  1.5	0.000	2.617	2.617
559	  G	  0.2	  1.5	0.000	0.194	0.194
560	  S	  0.2	  1.5	0.000	0.000	0.000
561	  N	  0.7	  1.3	0.000	0.000	0.000
562	  Y	  2.7	  0.4	0.000	0.000	0.000
563	  V	  4.1	  0.1	0.000	0.000	0.000
564	  E	  3.4	  0.2	0.000	0.000	0.000
565	  S	  1.5	  0.2	0.000	0.000	0.000
566	  D	  0.3	  0.2	0.124	0.000	0.000
567	  W	  0.8	  0.2	0.124	77.913	77.913
568	  I	  4.8	  0.0	0.124	95.781	95.781
569	  S	  5.5	  0.0	0.124	96.527	96.527
570	  F	  6.0	  0.0	0.124	96.532	96.532
571	  F	  2.8	  0.0	0.124	96.532	96.532
572	  I	  5.4	  0.0	0.000	95.581	95.581
573	  T	  4.6	  0.2	0.000	19.981	19.981
574	  R	  4.1	  0.2	0.000	0.015	0.015
575	  D	  2.7	  0.2	0.000	0.015	0.015
576	  V	  2.6	  0.5	0.000	0.015	0.015
577	  E	  2.4	  0.4	0.000	0.000	0.000
578	  G	  0.2	  0.4	0.000	0.000	0.000
579	  Q	  0.8	  0.4	0.000	0.000	0.000
580	  L	  1.1	  0.1	0.000	0.000	0.000
581	  V	  1.8	  0.1	0.000	0.000	0.000
582	  T	  1.2	  1.3	0.000	0.000	0.000
583	  G	  0.8	  1.3	0.000	0.000	0.000
584	  S	  0.8	  1.4	0.000	0.000	0.000
585	  T	  1.5	  1.3	0.000	0.000	0.000
586	  T	  3.1	  0.5	0.000	0.000	0.000
587	  L	  2.6	  2.1	0.000	0.000	0.000
588	  N	  1.8	  2.2	0.000	0.000	0.000
589	  G	  0.1	  2.2	0.000	0.000	0.000
590	  T	  0.2	  1.9	0.122	0.000	0.000
591	  R	  0.3	  0.2	0.122	0.000	0.000
592	  E	  0.4	  0.1	0.122	0.000	0.000
593	  Y	  1.3	  0.1	0.122	0.000	0.000
594	  I	  2.0	  0.0	0.122	0.000	0.000
595	  E	  2.0	  0.0	0.122	0.000	0.000
596	  A	  1.1	  0.0	0.122	0.000	0.000
597	  E	  0.8	  0.0	0.122	0.000	0.000
598	  V	  4.8	  0.0	0.000	0.000	0.000
599	  V	  5.1	  0.0	0.000	0.000	0.000
600	  E	  4.7	  0.1	0.000	0.000	0.000
601	  T	  1.1	  0.1	0.000	0.000	0.000
602	  S	  0.7	  0.1	0.000	0.000	0.000
603	  L	  1.1	  0.1	0.000	0.000	0.000
604	  L	  3.6	  0.0	0.000	0.000	0.000
605	  S	  3.6	  0.0	0.000	0.000	0.000
606	  V	  3.2	  0.1	0.000	0.000	0.000
607	  P	  0.2	  0.1	0.000	0.000	0.000
608	  T	  0.3	  0.1	0.000	0.000	0.000
609	  A	  0.3	  0.2	0.000	0.000	0.000
610	  E	  0.4	  0.1	0.000	0.000	0.000
611	  T	  0.7	  0.1	0.000	0.000	0.000
612	  R	  1.4	  0.1	0.000	0.000	0.000
613	  T	  5.5	  0.1	0.000	0.000	0.000
614	  I	  5.6	  0.2	0.000	0.000	0.000
615	  D	  4.9	  0.5	0.000	0.000	0.000
616	  S	  0.8	  4.6	0.000	0.000	0.000
617	  G	  0.0	  5.7	0.000	0.000	0.000
618	  N	  0.1	  5.6	0.000	0.000	0.000
619	  G	  0.1	  5.3	0.000	0.000	0.000
620	  V	  0.7	  1.2	0.000	0.000	0.000
621	  T	  0.9	  0.0	0.212	0.000	0.000
622	  E	  1.5	  0.0	0.212	0.000	0.000
623	  Y	  8.7	  0.0	0.212	0.000	0.000
624	  E	  9.0	  0.0	0.212	0.000	0.000
625	  V	 10.7	  0.0	0.212	0.000	0.000
626	  V	  7.0	  0.0	0.212	0.000	0.000
627	  T	  8.6	  0.0	0.212	0.000	0.000
628	  H	  8.2	  0.0	0.212	0.000	0.000
629	  W	  5.1	  0.0	0.108	0.000	0.000
630	  T	  4.5	  0.0	0.000	0.000	0.000
631	  T	  2.9	  0.1	0.000	0.000	0.000
632	  T	  2.1	  0.1	0.000	0.000	0.000
633	  N	  0.5	  0.3	0.000	0.000	0.000
634	  E	  0.1	  0.5	0.000	0.000	0.000
635	  A	  0.0	  1.4	0.000	0.000	0.000
636	  G	  0.0	  1.5	0.000	0.000	0.000
637	  D	  0.2	  1.2	0.193	0.000	0.000
638	  L	  0.5	  1.0	0.193	0.151	0.151
639	  I	  4.1	  0.0	0.193	0.151	0.151
640	  T	  6.4	  0.0	0.193	0.151	0.151
641	  T	  7.0	  0.1	0.193	0.151	0.151
642	  S	  3.7	  0.1	0.193	0.151	0.151
643	  S	  1.4	  0.1	0.000	0.272	0.272
644	  T	  6.7	  0.1	0.000	0.272	0.272
645	  V	 12.7	  0.1	0.000	0.272	0.272
646	  T	 51.7	  0.0	0.000	0.272	0.272
647	  Y	 45.8	  0.0	0.000	0.272	0.272
648	  S	 40.7	  0.0	0.000	0.000	0.000
649	  P	  0.0	  0.0	0.000	0.000	0.000
650	  P	  0.0	  0.0	0.000	0.380	0.380
651	  A	  0.3	  0.0	0.000	36.311	36.311
652	  I	 18.1	  0.0	0.000	42.738	42.738
653	  T	 22.7	  0.0	0.000	43.007	43.007
654	  V	 23.2	  0.0	0.000	43.176	43.176
655	  V	  6.2	  0.4	0.000	43.176	43.176
656	  G	  0.9	  0.5	0.000	12.312	12.312
657	  T	  0.2	  0.6	0.000	6.361	6.361
658	  T	  0.2	  1.5	0.000	2.617	2.617
659	  G	  0.2	  1.5	0.000	0.194	0.194
660	  S	  0.2	  1.5	0.000	0.000	0.000
661	  N	  0.7	  1.3	0.000	0.000	0.000
662	  Y	  2.7	  0.4	0.000	0.000	0.000
663	  V	  4.1	  0.1	0.000	0.000	0.000
664	  E	  3.4	  0.2	0.000	0.000	0.000
665	  S	  1.5	  0.2	0.000	0.000	0.000
666	  D	  0.3	  0.2	0.124	0.000	0.000
667	  W	  0.8	  0.2	0.124	77.913	77.913
668	  I	  4.8	  0.0	0.124	95.781	95.781
669	  S	  5.5	  0.0	0.124	96.527	96.527
670	  F	  6.0	  0.0	0.124	96.532	96.532
671	  F	  2.8	  0.0	0.124	96.532	96.532
672	  I	  5.4	  0.0	0.000	95.581	95.581
673	  T	  4.6	  0.2	0.000	19.981	19.981
674	  R	  4.1	  0.2	0.000	0.015	0.015
675	  D	  2.7	  0.2	0.000	0.015	0.015
676	  V	  2.6	  0.5	0.000	0.015	0.015
677	  E	  2.4	  0.4	0.000	0.000	0.000
678	  G	  0.2	  0.4	0.000	0.000	0.000
679	  Q	  0.8	  0.4	0.000	0.000	0.000
680	  L	  1.1	  0.1	0.000	0.000	0.000
681	  V	  1.8	  0.1	0.000	0.000	0.000
682	  T	  1.2	  1.3	0.000	0.000	0.000
683	  G	  0.8	  1.3	0.000	0.000	0.000
684	  S	  0.8	  1.4	0.000	0.000	0.000
685	  T	  1.5	  1.3	0.000	0.000	0.000
686	  T	  3.1	  0.5	0.000	0.000	0.000
687	  L	  2.6	  2.1	0.000	0.000	0.000
688	  N	  1.8	  2.2	0.000	0.000	0.000
689	  G	  0.1	  2.2	0.000	0.000	0.000
690	  T	  0.2	  1.9	0.122	0.000	0.000
691	  R	  0.3	  0.2	0.122	0.000	0.000
692	  E	  0.4	  0.1	0.122	0.000	0.000
693	  Y	  1.3	  0.1	0.122	0.000	0.000
694	  I	  2.0	  0.0	0.122	0.000	0.000
695	  E	  2.0	  0.0	0.122	0.000	0.000
696	  A	  1.1	  0.0	0.122	0.000	0.000
697	  E	  0.8	  0.0	0.122	0.000	0.000
698	  V	  4.8	  0.0	0.000	0.000	0.000
699	  V	  5.1	  0.0	0.000	0.000	0.000
700	  E	  4.7	  0.1	0.000	0.000	0.000
701	  T	  1.1	  0.1	0.000	0.000	0.000
702	  S	  0.7	  0.1	0.000	0.000	0.000
703	  L	  1.1	  0.1	0.000	0.000	0.000
704	  L	  3.6	  0.0	0.000	0.000	0.000
705	  S	  3.6	  0.0	0.000	0.000	0.000
706	  V	  3.2	  0.1	0.000	0.000	0.000
707	  P	  0.2	  0.1	0.000	0.000	0.000
708	  T	  0.3	  0.1	0.000	0.000	0.000
709	  A	  0.3	  0.2	0.000	0.000	0.000
710	  E	  0.4	  0.1	0.000	0.000	0.000
711	  T	  0.7	  0.1	0.000	0.000	0.000
712	  R	  1.4	  0.1	0.000	0.000	0.000
713	  T	  5.5	  0.1	0.000	0.000	0.000
714	  I	  5.6	  0.2	0.000	0.000	0.000
715	  D	  4.9	  0.5	0.000	0.000	0.000
716	  S	  0.8	  4.6	0.000	0.000	0.000
717	  G	  0.0	  5.7	0.000	0.000	0.000
718	  N	  0.1	  5.6	0.000	0.000	0.000
719	  G	  0.1	  5.3	0.000	0.000	0.000
720	  V	  0.7	  1.2	0.000	0.000	0.000
721	  T	  0.9	  0.0	0.212	0.000	0.000
722	  E	  1.5	  0.0	0.212	0.000	0.000
723	  Y	  8.7	  0.0	0.212	0.000	0.000
724	  E	  9.0	  0.0	0.212	0.000	0.000
725	  V	 10.7	  0.0	0.212	0.000	0.000
726	  V	  7.0	  0.0	0.212	0.000	0.000
727	  T	  8.6	  0.0	0.212	0.000	0.000
728	  H	  8.2	  0.0	0.212	0.000	0.000
729	  W	  5.1	  0.0	0.108	0.000	0.000
730	  T	  4.5	  0.0	0.000	0.000	0.000
731	  T	  2.9	  0.1	0.000	0.000	0.000
732	  T	  2.1	  0.1	0.000	0.000	0.000
733	  N	  0.5	  0.3	0.000	0.000	0.000
734	  E	  0.1	  0.5	0.000	0.000	0.000
735	  A	  0.0	  1.4	0.000	0.000	0.000
736	  G	  0.0	  1.5	0.000	0.000	0.000
737	  D	  0.2	  1.2	0.193	0.000	0.000
738	  L	  0.5	  1.0	0.193	0.151	0.151
739	  I	  4.1	  0.0	0.193	0.151	0.151
740	  T	  6.4	  0.0	0.193	0.151	0.151
741	  T	  7.0	  0.1	0.193	0.151	0.151
742	  S	  3.7	  0.1	0.193	0.151	0.151
743	  S	  1.4	  0.1	0.000	0.272	0.272
744	  T	  6.7	  0.1	0.000	0.272	0.272
745	  V	 12.7	  0.1	0.000	0.272	0.272
746	  T	 51.7	  0.0	0.000	0.272	0.272
747	  Y	 45.8	  0.0	0.000	0.272	0.272
748	  S	 40.7	  0.0	0.000	0.000	0.000
749	  P	  0.0	  0.0	0.000	0.000	0.000
750	  P	  0.0	  0.0	0.000	0.380	0.380
751	  A	  0.3	  0.0	0.000	36.311	36.311
752	  I	 18.1	  0.0	0.000	42.738	42.738
753	  T	 22.7	  0.0	0.000	43.007	43.007
754	  V	 23.2	  0.0	0.000	43.176	43.176
755	  V	  6.2	  0.4	0.000	43.176	43.176
756	  G	  0.9	  0.5	0.000	12.312	12.312
757	  T	  0.2	  0.6	0.000	6.361	6.361
758	  T	  0.2	  1.5	0.000	2.617	2.617
759	  G	  0.2	  1.5	0.000	0.194	0.194
760	  S	  0.2	  1.5	0.000	0.000	0.000
761	  N	  0.7	  1.3	0.000	0.000	0.000
762	  Y	  2.7	  0.4	0.000	0.000	0.000
763	  V	  4.1	  0.1	0.000	0.000	0.000
764	  E	  3.4	  0.2	0.000	0.000	0.000
765	  S	  1.5	  0.2	0.000	0.000	0.000
766	  D	  0.3	  0.2	0.124	0.000	0.000
767	  W	  0.8	  0.2	0.124	77.913	77.913
768	  I	  4.8	  0.0	0.124	95.781	95.781
769	  S	  5.5	  0.0	0.124	96.527	96.527
770	  F	  6.0	  0.0	0.124	96.532	96.532
771	  F	  2.8	  0.0	0.124	96.532	96.532
772	  I	  5.4	  0.0	0.000	95.581	95.581
773	  T	  4.6	  0.2	0.000	19.981	19.981
774	  R	  4.1	  0.2	0.000	0.015	0.015
775	  D	  2.7	  0.2	0.000	0.015	0.015
776	  V	  2.7	  0.5	0.000	0.015	0.015
777	  E	  2.5	  0.4	0.000	0.000	0.000
778	  G	  0.2	  0.4	0.000	0.000	0.000
779	  Q	  0.3	  0.4	0.000	0.000	0.000
780	  L	  0.6	  0.1	0.000	0.188	0.188
781	  I	  3.3	  0.1	0.000	0.188	0.188
782	  T	  3.1	  0.8	0.000	0.188	0.188
783	  G	  2.8	  0.9	0.000	0.188	0.188
784	  S	  0.3	  0.9	0.000	0.188	0.188
785	  S	  0.7	  0.8	0.000	0.188	0.188
786	  I	  1.5	  0.2	0.000	0.188	0.188
787	  V	  3.1	  0.1	0.000	0.188	0.188
788	  D	  3.1	  0.3	0.086	0.000	0.000
789	  Y	  8.2	  0.3	0.086	6.564	6.564
790	  S	  7.4	  0.2	0.394	8.235	8.235
791	  F	  8.9	  0.2	0.394	10.684	10.684
792	  F	  6.6	  0.1	0.394	10.684	10.684
793	  S	  5.7	  0.1	0.512	10.684	10.684
794	  A	  3.8	  0.1	0.512	10.468	10.468
795	  L	  0.3	  0.1	0.512	10.284	10.284
796	  N	  0.2	  0.0	0.512	0.239	0.239
797	  R	  0.7	  0.0	0.285	0.000	0.000
798	  T	 13.7	  0.0	0.118	0.000	0.000
799	  I	 13.7	  0.2	0.118	0.000	0.000
800	  S	 13.0	  0.1	0.118	0.000	0.000
801	  N	  0.0	  1.1	0.000	0.000	0.000
802	  A	  0.0	  1.7	0.000	0.000	0.000
803	  G	  0.0	  1.9	0.000	0.000	0.000
804	  S	  0.1	  2.1	0.000	0.000	0.000
805	  N	  0.1	  1.3	0.000	0.000	0.000
806	  S	  5.5	  0.9	0.118	0.000	0.000
807	  L	  5.4	  0.7	0.118	0.000	0.000
808	  S	  5.4	  0.5	0.429	0.000	0.000
809	  E	  0.1	  0.5	0.429	0.000	0.000
810	  E	  0.2	  0.2	0.429	0.000	0.000
811	  A	  0.3	  0.2	0.429	0.000	0.000
812	  S	  0.4	  0.2	0.429	0.000	0.000
813	  S	  0.6	  0.3	0.311	0.000	0.000
814	  Q	  0.5	  0.3	0.148	0.000	0.000
815	  T	  0.7	  0.2	0.000	0.000	0.000
816	  S	  6.2	  0.3	0.134	0.000	0.000
817	  I	  6.1	  0.4	0.134	0.000	0.000
818	  S	  5.8	  0.4	0.134	0.000	0.000
819	  D	  0.3	  0.4	0.134	0.000	0.000
820	  L	  0.4	  0.2	0.134	0.000	0.000
821	  K	  0.4	  1.1	0.134	0.000	0.000
822	  P	  0.1	  1.1	0.000	0.000	0.000
823	  D	  0.1	  1.1	0.781	0.000	0.000
824	  I	  1.2	  1.1	0.781	2.594	2.594
825	  A	  1.9	  0.0	0.781	2.710	2.710
826	  T	 13.2	  0.0	0.781	2.710	2.710
827	  I	 12.7	  0.0	0.781	2.710	2.710
828	  T	 12.2	  0.0	0.781	2.710	2.710
829	  N	  1.2	  0.0	0.870	1.686	1.686
830	  L	  1.1	  0.0	0.754	1.453	1.453
831	  R	  1.1	  0.0	0.500	0.000	0.000
832	  A	  0.7	  0.0	0.208	0.000	0.000
833	  T	  1.4	  0.1	0.089	0.000	0.000
834	  S	  1.3	  0.1	0.235	0.000	0.000
835	  S	  3.8	  0.1	0.146	0.000	0.000
836	  I	 13.6	  0.1	0.146	0.350	0.350
837	  T	 18.8	  0.0	0.146	0.350	0.350
838	  M	 16.6	  0.2	0.146	0.350	0.350
839	  S	  6.9	  0.2	0.146	0.350	0.350
840	  S	  1.3	  0.2	0.000	0.350	0.350
841	  Y	  2.4	  0.3	0.000	0.350	0.350
842	  V	  3.5	  0.1	0.000	0.350	0.350
843	  S	  2.8	  0.1	0.577	0.000	0.000
844	  S	  1.6	  0.2	0.719	0.000	0.000
845	  A	  0.4	  0.2	0.719	0.000	0.000
846	  K	  0.5	  0.2	0.719	0.000	0.000
847	  R	  1.0	  0.1	0.719	0.000	0.000
848	  W	  1.0	  0.2	0.719	0.000	0.000
849	  S	  1.0	  0.4	0.299	0.000	0.000
850	  N	  0.3	  1.6	0.000	0.000	0.000
851	  S	  0.3	  1.7	0.173	0.000	0.000
852	  S	  0.6	  1.5	0.342	0.000	0.000
853	  K	  0.9	  1.3	0.342	0.000	0.000
854	  E	  6.9	  0.1	0.342	0.000	0.000
855	  I	 11.2	  0.1	0.342	0.000	0.000
856	  K	 11.5	  0.0	0.342	0.000	0.000
857	  I	  6.4	  0.0	0.169	0.000	0.000
858	  S	  3.3	  0.2	0.169	0.000	0.000
859	  T	  3.8	  0.4	0.000	0.000	0.000
860	  S	  3.9	  1.3	0.000	0.000	0.000
861	  S	  2.2	  1.3	0.250	0.000	0.000
862	  S	  1.7	  1.2	0.250	0.000	0.000
863	  A	  1.0	  1.2	0.250	0.000	0.000
864	  T	  1.0	  0.5	0.250	0.000	0.000
865	  S	  0.3	  0.5	0.250	0.000	0.000
866	  N	  0.1	  0.4	0.564	0.000	0.000
867	  K	  0.2	  0.4	0.314	0.000	0.000
868	  E	  0.7	  0.1	0.314	0.000	0.000
869	  L	  1.1	  0.1	0.314	0.000	0.000
870	  T	  1.5	  0.1	0.423	0.000	0.000
871	  K	  1.0	  0.2	0.423	0.000	0.000
872	  A	  0.7	  0.3	0.226	0.000	0.000
873	  S	  0.5	  0.3	0.109	0.000	0.000
874	  S	  1.5	  0.3	0.362	0.000	0.000
875	  Y	  2.4	  0.1	0.362	0.000	0.000
876	  Y	  2.9	  0.0	0.252	0.000	0.000
877	  L	  1.8	  0.2	0.252	0.000	0.000
878	  K	  0.8	  0.3	0.252	0.000	0.000
879	  G	  0.1	  0.3	0.252	0.000	0.000
880	  T	  4.9	  0.3	0.000	1.075	1.075
881	  I	  5.9	  0.1	0.000	5.308	5.308
882	  V	  7.0	  0.0	0.000	5.476	5.476
883	  N	  3.4	  0.0	0.000	5.476	5.476
884	  T	  5.0	  0.0	0.000	5.476	5.476
885	  I	  3.9	  0.1	0.000	5.476	5.476
886	  A	  2.9	  0.1	0.000	2.594	2.594
887	  N	  0.5	  0.1	0.000	0.000	0.000
888	  V	  0.4	  0.9	0.000	0.000	0.000
889	  P	  0.2	  0.9	0.000	0.000	0.000
890	  G	  0.0	  0.9	0.118	0.000	0.000
891	  A	  0.2	  0.9	0.118	0.000	0.000
892	  L	  0.5	  0.2	0.118	0.000	0.000
893	  S	  0.7	  0.2	0.118	0.000	0.000
894	  S	  1.0	  2.1	0.118	0.000	0.000
895	  K	  0.8	  2.1	0.118	0.000	0.000
896	  N	  0.8	  2.0	0.000	0.000	0.000
897	  A	  0.5	  1.9	0.000	0.000	0.000
898	  I	  0.5	  0.1	0.000	0.000	0.000
899	  S	  0.5	  0.3	0.000	0.000	0.000
900	  N	  0.4	  0.3	0.000	0.000	0.000
901	  S	  0.7	  0.5	0.000	0.000	0.000
902	  V	  1.0	  0.4	0.000	0.000	0.000
903	  G	  0.8	  0.2	0.000	0.000	0.000
904	  V	  0.5	  0.2	0.000	0.000	0.000
905	  H	  0.1	  0.0	0.000	0.000	0.000
906	  P	  0.0	  0.0	0.000	0.000	0.000
907	  P	  0.0	  0.0	0.000	0.000	0.000
908	  I	  1.5	  0.0	0.000	0.000	0.000
909	  K	  1.7	  0.2	0.000	0.000	0.000
910	  T	  1.7	  0.2	0.000	0.000	0.000
911	  D	  0.2	  0.3	0.588	0.000	0.000
912	  E	  0.2	  0.2	0.588	0.000	0.000
913	  A	  0.4	  0.2	0.588	0.000	0.000
914	  T	  0.8	  0.1	0.588	0.000	0.000
915	  S	  1.3	  0.2	0.588	0.000	0.000
916	  A	  1.3	  0.2	0.588	0.000	0.000
917	  T	  2.2	  0.4	0.134	0.000	0.000
918	  S	  1.7	  0.6	0.134	0.000	0.000
919	  S	  2.2	  0.4	0.000	0.000	0.000
920	  Y	  1.0	  4.1	0.000	0.000	0.000
921	  G	  0.8	  4.0	0.000	0.000	0.000
922	  N	  0.2	  3.8	0.000	0.000	0.000
923	  S	  0.3	  3.8	0.000	0.000	0.000
924	  R	  2.5	  0.3	0.000	0.000	0.000
925	  M	  2.5	  0.3	0.000	0.000	0.000
926	  D	  2.5	  0.3	0.000	0.000	0.000
927	  T	  2.2	  0.3	0.000	0.000	0.000
928	  H	  2.3	  0.1	0.000	0.000	0.000
929	  S	  3.2	  0.1	0.000	0.000	0.000
930	  W	  1.4	  0.0	0.000	0.000	0.000
931	  V	  1.1	  0.2	0.000	0.000	0.000
932	  P	  0.1	  0.4	0.000	0.000	0.000
933	  S	  0.2	  0.4	0.000	0.000	0.000
934	  S	  2.5	  1.3	0.000	0.000	0.000
935	  K	  2.7	  1.1	0.000	0.000	0.000
936	  S	  2.6	  0.9	0.000	0.000	0.000
937	  S	  0.3	  0.8	0.000	0.000	0.000
938	  P	  0.0	  0.0	0.000	0.000	0.000
939	  T	  0.1	  0.5	0.000	0.000	0.000
940	  P	  0.0	  0.6	0.000	0.000	0.000
941	  S	  0.2	  0.6	0.000	0.000	0.000
942	  S	  4.0	  0.6	0.000	0.000	0.000
943	  V	  5.3	  0.2	0.000	0.000	0.000
944	  E	  5.3	  0.2	0.000	0.000	0.000
945	  S	  1.6	  1.4	0.000	0.000	0.000
946	  S	  0.2	  1.4	0.000	0.000	0.000
947	  N	  1.2	  1.6	0.000	0.000	0.000
948	  I	  1.7	  1.5	0.000	1.524	1.524
949	  S	  1.8	  0.3	0.000	1.524	1.524
950	  S	  1.7	  0.3	0.000	1.524	1.524
951	  V	  6.5	  0.0	0.000	1.524	1.524
952	  I	  7.8	  0.0	0.000	1.524	1.524
953	  N	  7.8	  0.0	0.161	0.000	0.000
954	  Q	  8.8	  0.0	0.161	0.000	0.000
955	  F	  8.1	  0.3	0.161	0.000	0.000
956	  E	  7.1	  0.3	0.161	0.000	0.000
957	  N	  0.9	  0.4	0.733	0.000	0.000
958	  N	  0.4	  0.4	0.733	0.000	0.000
959	  T	  1.2	  0.1	0.923	0.000	0.000
960	  T	  2.1	  0.1	2.026	0.000	0.000
961	  L	  1.8	  0.1	2.026	0.000	0.000
962	  E	  1.1	  0.1	2.026	0.000	0.000
963	  T	  0.9	  0.1	2.141	0.000	0.000
964	  R	  1.1	  0.2	2.141	0.000	0.000
965	  R	  1.2	  0.2	2.004	0.000	0.000
966	  K	  0.6	  0.2	1.145	0.000	0.000
967	  T	  0.7	  0.2	0.361	0.000	0.000
968	  N	  3.4	  0.1	0.468	0.000	0.000
969	  I	  3.8	  0.1	0.247	0.000	0.000
970	  E	  3.8	  0.1	0.247	0.000	0.000
971	  S	  1.1	  0.1	0.247	0.000	0.000
972	  K	  1.1	  0.1	0.247	0.000	0.000
973	  M	  0.9	  0.1	0.107	0.000	0.000
974	  S	  2.2	  0.7	0.000	0.000	0.000
975	  Q	  1.8	  0.8	0.000	0.000	0.000
976	  S	  2.5	  1.7	0.000	0.000	0.000
977	  S	  1.2	  1.7	0.000	0.000	0.000
978	  S	  1.8	  1.7	0.000	0.000	0.000
979	  H	  1.0	  1.9	0.000	0.000	0.000
980	  D	  0.8	  1.0	0.000	0.000	0.000
981	  N	  0.1	  0.9	0.183	0.000	0.000
982	  E	  0.2	  0.4	0.183	0.000	0.000
983	  L	  0.3	  0.2	0.183	0.265	0.265
984	  Y	  0.4	  1.9	0.183	0.265	0.265
985	  G	  0.3	  1.8	0.183	0.265	0.265
986	  S	  1.3	  1.8	0.183	0.265	0.265
987	  F	  2.1	  1.7	0.000	0.265	0.265
988	  Y	  2.1	  0.7	0.000	0.265	0.265
989	  G	  1.0	  0.7	0.000	0.000	0.000
990	  G	  0.1	  0.7	0.000	0.000	0.000
991	  S	  0.0	  1.0	0.323	0.000	0.000
992	  P	  0.0	  0.3	0.323	0.000	0.000
993	  H	  0.7	  0.3	0.323	0.000	0.000
994	  T	  0.9	  0.5	0.323	0.000	0.000
995	  R	  0.9	  0.4	0.323	0.000	0.000
996	  E	  0.2	  1.9	0.323	0.000	0.000
997	  G	  0.0	  1.8	0.102	0.302	0.302
998	  N	  0.2	  1.9	1.231	0.898	0.898
999	  L	  1.9	  1.7	1.313	35.866	35.866
1000	  S	  2.4	  0.2	4.688	41.939	41.939
1001	  V	  4.8	  0.2	4.865	90.427	90.427
1002	  A	  3.4	  0.0	5.412	94.430	94.430
1003	  L	  4.8	  0.0	5.412	99.138	99.138
1004	  V	  8.1	  0.0	5.412	99.941	99.941
1005	  I	 12.7	  0.0	5.412	99.991	99.991
1006	  I	 13.4	  0.0	5.412	99.971	99.971
1007	  L	  7.8	  0.0	5.412	99.679	99.679
1008	  V	  5.7	  0.0	5.098	97.908	97.908
1009	  Q	  3.8	  0.0	4.980	76.281	76.281
1010	  F	  4.2	  0.0	0.813	75.382	75.382
1011	  L	  1.6	  0.0	0.000	70.474	70.474
1012	  L	  0.7	  0.0	0.000	0.014	0.014
