res	aa	Beta	Turn	Helix	Aggregation	Conc-Stab_Aggregation
01	  M	  1.7	  0.1	0.000	0.000	0.000
02	  R	  2.2	  0.1	0.000	0.000	0.000
03	  L	  2.3	  0.1	0.000	0.000	0.000
04	  Y	  8.4	  0.1	0.000	0.000	0.000
05	  R	 10.0	  0.0	0.000	0.000	0.000
06	  C	 13.1	  0.0	0.000	34.163	34.163
07	  F	  6.4	  0.1	0.000	47.645	47.645
08	  S	  4.6	  0.1	0.000	49.630	49.630
09	  T	  4.6	  0.1	0.078	66.407	66.407
10	  F	  4.5	  0.1	0.078	92.860	92.860
11	  A	  4.1	  0.0	0.078	94.280	94.280
12	  W	  1.6	  0.0	0.078	95.849	95.849
13	  V	  3.2	  0.0	0.078	96.016	96.016
14	  L	  4.6	  0.0	0.078	93.885	93.885
15	  S	 18.2	  0.2	0.078	73.427	73.427
16	  W	 18.3	  0.2	0.078	70.787	70.787
17	  S	 19.8	  0.2	0.422	53.103	53.103
18	  V	  7.3	  0.2	0.344	50.877	50.877
19	  T	  4.8	  0.0	0.344	23.901	23.901
20	  T	  2.8	  0.0	0.344	7.655	7.655
21	  A	  1.4	  0.1	0.344	3.512	3.512
22	  K	  1.5	  0.1	0.344	0.000	0.000
23	  T	 20.2	  0.1	0.000	0.000	0.000
24	  Y	 21.5	  0.2	0.000	0.000	0.000
25	  Q	 21.0	  0.1	0.000	0.000	0.000
26	  N	  1.8	  0.2	0.000	0.000	0.000
27	  E	  0.1	  0.2	0.000	0.000	0.000
28	  E	  0.1	  0.1	0.000	0.000	0.000
29	  L	  2.0	  0.1	0.000	0.000	0.000
30	  V	  4.5	  0.1	0.000	0.000	0.000
31	  L	  4.6	  0.1	0.000	0.000	0.000
32	  D	  2.7	  0.2	0.000	0.000	0.000
33	  S	  0.7	  0.2	0.000	0.000	0.000
34	  T	 10.9	  0.1	0.000	0.000	0.000
35	  V	 11.5	  0.1	0.000	0.000	0.000
36	  T	 11.1	  2.5	0.000	0.000	0.000
37	  G	  0.6	  2.5	0.000	0.000	0.000
38	  D	  0.1	  2.7	0.000	0.000	0.000
39	  T	  1.6	  2.7	0.000	0.000	0.000
40	  S	  9.0	  0.3	0.000	0.000	0.000
41	  F	  9.9	  0.2	0.000	0.000	0.000
42	  T	  8.5	  0.0	1.010	0.000	0.000
43	  E	  1.1	  0.0	1.010	0.000	0.000
44	  A	  0.1	  0.1	1.010	0.000	0.000
45	  E	  0.1	  0.1	1.010	0.000	0.000
46	  Q	  0.8	  0.1	1.010	0.000	0.000
47	  L	  2.7	  0.1	1.010	0.000	0.000
48	  V	  5.3	  0.1	0.757	0.000	0.000
49	  L	  4.7	  0.2	0.757	0.000	0.000
50	  D	  2.8	  0.2	0.867	0.000	0.000
51	  N	  0.1	  0.2	0.865	0.000	0.000
52	  A	  0.3	  0.1	0.639	0.000	0.000
53	  K	  5.2	  0.0	0.639	0.000	0.000
54	  I	 15.1	  0.0	0.543	0.000	0.000
55	  T	 17.3	  0.0	0.543	0.000	0.000
56	  L	 12.7	  0.4	0.543	0.000	0.000
57	  K	  3.2	  0.4	0.543	0.000	0.000
58	  N	  1.1	  0.7	0.268	0.000	0.000
59	  Y	  4.5	  0.7	0.268	0.000	0.000
60	  S	  4.7	  0.3	0.268	0.000	0.000
61	  A	  4.3	  0.3	0.268	0.000	0.000
62	  I	  3.2	  0.0	0.268	0.000	0.000
63	  H	  3.5	  0.0	0.268	0.000	0.000
64	  L	  3.5	  0.1	0.093	0.899	0.899
65	  T	  1.1	  0.3	0.000	1.032	1.032
66	  S	  0.6	  0.3	0.000	1.272	1.272
67	  G	  0.1	  0.3	0.166	1.272	1.272
68	  V	  7.5	  0.2	0.166	1.272	1.272
69	  I	  9.6	  0.0	0.166	1.272	1.272
70	  L	  9.8	  0.1	0.166	1.139	1.139
71	  R	  2.6	  0.4	0.166	0.000	0.000
72	  G	  0.3	  0.4	0.166	0.000	0.000
73	  N	  0.1	  0.5	0.000	0.000	0.000
74	  S	  0.2	  0.4	0.135	0.000	0.000
75	  L	  0.6	  0.1	0.135	0.000	0.000
76	  L	  4.1	  0.0	0.135	0.000	0.000
77	  N	  6.7	  0.0	0.248	0.000	0.000
78	  I	  6.8	  0.0	0.248	0.000	0.000
79	  E	  3.5	  0.0	0.248	0.000	0.000
80	  T	  3.2	  0.1	0.113	0.000	0.000
81	  T	  2.8	  0.3	0.113	0.000	0.000
82	  S	  2.7	  3.8	0.113	0.000	0.000
83	  G	  0.1	  3.8	0.000	0.000	0.000
84	  N	  0.1	  3.7	0.000	0.000	0.000
85	  N	  2.3	  3.6	0.000	0.000	0.000
86	  V	  5.1	  0.1	0.000	0.000	0.000
87	  K	  5.6	  0.0	0.000	0.000	0.000
88	  Y	  6.1	  0.0	0.000	0.456	0.456
89	  S	  4.7	  0.0	0.000	0.456	0.456
90	  L	  7.4	  0.0	0.000	0.456	0.456
91	  T	  9.0	  0.1	0.000	0.456	0.456
92	  I	  8.3	  2.7	0.000	0.456	0.456
93	  N	  5.0	  2.8	0.000	0.000	0.000
94	  G	  0.8	  2.8	0.000	0.000	0.000
95	  E	 12.7	  2.6	0.000	0.000	0.000
96	  V	 18.6	  0.0	0.000	0.000	0.000
97	  K	 19.1	  0.2	0.000	0.000	0.000
98	  L	  7.3	  0.2	0.000	0.000	0.000
99	  D	  0.7	  1.2	0.000	0.000	0.000
100	  Q	  0.1	  1.3	0.000	0.000	0.000
101	  G	  0.0	  1.3	0.000	0.000	0.000
102	  S	  0.5	  1.2	0.000	0.262	0.262
103	  Q	  0.9	  0.3	0.000	0.262	0.262
104	  F	  1.6	  0.1	0.000	0.262	0.262
105	  I	  1.4	  0.1	0.000	0.262	0.262
106	  F	  1.2	  0.4	0.000	0.262	0.262
107	  D	  0.6	  1.0	0.237	0.000	0.000
108	  G	  0.4	  1.2	0.443	0.000	0.000
109	  S	  0.1	  1.2	0.443	0.000	0.000
110	  S	  0.6	  0.8	0.443	0.000	0.000
111	  L	  1.4	  0.2	0.443	0.000	0.000
112	  K	  2.0	  0.1	0.443	0.000	0.000
113	  Y	  1.7	  0.3	0.318	0.000	0.000
114	  S	  1.0	  0.9	0.000	0.000	0.000
115	  D	  0.4	  1.0	0.375	0.000	0.000
116	  S	  0.3	  1.1	1.592	0.000	0.000
117	  K	  0.4	  0.9	1.592	0.000	0.000
118	  Q	  0.7	  0.3	1.592	0.000	0.000
119	  A	  0.7	  0.1	1.592	0.000	0.000
120	  Y	  2.7	  0.1	1.592	0.000	0.000
121	  E	  2.5	  0.0	1.461	0.000	0.000
122	  L	  2.7	  0.1	1.330	0.000	0.000
123	  F	  3.7	  0.1	1.198	0.000	0.000
124	  N	  4.2	  0.2	0.956	0.000	0.000
125	  F	  6.8	  0.2	0.377	0.000	0.000
126	  D	  4.5	  0.6	0.000	0.000	0.000
127	  I	  4.7	  0.6	0.000	0.000	0.000
128	  N	  1.7	  2.5	0.000	0.000	0.000
129	  S	  0.9	  2.6	0.000	0.000	0.000
130	  D	  0.0	 12.3	0.000	0.000	0.000
131	  E	  0.0	 13.5	0.000	0.000	0.000
132	  N	  0.0	 11.5	0.000	0.168	0.168
133	  G	  0.0	 11.5	0.000	0.685	0.685
134	  L	  0.6	  1.3	0.000	0.685	0.685
135	  F	  1.4	  0.0	0.000	0.685	0.685
136	  I	  2.0	  0.0	0.000	0.685	0.685
137	  S	  1.9	  1.9	0.000	0.517	0.517
138	  K	  1.1	  1.9	0.000	0.000	0.000
139	  D	  0.6	  2.4	0.000	0.000	0.000
140	  S	  0.1	  2.4	0.000	0.000	0.000
141	  S	  0.5	  0.6	0.000	0.000	0.000
142	  M	  2.0	  0.5	0.000	0.000	0.000
143	  K	  6.4	  0.0	0.000	0.000	0.000
144	  I	 30.4	  0.0	0.000	0.000	0.000
145	  T	 29.4	  0.0	0.000	0.000	0.000
146	  V	 25.4	  0.0	0.000	0.000	0.000
147	  P	  0.5	  0.0	0.000	0.000	0.000
148	  K	  0.5	  0.2	0.000	0.000	0.000
149	  L	  0.7	  0.2	0.000	0.000	0.000
150	  D	  0.9	  0.2	0.000	0.000	0.000
151	  S	  1.0	  0.2	0.000	0.000	0.000
152	  I	  1.6	  0.1	0.000	0.000	0.000
153	  V	  1.7	  0.3	0.000	0.000	0.000
154	  D	  1.1	  0.4	0.000	0.000	0.000
155	  G	  0.2	  0.4	0.000	0.000	0.000
156	  S	  3.0	  0.6	0.000	0.000	0.000
157	  I	  8.1	  0.4	0.000	0.000	0.000
158	  D	  8.1	  0.8	0.000	0.000	0.000
159	  I	  5.3	  1.0	0.000	0.000	0.000
160	  G	  0.1	  0.7	0.000	0.000	0.000
161	  S	  0.7	  0.7	0.000	0.000	0.000
162	  I	  6.9	  0.3	0.000	0.000	0.000
163	  H	  7.8	  0.2	0.000	0.000	0.000
164	  I	  7.2	  0.9	0.000	0.000	0.000
165	  G	  1.0	  1.1	0.000	0.000	0.000
166	  G	  0.1	  1.1	0.000	0.000	0.000
167	  T	 14.1	  0.9	0.000	0.000	0.000
168	  Y	 16.3	  0.2	0.000	0.000	0.000
169	  K	 16.3	  0.0	0.000	0.000	0.000
170	  A	  3.0	  0.2	0.000	0.000	0.000
171	  P	  0.0	  0.2	0.000	0.000	0.000
172	  Y	  2.2	  0.2	0.000	0.000	0.000
173	  N	  2.2	  0.2	0.000	0.000	0.000
174	  S	  2.2	  0.0	0.298	0.000	0.000
175	  P	  0.0	  0.0	0.298	2.583	2.583
176	  I	  7.5	  0.0	0.298	23.243	23.243
177	  V	 14.3	  0.0	0.298	23.476	23.476
178	  I	 15.3	  0.0	0.298	23.476	23.476
179	  L	  8.2	  0.1	0.298	23.476	23.476
180	  G	  1.1	  0.1	0.413	21.107	21.107
181	  K	  1.4	  0.1	0.278	3.755	3.755
182	  L	  2.1	  0.1	0.116	3.755	3.755
183	  E	  2.1	  0.0	0.116	3.755	3.755
184	  M	  1.7	  0.0	0.116	3.375	3.375
185	  L	  1.1	  0.0	0.116	2.910	2.910
186	  S	  1.1	  0.3	0.000	0.000	0.000
187	  P	  0.1	  0.4	0.000	0.000	0.000
188	  E	  0.1	  0.4	0.000	0.000	0.000
189	  Q	  0.4	  0.4	0.000	0.000	0.000
190	  T	  5.1	  0.2	0.130	0.000	0.000
191	  V	  5.4	  0.2	0.130	0.000	0.000
192	  D	  5.1	  0.2	0.130	0.000	0.000
193	  N	  0.7	  0.2	0.130	0.000	0.000
194	  K	  0.3	  0.1	0.130	0.000	0.000
195	  Y	  0.3	  0.2	0.130	0.000	0.000
196	  P	  0.1	  0.1	0.000	0.000	0.000
197	  L	  0.8	  0.1	0.000	0.000	0.000
198	  K	  1.0	  0.1	0.000	0.000	0.000
199	  Y	  2.3	  0.0	0.000	0.000	0.000
200	  W	  2.7	  0.1	0.000	0.000	0.000
201	  R	  4.4	  0.3	0.000	0.000	0.000
202	  L	  4.1	  0.3	0.000	0.000	0.000
203	  D	  3.0	  0.5	0.000	0.000	0.000
204	  L	  1.0	  0.6	0.000	0.000	0.000
205	  G	  0.0	  0.5	0.000	0.000	0.000
206	  T	  0.1	  0.5	0.000	0.000	0.000
207	  D	  0.2	  0.3	0.161	0.000	0.000
208	  R	 12.4	  0.1	0.161	0.000	0.000
209	  I	 12.5	  0.1	0.161	0.000	0.000
210	  D	 12.4	  0.3	1.443	0.000	0.000
211	  E	  0.1	  0.4	1.553	0.000	0.000
212	  A	  0.1	  0.5	1.553	0.000	0.000
213	  G	  0.1	  0.5	1.880	0.000	0.000
214	  I	  0.5	  0.2	1.827	0.000	0.000
215	  Y	  1.4	  0.1	1.827	0.000	0.000
216	  K	  1.7	  0.1	1.439	0.000	0.000
217	  R	  1.8	  0.4	1.439	0.000	0.000
218	  K	  0.9	  0.5	1.001	0.000	0.000
219	  N	  0.5	  0.5	0.620	0.000	0.000
220	  D	  0.2	  2.5	0.104	0.000	0.000
221	  L	  0.3	  2.3	0.000	0.206	0.206
222	  S	  0.3	  2.2	0.000	0.206	0.206
223	  G	  0.3	  2.2	0.000	0.206	0.206
224	  I	  2.0	  0.1	0.000	0.206	0.206
225	  I	  7.2	  0.1	0.000	0.206	0.206
226	  S	 15.5	  0.0	0.000	0.000	0.000
227	  C	 13.9	  0.6	0.000	0.000	0.000
228	  E	  8.8	  0.6	0.000	0.000	0.000
229	  G	  0.2	  0.6	0.000	1.061	1.061
230	  V	  1.0	  0.6	0.000	10.423	10.423
231	  I	  1.2	  0.4	0.000	11.264	11.264
232	  G	  1.2	  0.4	0.000	11.264	11.264
233	  I	  1.1	  0.4	0.000	11.264	11.264
234	  Y	  1.0	  1.0	0.000	10.982	10.982
235	  A	  1.0	  0.6	0.000	5.493	5.493
236	  D	  1.5	  0.6	0.000	0.000	0.000
237	  I	  2.3	  0.6	0.000	0.000	0.000
238	  F	  2.8	  0.1	0.000	0.000	0.000
239	  S	  1.7	  0.2	0.000	0.000	0.000
240	  E	  0.8	  0.2	0.000	0.000	0.000
241	  T	  1.0	  0.2	0.000	0.000	0.000
242	  T	  1.0	  0.1	0.000	0.000	0.000
243	  D	  0.8	  0.2	0.430	0.000	0.000
244	  P	  0.0	  0.2	0.430	0.000	0.000
245	  K	  0.4	  0.2	0.430	0.000	0.000
246	  I	  1.8	  0.2	0.430	41.269	41.269
247	  Y	  6.4	  0.0	0.430	44.740	44.740
248	  T	  6.2	  0.0	0.624	47.044	47.044
249	  L	  4.8	  0.0	0.624	50.393	50.393
250	  G	  0.2	  0.0	0.624	50.901	50.901
251	  Y	  0.5	  0.0	0.338	56.867	56.867
252	  I	  0.6	  0.0	0.194	58.102	58.102
253	  G	  0.6	  0.0	0.194	51.778	51.778
254	  Y	  3.3	  0.0	0.194	51.221	51.221
255	  S	  3.7	  0.0	0.000	49.044	49.044
256	  I	  8.6	  0.0	0.000	48.825	48.825
257	  V	  5.8	  0.0	0.000	45.150	45.150
258	  S	  5.2	  0.1	3.459	0.000	0.000
259	  P	  0.3	  0.1	3.459	0.000	0.000
260	  L	  3.3	  0.1	3.459	0.000	0.000
261	  T	  7.4	  0.2	4.708	0.000	0.000
262	  I	  9.9	  0.1	4.869	0.000	0.000
263	  D	  6.7	  0.1	4.869	0.000	0.000
264	  L	  2.7	  0.2	4.528	0.000	0.000
265	  A	  0.1	  0.2	4.528	0.000	0.000
266	  K	  0.1	  0.2	4.224	0.000	0.000
267	  G	  0.0	  0.2	1.994	0.000	0.000
268	  P	  0.0	  0.1	0.000	0.000	0.000
269	  M	  0.1	  0.1	0.000	0.000	0.000
270	  I	  0.1	  0.2	0.000	0.000	0.000
271	  G	  0.1	  2.1	0.000	0.000	0.000
272	  P	  0.0	  2.4	0.000	0.000	0.000
273	  S	  0.0	  2.4	0.140	1.827	1.827
274	  G	  0.0	  2.2	0.481	15.184	15.184
275	  F	  0.6	  0.3	0.674	68.304	68.304
276	  L	  1.3	  0.0	0.910	72.113	72.113
277	  F	  2.3	  0.2	0.910	72.113	72.113
278	  L	  4.7	  0.2	0.910	71.926	71.926
279	  N	 10.3	  0.2	0.910	62.279	62.279
280	  V	  9.6	  0.2	0.910	58.052	58.052
281	  F	  6.8	  0.6	0.910	3.391	3.391
282	  P	  0.3	  1.3	0.000	1.522	1.522
283	  K	  0.0	  1.4	0.000	0.000	0.000
284	  G	  0.0	  2.3	0.000	0.000	0.000
285	  Q	  0.0	  1.9	0.000	0.000	0.000
286	  D	  0.0	  1.2	0.000	0.000	0.000
287	  G	  0.1	  1.1	0.000	0.000	0.000
288	  I	  3.0	  0.2	0.000	0.000	0.000
289	  K	  3.5	  0.0	0.000	0.000	0.000
290	  F	  5.0	  0.1	0.000	0.000	0.000
291	  V	  2.9	  0.1	0.000	0.000	0.000
292	  N	  2.4	  1.6	0.118	0.000	0.000
293	  A	  0.9	  1.6	0.118	0.000	0.000
294	  D	  0.3	  1.5	0.118	0.000	0.000
295	  L	  1.3	  1.5	0.118	0.000	0.000
296	  Y	  1.6	  0.0	0.118	0.000	0.000
297	  S	  1.4	  4.4	0.118	0.000	0.000
298	  P	  0.4	  4.4	0.000	0.000	0.000
299	  N	  1.6	  4.9	0.000	0.000	0.000
300	  I	  1.7	  5.0	0.000	0.000	0.000
301	  N	  1.7	  0.6	0.000	0.000	0.000
302	  D	  0.8	  1.1	0.000	0.000	0.000
303	  V	  1.5	  0.6	0.000	0.000	0.000
304	  D	  1.6	  0.6	0.158	0.000	0.000
305	  T	  1.5	  0.7	0.158	0.000	0.000
306	  T	  0.9	  0.2	0.158	0.000	0.000
307	  N	  0.7	  0.1	0.158	0.278	0.278
308	  M	  0.8	  0.1	0.158	9.495	9.495
309	  L	  1.1	  0.0	0.158	16.718	16.718
310	  F	  1.9	  0.1	0.158	17.698	17.698
311	  S	  2.0	  0.1	0.000	17.698	17.698
312	  T	  7.9	  0.1	0.000	17.698	17.698
313	  F	  8.5	  0.2	0.000	17.339	17.339
314	  Y	  8.7	  0.1	0.000	13.810	13.810
315	  D	  2.4	  0.9	0.000	0.000	0.000
316	  S	  1.1	  0.9	0.000	0.000	0.000
317	  S	  3.2	  0.9	0.000	0.000	0.000
318	  Y	  4.7	  0.9	0.000	0.000	0.000
319	  Q	  5.0	  0.1	0.000	0.000	0.000
320	  H	  3.4	  0.1	0.000	0.000	0.000
321	  V	  6.1	  0.1	0.000	0.000	0.000
322	  D	  7.0	  0.0	0.000	0.000	0.000
323	  I	  7.7	  0.0	0.000	0.000	0.000
324	  I	  3.6	  0.0	0.000	0.000	0.000
325	  S	  2.1	  0.1	0.199	0.000	0.000
326	  E	  0.3	  0.2	0.199	0.000	0.000
327	  Q	  0.1	  0.2	0.199	0.000	0.000
328	  N	  0.2	  0.2	1.073	0.405	0.405
329	  A	  0.5	  0.1	1.073	0.405	0.405
330	  I	 13.4	  0.0	1.073	0.405	0.405
331	  T	 19.4	  0.0	1.073	0.405	0.405
332	  I	 20.2	  0.1	1.073	0.405	0.405
333	  R	  8.1	  0.2	1.073	0.000	0.000
334	  S	  1.4	  0.3	0.176	0.000	0.000
335	  G	  0.2	  0.4	0.230	0.000	0.000
336	  L	  0.3	  0.3	0.230	0.000	0.000
337	  D	  0.3	  0.3	0.773	0.000	0.000
338	  A	  0.5	  0.2	0.773	1.591	1.591
339	  I	  1.3	  0.1	0.773	2.942	2.942
340	  A	  2.0	  0.1	0.773	3.057	3.057
341	  T	  8.4	  0.1	0.773	3.057	3.057
342	  Y	  9.4	  0.2	0.773	3.057	3.057
343	  Y	  8.8	  0.3	0.355	2.609	2.609
344	  S	  2.5	  0.3	0.000	1.145	1.145
345	  D	  0.2	  0.4	0.000	0.000	0.000
346	  R	  1.6	  0.4	0.000	0.000	0.000
347	  H	  5.0	  0.1	0.000	0.258	0.258
348	  Y	  8.2	  0.1	0.000	0.258	0.258
349	  S	  7.2	  0.0	0.000	0.258	0.258
350	  I	  4.8	  0.0	0.000	0.258	0.258
351	  I	  1.9	  0.0	0.000	0.258	0.258
352	  N	  1.5	  0.1	0.000	0.000	0.000
353	  H	  1.6	  0.1	0.000	0.000	0.000
354	  C	  1.4	  0.1	0.000	0.000	0.000
355	  S	  1.4	  1.1	0.000	0.000	0.000
356	  E	  0.5	  1.1	0.000	0.000	0.000
357	  S	  0.3	  2.7	0.000	0.000	0.000
358	  S	  0.2	  2.8	0.116	0.000	0.000
359	  N	  0.4	  1.9	0.280	0.000	0.000
360	  S	  2.7	  1.8	0.411	0.000	0.000
361	  I	  4.8	  0.4	0.411	0.000	0.000
362	  R	  4.6	  0.3	0.411	0.000	0.000
363	  G	  2.3	  0.3	0.411	0.000	0.000
364	  R	  0.2	  0.3	0.411	0.000	0.000
365	  Y	  0.1	  0.8	0.131	0.000	0.000
366	  P	  0.1	  0.7	0.000	0.000	0.000
367	  S	  0.3	  0.7	0.147	0.161	0.161
368	  I	  3.2	  0.7	0.147	0.161	0.161
369	  L	  3.6	  0.1	0.147	0.161	0.161
370	  L	  3.5	  0.4	0.147	0.161	0.161
371	  S	  0.7	  1.2	0.256	0.161	0.161
372	  G	  0.2	  1.3	0.256	0.000	0.000
373	  R	  0.1	  1.2	0.109	0.000	0.000
374	  T	 10.5	  0.9	0.109	0.146	0.146
375	  C	 12.4	  0.1	0.109	0.535	0.535
376	  S	 13.1	  0.0	0.109	2.607	2.607
377	  V	  6.2	  0.0	0.000	2.607	2.607
378	  F	  4.2	  0.0	0.000	2.607	2.607
379	  L	  3.8	  0.0	0.000	2.607	2.607
380	  T	  2.1	  0.1	0.199	2.218	2.218
381	  K	  1.9	  0.1	0.199	0.000	0.000
382	  Q	  1.7	  0.1	0.199	0.000	0.000
383	  Q	  0.5	  0.3	0.199	0.000	0.000
384	  K	  0.4	  0.3	0.199	0.000	0.000
385	  N	  0.3	  0.4	0.199	0.000	0.000
386	  S	  0.3	  1.6	0.000	0.000	0.000
387	  E	  0.3	  1.9	0.000	0.000	0.000
388	  S	  0.2	  2.6	0.000	0.000	0.000
389	  N	  0.0	  2.5	0.000	0.000	0.000
390	  G	  0.0	  1.5	0.000	0.000	0.000
391	  L	  0.0	  1.5	0.000	0.000	0.000
392	  G	  0.0	  1.1	0.000	0.000	0.000
393	  S	  0.1	  1.8	0.000	0.000	0.000
394	  D	  0.1	  4.6	0.000	0.000	0.000
395	  S	  0.1	  4.4	0.000	0.000	0.000
396	  N	  0.2	  4.5	0.000	0.000	0.000
397	  S	  0.4	  3.7	0.000	0.000	0.000
398	  S	  0.4	  0.7	0.000	0.000	0.000
399	  I	  0.4	  0.4	0.000	0.000	0.000
400	  P	  0.1	  0.1	0.000	0.000	0.000
401	  E	  0.3	  0.1	0.000	0.000	0.000
402	  Q	  0.4	  0.3	0.000	0.000	0.000
403	  K	  0.4	  0.3	0.000	0.000	0.000
404	  D	  0.2	  1.1	0.000	0.000	0.000
405	  E	  0.1	  1.2	0.000	0.000	0.000
406	  T	  0.2	  1.2	0.000	0.000	0.000
407	  G	  0.2	  1.2	0.000	0.000	0.000
408	  S	  0.3	  0.3	0.000	0.000	0.000
409	  I	  0.2	  0.9	0.000	0.000	0.000
410	  P	  0.1	  0.6	0.000	0.000	0.000
411	  S	  0.0	  0.8	0.000	0.000	0.000
412	  G	  0.0	  2.0	0.000	0.000	0.000
413	  P	  0.0	  1.4	0.000	0.000	0.000
414	  D	  0.1	  7.4	0.000	0.000	0.000
415	  M	  0.2	  7.4	0.000	0.000	0.000
416	  D	  0.2	  6.2	0.000	0.000	0.000
417	  G	  0.1	  6.3	0.000	0.000	0.000
418	  G	  0.0	  0.3	0.000	0.000	0.000
419	  P	  0.0	  0.2	0.000	0.000	0.000
420	  G	  0.0	  0.2	0.000	0.000	0.000
421	  P	  0.0	  0.1	0.000	0.000	0.000
422	  H	  0.0	  2.5	0.000	0.000	0.000
423	  P	  0.0	  2.6	0.000	0.000	0.000
424	  G	  0.0	  3.0	0.000	0.000	0.000
425	  G	  0.0	  3.3	0.120	0.000	0.000
426	  S	  0.0	  1.0	0.120	0.000	0.000
427	  D	  0.1	  0.9	0.120	0.000	0.000
428	  T	  0.1	  0.8	0.120	0.000	0.000
429	  A	  0.1	  0.5	0.120	0.000	0.000
430	  G	  0.1	  0.5	0.120	0.000	0.000
431	  G	  0.0	  0.4	0.000	0.000	0.000
432	  P	  0.0	  0.2	0.000	0.000	0.000
433	  G	  0.0	  0.2	0.000	0.000	0.000
434	  P	  0.0	  0.1	0.000	0.000	0.000
435	  N	  0.0	 21.2	0.000	0.000	0.000
436	  P	  0.0	 21.3	0.000	0.000	0.000
437	  N	  0.0	 21.8	0.000	0.000	0.000
438	  G	  0.0	 22.0	0.097	0.000	0.000
439	  S	  0.0	  1.0	0.097	0.000	0.000
440	  D	  0.1	  0.8	0.097	0.000	0.000
441	  T	  0.1	  0.7	0.097	0.000	0.000
442	  A	  0.1	  0.4	0.097	0.000	0.000
443	  G	  0.1	  0.5	0.097	0.000	0.000
444	  G	  0.0	  0.4	0.000	0.000	0.000
445	  P	  0.0	  0.2	0.000	0.000	0.000
446	  G	  0.0	  0.2	0.000	0.000	0.000
447	  P	  0.0	  0.1	0.000	0.000	0.000
448	  N	  0.0	 21.2	0.000	0.000	0.000
449	  P	  0.0	 21.3	0.000	0.000	0.000
450	  N	  0.0	 21.8	0.000	0.000	0.000
451	  G	  0.0	 22.0	0.097	0.000	0.000
452	  S	  0.0	  1.0	0.097	0.000	0.000
453	  D	  0.1	  0.8	0.097	0.000	0.000
454	  T	  0.1	  0.7	0.097	0.000	0.000
455	  A	  0.1	  0.4	0.097	0.000	0.000
456	  G	  0.1	  0.5	0.097	0.000	0.000
457	  G	  0.0	  0.4	0.000	0.000	0.000
458	  P	  0.0	  0.2	0.000	0.000	0.000
459	  G	  0.0	  0.2	0.000	0.000	0.000
460	  P	  0.0	  0.1	0.000	0.000	0.000
461	  N	  0.0	 21.2	0.000	0.000	0.000
462	  P	  0.0	 21.3	0.000	0.000	0.000
463	  N	  0.0	 21.8	0.000	0.000	0.000
464	  G	  0.0	 22.0	0.000	0.000	0.000
465	  S	  0.0	  1.0	0.000	0.000	0.000
466	  D	  0.1	  0.9	0.000	0.000	0.000
467	  T	  0.1	  0.8	0.000	0.000	0.000
468	  E	  0.1	  0.9	0.000	0.000	0.000
469	  G	  0.0	  1.6	0.000	0.000	0.000
470	  G	  0.0	  1.9	0.000	0.000	0.000
471	  S	  0.3	  3.5	0.000	0.000	0.000
472	  G	  0.3	  3.4	0.000	0.000	0.000
473	  S	  0.3	  2.8	0.000	0.000	0.000
474	  G	  0.0	  3.2	0.000	0.000	0.000
475	  G	  0.0	  1.7	0.000	0.000	0.000
476	  S	  0.3	  2.1	0.000	0.000	0.000
477	  G	  0.3	  2.1	0.000	0.000	0.000
478	  S	  0.3	  1.9	0.000	0.000	0.000
479	  E	  0.0	  1.8	0.000	0.000	0.000
480	  G	  0.0	  1.9	0.000	0.000	0.000
481	  G	  0.0	  2.0	0.000	0.000	0.000
482	  S	  0.1	  2.0	0.000	0.000	0.000
483	  G	  0.1	  2.1	0.000	0.000	0.000
484	  E	  0.1	  1.6	0.000	0.000	0.000
485	  G	  0.0	  2.1	0.000	0.000	0.000
486	  G	  0.0	  2.0	0.000	0.000	0.000
487	  S	  0.3	  3.5	0.000	0.000	0.000
488	  G	  0.3	  3.5	0.000	0.000	0.000
489	  S	  0.3	  3.2	0.000	0.000	0.000
490	  G	  0.1	  3.2	0.000	0.000	0.000
491	  E	  0.1	  1.6	0.000	0.000	0.000
492	  G	  0.0	  2.1	0.000	0.000	0.000
493	  G	  0.0	  1.8	0.000	0.000	0.000
494	  S	  0.0	  1.6	0.000	0.000	0.000
495	  G	  0.0	  2.0	0.000	0.000	0.000
496	  G	  0.0	  1.2	0.000	0.000	0.000
497	  S	  0.0	  1.0	0.000	0.000	0.000
498	  N	  0.0	  0.7	0.000	0.000	0.000
499	  P	  0.0	  0.0	0.000	0.000	0.000
500	  V	  0.3	  0.3	0.000	0.000	0.000
501	  D	  0.3	  1.9	0.000	0.000	0.000
502	  D	  0.3	  2.1	0.000	0.000	0.000
503	  G	  0.0	  2.5	0.000	0.000	0.000
504	  K	  0.1	  2.2	0.000	0.000	0.000
505	  D	  0.1	  0.7	0.000	0.000	0.000
506	  K	  0.9	  0.6	0.000	0.000	0.000
507	  T	  2.9	  0.2	0.000	9.201	9.201
508	  T	  7.7	  0.2	0.000	9.201	9.201
509	  V	  9.3	  0.0	0.000	9.201	9.201
510	  V	  8.6	  0.0	0.000	9.201	9.201
511	  T	  3.9	  0.1	0.000	9.201	9.201
512	  D	  1.4	  9.8	0.000	0.000	0.000
513	  K	  0.2	 10.3	0.000	0.000	0.000
514	  D	  0.0	 10.3	0.000	0.000	0.000
515	  G	  0.0	 10.2	0.000	0.000	0.000
516	  H	  1.6	  0.6	0.000	0.000	0.000
517	  V	  3.0	  0.0	0.000	0.000	0.000
518	  H	  3.3	  0.1	0.000	0.000	0.000
519	  T	  2.0	  0.1	0.000	0.000	0.000
520	  D	  1.9	  0.1	0.000	0.000	0.000
521	  I	  3.4	  0.1	0.000	0.000	0.000
522	  I	  3.7	  0.0	0.000	0.000	0.000
523	  S	  3.2	  0.0	0.000	0.000	0.000
524	  H	  7.7	  0.0	0.000	0.000	0.000
525	  I	 10.2	  0.0	0.000	0.000	0.000
526	  T	 10.7	  0.0	0.000	0.000	0.000
527	  T	  4.8	  0.1	0.000	0.000	0.000
528	  T	  1.9	  0.1	0.131	0.000	0.000
529	  D	  0.5	 10.4	0.131	0.000	0.000
530	  K	  0.2	 11.7	0.131	0.000	0.000
531	  D	  0.0	 11.6	0.131	0.000	0.000
532	  G	  0.0	 11.5	0.131	0.000	0.000
533	  K	  0.0	  1.4	0.131	0.000	0.000
534	  P	  0.0	  0.2	0.000	0.125	0.125
535	  T	  3.2	  0.2	0.000	8.216	8.216
536	  V	 10.1	  0.2	0.000	13.364	13.364
537	  I	 11.5	  0.0	0.000	13.685	13.685
538	  L	  8.7	  0.0	0.000	13.685	13.685
539	  T	  3.9	  0.0	0.000	13.560	13.560
540	  Q	  5.8	  0.0	0.000	6.726	6.726
541	  Y	  8.0	  0.0	0.000	5.344	5.344
542	  Q	  6.0	  0.0	0.000	0.161	0.161
543	  S	  2.6	  0.4	0.000	0.000	0.000
544	  P	  0.0	  0.4	0.000	0.000	0.000
545	  T	  0.8	  0.4	0.000	0.000	0.000
546	  A	  1.3	  0.4	0.000	0.000	0.000
547	  V	  2.5	  0.3	0.000	0.000	0.000
548	  Q	  1.7	  1.4	0.000	0.000	0.000
549	  N	  1.3	  1.5	0.000	0.000	0.000
550	  G	  0.1	  1.5	0.000	0.000	0.000
551	  I	  0.5	  1.2	0.000	0.000	0.000
552	  S	  1.0	  0.2	0.000	0.000	0.000
553	  K	  1.5	  0.1	0.000	0.000	0.000
554	  T	 11.4	  0.1	0.000	0.000	0.000
555	  I	 26.7	  0.1	0.000	0.000	0.000
556	  T	 29.6	  0.1	0.000	0.000	0.000
557	  V	 20.3	  0.5	0.000	0.000	0.000
558	  D	  4.1	  0.6	0.000	0.000	0.000
559	  G	  0.2	  0.6	0.099	0.000	0.000
560	  E	  0.0	  0.5	0.099	0.000	0.000
561	  E	  0.2	  0.1	0.099	0.000	0.000
562	  I	  1.6	  0.1	0.099	0.000	0.000
563	  I	  2.4	  0.0	0.099	0.000	0.000
564	  E	  2.2	  0.0	0.099	0.000	0.000
565	  A	  1.5	  0.0	0.099	0.000	0.000
566	  V	  9.1	  0.0	0.099	0.000	0.000
567	  H	 13.9	  0.0	0.099	0.000	0.000
568	  I	 15.7	  0.0	0.000	0.246	0.246
569	  T	 10.1	  0.0	0.000	0.246	0.246
570	  T	 19.8	  0.0	0.000	0.246	0.246
571	  Y	 18.4	  0.1	0.000	0.246	0.246
572	  T	 16.5	  0.1	0.000	0.246	0.246
573	  D	  1.7	  7.9	0.000	0.000	0.000
574	  S	  0.4	  8.3	0.000	0.000	0.000
575	  D	  0.0	  8.4	0.000	0.000	0.000
576	  G	  0.0	  8.3	0.000	0.000	0.000
577	  H	  2.7	  0.5	0.000	0.000	0.000
578	  T	 11.3	  0.2	0.000	0.000	0.000
579	  I	 13.0	  0.0	0.000	0.000	0.000
580	  T	 11.1	  0.1	0.000	0.000	0.000
581	  S	  2.9	  0.1	0.489	0.000	0.000
582	  T	 18.2	  0.1	0.684	0.000	0.000
583	  Y	 18.5	  0.1	0.684	0.000	0.000
584	  T	 18.1	  0.0	0.932	0.000	0.000
585	  E	  1.2	  0.0	0.932	0.000	0.000
586	  M	  0.4	  0.0	0.932	0.000	0.000
587	  F	  0.7	  0.2	0.832	0.000	0.000
588	  K	  0.8	  0.2	0.709	0.000	0.000
589	  T	  1.1	  0.2	0.406	0.000	0.000
590	  L	  1.2	  0.2	0.406	0.000	0.000
591	  I	  1.7	  0.0	0.406	0.000	0.000
592	  D	  1.2	  0.0	0.406	0.000	0.000
593	  A	  0.8	  0.0	0.289	0.000	0.000
594	  E	  0.1	  0.2	0.289	0.000	0.000
595	  P	  0.0	  0.1	0.000	0.000	0.000
596	  Q	  1.5	  0.1	0.000	0.000	0.000
597	  Y	  2.2	  0.3	0.000	0.000	0.000
598	  V	  2.3	  0.5	0.000	0.000	0.000
599	  G	  0.8	  0.6	0.000	0.000	0.000
600	  E	  0.2	  0.6	0.000	0.000	0.000
601	  T	  2.2	  0.5	0.000	0.000	0.000
602	  T	  2.8	  0.1	0.000	0.000	0.000
603	  Q	  2.8	  0.1	0.000	0.000	0.000
604	  T	 12.0	  0.1	0.000	0.000	0.000
605	  I	 14.5	  0.0	0.000	0.000	0.000
606	  T	 15.9	  0.0	0.000	0.000	0.000
607	  T	  5.2	  0.1	0.000	0.000	0.000
608	  T	  2.2	  0.1	0.000	0.000	0.000
609	  D	  0.8	  0.3	0.000	0.000	0.000
610	  T	  0.5	  0.9	0.000	0.000	0.000
611	  E	  0.1	  1.1	0.000	0.000	0.000
612	  G	  0.1	  1.1	0.000	0.000	0.000
613	  H	  0.6	  1.0	0.000	0.000	0.000
614	  T	  2.1	  0.3	0.000	0.000	0.000
615	  T	  2.9	  0.1	0.000	0.185	0.185
616	  T	 12.5	  0.0	0.000	0.520	0.520
617	  I	 13.8	  0.0	0.000	1.078	1.078
618	  T	 14.1	  0.0	0.000	1.078	1.078
619	  T	  6.9	  0.0	0.000	1.078	1.078
620	  T	 11.6	  0.0	0.000	1.078	1.078
621	  Y	 14.4	  0.0	0.000	1.078	1.078
622	  N	 12.8	  0.5	0.000	0.000	0.000
623	  I	  5.7	  0.6	0.000	0.000	0.000
624	  D	  1.3	  0.9	0.000	0.000	0.000
625	  N	  0.2	  0.9	0.000	0.000	0.000
626	  N	  1.5	  0.7	0.000	0.000	0.000
627	  V	  2.8	  0.6	0.000	0.000	0.000
628	  N	  4.2	  0.3	0.000	0.000	0.000
629	  T	  3.4	  0.3	0.000	0.000	0.000
630	  V	  2.2	  0.0	0.000	0.000	0.000
631	  P	  0.7	  0.0	0.000	0.000	0.000
632	  I	  1.8	  0.0	0.000	0.000	0.000
633	  V	  2.7	  0.0	0.000	0.000	0.000
634	  H	  2.8	  0.3	0.000	0.000	0.000
635	  S	  1.9	  1.3	0.000	0.000	0.000
636	  S	  1.0	  2.9	0.000	0.000	0.000
637	  S	  0.9	  2.8	0.000	0.000	0.000
638	  N	  0.4	  3.1	0.000	0.000	0.000
639	  M	  0.6	  2.2	0.000	0.000	0.000
640	  S	  1.5	  1.5	0.000	0.000	0.000
641	  S	  2.0	  2.3	0.000	0.000	0.000
642	  S	  2.5	  2.4	0.000	0.000	0.000
643	  S	  1.8	  2.3	0.000	0.000	0.000
644	  S	  1.6	  1.5	0.000	0.000	0.000
645	  I	  2.6	  0.7	0.000	0.185	0.185
646	  I	  3.0	  0.1	0.000	0.185	0.185
647	  S	  3.2	  0.7	0.000	0.185	0.185
648	  S	  1.5	  0.7	0.000	0.185	0.185
649	  S	  6.5	  0.9	0.000	0.185	0.185
650	  I	  6.3	  0.9	0.000	0.301	0.301
651	  S	  6.2	  0.3	0.000	0.116	0.116
652	  S	  0.9	  0.2	0.000	0.116	0.116
653	  A	  0.8	  0.1	0.000	0.116	0.116
654	  V	  2.2	  0.0	0.000	0.116	0.116
655	  S	  2.0	  0.0	0.000	0.000	0.000
656	  T	  1.6	  1.5	0.000	0.000	0.000
657	  P	  0.1	  2.0	0.000	0.000	0.000
658	  S	  0.1	  2.1	0.000	0.000	0.000
659	  G	  0.0	  2.4	0.000	0.000	0.000
660	  Q	  0.5	  0.9	0.000	0.000	0.000
661	  D	  0.8	  0.4	0.000	0.000	0.000
662	  Y	  2.1	  0.3	0.000	6.580	6.580
663	  I	  5.9	  0.0	0.000	7.276	7.276
664	  I	  8.8	  0.0	0.000	7.276	7.276
665	  T	  9.1	  0.1	0.000	7.276	7.276
666	  T	  5.0	  0.2	0.000	7.276	7.276
667	  T	  1.8	  0.8	0.000	3.160	3.160
668	  G	  0.2	  2.0	0.000	0.000	0.000
669	  S	  0.1	  2.5	0.000	0.000	0.000
670	  D	  0.0	  2.4	0.000	0.000	0.000
671	  G	  0.0	  1.8	0.000	0.000	0.000
672	  K	  3.9	  0.6	0.000	0.000	0.000
673	  I	  4.4	  0.1	0.000	0.000	0.000
674	  E	  4.4	  0.1	0.000	0.000	0.000
675	  T	  0.8	  0.1	0.000	0.000	0.000
676	  D	  1.3	  0.1	0.000	0.000	0.000
677	  I	  3.9	  0.0	0.000	0.133	0.133
678	  V	  5.7	  0.0	0.000	0.133	0.133
679	  S	  5.6	  0.0	0.000	0.133	0.133
680	  H	  8.7	  0.0	0.000	0.133	0.133
681	  I	  9.5	  0.0	0.000	1.723	1.723
682	  T	 10.0	  0.0	0.000	1.723	1.723
683	  T	  5.9	  0.0	0.000	1.723	1.723
684	  T	  7.7	  0.1	0.000	1.723	1.723
685	  V	  6.6	  9.3	0.000	1.723	1.723
686	  N	  4.9	  9.3	0.000	0.000	0.000
687	  G	  0.3	  9.3	0.000	0.000	0.000
688	  K	  0.0	  9.3	0.000	0.000	0.000
689	  P	  0.0	  0.1	0.000	0.000	0.000
690	  T	  0.9	  0.1	0.000	0.000	0.000
691	  T	 12.0	  0.1	0.000	0.000	0.000
692	  I	 15.1	  0.0	0.000	0.000	0.000
693	  T	 15.8	  0.0	0.000	0.000	0.000
694	  T	  7.7	  0.0	0.000	0.000	0.000
695	  T	  5.0	  0.0	0.000	0.000	0.000
696	  V	  3.5	  0.0	0.000	0.000	0.000
697	  P	  0.6	  0.0	0.000	0.000	0.000
698	  C	  1.4	  0.0	0.000	0.000	0.000
699	  D	  2.1	  0.3	0.000	0.000	0.000
700	  V	  4.0	  0.3	0.000	0.000	0.000
701	  S	  3.0	  2.9	0.000	0.000	0.000
702	  A	  2.3	  3.0	0.000	0.000	0.000
703	  D	  0.4	  6.0	0.000	0.000	0.000
704	  K	  0.0	  6.0	0.000	0.000	0.000
705	  D	  0.0	  3.5	0.000	0.000	0.000
706	  R	  0.2	  3.5	0.000	0.000	0.000
707	  T	  1.6	  0.2	0.000	0.224	0.224
708	  T	  3.5	  0.1	0.000	0.224	0.224
709	  T	 13.4	  0.0	0.000	0.224	0.224
710	  V	 15.9	  0.0	0.000	0.224	0.224
711	  T	 15.7	  0.0	0.000	0.224	0.224
712	  H	  5.8	  1.4	0.000	0.000	0.000
713	  S	  1.7	  3.1	0.000	0.000	0.000
714	  N	  0.0	  3.1	0.000	0.000	0.000
715	  G	  0.1	  3.1	0.000	0.000	0.000
716	  V	  3.2	  1.7	0.000	0.000	0.000
717	  I	  3.6	  0.0	0.000	0.000	0.000
718	  E	  3.7	  0.1	0.000	0.000	0.000
719	  T	  1.2	  0.1	0.000	0.000	0.000
720	  N	  2.4	  0.1	0.000	0.000	0.000
721	  V	  6.3	  0.0	0.000	0.471	0.471
722	  V	  7.7	  0.0	0.000	0.471	0.471
723	  S	  6.8	  0.0	0.000	0.471	0.471
724	  H	  8.6	  0.0	0.000	0.471	0.471
725	  I	  9.3	  0.0	0.000	2.056	2.056
726	  T	  9.8	  0.0	0.000	1.916	1.916
727	  T	  5.9	  0.0	0.000	1.916	1.916
728	  T	  7.7	  0.1	0.000	1.916	1.916
729	  V	  6.6	  9.3	0.000	1.916	1.916
730	  N	  4.9	  9.3	0.000	0.000	0.000
731	  G	  0.3	  9.3	0.000	0.000	0.000
732	  K	  0.0	  9.3	0.000	0.000	0.000
733	  P	  0.0	  0.1	0.000	0.000	0.000
734	  T	  0.9	  0.1	0.000	0.000	0.000
735	  T	 12.0	  0.1	0.000	0.000	0.000
736	  I	 15.1	  0.0	0.000	0.000	0.000
737	  T	 15.8	  0.0	0.000	0.000	0.000
738	  T	  7.7	  0.0	0.000	0.000	0.000
739	  T	  5.0	  0.0	0.000	0.000	0.000
740	  V	  3.5	  0.0	0.000	0.000	0.000
741	  P	  0.6	  0.0	0.000	0.000	0.000
742	  C	  1.4	  0.0	0.000	0.000	0.000
743	  D	  2.1	  0.3	0.000	0.000	0.000
744	  V	  4.0	  0.3	0.000	0.000	0.000
745	  S	  3.0	  2.9	0.000	0.000	0.000
746	  A	  2.3	  3.0	0.000	0.000	0.000
747	  D	  0.4	  6.0	0.000	0.000	0.000
748	  K	  0.0	  6.0	0.000	0.000	0.000
749	  D	  0.0	  3.5	0.000	0.000	0.000
750	  R	  0.2	  3.5	0.000	0.000	0.000
751	  T	  1.6	  0.2	0.000	0.224	0.224
752	  T	  3.5	  0.1	0.000	0.224	0.224
753	  T	 13.4	  0.0	0.000	0.224	0.224
754	  V	 15.9	  0.0	0.000	0.224	0.224
755	  T	 15.7	  0.0	0.000	0.224	0.224
756	  H	  5.8	  1.4	0.000	0.000	0.000
757	  S	  1.7	  3.1	0.000	0.000	0.000
758	  N	  0.0	  3.1	0.000	0.000	0.000
759	  G	  0.1	  3.1	0.000	0.000	0.000
760	  V	  3.2	  1.7	0.000	0.000	0.000
761	  I	  3.6	  0.0	0.000	0.000	0.000
762	  E	  3.7	  0.1	0.000	0.000	0.000
763	  T	  1.2	  0.1	0.000	0.000	0.000
764	  N	  2.4	  0.1	0.000	0.000	0.000
765	  V	  6.3	  0.0	0.000	0.471	0.471
766	  V	  7.7	  0.0	0.000	0.471	0.471
767	  S	  6.8	  0.0	0.000	0.471	0.471
768	  H	  8.6	  0.0	0.000	0.471	0.471
769	  I	  9.3	  0.0	0.000	2.056	2.056
770	  T	  9.8	  0.0	0.000	1.916	1.916
771	  T	  5.9	  0.0	0.000	1.916	1.916
772	  T	  7.7	  0.1	0.000	1.916	1.916
773	  V	  6.6	  9.3	0.000	1.916	1.916
774	  N	  4.9	  9.3	0.000	0.000	0.000
775	  G	  0.3	  9.3	0.000	0.000	0.000
776	  K	  0.0	  9.3	0.000	0.000	0.000
777	  P	  0.0	  0.1	0.000	0.000	0.000
778	  T	  0.9	  0.1	0.000	0.000	0.000
779	  T	 12.0	  0.1	0.000	0.000	0.000
780	  I	 15.1	  0.0	0.000	0.000	0.000
781	  T	 15.8	  0.0	0.000	0.000	0.000
782	  T	  7.7	  0.0	0.000	0.000	0.000
783	  T	  5.0	  0.0	0.000	0.000	0.000
784	  V	  3.5	  0.0	0.000	0.000	0.000
785	  P	  0.6	  0.0	0.000	0.000	0.000
786	  C	  1.4	  0.0	0.000	0.000	0.000
787	  D	  2.1	  0.3	0.000	0.000	0.000
788	  V	  4.0	  0.3	0.000	0.000	0.000
789	  S	  3.0	  2.9	0.000	0.000	0.000
790	  A	  2.3	  3.0	0.000	0.000	0.000
791	  D	  0.4	  6.0	0.000	0.000	0.000
792	  K	  0.0	  6.0	0.000	0.000	0.000
793	  D	  0.0	  3.5	0.000	0.000	0.000
794	  R	  0.2	  3.5	0.000	0.000	0.000
795	  T	  1.6	  0.2	0.000	0.224	0.224
796	  T	  3.5	  0.1	0.000	0.224	0.224
797	  T	 13.4	  0.0	0.000	0.224	0.224
798	  V	 15.9	  0.0	0.000	0.224	0.224
799	  T	 15.7	  0.0	0.000	0.224	0.224
800	  H	  5.8	  1.4	0.000	0.000	0.000
801	  S	  1.7	  3.1	0.000	0.000	0.000
802	  N	  0.0	  3.1	0.000	0.000	0.000
803	  G	  0.1	  3.1	0.000	0.000	0.000
804	  V	  3.2	  1.7	0.000	0.000	0.000
805	  I	  3.6	  0.0	0.000	0.000	0.000
806	  E	  3.7	  0.1	0.000	0.000	0.000
807	  T	  1.2	  0.1	0.000	0.000	0.000
808	  N	  2.4	  0.1	0.000	0.000	0.000
809	  V	  6.3	  0.0	0.000	0.471	0.471
810	  V	  7.7	  0.0	0.000	0.471	0.471
811	  S	  6.8	  0.0	0.000	0.471	0.471
812	  H	  8.6	  0.0	0.000	0.471	0.471
813	  I	  9.3	  0.0	0.000	2.056	2.056
814	  T	  9.8	  0.0	0.000	1.916	1.916
815	  T	  5.9	  0.0	0.000	1.916	1.916
816	  T	  7.7	  0.1	0.000	1.916	1.916
817	  V	  6.6	  9.3	0.000	1.916	1.916
818	  N	  4.9	  9.3	0.000	0.000	0.000
819	  G	  0.3	  9.3	0.000	0.000	0.000
820	  K	  0.0	  9.3	0.000	0.000	0.000
821	  P	  0.0	  0.1	0.000	0.000	0.000
822	  T	  0.9	  0.1	0.000	0.000	0.000
823	  T	 12.0	  0.1	0.000	0.000	0.000
824	  I	 15.1	  0.0	0.000	0.000	0.000
825	  T	 15.8	  0.0	0.000	0.000	0.000
826	  T	  7.7	  0.0	0.000	0.000	0.000
827	  T	  5.0	  0.0	0.000	0.000	0.000
828	  V	  3.5	  0.0	0.000	0.000	0.000
829	  P	  0.6	  0.0	0.000	0.000	0.000
830	  C	  1.4	  0.0	0.000	0.000	0.000
831	  D	  2.1	  0.3	0.000	0.000	0.000
832	  V	  4.0	  0.3	0.000	0.000	0.000
833	  S	  3.0	  2.9	0.000	0.000	0.000
834	  A	  2.3	  3.0	0.000	0.000	0.000
835	  D	  0.4	  6.0	0.000	0.000	0.000
836	  K	  0.0	  6.0	0.000	0.000	0.000
837	  D	  0.0	  3.5	0.000	0.000	0.000
838	  R	  0.2	  3.5	0.000	0.000	0.000
839	  T	  1.6	  0.2	0.000	0.224	0.224
840	  T	  3.5	  0.1	0.000	0.224	0.224
841	  T	 13.4	  0.0	0.000	0.224	0.224
842	  V	 15.9	  0.0	0.000	0.224	0.224
843	  T	 15.7	  0.0	0.000	0.224	0.224
844	  H	  5.8	  1.4	0.000	0.000	0.000
845	  S	  1.7	  3.1	0.000	0.000	0.000
846	  N	  0.0	  3.1	0.000	0.000	0.000
847	  G	  0.1	  3.1	0.000	0.000	0.000
848	  V	  3.2	  1.7	0.000	0.000	0.000
849	  I	  3.6	  0.0	0.000	0.000	0.000
850	  E	  3.7	  0.1	0.000	0.000	0.000
851	  T	  1.2	  0.1	0.000	0.000	0.000
852	  N	  2.4	  0.1	0.000	0.000	0.000
853	  V	  6.3	  0.0	0.000	0.471	0.471
854	  V	  7.7	  0.0	0.000	0.471	0.471
855	  S	  6.8	  0.0	0.000	0.471	0.471
856	  H	  8.6	  0.0	0.000	0.471	0.471
857	  I	  9.3	  0.0	0.000	2.056	2.056
858	  T	  9.8	  0.0	0.000	1.916	1.916
859	  T	  5.9	  0.0	0.000	1.916	1.916
860	  T	  7.7	  0.1	0.000	1.916	1.916
861	  V	  6.6	  9.3	0.000	1.916	1.916
862	  N	  4.9	  9.3	0.000	0.000	0.000
863	  G	  0.3	  9.3	0.000	0.000	0.000
864	  K	  0.0	  9.3	0.000	0.000	0.000
865	  P	  0.0	  0.1	0.000	0.000	0.000
866	  T	  0.9	  0.1	0.000	0.000	0.000
867	  T	 12.0	  0.1	0.000	0.000	0.000
868	  I	 15.1	  0.0	0.000	0.000	0.000
869	  T	 15.8	  0.0	0.000	0.000	0.000
870	  T	  7.7	  0.0	0.000	0.000	0.000
871	  T	  5.0	  0.0	0.000	0.000	0.000
872	  V	  3.5	  0.0	0.000	0.000	0.000
873	  P	  0.6	  0.0	0.000	0.000	0.000
874	  C	  1.4	  0.0	0.000	0.000	0.000
875	  D	  2.1	  0.3	0.000	0.000	0.000
876	  V	  4.0	  0.3	0.000	0.000	0.000
877	  S	  3.0	  2.9	0.000	0.000	0.000
878	  A	  2.3	  3.0	0.000	0.000	0.000
879	  D	  0.4	  6.0	0.000	0.000	0.000
880	  K	  0.0	  6.0	0.000	0.000	0.000
881	  D	  0.0	  3.5	0.000	0.000	0.000
882	  R	  0.2	  3.5	0.000	0.000	0.000
883	  T	  1.6	  0.2	0.000	0.224	0.224
884	  T	  3.5	  0.1	0.000	0.224	0.224
885	  T	 13.4	  0.0	0.000	0.224	0.224
886	  V	 15.9	  0.0	0.000	0.224	0.224
887	  T	 15.7	  0.0	0.000	0.224	0.224
888	  H	  5.8	  1.4	0.000	0.000	0.000
889	  S	  1.7	  3.1	0.000	0.000	0.000
890	  N	  0.0	  3.1	0.000	0.000	0.000
891	  G	  0.1	  3.1	0.000	0.000	0.000
892	  V	  3.2	  1.7	0.000	0.000	0.000
893	  I	  3.6	  0.0	0.000	0.000	0.000
894	  E	  3.7	  0.1	0.000	0.000	0.000
895	  T	  1.2	  0.1	0.000	0.000	0.000
896	  N	  2.4	  0.1	0.000	0.000	0.000
897	  V	  6.3	  0.0	0.000	0.471	0.471
898	  V	  7.7	  0.0	0.000	0.471	0.471
899	  S	  6.8	  0.0	0.000	0.471	0.471
900	  H	  8.6	  0.0	0.000	0.471	0.471
901	  I	  9.3	  0.0	0.000	2.056	2.056
902	  T	  9.8	  0.0	0.000	1.916	1.916
903	  T	  5.9	  0.0	0.000	1.916	1.916
904	  T	  7.7	  0.1	0.000	1.916	1.916
905	  V	  6.6	  9.3	0.000	1.916	1.916
906	  N	  4.9	  9.3	0.000	0.000	0.000
907	  G	  0.3	  9.3	0.000	0.000	0.000
908	  K	  0.0	  9.3	0.000	0.000	0.000
909	  P	  0.0	  0.1	0.000	0.000	0.000
910	  T	  0.9	  0.1	0.000	0.000	0.000
911	  T	 12.1	  0.1	0.000	0.000	0.000
912	  I	 15.2	  0.0	0.000	0.000	0.000
913	  T	 15.7	  0.0	0.000	0.000	0.000
914	  T	  6.1	  0.0	0.000	0.000	0.000
915	  T	  4.3	  0.1	0.000	0.000	0.000
916	  T	  5.3	  0.1	0.000	0.000	0.000
917	  T	  4.7	  0.1	0.000	0.000	0.000
918	  K	  4.0	  0.2	0.000	0.000	0.000
919	  L	  1.7	  0.2	0.000	0.000	0.000
920	  N	  0.9	  0.2	0.000	0.000	0.000
921	  N	  0.2	  0.3	0.000	0.000	0.000
922	  A	  0.1	  0.2	0.000	0.000	0.000
923	  H	  0.8	  0.2	0.000	0.000	0.000
924	  T	  2.4	  0.2	0.000	0.000	0.000
925	  T	  3.1	  0.1	0.000	0.000	0.000
926	  T	  5.0	  0.1	0.000	0.000	0.000
927	  L	  3.6	  0.1	0.000	0.000	0.000
928	  T	  3.1	  0.1	0.000	0.000	0.000
929	  N	  0.5	  7.6	0.000	0.000	0.000
930	  K	  0.3	  7.8	0.000	0.000	0.000
931	  D	  0.0	  7.8	0.000	0.000	0.000
932	  G	  0.0	  7.8	0.000	0.000	0.000
933	  S	  3.8	  0.5	0.341	0.000	0.000
934	  V	  4.5	  0.3	0.341	1.211	1.211
935	  D	  4.7	  0.3	0.578	1.211	1.211
936	  T	  1.6	  0.3	0.578	1.211	1.211
937	  K	  2.3	  0.0	0.578	1.211	1.211
938	  I	 10.7	  0.0	0.578	51.214	51.214
939	  V	 10.9	  0.0	0.578	53.559	53.559
940	  V	  9.9	  0.0	0.578	53.784	53.784
941	  G	  1.4	  0.0	0.578	53.426	53.426
942	  V	  2.0	  0.0	0.000	53.426	53.426
943	  T	  3.3	  0.1	0.000	30.268	30.268
944	  T	  3.8	  0.1	0.000	15.128	15.128
945	  T	  2.7	  0.1	0.000	5.876	5.876
946	  N	  2.1	  0.3	0.000	0.308	0.308
947	  Q	  1.8	  0.4	0.000	0.108	0.108
948	  F	  1.6	  0.4	0.000	0.108	0.108
949	  G	  0.5	  0.3	0.000	0.000	0.000
950	  Q	  0.3	  0.2	0.000	0.000	0.000
951	  P	  0.0	  0.0	0.000	0.156	0.156
952	  V	  3.4	  0.0	0.000	22.101	22.101
953	  I	  4.9	  0.0	0.000	23.430	23.430
954	  T	  5.1	  0.0	0.000	23.521	23.521
955	  S	  3.6	  0.0	0.000	23.521	23.521
956	  I	 15.2	  0.0	0.000	23.521	23.521
957	  T	 39.2	  0.0	0.000	17.651	17.651
958	  Y	 37.8	  0.0	0.000	13.830	13.830
959	  T	 26.8	  0.1	0.000	0.000	0.000
960	  P	  0.5	  0.2	0.000	0.000	0.000
961	  K	  0.1	  0.6	0.000	0.000	0.000
962	  A	  0.1	  0.6	0.000	0.000	0.000
963	  D	  0.1	  0.7	0.000	0.000	0.000
964	  S	  1.4	  0.9	0.000	0.000	0.000
965	  H	  1.4	  1.2	0.000	0.000	0.000
966	  S	  1.4	  1.7	0.000	0.000	0.000
967	  N	  0.0	  1.7	0.000	0.000	0.000
968	  N	  0.1	  1.5	0.000	0.000	0.000
969	  N	  0.1	  1.0	0.000	0.000	0.000
970	  V	  0.2	  0.5	0.000	0.421	0.421
971	  G	  0.1	  0.2	0.000	0.421	0.421
972	  T	  4.1	  0.2	0.000	0.421	0.421
973	  V	  4.6	  0.2	0.000	0.421	0.421
974	  A	  4.6	  0.2	0.000	0.421	0.421
975	  G	  0.6	  0.3	0.000	0.000	0.000
976	  T	  0.1	  0.8	0.139	0.000	0.000
977	  K	  0.1	  0.7	0.139	0.000	0.000
978	  G	  0.1	  0.7	0.139	0.000	0.000
979	  A	  0.1	  0.8	0.139	0.000	0.000
980	  A	  0.1	  1.9	0.139	0.000	0.000
981	  G	  0.0	  1.8	0.139	0.000	0.000
982	  N	  0.0	  1.7	0.139	0.000	0.000
983	  N	  0.0	 13.4	0.000	0.000	0.000
984	  P	  0.0	 12.1	0.000	0.000	0.000
985	  S	  0.1	 12.6	0.000	0.000	0.000
986	  G	  0.1	 12.7	0.000	0.000	0.000
987	  T	  0.6	  0.8	0.000	0.000	0.000
988	  N	  0.5	  0.6	0.000	0.000	0.000
989	  K	  0.5	  0.2	0.000	0.000	0.000
990	  P	  0.0	  0.2	0.000	0.000	0.000
991	  Q	  0.1	  0.2	0.000	0.000	0.000
992	  T	  0.1	  0.2	0.000	0.000	0.000
993	  N	  0.1	  0.7	0.111	0.000	0.000
994	  P	  0.0	  0.7	0.111	0.000	0.000
995	  T	  0.3	  1.0	0.226	0.000	0.000
996	  A	  0.3	  1.1	0.226	0.000	0.000
997	  N	  0.3	  1.6	0.226	0.000	0.000
998	  A	  0.0	  2.3	0.226	0.000	0.000
999	  G	  0.0	  3.0	0.226	0.000	0.000
1000	  S	  0.0	  3.5	0.116	0.000	0.000
1001	  N	  0.0	  2.9	0.000	0.000	0.000
1002	  G	  0.0	  2.2	0.000	0.000	0.000
1003	  S	  0.1	  1.1	0.000	0.000	0.000
1004	  S	  0.0	  0.8	0.682	0.000	0.000
1005	  P	  0.0	  0.2	0.682	0.000	0.000
1006	  A	  0.0	  0.5	0.682	0.000	0.000
1007	  A	  0.0	  0.5	0.682	0.000	0.000
1008	  N	  0.0	  1.5	0.682	0.000	0.000
1009	  A	  0.0	  1.8	0.682	0.000	0.000
1010	  G	  0.1	  1.5	0.430	0.000	0.000
1011	  S	  0.4	  1.5	0.153	0.000	0.000
1012	  A	  1.5	  0.3	0.000	0.000	0.000
1013	  V	  2.0	  0.0	0.000	0.000	0.000
1014	  V	  1.7	  0.0	0.000	0.000	0.000
1015	  P	  0.6	  0.0	0.000	0.000	0.000
1016	  K	  0.0	  0.0	0.000	0.000	0.000
1017	  A	  0.0	  0.0	0.000	0.000	0.000
1018	  P	  0.0	  0.3	0.000	0.000	0.000
1019	  A	  0.0	  0.5	0.000	0.000	0.000
1020	  S	  0.1	  0.7	0.000	0.000	0.000
1021	  N	  0.1	  0.8	0.535	0.000	0.000
1022	  S	  0.2	  0.6	0.980	0.000	0.000
1023	  A	  0.3	  0.3	0.980	0.000	0.000
1024	  A	  0.7	  0.1	0.980	0.000	0.000
1025	  V	  2.0	  0.0	0.980	0.000	0.000
1026	  Q	  2.1	  0.1	0.980	0.000	0.000
1027	  Q	  1.8	  0.1	0.717	0.000	0.000
1028	  Q	  0.5	  0.2	0.400	0.000	0.000
1029	  S	  0.3	  0.2	0.000	0.000	0.000
1030	  S	  3.1	  3.7	0.000	0.000	0.000
1031	  A	  3.1	  3.8	0.000	0.000	0.000
1032	  S	  3.1	  4.4	0.000	0.000	0.000
1033	  G	  0.2	  4.4	0.000	0.000	0.000
1034	  T	  0.3	  0.9	0.000	0.000	0.000
1035	  T	  0.2	  2.4	0.000	0.000	0.000
1036	  P	  0.1	  1.8	0.000	0.000	0.000
1037	  G	  0.0	  2.1	0.000	0.000	0.000
1038	  A	  0.2	  2.1	0.000	0.000	0.000
1039	  S	  0.4	  0.4	0.000	0.000	0.000
1040	  A	  0.4	  0.3	0.000	0.000	0.000
1041	  A	  0.2	  0.2	0.000	0.000	0.000
1042	  P	  0.0	  0.2	0.000	0.000	0.000
1043	  T	  4.2	  0.2	0.000	0.000	0.000
1044	  I	  4.5	  0.2	0.000	0.000	0.000
1045	  Q	  4.7	  0.0	0.133	0.000	0.000
1046	  Q	  1.7	  0.0	0.133	0.000	0.000
1047	  I	  1.7	  0.0	0.133	0.000	0.000
1048	  N	  1.5	  2.5	0.540	0.000	0.000
1049	  K	  0.4	  2.5	0.540	0.000	0.000
1050	  N	  0.1	  2.5	0.661	0.000	0.000
1051	  A	  0.2	  2.6	0.528	0.000	0.000
1052	  A	  0.2	  0.2	0.528	0.000	0.000
1053	  S	  0.3	  0.2	0.528	0.000	0.000
1054	  T	  3.3	  0.2	0.121	0.000	0.000
1055	  L	  3.3	  0.1	0.121	0.000	0.000
1056	  K	  3.3	  0.1	0.121	0.000	0.000
1057	  Q	  0.5	  0.1	0.000	0.000	0.000
1058	  T	  1.5	  0.1	0.000	0.006	0.006
1059	  K	  2.0	  0.1	0.000	0.014	0.014
1060	  F	  3.8	  0.0	0.000	85.372	85.372
1061	  C	  3.0	  0.0	0.657	91.966	91.966
1062	  V	 10.5	  0.0	0.657	98.419	98.419
1063	  T	 12.6	  0.0	1.061	98.951	98.951
1064	  I	 18.9	  0.0	1.061	99.906	99.906
1065	  V	 12.3	  0.0	1.178	99.988	99.988
1066	  L	 11.0	  0.0	1.178	99.992	99.992
1067	  T	  6.3	  0.0	1.178	99.972	99.972
1068	  I	  7.6	  0.0	1.178	99.961	99.961
1069	  L	  5.2	  0.2	1.178	99.800	99.800
1070	  M	  5.1	  0.2	1.178	98.869	98.869
1071	  N	  4.1	  0.2	0.886	97.719	97.719
1072	  Y	  4.5	  0.2	0.099	97.673	97.673
1073	  F	  3.2	  0.0	0.000	97.511	97.511
1074	  L	  1.5	  0.0	0.000	91.161	91.161
1075	  N	  0.5	  0.0	0.000	0.009	0.009
