res	aa	Beta	Turn	Helix	Aggregation	Conc-Stab_Aggregation
01	  M	  0.7	  0.0	0.000	0.000	0.000
02	  Y	  2.4	  0.0	0.000	0.000	0.000
03	  S	  2.9	  0.1	0.082	0.000	0.000
04	  K	  2.8	  0.1	0.082	0.000	0.000
05	  T	  3.9	  0.1	0.082	2.582	2.582
06	  T	 20.0	  0.1	0.339	6.869	6.869
07	  F	 23.1	  0.0	0.432	23.729	23.729
08	  T	 20.7	  0.2	2.700	25.031	25.031
09	  A	  4.7	  0.2	2.760	27.197	27.197
10	  N	  0.4	  0.2	7.386	29.751	29.751
11	  I	  1.4	  0.2	8.311	92.946	92.946
12	  L	  2.5	  0.0	8.760	98.432	98.432
13	  F	  4.3	  0.0	9.355	99.374	99.374
14	  C	  4.0	  0.0	14.271	99.407	99.407
15	  L	  3.4	  0.0	14.434	99.758	99.758
16	  L	  2.2	  0.0	14.532	99.618	99.618
17	  L	  1.9	  0.0	14.532	98.765	98.765
18	  L	  1.3	  0.0	14.242	93.805	93.805
19	  L	  2.7	  0.0	13.850	81.751	81.751
20	  R	  2.5	  0.0	12.808	0.200	0.200
21	  C	 20.3	  0.0	6.434	0.200	0.200
22	  C	 19.3	  0.0	3.371	0.703	0.703
23	  A	 19.1	  0.0	2.155	0.693	0.693
24	  A	  2.5	  0.0	1.548	0.686	0.686
25	  I	  1.8	  0.0	0.000	0.680	0.680
26	  L	  1.8	  0.0	0.000	0.655	0.655
27	  E	  1.4	  0.7	0.000	0.001	0.001
28	  P	  0.1	  0.9	0.000	0.000	0.000
29	  D	  0.0	  1.1	0.000	0.000	0.000
30	  N	  0.0	  1.2	0.000	0.000	0.000
31	  S	  0.6	  0.5	0.000	0.000	0.000
32	  L	  2.2	  0.3	0.000	0.000	0.000
33	  Q	  3.4	  0.1	0.000	0.000	0.000
34	  I	  3.0	  0.0	0.000	0.000	0.000
35	  F	  2.4	  0.1	0.000	0.000	0.000
36	  D	  1.7	  0.1	0.108	0.000	0.000
37	  S	  1.9	  0.1	0.108	0.000	0.000
38	  F	  2.0	  0.2	0.108	0.000	0.000
39	  L	  1.5	  0.1	0.108	0.000	0.000
40	  S	  1.0	  0.1	0.108	0.000	0.000
41	  N	  0.1	  4.4	0.108	0.000	0.000
42	  P	  0.0	  4.4	0.000	0.000	0.000
43	  S	  0.4	  4.4	0.000	0.000	0.000
44	  K	  0.5	  4.4	0.000	0.000	0.000
45	  Y	  0.5	  0.5	0.000	0.000	0.000
46	  P	  0.1	  0.7	0.000	0.000	0.000
47	  L	  0.1	  1.0	0.000	0.000	0.000
48	  G	  0.2	  1.0	0.000	0.000	0.000
49	  C	  0.3	  0.6	0.000	0.000	0.000
50	  S	  0.2	  0.6	0.151	0.000	0.000
51	  P	  0.2	  0.2	0.151	0.000	0.000
52	  K	  5.4	  0.2	0.151	0.000	0.000
53	  I	  6.3	  0.2	0.151	0.000	0.000
54	  T	  6.3	  0.0	0.151	0.000	0.000
55	  N	  0.9	  0.4	0.151	0.000	0.000
56	  P	  0.0	  0.6	0.000	0.000	0.000
57	  K	  0.0	  0.9	0.000	0.000	0.000
58	  K	  0.0	  0.9	0.000	0.000	0.000
59	  G	  0.0	  0.5	0.246	0.000	0.000
60	  L	  1.9	  0.3	0.246	0.000	0.000
61	  S	  2.9	  0.0	0.865	0.000	0.000
62	  M	  3.5	  0.1	0.865	0.000	0.000
63	  E	  1.9	  0.1	0.865	0.000	0.000
64	  L	  1.4	  0.2	0.865	0.000	0.000
65	  Y	 10.4	  0.2	0.865	0.000	0.000
66	  S	 10.5	  0.1	0.619	0.000	0.000
67	  Y	 10.0	  0.2	0.291	0.000	0.000
68	  P	  0.3	  0.1	0.000	0.000	0.000
69	  Y	  1.2	  0.2	0.000	0.000	0.000
70	  R	  1.3	  0.3	0.000	0.000	0.000
71	  K	  1.3	  0.7	0.000	0.000	0.000
72	  K	  0.1	  1.1	0.000	0.000	0.000
73	  G	  0.1	  1.0	0.000	0.000	0.000
74	  S	  0.1	  0.9	0.000	0.000	0.000
75	  H	  0.1	  0.7	0.000	0.000	0.000
76	  P	  0.1	  0.3	0.000	0.000	0.000
77	  C	  3.5	  0.3	0.000	0.000	0.000
78	  W	  3.6	  0.3	0.000	0.000	0.000
79	  D	  3.6	  0.1	0.257	0.000	0.000
80	  P	  0.1	  0.1	0.257	0.000	0.000
81	  A	  0.3	  0.1	0.257	0.000	0.000
82	  Y	  2.0	  0.1	0.257	0.000	0.000
83	  L	  2.0	  0.0	0.257	0.000	0.000
84	  D	  1.7	  5.7	0.257	0.000	0.000
85	  P	  0.1	  5.7	0.000	0.000	0.000
86	  N	  0.1	  5.7	0.000	0.000	0.000
87	  F	  0.1	  6.1	0.000	0.000	0.000
88	  P	  0.1	  0.4	0.000	0.000	0.000
89	  R	  0.4	  0.4	0.000	0.000	0.000
90	  V	  0.5	  0.4	0.000	0.000	0.000
91	  G	  0.5	  0.0	0.000	0.000	0.000
92	  Y	  0.6	  0.1	0.000	0.000	0.000
93	  K	  0.5	  0.3	0.000	0.000	0.000
94	  K	  0.5	  0.3	0.000	0.000	0.000
95	  N	  0.1	  0.3	0.138	0.000	0.000
96	  K	  0.6	  0.3	0.138	0.000	0.000
97	  L	  1.0	  0.0	0.138	0.000	0.000
98	  I	  2.2	  0.0	0.138	0.000	0.000
99	  A	  2.0	  0.0	0.138	0.000	0.000
100	  R	  6.7	  0.3	0.138	0.000	0.000
101	  V	  5.7	  1.2	0.000	0.000	0.000
102	  D	  5.5	  1.2	0.000	0.000	0.000
103	  G	  0.2	  1.2	0.000	0.000	0.000
104	  V	  0.6	  1.0	0.000	0.000	0.000
105	  S	  0.6	  0.9	0.000	0.000	0.000
106	  G	  0.6	  0.9	0.000	0.000	0.000
107	  D	  0.9	  1.2	0.000	0.000	0.000
108	  I	  5.2	  1.1	0.000	0.000	0.000
109	  N	  6.0	  0.5	0.000	0.000	0.000
110	  F	  8.4	  0.5	0.000	0.000	0.000
111	  N	  4.6	  0.2	0.000	0.000	0.000
112	  F	  3.9	  0.2	0.000	0.000	0.000
113	  H	  0.7	  0.4	0.000	0.000	0.000
114	  P	  0.2	  0.5	0.000	0.000	0.000
115	  K	  0.3	  0.5	0.000	0.000	0.000
116	  R	  0.4	  0.5	0.000	0.000	0.000
117	  Q	  1.6	  0.1	0.000	0.000	0.000
118	  C	  1.6	  0.1	0.000	0.000	0.000
119	  T	  1.5	  0.0	0.277	0.000	0.000
120	  P	  0.3	  0.0	0.277	0.000	0.000
121	  I	  0.1	  0.5	0.277	0.000	0.000
122	  A	  0.2	  0.5	0.277	0.000	0.000
123	  D	  0.2	  0.5	0.277	0.000	0.000
124	  Y	  0.1	  0.5	0.277	0.000	0.000
125	  L	  0.1	  0.0	0.111	0.000	0.000
126	  P	  0.0	  1.1	0.000	0.000	0.000
127	  P	  0.0	  1.1	0.000	0.000	0.000
128	  N	  0.9	  1.3	0.000	0.000	0.000
129	  F	  4.2	  1.3	0.000	0.000	0.000
130	  N	  5.1	  0.7	0.000	0.000	0.000
131	  Y	  5.0	  0.7	0.000	0.000	0.000
132	  N	  1.7	  0.5	0.000	0.000	0.000
133	  E	  0.7	  0.5	0.000	0.000	0.000
134	  P	  0.0	  0.0	0.000	0.182	0.182
135	  I	  3.5	  0.0	0.000	16.762	16.762
136	  T	  5.1	  0.0	0.000	17.155	17.155
137	  T	  5.6	  0.1	0.000	17.835	17.835
138	  T	  2.6	  0.1	0.000	18.996	18.996
139	  N	  2.3	  0.1	0.366	20.953	20.953
140	  F	  6.6	  0.1	0.366	68.679	68.679
141	  T	  6.9	  0.0	0.889	72.044	72.044
142	  M	  6.6	  0.0	0.889	75.754	75.754
143	  L	  2.4	  0.0	0.889	78.641	78.641
144	  L	  1.6	  0.2	0.889	79.046	79.046
145	  Y	  0.8	  0.2	0.889	74.339	74.339
146	  G	  0.4	  0.2	0.638	56.646	56.646
147	  Y	  2.7	  0.2	0.226	54.914	54.914
148	  F	  2.7	  0.0	0.000	51.039	51.039
149	  K	  2.6	  0.1	0.000	0.000	0.000
150	  P	  0.2	  0.1	0.000	0.000	0.000
151	  K	  5.4	  0.1	0.000	0.000	0.000
152	  V	  6.0	  0.1	0.000	0.000	0.000
153	  T	  6.0	  0.1	0.000	0.000	0.000
154	  G	  0.7	  0.1	0.000	0.000	0.000
155	  L	  0.2	  0.1	0.000	0.000	0.000
156	  H	  3.0	  0.1	0.000	0.000	0.000
157	  T	  9.9	  0.0	0.000	0.000	0.000
158	  F	 12.5	  0.0	0.000	0.000	0.000
159	  D	 10.3	  0.3	0.000	0.000	0.000
160	  I	  4.9	  0.3	0.000	0.000	0.000
161	  S	  2.2	  3.2	2.186	0.000	0.000
162	  A	  1.6	  3.3	2.186	0.000	0.000
163	  D	  0.3	  3.1	2.351	0.000	0.000
164	  D	  0.0	  3.1	2.510	0.000	0.000
165	  L	  0.5	  0.2	2.510	3.418	3.418
166	  L	  1.2	  0.0	2.510	4.652	4.652
167	  F	  2.4	  0.1	2.129	4.652	4.652
168	  M	  4.0	  0.1	1.100	4.652	4.652
169	  N	  3.3	  0.5	0.578	4.652	4.652
170	  F	  2.3	  1.4	0.229	4.438	4.438
171	  G	  0.2	  1.4	0.131	0.559	0.559
172	  A	  0.2	  2.1	0.000	0.210	0.210
173	  G	  0.0	  1.7	0.000	0.000	0.000
174	  N	  0.2	  0.9	0.000	0.000	0.000
175	  A	  0.3	  0.7	0.000	0.000	0.000
176	  F	  5.2	  0.0	0.000	0.000	0.000
177	  D	  6.2	  0.0	0.174	0.000	0.000
178	  C	 14.4	  0.0	0.174	0.000	0.000
179	  C	 10.7	  0.1	0.174	0.000	0.000
180	  R	  9.9	  0.4	0.174	0.000	0.000
181	  R	  1.6	  0.5	0.174	0.000	0.000
182	  D	  0.6	  0.7	0.174	0.000	0.000
183	  S	  0.2	  0.6	0.000	0.000	0.000
184	  T	  0.4	  0.6	0.000	0.000	0.000
185	  A	  0.3	  0.6	0.000	0.000	0.000
186	  D	  1.8	  0.4	0.000	0.000	0.000
187	  T	  2.5	  0.3	0.000	6.473	6.473
188	  F	  2.6	  4.3	0.000	17.223	17.223
189	  G	  1.0	  4.3	0.304	17.434	17.434
190	  N	  0.7	  4.3	1.214	19.992	19.992
191	  Y	  3.0	  4.3	1.214	81.215	81.215
192	  V	  4.4	  0.0	1.368	89.110	89.110
193	  A	  3.9	  0.0	1.368	89.540	89.540
194	  W	  2.0	  0.0	1.368	89.559	89.559
195	  A	  0.8	  0.0	1.368	89.406	89.406
196	  I	  1.3	  0.0	1.237	87.485	87.485
197	  W	  0.9	  0.1	1.237	62.649	62.649
198	  G	  0.7	  0.2	1.306	2.306	2.306
199	  R	  1.7	  0.2	0.988	0.000	0.000
200	  R	  6.3	  0.2	0.214	0.000	0.000
201	  I	 10.6	  0.0	0.214	0.000	0.000
202	  V	  9.9	  0.1	0.214	0.000	0.000
203	  R	  5.2	  0.1	0.214	0.000	0.000
204	  N	  0.9	  0.1	1.194	0.000	0.000
205	  K	  1.6	  0.1	1.095	0.000	0.000
206	  L	  4.8	  0.1	1.095	0.000	0.000
207	  T	 11.8	  0.1	1.095	0.000	0.000
208	  V	 13.7	  0.0	1.095	0.000	0.000
209	  R	 12.2	  0.2	1.095	0.000	0.000
210	  L	  5.4	  0.3	0.694	0.000	0.000
211	  D	  2.0	  0.6	0.694	0.000	0.000
212	  K	  0.1	  0.7	0.481	0.000	0.000
213	  G	  0.1	  0.5	0.269	0.000	0.000
214	  I	  1.7	  0.4	0.000	0.000	0.000
215	  Y	  1.8	  0.1	0.000	0.000	0.000
216	  Y	  1.8	  0.1	0.116	0.000	0.000
217	  P	  0.2	  0.1	0.228	0.000	0.000
218	  L	  1.5	  0.2	0.228	0.000	0.000
219	  R	  2.1	  0.2	0.228	0.000	0.000
220	  L	  2.6	  0.1	0.228	0.000	0.000
221	  F	  3.1	  0.1	0.228	0.000	0.000
222	  F	  2.9	  0.1	0.112	0.000	0.000
223	  N	  2.4	  0.2	0.213	0.000	0.000
224	  N	  0.5	  1.2	0.213	0.000	0.000
225	  R	  0.2	  1.1	0.213	0.000	0.000
226	  D	  1.2	  1.2	0.213	0.000	0.000
227	  Y	  2.1	  1.3	0.213	0.000	0.000
228	  Y	  2.0	  0.8	0.213	0.000	0.000
229	  G	  1.0	  0.8	0.287	0.000	0.000
230	  Q	  0.8	  0.7	0.287	0.000	0.000
231	  M	  2.3	  0.5	0.287	0.000	0.000
232	  R	  2.8	  0.0	0.287	0.000	0.000
233	  L	  5.6	  0.0	0.287	0.000	0.000
234	  T	 17.1	  0.0	0.287	0.000	0.000
235	  F	 16.8	  0.1	0.287	0.000	0.000
236	  K	 13.8	  0.1	0.127	0.000	0.000
237	  T	  0.8	  0.3	0.000	0.000	0.000
238	  E	  0.4	  0.5	0.000	0.000	0.000
239	  H	  0.2	  0.9	0.000	0.000	0.000
240	  G	  0.1	  1.0	0.000	0.000	0.000
241	  S	  0.2	  0.8	0.000	0.000	0.000
242	  E	  0.2	  0.6	0.000	0.000	0.000
243	  R	  6.3	  0.2	0.000	0.000	0.000
244	  I	  6.7	  0.2	0.000	0.000	0.000
245	  T	  6.9	  0.1	0.000	0.000	0.000
246	  D	  1.3	  0.4	0.000	0.000	0.000
247	  F	  1.1	  0.7	0.000	0.000	0.000
248	  S	  0.8	  0.6	0.000	0.000	0.000
249	  D	  1.1	  0.6	0.000	0.000	0.000
250	  Y	  2.1	  0.3	0.000	4.065	4.065
251	  F	  4.2	  0.0	0.000	4.065	4.065
252	  F	  8.2	  0.0	0.000	4.065	4.065
253	  S	 10.8	  0.4	0.000	4.065	4.065
254	  V	  9.1	  0.5	0.000	4.065	4.065
255	  D	  4.4	  0.6	0.000	0.000	0.000
256	  D	  0.4	  1.0	0.000	0.000	0.000
257	  T	  0.3	  0.8	0.000	0.000	0.000
258	  S	  0.3	  2.0	0.000	0.000	0.000
259	  E	  0.1	  1.9	0.000	0.000	0.000
260	  G	  0.0	  1.5	0.000	0.000	0.000
261	  C	  0.0	  2.5	0.000	0.000	0.000
262	  P	  0.0	  1.2	0.000	0.000	0.000
263	  G	  0.0	  1.2	0.132	0.306	0.306
264	  L	  0.3	  1.2	0.132	0.306	0.306
265	  I	 15.2	  0.0	0.132	0.306	0.306
266	  T	 24.4	  0.0	0.132	0.306	0.306
267	  Y	 25.1	  0.1	0.132	0.306	0.306
268	  E	 11.0	  0.1	0.132	0.000	0.000
269	  S	  1.1	  0.2	0.000	0.000	0.000
270	  E	  0.2	  0.2	0.000	0.000	0.000
271	  C	  0.4	  0.7	0.000	0.000	0.000
272	  A	  0.5	  0.7	0.000	0.000	0.000
273	  D	  1.6	  0.6	0.000	0.000	0.000
274	  V	  4.2	  0.7	0.000	0.000	0.000
275	  K	  4.2	  0.1	0.000	0.000	0.000
276	  S	  3.2	  0.2	0.000	0.000	0.000
277	  S	  0.8	  0.2	0.000	0.000	0.000
278	  T	  4.4	  0.2	0.000	0.000	0.000
279	  V	  5.4	  0.1	0.000	0.000	0.000
280	  L	  5.0	  0.1	0.000	0.000	0.000
281	  E	  1.5	  0.1	0.000	0.000	0.000
282	  T	  0.4	  0.1	0.000	0.000	0.000
283	  D	  0.7	  0.1	2.041	0.000	0.000
284	  Y	  1.3	  0.0	2.041	0.739	0.739
285	  I	 13.9	  0.0	2.041	0.910	0.910
286	  T	 17.1	  0.0	2.134	0.910	0.910
287	  I	 16.8	  0.0	2.134	0.910	0.910
288	  Q	  4.4	  0.0	2.134	0.910	0.910
289	  A	  0.5	  0.1	1.592	0.782	0.782
290	  E	  0.3	  0.1	1.420	0.000	0.000
291	  K	  0.6	  0.1	0.803	0.000	0.000
292	  E	  1.5	  0.1	0.304	0.000	0.000
293	  V	  1.9	  0.0	0.138	0.000	0.000
294	  L	  1.4	  0.0	0.138	0.000	0.000
295	  P	  0.4	  0.0	0.000	0.000	0.000
296	  I	  1.8	  0.0	0.000	0.000	0.000
297	  I	  3.2	  0.0	0.000	0.000	0.000
298	  K	  4.0	  0.0	0.000	0.000	0.000
299	  T	  4.7	  0.0	0.000	22.894	22.894
300	  I	  4.3	  0.0	0.000	26.490	26.490
301	  Y	  4.9	  0.0	0.000	26.490	26.490
302	  Y	  3.0	  0.2	0.000	26.490	26.490
303	  V	  2.7	  0.2	0.000	26.490	26.490
304	  G	  1.4	  0.2	0.000	5.762	5.762
305	  I	  0.7	  0.2	0.000	0.796	0.796
306	  P	  0.0	  0.0	0.000	0.374	0.374
307	  C	  0.7	  0.2	0.000	0.000	0.000
308	  S	  1.6	  1.0	0.000	0.000	0.000
309	  S	  1.7	  1.1	0.000	0.000	0.000
310	  S	  2.5	  1.6	0.000	0.000	0.000
311	  Q	  1.8	  1.4	0.000	0.000	0.000
312	  S	  1.9	  0.6	0.000	0.000	0.000
313	  I	  1.3	  0.5	0.000	0.000	0.000
314	  Y	  1.3	  1.6	0.000	0.000	0.000
315	  G	  1.1	  1.8	0.000	0.000	0.000
316	  S	  1.0	  2.6	0.000	0.000	0.000
317	  S	  1.7	  3.3	0.000	0.000	0.000
318	  S	  2.5	  2.5	0.000	0.000	0.000
319	  S	  2.5	  3.2	0.000	0.000	0.000
320	  S	  2.5	  3.2	0.000	0.000	0.000
321	  S	  2.5	  3.2	0.000	0.000	0.000
322	  S	  1.8	  2.5	0.115	0.000	0.000
323	  S	  1.6	  1.8	0.434	0.000	0.000
324	  K	  0.9	  1.0	0.434	0.000	0.000
325	  R	  2.8	  0.5	0.434	0.000	0.000
326	  L	  5.4	  0.4	0.434	0.000	0.000
327	  D	  5.3	  0.4	0.434	0.000	0.000
328	  C	  3.4	  2.9	0.434	0.000	0.000
329	  P	  0.0	  2.8	0.000	0.000	0.000
330	  S	  0.0	  2.9	0.000	0.257	0.257
331	  G	  0.0	  2.9	0.000	0.257	0.257
332	  L	  0.6	  0.2	0.000	0.257	0.257
333	  F	  3.5	  0.1	0.000	0.257	0.257
334	  F	  3.7	  0.0	0.000	0.257	0.257
335	  D	  3.1	  0.5	1.306	0.000	0.000
336	  P	  0.2	  0.5	1.306	0.000	0.000
337	  L	  0.0	  0.5	1.306	0.000	0.000
338	  A	  0.1	  0.5	1.306	0.000	0.000
339	  E	  0.3	  0.1	1.306	0.000	0.000
340	  K	  0.9	  0.1	1.306	0.000	0.000
341	  C	  2.3	  0.1	0.311	0.000	0.000
342	  V	  5.7	  0.0	0.096	0.000	0.000
343	  S	 10.6	  0.1	0.096	0.000	0.000
344	  I	 10.6	  0.1	0.000	0.000	0.000
345	  S	  7.3	  0.1	0.000	0.000	0.000
346	  T	  1.5	  0.1	0.000	0.000	0.000
347	  P	  0.0	  0.0	0.000	0.000	0.000
348	  P	  0.0	  0.0	0.000	0.000	0.000
349	  L	  0.0	  0.0	0.000	0.000	0.000
350	  P	  0.0	  0.0	0.000	0.000	0.000
351	  P	  0.0	  0.0	0.000	0.000	0.000
352	  I	  0.0	  0.2	0.000	0.000	0.000
353	  P	  0.0	  0.4	0.000	0.000	0.000
354	  S	  0.9	  1.2	0.000	0.000	0.000
355	  S	  1.8	  2.1	0.000	0.000	0.000
356	  S	  1.9	  1.9	0.000	0.000	0.000
357	  S	  1.2	  1.8	0.000	0.000	0.000
358	  L	  0.3	  1.1	0.000	0.000	0.000
359	  P	  0.1	  0.3	0.000	0.000	0.000
360	  T	  1.3	  0.4	0.000	0.000	0.000
361	  S	  1.5	  0.5	0.000	0.000	0.000
362	  S	  1.8	  0.3	0.000	0.000	0.000
363	  Q	  0.8	  0.3	0.000	0.000	0.000
364	  E	  1.9	  0.2	0.000	0.000	0.000
365	  Y	  3.1	  0.2	0.000	0.000	0.000
366	  S	  3.7	  0.9	0.000	0.000	0.000
367	  S	  3.2	  1.8	0.000	0.000	0.000
368	  S	  1.9	  1.9	0.000	0.000	0.000
369	  S	  2.1	  1.8	0.000	0.000	0.000
370	  H	  2.9	  1.0	0.000	0.000	0.000
371	  R	  2.9	  0.1	0.000	0.000	0.000
372	  V	  1.9	  0.2	0.000	0.000	0.000
373	  P	  0.2	  0.3	0.000	0.000	0.000
374	  S	  0.9	  1.3	0.000	0.000	0.000
375	  S	  1.1	  1.4	0.000	0.000	0.000
376	  S	  1.2	  1.2	0.000	0.000	0.000
377	  H	  0.6	  1.1	0.000	0.000	0.000
378	  A	  0.7	  0.1	0.000	0.000	0.000
379	  L	  1.1	  0.0	0.000	0.104	0.104
380	  I	  1.1	  0.0	0.000	0.104	0.104
381	  H	  0.9	  0.3	0.000	0.104	0.104
382	  S	  1.2	  0.9	0.000	0.254	0.254
383	  S	  1.0	  0.9	0.000	1.645	1.645
384	  S	  1.7	  0.9	0.000	8.209	8.209
385	  V	  7.3	  0.7	0.000	55.159	55.159
386	  V	 10.6	  0.0	0.000	58.756	58.756
387	  I	 10.6	  0.0	0.000	58.756	58.756
388	  S	  4.7	  0.0	0.000	57.980	57.980
389	  T	 12.9	  0.0	0.000	57.207	57.207
390	  I	 12.7	  0.1	0.000	53.424	53.424
391	  S	 13.0	  0.7	0.000	6.643	6.643
392	  S	  1.6	  0.7	0.000	0.798	0.798
393	  S	  1.1	  0.7	0.000	0.075	0.075
394	  I	  0.3	  0.8	0.000	0.000	0.000
395	  P	  0.1	  0.4	0.000	0.000	0.000
396	  S	  0.2	  0.4	0.000	0.000	0.000
397	  S	  0.3	  0.4	0.000	0.000	0.000
398	  M	  0.3	  0.5	0.000	0.000	0.000
399	  P	  0.1	  0.5	0.000	0.000	0.000
400	  S	  0.3	  0.5	0.000	0.000	0.000
401	  S	  0.4	  0.5	0.000	0.000	0.000
402	  I	  0.4	  0.3	0.000	0.000	0.000
403	  P	  0.1	  0.4	0.000	0.000	0.000
404	  S	  0.2	  0.4	0.000	0.000	0.000
405	  S	  0.3	  0.4	0.000	0.000	0.000
406	  M	  0.3	  0.5	0.000	0.000	0.000
407	  P	  0.1	  0.5	0.000	0.000	0.000
408	  S	  0.2	  0.5	0.000	0.000	0.000
409	  S	  0.3	  0.5	0.000	0.000	0.000
410	  M	  0.3	  0.5	0.000	0.000	0.000
411	  P	  0.1	  0.5	0.000	0.000	0.000
412	  S	  0.3	  0.5	0.000	0.000	0.000
413	  S	  0.4	  0.5	0.000	0.000	0.000
414	  I	  0.4	  0.3	0.000	0.000	0.000
415	  P	  0.1	  0.4	0.000	0.000	0.000
416	  S	  0.2	  0.4	0.000	0.000	0.000
417	  S	  0.3	  0.4	0.000	0.000	0.000
418	  M	  0.3	  0.5	0.000	0.000	0.000
419	  P	  0.1	  0.5	0.000	0.000	0.000
420	  S	  0.3	  0.5	0.000	0.000	0.000
421	  S	  0.4	  0.5	0.000	0.000	0.000
422	  I	  0.4	  0.3	0.000	0.000	0.000
423	  P	  0.1	  0.4	0.000	0.000	0.000
424	  S	  0.2	  0.4	0.000	0.000	0.000
425	  S	  0.3	  0.4	0.000	0.000	0.000
426	  M	  0.3	  0.5	0.000	0.000	0.000
427	  P	  0.1	  0.5	0.000	0.000	0.000
428	  S	  0.3	  0.5	0.000	0.000	0.000
429	  S	  0.4	  0.5	0.000	0.000	0.000
430	  I	  0.4	  0.3	0.000	0.000	0.000
431	  P	  0.1	  0.4	0.000	0.000	0.000
432	  S	  0.2	  0.4	0.000	0.000	0.000
433	  S	  0.3	  0.4	0.000	0.000	0.000
434	  M	  0.3	  0.5	0.000	0.000	0.000
435	  P	  0.1	  0.5	0.000	0.000	0.000
436	  S	  0.2	  0.5	0.000	0.000	0.000
437	  S	  1.3	  0.5	0.000	0.000	0.000
438	  V	  6.5	  0.1	0.000	0.000	0.000
439	  I	  6.7	  0.0	0.000	0.000	0.000
440	  K	  5.6	  0.2	0.000	0.000	0.000
441	  P	  0.3	  0.3	0.000	0.000	0.000
442	  S	  0.4	  0.3	0.000	0.000	0.000
443	  T	 18.1	  0.3	0.000	0.000	0.000
444	  V	 18.4	  0.2	0.000	0.000	0.000
445	  S	 18.0	  0.1	0.000	0.000	0.000
446	  N	  0.3	  0.3	0.000	0.000	0.000
447	  H	  0.1	  0.6	0.000	0.000	0.000
448	  S	  1.0	  1.2	0.000	0.000	0.000
449	  S	  1.2	  1.2	0.000	0.000	0.000
450	  S	  1.2	  0.9	0.000	0.000	0.000
451	  I	  0.4	  0.9	0.000	0.000	0.000
452	  P	  0.1	  0.3	0.000	0.000	0.000
453	  S	  0.3	  0.3	0.000	0.000	0.000
454	  S	  0.4	  0.3	0.000	0.000	0.000
455	  I	  0.4	  0.3	0.000	0.000	0.000
456	  P	  0.1	  0.4	0.000	0.000	0.000
457	  S	  0.2	  0.4	0.000	0.000	0.000
458	  S	  0.3	  0.4	0.000	0.000	0.000
459	  M	  0.3	  0.5	0.000	0.000	0.000
460	  P	  0.1	  0.5	0.000	0.000	0.000
461	  S	  0.3	  0.5	0.000	0.000	0.000
462	  S	  0.4	  0.5	0.000	0.000	0.000
463	  I	  0.4	  0.3	0.000	0.000	0.000
464	  P	  0.1	  0.3	0.000	0.000	0.000
465	  S	  0.3	  0.3	0.000	0.000	0.000
466	  S	  0.4	  0.3	0.000	0.000	0.000
467	  I	  0.4	  0.3	0.000	0.000	0.000
468	  P	  0.1	  0.4	0.000	0.000	0.000
469	  S	  0.2	  0.4	0.000	0.000	0.000
470	  S	  0.3	  0.4	0.000	0.000	0.000
471	  M	  0.3	  0.5	0.000	0.000	0.000
472	  P	  0.1	  0.5	0.000	0.000	0.000
473	  S	  0.2	  0.5	0.000	0.000	0.000
474	  S	  0.3	  0.5	0.000	0.000	0.000
475	  M	  0.3	  0.5	0.000	0.000	0.000
476	  P	  0.1	  0.5	0.000	0.000	0.000
477	  S	  0.3	  0.5	0.000	0.000	0.000
478	  S	  0.4	  0.5	0.000	0.000	0.000
479	  I	  0.4	  0.3	0.000	0.000	0.000
480	  P	  0.1	  0.4	0.000	0.000	0.000
481	  S	  0.2	  0.4	0.000	0.000	0.000
482	  S	  0.3	  0.4	0.000	0.000	0.000
483	  M	  0.3	  0.5	0.000	0.000	0.000
484	  P	  0.1	  0.5	0.000	0.000	0.000
485	  S	  0.2	  0.5	0.000	0.000	0.000
486	  S	  1.3	  0.5	0.000	0.000	0.000
487	  V	  6.5	  0.1	0.000	0.000	0.000
488	  I	  6.7	  0.0	0.000	0.000	0.000
489	  K	  5.6	  0.2	0.000	0.000	0.000
490	  P	  0.3	  0.3	0.000	0.000	0.000
491	  S	  0.4	  0.3	0.000	0.000	0.000
492	  T	 18.1	  0.3	0.000	0.000	0.000
493	  V	 18.4	  0.2	0.000	0.000	0.000
494	  S	 18.0	  0.1	0.000	0.000	0.000
495	  N	  0.3	  0.3	0.000	0.000	0.000
496	  H	  0.1	  0.6	0.000	0.000	0.000
497	  S	  1.0	  1.3	0.000	0.000	0.000
498	  S	  1.1	  1.3	0.000	0.000	0.000
499	  S	  1.2	  1.1	0.000	0.000	0.000
500	  M	  0.3	  1.2	0.000	0.000	0.000
501	  P	  0.1	  0.5	0.000	0.000	0.000
502	  S	  0.3	  0.5	0.000	0.000	0.000
503	  S	  0.4	  0.5	0.000	0.000	0.000
504	  I	  0.4	  0.3	0.000	0.000	0.000
505	  P	  0.1	  0.4	0.000	0.000	0.000
506	  S	  0.2	  0.4	0.000	0.000	0.000
507	  S	  0.3	  0.4	0.000	0.000	0.000
508	  M	  0.3	  0.5	0.000	0.000	0.000
509	  P	  0.1	  0.5	0.000	0.000	0.000
510	  S	  0.2	  0.5	0.000	0.000	0.000
511	  S	  0.3	  0.5	0.000	0.000	0.000
512	  M	  0.3	  0.5	0.000	0.000	0.000
513	  P	  0.1	  0.5	0.000	0.000	0.000
514	  S	  0.2	  0.5	0.000	0.000	0.000
515	  S	  1.3	  0.5	0.000	0.000	0.000
516	  V	  6.5	  0.1	0.000	0.000	0.000
517	  I	  6.7	  0.0	0.000	0.000	0.000
518	  K	  5.6	  0.2	0.000	0.000	0.000
519	  P	  0.3	  0.3	0.000	0.000	0.000
520	  S	  0.4	  0.3	0.000	0.000	0.000
521	  T	 18.1	  0.3	0.000	0.000	0.000
522	  V	 18.4	  0.2	0.000	0.000	0.000
523	  S	 18.0	  0.1	0.000	0.000	0.000
524	  N	  0.3	  0.3	0.000	0.000	0.000
525	  H	  0.1	  0.6	0.000	0.000	0.000
526	  S	  1.0	  1.3	0.000	0.000	0.000
527	  S	  1.1	  1.3	0.000	0.000	0.000
528	  S	  1.2	  1.1	0.000	0.000	0.000
529	  M	  0.3	  1.2	0.000	0.000	0.000
530	  P	  0.1	  0.5	0.000	0.000	0.000
531	  S	  0.3	  0.5	0.000	0.000	0.000
532	  S	  0.4	  0.5	0.000	0.000	0.000
533	  I	  0.4	  0.3	0.000	0.000	0.000
534	  P	  0.1	  0.3	0.000	0.000	0.000
535	  S	  0.3	  0.3	0.000	0.000	0.000
536	  S	  0.4	  0.3	0.000	0.000	0.000
537	  I	  0.4	  0.3	0.000	0.000	0.000
538	  P	  0.1	  0.4	0.000	0.000	0.000
539	  S	  0.2	  0.4	0.000	0.000	0.000
540	  S	  0.3	  0.4	0.000	0.000	0.000
541	  M	  0.3	  0.5	0.000	0.000	0.000
542	  P	  0.1	  0.5	0.000	0.000	0.000
543	  S	  0.2	  0.5	0.000	0.000	0.000
544	  S	  1.3	  0.5	0.000	0.000	0.000
545	  V	  6.5	  0.1	0.000	0.000	0.000
546	  I	  6.7	  0.0	0.000	0.000	0.000
547	  K	  5.6	  0.2	0.000	0.000	0.000
548	  P	  0.3	  0.3	0.000	0.000	0.000
549	  S	  0.4	  0.3	0.000	0.000	0.000
550	  T	 18.1	  0.3	0.000	0.000	0.000
551	  V	 18.4	  0.2	0.000	0.000	0.000
552	  S	 18.0	  0.1	0.000	0.000	0.000
553	  N	  0.3	  0.3	0.000	0.000	0.000
554	  H	  0.1	  0.6	0.000	0.000	0.000
555	  S	  1.0	  1.3	0.000	0.000	0.000
556	  S	  1.1	  1.3	0.000	0.000	0.000
557	  S	  1.2	  1.1	0.000	0.000	0.000
558	  M	  0.3	  1.2	0.000	0.000	0.000
559	  P	  0.1	  0.5	0.000	0.000	0.000
560	  S	  0.3	  0.5	0.000	0.000	0.000
561	  S	  0.4	  0.5	0.000	0.000	0.000
562	  I	  0.4	  0.3	0.000	0.000	0.000
563	  P	  0.1	  0.3	0.000	0.000	0.000
564	  S	  0.3	  0.3	0.000	0.000	0.000
565	  S	  0.4	  0.3	0.000	0.000	0.000
566	  I	  0.4	  0.3	0.000	0.000	0.000
567	  P	  0.1	  0.4	0.000	0.000	0.000
568	  S	  0.2	  0.4	0.000	0.000	0.000
569	  S	  0.3	  0.4	0.000	0.000	0.000
570	  M	  0.3	  0.5	0.000	0.000	0.000
571	  P	  0.1	  0.5	0.000	0.000	0.000
572	  S	  0.2	  0.5	0.000	0.000	0.000
573	  S	  0.3	  0.5	0.000	0.000	0.000
574	  M	  0.3	  0.5	0.000	0.000	0.000
575	  P	  0.1	  0.5	0.000	0.000	0.000
576	  S	  0.3	  0.5	0.000	0.000	0.000
577	  S	  0.4	  0.5	0.000	0.000	0.000
578	  I	  0.4	  0.3	0.000	0.000	0.000
579	  P	  0.1	  0.4	0.000	0.000	0.000
580	  S	  0.2	  0.4	0.000	0.000	0.000
581	  S	  0.3	  0.4	0.000	0.000	0.000
582	  M	  0.3	  0.5	0.000	0.000	0.000
583	  P	  0.1	  0.5	0.000	0.000	0.000
584	  S	  0.2	  0.5	0.000	0.000	0.000
585	  S	  1.3	  0.5	0.000	0.000	0.000
586	  V	  6.5	  0.1	0.000	0.000	0.000
587	  I	  6.7	  0.0	0.000	0.000	0.000
588	  K	  5.6	  0.2	0.000	0.000	0.000
589	  P	  0.3	  0.3	0.000	0.000	0.000
590	  S	  0.4	  0.3	0.000	0.000	0.000
591	  T	 18.1	  0.3	0.000	0.000	0.000
592	  V	 18.4	  0.2	0.000	0.000	0.000
593	  S	 18.0	  0.1	0.000	0.000	0.000
594	  N	  0.3	  0.3	0.000	0.000	0.000
595	  H	  0.1	  0.6	0.000	0.000	0.000
596	  S	  1.0	  1.2	0.000	0.000	0.000
597	  S	  1.2	  1.2	0.000	0.000	0.000
598	  S	  1.2	  0.9	0.000	0.000	0.000
599	  I	  0.4	  0.7	0.000	0.000	0.000
600	  P	  0.1	  0.1	0.000	0.000	0.000
601	  K	  0.1	  0.2	0.000	0.000	0.000
602	  S	  0.6	  0.2	0.000	0.000	0.000
603	  S	  0.7	  0.2	0.000	0.000	0.000
604	  T	  0.6	  1.0	0.000	0.000	0.000
605	  P	  0.1	  1.1	0.000	0.000	0.000
606	  T	  0.0	  1.6	0.000	0.000	0.000
607	  G	  0.0	  1.6	0.000	0.000	0.000
608	  D	  0.1	  0.7	0.000	0.000	0.000
609	  I	  0.1	  0.5	0.000	0.000	0.000
610	  P	  0.1	  0.0	0.000	0.000	0.000
611	  E	  0.0	  0.0	0.000	0.000	0.000
612	  P	  0.0	  0.0	0.000	0.000	0.000
613	  R	  2.7	  0.0	0.000	0.000	0.000
614	  I	  3.2	  0.0	0.000	0.979	0.979
615	  L	  6.6	  0.0	0.000	0.979	0.979
616	  N	  6.2	  0.0	0.000	0.979	0.979
617	  I	  8.9	  0.0	0.000	0.979	0.979
618	  T	  7.2	  0.0	0.000	0.979	0.979
619	  T	  6.4	  0.0	0.000	0.481	0.481
620	  T	  4.8	  0.1	0.000	0.181	0.181
621	  T	  3.6	  0.1	0.000	0.000	0.000
622	  T	  2.2	  0.1	0.000	0.000	0.000
623	  N	  0.7	  0.4	0.000	0.000	0.000
624	  H	  0.3	  0.6	0.000	0.000	0.000
625	  S	  0.2	  0.6	0.000	0.000	0.000
626	  S	  0.2	  0.6	0.000	0.000	0.000
627	  E	  0.2	  0.3	0.000	0.000	0.000
628	  T	  0.1	  0.1	0.000	0.000	0.000
629	  P	  0.0	  0.1	0.000	0.000	0.000
630	  P	  0.0	  0.1	0.000	0.000	0.000
631	  F	  1.5	  0.2	0.000	0.000	0.000
632	  S	  2.3	  1.3	0.000	0.000	0.000
633	  S	  2.4	  3.1	0.000	0.000	0.000
634	  S	  1.0	  3.6	0.000	0.000	0.000
635	  D	  0.2	  5.0	0.000	0.000	0.000
636	  S	  0.9	  4.8	0.000	0.000	0.000
637	  S	  1.1	  3.0	0.000	0.000	0.000
638	  S	  1.9	  2.5	0.000	0.000	0.000
639	  Y	  2.1	  1.0	0.000	0.000	0.000
640	  I	  2.3	  0.1	0.000	0.000	0.000
641	  E	  1.6	  0.1	0.000	0.000	0.000
642	  S	  0.7	  0.1	0.000	0.000	0.000
643	  S	  0.8	  0.1	0.000	0.000	0.000
644	  I	  2.7	  0.1	0.000	0.000	0.000
645	  I	  3.1	  0.1	0.000	0.000	0.000
646	  S	  3.4	  0.8	0.000	0.000	0.000
647	  S	  2.2	  1.6	0.000	0.000	0.000
648	  S	  2.4	  2.5	0.000	0.000	0.000
649	  S	  1.8	  2.4	0.000	0.000	0.000
650	  S	  7.5	  1.7	0.156	0.000	0.000
651	  F	  8.5	  0.9	0.156	0.000	0.000
652	  E	  8.5	  0.0	0.156	0.000	0.000
653	  L	  2.6	  0.1	0.156	0.000	0.000
654	  R	  1.4	  0.1	0.156	0.000	0.000
655	  S	 11.4	  0.2	0.156	0.000	0.000
656	  V	 12.3	  0.2	0.000	0.000	0.000
657	  S	 11.7	  0.1	0.000	0.000	0.000
658	  T	  1.6	  0.3	0.105	0.000	0.000
659	  P	  0.1	  0.2	0.105	0.000	0.000
660	  K	  0.5	  0.2	0.105	0.000	0.000
661	  L	  1.0	  0.2	0.105	0.000	0.000
662	  I	  1.6	  0.1	0.105	0.000	0.000
663	  S	  1.4	  0.2	0.105	0.000	0.000
664	  S	  1.1	  0.2	0.000	0.000	0.000
665	  T	  2.6	  0.2	0.000	0.000	0.000
666	  M	  2.5	  0.1	0.000	0.000	0.000
667	  V	  2.3	  0.0	0.000	0.000	0.000
668	  P	  0.2	  0.0	0.000	0.000	0.000
669	  I	  1.0	  0.0	0.000	0.000	0.000
670	  F	  3.2	  0.0	0.000	0.000	0.000
671	  S	  3.7	  0.2	0.000	0.000	0.000
672	  K	  3.4	  0.2	0.000	0.000	0.000
673	  T	  4.4	  0.3	0.000	0.000	0.000
674	  K	  3.9	  0.3	0.000	0.000	0.000
675	  S	  3.5	  0.3	0.000	0.000	0.000
676	  S	  1.0	  0.3	0.000	0.000	0.000
677	  T	  3.0	  0.3	0.000	0.000	0.000
678	  R	  3.1	  0.3	0.000	0.000	0.000
679	  S	  3.4	  0.2	0.000	0.000	0.000
680	  H	  4.4	  0.1	0.000	0.000	0.000
681	  I	  4.8	  0.0	0.000	0.000	0.000
682	  Y	  5.1	  0.1	0.000	0.000	0.000
683	  W	  2.8	  0.1	0.000	0.000	0.000
684	  N	  2.0	  0.9	0.237	0.000	0.000
685	  S	  1.1	  1.0	0.237	0.000	0.000
686	  S	  0.8	  1.0	0.237	0.000	0.000
687	  T	  4.7	  0.9	0.237	0.000	0.000
688	  I	  4.9	  0.1	0.237	0.000	0.000
689	  E	  4.5	  0.1	0.237	0.000	0.000
690	  T	  1.7	  0.2	0.000	0.000	0.000
691	  S	  2.0	  1.0	0.000	0.000	0.000
692	  S	  2.0	  1.0	0.000	0.000	0.000
693	  S	 10.4	  1.0	0.000	0.000	0.000
694	  L	  9.6	  0.8	0.000	0.000	0.000
695	  S	  9.6	  0.1	0.000	0.000	0.000
696	  P	  0.2	  0.0	0.000	0.000	0.000
697	  S	  0.1	  0.0	0.000	0.000	0.000
698	  P	  0.1	  0.0	0.000	0.000	0.000
699	  S	  0.1	  0.0	0.000	0.000	0.000
700	  P	  0.1	  0.0	0.000	0.000	0.000
701	  S	  0.1	  0.0	0.000	0.000	0.000
702	  P	  0.1	  0.0	0.000	0.000	0.000
703	  S	  0.1	  0.0	0.000	0.000	0.000
704	  P	  0.1	  0.0	0.000	0.000	0.000
705	  S	  0.1	  0.0	0.000	0.000	0.000
706	  P	  0.1	  0.0	0.000	0.000	0.000
707	  S	  0.1	  0.0	0.000	0.000	0.000
708	  P	  0.1	  0.0	0.000	0.000	0.000
709	  S	  0.1	  0.0	0.000	0.000	0.000
710	  P	  0.1	  0.0	0.000	0.000	0.000
711	  S	  0.1	  0.0	0.000	0.000	0.000
712	  P	  0.0	  0.0	0.000	0.000	0.000
713	  R	  0.1	  0.0	0.000	0.000	0.000
714	  P	  0.0	  0.0	0.000	0.000	0.000
715	  D	  0.0	  0.0	0.000	0.000	0.000
716	  P	  0.0	  0.0	0.000	0.000	0.000
717	  Q	  0.0	  0.0	0.000	0.000	0.000
718	  P	  0.0	  0.0	0.000	0.000	0.000
719	  S	  0.0	  0.0	0.000	0.000	0.000
720	  P	  0.0	  0.0	0.000	0.000	0.000
721	  R	  0.1	  0.0	0.000	0.000	0.000
722	  P	  0.0	  0.0	0.000	0.000	0.000
723	  D	  0.0	  0.0	0.000	0.000	0.000
724	  P	  0.0	  0.0	0.000	0.000	0.000
725	  Q	  0.0	  0.0	0.000	0.000	0.000
726	  P	  0.0	  0.0	0.000	0.000	0.000
727	  S	  0.0	  0.0	0.000	0.000	0.000
728	  P	  0.0	  0.0	0.000	0.000	0.000
729	  R	  0.1	  0.0	0.000	0.000	0.000
730	  P	  0.0	  0.0	0.000	0.000	0.000
731	  D	  0.0	  0.0	0.000	0.000	0.000
732	  P	  0.0	  0.0	0.000	0.000	0.000
733	  Q	  0.0	  0.0	0.000	0.000	0.000
734	  P	  0.0	  0.0	0.000	0.000	0.000
735	  S	  0.0	  0.0	0.000	0.000	0.000
736	  P	  0.0	  0.0	0.000	0.000	0.000
737	  R	  0.1	  0.0	0.000	0.000	0.000
738	  P	  0.0	  0.0	0.000	0.000	0.000
739	  D	  0.0	  0.0	0.000	0.000	0.000
740	  P	  0.0	  0.0	0.000	0.000	0.000
741	  Q	  0.0	  0.0	0.000	0.000	0.000
742	  P	  0.0	  0.0	0.000	0.000	0.000
743	  S	  0.0	  0.0	0.000	0.000	0.000
744	  P	  0.0	  0.0	0.000	0.000	0.000
745	  R	  0.1	  0.0	0.000	0.000	0.000
746	  P	  0.0	  0.0	0.000	0.000	0.000
747	  D	  0.0	  0.0	0.000	0.000	0.000
748	  P	  0.0	  0.0	0.000	0.000	0.000
749	  Q	  0.0	  0.0	0.000	0.000	0.000
750	  P	  0.0	  0.0	0.000	0.000	0.000
751	  S	  0.0	  0.0	0.000	0.000	0.000
752	  P	  0.0	  0.0	0.000	0.000	0.000
753	  R	  0.1	  0.0	0.000	0.000	0.000
754	  P	  0.0	  0.0	0.000	0.000	0.000
755	  D	  0.0	  0.0	0.000	0.000	0.000
756	  P	  0.0	  0.0	0.000	0.000	0.000
757	  Q	  0.0	  0.0	0.000	0.000	0.000
758	  P	  0.0	  0.0	0.000	0.000	0.000
759	  S	  0.0	  0.0	0.000	0.000	0.000
760	  P	  0.0	  0.0	0.000	0.000	0.000
761	  R	  0.1	  0.0	0.000	0.000	0.000
762	  P	  0.0	  0.0	0.000	0.000	0.000
763	  D	  0.0	  0.0	0.000	0.000	0.000
764	  P	  0.0	  0.0	0.000	0.000	0.000
765	  Q	  0.0	  0.0	0.000	0.000	0.000
766	  P	  0.0	  0.0	0.000	0.000	0.000
767	  S	  0.0	  0.0	0.000	0.000	0.000
768	  P	  0.0	  0.0	0.000	0.000	0.000
769	  R	  0.1	  0.0	0.000	0.000	0.000
770	  P	  0.0	  0.0	0.000	0.000	0.000
771	  D	  0.0	  0.0	0.000	0.000	0.000
772	  P	  0.0	  0.0	0.000	0.000	0.000
773	  Q	  0.0	  0.0	0.000	0.000	0.000
774	  P	  0.0	  0.0	0.000	0.000	0.000
775	  S	  0.0	  0.0	0.000	0.000	0.000
776	  P	  0.0	  0.0	0.000	0.000	0.000
777	  R	  0.1	  0.0	0.000	0.000	0.000
778	  P	  0.0	  0.0	0.000	0.000	0.000
779	  D	  0.0	  0.0	0.000	0.000	0.000
780	  P	  0.0	  0.0	0.000	0.000	0.000
781	  Q	  0.0	  0.0	0.000	0.000	0.000
782	  P	  0.0	  0.0	0.000	0.000	0.000
783	  S	  0.0	  0.0	0.000	0.000	0.000
784	  P	  0.0	  0.0	0.000	0.000	0.000
785	  R	  0.1	  0.0	0.000	0.000	0.000
786	  P	  0.0	  0.0	0.000	0.000	0.000
787	  D	  0.0	  0.0	0.000	0.000	0.000
788	  P	  0.0	  0.0	0.000	0.000	0.000
789	  Q	  0.0	  0.0	0.000	0.000	0.000
790	  P	  0.0	  0.0	0.000	0.000	0.000
791	  S	  0.0	  0.0	0.000	0.000	0.000
792	  P	  0.0	  0.0	0.000	0.000	0.000
793	  R	  0.1	  0.0	0.000	0.000	0.000
794	  P	  0.0	  0.0	0.000	0.000	0.000
795	  D	  0.0	  0.0	0.000	0.000	0.000
796	  P	  0.0	  0.0	0.000	0.000	0.000
797	  Q	  0.0	  0.0	0.000	0.000	0.000
798	  P	  0.0	  0.0	0.000	0.000	0.000
799	  S	  0.0	  0.0	0.000	0.000	0.000
800	  P	  0.0	  0.0	0.000	0.000	0.000
801	  R	  0.1	  0.0	0.000	0.000	0.000
802	  P	  0.0	  0.0	0.000	0.000	0.000
803	  D	  0.0	  0.0	0.000	0.000	0.000
804	  P	  0.0	  0.0	0.000	0.000	0.000
805	  Q	  0.0	  0.0	0.000	0.000	0.000
806	  P	  0.0	  0.0	0.000	0.000	0.000
807	  S	  0.0	  0.0	0.000	0.000	0.000
808	  P	  0.0	  0.0	0.000	0.000	0.000
809	  R	  0.1	  0.0	0.000	0.000	0.000
810	  P	  0.0	  0.0	0.000	0.000	0.000
811	  D	  0.0	  0.0	0.000	0.000	0.000
812	  P	  0.0	  0.0	0.000	0.000	0.000
813	  Q	  0.0	  0.0	0.000	0.000	0.000
814	  P	  0.0	  0.0	0.000	0.000	0.000
815	  S	  0.0	  0.0	0.000	0.000	0.000
816	  P	  0.0	  0.0	0.000	0.000	0.000
817	  R	  0.1	  0.0	0.000	0.000	0.000
818	  P	  0.0	  0.0	0.000	0.000	0.000
819	  D	  0.0	  0.0	0.000	0.000	0.000
820	  P	  0.0	  0.0	0.000	0.000	0.000
821	  Q	  0.0	  0.0	0.000	0.000	0.000
822	  P	  0.0	  0.0	0.000	0.000	0.000
823	  S	  0.0	  0.0	0.000	0.000	0.000
824	  P	  0.0	  0.0	0.000	0.000	0.000
825	  R	  0.1	  0.0	0.000	0.000	0.000
826	  P	  0.0	  0.0	0.000	0.000	0.000
827	  N	  0.0	  0.0	0.000	0.000	0.000
828	  P	  0.0	  0.0	0.000	0.000	0.000
829	  Q	  0.0	  0.0	0.000	0.000	0.000
830	  P	  0.0	  0.0	0.000	0.000	0.000
831	  S	  0.0	  0.0	0.000	0.000	0.000
832	  P	  0.0	  0.0	0.000	0.000	0.000
833	  T	  0.0	  0.2	0.139	0.000	0.000
834	  P	  0.0	  0.3	0.139	0.000	0.000
835	  K	  0.3	  0.3	0.139	0.000	0.000
836	  L	  0.7	  0.3	0.139	0.000	0.000
837	  L	  0.7	  0.7	0.139	0.000	0.000
838	  S	  0.5	  0.6	0.139	0.000	0.000
839	  D	  0.6	  0.9	0.000	0.000	0.000
840	  F	  2.1	  1.2	0.000	0.000	0.000
841	  S	  2.2	  0.6	0.000	0.000	0.000
842	  S	  2.2	  0.6	0.000	0.000	0.000
843	  L	  1.2	  0.4	0.000	0.000	0.000
844	  H	  1.3	  0.1	0.000	0.000	0.000
845	  H	  0.8	  0.2	0.000	0.000	0.000
846	  S	  1.8	  0.8	0.118	0.000	0.000
847	  R	  2.0	  0.8	0.118	0.000	0.000
848	  S	  4.7	  1.5	1.025	0.000	0.000
849	  L	  3.5	  1.4	1.025	0.324	0.324
850	  N	  3.1	  0.8	1.400	0.324	0.324
851	  A	  0.6	  0.7	1.400	0.324	0.324
852	  I	  1.7	  0.0	1.400	0.324	0.324
853	  F	  3.4	  0.1	1.400	0.324	0.324
854	  R	  3.4	  0.1	0.819	0.000	0.000
855	  S	  2.8	  0.3	0.556	0.000	0.000
856	  A	  1.1	  0.3	0.000	0.000	0.000
857	  T	  1.4	  0.3	0.000	0.000	0.000
858	  S	  0.9	  0.3	0.000	0.000	0.000
859	  R	  1.5	  0.2	0.000	0.000	0.000
860	  H	  1.1	  0.3	0.000	0.000	0.000
861	  D	  2.1	  0.2	0.000	0.000	0.000
862	  T	 18.2	  0.2	0.000	4.005	4.005
863	  Y	 19.3	  0.1	0.000	9.605	9.605
864	  T	 18.9	  0.0	0.102	13.213	13.213
865	  T	 12.7	  0.0	0.102	19.206	19.206
866	  I	 12.4	  0.1	0.102	28.552	28.552
867	  S	 11.8	  0.0	0.102	28.353	28.353
868	  A	  1.7	  0.0	0.102	28.353	28.353
869	  F	  2.1	  0.0	0.102	28.353	28.353
870	  F	  2.5	  0.0	0.000	27.004	27.004
871	  T	  2.3	  0.2	0.277	0.198	0.198
872	  P	  0.6	  0.2	0.277	0.091	0.091
873	  R	  0.4	  0.2	0.277	0.000	0.000
874	  L	  2.0	  0.3	0.277	1.066	1.066
875	  S	  2.6	  0.1	0.277	1.252	1.252
876	  L	  3.7	  0.0	0.277	5.197	5.197
877	  Q	  3.9	  0.0	0.147	5.807	5.807
878	  I	  6.6	  0.0	0.000	21.121	21.121
879	  T	  5.9	  0.0	0.000	21.121	21.121
880	  T	  5.2	  0.0	0.000	21.121	21.121
881	  L	  2.2	  0.0	0.000	21.121	21.121
882	  V	  4.1	  0.0	0.000	20.831	20.831
883	  Q	  3.1	  0.0	0.000	0.756	0.756
884	  Q	  2.8	  0.2	0.000	0.000	0.000
885	  P	  0.0	  0.2	0.000	0.000	0.000
886	  T	  2.7	  0.4	0.000	0.000	0.000
887	  A	  2.7	  0.8	0.000	0.000	0.000
888	  S	  2.7	  0.6	0.220	0.000	0.000
889	  D	  0.0	  0.8	0.501	0.000	0.000
890	  A	  0.2	  0.6	0.501	0.000	0.000
891	  L	  0.6	  0.3	0.501	0.000	0.000
892	  N	  0.6	  0.4	0.643	0.000	0.000
893	  S	  0.7	  0.2	0.643	0.000	0.000
894	  L	  1.0	  0.1	0.424	0.000	0.000
895	  Y	  1.3	  0.0	0.280	0.000	0.000
896	  L	  1.0	  0.5	0.142	0.000	0.000
897	  G	  0.3	  0.7	0.142	0.000	0.000
898	  G	  0.1	  0.7	0.000	0.000	0.000
899	  T	 11.8	  0.7	0.000	0.000	0.000
900	  Y	 13.4	  0.2	0.000	0.000	0.000
901	  R	 15.4	  0.0	0.000	0.000	0.000
902	  L	  6.5	  0.0	0.000	1.382	1.382
903	  N	  5.9	  0.1	0.121	1.560	1.560
904	  V	  7.6	  0.1	0.121	12.075	12.075
905	  S	  6.0	  0.1	0.121	12.077	12.077
906	  Y	  5.8	  0.1	0.121	12.083	12.083
907	  F	  3.0	  0.0	0.121	12.083	12.083
908	  L	  2.0	  0.0	0.121	11.754	11.754
909	  F	  1.1	  0.2	0.270	0.044	0.044
910	  P	  0.1	  0.2	0.424	0.539	0.539
911	  A	  0.3	  0.2	0.424	42.347	42.347
912	  L	  1.0	  0.2	0.424	90.168	90.168
913	  L	  1.4	  0.0	0.424	98.314	98.314
914	  I	  2.5	  0.0	0.424	99.410	99.410
915	  F	 10.4	  0.0	0.424	99.480	99.480
916	  T	 12.4	  0.0	0.109	98.174	98.174
917	  I	 11.2	  0.1	0.109	96.473	96.473
918	  A	  2.8	  0.1	0.109	74.969	74.969
919	  N	  0.4	  0.1	0.109	56.471	56.471
920	  I	  4.2	  0.1	0.109	55.722	55.722
921	  L	  4.0	  0.0	0.109	52.096	52.096
922	  V	  3.9	  0.0	0.000	0.021	0.021
