res	aa	Beta	Turn	Helix	Aggregation	Conc-Stab_Aggregation
01	  M	  0.1	  0.3	0.000	0.000	0.000
02	  S	  0.2	  0.3	0.000	0.000	0.000
03	  D	  0.2	  0.3	0.000	0.000	0.000
04	  S	  0.1	  0.5	0.000	0.000	0.000
05	  P	  0.0	  0.2	0.000	0.000	0.000
06	  L	  0.2	  0.2	0.000	0.000	0.000
07	  H	  2.8	  0.3	0.000	0.000	0.000
08	  T	  3.3	  0.2	0.000	0.000	0.000
09	  V	  3.2	  0.2	0.000	0.000	0.000
10	  G	  0.9	  0.2	0.000	0.000	0.000
11	  F	  0.5	  0.2	0.000	0.000	0.000
12	  D	  0.4	  0.3	0.000	0.000	0.000
13	  P	  0.2	  0.3	0.000	0.000	0.000
14	  R	  0.1	  0.3	0.000	0.000	0.000
15	  F	  0.1	  1.1	0.000	0.000	0.000
16	  P	  0.1	  0.8	0.000	0.000	0.000
17	  N	  0.1	  2.3	0.000	0.000	0.000
18	  Q	  0.3	  2.3	0.000	0.000	0.000
19	  N	  0.4	  1.7	0.000	0.000	0.000
20	  Q	  0.4	  1.6	0.000	0.000	0.000
21	  T	  0.8	  0.2	0.095	0.000	0.000
22	  R	  0.8	  0.2	0.095	0.000	0.000
23	  H	  1.9	  0.1	0.593	0.309	0.309
24	  C	  5.7	  0.1	1.215	1.158	1.158
25	  W	  6.9	  0.0	1.481	1.574	1.574
26	  Q	  6.1	  0.0	1.481	1.574	1.574
27	  A	  2.0	  0.0	1.481	1.574	1.574
28	  Y	  1.9	  0.1	1.481	1.574	1.574
29	  V	  3.4	  0.1	1.481	1.574	1.574
30	  D	  3.2	  0.1	1.587	0.000	0.000
31	  Y	  3.1	  0.1	1.357	0.000	0.000
32	  H	  2.0	  0.1	1.357	0.000	0.000
33	  K	  3.0	  0.1	0.468	0.000	0.000
34	  C	  5.6	  0.1	0.107	0.000	0.000
35	  I	  8.8	  0.1	0.107	0.000	0.000
36	  N	  7.9	  0.2	0.107	0.000	0.000
37	  L	  4.3	  0.5	0.107	0.000	0.000
38	  K	  0.4	  0.6	0.107	0.000	0.000
39	  G	  0.1	  1.1	0.000	0.000	0.000
40	  E	  0.1	  0.9	0.000	0.000	0.000
41	  D	  0.2	  0.6	0.000	0.000	0.000
42	  F	  0.4	  0.5	0.000	0.000	0.000
43	  A	  0.3	  0.1	0.000	0.000	0.000
44	  P	  0.2	  0.1	0.000	0.000	0.000
45	  C	  1.0	  0.1	0.000	0.000	0.000
46	  K	  1.9	  0.1	0.000	0.000	0.000
47	  V	  3.1	  0.0	0.000	0.000	0.000
48	  F	  2.7	  0.0	0.000	0.000	0.000
49	  W	  1.9	  0.1	0.000	0.000	0.000
50	  K	  1.2	  0.1	0.000	0.000	0.000
51	  T	 30.6	  0.1	0.136	0.000	0.000
52	  Y	 31.5	  0.3	0.136	0.000	0.000
53	  S	 31.1	  0.3	0.136	0.000	0.000
54	  S	  2.4	  0.3	0.136	0.000	0.000
55	  L	  0.7	  0.3	0.136	0.000	0.000
56	  C	  0.7	  0.1	0.136	0.000	0.000
57	  P	  0.1	  0.0	0.000	0.000	0.000
58	  V	  2.9	  0.0	0.000	0.000	0.000
59	  E	  3.0	  0.0	0.000	0.000	0.000
60	  W	  4.1	  0.0	0.000	0.000	0.000
61	  V	  2.3	  0.0	0.000	0.000	0.000
62	  E	  2.3	  0.0	0.000	0.000	0.000
63	  K	  1.7	  0.2	0.000	0.000	0.000
64	  W	  0.8	  0.3	0.000	0.000	0.000
65	  D	  0.6	  0.5	0.919	0.000	0.000
66	  D	  0.3	  0.6	1.491	0.000	0.000
67	  Q	  0.4	  0.4	1.491	0.000	0.000
68	  R	  0.4	  0.5	1.491	0.000	0.000
69	  E	  0.3	  0.7	1.491	0.000	0.000
70	  K	  0.1	  0.6	1.491	0.000	0.000
71	  G	  0.1	  0.6	1.241	0.000	0.000
72	  I	  0.8	  0.4	0.136	0.000	0.000
73	  F	  1.2	  0.5	0.136	0.000	0.000
74	  A	  1.1	  0.8	0.000	0.000	0.000
75	  G	  0.4	  0.8	0.000	0.000	0.000
76	  D	  1.2	  0.8	0.000	0.000	0.000
77	  I	  1.4	  0.4	0.000	0.000	0.000
78	  S	  1.4	  0.3	0.000	0.000	0.000
79	  P	  0.2	  0.4	0.000	0.000	0.000
80	  E	  0.0	  0.5	0.000	0.000	0.000
81	  E	  0.4	  0.5	0.000	0.000	0.000
82	  S	  0.4	  0.2	0.000	0.000	0.000
83	  K	  0.4	  0.1	0.000	0.000	0.000
