res	aa	Beta	Turn	Helix	Aggregation	Conc-Stab_Aggregation
01	  M	  0.7	  0.0	0.095	0.078	0.078
02	  F	  2.7	  0.0	1.183	96.659	96.659
03	  V	 10.1	  0.0	1.376	99.650	99.650
04	  V	 12.7	  0.0	1.526	99.968	99.968
05	  L	 11.5	  0.0	1.526	99.994	99.994
06	  L	  5.1	  0.0	1.526	99.998	99.998
07	  L	  2.0	  0.1	1.526	99.947	99.947
08	  L	  3.2	  0.1	1.526	99.636	99.636
09	  S	  3.0	  0.1	1.552	97.840	97.840
10	  F	  3.4	  0.1	0.598	97.615	97.615
11	  A	  1.5	  0.0	0.305	94.702	94.702
12	  F	  1.4	  0.2	0.305	92.232	92.232
13	  A	  0.9	  0.2	0.188	60.264	60.264
14	  Q	  7.2	  0.2	0.188	33.165	33.165
15	  I	  6.8	  0.2	0.000	30.512	30.512
16	  E	  6.5	  0.0	0.000	0.000	0.000
17	  P	  0.0	  0.3	0.000	0.000	0.000
18	  P	  0.0	  0.7	0.000	0.000	0.000
19	  A	  0.0	  1.6	0.000	0.000	0.000
20	  G	  0.0	  1.7	0.000	0.000	0.000
21	  G	  0.0	  1.3	0.000	0.000	0.000
22	  V	  0.4	  1.1	0.000	0.000	0.000
23	  G	  0.7	  0.2	0.000	0.000	0.000
24	  I	  0.8	  0.3	0.000	0.000	0.000
25	  N	  0.4	  1.0	0.000	0.000	0.000
26	  N	  0.2	  1.6	0.000	0.000	0.000
27	  N	  0.0	  2.3	0.000	0.000	0.000
28	  N	  0.0	  2.9	0.000	0.000	0.000
29	  N	  0.0	  2.9	0.000	0.000	0.000
30	  N	  0.0	  2.9	0.000	0.000	0.000
31	  N	  0.0	  2.9	0.000	0.000	0.000
32	  N	  0.0	  4.1	0.000	0.000	0.000
33	  N	  0.0	  4.1	0.000	0.000	0.000
34	  N	  0.0	  3.6	0.000	0.000	0.000
35	  G	  0.0	  2.9	0.000	0.000	0.000
36	  T	  0.1	  1.1	0.000	0.000	0.000
37	  D	  0.3	  0.9	0.000	0.000	0.000
38	  L	  0.5	  0.8	0.000	0.000	0.000
39	  S	  1.2	  1.8	0.000	0.000	0.000
40	  S	  1.2	  3.1	0.000	0.000	0.000
41	  S	  0.9	  2.4	0.000	0.000	0.000
42	  N	  4.6	  2.4	0.000	0.000	0.000
43	  I	  5.0	  1.3	0.000	0.000	0.000
44	  I	  5.0	  0.2	0.000	0.000	0.000
45	  P	  0.4	  0.4	0.000	0.000	0.000
46	  S	  0.1	  0.4	0.000	0.000	0.000
47	  S	  0.1	  0.4	0.000	0.000	0.000
48	  D	  0.1	  0.6	0.000	0.000	0.000
49	  P	  0.0	  0.4	0.000	0.000	0.000
50	  Y	  6.4	  0.4	0.000	0.000	0.000
51	  S	 17.8	  0.4	0.000	0.000	0.000
52	  F	 18.3	  0.0	0.000	0.000	0.000
53	  T	 12.7	  0.8	0.000	0.000	0.000
54	  P	  0.5	  0.8	0.000	0.000	0.000
55	  D	  0.0	  2.0	0.670	0.000	0.000
56	  E	  0.1	  2.1	0.670	0.000	0.000
57	  S	  0.5	  1.3	0.670	0.000	0.000
58	  T	  1.4	  1.3	0.670	0.000	0.000
59	  Q	  2.3	  0.1	0.670	0.000	0.000
60	  L	  3.1	  0.1	0.670	0.000	0.000
61	  Q	  2.3	  0.0	0.454	0.000	0.000
62	  V	  1.3	  0.2	0.126	0.000	0.000
63	  P	  0.1	  0.3	0.000	0.000	0.000
64	  S	  0.3	  0.4	0.000	0.000	0.000
65	  S	  2.3	  0.7	0.000	0.000	0.000
66	  T	  3.6	  0.6	0.000	0.000	0.000
67	  S	  3.5	  0.5	0.000	0.000	0.000
68	  S	  2.9	  0.3	0.000	0.000	0.000
69	  V	  2.1	  0.1	0.000	0.000	0.000
70	  V	  2.0	  0.0	0.000	0.000	0.000
71	  P	  0.6	  0.0	0.000	0.000	0.000
72	  V	  0.8	  0.0	0.000	0.000	0.000
73	  E	  0.7	  0.2	0.000	0.000	0.000
74	  P	  0.7	  0.4	0.000	0.000	0.000
75	  S	  0.3	  0.4	0.000	0.000	0.000
76	  S	  6.4	  0.4	0.000	0.000	0.000
77	  F	  7.9	  0.2	0.000	0.152	0.152
78	  T	  8.3	  0.1	0.000	0.152	0.152
79	  N	  3.0	  0.1	0.000	0.152	0.152
80	  S	 20.6	  0.2	0.000	0.638	0.638
81	  F	 20.6	  0.3	0.000	4.991	4.991
82	  S	 20.0	  0.2	0.000	4.991	4.991
83	  T	  1.4	  0.2	0.000	4.991	4.991
84	  L	  0.9	  0.2	0.000	4.991	4.991
85	  I	  1.9	  0.0	0.000	4.991	4.991
86	  S	  4.2	  0.0	0.000	0.475	0.475
87	  Q	  3.9	  0.0	0.000	0.000	0.000
88	  S	  2.8	  1.6	0.000	0.000	0.000
89	  P	  0.0	  1.6	0.000	0.000	0.000
90	  S	  0.5	  1.6	0.000	0.000	0.000
91	  T	 23.6	  1.6	0.000	0.000	0.000
92	  F	 24.4	  0.1	0.000	0.000	0.000
93	  S	 24.1	  0.1	0.000	0.000	0.000
94	  S	  1.8	  0.1	0.000	0.000	0.000
95	  T	 19.4	  0.1	0.000	0.000	0.000
96	  F	 20.0	  0.1	0.000	0.000	0.000
97	  S	 19.8	  0.1	0.000	0.000	0.000
98	  S	  1.7	  0.1	0.000	0.000	0.000
99	  T	 23.7	  0.1	0.000	0.000	0.000
100	  F	 24.5	  0.2	0.000	0.000	0.000
101	  S	 24.3	  0.2	0.000	0.000	0.000
102	  S	  2.4	  0.2	0.000	0.000	0.000
103	  I	  1.1	  0.2	0.000	0.000	0.000
104	  I	  1.0	  0.2	0.000	0.000	0.000
105	  P	  0.3	  0.3	0.000	0.000	0.000
106	  S	  0.2	  0.3	0.000	0.000	0.000
107	  S	 21.2	  0.4	0.000	0.000	0.000
108	  F	 22.4	  0.5	0.000	0.000	0.000
109	  S	 22.3	  0.4	0.000	0.000	0.000
110	  S	  1.8	  0.4	0.000	0.000	0.000
111	  L	  0.2	  0.5	0.000	0.000	0.000
112	  P	  0.1	  0.4	0.000	0.000	0.000
113	  S	  0.9	  1.3	0.000	0.000	0.000
114	  S	  1.2	  1.4	0.000	0.000	0.000
115	  S	  2.6	  1.7	0.000	0.000	0.000
116	  R	  1.9	  1.6	0.000	0.000	0.000
117	  S	  1.8	  0.9	0.000	0.000	0.000
118	  S	  0.8	  0.8	0.000	0.000	0.000
119	  Q	  5.8	  0.2	0.000	0.000	0.000
120	  Y	  6.3	  0.1	0.000	0.000	0.000
121	  T	  5.9	  0.4	0.000	0.000	0.000
122	  P	  0.6	  0.5	0.000	0.000	0.000
123	  S	  0.3	  0.6	0.000	0.000	0.000
124	  S	  0.7	  0.6	0.000	0.000	0.000
125	  T	 13.1	  0.2	0.000	0.000	0.000
126	  I	 13.4	  0.1	0.000	0.000	0.000
127	  S	 13.1	  0.0	0.000	0.000	0.000
128	  S	  5.6	  0.2	0.000	0.000	0.000
129	  I	  5.5	  0.2	0.000	0.000	0.000
130	  S	  6.1	  0.9	0.000	0.000	0.000
131	  S	  2.1	  1.7	0.000	0.000	0.000
132	  S	  2.3	  2.3	0.000	0.000	0.000
133	  S	  1.6	  2.3	0.000	0.000	0.000
134	  S	  5.9	  1.9	0.000	0.000	0.000
135	  L	  5.4	  1.2	0.000	0.000	0.000
136	  S	  6.1	  1.2	0.000	0.000	0.000
137	  S	  1.9	  1.9	0.000	0.000	0.000
138	  S	  2.4	  2.5	0.000	0.000	0.000
139	  S	  1.9	  2.4	0.000	0.000	0.000
140	  S	  2.1	  1.7	0.000	0.000	0.000
141	  Y	  3.3	  0.9	0.000	0.000	0.000
142	  F	  4.4	  0.1	0.000	0.000	0.000
143	  S	  4.1	  0.7	0.000	0.000	0.000
144	  S	  2.2	  0.7	0.000	0.000	0.000
145	  S	  6.2	  0.8	0.000	0.000	0.000
146	  I	  9.5	  0.7	0.000	0.000	0.000
147	  S	 12.0	  0.1	0.000	0.000	0.000
148	  V	  8.4	  0.2	0.000	0.000	0.000
149	  R	  4.3	  0.1	0.000	0.000	0.000
150	  S	  1.9	  0.1	0.000	0.000	0.000
151	  S	 19.9	  0.3	0.000	0.000	0.000
152	  Y	 21.0	  0.3	0.000	0.000	0.000
153	  S	 21.5	  0.9	0.000	0.000	0.000
154	  S	  2.9	  1.6	0.000	0.000	0.000
155	  S	  1.6	  1.5	0.000	0.000	0.000
156	  S	  2.3	  2.0	0.000	0.000	0.000
157	  R	  1.8	  1.4	0.000	0.000	0.000
158	  S	  2.5	  1.6	0.000	0.000	0.000
159	  S	  1.8	  2.2	0.000	0.000	0.000
160	  S	  1.8	  1.6	0.000	0.000	0.000
161	  S	  1.5	  1.5	0.000	0.000	0.000
162	  I	  2.6	  0.7	0.000	0.000	0.000
163	  I	  3.1	  0.1	0.000	0.000	0.000
164	  S	  3.4	  0.9	0.000	0.000	0.000
165	  S	  2.3	  1.7	0.000	0.000	0.000
166	  S	  2.0	  1.7	0.000	0.000	0.000
167	  S	  2.5	  2.1	0.000	0.000	0.000
168	  R	  2.0	  1.4	0.000	0.000	0.000
169	  S	  2.2	  0.6	0.000	0.000	0.000
170	  T	  7.0	  0.5	0.000	0.000	0.000
171	  I	  7.0	  0.1	0.000	0.000	0.000
172	  A	  6.5	  0.4	0.000	0.000	0.000
173	  P	  0.3	  0.5	0.000	0.000	0.000
174	  S	  0.8	  1.3	0.000	0.000	0.000
175	  S	  1.7	  2.1	0.000	0.000	0.000
176	  S	  2.5	  2.5	0.000	0.000	0.000
177	  S	  2.5	  3.3	0.000	0.000	0.000
178	  S	  1.9	  2.6	0.000	0.000	0.000
179	  S	  2.1	  1.7	0.000	0.299	0.299
180	  F	  3.5	  1.0	0.000	2.949	2.949
181	  F	  4.6	  0.2	0.000	3.067	3.067
182	  S	  3.6	  0.2	0.000	3.067	3.067
183	  S	  1.7	  0.2	0.343	3.067	3.067
184	  A	  0.7	  0.2	0.343	3.067	3.067
185	  I	  3.0	  0.0	0.343	2.935	2.935
186	  T	  4.0	  0.1	0.343	1.124	1.124
187	  S	  4.5	  0.9	0.343	0.112	0.112
188	  S	  3.0	  1.7	0.343	0.000	0.000
189	  S	  2.5	  2.3	0.000	0.000	0.000
190	  S	  1.8	  2.2	0.000	0.000	0.000
191	  S	  1.6	  1.4	0.000	0.000	0.000
192	  V	  4.3	  0.7	0.000	0.529	0.529
193	  Y	  5.2	  0.1	0.000	0.529	0.529
194	  S	  4.8	  0.1	0.000	0.529	0.529
195	  S	 17.8	  0.2	0.000	0.529	0.529
196	  F	 17.6	  0.3	0.000	0.529	0.529
197	  S	 17.6	  0.2	0.000	0.000	0.000
198	  S	 15.9	  0.3	0.000	0.000	0.000
199	  F	 15.6	  0.2	0.000	0.000	0.000
200	  S	 15.9	  0.8	0.000	0.000	0.000
201	  S	  1.9	  0.8	0.000	0.000	0.000
202	  S	 17.3	  0.8	0.000	0.000	0.000
203	  Y	 17.9	  0.9	0.000	0.000	0.000
204	  S	 18.4	  0.8	0.000	0.000	0.000
205	  S	  2.8	  1.4	0.000	0.000	0.000
206	  S	  2.0	  1.9	0.000	0.000	0.000
207	  S	  2.0	  2.4	0.000	0.000	0.000
208	  S	  1.5	  1.8	0.000	0.000	0.000
209	  S	 10.3	  1.2	0.000	0.000	0.000
210	  I	  9.7	  0.6	0.000	0.000	0.000
211	  S	  9.6	  2.5	0.000	0.000	0.000
212	  P	  0.3	  2.6	0.000	0.000	0.000
213	  S	  0.3	  2.7	0.000	0.000	0.000
214	  S	  0.4	  2.7	0.000	0.000	0.000
215	  T	  4.1	  0.2	0.000	0.203	0.203
216	  L	  4.0	  0.2	0.000	0.203	0.203
217	  S	  4.3	  0.2	0.000	0.203	0.203
218	  T	 29.2	  0.1	0.000	0.203	0.203
219	  F	 30.1	  0.2	0.000	0.203	0.203
220	  S	 30.2	  0.7	0.000	0.000	0.000
221	  S	  2.9	  1.3	0.000	0.000	0.000
222	  S	  1.9	  1.7	0.000	0.000	0.000
223	  S	  1.4	  1.7	0.000	0.000	0.000
224	  S	  1.3	  1.1	0.000	0.000	0.000
225	  I	  1.0	  0.5	0.000	0.000	0.000
226	  L	  0.9	  0.3	0.000	0.000	0.000
227	  P	  0.3	  0.4	0.000	0.000	0.000
228	  S	  0.3	  0.5	0.000	0.000	0.000
229	  S	  1.0	  0.6	0.000	0.000	0.000
230	  T	  3.8	  0.3	0.000	0.000	0.000
231	  T	  4.8	  0.3	0.000	0.000	0.000
232	  S	  4.9	  0.8	0.000	0.000	0.000
233	  S	  2.4	  0.8	0.000	0.000	0.000
234	  S	  1.8	  0.8	0.000	0.000	0.000
235	  T	  3.5	  0.7	0.000	0.000	0.000
236	  T	  3.6	  0.1	0.000	0.000	0.000
237	  S	  8.1	  0.2	0.000	0.000	0.000
238	  I	  6.1	  0.2	0.000	0.000	0.000
239	  S	  6.5	  0.8	0.000	0.000	0.000
240	  S	  1.5	  0.8	0.000	0.000	0.000
241	  S	  6.2	  0.8	0.000	0.000	0.000
242	  I	  5.9	  0.8	0.000	0.000	0.000
243	  S	  6.1	  0.2	0.000	0.000	0.000
244	  S	  1.3	  0.3	0.000	0.000	0.000
245	  T	  1.7	  0.1	0.000	0.000	0.000
246	  T	 12.5	  0.1	0.000	0.000	0.000
247	  I	 15.1	  0.0	0.000	0.000	0.000
248	  T	 16.7	  0.0	0.000	0.000	0.000
249	  T	  6.9	  0.1	0.000	0.000	0.000
250	  S	  4.1	  0.1	0.000	0.000	0.000
251	  S	  1.7	  0.1	0.000	0.000	0.000
252	  T	  0.5	  0.5	0.000	0.000	0.000
253	  P	  0.1	  0.6	0.000	0.000	0.000
254	  S	  0.9	  1.4	0.000	0.000	0.000
255	  S	  1.7	  2.2	0.000	0.000	0.000
256	  S	  2.5	  2.4	0.000	0.000	0.000
257	  S	  1.8	  2.3	0.000	0.000	0.000
258	  S	  4.4	  1.7	0.000	0.000	0.000
259	  I	  5.5	  0.9	0.000	0.114	0.114
260	  N	  5.6	  0.6	0.000	0.114	0.114
261	  T	  2.2	  0.8	0.000	0.406	0.406
262	  S	  0.3	  0.5	0.000	0.891	0.891
263	  N	  3.0	  0.5	0.000	4.243	4.243
264	  V	  9.6	  0.2	0.000	78.525	78.525
265	  I	 13.4	  0.0	0.000	84.542	84.542
266	  I	 12.6	  0.0	0.000	85.017	85.017
267	  T	  6.8	  0.0	0.000	84.875	84.875
268	  S	  3.8	  0.0	0.278	84.438	84.438
269	  V	  4.7	  0.0	0.278	83.266	83.266
270	  I	  4.3	  0.3	0.278	76.755	76.755
271	  E	  3.3	  0.7	0.278	1.322	1.322
272	  G	  0.3	  0.8	0.278	1.322	1.322
273	  K	  0.8	  0.8	0.278	1.322	1.322
274	  T	  3.4	  0.5	0.000	1.299	1.299
275	  I	  4.6	  0.1	0.000	1.299	1.299
276	  L	  3.9	  0.2	0.000	1.141	1.141
277	  S	  1.4	  0.4	0.000	0.114	0.114
278	  N	  0.9	  0.4	0.000	0.000	0.000
279	  S	  6.4	  0.4	0.000	0.235	0.235
280	  Y	  7.0	  0.2	0.000	2.657	2.657
281	  T	  6.7	  0.0	0.000	3.189	3.189
282	  T	  7.6	  0.0	0.000	3.189	3.189
283	  I	 18.2	  0.0	0.000	3.189	3.189
284	  T	 53.8	  0.0	0.000	3.189	3.189
285	  Y	 48.2	  0.0	0.000	2.657	2.657
286	  S	 39.5	  0.2	0.000	0.000	0.000
287	  P	  0.3	  0.2	0.000	0.000	0.000
288	  E	  0.1	  0.2	0.000	0.000	0.000
289	  S	  0.2	  0.3	0.199	0.000	0.000
290	  T	  0.8	  0.1	0.199	0.000	0.000
291	  A	  0.9	  0.1	0.199	0.000	0.000
292	  H	  1.5	  0.0	0.199	0.000	0.000
293	  K	  1.0	  0.0	0.199	0.000	0.000
294	  S	  0.8	  0.4	0.199	0.000	0.000
295	  P	  0.0	  0.7	0.000	0.000	0.000
296	  Q	  0.1	  0.7	0.000	0.000	0.000
297	  N	  0.1	  4.3	0.000	0.000	0.000
298	  K	  0.2	  4.0	0.000	0.000	0.000
299	  S	  0.2	  6.7	0.000	0.000	0.000
300	  G	  0.1	  6.7	0.000	0.000	0.000
301	  N	  0.0	  3.2	0.000	0.000	0.000
302	  H	  0.1	  3.1	0.000	0.000	0.000
303	  G	  0.1	  0.2	0.000	0.000	0.000
304	  L	  0.4	  0.3	0.000	0.000	0.000
305	  S	  0.5	  0.3	0.392	0.000	0.000
306	  S	  1.0	  1.9	0.392	0.000	0.000
307	  K	  0.8	  1.9	0.392	0.000	0.000
308	  N	  0.7	  1.8	0.392	0.000	0.000
309	  K	  0.2	  1.7	0.392	0.000	0.000
310	  K	  1.6	  0.1	0.392	0.000	0.000
311	  I	  9.1	  0.0	0.000	28.022	28.022
312	  V	  9.9	  0.0	0.000	33.811	33.811
313	  I	  8.6	  0.2	0.000	34.891	34.891
314	  G	  1.1	  0.2	0.000	34.932	34.932
315	  C	  2.2	  0.2	0.000	35.386	35.386
316	  V	  3.1	  0.2	0.000	35.270	35.270
317	  V	  3.4	  0.1	0.000	33.595	33.595
318	  G	  1.3	  0.2	0.000	16.424	16.424
319	  I	  0.6	  0.2	0.000	14.926	14.926
320	  G	  0.2	  0.2	3.238	0.000	0.000
321	  V	  0.2	  0.1	7.864	0.000	0.000
322	  P	  0.0	  0.0	18.421	1.020	1.020
323	  L	  0.6	  0.0	23.470	82.830	82.830
324	  L	  0.9	  0.0	26.172	97.039	97.039
325	  I	  2.5	  0.0	27.002	99.506	99.506
326	  A	  2.3	  0.0	28.141	99.721	99.721
327	  I	  4.1	  0.0	28.520	99.974	99.974
328	  L	  3.8	  0.0	28.520	99.996	99.996
329	  V	  5.9	  0.0	28.385	99.999	99.999
330	  L	  4.1	  0.0	28.385	99.998	99.998
331	  L	  3.2	  0.0	27.029	99.989	99.989
332	  Y	  1.1	  0.0	26.483	99.935	99.935
333	  I	  1.7	  0.0	17.578	99.742	99.742
334	  F	  3.8	  0.0	17.578	97.692	97.692
335	  C	  7.8	  0.0	10.645	71.157	71.157
336	  I	  7.2	  0.0	8.184	65.523	65.523
337	  M	  4.8	  0.2	8.184	0.733	0.733
338	  P	  0.3	  0.2	0.000	0.230	0.230
339	  T	  0.5	  0.3	0.000	0.000	0.000
340	  R	  0.9	  0.4	0.000	0.000	0.000
341	  T	  1.3	  0.2	0.000	0.000	0.000
342	  D	  1.1	  0.2	0.000	0.000	0.000
343	  F	  1.7	  0.2	0.000	0.000	0.000
344	  I	  2.0	  0.1	0.000	0.000	0.000
345	  D	  1.7	 10.3	0.000	0.000	0.000
346	  S	  0.7	 10.8	0.311	0.000	0.000
347	  D	  0.0	 10.8	0.428	0.000	0.000
348	  G	  0.0	 10.7	0.598	0.000	0.000
349	  K	  2.0	  0.5	0.598	0.000	0.000
350	  V	  5.5	  0.0	0.598	1.018	1.018
351	  I	  9.5	  0.0	0.598	1.018	1.018
352	  T	  8.3	  0.0	1.334	1.018	1.018
353	  A	  4.9	  0.0	1.334	1.018	1.018
354	  Y	  1.8	  0.1	1.334	1.018	1.018
355	  K	  1.2	  0.2	0.735	0.000	0.000
356	  R	  1.3	  0.2	0.735	0.000	0.000
357	  N	  2.4	  0.2	0.735	1.371	1.371
358	  I	  3.5	  0.1	0.303	81.899	81.899
359	  F	  3.9	  0.0	0.303	98.377	98.377
360	  V	 11.0	  0.0	0.000	99.607	99.607
361	  T	 11.6	  0.0	0.261	99.682	99.682
362	  I	 11.4	  0.0	0.261	99.799	99.799
363	  W	  3.7	  0.0	0.367	99.155	99.155
364	  Y	  4.5	  0.1	0.367	95.797	95.797
365	  S	  4.1	  0.1	0.499	70.333	70.333
366	  L	  3.0	  0.2	0.499	67.140	67.140
367	  L	  0.3	  0.4	0.499	48.722	48.722
368	  G	  0.1	  0.6	0.499	4.035	4.035
369	  K	  0.1	  0.6	0.335	0.010	0.010
370	  N	  0.3	  2.0	0.570	0.010	0.010
371	  L	  0.4	  1.9	0.438	0.010	0.010
372	  D	  0.3	  1.7	1.229	0.010	0.010
373	  D	  0.1	  1.9	1.346	0.000	0.000
374	  A	  0.1	  0.7	1.346	0.000	0.000
375	  R	  0.4	  0.5	1.346	0.000	0.000
376	  N	  1.4	  0.6	1.191	0.000	0.000
377	  F	  2.9	  0.5	1.043	0.000	0.000
378	  S	  2.6	  0.4	0.224	0.000	0.000
379	  S	  1.9	  0.4	0.000	0.000	0.000
380	  E	  0.4	  0.2	0.000	0.000	0.000
381	  S	  0.3	  0.6	0.000	0.000	0.000
382	  P	  0.0	  0.7	0.000	0.000	0.000
383	  M	  0.1	  1.2	0.000	0.000	0.000
384	  G	  0.1	  1.7	0.000	0.000	0.000
385	  S	  0.1	  2.7	0.000	0.000	0.000
386	  D	  0.0	  4.5	0.000	0.000	0.000
387	  D	  0.0	  4.4	0.000	0.000	0.000
388	  N	  0.1	  5.4	0.000	0.000	0.000
389	  S	  0.1	  5.9	0.000	0.000	0.000
390	  S	  0.1	  3.9	0.000	0.000	0.000
391	  D	  0.5	  3.5	0.000	0.000	0.000
392	  F	  1.7	  2.1	0.000	2.419	2.419
393	  I	  5.9	  0.0	0.000	2.419	2.419
394	  I	  6.0	  0.0	0.000	2.419	2.419
395	  T	  4.8	  0.1	0.000	2.419	2.419
396	  N	  0.6	  0.2	0.000	2.419	2.419
397	  D	  0.1	  1.6	0.000	0.000	0.000
398	  K	  0.2	  1.5	0.000	0.000	0.000
399	  D	  0.4	  1.5	0.000	0.000	0.000
400	  V	  1.0	  1.5	0.000	0.000	0.000
401	  A	  0.8	  0.1	0.000	0.000	0.000
402	  N	  3.1	  0.1	0.000	0.000	0.000
403	  T	 12.9	  0.1	0.000	0.000	0.000
404	  Y	 24.2	  0.0	0.000	0.000	0.000
405	  E	 21.9	  0.0	0.000	0.000	0.000
406	  V	 12.6	  0.3	0.000	0.000	0.000
407	  P	  0.2	  0.3	0.000	0.000	0.000
408	  D	  0.6	  0.7	0.120	0.000	0.000
409	  I	  2.0	  0.8	0.120	0.000	0.000
410	  D	  2.1	  0.5	0.321	0.000	0.000
411	  T	  3.8	  0.5	0.499	0.000	0.000
412	  T	  2.9	  0.1	0.927	0.000	0.000
413	  Q	  2.8	  0.2	0.927	0.000	0.000
414	  A	  0.7	  0.2	0.807	0.000	0.000
415	  S	  0.8	  2.1	0.807	0.000	0.000
416	  A	  0.6	  2.1	0.807	0.000	0.000
417	  N	  0.5	  2.1	0.807	0.000	0.000
418	  E	  0.0	  2.3	0.110	0.000	0.000
419	  E	  0.1	  0.5	0.000	0.000	0.000
420	  D	  0.0	  0.6	0.933	0.000	0.000
421	  D	  0.2	  0.4	1.732	0.000	0.000
422	  L	  0.7	  0.2	1.732	0.000	0.000
423	  I	  0.8	  0.1	1.732	0.000	0.000
424	  N	  0.8	  0.1	1.848	0.000	0.000
425	  N	  3.6	  0.1	1.848	0.000	0.000
426	  I	  5.6	  0.2	1.603	0.000	0.000
427	  R	  5.5	  0.3	1.603	0.000	0.000
428	  G	  2.2	  0.5	0.988	0.000	0.000
429	  R	  0.4	  0.5	0.544	0.000	0.000
430	  N	  1.0	  0.4	0.000	0.000	0.000
431	  F	  2.1	  0.3	0.000	0.000	0.000
432	  K	  2.0	  0.0	0.000	0.000	0.000
433	  A	  1.4	  0.0	0.000	0.000	0.000
434	  H	  0.9	  0.1	0.000	0.000	0.000
435	  R	  0.9	  0.1	0.000	0.000	0.000
436	  H	  0.8	  0.3	0.000	0.000	0.000
437	  S	  2.2	  0.5	0.000	0.000	0.000
438	  T	  2.6	  0.5	0.000	0.000	0.000
439	  S	  4.1	  0.4	0.000	0.000	0.000
440	  L	  2.6	  0.3	0.000	0.000	0.000
441	  T	  2.1	  0.3	0.000	0.000	0.000
442	  S	  0.6	  0.2	0.000	0.000	0.000
443	  N	  2.2	  0.2	0.109	0.000	0.000
444	  I	  3.6	  0.2	0.109	0.000	0.000
445	  Y	  4.7	  0.0	0.109	0.000	0.000
446	  T	  2.8	  0.2	0.109	0.000	0.000
447	  E	  1.4	  0.2	0.109	0.000	0.000
448	  S	  0.5	  0.2	0.109	0.000	0.000
449	  S	  4.2	  0.5	0.000	0.000	0.000
450	  V	  4.3	  0.4	0.000	0.000	0.000
451	  D	  4.2	  0.4	0.000	0.000	0.000
452	  E	  2.5	  0.4	0.000	0.000	0.000
453	  F	  4.9	  0.0	0.000	0.000	0.000
454	  T	  5.0	  0.0	0.000	0.000	0.000
455	  T	  2.8	  0.4	0.000	0.000	0.000
456	  P	  0.2	  0.6	0.000	0.000	0.000
457	  S	  0.1	  1.2	0.000	0.000	0.000
458	  Q	  0.0	  1.3	0.000	0.000	0.000
459	  G	  0.1	  1.0	0.000	0.000	0.000
460	  R	  1.9	  0.7	0.000	0.000	0.000
461	  Q	  3.5	  0.2	0.000	0.000	0.000
462	  Y	  4.0	  0.2	0.000	0.000	0.000
463	  D	  2.1	  0.1	0.000	0.000	0.000
464	  H	  1.2	  0.1	0.000	0.000	0.000
465	  L	  2.2	  0.1	0.000	0.303	0.303
466	  S	  2.8	  0.0	0.000	0.303	0.303
467	  I	  3.2	  0.0	0.000	0.982	0.982
468	  V	  3.2	  0.0	0.000	0.982	0.982
469	  N	  2.9	  0.0	0.000	0.982	0.982
470	  S	  2.1	  0.0	0.000	0.856	0.856
471	  I	  1.6	  0.0	0.000	0.856	0.856
472	  A	  1.3	  0.1	0.000	0.179	0.179
473	  S	  1.1	  1.5	0.000	0.000	0.000
474	  E	  0.1	  1.5	0.000	0.000	0.000
475	  N	  4.7	  1.5	0.000	0.000	0.000
476	  I	  5.0	  1.5	0.000	0.000	0.000
477	  I	  5.0	  0.1	0.000	0.000	0.000
478	  P	  0.4	  0.6	0.000	0.000	0.000
479	  E	  0.1	  0.6	0.000	0.000	0.000
480	  D	  0.4	  1.3	0.000	0.000	0.000
481	  F	  0.7	  1.9	0.000	0.000	0.000
482	  D	  0.7	  1.8	0.000	0.000	0.000
483	  D	  0.3	  1.8	0.000	0.000	0.000
484	  G	  0.0	  1.0	0.000	0.000	0.000
485	  Y	  1.2	  0.4	0.000	0.000	0.000
486	  Y	  2.6	  0.0	0.000	0.000	0.000
487	  H	  2.7	  0.3	0.000	0.000	0.000
488	  R	  1.6	  0.6	0.000	0.000	0.000
489	  G	  0.2	  1.5	0.000	0.000	0.000
490	  G	  0.0	  1.4	0.000	0.000	0.000
491	  N	  0.3	  1.5	0.000	0.000	0.000
492	  L	  3.3	  1.2	0.000	0.000	0.000
493	  N	  5.3	  0.4	0.000	0.000	0.000
494	  V	  6.8	  0.4	0.000	0.000	0.000
495	  T	  4.2	  0.1	0.000	0.000	0.000
496	  N	  2.2	  0.1	0.000	0.000	0.000
497	  Y	  0.4	  0.1	0.000	0.000	0.000
