

TREE # 1

  0  0.0000   8400.866422  x:  0.30474   0.27355   0.00000   0.13104   0.11955   0.28399   0.09256   0.07968   0.19667   0.14371   0.09918   0.18404   0.22712   0.48746   0.41010   0.40866   0.41408  
  1 99.0000   7433.322006  x:  0.62293   0.59174   1.53580   0.46571   0.57159   0.64711   0.38825   0.50590   0.43044   0.56060   0.50022   0.56782   0.56091   0.85479   1.14664   0.28086   0.41409  
  2 2780.8322   7415.249928  x:  0.64505   0.61386   1.52753   0.44670   0.56535   0.66405   0.36533   0.48609   0.42284   0.55324   0.48883   0.57369   0.57023   0.88479   1.17995   0.20637   0.39745  
  3 303.2667   7348.652635  x:  1.05269   1.02150   1.31521   0.14911   0.47782   0.97894   0.00000   0.17262   0.32152   0.44236   0.32973   0.69527   0.75003   1.43456   1.66093   0.27272   0.09255  
  4 343.2251   7332.039456  x:  1.17669   1.14550   1.15039   0.16942   0.43917   1.06802   0.14684   0.16024   0.31949   0.41785   0.29097   0.70304   0.78237   1.63213   1.78538   0.27052   0.06017  
  5 215.1583   7316.637116  x:  1.36262   1.33143   0.86942   0.18865   0.38528   1.17135   0.16279   0.27241   0.40803   0.46496   0.31115   0.68650   0.80363   1.96361   1.94137   0.26120   0.29089  
  6 239.6345   7307.354189  x:  1.42638   1.39519   0.69161   0.27241   0.46773   1.16906   0.10580   0.35565   0.45122   0.55073   0.46472   0.67244   0.77307   2.11498   1.96106   0.24141   0.20811  
  7 82.1779   7304.827569  x:  1.44950   1.41832   0.70091   0.34078   0.48957   1.10339   0.08464   0.33903   0.36932   0.53471   0.50104   0.66657   0.73275   2.26029   1.89509   0.23543   0.21780  
  8 26.7164   7302.201862  x:  1.45966   1.42847   0.73884   0.36552   0.46900   0.99679   0.07709   0.31060   0.41305   0.58045   0.48041   0.67313   0.70503   2.48724   1.74967   0.22291   0.18134  
  9 34.8264   7300.994336  x:  1.43709   1.40590   0.75582   0.33479   0.48061   0.99421   0.07381   0.37102   0.41754   0.54327   0.47354   0.68059   0.72664   2.62025   1.65130   0.21350   0.15125  
 10 24.5150   7300.456980  x:  1.38837   1.35718   0.76131   0.33442   0.49716   1.05253   0.07485   0.34425   0.42536   0.54574   0.48641   0.66417   0.72886   2.69797   1.61574   0.20975   0.15437  
 11 11.0295   7300.079404  x:  1.32900   1.29781   0.76023   0.34536   0.46037   1.06363   0.06803   0.35105   0.41300   0.55737   0.49356   0.67474   0.72941   2.75495   1.63941   0.21104   0.14601  
 12  8.1079   7299.811599  x:  1.28872   1.25753   0.75480   0.34745   0.48671   1.04541   0.06553   0.35357   0.41901   0.55081   0.47041   0.67578   0.71925   2.78920   1.67808   0.21352   0.14670  
 13  6.7677   7299.525309  x:  1.27430   1.24311   0.75187   0.31887   0.49559   1.01629   0.08092   0.33808   0.42251   0.54191   0.49956   0.67097   0.73453   2.79661   1.69965   0.21321   0.15595  
 14  3.0373   7297.058649  x:  1.29423   1.26304   0.75551   0.32572   0.49549   1.01300   0.09026   0.34846   0.38639   0.57991   0.47690   0.58395   0.77701   2.70653   1.71792   0.19593   0.16648  
 15  1.8129   7295.931420  x:  1.30600   1.27481   0.74439   0.35056   0.49702   1.02981   0.09107   0.33412   0.40260   0.55586   0.48089   0.66035   0.76130   2.65213   1.70905   0.18383   0.18417  
 16 12.1544   7295.842280  x:  1.30855   1.27736   0.74964   0.34026   0.49150   1.03538   0.09450   0.33793   0.40568   0.55050   0.48592   0.65899   0.73149   2.64835   1.71212   0.18387   0.18228  
 17  4.7956   7295.751794  x:  1.30209   1.27090   0.74888   0.32642   0.49705   1.03829   0.10233   0.33926   0.39137   0.56798   0.47903   0.67207   0.72550   2.62769   1.71514   0.18483   0.18822  
 18  0.3381   7294.915816  x:  1.24253   1.21135   0.77807   0.33916   0.46983   1.05023   0.11952   0.33530   0.40358   0.53432   0.45179   0.67412   0.71866   2.42799   1.77704   0.19716   0.21679  
 19  3.4452   7294.013439  x:  1.18345   1.15225   0.77991   0.32909   0.47134   1.01195   0.16838   0.34520   0.40845   0.54561   0.45518   0.65143   0.72887   2.33359   1.70468   0.19613   0.21976  
 20  0.0541   7293.375537  x:  1.24899   1.21779   0.65033   0.34158   0.48290   1.03053   0.19675   0.33763   0.41260   0.53699   0.47366   0.65729   0.69950   2.37503   1.70051   0.19740   0.23391  
 21  0.0526   7292.746364  x:  1.23188   1.20067   0.51948   0.33607   0.46609   1.04799   0.23666   0.32729   0.40357   0.53123   0.44794   0.65659   0.72151   2.36218   1.74736   0.19831   0.28879  
 22  0.0725   7291.957148  x:  1.19685   1.16565   0.49992   0.29728   0.42649   1.01162   0.24458   0.31784   0.40132   0.52224   0.40203   0.64108   0.72516   2.30312   1.71099   0.20392   0.35079  
 23  0.0439   7290.714071  x:  1.20289   1.17167   0.36965   0.27183   0.44250   1.00203   0.22942   0.30162   0.39718   0.51764   0.41794   0.63766   0.70992   2.13606   1.68604   0.21148   0.46845  
 24  0.1091   7290.011962  x:  1.16856   1.13735   0.41565   0.28996   0.45851   0.99184   0.16713   0.30370   0.39441   0.51939   0.43710   0.63448   0.69377   2.08235   1.65779   0.21576   0.49610  
 25  0.1728   7289.764586  x:  1.13126   1.10005   0.38121   0.31878   0.45094   0.98972   0.14696   0.31116   0.39149   0.52193   0.42707   0.62991   0.69225   2.07754   1.67053   0.21865   0.53371  
 26  0.0883   7289.637497  x:  1.14178   1.11057   0.39734   0.33070   0.44306   0.98879   0.15025   0.32723   0.39788   0.52634   0.41933   0.62783   0.70080   2.10193   1.67612   0.21584   0.53611  
 27  0.0210   7289.027141  x:  1.14344   1.11225   0.32907   0.31510   0.44113   0.99277   0.14546   0.33543   0.41208   0.53207   0.43334   0.63273   0.69427   2.07742   1.66794   0.21234   0.83176  
 28  0.0382   7288.505536  x:  1.13127   1.10008   0.37660   0.31812   0.45339   1.00098   0.15774   0.32239   0.40164   0.52668   0.43583   0.63644   0.69324   2.09474   1.68538   0.21262   0.98730  
 29  0.0957   7288.103039  x:  1.15161   1.12044   0.32159   0.32581   0.45172   0.99208   0.16076   0.31771   0.38900   0.52371   0.42256   0.62971   0.70103   2.03135   1.69166   0.21818   1.33317  
 30  0.1965   7287.746647  x:  1.11655   1.08539   0.30880   0.31097   0.43541   0.99412   0.15456   0.32550   0.40101   0.52979   0.42559   0.62832   0.69361   2.06018   1.67722   0.22000   1.95060  
 31  0.2197   7287.494085  x:  1.15056   1.11943   0.32192   0.32217   0.45045   0.99595   0.15351   0.32479   0.40121   0.52796   0.42718   0.63218   0.69576   2.00622   1.68932   0.21701   2.57708  
 32  0.3005   7287.348241  x:  1.14240   1.11130   0.29222   0.32362   0.45144   0.99532   0.16007   0.32009   0.39384   0.52501   0.42758   0.63168   0.69750   2.03865   1.68943   0.21681   3.35995  
 33  0.4802   7287.206351  x:  1.11841   1.08735   0.30753   0.31454   0.43950   0.99218   0.15678   0.32183   0.39289   0.52664   0.42384   0.62791   0.69719   2.03151   1.68372   0.21853   4.59765  
 34  0.5353   7287.095104  x:  1.14041   1.10943   0.28848   0.31983   0.44494   0.99605   0.15312   0.32313   0.40100   0.52836   0.42551   0.63149   0.69336   2.01398   1.68538   0.21834   6.37164  
 35  0.8529   7287.019983  x:  1.13910   1.10821   0.29552   0.32247   0.45102   0.99546   0.16008   0.32195   0.39547   0.52551   0.42901   0.63134   0.69827   2.03925   1.68859   0.21714   8.74878  
 36  0.9310   7286.965460  x:  1.12652   1.09576   0.29055   0.31721   0.44433   0.99372   0.15810   0.32200   0.39392   0.52636   0.42382   0.62849   0.69633   1.99637   1.69158   0.21916  11.80299  
 37  1.6923   7286.927130  x:  1.13864   1.10803   0.28667   0.31938   0.44319   0.99517   0.15255   0.32219   0.39821   0.52863   0.42503   0.63119   0.69429   2.02756   1.68323   0.21815  15.70814  
 38  1.9901   7286.889498  x:  1.13006   1.09976   0.29077   0.32007   0.44811   0.99521   0.15953   0.32254   0.39794   0.52505   0.42717   0.63017   0.69635   2.00841   1.68931   0.21814  23.36451  
 39  2.5408   7286.866438  x:  1.13522   1.10529   0.28498   0.31851   0.44399   0.99428   0.15474   0.32221   0.39374   0.52849   0.42453   0.62980   0.69628   2.01692   1.68840   0.21858  32.53500  
 40  3.5965   7286.849063  x:  1.13112   1.10184   0.28905   0.31988   0.44570   0.99529   0.15685   0.32165   0.40028   0.52558   0.42569   0.63090   0.69395   2.01256   1.68531   0.21833  48.28139  
 41  4.8082   7286.837482  x:  1.13304   1.10456   0.28493   0.31918   0.44571   0.99482   0.15630   0.32296   0.39448   0.52757   0.42630   0.62968   0.69767   2.01402   1.68935   0.21835  67.36647  
 42  7.5942   7286.829039  x:  1.13137   1.10430   0.28749   0.31899   0.44467   0.99443   0.15599   0.32129   0.39741   0.52698   0.42389   0.63071   0.69302   2.01313   1.68694   0.21856  101.28628  
 43  9.9162   7286.823590  x:  1.13065   1.10516   0.28530   0.31963   0.44560   0.99524   0.15633   0.32252   0.39691   0.52649   0.42672   0.62986   0.69761   2.01313   1.68707   0.21833  139.25070  
 44 15.9847   7286.819614  x:  1.12970   1.10708   0.28615   0.31890   0.44549   0.99447   0.15645   0.32241   0.39517   0.52789   0.42473   0.63048   0.69417   2.01351   1.68959   0.21846  207.93687  
 45 20.9871   7286.816865  x:  1.12741   1.10817   0.28577   0.31942   0.44505   0.99491   0.15601   0.32181   0.39753   0.52629   0.42566   0.62994   0.69648   2.01258   1.68630   0.21845  289.39291  
 46 32.3936   7286.814833  x:  1.12458   1.11175   0.28550   0.31929   0.44571   0.99500   0.15663   0.32276   0.39559   0.52764   0.42582   0.63052   0.69519   2.01359   1.68906   0.21836  443.24227  
 47 43.1335   7286.813532  x:  1.12066   1.11526   0.28593   0.31917   0.44516   0.99456   0.15596   0.32183   0.39699   0.52656   0.42515   0.62983   0.69610   2.01251   1.68708   0.21849  621.70688  
 48 65.8564   7286.812590  x:  1.11396   1.12199   0.28525   0.31949   0.44532   0.99526   0.15660   0.32245   0.39626   0.52727   0.42600   0.63063   0.69527   2.01331   1.68795   0.21837  944.13473  
 49 92.3065   7286.812424  x:  1.11283   1.12314   0.28535   0.31943   0.44535   0.99515   0.15651   0.32241   0.39629   0.52721   0.42589   0.63051   0.69539   2.01323   1.68795   0.21838  999.00000  
 50 143.1996   7286.812330  x:  1.10933   1.12668   0.28563   0.31928   0.44533   0.99483   0.15626   0.32219   0.39651   0.52697   0.42552   0.63017   0.69571   2.01293   1.68774   0.21843  999.00000  
 51  0.0051   7286.812329  x:  1.10931   1.12670   0.28565   0.31928   0.44534   0.99484   0.15626   0.32220   0.39651   0.52698   0.42553   0.63018   0.69572   2.01294   1.68775   0.21843  999.00000  