res	aa	Beta	Turn	Helix	Aggregation	Conc-Stab_Aggregation
01	  M	  1.6	  0.0	0.000	0.000	0.000
02	  R	  2.6	  0.0	0.000	0.000	0.000
03	  F	  3.5	  0.3	0.000	0.000	0.000
04	  R	  2.3	  0.3	0.000	0.000	0.000
05	  N	  1.3	  0.3	0.818	3.156	3.156
06	  I	  3.5	  0.3	0.818	80.370	80.370
07	  L	  3.9	  0.0	0.985	94.351	94.351
08	  L	  4.0	  0.0	0.985	96.755	96.755
09	  L	  1.2	  0.0	0.985	97.172	97.172
10	  A	  0.4	  0.1	0.985	97.207	97.207
11	  A	  0.3	  0.2	0.704	96.497	96.497
12	  S	  0.6	  0.2	0.432	95.784	95.784
13	  T	  5.9	  0.2	0.000	96.104	96.104
14	  V	  7.7	  0.1	0.000	96.647	96.647
15	  F	 11.6	  0.0	0.000	95.926	95.926
16	  Y	  7.3	  0.0	0.000	84.790	84.790
17	  C	  6.7	  0.1	0.196	46.214	46.214
18	  T	  3.1	  0.1	0.505	39.406	39.406
19	  S	  2.6	  0.1	0.505	35.240	35.240
20	  V	  2.3	  0.1	0.505	34.720	34.720
21	  L	  1.5	  0.0	0.505	28.393	28.393
22	  A	  1.1	  0.1	0.505	13.027	13.027
23	  K	  0.7	  0.1	0.505	0.000	0.000
24	  T	 11.4	  0.1	0.000	0.000	0.000
25	  Y	 12.1	  0.3	0.000	0.000	0.000
26	  E	 11.6	  0.2	0.000	0.000	0.000
27	  N	  1.1	  0.2	0.000	0.000	0.000
28	  Q	  0.3	  0.2	0.000	0.000	0.000
29	  E	  0.5	  0.0	0.000	0.000	0.000
30	  I	  8.5	  0.0	0.000	0.000	0.000
31	  V	 10.8	  0.0	0.000	0.000	0.000
32	  L	 10.8	  0.1	0.000	0.000	0.000
33	  D	  2.9	  0.2	3.797	0.000	0.000
34	  S	  0.9	  0.3	3.797	0.000	0.000
35	  A	  1.1	  0.3	3.797	0.000	0.000
36	  T	  1.2	  0.2	3.797	0.000	0.000
37	  L	  0.6	  0.2	3.797	0.000	0.000
38	  G	  0.2	  0.1	3.797	0.000	0.000
39	  L	  0.4	  0.1	1.361	0.000	0.000
40	  T	  3.4	  0.1	0.000	0.000	0.000
41	  T	 13.1	  0.0	0.000	0.000	0.000
42	  Y	 13.5	  0.4	0.000	0.000	0.000
43	  E	 10.5	  0.4	0.000	0.000	0.000
44	  D	  0.7	  0.5	3.115	0.000	0.000
45	  D	  0.0	  0.5	5.475	0.000	0.000
46	  E	  0.0	  0.2	5.820	0.000	0.000
47	  L	  0.9	  0.1	5.934	0.000	0.000
48	  M	  3.2	  0.1	5.934	0.000	0.000
49	  V	  4.2	  0.0	6.040	0.000	0.000
50	  L	  3.5	  0.2	6.040	0.000	0.000
51	  K	  1.2	  0.2	5.687	0.000	0.000
52	  N	  0.2	  0.2	4.045	0.000	0.000
53	  A	  0.4	  0.2	1.222	0.000	0.000
54	  K	  5.3	  0.0	0.810	0.000	0.000
55	  V	 12.0	  0.0	0.000	0.000	0.000
56	  T	 13.3	  0.1	0.000	0.000	0.000
57	  L	  8.5	  0.3	0.000	0.000	0.000
58	  N	  1.9	  0.3	0.000	0.000	0.000
59	  D	  0.8	  0.3	0.128	0.000	0.000
60	  F	  2.0	  0.2	0.128	0.000	0.000
61	  T	  2.8	  0.0	0.128	0.000	0.000
62	  T	 13.3	  0.0	0.128	0.000	0.000
63	  I	 21.1	  0.0	0.128	0.000	0.000
64	  K	 20.3	  0.0	0.128	0.000	0.000
65	  L	 10.4	  0.4	0.000	0.000	0.000
66	  P	  0.1	  0.7	0.000	0.000	0.000
67	  E	  0.0	  0.8	0.000	0.000	0.000
68	  G	  0.1	  0.8	0.000	0.000	0.000
69	  I	  3.7	  0.4	0.000	0.000	0.000
70	  S	  5.3	  0.3	0.000	0.000	0.000
71	  L	  5.3	  0.2	0.000	0.000	0.000
72	  T	  1.8	  1.8	0.000	0.000	0.000
73	  G	  0.1	  1.8	0.000	0.000	0.000
74	  N	  0.3	  1.6	0.000	0.000	0.000
75	  S	  0.8	  1.6	0.115	0.000	0.000
76	  V	  1.9	  0.0	0.115	0.000	0.000
77	  L	  3.2	  0.0	0.115	0.000	0.000
78	  K	  4.1	  0.0	0.115	0.000	0.000
79	  I	  5.2	  0.0	0.115	0.000	0.000
80	  N	  3.6	  0.0	0.115	0.000	0.000
81	  A	  2.2	  1.3	0.000	0.000	0.000
82	  P	  0.0	  1.6	0.000	0.000	0.000
83	  S	  0.0	  6.1	0.000	0.000	0.000
84	  G	  0.0	  6.3	0.000	0.000	0.000
85	  D	  0.0	  5.0	0.000	0.000	0.000
86	  G	  0.0	  4.7	0.000	0.000	0.000
87	  T	  0.0	  0.4	0.000	0.000	0.000
88	  P	  0.0	  0.1	0.000	0.343	0.343
89	  Y	  2.7	  0.2	0.000	29.145	29.145
90	  S	  3.2	  0.2	0.000	29.285	29.285
91	  I	 10.0	  0.0	0.000	29.386	29.386
92	  V	 12.1	  0.1	0.000	29.386	29.386
93	  I	 12.4	  8.5	0.000	29.386	29.386
94	  N	  5.8	  8.5	0.000	0.724	0.724
95	  G	  0.8	  8.5	0.000	0.101	0.101
96	  K	  1.0	  8.4	0.000	0.000	0.000
97	  V	  4.2	  0.0	0.000	0.000	0.000
98	  S	  6.8	  0.4	0.000	0.000	0.000
99	  I	  5.9	  0.5	0.000	0.000	0.000
100	  D	  2.9	  0.6	0.000	0.000	0.000
101	  D	  0.1	  2.1	0.000	0.000	0.000
102	  E	  0.1	  1.8	0.000	0.000	0.000
103	  S	  0.5	  1.7	0.000	0.000	0.000
104	  Q	  1.0	  1.6	0.000	0.000	0.000
105	  F	  1.6	  0.0	0.000	0.000	0.000
106	  I	  1.4	  0.1	0.000	0.000	0.000
107	  F	  1.2	  0.4	0.000	0.000	0.000
108	  D	  0.6	  0.9	0.000	0.000	0.000
109	  G	  0.3	  1.1	0.000	0.000	0.000
110	  S	  0.1	  1.1	0.000	0.000	0.000
111	  S	  4.9	  1.0	0.000	0.000	0.000
112	  L	  6.7	  0.5	0.000	1.187	1.187
113	  S	 14.5	  0.6	0.000	1.339	1.339
114	  Y	 13.9	  0.6	0.000	1.776	1.776
115	  N	 13.6	  0.3	0.000	1.776	1.776
116	  I	  9.8	  0.3	0.000	1.776	1.776
117	  V	  7.4	  0.0	0.000	1.776	1.776
118	  A	  5.7	  0.3	0.000	0.749	0.749
119	  S	  1.9	  0.3	0.000	0.000	0.000
120	  D	  0.4	  0.5	0.000	0.000	0.000
121	  F	  2.2	  0.5	0.000	0.000	0.000
122	  D	  2.6	  0.4	0.124	0.000	0.000
123	  Y	  2.7	  0.5	0.124	0.298	0.298
124	  S	  1.5	  0.3	0.124	0.298	0.298
125	  T	 18.0	  0.3	0.124	0.298	0.298
126	  F	 27.0	  0.1	0.124	0.298	0.298
127	  T	 31.9	  0.0	0.124	0.298	0.298
128	  F	 18.8	  0.0	0.124	0.298	0.298
129	  D	  8.5	  0.3	0.000	0.000	0.000
130	  I	  4.6	  0.3	0.000	0.000	0.000
131	  N	  2.2	  0.5	0.000	0.000	0.000
132	  T	  1.6	  0.8	0.000	0.000	0.000
133	  G	  0.0	  2.0	0.000	0.000	0.000
134	  A	  0.0	  2.4	0.000	0.000	0.000
135	  D	  0.0	  2.2	0.000	0.000	0.000
136	  G	  0.0	  2.0	0.000	2.842	2.842
137	  V	  2.6	  0.4	0.000	2.842	2.842
138	  F	  3.5	  0.0	0.000	2.842	2.842
139	  I	  4.0	  0.0	0.000	2.842	2.842
140	  S	  2.1	  1.5	0.399	2.842	2.842
141	  K	  1.2	  1.6	0.399	0.000	0.000
142	  N	  0.7	  1.6	0.521	0.000	0.000
143	  S	  0.2	  1.6	1.294	0.000	0.000
144	  L	  0.3	  0.1	1.294	0.000	0.000
145	  M	  4.7	  0.0	1.294	0.000	0.000
146	  R	  6.9	  0.0	1.131	0.000	0.000
147	  I	 16.5	  0.0	1.022	0.000	0.000
148	  K	 12.3	  0.0	1.022	0.000	0.000
149	  L	 10.0	  0.1	0.310	0.000	0.000
150	  P	  0.1	  0.2	0.000	0.000	0.000
151	  K	  0.8	  0.2	0.000	0.000	0.000
152	  T	  0.9	  0.3	0.000	0.000	0.000
153	  T	  0.9	  0.6	0.000	0.000	0.000
154	  G	  0.1	  0.6	0.000	0.000	0.000
155	  T	  0.1	  0.6	0.000	0.171	0.171
156	  G	  0.1	  0.5	0.000	0.171	0.171
157	  I	  3.9	  0.1	0.000	0.171	0.171
158	  V	  4.3	  0.1	0.000	0.171	0.171
159	  A	  4.4	  0.1	0.000	0.171	0.171
160	  D	  1.6	  0.1	0.000	0.000	0.000
161	  I	 15.3	  0.1	0.000	0.000	0.000
162	  T	 26.9	  0.0	0.000	0.000	0.000
163	  F	 26.0	  0.0	0.000	0.000	0.000
164	  N	 12.8	  1.1	0.000	0.000	0.000
165	  P	  0.2	  1.1	0.000	0.000	0.000
166	  S	  0.6	  1.1	0.000	0.000	0.000
167	  I	  6.8	  1.1	0.000	0.000	0.000
168	  H	  7.7	  0.2	0.000	0.000	0.000
169	  I	  7.2	  0.9	0.000	0.000	0.000
170	  G	  1.0	  1.0	0.000	0.000	0.000
171	  G	  0.1	  1.0	0.000	0.000	0.000
172	  T	 14.0	  0.9	0.000	0.000	0.000
173	  Y	 16.2	  0.2	0.000	0.000	0.000
174	  K	 16.2	  0.0	0.000	0.000	0.000
175	  A	  3.1	  0.9	0.000	0.000	0.000
176	  P	  0.0	  1.0	0.000	0.000	0.000
177	  N	  0.0	  1.0	0.000	0.000	0.000
178	  N	  0.1	  1.0	0.000	0.000	0.000
179	  S	  0.1	  0.3	0.601	0.000	0.000
180	  P	  0.0	  0.2	0.601	0.242	0.242
181	  L	  0.4	  0.2	0.601	2.178	2.178
182	  A	  0.9	  0.2	0.601	2.178	2.178
183	  I	  2.0	  0.0	0.601	2.178	2.178
184	  L	  1.7	  0.9	0.601	2.178	2.178
185	  G	  1.1	  0.9	0.568	1.936	1.936
186	  N	  0.4	  0.9	1.387	0.173	0.173
187	  L	  2.0	  0.9	1.104	0.173	0.173
188	  E	  2.5	  0.0	1.104	0.000	0.000
189	  V	  3.9	  0.0	1.104	0.000	0.000
190	  L	  2.8	  0.1	1.104	0.000	0.000
191	  R	  2.5	  0.6	1.104	0.000	0.000
192	  S	  0.7	  1.2	0.921	0.000	0.000
193	  D	  0.3	  1.2	0.131	0.000	0.000
194	  S	  0.5	  1.1	0.000	0.000	0.000
195	  K	  1.8	  0.9	0.000	0.000	0.000
196	  V	  1.9	  2.2	0.000	0.000	0.000
197	  D	  1.6	  2.2	0.000	0.000	0.000
198	  G	  0.2	  2.2	0.000	0.000	0.000
199	  Y	  1.6	  1.9	0.000	0.000	0.000
200	  F	  1.8	  0.3	0.000	0.000	0.000
201	  D	  1.8	  0.3	0.906	0.000	0.000
202	  D	  0.3	  0.3	1.191	0.000	0.000
203	  K	  0.2	  0.3	1.191	0.000	0.000
204	  L	  0.3	  0.0	1.191	0.000	0.000
205	  W	  2.6	  0.0	1.292	0.000	0.000
206	  R	  7.6	  0.0	1.292	0.000	0.000
207	  V	  9.6	  0.0	0.868	0.000	0.000
208	  D	  7.4	  0.0	0.868	0.000	0.000
209	  L	  2.2	  0.1	0.557	0.000	0.000
210	  G	  0.0	  1.2	0.557	0.000	0.000
211	  P	  0.0	  1.2	0.000	0.000	0.000
212	  D	  0.3	  1.2	0.000	0.000	0.000
213	  H	  4.9	  1.3	0.000	0.000	0.000
214	  I	  5.0	  0.1	0.000	0.000	0.000
215	  D	  4.8	  9.0	0.000	0.000	0.000
216	  E	  0.1	 12.1	0.000	0.000	0.000
217	  N	  0.0	 12.0	0.000	0.000	0.000
218	  G	  0.0	 12.0	0.111	2.178	2.178
219	  V	  2.3	  3.1	0.111	3.164	3.164
220	  F	  9.9	  0.0	0.111	3.164	3.164
221	  T	 13.4	  0.0	0.111	3.164	3.164
222	  I	 11.3	  0.1	0.111	3.164	3.164
223	  Q	  3.9	  0.1	0.111	0.986	0.986
224	  N	  0.1	  0.2	0.000	0.000	0.000
225	  D	  0.2	  2.3	0.000	0.000	0.000
226	  L	  0.3	  2.3	0.000	0.000	0.000
227	  S	  0.3	  3.0	0.000	0.000	0.000
228	  G	  0.2	  3.0	0.000	0.000	0.000
229	  N	  0.5	  0.9	0.000	0.000	0.000
230	  I	  2.4	  0.8	0.000	0.824	0.824
231	  H	  3.2	  0.0	0.000	0.824	0.824
232	  C	  5.1	  0.0	0.000	0.895	0.895
233	  Q	  3.6	  0.0	0.000	1.847	1.847
234	  A	  3.0	  0.0	0.000	21.524	21.524
235	  F	  1.1	  0.3	0.000	40.728	40.728
236	  I	  0.9	  0.3	0.000	41.519	41.519
237	  G	  0.6	  0.3	0.145	41.370	41.370
238	  V	  2.2	  0.3	0.145	41.574	41.574
239	  Y	  2.2	  0.7	0.145	36.561	36.561
240	  A	  2.3	  0.6	0.145	20.109	20.109
241	  D	  1.5	  0.6	0.145	5.644	5.644
242	  I	  1.7	  0.6	0.145	5.644	5.644
243	  F	  1.9	  0.4	0.145	5.644	5.644
244	  K	  0.8	  0.5	0.145	5.644	5.644
245	  G	  0.4	  0.5	0.000	0.185	0.185
246	  T	  0.1	  0.8	0.000	0.000	0.000
247	  E	  0.1	  0.3	0.000	0.000	0.000
248	  N	  0.2	  0.3	1.192	0.000	0.000
249	  V	  3.0	  0.3	1.192	0.000	0.000
250	  L	  3.2	  0.0	1.192	0.000	0.000
251	  I	  4.5	  0.0	1.192	0.000	0.000
252	  R	  2.1	  0.2	1.192	0.000	0.000
253	  S	  2.0	  0.3	1.192	0.000	0.000
254	  L	  0.7	  0.3	0.667	0.000	0.000
255	  G	  0.2	  0.3	0.557	0.000	0.000
256	  Y	  0.5	  0.4	0.258	0.000	0.000
257	  Q	  0.5	  0.2	0.000	0.000	0.000
258	  G	  0.5	  0.2	0.000	0.362	0.362
259	  Y	  4.7	  0.2	0.000	0.362	0.362
260	  S	  5.5	  0.0	0.000	0.362	0.362
261	  V	 12.1	  0.0	0.000	0.362	0.362
262	  V	  7.8	  0.0	0.000	0.362	0.362
263	  S	  6.9	  0.0	0.478	0.000	0.000
264	  P	  0.3	  0.0	0.478	0.000	0.000
265	  I	 12.1	  0.0	0.478	0.000	0.000
266	  T	 16.0	  0.1	0.478	0.000	0.000
267	  I	 18.3	  0.1	0.478	0.000	0.000
268	  D	  6.7	  0.4	0.478	0.000	0.000
269	  L	  2.5	  0.6	0.203	0.000	0.000
270	  G	  0.0	  0.5	0.203	0.000	0.000
271	  E	  0.0	  0.5	0.101	0.000	0.000
272	  G	  0.0	  0.2	0.000	0.000	0.000
273	  P	  0.0	  0.0	0.000	0.000	0.000
274	  V	  0.6	  0.0	0.000	0.000	0.000
275	  L	  0.6	  0.0	0.000	0.000	0.000
276	  G	  0.6	  0.3	0.367	0.000	0.000
277	  P	  0.0	  0.3	0.367	0.032	0.032
278	  Q	  1.4	  0.3	0.367	3.208	3.208
279	  I	  9.6	  0.2	0.367	79.678	79.678
280	  V	 12.4	  0.1	0.367	86.245	86.245
281	  L	 12.6	  0.1	0.367	86.695	86.695
282	  N	  5.3	  0.1	0.367	86.695	86.695
283	  Y	  3.1	  0.1	0.211	86.729	86.729
284	  I	  7.2	  0.0	0.000	85.742	85.742
285	  L	  6.6	  0.0	0.000	73.461	73.461
286	  L	  5.7	  0.5	0.000	2.351	2.351
287	  P	  0.1	  1.3	0.000	1.266	1.266
288	  E	  0.0	  1.4	0.000	0.000	0.000
289	  G	  0.0	  2.3	0.000	0.000	0.000
290	  Q	  0.0	  2.0	0.000	0.000	0.000
291	  D	  0.0	  1.2	0.000	0.000	0.000
292	  G	  0.1	  1.1	0.112	0.000	0.000
293	  F	  1.4	  0.2	0.112	0.000	0.000
294	  K	  1.6	  0.0	0.112	0.000	0.000
295	  F	  2.6	  0.1	0.112	0.000	0.000
296	  L	  3.0	  0.1	0.112	0.000	0.000
297	  N	  3.5	  0.1	0.112	0.000	0.000
298	  F	  3.7	  0.2	0.112	0.000	0.000
299	  K	  2.2	  0.1	0.000	0.000	0.000
300	  Y	  2.3	  0.5	0.000	0.000	0.000
301	  L	  1.1	  1.6	0.000	0.000	0.000
302	  D	  0.9	  1.6	1.554	0.000	0.000
303	  G	  0.1	  1.8	1.932	0.000	0.000
304	  K	  0.4	  1.5	1.932	0.000	0.000
305	  S	  0.5	  0.4	1.932	0.000	0.000
306	  A	  0.6	  0.2	1.932	0.240	0.240
307	  L	  0.4	  0.1	1.932	0.291	0.291
308	  Q	  0.7	  0.0	1.651	0.291	0.291
309	  Q	  0.6	  0.0	1.055	0.504	0.504
310	  M	  0.7	  0.1	0.410	6.101	6.101
311	  G	  0.4	  0.0	0.294	10.617	10.617
312	  L	  0.8	  0.0	0.108	57.294	57.294
313	  M	  1.3	  0.0	0.108	57.294	57.294
314	  Y	  2.6	  0.0	0.108	57.294	57.294
315	  F	  3.6	  0.2	0.108	57.221	57.221
316	  F	  3.2	  0.4	0.108	56.500	56.500
317	  D	  1.9	  1.7	0.000	0.000	0.000
318	  G	  0.3	  1.7	0.000	0.000	0.000
319	  N	  0.1	  1.7	0.000	0.000	0.000
320	  S	  0.6	  3.0	0.000	0.000	0.000
321	  K	  0.8	  1.7	0.000	0.000	0.000
322	  D	  2.4	  1.7	0.000	0.000	0.000
323	  V	  6.0	  1.6	0.000	3.622	3.622
324	  I	  6.8	  0.0	0.000	3.622	3.622
325	  A	  5.3	  0.0	0.000	3.622	3.622
326	  T	  1.5	  0.0	0.000	3.622	3.622
327	  A	  0.4	  0.3	0.000	3.622	3.622
328	  E	  0.3	  0.3	0.000	0.000	0.000
329	  N	  0.1	  0.3	0.000	0.000	0.000
330	  N	  2.7	  0.3	0.261	0.000	0.000
331	  V	  5.3	  0.0	0.261	0.173	0.173
332	  I	 13.3	  0.0	0.261	0.173	0.173
333	  E	 22.9	  0.0	0.261	0.173	0.173
334	  V	 21.7	  0.1	0.261	0.173	0.173
335	  K	 15.0	  0.1	0.261	0.173	0.173
336	  N	  1.8	  0.1	0.000	0.000	0.000
337	  L	  0.7	  0.1	0.000	0.000	0.000
338	  T	  1.7	  0.1	0.000	0.000	0.000
339	  S	  1.7	  0.1	0.000	0.000	0.000
340	  Q	  1.4	  0.2	0.000	0.000	0.000
341	  K	  0.7	  0.2	0.000	0.000	0.000
342	  S	  6.1	  0.3	0.000	3.748	3.748
343	  I	 10.0	  0.2	0.000	6.221	6.221
344	  S	 10.7	  0.1	0.000	6.221	6.221
345	  V	  6.3	  0.1	0.000	6.221	6.221
346	  I	  2.0	  2.2	0.000	6.221	6.221
347	  G	  0.9	  2.3	0.000	2.783	2.783
348	  D	  0.0	  2.7	0.000	0.000	0.000
349	  H	  0.4	  2.7	0.000	0.000	0.000
350	  N	  1.3	  0.6	0.000	0.000	0.000
351	  Y	  5.9	  0.5	0.000	0.000	0.000
352	  N	  6.6	  0.4	0.356	0.000	0.000
353	  I	  6.3	  0.5	0.356	0.550	0.550
354	  S	  1.8	  0.3	0.804	0.550	0.550
355	  S	  1.0	  0.3	1.119	0.550	0.550
356	  M	  1.2	  0.1	1.119	0.550	0.550
357	  Y	  1.5	  0.0	1.119	0.550	0.550
358	  I	  1.3	  0.1	0.878	0.550	0.550
359	  Q	  0.5	  0.1	0.878	0.000	0.000
360	  G	  0.1	  0.1	0.701	0.000	0.000
361	  N	  0.0	  9.2	1.150	0.000	0.000
362	  P	  0.0	  9.1	0.449	0.000	0.000
363	  D	  0.0	  9.3	0.743	0.000	0.000
364	  A	  0.1	  9.8	0.743	0.000	0.000
365	  R	  0.1	  3.5	0.743	0.000	0.000
366	  N	  0.1	  3.5	0.743	0.000	0.000
367	  G	  0.1	  3.2	0.508	0.000	0.000
368	  Y	  2.1	  2.8	0.407	0.000	0.000
369	  F	  7.9	  0.0	0.000	0.000	0.000
370	  S	  9.9	  0.0	0.000	0.000	0.000
371	  F	  9.0	  0.0	0.000	0.000	0.000
372	  H	  3.7	  0.0	0.000	0.000	0.000
373	  K	  4.7	  0.0	0.000	0.000	0.000
374	  Y	  4.3	  0.2	0.116	0.000	0.000
375	  E	  3.8	  0.2	0.277	0.000	0.000
376	  N	  0.8	  0.2	3.141	0.000	0.000
377	  E	  1.5	  0.2	3.581	0.000	0.000
378	  V	  4.6	  0.0	3.713	50.195	50.195
379	  A	  5.0	  0.0	3.713	50.195	50.195
380	  I	  6.3	  0.0	3.713	50.195	50.195
381	  L	  3.6	  0.0	3.713	50.195	50.195
382	  L	  3.2	  0.0	3.513	50.195	50.195
383	  Q	  0.4	  0.0	3.223	0.000	0.000
384	  P	  0.1	  0.0	0.000	0.000	0.000
385	  I	  0.6	  0.1	0.000	0.000	0.000
386	  S	  0.7	  0.2	0.000	0.000	0.000
387	  S	  0.7	  2.0	0.000	0.000	0.000
388	  E	  0.2	  2.0	0.000	0.000	0.000
389	  N	  0.1	  3.4	0.000	0.000	0.000
390	  S	  0.1	  3.3	0.000	0.000	0.000
391	  D	  0.8	  1.4	0.000	0.000	0.000
392	  Y	  2.3	  1.4	0.000	0.531	0.531
393	  T	  3.8	  0.0	0.000	0.531	0.531
394	  T	  4.1	  0.0	0.000	0.531	0.531
395	  T	  6.8	  0.0	0.000	0.531	0.531
396	  I	  5.5	  0.1	0.000	0.531	0.531
397	  D	  4.5	  0.7	0.000	0.000	0.000
398	  K	  0.2	  1.9	0.000	0.000	0.000
399	  G	  0.0	  2.1	0.000	0.000	0.000
400	  N	  0.0	  2.7	0.000	0.000	0.000
401	  G	  0.0	  2.1	0.000	0.000	0.000
402	  D	  1.4	  0.9	0.178	0.000	0.000
403	  F	  1.8	  0.8	0.178	0.000	0.000
404	  E	  1.9	  0.2	0.178	0.000	0.000
405	  T	  0.6	  0.2	0.178	0.000	0.000
406	  D	  0.3	  0.2	0.178	0.000	0.000
407	  L	  0.9	  0.1	0.178	0.000	0.000
408	  V	  2.9	  0.0	0.178	0.000	0.000
409	  S	  3.6	  0.0	0.178	0.000	0.000
410	  H	  9.3	  0.0	0.000	0.000	0.000
411	  I	 10.4	  0.0	0.000	0.000	0.000
412	  T	 11.9	  0.0	0.000	0.000	0.000
413	  T	  6.0	  0.2	0.000	0.000	0.000
414	  K	  3.0	  0.3	0.000	0.000	0.000
415	  D	  0.7	  3.3	0.000	0.000	0.000
416	  T	  0.3	  3.7	0.000	0.000	0.000
417	  D	  0.1	  3.5	0.000	0.000	0.000
418	  G	  0.0	  3.5	0.000	0.000	0.000
419	  K	  0.0	  0.6	0.000	0.000	0.000
420	  P	  0.0	  0.2	0.000	0.000	0.000
421	  T	  1.0	  0.2	0.000	0.000	0.000
422	  T	 12.3	  0.2	0.000	0.000	0.000
423	  I	 15.4	  0.0	0.000	0.000	0.000
424	  T	 16.0	  0.0	0.000	0.000	0.000
425	  T	  6.4	  0.0	0.000	0.000	0.000
426	  T	  3.6	  0.0	0.000	0.000	0.000
427	  I	  2.1	  0.2	0.000	0.000	0.000
428	  P	  0.5	  0.2	0.000	0.000	0.000
429	  L	  0.2	  0.2	0.000	0.000	0.000
430	  Y	  0.1	  0.3	0.000	0.000	0.000
431	  G	  0.1	  0.1	0.000	0.000	0.000
432	  P	  0.0	  0.1	0.000	0.000	0.000
433	  A	  0.0	  0.1	0.000	0.000	0.000
434	  P	  0.0	  0.0	0.000	0.000	0.000
435	  P	  0.0	  0.0	0.000	0.000	0.000
436	  A	  0.4	  0.0	0.000	0.000	0.000
437	  V	  2.1	  0.0	0.000	0.000	0.000
438	  T	  3.5	  0.1	0.000	0.000	0.000
439	  K	  3.9	  0.1	0.000	0.000	0.000
440	  T	  6.7	  0.1	0.000	0.000	0.000
441	  V	  7.4	  0.2	0.000	0.000	0.000
442	  D	  6.6	  0.2	0.000	0.000	0.000
443	  L	  2.2	  0.8	0.000	0.000	0.000
444	  G	  0.0	  0.8	0.000	0.000	0.000
445	  N	  0.1	  0.7	0.641	0.000	0.000
446	  E	  5.2	  0.6	0.641	0.000	0.000
447	  V	  5.9	  0.0	0.641	0.000	0.000
448	  T	  6.0	  0.0	0.857	0.000	0.000
449	  E	  1.0	  0.0	0.857	0.000	0.000
450	  Y	  1.2	  0.0	0.857	79.212	79.212
451	  L	  3.1	  0.0	0.412	89.922	89.922
452	  V	  7.1	  0.0	0.412	94.111	94.111
453	  I	 10.0	  0.0	0.412	94.290	94.290
454	  S	  8.7	  0.0	0.412	94.290	94.290
455	  Y	  5.5	  0.0	0.202	93.771	93.771
456	  W	  2.4	  0.0	0.000	91.354	91.354
457	  T	  3.2	  0.0	0.000	47.117	47.117
458	  T	  3.0	  0.1	0.000	20.373	20.373
459	  T	  2.2	  0.1	0.000	4.268	4.268
460	  N	  0.6	  0.3	0.000	0.165	0.165
461	  E	  0.2	  0.3	0.000	0.000	0.000
462	  F	  0.2	  2.1	0.000	0.177	0.177
463	  G	  0.1	  2.1	0.000	0.177	0.177
464	  G	  0.1	  1.9	0.000	0.311	0.311
465	  L	  0.4	  1.9	0.000	0.311	0.311
466	  I	  3.9	  0.0	0.000	0.311	0.311
467	  T	  4.4	  0.1	0.000	0.134	0.134
468	  T	  4.8	  0.1	0.000	0.134	0.134
469	  N	  1.4	  0.2	0.000	0.000	0.000
470	  S	  0.9	  0.2	0.084	0.000	0.000
471	  T	  0.8	  0.2	0.084	0.000	0.000
472	  A	  1.3	  0.2	0.084	0.000	0.000
473	  T	 45.6	  0.1	0.084	0.000	0.000
474	  Y	 45.0	  0.1	0.084	0.000	0.000
475	  S	 44.5	  0.0	0.084	0.000	0.000
476	  P	  0.0	  0.0	0.000	0.000	0.000
477	  P	  0.0	  0.0	0.000	0.000	0.000
478	  P	  0.0	  0.0	0.000	0.000	0.000
479	  V	 17.9	  0.0	0.000	5.652	5.652
480	  T	 26.9	  0.0	0.000	5.786	5.786
481	  V	 29.1	  0.0	0.000	5.920	5.920
482	  T	 13.4	  0.0	0.000	5.920	5.920
483	  A	  3.3	  0.0	0.000	5.920	5.920
484	  T	  1.5	  0.0	0.000	3.217	3.217
485	  T	  3.3	  0.2	0.000	1.461	1.461
486	  A	  3.2	  0.6	0.000	0.349	0.349
487	  S	  2.7	  0.5	0.000	0.000	0.000
488	  D	  0.5	  0.5	0.000	0.000	0.000
489	  Y	  1.5	  0.3	0.000	0.000	0.000
490	  I	  2.0	  0.1	0.000	0.000	0.000
491	  E	  1.6	  0.3	0.000	0.000	0.000
492	  S	  0.6	  0.3	0.000	0.000	0.000
493	  D	  0.3	  0.3	0.126	0.000	0.000
494	  W	  0.8	  0.2	0.126	68.093	68.093
495	  I	  4.8	  0.0	0.126	82.926	82.926
496	  S	  5.6	  0.0	0.126	83.665	83.665
497	  F	  6.0	  0.0	0.126	84.859	84.859
498	  F	  2.8	  0.0	0.126	84.859	84.859
499	  I	  5.1	  0.0	0.000	80.645	80.645
500	  T	  4.5	  0.1	0.000	20.939	20.939
501	  T	  3.8	  0.1	0.000	5.194	5.194
502	  D	  0.5	  0.7	0.000	0.000	0.000
503	  E	  0.0	  0.9	0.000	0.000	0.000
504	  K	  0.0	  1.3	0.000	0.000	0.000
505	  G	  0.0	  1.3	0.000	0.000	0.000
506	  D	  1.1	  0.7	0.168	0.000	0.000
507	  I	  5.2	  0.5	0.168	1.930	1.930
508	  V	  7.8	  0.0	0.168	2.063	2.063
509	  T	  8.0	  0.1	0.168	2.063	2.063
510	  S	  4.2	  0.2	0.168	2.063	2.063
511	  S	  1.7	  0.2	0.168	2.063	2.063
512	  T	  1.5	  0.2	0.000	2.198	2.198
513	  L	  1.6	  0.1	0.000	2.421	2.421
514	  F	  2.7	  0.0	0.000	2.304	2.304
515	  N	  1.7	  0.2	0.000	0.650	0.650
516	  A	  1.4	  0.2	0.000	0.650	0.650
517	  T	  0.5	  0.5	0.000	0.359	0.359
518	  R	  0.6	  0.5	0.000	0.000	0.000
519	  D	  0.9	  0.6	0.000	0.000	0.000
520	  Y	  4.2	  0.6	0.000	0.000	0.000
521	  N	  4.1	  0.4	0.000	0.000	0.000
522	  L	  3.6	  0.5	0.000	0.000	0.000
523	  P	  0.0	  0.2	0.000	0.000	0.000
524	  E	  0.0	  0.2	0.000	0.000	0.000
525	  A	  0.0	  0.4	0.000	0.000	0.000
526	  P	  0.0	  0.2	0.000	0.000	0.000
527	  H	  0.7	  0.3	0.000	0.000	0.000
528	  T	  2.2	  0.3	0.000	0.000	0.000
529	  S	  3.0	  0.1	0.000	0.000	0.000
530	  F	  2.3	  0.2	0.000	0.000	0.000
531	  G	  0.7	  0.1	0.000	0.000	0.000
532	  P	  0.0	  0.1	0.000	0.000	0.000
533	  A	  0.0	  0.1	0.000	0.000	0.000
534	  P	  0.0	  0.0	0.000	0.000	0.000
535	  P	  0.0	  0.0	0.000	0.000	0.000
536	  A	  0.4	  0.0	0.000	0.000	0.000
537	  V	  2.1	  0.0	0.000	0.000	0.000
538	  T	  3.5	  0.1	0.000	0.000	0.000
539	  K	  3.9	  0.1	0.000	0.000	0.000
540	  T	  6.7	  0.1	0.000	0.000	0.000
541	  V	  7.4	  0.2	0.000	0.000	0.000
542	  D	  6.6	  0.2	0.000	0.000	0.000
543	  L	  2.2	  0.8	0.000	0.000	0.000
544	  G	  0.0	  0.8	0.000	0.000	0.000
545	  N	  0.1	  0.7	0.641	0.000	0.000
546	  E	  5.2	  0.6	0.641	0.000	0.000
547	  V	  5.9	  0.0	0.641	0.000	0.000
548	  T	  6.0	  0.0	0.857	0.000	0.000
549	  E	  1.0	  0.0	0.857	0.000	0.000
550	  Y	  1.2	  0.0	0.857	79.212	79.212
551	  L	  3.1	  0.0	0.412	89.922	89.922
552	  V	  7.1	  0.0	0.412	94.111	94.111
553	  I	 10.0	  0.0	0.412	94.290	94.290
554	  S	  8.7	  0.0	0.412	94.290	94.290
555	  Y	  5.5	  0.0	0.202	93.771	93.771
556	  W	  2.4	  0.0	0.000	91.354	91.354
557	  T	  3.2	  0.0	0.000	47.117	47.117
558	  T	  3.0	  0.1	0.000	20.373	20.373
559	  T	  2.2	  0.1	0.000	4.268	4.268
560	  N	  0.6	  0.3	0.000	0.165	0.165
561	  E	  0.2	  0.3	0.000	0.000	0.000
562	  F	  0.2	  2.1	0.000	0.177	0.177
563	  G	  0.1	  2.1	0.000	0.177	0.177
564	  G	  0.1	  1.9	0.000	0.311	0.311
565	  L	  0.4	  1.9	0.000	0.311	0.311
566	  I	  3.9	  0.0	0.000	0.311	0.311
567	  T	  4.4	  0.1	0.000	0.134	0.134
568	  T	  4.8	  0.1	0.000	0.134	0.134
569	  N	  1.4	  0.2	0.000	0.000	0.000
570	  S	  0.9	  0.2	0.084	0.000	0.000
571	  T	  0.8	  0.2	0.084	0.000	0.000
572	  A	  1.3	  0.2	0.084	0.000	0.000
573	  T	 45.6	  0.1	0.084	0.000	0.000
574	  Y	 45.0	  0.1	0.084	0.000	0.000
575	  S	 44.5	  0.0	0.084	0.000	0.000
576	  P	  0.0	  0.0	0.000	0.000	0.000
577	  P	  0.0	  0.0	0.000	0.000	0.000
578	  P	  0.0	  0.0	0.000	0.000	0.000
579	  V	 17.9	  0.0	0.000	5.652	5.652
580	  T	 26.9	  0.0	0.000	5.786	5.786
581	  V	 29.1	  0.0	0.000	5.920	5.920
582	  T	 13.4	  0.0	0.000	5.920	5.920
583	  A	  3.3	  0.0	0.000	5.920	5.920
584	  T	  1.5	  0.0	0.000	3.217	3.217
585	  T	  3.3	  0.2	0.000	1.461	1.461
586	  A	  3.2	  0.6	0.000	0.349	0.349
587	  S	  2.7	  0.5	0.000	0.000	0.000
588	  D	  0.5	  0.5	0.000	0.000	0.000
589	  Y	  1.5	  0.3	0.000	0.000	0.000
590	  I	  2.0	  0.1	0.000	0.000	0.000
591	  E	  1.6	  0.3	0.000	0.000	0.000
592	  S	  0.6	  0.3	0.000	0.000	0.000
593	  D	  0.3	  0.3	0.126	0.000	0.000
594	  W	  0.8	  0.2	0.126	68.093	68.093
595	  I	  4.8	  0.0	0.126	82.926	82.926
596	  S	  5.6	  0.0	0.126	83.665	83.665
597	  F	  6.0	  0.0	0.126	84.859	84.859
598	  F	  2.8	  0.0	0.126	84.859	84.859
599	  I	  5.1	  0.0	0.000	80.645	80.645
600	  T	  4.5	  0.1	0.000	20.939	20.939
601	  T	  3.8	  0.1	0.000	5.194	5.194
602	  D	  0.5	  0.7	0.000	0.000	0.000
603	  E	  0.0	  0.9	0.000	0.000	0.000
604	  K	  0.0	  1.3	0.000	0.000	0.000
605	  G	  0.0	  1.3	0.000	0.000	0.000
606	  D	  1.1	  0.7	0.168	0.000	0.000
607	  I	  5.2	  0.5	0.168	1.930	1.930
608	  V	  7.8	  0.0	0.168	2.063	2.063
609	  T	  8.0	  0.1	0.168	2.063	2.063
610	  S	  4.2	  0.2	0.168	2.063	2.063
611	  S	  1.7	  0.2	0.168	2.063	2.063
612	  T	  1.5	  0.2	0.000	2.198	2.198
613	  L	  1.6	  0.1	0.000	2.421	2.421
614	  F	  2.7	  0.0	0.000	2.304	2.304
615	  N	  1.7	  0.2	0.000	0.650	0.650
616	  A	  1.4	  0.2	0.000	0.650	0.650
617	  T	  0.5	  0.5	0.000	0.359	0.359
618	  R	  0.6	  0.5	0.000	0.000	0.000
619	  D	  0.9	  0.6	0.000	0.000	0.000
620	  Y	  4.2	  0.6	0.000	0.000	0.000
621	  N	  4.1	  0.4	0.000	0.000	0.000
622	  L	  3.6	  0.5	0.000	0.000	0.000
623	  P	  0.0	  0.2	0.000	0.000	0.000
624	  E	  0.0	  0.2	0.000	0.000	0.000
625	  A	  0.0	  0.4	0.000	0.000	0.000
626	  P	  0.0	  0.2	0.000	0.000	0.000
627	  H	  0.7	  0.3	0.000	0.000	0.000
628	  T	  2.2	  0.3	0.000	0.000	0.000
629	  S	  3.0	  0.1	0.000	0.000	0.000
630	  F	  2.3	  0.2	0.000	0.000	0.000
631	  G	  0.7	  0.1	0.000	0.000	0.000
632	  P	  0.0	  0.1	0.000	0.000	0.000
633	  A	  0.0	  0.1	0.000	0.000	0.000
634	  P	  0.0	  0.0	0.000	0.000	0.000
635	  P	  0.0	  0.0	0.000	0.000	0.000
636	  A	  0.4	  0.0	0.000	0.000	0.000
637	  V	  2.1	  0.0	0.000	0.000	0.000
638	  T	  3.5	  0.1	0.000	0.000	0.000
639	  K	  3.9	  0.1	0.000	0.000	0.000
640	  T	  6.7	  0.1	0.000	0.000	0.000
641	  V	  7.4	  0.2	0.000	0.000	0.000
642	  D	  6.6	  0.2	0.000	0.000	0.000
643	  L	  2.2	  0.8	0.000	0.000	0.000
644	  G	  0.0	  0.8	0.000	0.000	0.000
645	  N	  0.1	  0.7	0.641	0.000	0.000
646	  E	  5.2	  0.6	0.641	0.000	0.000
647	  V	  5.9	  0.0	0.641	0.000	0.000
648	  T	  6.0	  0.0	0.857	0.000	0.000
649	  E	  1.0	  0.0	0.857	0.000	0.000
650	  Y	  1.2	  0.0	0.857	79.212	79.212
651	  L	  3.1	  0.0	0.412	89.922	89.922
652	  V	  7.1	  0.0	0.412	94.111	94.111
653	  I	 10.0	  0.0	0.412	94.290	94.290
654	  S	  8.7	  0.0	0.412	94.290	94.290
655	  Y	  5.5	  0.0	0.202	93.771	93.771
656	  W	  2.4	  0.0	0.000	91.354	91.354
657	  T	  3.2	  0.0	0.000	47.117	47.117
658	  T	  3.0	  0.1	0.000	20.373	20.373
659	  T	  2.2	  0.1	0.000	4.268	4.268
660	  N	  0.6	  0.3	0.000	0.165	0.165
661	  E	  0.2	  0.3	0.000	0.000	0.000
662	  F	  0.2	  2.1	0.000	0.177	0.177
663	  G	  0.1	  2.1	0.000	0.177	0.177
664	  G	  0.1	  1.9	0.000	0.311	0.311
665	  L	  0.4	  1.9	0.000	0.311	0.311
666	  I	  3.9	  0.0	0.000	0.311	0.311
667	  T	  4.4	  0.1	0.000	0.134	0.134
668	  T	  4.8	  0.1	0.000	0.134	0.134
669	  N	  1.4	  0.2	0.000	0.000	0.000
670	  S	  0.9	  0.2	0.084	0.000	0.000
671	  T	  0.8	  0.2	0.084	0.000	0.000
672	  A	  1.3	  0.2	0.084	0.000	0.000
673	  T	 45.6	  0.1	0.084	0.000	0.000
674	  Y	 45.0	  0.1	0.084	0.000	0.000
675	  S	 44.5	  0.0	0.084	0.000	0.000
676	  P	  0.0	  0.0	0.000	0.000	0.000
677	  P	  0.0	  0.0	0.000	0.000	0.000
678	  P	  0.0	  0.0	0.000	0.000	0.000
679	  V	 17.9	  0.0	0.000	5.652	5.652
680	  T	 26.9	  0.0	0.000	5.786	5.786
681	  V	 29.1	  0.0	0.000	5.920	5.920
682	  T	 13.4	  0.0	0.000	5.920	5.920
683	  A	  3.3	  0.0	0.000	5.920	5.920
684	  T	  1.5	  0.0	0.000	3.217	3.217
685	  T	  3.3	  0.2	0.000	1.461	1.461
686	  A	  3.2	  0.6	0.000	0.349	0.349
687	  S	  2.7	  0.5	0.000	0.000	0.000
688	  D	  0.5	  0.5	0.000	0.000	0.000
689	  Y	  1.5	  0.3	0.000	0.000	0.000
690	  I	  2.0	  0.1	0.000	0.000	0.000
691	  E	  1.6	  0.3	0.000	0.000	0.000
692	  S	  0.6	  0.3	0.000	0.000	0.000
693	  D	  0.3	  0.3	0.126	0.000	0.000
694	  W	  0.8	  0.2	0.126	68.093	68.093
695	  I	  4.8	  0.0	0.126	82.926	82.926
696	  S	  5.6	  0.0	0.126	83.665	83.665
697	  F	  6.0	  0.0	0.126	84.859	84.859
698	  F	  2.8	  0.0	0.126	84.859	84.859
699	  I	  5.1	  0.0	0.000	80.645	80.645
700	  T	  4.5	  0.1	0.000	20.939	20.939
701	  T	  3.8	  0.1	0.000	5.194	5.194
702	  D	  0.5	  0.7	0.000	0.000	0.000
703	  E	  0.0	  0.9	0.000	0.000	0.000
704	  K	  0.0	  1.3	0.000	0.000	0.000
705	  G	  0.0	  1.3	0.000	0.000	0.000
706	  D	  1.1	  0.7	0.168	0.000	0.000
707	  I	  5.2	  0.5	0.168	1.930	1.930
708	  V	  7.8	  0.0	0.168	2.063	2.063
709	  T	  8.0	  0.1	0.168	2.063	2.063
710	  S	  4.2	  0.2	0.168	2.063	2.063
711	  S	  1.7	  0.2	0.168	2.063	2.063
712	  T	  1.5	  0.2	0.000	2.198	2.198
713	  L	  1.6	  0.1	0.000	2.421	2.421
714	  F	  2.7	  0.0	0.000	2.304	2.304
715	  N	  1.7	  0.2	0.000	0.650	0.650
716	  A	  1.4	  0.2	0.000	0.650	0.650
717	  T	  0.5	  0.5	0.000	0.359	0.359
718	  R	  0.6	  0.5	0.000	0.000	0.000
719	  D	  0.9	  0.6	0.000	0.000	0.000
720	  Y	  4.2	  0.6	0.000	0.000	0.000
721	  N	  4.1	  0.4	0.000	0.000	0.000
722	  L	  3.6	  0.5	0.000	0.000	0.000
723	  P	  0.0	  0.2	0.000	0.000	0.000
724	  E	  0.0	  0.2	0.000	0.000	0.000
725	  A	  0.0	  0.4	0.000	0.000	0.000
726	  P	  0.0	  0.2	0.000	0.000	0.000
727	  H	  0.7	  0.3	0.000	0.000	0.000
728	  T	  2.2	  0.3	0.000	0.000	0.000
729	  S	  3.0	  0.1	0.000	0.000	0.000
730	  F	  2.3	  0.2	0.000	0.000	0.000
731	  G	  0.7	  0.1	0.000	0.000	0.000
732	  P	  0.0	  0.1	0.000	0.000	0.000
733	  A	  0.0	  0.1	0.000	0.000	0.000
734	  P	  0.0	  0.0	0.000	0.000	0.000
735	  P	  0.0	  0.0	0.000	0.000	0.000
736	  A	  0.4	  0.0	0.000	0.000	0.000
737	  V	  2.1	  0.0	0.000	0.000	0.000
738	  T	  3.5	  0.1	0.000	0.000	0.000
739	  K	  3.9	  0.1	0.000	0.000	0.000
740	  T	  6.7	  0.1	0.000	0.000	0.000
741	  V	  7.4	  0.2	0.000	0.000	0.000
742	  D	  6.6	  0.2	0.000	0.000	0.000
743	  L	  2.2	  0.8	0.000	0.000	0.000
744	  G	  0.0	  0.8	0.000	0.000	0.000
745	  N	  0.1	  0.7	0.641	0.000	0.000
746	  E	  5.2	  0.6	0.641	0.000	0.000
747	  V	  5.9	  0.0	0.641	0.000	0.000
748	  T	  6.0	  0.0	0.857	0.000	0.000
749	  E	  1.0	  0.0	0.857	0.000	0.000
750	  Y	  1.2	  0.0	0.857	79.212	79.212
751	  L	  3.1	  0.0	0.412	89.922	89.922
752	  V	  7.1	  0.0	0.412	94.111	94.111
753	  I	 10.0	  0.0	0.412	94.290	94.290
754	  S	  8.7	  0.0	0.412	94.290	94.290
755	  Y	  5.5	  0.0	0.202	93.771	93.771
756	  W	  2.4	  0.0	0.000	91.354	91.354
757	  T	  3.2	  0.0	0.000	47.117	47.117
758	  T	  3.0	  0.1	0.000	20.373	20.373
759	  T	  2.2	  0.1	0.000	4.268	4.268
760	  N	  0.6	  0.3	0.000	0.165	0.165
761	  E	  0.2	  0.3	0.000	0.000	0.000
762	  F	  0.2	  2.1	0.000	0.177	0.177
763	  G	  0.1	  2.1	0.000	0.177	0.177
764	  G	  0.1	  1.9	0.000	0.311	0.311
765	  L	  0.4	  1.9	0.000	0.311	0.311
766	  I	  3.9	  0.0	0.000	0.311	0.311
767	  T	  4.4	  0.1	0.000	0.134	0.134
768	  T	  4.8	  0.1	0.000	0.134	0.134
769	  N	  1.4	  0.2	0.000	0.000	0.000
770	  S	  0.9	  0.2	0.084	0.000	0.000
771	  T	  0.8	  0.2	0.084	0.000	0.000
772	  A	  1.3	  0.2	0.084	0.000	0.000
773	  T	 45.6	  0.1	0.084	0.000	0.000
774	  Y	 45.0	  0.1	0.084	0.000	0.000
775	  S	 44.5	  0.0	0.084	0.000	0.000
776	  P	  0.0	  0.0	0.000	0.000	0.000
777	  P	  0.0	  0.0	0.000	0.000	0.000
778	  P	  0.0	  0.0	0.000	0.000	0.000
779	  V	 17.9	  0.0	0.000	5.652	5.652
780	  T	 26.9	  0.0	0.000	5.786	5.786
781	  V	 29.1	  0.0	0.000	5.920	5.920
782	  T	 13.4	  0.0	0.000	5.920	5.920
783	  A	  3.3	  0.0	0.000	5.920	5.920
784	  T	  1.5	  0.0	0.000	3.217	3.217
785	  T	  3.3	  0.2	0.000	1.461	1.461
786	  A	  3.2	  0.6	0.000	0.349	0.349
787	  S	  2.7	  0.5	0.000	0.000	0.000
788	  D	  0.5	  0.5	0.000	0.000	0.000
789	  Y	  1.5	  0.3	0.000	0.000	0.000
790	  I	  2.0	  0.1	0.000	0.000	0.000
791	  E	  1.6	  0.3	0.000	0.000	0.000
792	  S	  0.6	  0.3	0.000	0.000	0.000
793	  D	  0.3	  0.3	0.126	0.000	0.000
794	  W	  0.8	  0.2	0.126	68.093	68.093
795	  I	  4.8	  0.0	0.126	82.926	82.926
796	  S	  5.6	  0.0	0.126	83.665	83.665
797	  F	  6.0	  0.0	0.126	84.859	84.859
798	  F	  2.8	  0.0	0.126	84.859	84.859
799	  I	  5.1	  0.0	0.000	80.645	80.645
800	  T	  4.5	  0.1	0.000	20.939	20.939
801	  T	  3.8	  0.1	0.000	5.194	5.194
802	  D	  0.5	  0.7	0.000	0.000	0.000
803	  E	  0.0	  0.9	0.000	0.000	0.000
804	  K	  0.0	  1.3	0.000	0.000	0.000
805	  G	  0.0	  1.3	0.000	0.000	0.000
806	  D	  1.1	  0.7	0.168	0.000	0.000
807	  I	  5.2	  0.5	0.168	1.930	1.930
808	  V	  7.8	  0.0	0.168	2.063	2.063
809	  T	  8.0	  0.1	0.168	2.063	2.063
810	  S	  4.2	  0.2	0.168	2.063	2.063
811	  S	  1.7	  0.2	0.168	2.063	2.063
812	  T	  1.5	  0.2	0.000	2.198	2.198
813	  L	  1.6	  0.1	0.000	2.423	2.423
814	  F	  2.7	  0.0	0.000	2.305	2.305
815	  N	  1.7	  0.2	0.000	0.652	0.652
816	  A	  1.5	  0.2	0.000	0.652	0.652
817	  T	  0.5	  0.5	0.000	0.360	0.360
818	  R	  0.6	  0.5	0.000	0.000	0.000
819	  D	  0.9	  0.3	0.000	0.000	0.000
820	  Y	  1.8	  0.3	0.000	0.000	0.000
821	  I	  2.3	  0.1	0.000	0.000	0.000
822	  D	  1.9	  0.3	0.000	0.000	0.000
823	  S	  1.0	  0.3	0.000	0.000	0.000
824	  Q	  0.3	  0.2	0.000	0.000	0.000
825	  A	  0.2	  0.3	0.000	0.000	0.000
826	  P	  0.0	  0.1	0.000	0.000	0.000
827	  Y	  3.0	  0.1	0.000	0.000	0.000
828	  T	  4.3	  0.3	0.102	0.000	0.000
829	  S	  5.1	  1.0	0.102	0.000	0.000
830	  S	  2.5	  1.1	0.102	0.000	0.000
831	  S	  1.3	  1.0	0.102	0.000	0.000
832	  R	  1.4	  0.9	0.102	0.000	0.000
833	  Y	  3.2	  0.1	0.102	0.000	0.000
834	  S	  5.2	  0.9	0.000	0.000	0.000
835	  K	  4.7	  0.9	0.000	0.000	0.000
836	  S	  3.1	  0.9	0.477	0.000	0.000
837	  K	  4.6	  0.9	0.477	0.000	0.000
838	  I	  4.3	  0.1	0.477	0.000	0.000
839	  E	  4.0	  0.1	0.477	0.000	0.000
840	  E	  0.2	  0.3	0.477	0.000	0.000
841	  S	  0.1	  0.3	0.477	0.000	0.000
842	  D	  0.8	  0.3	0.000	0.000	0.000
843	  Y	  2.3	  0.2	0.000	0.544	0.544
844	  T	  3.9	  0.0	0.000	0.544	0.544
845	  T	  4.2	  0.0	0.000	0.544	0.544
846	  T	  6.9	  0.0	0.000	0.544	0.544
847	  I	  5.5	  0.1	0.000	0.544	0.544
848	  D	  4.5	  0.7	0.000	0.000	0.000
849	  K	  0.2	  1.9	0.000	0.000	0.000
850	  G	  0.0	  2.1	0.000	0.000	0.000
851	  N	  0.0	  2.7	0.000	0.000	0.000
852	  G	  0.0	  2.1	0.000	0.000	0.000
853	  D	  1.4	  0.9	0.178	0.000	0.000
854	  F	  1.8	  0.8	0.178	0.000	0.000
855	  E	  1.9	  0.2	0.178	0.000	0.000
856	  T	  0.6	  0.2	0.178	0.000	0.000
857	  D	  0.3	  0.2	0.178	0.000	0.000
858	  L	  0.9	  0.1	0.178	0.000	0.000
859	  V	  2.9	  0.0	0.178	0.000	0.000
860	  S	  3.6	  0.0	0.178	0.000	0.000
861	  H	  9.3	  0.0	0.000	0.000	0.000
862	  I	 10.2	  0.0	0.000	0.000	0.000
863	  T	 11.5	  0.0	0.000	0.000	0.000
864	  T	  5.6	  0.3	0.000	0.000	0.000
865	  K	  2.6	  0.3	0.000	0.000	0.000
866	  D	  0.4	 10.8	0.000	0.000	0.000
867	  S	  0.0	 11.3	0.000	0.000	0.000
868	  D	  0.0	 11.1	0.000	0.000	0.000
869	  G	  0.0	 11.0	0.000	0.000	0.000
870	  K	  0.0	  0.7	0.000	0.000	0.000
871	  P	  0.0	  0.1	0.000	0.000	0.000
872	  T	  1.0	  0.1	0.000	0.000	0.000
873	  T	 12.3	  0.1	0.000	0.000	0.000
874	  I	 15.4	  0.0	0.000	0.000	0.000
875	  T	 16.0	  0.0	0.000	0.000	0.000
876	  T	  6.4	  0.0	0.000	0.000	0.000
877	  T	  3.6	  0.0	0.000	0.000	0.000
878	  I	  2.1	  0.0	0.000	0.000	0.000
879	  P	  0.5	  0.0	0.000	0.000	0.000
880	  L	  0.1	  0.0	0.000	0.000	0.000
881	  K	  0.1	  0.5	0.000	0.000	0.000
882	  P	  0.1	  0.9	0.000	0.000	0.000
883	  S	  0.0	  1.0	0.000	0.000	0.000
884	  D	  0.0	  2.2	0.125	0.000	0.000
885	  A	  0.0	  1.8	0.125	0.000	0.000
886	  G	  0.0	  1.4	0.125	0.000	0.000
887	  E	  0.1	  1.6	0.125	0.000	0.000
888	  A	  0.2	  0.4	0.125	0.000	0.000
889	  D	  0.9	  0.3	0.125	0.000	0.000
890	  Y	  2.3	  0.3	0.125	0.546	0.546
891	  T	  3.9	  0.0	0.000	0.546	0.546
892	  T	  4.2	  0.0	0.000	0.546	0.546
893	  T	  6.9	  0.0	0.000	0.546	0.546
894	  I	  5.5	  0.1	0.000	0.546	0.546
895	  D	  4.5	  0.7	0.000	0.000	0.000
896	  K	  0.2	  1.9	0.000	0.000	0.000
897	  G	  0.0	  2.1	0.000	0.000	0.000
898	  N	  0.0	  2.7	0.000	0.000	0.000
899	  G	  0.0	  2.1	0.000	0.000	0.000
900	  D	  1.4	  0.9	0.178	0.000	0.000
901	  F	  1.8	  0.8	0.178	0.000	0.000
902	  E	  1.9	  0.2	0.178	0.000	0.000
903	  T	  0.6	  0.2	0.178	0.000	0.000
904	  D	  0.3	  0.2	0.178	0.000	0.000
905	  L	  0.9	  0.1	0.178	0.000	0.000
906	  V	  2.9	  0.0	0.178	0.000	0.000
907	  S	  3.6	  0.0	0.178	0.000	0.000
908	  H	  9.3	  0.0	0.000	0.000	0.000
909	  I	 10.2	  0.0	0.000	0.000	0.000
910	  T	 11.5	  0.0	0.000	0.000	0.000
911	  T	  5.6	  0.3	0.000	0.000	0.000
912	  K	  2.6	  0.3	0.000	0.000	0.000
913	  D	  0.4	 10.8	0.000	0.000	0.000
914	  S	  0.0	 11.3	0.000	0.000	0.000
915	  D	  0.0	 11.1	0.000	0.000	0.000
916	  G	  0.0	 11.0	0.000	0.000	0.000
917	  K	  0.0	  0.7	0.000	0.000	0.000
918	  P	  0.0	  0.1	0.000	0.000	0.000
919	  T	  1.0	  0.1	0.000	0.000	0.000
920	  T	 12.3	  0.1	0.000	0.000	0.000
921	  I	 15.4	  0.0	0.000	0.000	0.000
922	  T	 16.0	  0.0	0.000	0.000	0.000
923	  T	  6.4	  0.0	0.000	0.000	0.000
924	  T	  3.6	  0.0	0.000	0.000	0.000
925	  I	  2.1	  0.0	0.000	0.000	0.000
926	  P	  0.5	  0.0	0.000	0.000	0.000
927	  L	  0.1	  0.0	0.000	0.000	0.000
928	  K	  0.1	  0.5	0.000	0.000	0.000
929	  P	  0.1	  0.9	0.000	0.000	0.000
930	  S	  0.0	  1.0	0.000	0.000	0.000
931	  D	  0.0	  2.2	0.125	0.000	0.000
932	  A	  0.0	  1.8	0.125	0.000	0.000
933	  G	  0.0	  1.4	0.125	0.000	0.000
934	  E	  0.1	  1.6	0.125	0.000	0.000
935	  A	  0.2	  0.4	0.125	0.000	0.000
936	  D	  0.9	  0.3	0.125	0.000	0.000
937	  Y	  2.3	  0.3	0.125	0.546	0.546
938	  T	  3.9	  0.0	0.000	0.546	0.546
939	  T	  4.2	  0.0	0.000	0.546	0.546
940	  T	  6.9	  0.0	0.000	0.546	0.546
941	  I	  5.5	  0.1	0.000	0.546	0.546
942	  D	  4.5	  0.7	0.000	0.000	0.000
943	  K	  0.2	  1.9	0.000	0.000	0.000
944	  G	  0.0	  2.1	0.000	0.000	0.000
945	  N	  0.0	  2.8	0.000	0.000	0.000
946	  G	  0.0	  2.1	0.000	0.000	0.000
947	  D	  0.4	  1.3	0.000	0.000	0.000
948	  F	  1.0	  1.2	0.000	0.000	0.000
949	  D	  1.0	  1.0	0.152	0.000	0.000
950	  T	  0.8	  1.0	0.152	0.000	0.000
951	  D	  0.3	  0.6	0.152	0.000	0.000
952	  L	  0.9	  0.5	0.152	0.000	0.000
953	  V	  2.9	  0.0	0.152	0.000	0.000
954	  S	  3.6	  0.0	0.152	0.000	0.000
955	  H	  9.3	  0.0	0.000	0.000	0.000
956	  I	 10.2	  0.0	0.000	0.000	0.000
957	  T	 10.7	  0.0	0.000	0.000	0.000
958	  T	  4.8	  0.1	0.000	0.000	0.000
959	  T	  2.2	  0.2	0.000	0.000	0.000
960	  D	  0.8	 10.7	0.000	0.000	0.000
961	  S	  0.4	 11.3	0.000	0.000	0.000
962	  D	  0.0	 11.2	0.000	0.000	0.000
963	  G	  0.0	 11.1	0.000	0.000	0.000
964	  K	  0.0	  0.7	0.000	0.000	0.000
965	  P	  0.0	  0.1	0.000	0.000	0.000
966	  T	  1.0	  0.1	0.000	0.000	0.000
967	  T	 12.3	  0.1	0.000	0.000	0.000
968	  I	 15.4	  0.0	0.000	0.000	0.000
969	  T	 16.0	  0.0	0.000	0.000	0.000
970	  T	  6.4	  0.0	0.000	0.000	0.000
971	  T	  3.6	  0.0	0.000	0.000	0.000
972	  I	  2.1	  0.0	0.000	0.000	0.000
973	  P	  0.5	  0.0	0.000	0.000	0.000
974	  L	  0.1	  0.0	0.000	0.000	0.000
975	  K	  0.1	  0.5	0.000	0.000	0.000
976	  P	  0.1	  0.9	0.000	0.000	0.000
977	  S	  0.0	  1.0	0.000	0.000	0.000
978	  D	  0.0	  2.2	0.125	0.000	0.000
979	  A	  0.0	  1.8	0.125	0.000	0.000
980	  G	  0.0	  1.4	0.125	0.000	0.000
981	  E	  0.1	  1.6	0.125	0.000	0.000
982	  A	  0.2	  0.4	0.125	0.000	0.000
983	  D	  0.9	  0.3	0.125	0.000	0.000
984	  Y	  2.3	  0.3	0.125	0.546	0.546
985	  T	  3.9	  0.0	0.000	0.546	0.546
986	  T	  4.2	  0.0	0.000	0.546	0.546
987	  T	  6.9	  0.0	0.000	0.546	0.546
988	  I	  5.5	  0.1	0.000	0.546	0.546
989	  D	  4.5	  0.7	0.000	0.000	0.000
990	  K	  0.2	  1.9	0.000	0.000	0.000
991	  G	  0.0	  2.1	0.000	0.000	0.000
992	  N	  0.0	  2.7	0.000	0.000	0.000
993	  G	  0.0	  2.1	0.000	0.000	0.000
994	  D	  1.4	  0.9	0.178	0.000	0.000
995	  F	  1.8	  0.8	0.178	0.000	0.000
996	  E	  1.9	  0.2	0.178	0.000	0.000
997	  T	  0.6	  0.2	0.178	0.000	0.000
998	  D	  0.3	  0.2	0.178	0.000	0.000
999	  L	  0.9	  0.1	0.178	0.000	0.000
1000	  V	  2.9	  0.0	0.178	0.000	0.000
1001	  S	  3.6	  0.0	0.178	0.000	0.000
1002	  H	  9.3	  0.0	0.000	0.000	0.000
1003	  I	 10.2	  0.0	0.000	0.000	0.000
1004	  T	 11.5	  0.0	0.000	0.000	0.000
1005	  T	  5.6	  0.3	0.000	0.000	0.000
1006	  K	  2.6	  0.3	0.000	0.000	0.000
1007	  D	  0.4	 10.8	0.000	0.000	0.000
1008	  S	  0.0	 11.3	0.000	0.000	0.000
1009	  D	  0.0	 11.1	0.000	0.000	0.000
1010	  G	  0.0	 11.0	0.000	0.000	0.000
1011	  K	  0.0	  0.7	0.000	0.000	0.000
1012	  P	  0.0	  0.1	0.000	0.000	0.000
1013	  T	  1.0	  0.1	0.000	0.000	0.000
1014	  T	 12.3	  0.1	0.000	0.000	0.000
1015	  I	 15.4	  0.0	0.000	0.000	0.000
1016	  T	 16.0	  0.0	0.000	0.000	0.000
1017	  T	  6.4	  0.0	0.000	0.000	0.000
1018	  T	  3.6	  0.0	0.000	0.000	0.000
1019	  I	  2.1	  0.0	0.000	0.000	0.000
1020	  P	  0.5	  0.0	0.000	0.000	0.000
1021	  L	  0.1	  0.0	0.000	0.000	0.000
1022	  K	  0.1	  0.5	0.000	0.000	0.000
1023	  P	  0.1	  0.9	0.000	0.000	0.000
1024	  S	  0.0	  1.0	0.000	0.000	0.000
1025	  D	  0.0	  2.2	0.125	0.000	0.000
1026	  A	  0.0	  1.8	0.125	0.000	0.000
1027	  G	  0.0	  1.4	0.125	0.000	0.000
1028	  E	  0.1	  1.6	0.125	0.000	0.000
1029	  A	  0.2	  0.4	0.125	0.000	0.000
1030	  D	  0.9	  0.3	0.125	0.000	0.000
1031	  Y	  2.3	  0.3	0.125	0.546	0.546
1032	  T	  3.9	  0.0	0.000	0.546	0.546
1033	  T	  4.2	  0.0	0.000	0.546	0.546
1034	  T	  6.9	  0.0	0.000	0.546	0.546
1035	  I	  5.5	  0.1	0.000	0.546	0.546
1036	  D	  4.5	  0.7	0.000	0.000	0.000
1037	  K	  0.2	  1.9	0.000	0.000	0.000
1038	  G	  0.0	  2.1	0.000	0.000	0.000
1039	  N	  0.0	  2.7	0.000	0.000	0.000
1040	  G	  0.0	  2.1	0.000	0.000	0.000
1041	  D	  1.4	  0.9	0.178	0.000	0.000
1042	  F	  1.8	  0.8	0.178	0.000	0.000
1043	  E	  1.9	  0.2	0.178	0.000	0.000
1044	  T	  0.6	  0.2	0.178	0.000	0.000
1045	  D	  0.3	  0.2	0.178	0.000	0.000
1046	  L	  0.9	  0.1	0.178	0.000	0.000
1047	  V	  2.9	  0.0	0.178	0.000	0.000
1048	  S	  3.6	  0.0	0.178	0.000	0.000
1049	  H	  9.3	  0.0	0.000	0.000	0.000
1050	  I	 10.2	  0.0	0.000	0.000	0.000
1051	  T	 11.5	  0.0	0.000	0.000	0.000
1052	  T	  5.6	  0.3	0.000	0.000	0.000
1053	  K	  2.6	  0.3	0.000	0.000	0.000
1054	  D	  0.4	 10.8	0.000	0.000	0.000
1055	  S	  0.0	 11.3	0.000	0.000	0.000
1056	  D	  0.0	 11.1	0.000	0.000	0.000
1057	  G	  0.0	 11.0	0.000	0.000	0.000
1058	  K	  0.0	  0.7	0.000	0.000	0.000
1059	  P	  0.0	  0.1	0.000	0.000	0.000
1060	  T	  1.0	  0.1	0.000	0.000	0.000
1061	  T	 12.3	  0.1	0.000	0.000	0.000
1062	  I	 15.4	  0.0	0.000	0.000	0.000
1063	  T	 16.0	  0.0	0.000	0.000	0.000
1064	  T	  6.4	  0.0	0.000	0.000	0.000
1065	  T	  3.6	  0.0	0.000	0.000	0.000
1066	  I	  2.1	  0.0	0.000	0.000	0.000
1067	  P	  0.5	  0.0	0.000	0.000	0.000
1068	  L	  0.1	  0.0	0.000	0.000	0.000
1069	  K	  0.1	  0.5	0.000	0.000	0.000
1070	  P	  0.1	  0.9	0.000	0.000	0.000
1071	  S	  0.0	  1.0	0.000	0.000	0.000
1072	  D	  0.0	  2.2	0.125	0.000	0.000
1073	  A	  0.0	  1.8	0.125	0.000	0.000
1074	  G	  0.0	  1.4	0.125	0.000	0.000
1075	  E	  0.1	  1.6	0.125	0.000	0.000
1076	  A	  0.2	  0.4	0.125	0.000	0.000
1077	  D	  0.9	  0.3	0.125	0.000	0.000
1078	  Y	  2.3	  0.3	0.125	0.546	0.546
1079	  T	  3.9	  0.0	0.000	0.546	0.546
1080	  T	  4.2	  0.0	0.000	0.546	0.546
1081	  T	  6.9	  0.0	0.000	0.546	0.546
1082	  I	  5.5	  0.1	0.000	0.546	0.546
1083	  D	  4.5	  0.7	0.000	0.000	0.000
1084	  K	  0.2	  1.9	0.000	0.000	0.000
1085	  G	  0.0	  2.1	0.000	0.000	0.000
1086	  N	  0.0	  2.7	0.000	0.000	0.000
1087	  G	  0.0	  2.1	0.000	0.000	0.000
1088	  D	  1.4	  0.9	0.178	0.000	0.000
1089	  F	  1.8	  0.8	0.178	0.000	0.000
1090	  E	  1.9	  0.2	0.178	0.000	0.000
1091	  T	  0.6	  0.2	0.178	0.000	0.000
1092	  D	  0.3	  0.2	0.178	0.000	0.000
1093	  L	  0.9	  0.1	0.178	0.000	0.000
1094	  V	  2.9	  0.0	0.178	0.000	0.000
1095	  S	  3.6	  0.0	0.178	0.000	0.000
1096	  H	  9.3	  0.0	0.000	0.000	0.000
1097	  I	 10.2	  0.0	0.000	0.000	0.000
1098	  T	 11.5	  0.0	0.000	0.000	0.000
1099	  T	  5.6	  0.3	0.000	0.000	0.000
1100	  K	  2.6	  0.3	0.000	0.000	0.000
1101	  D	  0.4	 10.8	0.000	0.000	0.000
1102	  S	  0.0	 11.3	0.000	0.000	0.000
1103	  D	  0.0	 11.1	0.000	0.000	0.000
1104	  G	  0.0	 11.0	0.000	0.000	0.000
1105	  K	  0.0	  0.7	0.000	0.000	0.000
1106	  P	  0.0	  0.1	0.000	0.000	0.000
1107	  T	  1.0	  0.1	0.000	0.000	0.000
1108	  T	 12.3	  0.1	0.000	0.000	0.000
1109	  I	 15.4	  0.0	0.000	0.000	0.000
1110	  T	 16.0	  0.0	0.000	0.000	0.000
1111	  T	  6.4	  0.0	0.000	0.000	0.000
1112	  T	  3.6	  0.0	0.000	0.000	0.000
1113	  I	  2.1	  0.0	0.000	0.000	0.000
1114	  P	  0.5	  0.0	0.000	0.000	0.000
1115	  L	  0.1	  0.0	0.000	0.000	0.000
1116	  K	  0.1	  0.5	0.000	0.000	0.000
1117	  P	  0.1	  0.9	0.000	0.000	0.000
1118	  S	  0.0	  1.0	0.000	0.000	0.000
1119	  D	  0.0	  2.2	0.125	0.000	0.000
1120	  A	  0.0	  1.8	0.125	0.000	0.000
1121	  G	  0.0	  1.4	0.125	0.000	0.000
1122	  E	  0.1	  1.6	0.125	0.000	0.000
1123	  A	  0.2	  0.4	0.125	0.000	0.000
1124	  D	  0.9	  0.3	0.125	0.000	0.000
1125	  Y	  2.3	  0.3	0.125	0.546	0.546
1126	  T	  3.9	  0.0	0.000	0.546	0.546
1127	  T	  4.2	  0.0	0.000	0.546	0.546
1128	  T	  6.9	  0.0	0.000	0.546	0.546
1129	  I	  5.5	  0.1	0.000	0.546	0.546
1130	  D	  4.5	  0.7	0.000	0.000	0.000
1131	  K	  0.2	  1.9	0.000	0.000	0.000
1132	  G	  0.0	  2.1	0.000	0.000	0.000
1133	  N	  0.0	  2.7	0.000	0.000	0.000
1134	  G	  0.0	  2.1	0.000	0.000	0.000
1135	  D	  1.4	  0.9	0.178	0.000	0.000
1136	  F	  1.8	  0.8	0.178	0.000	0.000
1137	  E	  1.9	  0.2	0.178	0.000	0.000
1138	  T	  0.6	  0.2	0.178	0.000	0.000
1139	  D	  0.3	  0.2	0.178	0.000	0.000
1140	  L	  0.9	  0.1	0.178	0.000	0.000
1141	  V	  2.9	  0.0	0.178	0.000	0.000
1142	  S	  3.6	  0.0	0.178	0.000	0.000
1143	  H	  9.3	  0.0	0.000	0.000	0.000
1144	  I	 10.2	  0.0	0.000	0.000	0.000
1145	  T	 11.5	  0.0	0.000	0.000	0.000
1146	  T	  5.6	  0.3	0.000	0.000	0.000
1147	  K	  2.6	  0.3	0.000	0.000	0.000
1148	  D	  0.4	 10.8	0.000	0.000	0.000
1149	  S	  0.0	 11.3	0.000	0.000	0.000
1150	  D	  0.0	 11.1	0.000	0.000	0.000
1151	  G	  0.0	 11.0	0.000	0.000	0.000
1152	  K	  0.0	  0.7	0.000	0.000	0.000
1153	  P	  0.0	  0.1	0.000	0.000	0.000
1154	  T	  1.0	  0.1	0.000	0.000	0.000
1155	  T	 12.3	  0.1	0.000	0.000	0.000
1156	  I	 15.4	  0.0	0.000	0.000	0.000
1157	  T	 16.0	  0.0	0.000	0.000	0.000
1158	  T	  6.4	  0.0	0.000	0.000	0.000
1159	  T	  3.6	  0.0	0.000	0.000	0.000
1160	  I	  2.1	  0.0	0.000	0.000	0.000
1161	  P	  0.5	  0.0	0.000	0.000	0.000
1162	  L	  0.1	  0.0	0.000	0.000	0.000
1163	  K	  0.1	  0.5	0.000	0.000	0.000
1164	  P	  0.1	  0.9	0.000	0.000	0.000
1165	  S	  0.0	  1.0	0.000	0.000	0.000
1166	  D	  0.0	  2.2	0.125	0.000	0.000
1167	  A	  0.0	  1.8	0.125	0.000	0.000
1168	  G	  0.0	  1.4	0.125	0.000	0.000
1169	  E	  0.1	  1.6	0.125	0.000	0.000
1170	  A	  0.2	  0.4	0.125	0.000	0.000
1171	  D	  0.9	  0.3	0.125	0.000	0.000
1172	  Y	  2.3	  0.3	0.125	0.546	0.546
1173	  T	  3.9	  0.0	0.000	0.546	0.546
1174	  T	  4.2	  0.0	0.000	0.546	0.546
1175	  T	  6.9	  0.0	0.000	0.546	0.546
1176	  I	  5.5	  0.1	0.000	0.546	0.546
1177	  D	  4.5	  0.7	0.000	0.000	0.000
1178	  K	  0.2	  1.9	0.000	0.000	0.000
1179	  G	  0.0	  2.1	0.000	0.000	0.000
1180	  N	  0.0	  2.7	0.000	0.000	0.000
1181	  G	  0.0	  2.1	0.000	0.000	0.000
1182	  D	  1.4	  0.9	0.178	0.000	0.000
1183	  F	  1.8	  0.8	0.178	0.000	0.000
1184	  E	  1.9	  0.2	0.178	0.000	0.000
1185	  T	  0.6	  0.2	0.178	0.000	0.000
1186	  D	  0.3	  0.2	0.178	0.000	0.000
1187	  L	  0.9	  0.1	0.178	0.000	0.000
1188	  V	  2.9	  0.0	0.178	0.000	0.000
1189	  S	  3.6	  0.0	0.178	0.000	0.000
1190	  H	  9.3	  0.0	0.000	0.000	0.000
1191	  I	 10.2	  0.0	0.000	0.000	0.000
1192	  T	 11.5	  0.0	0.000	0.000	0.000
1193	  T	  5.6	  0.3	0.000	0.000	0.000
1194	  K	  2.6	  0.3	0.000	0.000	0.000
1195	  D	  0.4	 10.8	0.000	0.000	0.000
1196	  S	  0.0	 11.3	0.000	0.000	0.000
1197	  D	  0.0	 11.1	0.000	0.000	0.000
1198	  G	  0.0	 11.0	0.000	0.000	0.000
1199	  K	  0.0	  0.7	0.000	0.000	0.000
1200	  P	  0.0	  0.1	0.000	0.000	0.000
1201	  T	  1.0	  0.1	0.000	0.000	0.000
1202	  T	 12.3	  0.1	0.000	0.000	0.000
1203	  I	 15.4	  0.0	0.000	0.000	0.000
1204	  T	 16.0	  0.0	0.000	0.000	0.000
1205	  T	  6.4	  0.0	0.000	0.000	0.000
1206	  T	  3.6	  0.0	0.000	0.000	0.000
1207	  I	  2.1	  0.0	0.000	0.000	0.000
1208	  P	  0.5	  0.0	0.000	0.000	0.000
1209	  L	  0.1	  0.0	0.000	0.000	0.000
1210	  K	  0.1	  0.5	0.000	0.000	0.000
1211	  P	  0.1	  0.9	0.000	0.000	0.000
1212	  S	  0.0	  1.0	0.000	0.000	0.000
1213	  D	  0.0	  2.2	0.125	0.000	0.000
1214	  A	  0.0	  1.8	0.125	0.000	0.000
1215	  G	  0.0	  1.4	0.125	0.000	0.000
1216	  E	  0.1	  1.6	0.125	0.000	0.000
1217	  A	  0.2	  0.4	0.125	0.000	0.000
1218	  D	  0.9	  0.3	0.125	0.000	0.000
1219	  Y	  2.3	  0.3	0.125	0.546	0.546
1220	  T	  3.9	  0.0	0.000	0.546	0.546
1221	  T	  4.2	  0.0	0.000	0.546	0.546
1222	  T	  6.9	  0.0	0.000	0.546	0.546
1223	  I	  5.5	  0.1	0.000	0.546	0.546
1224	  D	  4.5	  0.7	0.000	0.000	0.000
1225	  K	  0.2	  1.9	0.000	0.000	0.000
1226	  G	  0.0	  2.1	0.000	0.000	0.000
1227	  N	  0.0	  2.7	0.000	0.000	0.000
1228	  G	  0.0	  2.1	0.000	0.000	0.000
1229	  D	  1.4	  0.9	0.178	0.000	0.000
1230	  F	  1.8	  0.8	0.178	0.000	0.000
1231	  E	  1.9	  0.2	0.178	0.000	0.000
1232	  T	  0.6	  0.2	0.178	0.000	0.000
1233	  D	  0.3	  0.2	0.178	0.000	0.000
1234	  L	  0.9	  0.1	0.178	0.000	0.000
1235	  V	  2.9	  0.0	0.178	0.000	0.000
1236	  S	  3.6	  0.0	0.178	0.000	0.000
1237	  H	  9.3	  0.0	0.000	0.000	0.000
1238	  I	 10.2	  0.0	0.000	0.000	0.000
1239	  T	 11.5	  0.0	0.000	0.000	0.000
1240	  T	  5.6	  0.3	0.000	0.000	0.000
1241	  K	  2.6	  0.3	0.000	0.000	0.000
1242	  D	  0.4	 10.8	0.000	0.000	0.000
1243	  S	  0.0	 11.3	0.000	0.000	0.000
1244	  D	  0.0	 11.1	0.000	0.000	0.000
1245	  G	  0.0	 11.0	0.000	0.000	0.000
1246	  K	  0.0	  0.7	0.000	0.000	0.000
1247	  P	  0.0	  0.1	0.000	0.000	0.000
1248	  T	  1.0	  0.1	0.000	0.000	0.000
1249	  T	 12.3	  0.1	0.000	0.000	0.000
1250	  I	 15.4	  0.0	0.000	0.000	0.000
1251	  T	 16.0	  0.0	0.000	0.000	0.000
1252	  T	  6.4	  0.0	0.000	0.000	0.000
1253	  T	  3.6	  0.0	0.000	0.000	0.000
1254	  I	  2.1	  0.0	0.000	0.000	0.000
1255	  P	  0.5	  0.0	0.000	0.000	0.000
1256	  L	  0.1	  0.0	0.000	0.000	0.000
1257	  K	  0.1	  0.5	0.000	0.000	0.000
1258	  P	  0.1	  0.9	0.000	0.000	0.000
1259	  S	  0.0	  1.0	0.000	0.000	0.000
1260	  D	  0.0	  2.2	0.125	0.000	0.000
1261	  A	  0.0	  1.8	0.125	0.000	0.000
1262	  G	  0.0	  1.4	0.125	0.000	0.000
1263	  E	  0.1	  1.6	0.125	0.000	0.000
1264	  A	  0.2	  0.4	0.125	0.000	0.000
1265	  D	  0.9	  0.3	0.125	0.000	0.000
1266	  Y	  2.3	  0.3	0.125	0.546	0.546
1267	  T	  3.9	  0.0	0.000	0.546	0.546
1268	  T	  4.2	  0.0	0.000	0.546	0.546
1269	  T	  6.9	  0.0	0.000	0.546	0.546
1270	  I	  5.5	  0.1	0.000	0.546	0.546
1271	  D	  4.5	  0.7	0.000	0.000	0.000
1272	  K	  0.2	  1.9	0.000	0.000	0.000
1273	  G	  0.0	  2.1	0.000	0.000	0.000
1274	  N	  0.0	  2.7	0.000	0.000	0.000
1275	  G	  0.0	  2.1	0.000	0.000	0.000
1276	  D	  1.4	  0.9	0.178	0.000	0.000
1277	  F	  1.8	  0.8	0.178	0.000	0.000
1278	  E	  1.9	  0.2	0.178	0.000	0.000
1279	  T	  0.6	  0.2	0.178	0.000	0.000
1280	  D	  0.3	  0.2	0.178	0.000	0.000
1281	  L	  0.9	  0.1	0.178	0.000	0.000
1282	  V	  2.9	  0.0	0.178	0.000	0.000
1283	  S	  3.6	  0.0	0.178	0.000	0.000
1284	  H	  9.3	  0.0	0.000	0.000	0.000
1285	  I	 10.2	  0.0	0.000	0.000	0.000
1286	  T	 11.5	  0.0	0.000	0.000	0.000
1287	  T	  5.6	  0.3	0.000	0.000	0.000
1288	  K	  2.6	  0.3	0.000	0.000	0.000
1289	  D	  0.4	 10.8	0.000	0.000	0.000
1290	  S	  0.0	 11.3	0.000	0.000	0.000
1291	  D	  0.0	 11.1	0.000	0.000	0.000
1292	  G	  0.0	 11.0	0.000	0.000	0.000
1293	  K	  0.0	  0.7	0.000	0.000	0.000
1294	  P	  0.0	  0.1	0.000	0.000	0.000
1295	  T	  1.0	  0.1	0.000	0.000	0.000
1296	  T	 12.3	  0.1	0.000	0.000	0.000
1297	  I	 15.4	  0.0	0.000	0.000	0.000
1298	  T	 16.0	  0.0	0.000	0.000	0.000
1299	  T	  6.4	  0.0	0.000	0.000	0.000
1300	  T	  3.6	  0.0	0.000	0.000	0.000
1301	  I	  2.1	  0.0	0.000	0.000	0.000
1302	  P	  0.5	  0.0	0.000	0.000	0.000
1303	  L	  0.1	  0.0	0.000	0.000	0.000
1304	  K	  0.1	  0.5	0.000	0.000	0.000
1305	  P	  0.1	  0.9	0.000	0.000	0.000
1306	  S	  0.0	  1.0	0.000	0.000	0.000
1307	  D	  0.0	  2.2	0.125	0.000	0.000
1308	  A	  0.0	  1.8	0.125	0.000	0.000
1309	  G	  0.0	  1.4	0.125	0.000	0.000
1310	  E	  0.1	  1.6	0.125	0.000	0.000
1311	  A	  0.2	  0.4	0.125	0.000	0.000
1312	  D	  0.9	  0.3	0.125	0.000	0.000
1313	  Y	  2.3	  0.3	0.125	0.546	0.546
1314	  T	  3.9	  0.0	0.000	0.546	0.546
1315	  T	  4.2	  0.0	0.000	0.546	0.546
1316	  T	  6.9	  0.0	0.000	0.546	0.546
1317	  I	  5.5	  0.1	0.000	0.546	0.546
1318	  D	  4.5	  0.7	0.000	0.000	0.000
1319	  K	  0.2	  1.9	0.000	0.000	0.000
1320	  G	  0.0	  2.1	0.000	0.000	0.000
1321	  N	  0.0	  2.8	0.000	0.000	0.000
1322	  G	  0.0	  2.1	0.000	0.000	0.000
1323	  D	  0.4	  1.3	0.000	0.000	0.000
1324	  F	  1.0	  1.2	0.000	0.000	0.000
1325	  D	  1.0	  1.0	0.152	0.000	0.000
1326	  T	  0.8	  1.0	0.152	0.000	0.000
1327	  D	  0.3	  0.6	0.152	0.000	0.000
1328	  L	  0.9	  0.5	0.152	0.000	0.000
1329	  V	  2.9	  0.0	0.152	0.000	0.000
1330	  S	  3.6	  0.0	0.152	0.000	0.000
1331	  H	  9.3	  0.0	0.000	0.000	0.000
1332	  I	 10.2	  0.0	0.000	0.000	0.000
1333	  T	 10.7	  0.0	0.000	0.000	0.000
1334	  T	  4.8	  0.1	0.000	0.000	0.000
1335	  T	  2.2	  0.2	0.000	0.000	0.000
1336	  D	  0.8	 10.7	0.000	0.000	0.000
1337	  S	  0.4	 11.3	0.000	0.000	0.000
1338	  D	  0.0	 11.2	0.000	0.000	0.000
1339	  G	  0.0	 11.1	0.000	0.000	0.000
1340	  K	  0.0	  0.7	0.000	0.000	0.000
1341	  P	  0.0	  0.2	0.000	0.361	0.361
1342	  T	  1.0	  0.2	0.000	32.297	32.297
1343	  T	  3.0	  0.2	0.000	49.193	49.193
1344	  I	  6.6	  0.0	0.000	76.591	76.591
1345	  I	  8.4	  0.0	0.000	78.280	78.280
1346	  T	  8.1	  0.0	0.000	78.368	78.368
1347	  T	 14.2	  0.0	0.000	78.238	78.238
1348	  V	 17.5	  0.0	0.000	77.741	77.741
1349	  T	 18.0	  0.0	0.000	63.751	63.751
1350	  L	  8.8	  0.0	0.000	54.907	54.907
1351	  T	  2.6	  0.0	0.000	11.125	11.125
1352	  E	  0.1	  0.0	0.000	0.000	0.000
1353	  E	  0.1	  0.6	0.000	0.000	0.000
1354	  P	  0.0	  0.6	0.000	0.000	0.000
1355	  D	  0.8	  0.6	0.000	0.000	0.000
1356	  Y	  3.6	  0.7	0.000	6.746	6.746
1357	  T	  4.3	  0.1	0.000	8.361	8.361
1358	  S	  4.4	  0.1	0.000	9.069	9.069
1359	  V	  7.3	  0.1	0.000	9.069	9.069
1360	  F	  8.0	  0.0	0.000	9.069	9.069
1361	  V	  7.3	  0.4	0.000	8.068	8.068
1362	  S	  1.8	  0.8	0.000	1.527	1.527
1363	  D	  0.2	  1.0	0.000	0.000	0.000
1364	  G	  0.0	  1.0	0.000	0.000	0.000
1365	  H	  3.0	  0.6	0.000	0.074	0.074
1366	  T	 13.8	  0.2	0.000	19.136	19.136
1367	  I	 17.2	  0.0	0.000	48.747	48.747
1368	  T	 15.1	  0.0	0.000	49.049	49.049
1369	  A	  4.9	  0.0	0.000	49.113	49.113
1370	  V	  5.0	  0.0	0.000	49.189	49.189
1371	  V	  6.4	  0.0	0.000	47.919	47.919
1372	  S	  6.1	  0.0	0.000	6.862	6.862
1373	  H	  3.8	  0.0	0.000	1.426	1.426
1374	  V	  3.4	  0.0	0.000	1.426	1.426
1375	  T	  4.7	  0.0	0.000	0.632	0.632
1376	  T	  3.8	  0.1	0.000	0.237	0.237
1377	  T	  2.2	  0.2	0.000	0.000	0.000
1378	  N	  0.6	  0.2	0.000	0.000	0.000
1379	  D	  0.1	  0.7	0.000	0.000	0.000
1380	  V	  0.2	  0.7	0.000	0.208	0.208
1381	  G	  0.1	  0.7	0.000	0.208	0.208
1382	  Q	  0.4	  0.7	0.000	0.660	0.660
1383	  T	  9.8	  0.2	0.000	14.069	14.069
1384	  V	 11.0	  0.1	0.000	36.335	36.335
1385	  T	 11.8	  0.0	0.000	37.987	37.987
1386	  T	  3.9	  0.0	0.000	40.806	40.806
1387	  T	 11.1	  0.0	0.000	43.619	43.619
1388	  V	 24.7	  0.0	0.000	44.525	44.525
1389	  T	 26.0	  0.0	0.000	42.726	42.726
1390	  V	 20.7	  0.1	0.000	41.642	41.642
1391	  M	  7.2	  0.1	0.000	26.451	26.451
1392	  S	  9.8	  0.4	0.000	5.758	5.758
1393	  Y	  8.4	  0.4	0.000	4.528	4.528
1394	  D	  6.6	  0.4	0.000	0.000	0.000
1395	  Q	  1.0	  0.4	0.000	0.000	0.000
1396	  V	  0.2	  2.6	0.000	0.000	0.000
1397	  G	  0.1	  2.8	0.000	0.000	0.000
1398	  D	  0.0	  2.8	0.000	0.000	0.000
1399	  G	  0.0	  2.8	0.000	0.000	0.000
1400	  V	  2.7	  0.3	0.000	0.000	0.000
1401	  Y	  5.7	  0.0	0.000	0.000	0.000
1402	  T	  6.6	  0.0	0.000	0.000	0.000
1403	  S	  4.0	  0.0	0.000	0.000	0.000
1404	  A	  1.1	  0.0	0.000	0.000	0.000
1405	  P	  0.1	  0.0	0.000	0.000	0.000
1406	  A	  0.5	  0.0	0.000	0.000	0.000
1407	  Y	  5.0	  0.0	0.000	0.000	0.000
1408	  S	  5.0	  0.0	0.000	0.000	0.000
1409	  Q	  4.5	  0.0	0.000	0.000	0.000
1410	  P	  0.0	  0.0	0.000	0.000	0.000
1411	  P	  0.0	  0.0	0.000	0.000	0.000
1412	  V	  1.5	  0.0	0.000	1.192	1.192
1413	  T	  2.8	  0.0	0.000	1.192	1.192
1414	  T	  4.2	  0.0	0.000	1.192	1.192
1415	  T	  4.6	  0.0	0.000	1.192	1.192
1416	  T	 19.9	  0.0	0.000	1.192	1.192
1417	  V	 20.1	  0.0	0.000	1.192	1.192
1418	  S	 18.7	  1.5	0.000	0.000	0.000
1419	  A	  2.3	  1.6	0.000	0.000	0.000
1420	  D	  0.5	  1.6	0.000	0.000	0.000
1421	  T	  1.7	  1.6	0.000	2.355	2.355
1422	  T	  2.2	  0.1	0.000	6.266	6.266
1423	  T	  3.1	  0.1	0.000	21.660	21.660
1424	  A	  2.1	  0.0	0.000	46.052	46.052
1425	  T	  6.4	  0.0	0.000	57.230	57.230
1426	  V	 12.1	  0.0	0.000	72.142	72.142
1427	  V	 15.2	  0.0	0.000	72.301	72.301
1428	  I	 14.0	  0.0	0.000	71.196	71.196
1429	  S	  8.9	  0.0	0.000	43.706	43.706
1430	  Y	  5.3	  0.0	0.000	38.073	38.073
1431	  F	  1.7	  0.8	0.000	5.054	5.054
1432	  P	  0.2	  0.8	0.000	2.265	2.265
1433	  S	  0.3	  1.0	0.000	0.000	0.000
1434	  V	  0.4	  2.7	0.000	0.000	0.000
1435	  G	  0.4	  2.7	0.000	0.000	0.000
1436	  D	  0.0	  3.2	0.000	0.000	0.000
1437	  D	  0.0	  3.0	0.000	0.000	0.000
1438	  G	  0.1	  1.3	0.000	0.000	0.000
1439	  V	  1.8	  0.4	0.000	0.000	0.000
1440	  T	  2.4	  0.2	0.000	0.000	0.000
1441	  R	  2.4	  0.3	0.000	0.000	0.000
1442	  T	  0.7	  0.6	0.000	0.000	0.000
1443	  G	  0.1	  0.6	0.000	0.000	0.000
1444	  T	  1.6	  0.5	0.000	0.350	0.350
1445	  T	  2.3	  0.4	0.000	0.932	0.932
1446	  T	 12.4	  0.0	0.000	1.900	1.900
1447	  I	 11.6	  0.0	0.000	2.868	2.868
1448	  S	 11.1	  0.0	0.000	2.868	2.868
1449	  T	 17.0	  0.0	0.000	2.868	2.868
1450	  V	 22.7	  0.0	0.000	2.868	2.868
1451	  S	 22.7	  0.1	0.000	2.113	2.113
1452	  V	  8.4	  1.0	0.000	2.113	2.113
1453	  G	  0.3	  1.1	0.000	0.000	0.000
1454	  G	  0.1	  1.1	0.000	0.000	0.000
1455	  E	  0.1	  1.3	0.000	0.000	0.000
1456	  A	  0.2	  0.3	0.000	0.000	0.000
1457	  D	  0.9	  0.3	0.000	0.000	0.000
1458	  Y	  2.3	  0.3	0.000	0.583	0.583
1459	  T	  3.9	  0.0	0.000	0.583	0.583
1460	  T	  5.2	  0.0	0.000	0.583	0.583
1461	  T	  8.1	  0.1	0.000	0.583	0.583
1462	  V	  6.7	  0.1	0.000	0.583	0.583
1463	  D	  4.6	  0.4	0.000	0.000	0.000
1464	  R	  0.3	  0.9	0.000	0.000	0.000
1465	  G	  0.1	  1.1	0.000	0.000	0.000
1466	  N	  0.1	  2.1	0.000	0.000	0.000
1467	  G	  0.0	  2.0	0.000	0.000	0.000
1468	  S	  0.2	  1.5	0.000	0.000	0.000
1469	  T	  0.3	  1.3	0.000	0.000	0.000
1470	  E	  0.4	  0.3	0.000	0.000	0.000
1471	  T	  0.6	  0.2	0.000	0.000	0.000
1472	  D	  2.2	  0.2	0.000	0.000	0.000
1473	  V	  5.9	  0.0	0.000	0.000	0.000
1474	  I	  6.0	  0.0	0.000	0.000	0.000
1475	  S	  5.2	  0.0	0.000	0.000	0.000
1476	  H	  7.6	  0.0	0.000	0.000	0.000
1477	  I	 10.0	  0.0	0.000	0.000	0.000
1478	  T	 10.6	  0.0	0.000	0.000	0.000
1479	  T	  4.8	  0.1	0.000	0.000	0.000
1480	  T	  2.3	  0.2	0.000	0.000	0.000
1481	  D	  0.8	  9.4	0.000	0.000	0.000
1482	  S	  0.5	  9.8	0.000	0.000	0.000
1483	  N	  0.0	  9.7	0.000	0.000	0.000
1484	  G	  0.0	  9.6	0.000	0.000	0.000
1485	  N	  0.0	  0.8	0.000	0.000	0.000
1486	  P	  0.0	  0.4	0.000	0.000	0.000
1487	  T	  1.0	  0.4	0.000	1.004	1.004
1488	  T	 11.2	  0.4	0.000	2.678	2.678
1489	  I	 14.1	  0.0	0.000	5.460	5.460
1490	  T	 14.5	  0.0	0.000	5.460	5.460
1491	  T	  5.2	  0.0	0.000	5.460	5.460
1492	  T	 12.4	  0.0	0.000	5.460	5.460
1493	  I	 11.5	  0.0	0.000	5.460	5.460
1494	  T	 10.9	  0.0	0.000	2.052	2.052
1495	  N	  0.7	  0.0	0.000	0.000	0.000
1496	  A	  0.2	  0.0	0.000	0.000	0.000
1497	  P	  0.0	  0.0	0.000	0.000	0.000
1498	  A	  0.0	  0.6	0.000	0.000	0.000
1499	  P	  0.0	  0.9	0.000	0.000	0.000
1500	  S	  0.1	  1.1	0.000	0.000	0.000
1501	  N	  0.2	  1.2	0.000	0.000	0.000
1502	  S	  0.3	  0.7	0.000	0.000	0.000
1503	  K	  0.3	  0.6	0.000	0.000	0.000
1504	  A	  0.3	  0.4	0.000	0.000	0.000
1505	  N	  0.3	  0.7	0.000	0.000	0.000
1506	  I	  0.3	  1.6	0.000	0.000	0.000
1507	  G	  0.1	  1.7	0.000	0.000	0.000
1508	  S	  0.1	  1.8	0.000	0.000	0.000
1509	  D	  0.1	  1.4	0.000	0.000	0.000
1510	  H	  0.7	  0.5	0.000	0.000	0.000
1511	  T	  2.2	  0.1	0.000	1.079	1.079
1512	  T	  4.1	  0.1	0.000	1.457	1.457
1513	  T	  8.8	  0.0	0.000	1.457	1.457
1514	  V	 11.4	  0.0	0.000	1.457	1.457
1515	  V	  9.6	  0.3	0.000	1.457	1.457
1516	  S	  4.4	  1.4	0.000	0.497	0.497
1517	  N	  0.2	  1.5	0.000	0.000	0.000
1518	  G	  0.0	  1.5	0.000	0.000	0.000
1519	  H	  2.7	  1.3	0.000	0.000	0.000
1520	  T	 20.9	  0.2	0.000	3.865	3.865
1521	  F	 21.9	  0.2	0.000	9.863	9.863
1522	  T	 19.5	  0.2	0.000	9.863	9.863
1523	  G	  1.3	  0.2	0.000	9.863	9.863
1524	  V	  3.6	  0.2	0.000	9.863	9.863
1525	  V	  5.8	  0.0	0.000	9.598	9.598
1526	  S	  7.1	  0.2	0.000	1.067	1.067
1527	  H	  3.6	  0.7	0.000	0.000	0.000
1528	  S	  1.5	  0.8	0.000	0.000	0.000
1529	  T	  0.2	  1.0	0.000	0.000	0.000
1530	  G	  0.1	  1.0	0.000	0.000	0.000
1531	  T	  0.1	  0.5	0.000	0.000	0.000
1532	  D	  0.1	  1.1	0.000	0.000	0.000
1533	  E	  0.1	  1.5	0.000	0.000	0.000
1534	  H	  0.1	  1.7	0.000	0.000	0.000
1535	  G	  0.1	  1.6	0.000	0.000	0.000
1536	  H	  3.2	  0.9	0.000	0.000	0.000
1537	  T	  7.4	  0.3	0.000	6.757	6.757
1538	  I	  9.8	  0.0	0.000	17.793	17.793
1539	  V	  7.5	  0.0	0.000	18.241	18.241
1540	  S	  3.6	  0.0	0.000	18.241	18.241
1541	  T	 11.1	  0.0	0.000	18.241	18.241
1542	  V	 13.5	  0.0	0.000	18.053	18.053
1543	  T	 13.8	  0.1	0.000	8.368	8.368
1544	  Q	  4.3	  0.1	0.000	2.190	2.190
1545	  T	  1.4	  0.1	0.000	2.041	2.041
1546	  V	  0.8	  2.3	0.000	2.041	2.041
1547	  G	  0.5	  2.3	0.000	0.097	0.097
1548	  G	  0.1	  2.4	0.000	0.000	0.000
1549	  Q	  0.2	  2.6	0.000	0.000	0.000
1550	  S	  0.3	  0.7	0.000	0.000	0.000
1551	  H	  0.3	  1.9	0.000	0.000	0.000
1552	  G	  0.2	  1.8	0.000	0.000	0.000
1553	  S	  0.4	  1.7	0.000	0.000	0.000
1554	  T	 18.0	  1.4	0.000	0.000	0.000
1555	  V	 19.0	  0.1	0.000	0.000	0.000
1556	  S	 18.7	  0.1	0.000	0.000	0.000
1557	  S	  1.8	  0.1	0.000	0.000	0.000
1558	  A	  0.5	  0.1	0.000	0.000	0.000
1559	  K	  0.4	  0.0	0.000	0.000	0.000
1560	  P	  0.0	  0.0	0.000	0.000	0.000
1561	  V	  0.7	  0.0	0.000	0.000	0.000
1562	  S	  1.1	  0.0	0.000	0.000	0.000
1563	  T	 18.7	  0.1	0.000	0.000	0.000
1564	  V	 18.4	  0.2	0.000	0.000	0.000
1565	  S	 18.1	  0.7	0.000	0.000	0.000
1566	  G	  0.6	  1.3	0.000	0.000	0.000
1567	  A	  0.0	  1.9	0.000	0.000	0.000
1568	  G	  0.0	  2.1	0.000	0.000	0.000
1569	  S	  0.0	  1.6	0.000	0.000	0.000
1570	  N	  0.0	  1.0	0.000	0.000	0.000
1571	  A	  0.0	  1.4	0.000	0.000	0.000
1572	  P	  0.0	  1.1	0.000	0.000	0.000
1573	  G	  0.1	  1.1	0.000	0.000	0.000
1574	  T	  0.2	  1.4	0.000	0.000	0.000
1575	  A	  0.2	  0.5	0.000	0.000	0.000
1576	  G	  0.1	  0.5	0.000	0.000	0.000
1577	  V	  0.1	  1.7	0.000	0.849	0.849
1578	  G	  0.1	  1.4	0.000	0.849	0.849
1579	  G	  0.1	  1.4	0.000	0.849	0.849
1580	  I	  1.2	  1.3	0.000	0.849	0.849
1581	  V	  2.7	  0.1	0.000	0.849	0.849
1582	  N	  2.8	  0.2	0.000	0.000	0.000
1583	  S	  2.1	  0.2	0.000	0.000	0.000
1584	  Q	  0.6	  0.2	0.000	0.000	0.000
1585	  K	  0.5	  0.3	0.000	0.000	0.000
1586	  P	  0.0	  0.5	0.000	0.000	0.000
1587	  Q	  0.0	  0.6	0.000	0.000	0.000
1588	  S	  0.1	  1.3	0.000	0.000	0.000
1589	  G	  0.1	  1.1	0.000	0.000	0.000
1590	  N	  0.4	  0.7	0.000	0.000	0.000
1591	  V	  1.0	  0.9	0.000	0.000	0.000
1592	  A	  1.0	  0.4	0.000	0.000	0.000
1593	  G	  0.6	  0.9	0.000	0.000	0.000
1594	  Q	  0.0	  1.5	0.000	0.000	0.000
1595	  G	  0.0	  1.4	0.000	0.000	0.000
1596	  S	  0.1	  2.8	0.000	0.000	0.000
1597	  G	  0.1	  2.3	0.000	0.000	0.000
1598	  N	  0.1	  1.7	0.000	0.000	0.000
1599	  E	  0.1	  1.6	0.000	0.000	0.000
1600	  K	  0.1	  0.2	0.000	0.000	0.000
1601	  P	  0.0	  0.2	0.000	0.000	0.000
1602	  T	  0.5	  0.2	0.000	0.000	0.000
1603	  Q	  0.5	  0.2	0.000	0.000	0.000
1604	  A	  0.5	  0.3	0.000	0.000	0.000
1605	  A	  0.1	  0.4	0.000	0.000	0.000
1606	  G	  0.1	  0.4	0.000	0.000	0.000
1607	  T	  0.2	  0.7	0.000	0.000	0.000
1608	  A	  0.2	  0.7	0.000	0.000	0.000
1609	  G	  0.1	  1.3	0.000	0.000	0.000
1610	  G	  0.0	  1.7	0.000	0.000	0.000
1611	  S	  0.3	  3.3	0.000	0.000	0.000
1612	  G	  0.3	  3.5	0.000	0.000	0.000
1613	  S	  0.5	  4.6	0.000	0.000	0.000
1614	  G	  0.3	  4.6	0.000	0.000	0.000
1615	  S	  0.5	  4.5	0.000	0.000	0.000
1616	  G	  0.3	  4.5	0.000	0.000	0.000
1617	  S	  0.5	  2.9	0.000	0.000	0.000
1618	  G	  0.3	  2.5	0.000	0.000	0.000
1619	  S	  1.9	  0.7	0.000	0.000	0.000
1620	  V	  3.8	  0.3	0.000	0.000	0.000
1621	  H	  4.0	  0.2	0.000	0.000	0.000
1622	  Q	  2.5	  0.3	0.000	0.000	0.000
1623	  S	  0.4	  0.6	0.000	0.000	0.000
1624	  A	  0.2	  2.3	0.000	0.000	0.000
1625	  G	  0.1	  2.1	0.000	0.000	0.000
1626	  N	  0.2	  2.1	0.000	0.000	0.000
1627	  N	  0.3	  1.8	0.000	0.000	0.000
1628	  V	  0.3	  0.7	0.000	0.000	0.000
1629	  P	  0.2	  1.1	0.000	0.000	0.000
1630	  S	  0.5	  1.1	0.000	0.000	0.000
1631	  G	  0.5	  1.1	0.000	0.000	0.000
1632	  S	  0.5	  2.9	0.000	0.000	0.000
1633	  P	  0.0	  2.5	0.000	0.000	0.000
1634	  S	  1.3	  2.5	0.145	0.000	0.000
1635	  V	  2.4	  2.6	0.145	0.000	0.000
1636	  Q	  2.5	  0.1	0.145	0.000	0.000
1637	  S	  1.4	  0.4	0.145	0.000	0.000
1638	  A	  0.3	  0.7	0.145	0.000	0.000
1639	  K	  0.3	  0.7	0.145	0.000	0.000
1640	  G	  0.2	  0.7	0.000	0.000	0.000
1641	  T	  5.1	  0.3	0.000	0.000	0.000
1642	  A	  5.1	  0.1	0.000	0.000	0.000
1643	  S	  5.0	  0.0	0.000	0.000	0.000
1644	  P	  0.0	  0.0	0.000	0.000	0.000
1645	  V	  0.6	  0.1	0.000	0.000	0.000
1646	  S	  0.6	  0.3	0.000	0.000	0.000
1647	  G	  0.7	  0.3	0.000	0.000	0.000
1648	  I	  0.5	  0.3	0.000	0.000	0.000
1649	  H	  0.5	  0.4	0.000	0.000	0.000
1650	  S	  0.6	  0.3	0.000	0.000	0.000
1651	  S	  0.8	  0.3	0.000	0.000	0.000
1652	  Q	  0.7	  0.3	0.000	0.000	0.000
1653	  T	  0.6	  0.3	0.000	0.000	0.000
1654	  P	  0.0	  0.3	0.000	0.000	0.000
1655	  H	  0.4	  0.3	0.000	0.000	0.000
1656	  S	  0.6	  0.3	0.000	0.000	0.000
1657	  V	  0.6	  0.2	0.000	0.000	0.000
1658	  P	  0.2	  0.3	0.000	0.000	0.000
1659	  S	  0.1	  0.3	0.000	0.000	0.000
1660	  Q	  0.3	  0.3	0.000	0.000	0.000
1661	  A	  0.3	  0.2	0.000	0.000	0.000
1662	  Q	  0.5	  0.1	0.000	0.000	0.000
1663	  T	  0.3	  0.6	0.000	0.000	0.000
1664	  Q	  0.3	  0.6	0.000	0.000	0.000
1665	  G	  0.1	  0.6	0.639	0.000	0.000
1666	  Q	  0.3	  0.5	0.639	0.000	0.000
1667	  A	  0.3	  0.1	0.639	0.000	0.000
1668	  Q	  0.4	  0.0	0.639	0.000	0.000
1669	  A	  0.3	  0.1	0.639	0.000	0.000
1670	  Q	  0.4	  0.2	0.639	0.000	0.000
1671	  S	  0.5	  0.3	0.309	0.000	0.000
1672	  S	  0.6	  0.3	0.129	0.000	0.000
1673	  R	  0.9	  0.3	0.000	0.000	0.000
1674	  Q	  0.7	  0.2	0.000	0.000	0.000
1675	  Q	  0.5	  0.1	0.000	0.086	0.086
1676	  A	  0.1	  0.1	0.000	6.665	6.665
1677	  A	  0.2	  0.0	0.000	14.345	14.345
1678	  T	  2.3	  0.0	0.150	22.201	22.201
1679	  T	  5.9	  0.0	0.150	23.812	23.812
1680	  V	  9.3	  0.0	0.150	24.109	24.109
1681	  L	  7.6	  0.0	0.150	23.958	23.958
1682	  L	  4.3	  0.3	0.150	22.067	22.067
1683	  S	  0.8	  0.8	0.150	4.317	4.317
1684	  S	  0.6	  2.0	0.000	0.676	0.676
1685	  G	  0.3	  2.1	0.000	0.000	0.000
1686	  S	  0.4	  1.8	0.000	0.000	0.000
1687	  S	  4.3	  1.8	0.000	0.000	0.000
1688	  V	  4.6	  0.6	0.000	0.000	0.000
1689	  D	  4.6	  0.5	0.000	0.000	0.000
1690	  N	  0.5	  0.9	0.000	0.000	0.000
1691	  I	  0.2	  2.0	0.000	0.000	0.000
1692	  G	  0.1	  2.3	0.000	0.000	0.000
1693	  S	  0.1	  2.3	0.000	0.000	0.000
1694	  G	  0.1	  1.9	0.000	0.000	0.000
1695	  F	  1.6	  0.5	0.000	0.000	0.000
1696	  S	  1.9	  0.2	0.000	0.000	0.000
1697	  S	  2.2	  0.2	0.267	0.000	0.000
1698	  T	  1.4	  0.3	0.267	0.000	0.000
1699	  Q	  1.1	  0.2	0.267	0.000	0.000
1700	  T	  3.5	  0.2	0.267	0.279	0.279
1701	  A	  3.2	  0.2	0.267	0.279	0.279
1702	  S	  3.7	  0.2	0.267	0.279	0.279
1703	  V	  3.3	  0.1	0.000	0.279	0.279
1704	  L	  2.9	  0.3	0.000	0.279	0.279
1705	  Q	  2.4	  0.5	0.000	0.000	0.000
1706	  G	  0.0	  1.0	0.000	0.000	0.000
1707	  K	  0.0	  1.2	0.000	0.000	0.000
1708	  G	  0.0	  1.0	0.000	0.000	0.000
1709	  A	  0.4	  0.8	0.000	0.000	0.000
1710	  S	  2.7	  0.3	0.000	0.000	0.000
1711	  I	  9.2	  0.2	0.000	0.000	0.000
1712	  R	  9.6	  0.0	0.000	0.000	0.000
1713	  V	  9.5	  0.0	0.000	1.697	1.697
1714	  A	  3.1	  0.1	0.000	1.838	1.838
1715	  S	  2.9	  0.7	0.000	1.992	1.992
1716	  S	  1.0	  0.7	0.000	3.228	3.228
1717	  S	  1.4	  0.7	0.000	13.097	13.097
1718	  I	  5.3	  0.6	0.000	91.884	91.884
1719	  V	  9.0	  0.0	0.000	98.735	98.735
1720	  F	 11.0	  0.0	0.000	99.301	99.301
1721	  S	  6.8	  0.0	0.269	99.345	99.345
1722	  M	  4.1	  0.0	0.269	99.694	99.694
1723	  I	  8.3	  0.0	0.269	99.977	99.977
1724	  V	 14.1	  0.0	0.269	99.999	99.999
1725	  V	 25.2	  0.0	0.269	99.996	99.996
1726	  I	 22.4	  0.0	0.269	99.952	99.952
1727	  V	 17.3	  0.0	0.269	99.444	99.444
1728	  F	  5.0	  0.0	0.269	93.277	93.277
1729	  G	  0.9	  0.0	0.000	13.429	13.429
1730	  M	  0.2	  0.0	0.000	10.120	10.120
1731	  I	  0.0	  0.0	0.000	0.004	0.004
