res	aa	Beta	Turn	Helix	Aggregation	Conc-Stab_Aggregation
01	  M	  0.3	  0.0	0.000	0.000	0.000
02	  R	  0.6	  0.1	0.000	0.000	0.000
03	  Q	  0.7	  0.1	0.000	0.111	0.111
04	  T	  1.3	  0.1	0.000	4.926	4.926
05	  T	  1.8	  0.1	0.823	24.344	24.344
06	  M	  2.2	  0.0	0.823	57.226	57.226
07	  L	  1.7	  0.0	0.823	84.032	84.032
08	  W	  2.5	  0.1	0.917	88.688	88.688
09	  S	  2.2	  0.1	2.821	89.769	89.769
10	  L	  2.5	  0.1	2.821	98.366	98.366
11	  L	  2.0	  0.1	2.821	99.793	99.793
12	  V	  7.2	  0.0	2.821	99.972	99.972
13	  F	  7.9	  0.0	2.821	99.961	99.961
14	  V	  9.3	  0.0	2.445	99.632	99.632
15	  L	  5.6	  0.0	2.445	95.245	95.245
16	  S	  4.4	  0.0	3.062	69.608	69.608
17	  M	  2.5	  0.0	2.854	66.389	66.389
18	  I	  4.7	  0.0	2.375	62.439	62.439
19	  N	  4.4	  0.0	3.859	17.017	17.017
20	  L	  3.9	  0.0	3.504	15.182	15.182
21	  G	  0.1	  0.0	3.150	4.617	4.617
22	  L	  0.2	  0.0	2.010	3.667	3.667
23	  A	  0.2	  0.0	1.633	1.474	1.474
24	  K	  0.1	  0.0	1.633	0.000	0.000
25	  N	  0.1	  0.0	1.633	0.000	0.000
26	  P	  0.0	  0.1	0.000	0.000	0.000
27	  V	  1.9	  0.1	0.000	0.000	0.000
28	  D	  2.6	  0.1	1.045	0.000	0.000
29	  F	  4.1	  0.1	1.045	0.288	0.288
30	  T	  4.3	  0.0	1.045	0.288	0.288
31	  T	  6.3	  0.0	1.045	0.288	0.288
32	  V	  5.6	  0.0	1.045	0.288	0.288
33	  C	  5.2	  0.0	1.045	0.288	0.288
34	  Q	  2.6	  0.0	0.924	0.000	0.000
35	  F	  1.8	  1.2	0.647	0.000	0.000
36	  P	  0.2	  1.4	0.000	0.000	0.000
37	  D	  0.1	  1.4	0.000	0.000	0.000
38	  N	  1.1	  1.6	0.000	0.000	0.000
39	  F	  3.3	  0.5	0.000	0.000	0.000
40	  S	  3.4	  0.3	0.000	0.000	0.000
41	  K	  2.4	  0.3	0.000	0.000	0.000
42	  K	  0.3	  1.4	0.000	0.000	0.000
43	  P	  0.0	  1.3	0.000	0.000	0.000
44	  G	  0.0	  1.3	0.000	0.000	0.000
45	  F	  0.6	  1.3	0.000	0.587	0.587
46	  L	  0.7	  0.0	0.000	0.587	0.587
47	  A	  0.8	  0.0	0.000	0.587	0.587
48	  T	  0.2	  0.0	0.000	0.587	0.587
49	  T	  0.1	  0.0	0.000	0.587	0.587
50	  A	  0.0	  0.0	0.000	0.000	0.000
51	  R	  0.0	  0.0	0.000	0.000	0.000
52	  L	  0.0	  0.0	-1.#IO	0.000	0.000
53	  G	  0.0	  0.0	-1.#IO	0.000	0.000
54	  L	  0.0	  0.0	-1.#IO	0.000	0.000
55	  W	  0.0	  0.0	-1.#IO	0.000	0.000
56	  I	  0.0	  0.0	-1.#IO	0.000	0.000
57	  T	  0.0	  0.0	-1.#IO	0.000	0.000
58	  G	  0.0	  0.0	-1.#IO	0.000	0.000
59	  N	  0.0	  0.0	-1.#IO	0.000	0.000
60	  S	  0.0	  0.0	-1.#IO	0.000	0.000
61	  Y	  0.0	  0.0	-1.#IO	0.000	0.000
62	  K	  0.0	  0.0	-1.#IO	0.000	0.000
63	  E	  0.0	  0.0	-1.#IO	0.000	0.000
64	  L	  0.0	  0.0	-1.#IO	0.000	0.000
65	  L	  0.0	  0.0	0.000	0.000	0.000
66	  N	  0.0	  0.0	0.000	0.000	0.000
67	  Y	  0.0	  0.7	0.000	0.000	0.000
68	  P	  0.0	  0.8	0.000	0.000	0.000
69	  G	  0.1	  0.8	0.000	0.143	0.143
70	  T	 18.7	  0.8	0.000	1.718	1.718
71	  F	 22.4	  0.1	0.000	2.700	2.700
72	  T	 24.5	  0.0	0.000	2.700	2.700
73	  L	  6.7	  0.0	0.000	2.700	2.700
74	  T	  4.3	  0.0	0.100	2.557	2.557
75	  T	  3.5	  0.1	0.100	1.575	1.575
76	  Q	  3.3	  0.1	0.100	0.000	0.000
77	  Q	  1.7	  0.1	0.100	0.000	0.000
78	  A	  0.3	  0.1	0.100	0.000	0.000
79	  S	  1.0	  0.1	0.100	0.000	0.000
80	  T	  3.6	  0.1	0.000	0.000	0.000
81	  T	  3.7	  0.1	0.000	0.000	0.000
82	  T	  3.0	  0.7	0.000	0.000	0.000
83	  P	  0.2	  0.7	0.000	0.000	0.000
84	  N	  0.6	  0.7	0.195	0.000	0.000
85	  I	  2.0	  0.7	0.195	0.000	0.000
86	  Q	  2.8	  0.0	0.195	0.000	0.000
87	  L	  2.4	  0.1	0.195	0.000	0.000
88	  R	  1.0	  0.2	0.195	0.000	0.000
89	  G	  0.3	  0.2	0.195	0.000	0.000
90	  T	  0.2	  0.3	0.000	0.000	0.000
91	  D	  0.4	  0.2	1.375	0.000	0.000
92	  L	  0.7	  0.1	1.375	52.330	52.330
93	  F	  2.1	  0.1	1.375	60.993	60.993
94	  T	  2.9	  0.0	1.375	62.251	62.251
95	  T	  5.1	  0.0	1.375	64.362	64.362
96	  I	  4.4	  0.0	1.375	67.502	67.502
97	  Y	  3.5	  0.2	1.375	65.284	65.284
98	  G	  1.1	  0.2	1.038	55.000	55.000
99	  L	  3.4	  0.2	0.131	54.074	54.074
100	  T	 11.8	  0.2	0.000	48.356	48.356
101	  V	 12.1	  0.0	0.000	44.720	44.720
102	  Y	  9.0	  0.1	0.428	1.036	1.036
103	  P	  0.3	  0.1	1.751	1.063	1.063
104	  L	  0.6	  0.1	1.751	66.262	66.262
105	  Y	  1.3	  0.1	1.751	66.262	66.262
106	  L	  2.1	  0.0	2.005	66.262	66.262
107	  L	  1.7	  0.0	2.005	66.262	66.262
108	  V	  5.4	  0.0	2.005	66.215	66.215
109	  E	  4.9	  0.0	2.005	0.000	0.000
110	  L	  4.7	  0.4	1.835	0.000	0.000
111	  Q	  0.4	  0.4	1.835	0.000	0.000
112	  G	  0.1	  0.4	0.790	0.000	0.000
113	  Y	  2.2	  0.4	0.163	0.000	0.000
114	  F	  2.4	  0.0	0.000	0.000	0.000
115	  V	  2.4	  0.0	0.000	0.000	0.000
116	  P	  0.2	  0.0	0.000	0.000	0.000
117	  T	  2.2	  0.3	0.000	0.000	0.000
118	  Q	  2.2	  0.4	0.000	0.000	0.000
119	  S	  2.2	  0.4	0.000	0.000	0.000
120	  G	  0.0	  0.4	0.069	0.307	0.307
121	  M	  0.3	  0.1	0.069	2.818	2.818
122	  Y	 10.7	  0.0	0.069	4.664	4.664
123	  T	 37.9	  0.0	0.069	4.858	4.858
124	  F	 39.7	  0.0	0.069	4.858	4.858
125	  S	 31.9	  0.1	0.069	4.678	4.678
126	  L	  4.2	  0.2	0.000	4.430	4.430
127	  T	  1.2	  0.6	0.000	1.725	1.725
128	  G	  0.2	  1.1	0.000	0.000	0.000
129	  S	  0.1	  2.4	0.000	0.000	0.000
130	  D	  0.0	  2.3	0.571	0.000	0.000
131	  D	  0.0	  1.9	1.303	0.000	0.000
132	  A	  0.2	  1.5	1.303	20.991	20.991
133	  A	  0.8	  0.1	1.303	75.383	75.383
134	  I	  3.0	  0.0	1.303	87.957	87.957
135	  I	  3.7	  0.0	1.303	87.957	87.957
136	  F	  3.4	  0.0	1.303	87.957	87.957
137	  I	  1.3	  0.0	0.567	86.401	86.401
138	  G	  0.4	  0.0	0.567	18.673	18.673
139	  N	  0.0	  3.0	0.305	0.000	0.000
140	  P	  0.0	  3.2	0.000	0.000	0.000
141	  S	  1.1	  3.2	0.000	0.000	0.000
142	  T	  1.9	  3.2	0.000	0.000	0.000
143	  F	  2.0	  0.3	0.000	0.000	0.000
144	  P	  0.9	  0.2	0.000	0.000	0.000
145	  C	  0.8	  0.2	0.000	0.000	0.000
146	  D	  0.9	  0.3	0.140	0.000	0.000
147	  A	  1.1	  0.2	0.140	0.000	0.000
148	  F	  0.8	  0.2	0.140	0.000	0.000
149	  K	  1.6	  0.1	0.140	0.000	0.000
150	  T	  2.1	  0.0	0.140	0.000	0.000
151	  W	  1.7	  0.2	0.140	0.000	0.000
152	  P	  0.7	  0.3	0.136	0.000	0.000
153	  Q	  0.2	  0.3	0.136	0.000	0.000
154	  A	  0.3	  0.3	0.136	0.000	0.000
155	  T	  0.5	  0.4	0.136	0.000	0.000
156	  A	  0.4	  0.4	0.136	0.000	0.000
157	  N	  0.3	  0.4	0.136	0.000	0.000
158	  D	  1.2	  0.4	0.000	0.000	0.000
159	  I	 18.2	  0.0	0.000	0.000	0.000
160	  T	 26.8	  0.0	0.000	0.000	0.000
161	  V	 26.8	  0.0	0.000	0.000	0.000
162	  T	 11.3	  0.1	0.000	0.000	0.000
163	  D	  1.7	  0.1	0.000	0.000	0.000
164	  S	  5.4	  0.1	0.000	0.000	0.000
165	  I	  5.3	  0.1	0.000	0.000	0.000
166	  N	  5.2	  3.8	0.000	0.000	0.000
167	  P	  0.3	  3.9	0.000	0.000	0.000
168	  S	  0.2	  3.9	0.000	0.000	0.000
169	  R	  0.5	  4.0	0.000	0.000	0.000
170	  T	  1.5	  0.1	0.238	1.881	1.881
171	  L	  2.0	  0.1	0.238	1.881	1.881
172	  Y	  2.9	  0.0	0.238	1.881	1.881
173	  M	  2.6	  0.0	0.238	1.881	1.881
174	  V	  2.3	  0.9	0.238	1.881	1.881
175	  K	  1.2	  0.9	0.238	0.000	0.000
176	  G	  0.7	  0.9	0.134	0.000	0.000
177	  V	  3.0	  0.9	0.000	0.000	0.000
178	  A	  3.0	  0.0	0.000	0.000	0.000
179	  Y	  2.8	  0.1	0.000	0.000	0.000
180	  P	  0.0	  0.1	0.227	0.000	0.000
181	  L	  3.9	  0.1	0.227	0.000	0.000
182	  R	  5.4	  0.1	0.227	0.000	0.000
183	  I	  7.0	  0.0	0.227	0.117	0.117
184	  A	  3.4	  0.0	0.227	0.117	0.117
185	  Y	  3.5	  0.2	0.227	0.117	0.117
186	  Y	  2.4	  7.1	0.131	0.117	0.117
187	  N	  2.1	  7.2	0.000	0.117	0.117
188	  G	  0.5	  7.2	0.000	0.000	0.000
189	  L	  0.0	  8.6	0.000	0.000	0.000
190	  G	  0.0	  2.9	0.000	0.000	0.000
191	  N	  0.0	  2.8	0.000	0.000	0.000
192	  G	  0.0	  2.8	0.000	0.000	0.000
193	  V	  3.3	  1.2	0.000	1.021	1.021
194	  L	  3.6	  0.0	0.000	1.021	1.021
195	  N	  3.6	  0.0	0.000	1.021	1.021
196	  A	  0.4	  0.0	0.000	1.021	1.021
197	  A	  0.4	  0.0	0.000	1.021	1.021
198	  F	  3.1	  0.0	0.000	0.899	0.899
199	  T	  3.0	  0.0	0.000	0.338	0.338
200	  D	  2.7	 15.4	0.000	0.000	0.000
201	  P	  0.0	 15.5	0.000	0.000	0.000
202	  S	  0.1	 15.7	0.000	0.000	0.000
203	  G	  0.1	 15.8	0.000	0.000	0.000
204	  T	  1.1	  0.4	0.000	0.000	0.000
205	  K	  1.5	  0.3	0.000	0.000	0.000
206	  R	  1.8	  0.2	0.000	0.000	0.000
207	  T	  1.1	  0.2	0.000	0.000	0.000
208	  D	  1.0	  3.0	0.000	0.000	0.000
209	  W	  0.7	  4.9	0.000	0.142	0.142
210	  N	  0.4	  4.7	0.000	0.142	0.142
211	  G	  0.1	  4.7	0.000	0.398	0.398
212	  Y	  0.5	  2.0	0.000	3.244	3.244
213	  I	  1.4	  0.0	0.000	3.244	3.244
214	  W	  4.6	  0.0	0.000	3.244	3.244
215	  Q	  5.7	  0.0	0.000	3.102	3.102
216	  Y	  5.8	  0.1	0.000	3.102	3.102
217	  D	  2.7	  0.1	0.000	0.000	0.000
218	  Q	  1.5	  0.1	0.000	0.000	0.000
219	  C	  0.7	  0.3	0.000	0.000	0.000
220	  S	  1.1	  0.3	0.169	0.000	0.000
221	  T	  5.6	  0.2	0.169	0.000	0.000
222	  C	  7.8	  0.2	0.169	0.000	0.000
223	  T	 30.6	  0.0	0.169	0.000	0.000
224	  Y	 25.8	  0.0	0.169	0.000	0.000
225	  K	 23.5	  0.0	0.169	0.000	0.000
226	  P	  0.0	  0.0	0.000	0.000	0.000
227	  P	  0.0	  0.2	0.000	0.000	0.000
228	  P	  0.0	  0.2	0.000	0.000	0.000
229	  T	 10.5	  0.2	0.000	0.810	0.810
230	  V	 12.1	  0.2	0.000	2.284	2.284
231	  T	 14.5	  0.0	0.000	2.284	2.284
232	  T	  4.4	  0.0	0.000	2.284	2.284
233	  S	  5.4	  0.0	0.000	2.453	2.453
234	  I	  5.2	  0.1	0.000	4.209	4.209
235	  T	  4.9	  0.3	0.000	3.722	3.722
236	  S	  2.4	  0.3	0.000	3.555	3.555
237	  G	  0.1	  0.3	0.000	3.869	3.869
238	  W	  0.9	  0.3	0.000	6.738	6.738
239	  V	  3.7	  0.0	0.000	7.032	7.032
240	  L	  3.9	  0.1	0.000	6.669	6.669
241	  S	  3.7	  0.1	0.000	3.647	3.647
242	  T	  2.5	  0.1	0.000	3.281	3.281
243	  T	  3.9	  0.1	0.000	1.847	1.847
244	  T	  3.3	  0.1	0.000	0.873	0.873
245	  T	  1.7	  0.3	0.000	0.287	0.287
246	  G	  0.1	  0.3	0.000	0.000	0.000
247	  T	  1.4	  0.3	0.000	0.000	0.000
248	  S	 33.5	  0.2	0.000	0.000	0.000
249	  Y	 33.8	  0.0	0.000	0.000	0.000
250	  S	 32.7	  0.1	0.000	0.000	0.000
251	  P	  0.3	  0.1	0.000	0.000	0.000
252	  F	  1.0	  0.2	0.000	0.000	0.000
253	  T	  1.0	  0.3	0.000	0.000	0.000
254	  G	  1.2	  0.4	0.000	0.000	0.000
255	  I	  0.9	  1.4	0.000	0.000	0.000
256	  D	  0.9	  1.2	0.000	0.000	0.000
257	  G	  0.7	  1.2	0.000	0.000	0.000
258	  V	  1.5	  1.0	0.000	0.000	0.000
259	  E	  1.6	  0.1	0.000	0.000	0.000
260	  S	  3.5	  0.3	0.143	0.000	0.000
261	  T	  2.8	  0.3	0.143	0.227	0.227
262	  S	  3.1	  0.3	0.143	1.119	1.119
263	  T	  3.3	  0.2	0.143	9.814	9.814
264	  I	  3.5	  0.1	0.143	23.279	23.279
265	  Y	  5.2	  0.0	0.143	23.279	23.279
266	  Q	  3.7	  0.0	0.000	23.279	23.279
267	  V	 17.7	  0.0	0.000	23.279	23.279
268	  V	 16.0	  0.0	0.000	22.691	22.691
269	  V	 15.4	  0.0	0.000	2.611	2.611
270	  P	  0.4	  0.0	0.000	1.159	1.159
271	  T	 15.0	  0.0	0.000	0.000	0.000
272	  I	 15.6	  0.0	0.000	0.000	0.000
273	  T	 15.6	  0.4	0.000	0.000	0.000
274	  P	  0.7	  0.4	0.000	0.000	0.000
275	  S	  4.7	  0.6	0.000	0.000	0.000
276	  L	  7.3	  0.6	0.000	0.000	0.000
277	  S	  7.3	  0.3	0.000	0.000	0.000
278	  I	  2.9	  0.2	0.000	0.000	0.000
279	  P	  0.0	  0.0	0.000	0.000	0.000
280	  P	  0.0	  0.0	0.000	0.216	0.216
281	  I	  2.9	  0.0	0.000	19.300	19.300
282	  T	  4.7	  0.0	0.000	20.812	20.812
283	  T	 14.7	  0.0	0.000	20.812	20.812
284	  V	 20.2	  0.0	0.000	20.812	20.812
285	  T	 21.2	  0.0	0.000	20.812	20.812
286	  I	 12.0	  0.0	0.000	19.297	19.297
287	  H	  3.3	  0.0	0.000	0.183	0.183
288	  N	  0.3	  0.2	0.000	0.000	0.000
289	  P	  0.0	  0.2	0.000	0.000	0.000
290	  E	  0.1	  0.2	0.000	0.000	0.000
291	  Y	  2.1	  0.2	0.000	0.000	0.000
292	  V	  2.6	  0.0	0.000	0.000	0.000
293	  E	  2.5	  0.2	0.000	0.000	0.000
294	  E	  0.6	  0.2	0.000	0.000	0.000
295	  D	  1.7	  0.2	0.152	0.000	0.000
296	  V	  5.8	  0.2	0.152	27.309	27.309
297	  I	  9.6	  0.0	0.152	28.093	28.093
298	  S	  9.0	  0.0	0.152	28.093	28.093
299	  F	  7.0	  0.0	0.152	28.224	28.224
300	  F	  3.8	  0.1	0.152	28.224	28.224
301	  S	  3.3	  0.1	0.000	4.918	4.918
302	  T	  1.6	  0.2	0.000	1.431	1.431
303	  T	  1.4	  0.3	0.000	0.619	0.619
304	  D	  0.8	 11.1	0.000	0.000	0.000
305	  S	  0.5	 11.7	0.000	0.000	0.000
306	  D	  0.0	 11.6	0.000	0.000	0.000
307	  G	  0.0	 11.5	0.000	0.000	0.000
308	  K	  0.0	  0.6	0.000	0.000	0.000
309	  P	  0.0	  0.0	0.000	0.000	0.000
310	  I	  2.6	  0.1	0.000	0.000	0.000
311	  T	  2.7	  1.2	0.000	0.000	0.000
312	  G	  2.8	  1.3	0.000	0.000	0.000
313	  S	  0.9	  1.3	0.000	0.000	0.000
314	  T	  1.7	  1.2	0.000	0.000	0.000
315	  T	  6.9	  0.1	0.000	0.000	0.000
316	  I	  7.2	  0.0	0.000	0.000	0.000
317	  N	  6.3	  0.2	0.000	0.000	0.000
318	  A	  1.2	  0.2	0.000	0.000	0.000
319	  T	  0.4	  0.3	0.000	0.000	0.000
320	  R	  0.4	  0.8	0.000	0.000	0.000
321	  E	  0.3	  0.5	0.000	0.000	0.000
322	  D	  0.2	  0.5	0.000	0.000	0.000
323	  I	  0.5	  0.5	0.000	0.000	0.000
324	  L	  0.5	  0.0	0.000	0.000	0.000
325	  P	  0.3	  0.0	0.000	0.000	0.000
326	  D	  0.0	  0.0	0.000	0.000	0.000
327	  P	  0.0	  0.2	0.000	0.000	0.000
328	  P	  0.0	  0.2	0.000	0.000	0.000
329	  H	  0.7	  0.3	0.000	0.000	0.000
330	  T	  2.2	  0.3	0.000	0.000	0.000
331	  S	  3.0	  0.1	0.000	0.000	0.000
332	  F	  2.3	  0.2	0.000	0.000	0.000
333	  G	  0.7	  0.1	0.000	0.000	0.000
334	  P	  0.0	  0.1	0.000	0.000	0.000
335	  A	  0.0	  0.1	0.000	0.000	0.000
336	  P	  0.0	  0.0	0.000	0.000	0.000
337	  P	  0.0	  0.0	0.000	0.000	0.000
338	  P	  0.0	  0.0	0.000	0.000	0.000
339	  V	  4.3	  0.0	0.000	0.000	0.000
340	  T	  6.9	  0.0	0.000	0.000	0.000
341	  H	  9.1	  0.0	0.000	0.000	0.000
342	  T	  9.2	  0.1	0.000	0.000	0.000
343	  V	  8.5	  0.1	0.000	0.000	0.000
344	  D	  6.2	  0.2	0.000	0.000	0.000
345	  L	  2.1	  1.9	0.000	0.000	0.000
346	  G	  0.0	  3.0	0.000	0.000	0.000
347	  N	  0.0	  3.0	0.000	0.000	0.000
348	  G	  0.1	  2.9	0.000	0.000	0.000
349	  V	  1.4	  1.3	0.000	0.000	0.000
350	  T	  1.8	  0.1	0.087	0.000	0.000
351	  D	  2.9	  0.1	0.087	0.000	0.000
352	  Y	  8.7	  0.1	0.087	0.000	0.000
353	  E	  8.8	  0.0	0.087	0.000	0.000
354	  V	 10.0	  0.0	0.087	59.245	59.245
355	  V	 10.5	  0.0	0.087	61.782	61.782
356	  T	 14.5	  0.0	0.087	61.952	61.952
357	  Y	 12.9	  0.0	0.087	62.024	62.024
358	  W	  6.2	  0.0	0.000	62.024	62.024
359	  T	  3.0	  0.0	0.000	33.269	33.269
360	  T	  2.7	  0.1	0.000	14.506	14.506
361	  T	  2.0	  0.1	0.000	3.046	3.046
362	  N	  0.6	  0.3	0.000	0.105	0.105
363	  E	  0.2	  0.3	0.000	0.000	0.000
364	  F	  0.2	  3.1	0.000	0.678	0.678
365	  G	  0.1	  3.1	0.000	0.678	0.678
366	  G	  0.2	  2.9	0.000	0.933	0.933
367	  I	  4.2	  2.9	0.000	2.487	2.487
368	  I	  7.5	  0.0	0.000	2.487	2.487
369	  T	  9.8	  0.0	0.000	2.142	2.142
370	  T	  6.7	  0.1	0.000	1.934	1.934
371	  S	  3.6	  0.1	0.000	1.554	1.554
372	  S	  1.4	  0.1	0.000	1.319	1.319
373	  T	  6.7	  0.1	0.000	1.319	1.319
374	  V	 12.7	  0.1	0.000	1.319	1.319
375	  T	 51.7	  0.0	0.000	0.998	0.998
376	  Y	 45.8	  0.0	0.000	0.805	0.805
377	  S	 40.7	  0.0	0.000	0.000	0.000
378	  P	  0.0	  0.0	0.000	0.000	0.000
379	  P	  0.0	  0.0	0.000	0.000	0.000
380	  P	  0.0	  0.0	0.000	0.000	0.000
381	  V	 17.9	  0.0	0.000	5.237	5.237
382	  T	 26.8	  0.0	0.000	5.368	5.368
383	  V	 29.0	  0.0	0.000	5.500	5.500
384	  T	 13.4	  0.0	0.000	5.500	5.500
385	  A	  3.4	  0.0	0.000	5.500	5.500
386	  T	  2.3	  0.0	0.000	2.821	2.821
387	  T	  1.5	  0.0	0.000	1.093	1.093
388	  A	  1.4	  1.1	0.000	0.000	0.000
389	  P	  0.1	  1.1	0.000	0.000	0.000
390	  D	  0.4	  1.1	0.000	0.000	0.000
391	  Y	  2.4	  1.1	0.000	0.000	0.000
392	  V	  3.8	  0.1	0.000	0.000	0.000
393	  E	  3.4	  0.2	0.000	0.000	0.000
394	  S	  1.5	  0.2	0.000	0.000	0.000
395	  D	  0.3	  0.2	0.103	0.000	0.000
396	  W	  0.8	  0.2	0.103	64.046	64.046
397	  I	  4.2	  0.0	0.103	78.427	78.427
398	  S	  4.8	  0.0	0.103	80.229	80.229
399	  F	  5.1	  0.0	0.103	92.267	92.267
400	  F	  2.3	  0.0	0.103	92.267	92.267
401	  I	 18.3	  0.0	0.000	90.156	90.156
402	  T	 21.3	  0.0	0.114	60.245	60.245
403	  V	 20.8	  0.0	0.114	52.354	52.354
404	  D	  4.4	  0.5	0.114	0.000	0.000
405	  E	  0.1	  0.7	0.114	0.000	0.000
406	  K	  0.0	  1.1	0.114	0.000	0.000
407	  G	  0.0	  1.1	0.114	0.000	0.000
408	  D	  1.1	  0.7	0.196	0.000	0.000
409	  I	  5.3	  0.5	0.196	0.000	0.000
410	  V	  5.9	  0.1	0.196	0.000	0.000
411	  T	  4.9	  1.2	0.196	0.000	0.000
412	  G	  0.8	  1.2	0.196	0.000	0.000
413	  S	  0.8	  1.3	0.196	0.000	0.000
414	  T	  1.7	  1.2	0.000	0.000	0.000
415	  T	  6.9	  0.1	0.000	0.000	0.000
416	  I	  7.2	  0.0	0.000	0.000	0.000
417	  N	  6.3	  0.2	0.118	0.000	0.000
418	  A	  1.2	  0.2	0.118	0.000	0.000
419	  T	  0.4	  0.3	0.118	0.000	0.000
420	  R	  0.5	  0.3	0.118	0.000	0.000
421	  E	  0.4	  0.1	0.118	0.000	0.000
422	  Y	  1.3	  0.2	0.118	0.000	0.000
423	  I	  1.8	  0.7	0.000	0.000	0.000
424	  D	  1.8	  0.8	0.000	0.000	0.000
425	  G	  0.8	  0.8	0.000	0.000	0.000
426	  E	  0.1	  0.6	0.000	0.000	0.000
427	  A	  0.1	  0.3	0.000	0.000	0.000
428	  P	  0.0	  0.2	0.000	0.000	0.000
429	  H	  0.7	  0.3	0.000	0.000	0.000
430	  T	  2.2	  0.3	0.000	0.000	0.000
431	  S	  3.0	  0.1	0.000	0.000	0.000
432	  F	  2.3	  0.2	0.000	0.000	0.000
433	  G	  0.7	  0.1	0.000	0.000	0.000
434	  P	  0.0	  0.1	0.000	0.000	0.000
435	  A	  0.0	  0.1	0.000	0.000	0.000
436	  P	  0.0	  0.0	0.000	0.000	0.000
437	  P	  0.0	  0.0	0.000	0.000	0.000
438	  V	  0.6	  0.0	0.000	0.000	0.000
439	  E	  1.0	  0.0	0.000	0.000	0.000
440	  T	  2.5	  0.1	0.000	0.000	0.000
441	  K	  2.6	  0.1	0.000	0.000	0.000
442	  T	  6.7	  0.1	0.000	0.000	0.000
443	  V	  7.5	  0.2	0.000	0.000	0.000
444	  D	  6.7	  0.2	0.000	0.000	0.000
445	  L	  2.3	  0.8	0.000	0.000	0.000
446	  G	  0.0	  0.8	0.000	0.000	0.000
447	  N	  0.1	  0.7	0.641	0.000	0.000
448	  E	  5.2	  0.6	0.641	0.000	0.000
449	  V	  5.9	  0.0	0.641	0.000	0.000
450	  T	  6.0	  0.0	0.857	0.000	0.000
451	  E	  1.0	  0.0	0.857	0.000	0.000
452	  Y	  1.2	  0.0	0.857	79.142	79.142
453	  L	  3.1	  0.0	0.412	89.841	89.841
454	  V	  7.1	  0.0	0.412	94.027	94.027
455	  I	 10.0	  0.0	0.412	94.206	94.206
456	  S	  8.7	  0.0	0.412	94.206	94.206
457	  Y	  5.5	  0.0	0.202	93.687	93.687
458	  W	  2.4	  0.0	0.000	91.272	91.272
459	  T	  3.2	  0.0	0.000	47.074	47.074
460	  T	  3.0	  0.1	0.000	20.354	20.354
461	  T	  2.2	  0.1	0.000	4.264	4.264
462	  N	  0.6	  0.3	0.000	0.164	0.164
463	  E	  0.2	  0.3	0.000	0.000	0.000
464	  F	  0.2	  2.0	0.000	0.528	0.528
465	  G	  0.1	  2.0	0.000	0.528	0.528
466	  G	  0.1	  1.8	0.142	0.528	0.528
467	  L	  0.4	  1.8	0.142	0.528	0.528
468	  I	  3.9	  0.0	0.142	0.528	0.528
469	  T	  6.6	  0.0	0.142	0.354	0.354
470	  T	  7.4	  0.1	0.142	0.354	0.354
471	  S	  4.2	  0.1	0.142	0.000	0.000
472	  K	  2.2	  0.1	0.000	0.000	0.000
473	  V	  1.4	  0.1	0.000	0.000	0.000
474	  D	  2.4	  0.1	0.000	0.000	0.000
475	  T	 45.5	  0.1	0.000	0.000	0.000
476	  Y	 45.1	  0.0	0.000	0.000	0.000
477	  S	 44.1	  0.0	0.000	0.000	0.000
478	  P	  0.0	  0.0	0.000	0.000	0.000
479	  P	  0.0	  0.0	0.000	0.000	0.000
480	  P	  0.0	  0.0	0.000	0.000	0.000
481	  V	 17.9	  0.0	0.000	5.237	5.237
482	  T	 26.8	  0.0	0.000	5.368	5.368
483	  V	 29.0	  0.0	0.000	5.500	5.500
484	  T	 13.4	  0.0	0.000	5.500	5.500
485	  A	  3.4	  0.0	0.000	5.500	5.500
486	  T	  2.3	  0.0	0.000	2.821	2.821
487	  T	  1.5	  0.0	0.000	1.093	1.093
488	  A	  1.4	  1.1	0.000	0.000	0.000
489	  P	  0.1	  1.1	0.000	0.000	0.000
490	  D	  0.4	  1.1	0.000	0.000	0.000
491	  Y	  2.4	  1.1	0.000	0.000	0.000
492	  V	  3.8	  0.1	0.000	0.000	0.000
493	  E	  3.4	  0.2	0.000	0.000	0.000
494	  S	  1.5	  0.2	0.000	0.000	0.000
495	  D	  0.3	  0.2	0.103	0.000	0.000
496	  W	  0.8	  0.2	0.103	64.046	64.046
497	  I	  4.2	  0.0	0.103	78.427	78.427
498	  S	  4.8	  0.0	0.103	80.229	80.229
499	  F	  5.1	  0.0	0.103	92.267	92.267
500	  F	  2.3	  0.0	0.103	92.267	92.267
501	  I	 18.3	  0.0	0.000	90.156	90.156
502	  T	 21.3	  0.0	0.114	60.245	60.245
503	  V	 20.8	  0.0	0.114	52.354	52.354
504	  D	  4.4	  0.5	0.114	0.000	0.000
505	  E	  0.1	  0.7	0.114	0.000	0.000
506	  K	  0.0	  1.1	0.114	0.000	0.000
507	  G	  0.0	  1.1	0.114	0.000	0.000
508	  D	  1.1	  0.7	0.196	0.000	0.000
509	  I	  5.3	  0.5	0.196	0.000	0.000
510	  V	  5.9	  0.1	0.196	0.000	0.000
511	  T	  4.9	  1.2	0.196	0.000	0.000
512	  G	  0.8	  1.2	0.196	0.000	0.000
513	  S	  0.8	  1.3	0.196	0.000	0.000
514	  T	  1.7	  1.2	0.000	0.000	0.000
515	  T	  6.9	  0.1	0.000	0.000	0.000
516	  I	  7.2	  0.0	0.000	0.000	0.000
517	  N	  6.3	  0.2	0.118	0.000	0.000
518	  A	  1.2	  0.2	0.118	0.000	0.000
519	  T	  0.4	  0.3	0.118	0.000	0.000
520	  R	  0.5	  0.3	0.118	0.000	0.000
521	  E	  0.4	  0.1	0.118	0.000	0.000
522	  Y	  1.3	  0.2	0.118	0.000	0.000
523	  I	  1.8	  0.7	0.000	0.000	0.000
524	  D	  1.8	  0.8	0.000	0.000	0.000
525	  G	  0.8	  0.8	0.000	0.000	0.000
526	  E	  0.1	  0.6	0.000	0.000	0.000
527	  A	  0.1	  0.3	0.000	0.000	0.000
528	  P	  0.0	  0.2	0.000	0.000	0.000
529	  H	  0.7	  0.3	0.000	0.000	0.000
530	  T	  2.2	  0.3	0.000	0.000	0.000
531	  S	  3.0	  0.1	0.000	0.000	0.000
532	  F	  2.3	  0.2	0.000	0.000	0.000
533	  G	  0.7	  0.1	0.000	0.000	0.000
534	  P	  0.0	  0.1	0.000	0.000	0.000
535	  A	  0.0	  0.1	0.000	0.000	0.000
536	  P	  0.0	  0.0	0.000	0.000	0.000
537	  P	  0.0	  0.0	0.000	0.000	0.000
538	  V	  0.6	  0.0	0.000	0.000	0.000
539	  E	  1.0	  0.0	0.000	0.000	0.000
540	  T	  2.5	  0.1	0.000	0.000	0.000
541	  K	  2.6	  0.1	0.000	0.000	0.000
542	  T	  6.7	  0.1	0.000	0.000	0.000
543	  V	  7.5	  0.2	0.000	0.000	0.000
544	  D	  6.7	  0.2	0.000	0.000	0.000
545	  L	  2.3	  0.8	0.000	0.000	0.000
546	  G	  0.0	  0.8	0.000	0.000	0.000
547	  N	  0.1	  0.7	0.641	0.000	0.000
548	  E	  5.2	  0.6	0.641	0.000	0.000
549	  V	  5.9	  0.0	0.641	0.000	0.000
550	  T	  6.0	  0.0	0.857	0.000	0.000
551	  E	  1.0	  0.0	0.857	0.000	0.000
552	  Y	  1.2	  0.0	0.857	79.142	79.142
553	  L	  3.1	  0.0	0.412	89.841	89.841
554	  V	  7.1	  0.0	0.412	94.027	94.027
555	  I	 10.0	  0.0	0.412	94.206	94.206
556	  S	  8.7	  0.0	0.412	94.206	94.206
557	  Y	  5.5	  0.0	0.202	93.687	93.687
558	  W	  2.4	  0.0	0.000	91.272	91.272
559	  T	  3.2	  0.0	0.000	47.074	47.074
560	  T	  3.0	  0.1	0.000	20.354	20.354
561	  T	  2.2	  0.1	0.000	4.264	4.264
562	  N	  0.6	  0.3	0.000	0.164	0.164
563	  E	  0.2	  0.3	0.000	0.000	0.000
564	  F	  0.2	  2.0	0.000	0.528	0.528
565	  G	  0.1	  2.0	0.000	0.528	0.528
566	  G	  0.1	  1.8	0.142	0.528	0.528
567	  L	  0.4	  1.8	0.142	0.528	0.528
568	  I	  3.9	  0.0	0.142	0.528	0.528
569	  T	  6.6	  0.0	0.142	0.354	0.354
570	  T	  7.4	  0.1	0.142	0.354	0.354
571	  S	  4.2	  0.1	0.142	0.000	0.000
572	  K	  2.2	  0.1	0.000	0.000	0.000
573	  V	  1.4	  0.1	0.000	0.000	0.000
574	  D	  2.4	  0.1	0.000	0.000	0.000
575	  T	 45.5	  0.1	0.000	0.000	0.000
576	  Y	 45.1	  0.0	0.000	0.000	0.000
577	  S	 44.1	  0.0	0.000	0.000	0.000
578	  P	  0.0	  0.0	0.000	0.000	0.000
579	  P	  0.0	  0.0	0.000	0.000	0.000
580	  P	  0.0	  0.0	0.000	0.000	0.000
581	  V	 17.9	  0.0	0.000	5.237	5.237
582	  T	 26.8	  0.0	0.000	5.368	5.368
583	  V	 29.0	  0.0	0.000	5.500	5.500
584	  T	 13.4	  0.0	0.000	5.500	5.500
585	  A	  3.4	  0.0	0.000	5.500	5.500
586	  T	  2.3	  0.0	0.000	2.821	2.821
587	  T	  1.5	  0.0	0.000	1.093	1.093
588	  A	  1.4	  1.1	0.000	0.000	0.000
589	  P	  0.1	  1.1	0.000	0.000	0.000
590	  D	  0.4	  1.1	0.000	0.000	0.000
591	  Y	  2.4	  1.1	0.000	0.000	0.000
592	  V	  3.8	  0.1	0.000	0.000	0.000
593	  E	  3.4	  0.2	0.000	0.000	0.000
594	  S	  1.5	  0.2	0.000	0.000	0.000
595	  D	  0.3	  0.2	0.103	0.000	0.000
596	  W	  0.8	  0.2	0.103	64.046	64.046
597	  I	  4.2	  0.0	0.103	78.427	78.427
598	  S	  4.8	  0.0	0.103	80.229	80.229
599	  F	  5.1	  0.0	0.103	92.267	92.267
600	  F	  2.3	  0.0	0.103	92.267	92.267
601	  I	 18.3	  0.0	0.000	90.156	90.156
602	  T	 21.3	  0.0	0.114	60.245	60.245
603	  V	 20.8	  0.0	0.114	52.354	52.354
604	  D	  4.4	  0.5	0.114	0.000	0.000
605	  E	  0.1	  0.7	0.114	0.000	0.000
606	  K	  0.0	  1.1	0.114	0.000	0.000
607	  G	  0.0	  1.1	0.114	0.000	0.000
608	  D	  1.1	  0.7	0.196	0.000	0.000
609	  I	  5.3	  0.5	0.196	0.000	0.000
610	  V	  5.9	  0.1	0.196	0.000	0.000
611	  T	  4.9	  1.2	0.196	0.000	0.000
612	  G	  0.8	  1.2	0.196	0.000	0.000
613	  S	  0.8	  1.3	0.196	0.000	0.000
614	  T	  1.7	  1.2	0.000	0.000	0.000
615	  T	  6.9	  0.1	0.000	0.000	0.000
616	  I	  7.2	  0.0	0.000	0.000	0.000
617	  N	  6.3	  0.2	0.118	0.000	0.000
618	  A	  1.2	  0.2	0.118	0.000	0.000
619	  T	  0.4	  0.3	0.118	0.000	0.000
620	  R	  0.5	  0.3	0.118	0.000	0.000
621	  E	  0.4	  0.1	0.118	0.000	0.000
622	  Y	  1.3	  0.2	0.118	0.000	0.000
623	  I	  1.8	  0.7	0.000	0.000	0.000
624	  D	  1.8	  0.8	0.000	0.000	0.000
625	  G	  0.8	  0.8	0.000	0.000	0.000
626	  E	  0.1	  0.6	0.000	0.000	0.000
627	  A	  0.1	  0.3	0.000	0.000	0.000
628	  P	  0.0	  0.2	0.000	0.000	0.000
629	  H	  0.7	  0.3	0.000	0.000	0.000
630	  T	  2.2	  0.3	0.000	0.000	0.000
631	  S	  3.0	  0.1	0.000	0.000	0.000
632	  F	  2.3	  0.2	0.000	0.000	0.000
633	  G	  0.7	  0.1	0.000	0.000	0.000
634	  P	  0.0	  0.1	0.000	0.000	0.000
635	  A	  0.0	  0.1	0.000	0.000	0.000
636	  P	  0.0	  0.0	0.000	0.000	0.000
637	  P	  0.0	  0.0	0.000	0.000	0.000
638	  V	  0.6	  0.0	0.000	0.000	0.000
639	  E	  1.0	  0.0	0.000	0.000	0.000
640	  T	  2.5	  0.1	0.000	0.000	0.000
641	  K	  2.6	  0.1	0.000	0.000	0.000
642	  T	  6.7	  0.1	0.000	0.000	0.000
643	  V	  7.5	  0.2	0.000	0.000	0.000
644	  D	  6.7	  0.2	0.000	0.000	0.000
645	  L	  2.3	  0.8	0.000	0.000	0.000
646	  G	  0.0	  0.8	0.000	0.000	0.000
647	  N	  0.1	  0.7	0.641	0.000	0.000
648	  E	  5.2	  0.6	0.641	0.000	0.000
649	  V	  5.9	  0.0	0.641	0.000	0.000
650	  T	  6.0	  0.0	0.857	0.000	0.000
651	  E	  1.0	  0.0	0.857	0.000	0.000
652	  Y	  1.2	  0.0	0.857	79.142	79.142
653	  L	  3.1	  0.0	0.412	89.841	89.841
654	  V	  7.1	  0.0	0.412	94.027	94.027
655	  I	 10.0	  0.0	0.412	94.206	94.206
656	  S	  8.7	  0.0	0.412	94.206	94.206
657	  Y	  5.5	  0.0	0.202	93.687	93.687
658	  W	  2.4	  0.0	0.000	91.272	91.272
659	  T	  3.2	  0.0	0.000	47.074	47.074
660	  T	  3.0	  0.1	0.000	20.354	20.354
661	  T	  2.2	  0.1	0.000	4.264	4.264
662	  N	  0.6	  0.3	0.000	0.164	0.164
663	  E	  0.2	  0.3	0.000	0.000	0.000
664	  F	  0.2	  2.0	0.000	0.528	0.528
665	  G	  0.1	  2.0	0.000	0.528	0.528
666	  G	  0.1	  1.8	0.142	0.528	0.528
667	  L	  0.4	  1.8	0.142	0.528	0.528
668	  I	  3.9	  0.0	0.142	0.528	0.528
669	  T	  6.6	  0.0	0.142	0.354	0.354
670	  T	  7.4	  0.1	0.142	0.354	0.354
671	  S	  4.2	  0.1	0.142	0.000	0.000
672	  K	  2.2	  0.1	0.000	0.000	0.000
673	  V	  1.4	  0.1	0.000	0.000	0.000
674	  D	  2.4	  0.1	0.000	0.000	0.000
675	  T	 45.5	  0.1	0.000	0.000	0.000
676	  Y	 45.1	  0.0	0.000	0.000	0.000
677	  S	 44.1	  0.0	0.000	0.000	0.000
678	  P	  0.0	  0.0	0.000	0.000	0.000
679	  P	  0.0	  0.0	0.000	0.000	0.000
680	  P	  0.0	  0.0	0.000	0.000	0.000
681	  V	 17.9	  0.0	0.000	5.237	5.237
682	  T	 26.8	  0.0	0.000	5.368	5.368
683	  V	 29.0	  0.0	0.000	5.500	5.500
684	  T	 13.4	  0.0	0.000	5.500	5.500
685	  A	  3.4	  0.0	0.000	5.500	5.500
686	  T	  2.3	  0.0	0.000	2.821	2.821
687	  T	  1.5	  0.0	0.000	1.093	1.093
688	  A	  1.4	  1.1	0.000	0.000	0.000
689	  P	  0.1	  1.1	0.000	0.000	0.000
690	  D	  0.4	  1.1	0.000	0.000	0.000
691	  Y	  2.4	  1.1	0.000	0.000	0.000
692	  V	  3.8	  0.1	0.000	0.000	0.000
693	  E	  3.4	  0.2	0.000	0.000	0.000
694	  S	  1.5	  0.2	0.000	0.000	0.000
695	  D	  0.3	  0.2	0.103	0.000	0.000
696	  W	  0.8	  0.2	0.103	64.046	64.046
697	  I	  4.2	  0.0	0.103	78.427	78.427
698	  S	  4.8	  0.0	0.103	80.229	80.229
699	  F	  5.1	  0.0	0.103	92.267	92.267
700	  F	  2.3	  0.0	0.103	92.267	92.267
701	  I	 18.3	  0.0	0.000	90.156	90.156
702	  T	 21.3	  0.0	0.114	60.245	60.245
703	  V	 20.8	  0.0	0.114	52.354	52.354
704	  D	  4.4	  0.5	0.114	0.000	0.000
705	  E	  0.1	  0.7	0.114	0.000	0.000
706	  K	  0.0	  1.1	0.114	0.000	0.000
707	  G	  0.0	  1.1	0.114	0.000	0.000
708	  D	  1.1	  0.7	0.196	0.000	0.000
709	  I	  5.3	  0.5	0.196	0.000	0.000
710	  V	  5.9	  0.1	0.196	0.000	0.000
711	  T	  4.9	  1.2	0.196	0.000	0.000
712	  G	  0.8	  1.2	0.196	0.000	0.000
713	  S	  0.8	  1.3	0.196	0.000	0.000
714	  T	  1.7	  1.2	0.000	0.000	0.000
715	  T	  6.9	  0.1	0.000	0.000	0.000
716	  I	  7.2	  0.0	0.000	0.000	0.000
717	  N	  6.3	  0.2	0.118	0.000	0.000
718	  A	  1.2	  0.2	0.118	0.000	0.000
719	  T	  0.4	  0.3	0.118	0.000	0.000
720	  R	  0.5	  0.3	0.118	0.000	0.000
721	  E	  0.4	  0.1	0.118	0.000	0.000
722	  Y	  1.3	  0.2	0.118	0.000	0.000
723	  I	  1.8	  0.7	0.000	0.000	0.000
724	  D	  1.8	  0.8	0.000	0.000	0.000
725	  G	  0.8	  0.8	0.000	0.000	0.000
726	  E	  0.1	  0.6	0.000	0.000	0.000
727	  A	  0.1	  0.3	0.000	0.000	0.000
728	  P	  0.0	  0.2	0.000	0.000	0.000
729	  H	  0.7	  0.3	0.000	0.000	0.000
730	  T	  2.2	  0.3	0.000	0.000	0.000
731	  S	  3.0	  0.1	0.000	0.000	0.000
732	  F	  2.3	  0.2	0.000	0.000	0.000
733	  G	  0.7	  0.1	0.000	0.000	0.000
734	  P	  0.0	  0.1	0.000	0.000	0.000
735	  A	  0.0	  0.1	0.000	0.000	0.000
736	  P	  0.0	  0.0	0.000	0.000	0.000
737	  P	  0.0	  0.0	0.000	0.000	0.000
738	  V	  0.6	  0.0	0.000	0.000	0.000
739	  E	  1.0	  0.0	0.000	0.000	0.000
740	  T	  2.5	  0.1	0.000	0.000	0.000
741	  K	  2.6	  0.1	0.000	0.000	0.000
742	  T	  6.7	  0.1	0.000	0.000	0.000
743	  V	  7.5	  0.2	0.000	0.000	0.000
744	  D	  6.7	  0.2	0.000	0.000	0.000
745	  L	  2.3	  0.8	0.000	0.000	0.000
746	  G	  0.0	  0.8	0.000	0.000	0.000
747	  N	  0.1	  0.7	0.641	0.000	0.000
748	  E	  5.2	  0.6	0.641	0.000	0.000
749	  V	  5.9	  0.0	0.641	0.000	0.000
750	  T	  6.0	  0.0	0.857	0.000	0.000
751	  E	  1.0	  0.0	0.857	0.000	0.000
752	  Y	  1.2	  0.0	0.857	79.142	79.142
753	  L	  3.1	  0.0	0.412	89.841	89.841
754	  V	  7.1	  0.0	0.412	94.027	94.027
755	  I	 10.0	  0.0	0.412	94.206	94.206
756	  S	  8.7	  0.0	0.412	94.206	94.206
757	  Y	  5.5	  0.0	0.202	93.687	93.687
758	  W	  2.4	  0.0	0.000	91.272	91.272
759	  T	  3.2	  0.0	0.000	47.074	47.074
760	  T	  3.0	  0.1	0.000	20.354	20.354
761	  T	  2.2	  0.1	0.000	4.264	4.264
762	  N	  0.6	  0.3	0.000	0.164	0.164
763	  E	  0.2	  0.3	0.000	0.000	0.000
764	  F	  0.2	  2.0	0.000	0.528	0.528
765	  G	  0.1	  2.0	0.000	0.528	0.528
766	  G	  0.1	  1.8	0.142	0.528	0.528
767	  L	  0.4	  1.8	0.142	0.528	0.528
768	  I	  3.9	  0.0	0.142	0.528	0.528
769	  T	  6.6	  0.0	0.142	0.354	0.354
770	  T	  7.4	  0.1	0.142	0.354	0.354
771	  S	  4.2	  0.1	0.142	0.000	0.000
772	  K	  2.2	  0.1	0.000	0.000	0.000
773	  V	  1.4	  0.1	0.000	0.000	0.000
774	  D	  2.4	  0.1	0.000	0.000	0.000
775	  T	 45.5	  0.1	0.000	0.000	0.000
776	  Y	 45.1	  0.0	0.000	0.000	0.000
777	  S	 44.1	  0.0	0.000	0.000	0.000
778	  P	  0.0	  0.0	0.000	0.000	0.000
779	  P	  0.0	  0.0	0.000	0.000	0.000
780	  P	  0.0	  0.0	0.000	0.000	0.000
781	  V	 17.9	  0.0	0.000	5.237	5.237
782	  T	 26.8	  0.0	0.000	5.368	5.368
783	  V	 29.0	  0.0	0.000	5.500	5.500
784	  T	 13.4	  0.0	0.000	5.500	5.500
785	  A	  3.4	  0.0	0.000	5.500	5.500
786	  T	  2.3	  0.0	0.000	2.821	2.821
787	  T	  1.5	  0.0	0.000	1.093	1.093
788	  A	  1.4	  1.1	0.000	0.000	0.000
789	  P	  0.1	  1.1	0.000	0.000	0.000
790	  D	  0.4	  1.1	0.000	0.000	0.000
791	  Y	  2.4	  1.1	0.000	0.000	0.000
792	  V	  3.8	  0.1	0.000	0.000	0.000
793	  E	  3.4	  0.2	0.000	0.000	0.000
794	  S	  1.5	  0.2	0.000	0.000	0.000
795	  D	  0.3	  0.2	0.103	0.000	0.000
796	  W	  0.8	  0.2	0.103	64.046	64.046
797	  I	  4.2	  0.0	0.103	78.427	78.427
798	  S	  4.8	  0.0	0.103	80.229	80.229
799	  F	  5.1	  0.0	0.103	92.267	92.267
800	  F	  2.3	  0.0	0.103	92.267	92.267
801	  I	 18.3	  0.0	0.000	90.156	90.156
802	  T	 21.3	  0.0	0.114	60.245	60.245
803	  V	 20.8	  0.0	0.114	52.354	52.354
804	  D	  4.4	  0.5	0.114	0.000	0.000
805	  E	  0.1	  0.7	0.114	0.000	0.000
806	  K	  0.0	  1.1	0.114	0.000	0.000
807	  G	  0.0	  1.1	0.114	0.000	0.000
808	  D	  1.1	  0.7	0.196	0.000	0.000
809	  I	  5.3	  0.5	0.196	0.000	0.000
810	  V	  5.9	  0.1	0.196	0.000	0.000
811	  T	  4.9	  1.2	0.196	0.000	0.000
812	  G	  0.8	  1.2	0.196	0.000	0.000
813	  S	  0.8	  1.3	0.196	0.000	0.000
814	  T	  1.7	  1.2	0.000	0.000	0.000
815	  T	  6.9	  0.1	0.000	0.000	0.000
816	  I	  7.2	  0.0	0.000	0.000	0.000
817	  N	  6.3	  0.2	0.118	0.000	0.000
818	  A	  1.2	  0.2	0.118	0.000	0.000
819	  T	  0.4	  0.3	0.118	0.000	0.000
820	  R	  0.5	  0.3	0.118	0.000	0.000
821	  E	  0.4	  0.1	0.118	0.000	0.000
822	  Y	  1.3	  0.2	0.118	0.000	0.000
823	  I	  1.8	  0.7	0.000	0.000	0.000
824	  D	  1.8	  0.8	0.000	0.000	0.000
825	  G	  0.8	  0.8	0.000	0.000	0.000
826	  E	  0.1	  0.6	0.000	0.000	0.000
827	  A	  0.1	  0.3	0.000	0.000	0.000
828	  P	  0.0	  0.2	0.000	0.000	0.000
829	  H	  0.7	  0.3	0.000	0.000	0.000
830	  T	  2.2	  0.3	0.000	0.000	0.000
831	  S	  3.0	  0.1	0.000	0.000	0.000
832	  F	  2.3	  0.2	0.000	0.000	0.000
833	  G	  0.7	  0.1	0.000	0.000	0.000
834	  P	  0.0	  0.1	0.000	0.000	0.000
835	  A	  0.0	  0.1	0.000	0.000	0.000
836	  P	  0.0	  0.0	0.000	0.000	0.000
837	  P	  0.0	  0.0	0.000	0.000	0.000
838	  P	  0.0	  0.0	0.000	0.000	0.000
839	  V	  4.3	  0.0	0.000	0.000	0.000
840	  T	  6.9	  0.0	0.000	0.000	0.000
841	  H	  9.1	  0.0	0.000	0.000	0.000
842	  T	  9.2	  0.1	0.000	0.000	0.000
843	  V	  8.5	  0.1	0.000	0.000	0.000
844	  D	  6.2	  0.2	0.000	0.000	0.000
845	  L	  2.1	  1.9	0.000	0.000	0.000
846	  G	  0.0	  3.0	0.000	0.000	0.000
847	  N	  0.0	  3.0	0.000	0.000	0.000
848	  G	  0.1	  2.9	0.000	0.000	0.000
849	  V	  1.4	  1.3	0.000	0.000	0.000
850	  T	  1.8	  0.1	0.087	0.000	0.000
851	  D	  2.9	  0.1	0.087	0.000	0.000
852	  Y	  8.7	  0.1	0.087	0.000	0.000
853	  E	  8.8	  0.0	0.087	0.000	0.000
854	  V	 10.0	  0.0	0.087	59.245	59.245
855	  V	 10.5	  0.0	0.087	61.782	61.782
856	  T	 14.5	  0.0	0.087	61.952	61.952
857	  Y	 12.9	  0.0	0.087	62.024	62.024
858	  W	  6.2	  0.0	0.000	62.024	62.024
859	  T	  3.0	  0.0	0.000	33.269	33.269
860	  T	  2.7	  0.1	0.000	14.506	14.506
861	  T	  2.0	  0.1	0.000	3.046	3.046
862	  N	  0.6	  0.3	0.000	0.105	0.105
863	  E	  0.2	  0.3	0.000	0.000	0.000
864	  F	  0.2	  3.1	0.000	0.678	0.678
865	  G	  0.1	  3.1	0.000	0.678	0.678
866	  G	  0.2	  2.9	0.000	0.933	0.933
867	  I	  4.2	  2.9	0.000	2.487	2.487
868	  I	  7.5	  0.0	0.000	2.487	2.487
869	  T	  9.8	  0.0	0.000	2.142	2.142
870	  T	  6.7	  0.1	0.000	1.934	1.934
871	  S	  3.6	  0.1	0.000	1.554	1.554
872	  S	  1.4	  0.1	0.000	1.319	1.319
873	  T	  6.7	  0.1	0.000	1.319	1.319
874	  V	 12.7	  0.1	0.000	1.319	1.319
875	  T	 51.7	  0.0	0.000	0.998	0.998
876	  Y	 45.8	  0.0	0.000	0.805	0.805
877	  S	 40.7	  0.0	0.000	0.000	0.000
878	  P	  0.0	  0.0	0.000	0.000	0.000
879	  P	  0.0	  0.0	0.000	0.000	0.000
880	  P	  0.0	  0.0	0.000	0.000	0.000
881	  V	 17.9	  0.0	0.000	5.237	5.237
882	  T	 26.8	  0.0	0.000	5.368	5.368
883	  V	 29.0	  0.0	0.000	5.500	5.500
884	  T	 13.4	  0.0	0.000	5.500	5.500
885	  A	  3.4	  0.0	0.000	5.500	5.500
886	  T	  2.3	  0.0	0.000	2.821	2.821
887	  T	  1.5	  0.0	0.000	1.093	1.093
888	  A	  1.4	  1.1	0.000	0.000	0.000
889	  P	  0.1	  1.1	0.000	0.000	0.000
890	  D	  0.4	  1.1	0.000	0.000	0.000
891	  Y	  2.4	  1.1	0.000	0.000	0.000
892	  V	  3.8	  0.1	0.000	0.000	0.000
893	  E	  3.4	  0.2	0.000	0.000	0.000
894	  S	  1.5	  0.2	0.000	0.000	0.000
895	  D	  0.3	  0.2	0.103	0.000	0.000
896	  W	  0.8	  0.2	0.103	64.046	64.046
897	  I	  4.2	  0.0	0.103	78.427	78.427
898	  S	  4.8	  0.0	0.103	80.229	80.229
899	  F	  5.1	  0.0	0.103	92.267	92.267
900	  F	  2.3	  0.0	0.103	92.267	92.267
901	  I	 18.3	  0.0	0.000	90.156	90.156
902	  T	 21.3	  0.0	0.114	60.245	60.245
903	  V	 20.8	  0.0	0.114	52.354	52.354
904	  D	  4.4	  0.5	0.114	0.000	0.000
905	  E	  0.1	  0.7	0.114	0.000	0.000
906	  K	  0.0	  1.1	0.114	0.000	0.000
907	  G	  0.0	  1.1	0.114	0.000	0.000
908	  D	  1.1	  0.7	0.196	0.000	0.000
909	  I	  5.3	  0.5	0.196	0.000	0.000
910	  V	  5.9	  0.1	0.196	0.000	0.000
911	  T	  4.9	  1.2	0.196	0.000	0.000
912	  G	  0.8	  1.2	0.196	0.000	0.000
913	  S	  0.8	  1.3	0.196	0.000	0.000
914	  T	  1.7	  1.2	0.000	0.000	0.000
915	  T	  6.9	  0.1	0.000	0.000	0.000
916	  I	  7.2	  0.0	0.000	0.000	0.000
917	  N	  6.3	  0.2	0.118	0.000	0.000
918	  A	  1.2	  0.2	0.118	0.000	0.000
919	  T	  0.4	  0.3	0.118	0.000	0.000
920	  R	  0.5	  0.3	0.118	0.000	0.000
921	  E	  0.4	  0.1	0.118	0.000	0.000
922	  Y	  1.3	  0.2	0.118	0.000	0.000
923	  I	  1.8	  0.7	0.000	0.000	0.000
924	  D	  1.8	  0.8	0.000	0.000	0.000
925	  G	  0.8	  0.8	0.000	0.000	0.000
926	  E	  0.1	  0.6	0.000	0.000	0.000
927	  A	  0.1	  0.3	0.000	0.000	0.000
928	  P	  0.0	  0.2	0.000	0.000	0.000
929	  H	  0.7	  0.3	0.000	0.000	0.000
930	  T	  2.2	  0.3	0.000	0.000	0.000
931	  S	  3.0	  0.1	0.000	0.000	0.000
932	  F	  2.3	  0.2	0.000	0.000	0.000
933	  G	  0.7	  0.1	0.000	0.000	0.000
934	  P	  0.0	  0.1	0.000	0.000	0.000
935	  A	  0.0	  0.1	0.000	0.000	0.000
936	  P	  0.0	  0.0	0.000	0.000	0.000
937	  P	  0.0	  0.0	0.000	0.000	0.000
938	  V	  0.6	  0.0	0.000	0.000	0.000
939	  E	  1.0	  0.0	0.000	0.000	0.000
940	  T	  2.5	  0.1	0.000	0.000	0.000
941	  K	  2.6	  0.1	0.000	0.000	0.000
942	  T	  6.7	  0.1	0.000	0.000	0.000
943	  V	  7.5	  0.2	0.000	0.000	0.000
944	  D	  6.7	  0.2	0.000	0.000	0.000
945	  L	  2.3	  0.8	0.000	0.000	0.000
946	  G	  0.0	  0.8	0.000	0.000	0.000
947	  N	  0.1	  0.7	0.641	0.000	0.000
948	  E	  5.2	  0.6	0.641	0.000	0.000
949	  V	  5.9	  0.0	0.641	0.000	0.000
950	  T	  6.0	  0.0	0.857	0.000	0.000
951	  E	  1.0	  0.0	0.857	0.000	0.000
952	  Y	  1.2	  0.0	0.857	79.142	79.142
953	  L	  3.1	  0.0	0.412	89.841	89.841
954	  V	  7.1	  0.0	0.412	94.027	94.027
955	  I	 10.0	  0.0	0.412	94.206	94.206
956	  S	  8.7	  0.0	0.412	94.206	94.206
957	  Y	  5.5	  0.0	0.202	93.687	93.687
958	  W	  2.4	  0.0	0.000	91.272	91.272
959	  T	  3.2	  0.0	0.000	47.074	47.074
960	  T	  3.0	  0.1	0.000	20.354	20.354
961	  T	  2.2	  0.1	0.000	4.264	4.264
962	  N	  0.6	  0.3	0.000	0.164	0.164
963	  E	  0.2	  0.3	0.000	0.000	0.000
964	  F	  0.2	  2.0	0.000	0.528	0.528
965	  G	  0.1	  2.0	0.000	0.528	0.528
966	  G	  0.1	  1.8	0.142	0.528	0.528
967	  L	  0.4	  1.8	0.142	0.528	0.528
968	  I	  3.9	  0.0	0.142	0.528	0.528
969	  T	  6.6	  0.0	0.142	0.354	0.354
970	  T	  7.4	  0.1	0.142	0.354	0.354
971	  S	  4.2	  0.1	0.142	0.000	0.000
972	  K	  2.2	  0.1	0.000	0.000	0.000
973	  V	  1.4	  0.1	0.000	0.000	0.000
974	  D	  2.4	  0.1	0.000	0.000	0.000
975	  T	 45.5	  0.1	0.000	0.000	0.000
976	  Y	 45.1	  0.0	0.000	0.000	0.000
977	  S	 44.1	  0.0	0.000	0.000	0.000
978	  P	  0.0	  0.0	0.000	0.000	0.000
979	  P	  0.0	  0.0	0.000	0.000	0.000
980	  P	  0.0	  0.0	0.000	0.000	0.000
981	  V	 17.9	  0.0	0.000	5.237	5.237
982	  T	 26.8	  0.0	0.000	5.368	5.368
983	  V	 29.0	  0.0	0.000	5.500	5.500
984	  T	 13.4	  0.0	0.000	5.500	5.500
985	  A	  3.4	  0.0	0.000	5.500	5.500
986	  T	  2.3	  0.0	0.000	2.821	2.821
987	  T	  1.5	  0.0	0.000	1.093	1.093
988	  A	  1.4	  1.1	0.000	0.000	0.000
989	  P	  0.1	  1.1	0.000	0.000	0.000
990	  D	  0.4	  1.1	0.000	0.000	0.000
991	  Y	  2.4	  1.1	0.000	0.000	0.000
992	  V	  3.8	  0.1	0.000	0.000	0.000
993	  E	  3.4	  0.2	0.000	0.000	0.000
994	  S	  1.5	  0.2	0.000	0.000	0.000
995	  D	  0.3	  0.2	0.103	0.000	0.000
996	  W	  0.8	  0.2	0.103	64.046	64.046
997	  I	  4.2	  0.0	0.103	78.427	78.427
998	  S	  4.8	  0.0	0.103	80.229	80.229
999	  F	  5.1	  0.0	0.103	92.267	92.267
1000	  F	  2.3	  0.0	0.103	92.267	92.267
1001	  I	 18.3	  0.0	0.000	90.156	90.156
1002	  T	 21.3	  0.0	0.114	60.245	60.245
1003	  V	 20.8	  0.0	0.114	52.354	52.354
1004	  D	  4.4	  0.5	0.114	0.000	0.000
1005	  E	  0.1	  0.7	0.114	0.000	0.000
1006	  K	  0.0	  1.1	0.114	0.000	0.000
1007	  G	  0.0	  1.1	0.114	0.000	0.000
1008	  D	  1.1	  0.7	0.196	0.000	0.000
1009	  I	  5.3	  0.5	0.196	0.000	0.000
1010	  V	  5.9	  0.1	0.196	0.000	0.000
1011	  T	  4.9	  1.2	0.196	0.000	0.000
1012	  G	  0.8	  1.2	0.196	0.000	0.000
1013	  S	  0.8	  1.3	0.196	0.000	0.000
1014	  T	  1.7	  1.2	0.000	0.000	0.000
1015	  T	  6.9	  0.1	0.000	0.000	0.000
1016	  I	  7.2	  0.0	0.000	0.000	0.000
1017	  N	  6.3	  0.2	0.118	0.000	0.000
1018	  A	  1.2	  0.2	0.118	0.000	0.000
1019	  T	  0.4	  0.3	0.118	0.000	0.000
1020	  R	  0.5	  0.3	0.118	0.000	0.000
1021	  E	  0.4	  0.1	0.118	0.000	0.000
1022	  Y	  1.3	  0.2	0.118	0.000	0.000
1023	  I	  1.8	  0.7	0.000	0.000	0.000
1024	  D	  1.8	  0.8	0.000	0.000	0.000
1025	  G	  0.8	  0.8	0.000	0.000	0.000
1026	  E	  0.1	  0.6	0.000	0.000	0.000
1027	  A	  0.1	  0.3	0.000	0.000	0.000
1028	  P	  0.0	  0.2	0.000	0.000	0.000
1029	  H	  0.7	  0.3	0.000	0.000	0.000
1030	  T	  2.2	  0.3	0.000	0.000	0.000
1031	  S	  3.0	  0.1	0.000	0.000	0.000
1032	  F	  2.3	  0.2	0.000	0.000	0.000
1033	  G	  0.7	  0.1	0.000	0.000	0.000
1034	  P	  0.0	  0.1	0.000	0.000	0.000
1035	  A	  0.0	  0.1	0.000	0.000	0.000
1036	  P	  0.0	  0.0	0.000	0.000	0.000
1037	  P	  0.0	  0.0	0.000	0.000	0.000
1038	  V	  0.6	  0.0	0.000	0.000	0.000
1039	  E	  1.0	  0.0	0.000	0.000	0.000
1040	  T	  2.5	  0.1	0.000	0.000	0.000
1041	  K	  2.6	  0.1	0.000	0.000	0.000
1042	  T	  6.7	  0.1	0.000	0.000	0.000
1043	  V	  7.5	  0.2	0.000	0.000	0.000
1044	  D	  6.7	  0.2	0.000	0.000	0.000
1045	  L	  2.3	  0.8	0.000	0.000	0.000
1046	  G	  0.0	  0.8	0.000	0.000	0.000
1047	  N	  0.1	  0.7	0.641	0.000	0.000
1048	  E	  5.2	  0.6	0.641	0.000	0.000
1049	  V	  5.9	  0.0	0.641	0.000	0.000
1050	  T	  6.0	  0.0	0.857	0.000	0.000
1051	  E	  1.0	  0.0	0.857	0.000	0.000
1052	  Y	  1.2	  0.0	0.857	79.142	79.142
1053	  L	  3.1	  0.0	0.412	89.841	89.841
1054	  V	  7.1	  0.0	0.412	94.027	94.027
1055	  I	 10.0	  0.0	0.412	94.206	94.206
1056	  S	  8.7	  0.0	0.412	94.206	94.206
1057	  Y	  5.5	  0.0	0.202	93.687	93.687
1058	  W	  2.4	  0.0	0.000	91.272	91.272
1059	  T	  3.2	  0.0	0.000	47.074	47.074
1060	  T	  3.0	  0.1	0.000	20.354	20.354
1061	  T	  2.2	  0.1	0.000	4.264	4.264
1062	  N	  0.6	  0.3	0.000	0.164	0.164
1063	  E	  0.2	  0.3	0.000	0.000	0.000
1064	  F	  0.2	  2.0	0.000	0.528	0.528
1065	  G	  0.1	  2.0	0.000	0.528	0.528
1066	  G	  0.1	  1.8	0.142	0.528	0.528
1067	  L	  0.4	  1.8	0.142	0.528	0.528
1068	  I	  3.9	  0.0	0.142	0.528	0.528
1069	  T	  6.6	  0.0	0.142	0.354	0.354
1070	  T	  7.4	  0.1	0.142	0.354	0.354
1071	  S	  4.2	  0.1	0.142	0.000	0.000
1072	  K	  2.2	  0.1	0.000	0.000	0.000
1073	  V	  1.4	  0.1	0.000	0.000	0.000
1074	  D	  2.4	  0.1	0.000	0.000	0.000
1075	  T	 45.5	  0.1	0.000	0.000	0.000
1076	  Y	 45.1	  0.0	0.000	0.000	0.000
1077	  S	 44.1	  0.0	0.000	0.000	0.000
1078	  P	  0.0	  0.0	0.000	0.000	0.000
1079	  P	  0.0	  0.0	0.000	0.000	0.000
1080	  P	  0.0	  0.0	0.000	0.000	0.000
1081	  V	 17.9	  0.0	0.000	5.237	5.237
1082	  T	 26.8	  0.0	0.000	5.368	5.368
1083	  V	 29.0	  0.0	0.000	5.500	5.500
1084	  T	 13.4	  0.0	0.000	5.500	5.500
1085	  A	  3.4	  0.0	0.000	5.500	5.500
1086	  T	  2.3	  0.0	0.000	2.821	2.821
1087	  T	  1.5	  0.0	0.000	1.093	1.093
1088	  A	  1.4	  1.1	0.000	0.000	0.000
1089	  P	  0.1	  1.1	0.000	0.000	0.000
1090	  D	  0.4	  1.1	0.000	0.000	0.000
1091	  Y	  2.4	  1.1	0.000	0.000	0.000
1092	  V	  3.8	  0.1	0.000	0.000	0.000
1093	  E	  3.4	  0.2	0.000	0.000	0.000
1094	  S	  1.5	  0.2	0.000	0.000	0.000
1095	  D	  0.3	  0.2	0.103	0.000	0.000
1096	  W	  0.8	  0.2	0.103	64.046	64.046
1097	  I	  4.2	  0.0	0.103	78.427	78.427
1098	  S	  4.8	  0.0	0.103	80.229	80.229
1099	  F	  5.1	  0.0	0.103	92.267	92.267
1100	  F	  2.3	  0.0	0.103	92.267	92.267
1101	  I	 18.3	  0.0	0.000	90.156	90.156
1102	  T	 21.3	  0.0	0.114	60.245	60.245
1103	  V	 20.8	  0.0	0.114	52.354	52.354
1104	  D	  4.4	  0.5	0.114	0.000	0.000
1105	  E	  0.1	  0.7	0.114	0.000	0.000
1106	  K	  0.0	  1.1	0.114	0.000	0.000
1107	  G	  0.0	  1.1	0.114	0.000	0.000
1108	  D	  1.1	  0.7	0.196	0.000	0.000
1109	  I	  5.3	  0.5	0.196	0.000	0.000
1110	  V	  5.9	  0.1	0.196	0.000	0.000
1111	  T	  4.9	  1.2	0.196	0.000	0.000
1112	  G	  0.8	  1.2	0.196	0.000	0.000
1113	  S	  0.8	  1.3	0.196	0.000	0.000
1114	  T	  1.7	  1.2	0.000	0.000	0.000
1115	  T	  6.9	  0.1	0.000	0.000	0.000
1116	  I	  7.2	  0.0	0.000	0.000	0.000
1117	  N	  6.3	  0.2	0.118	0.000	0.000
1118	  A	  1.2	  0.2	0.118	0.000	0.000
1119	  T	  0.4	  0.3	0.118	0.000	0.000
1120	  R	  0.5	  0.3	0.118	0.000	0.000
1121	  E	  0.4	  0.1	0.118	0.000	0.000
1122	  Y	  1.3	  0.2	0.118	0.000	0.000
1123	  I	  1.8	  0.7	0.000	0.000	0.000
1124	  D	  1.8	  0.8	0.000	0.000	0.000
1125	  G	  0.8	  0.8	0.000	0.000	0.000
1126	  E	  0.1	  0.6	0.000	0.000	0.000
1127	  A	  0.1	  0.3	0.000	0.000	0.000
1128	  P	  0.0	  0.2	0.000	0.000	0.000
1129	  H	  0.7	  0.3	0.000	0.000	0.000
1130	  T	  2.2	  0.3	0.000	0.000	0.000
1131	  S	  3.0	  0.1	0.000	0.000	0.000
1132	  F	  2.3	  0.2	0.000	0.000	0.000
1133	  G	  0.7	  0.1	0.000	0.000	0.000
1134	  P	  0.0	  0.1	0.000	0.000	0.000
1135	  A	  0.0	  0.1	0.000	0.000	0.000
1136	  P	  0.0	  0.0	0.000	0.000	0.000
1137	  P	  0.0	  0.0	0.000	0.000	0.000
1138	  V	  0.6	  0.0	0.000	0.000	0.000
1139	  E	  1.0	  0.0	0.000	0.000	0.000
1140	  T	  2.5	  0.1	0.000	0.000	0.000
1141	  K	  2.6	  0.1	0.000	0.000	0.000
1142	  T	  6.7	  0.1	0.000	0.000	0.000
1143	  V	  7.5	  0.2	0.000	0.000	0.000
1144	  D	  6.7	  0.2	0.000	0.000	0.000
1145	  L	  2.3	  0.8	0.000	0.000	0.000
1146	  G	  0.0	  0.8	0.000	0.000	0.000
1147	  N	  0.1	  0.7	0.641	0.000	0.000
1148	  E	  5.2	  0.6	0.641	0.000	0.000
1149	  V	  5.9	  0.0	0.641	0.000	0.000
1150	  T	  6.0	  0.0	0.857	0.000	0.000
1151	  E	  1.0	  0.0	0.857	0.000	0.000
1152	  Y	  1.2	  0.0	0.857	79.142	79.142
1153	  L	  3.1	  0.0	0.412	89.841	89.841
1154	  V	  7.1	  0.0	0.412	94.027	94.027
1155	  I	 10.0	  0.0	0.412	94.206	94.206
1156	  S	  8.7	  0.0	0.412	94.206	94.206
1157	  Y	  5.5	  0.0	0.202	93.687	93.687
1158	  W	  2.4	  0.0	0.000	91.272	91.272
1159	  T	  3.2	  0.0	0.000	47.074	47.074
1160	  T	  3.0	  0.1	0.000	20.354	20.354
1161	  T	  2.2	  0.1	0.000	4.264	4.264
1162	  N	  0.6	  0.3	0.000	0.164	0.164
1163	  E	  0.2	  0.3	0.000	0.000	0.000
1164	  F	  0.2	  2.0	0.000	0.528	0.528
1165	  G	  0.1	  2.0	0.000	0.528	0.528
1166	  G	  0.1	  1.8	0.142	0.528	0.528
1167	  L	  0.4	  1.8	0.142	0.528	0.528
1168	  I	  3.9	  0.0	0.142	0.528	0.528
1169	  T	  6.6	  0.0	0.142	0.354	0.354
1170	  T	  7.4	  0.1	0.142	0.354	0.354
1171	  S	  4.2	  0.1	0.142	0.000	0.000
1172	  K	  2.2	  0.1	0.000	0.000	0.000
1173	  V	  1.4	  0.1	0.000	0.000	0.000
1174	  D	  2.4	  0.1	0.000	0.000	0.000
1175	  T	 45.5	  0.1	0.000	0.000	0.000
1176	  Y	 45.1	  0.0	0.000	0.000	0.000
1177	  S	 44.1	  0.0	0.000	0.000	0.000
1178	  P	  0.0	  0.0	0.000	0.000	0.000
1179	  P	  0.0	  0.0	0.000	0.000	0.000
1180	  P	  0.0	  0.0	0.000	0.000	0.000
1181	  V	 17.9	  0.0	0.000	5.237	5.237
1182	  T	 26.8	  0.0	0.000	5.368	5.368
1183	  V	 29.0	  0.0	0.000	5.500	5.500
1184	  T	 13.4	  0.0	0.000	5.500	5.500
1185	  A	  3.4	  0.0	0.000	5.500	5.500
1186	  T	  2.3	  0.0	0.000	2.821	2.821
1187	  T	  1.5	  0.0	0.000	1.093	1.093
1188	  A	  1.4	  1.1	0.000	0.000	0.000
1189	  P	  0.1	  1.1	0.000	0.000	0.000
1190	  D	  0.4	  1.1	0.000	0.000	0.000
1191	  Y	  2.4	  1.1	0.000	0.000	0.000
1192	  V	  3.8	  0.1	0.000	0.000	0.000
1193	  E	  3.4	  0.2	0.000	0.000	0.000
1194	  S	  1.5	  0.2	0.000	0.000	0.000
1195	  D	  0.3	  0.2	0.103	0.000	0.000
1196	  W	  0.8	  0.2	0.103	64.046	64.046
1197	  I	  4.2	  0.0	0.103	78.427	78.427
1198	  S	  4.8	  0.0	0.103	80.229	80.229
1199	  F	  5.1	  0.0	0.103	92.267	92.267
1200	  F	  2.3	  0.0	0.103	92.267	92.267
1201	  I	 18.3	  0.0	0.000	90.156	90.156
1202	  T	 21.3	  0.0	0.114	60.245	60.245
1203	  V	 20.8	  0.0	0.114	52.354	52.354
1204	  D	  4.4	  0.5	0.114	0.000	0.000
1205	  E	  0.1	  0.7	0.114	0.000	0.000
1206	  K	  0.0	  1.1	0.114	0.000	0.000
1207	  G	  0.0	  1.1	0.114	0.000	0.000
1208	  D	  1.1	  0.7	0.196	0.000	0.000
1209	  I	  5.3	  0.5	0.196	0.000	0.000
1210	  V	  5.9	  0.1	0.196	0.000	0.000
1211	  T	  4.9	  1.2	0.196	0.000	0.000
1212	  G	  0.8	  1.2	0.196	0.000	0.000
1213	  S	  0.8	  1.3	0.196	0.000	0.000
1214	  T	  1.7	  1.2	0.000	0.000	0.000
1215	  T	  6.9	  0.1	0.000	0.000	0.000
1216	  I	  7.2	  0.0	0.000	0.000	0.000
1217	  N	  6.3	  0.2	0.118	0.000	0.000
1218	  A	  1.2	  0.2	0.118	0.000	0.000
1219	  T	  0.4	  0.3	0.118	0.000	0.000
1220	  R	  0.5	  0.3	0.118	0.000	0.000
1221	  E	  0.4	  0.1	0.118	0.000	0.000
1222	  Y	  1.3	  0.2	0.118	0.000	0.000
1223	  I	  1.8	  0.7	0.000	0.000	0.000
1224	  D	  1.8	  0.8	0.000	0.000	0.000
1225	  G	  0.8	  0.8	0.000	0.000	0.000
1226	  E	  0.1	  0.6	0.000	0.000	0.000
1227	  A	  0.1	  0.3	0.000	0.000	0.000
1228	  P	  0.0	  0.2	0.000	0.000	0.000
1229	  H	  0.7	  0.3	0.000	0.000	0.000
1230	  T	  2.2	  0.3	0.000	0.000	0.000
1231	  S	  3.0	  0.1	0.000	0.000	0.000
1232	  F	  2.3	  0.2	0.000	0.000	0.000
1233	  G	  0.7	  0.1	0.000	0.000	0.000
1234	  P	  0.0	  0.1	0.000	0.000	0.000
1235	  A	  0.0	  0.1	0.000	0.000	0.000
1236	  P	  0.0	  0.0	0.000	0.000	0.000
1237	  P	  0.0	  0.0	0.000	0.000	0.000
1238	  P	  0.0	  0.0	0.000	0.000	0.000
1239	  V	  4.3	  0.0	0.000	0.000	0.000
1240	  T	  6.9	  0.0	0.000	0.000	0.000
1241	  H	  9.1	  0.0	0.000	0.000	0.000
1242	  T	  9.2	  0.1	0.000	0.000	0.000
1243	  V	  8.5	  0.1	0.000	0.000	0.000
1244	  D	  6.2	  0.2	0.000	0.000	0.000
1245	  L	  2.1	  1.9	0.000	0.000	0.000
1246	  G	  0.0	  3.0	0.000	0.000	0.000
1247	  N	  0.0	  3.0	0.000	0.000	0.000
1248	  G	  0.1	  2.9	0.000	0.000	0.000
1249	  V	  1.4	  1.3	0.000	0.000	0.000
1250	  T	  1.8	  0.1	0.087	0.000	0.000
1251	  D	  2.9	  0.1	0.087	0.000	0.000
1252	  Y	  8.7	  0.1	0.087	0.000	0.000
1253	  E	  8.8	  0.0	0.087	0.000	0.000
1254	  V	 10.0	  0.0	0.087	59.245	59.245
1255	  V	 10.5	  0.0	0.087	61.782	61.782
1256	  T	 14.5	  0.0	0.087	61.952	61.952
1257	  Y	 12.9	  0.0	0.087	62.024	62.024
1258	  W	  6.2	  0.0	0.000	62.024	62.024
1259	  T	  3.0	  0.0	0.000	33.269	33.269
1260	  T	  2.7	  0.1	0.000	14.506	14.506
1261	  T	  2.0	  0.1	0.000	3.046	3.046
1262	  N	  0.6	  0.3	0.000	0.105	0.105
1263	  E	  0.2	  0.3	0.000	0.000	0.000
1264	  F	  0.2	  3.1	0.000	0.678	0.678
1265	  G	  0.1	  3.1	0.000	0.678	0.678
1266	  G	  0.2	  2.9	0.000	0.933	0.933
1267	  I	  4.2	  2.9	0.000	2.487	2.487
1268	  I	  7.5	  0.0	0.000	2.487	2.487
1269	  T	  9.8	  0.0	0.000	2.142	2.142
1270	  T	  6.7	  0.1	0.000	1.934	1.934
1271	  S	  3.6	  0.1	0.000	1.554	1.554
1272	  S	  1.4	  0.1	0.000	1.319	1.319
1273	  T	  6.7	  0.1	0.000	1.319	1.319
1274	  V	 12.7	  0.1	0.000	1.319	1.319
1275	  T	 51.7	  0.0	0.000	0.998	0.998
1276	  Y	 45.8	  0.0	0.000	0.805	0.805
1277	  S	 40.7	  0.0	0.000	0.000	0.000
1278	  P	  0.0	  0.0	0.000	0.000	0.000
1279	  P	  0.0	  0.0	0.000	0.000	0.000
1280	  P	  0.0	  0.0	0.000	0.000	0.000
1281	  V	 17.9	  0.0	0.000	5.237	5.237
1282	  T	 26.8	  0.0	0.000	5.368	5.368
1283	  V	 29.0	  0.0	0.000	5.500	5.500
1284	  T	 13.4	  0.0	0.000	5.500	5.500
1285	  A	  3.4	  0.0	0.000	5.500	5.500
1286	  T	  2.3	  0.0	0.000	2.821	2.821
1287	  T	  1.5	  0.0	0.000	1.093	1.093
1288	  A	  1.4	  1.1	0.000	0.000	0.000
1289	  P	  0.1	  1.1	0.000	0.000	0.000
1290	  D	  0.4	  1.1	0.000	0.000	0.000
1291	  Y	  2.4	  1.1	0.000	0.000	0.000
1292	  V	  3.8	  0.1	0.000	0.000	0.000
1293	  E	  3.4	  0.2	0.000	0.000	0.000
1294	  S	  1.5	  0.2	0.000	0.000	0.000
1295	  D	  0.3	  0.2	0.103	0.000	0.000
1296	  W	  0.8	  0.2	0.103	64.046	64.046
1297	  I	  4.2	  0.0	0.103	78.427	78.427
1298	  S	  4.8	  0.0	0.103	80.229	80.229
1299	  F	  5.1	  0.0	0.103	92.267	92.267
1300	  F	  2.3	  0.0	0.103	92.267	92.267
1301	  I	 18.3	  0.0	0.000	90.156	90.156
1302	  T	 21.3	  0.0	0.114	60.245	60.245
1303	  V	 20.8	  0.0	0.114	52.354	52.354
1304	  D	  4.4	  0.5	0.114	0.000	0.000
1305	  E	  0.1	  0.7	0.114	0.000	0.000
1306	  K	  0.0	  1.1	0.114	0.000	0.000
1307	  G	  0.0	  1.1	0.114	0.000	0.000
1308	  D	  1.1	  0.7	0.196	0.000	0.000
1309	  I	  5.3	  0.5	0.196	0.000	0.000
1310	  V	  5.9	  0.1	0.196	0.000	0.000
1311	  T	  4.9	  1.2	0.196	0.000	0.000
1312	  G	  0.8	  1.2	0.196	0.000	0.000
1313	  S	  0.8	  1.3	0.196	0.000	0.000
1314	  T	  1.7	  1.2	0.000	0.000	0.000
1315	  T	  6.9	  0.1	0.000	0.000	0.000
1316	  I	  7.2	  0.0	0.000	0.000	0.000
1317	  N	  6.3	  0.2	0.118	0.000	0.000
1318	  A	  1.2	  0.2	0.118	0.000	0.000
1319	  T	  0.4	  0.3	0.118	0.000	0.000
1320	  R	  0.5	  0.3	0.118	0.000	0.000
1321	  E	  0.4	  0.1	0.118	0.000	0.000
1322	  Y	  1.3	  0.2	0.118	0.000	0.000
1323	  I	  1.8	  0.7	0.000	0.000	0.000
1324	  D	  1.8	  0.8	0.000	0.000	0.000
1325	  G	  0.8	  0.8	0.000	0.000	0.000
1326	  E	  0.1	  0.6	0.000	0.000	0.000
1327	  A	  0.1	  0.3	0.000	0.000	0.000
1328	  P	  0.0	  0.2	0.000	0.000	0.000
1329	  H	  0.7	  0.3	0.000	0.000	0.000
1330	  T	  2.2	  0.3	0.000	0.000	0.000
1331	  S	  3.0	  0.1	0.000	0.000	0.000
1332	  F	  2.3	  0.2	0.000	0.000	0.000
1333	  G	  0.7	  0.1	0.000	0.000	0.000
1334	  P	  0.0	  0.1	0.000	0.000	0.000
1335	  A	  0.0	  0.1	0.000	0.000	0.000
1336	  P	  0.0	  0.0	0.000	0.000	0.000
1337	  P	  0.0	  0.0	0.000	0.000	0.000
1338	  V	  0.6	  0.0	0.000	0.000	0.000
1339	  E	  1.0	  0.0	0.000	0.000	0.000
1340	  T	  2.5	  0.1	0.000	0.000	0.000
1341	  K	  2.6	  0.1	0.000	0.000	0.000
1342	  T	  6.7	  0.1	0.000	0.000	0.000
1343	  V	  7.5	  0.2	0.000	0.000	0.000
1344	  D	  6.7	  0.2	0.000	0.000	0.000
1345	  L	  2.3	  0.8	0.000	0.000	0.000
1346	  G	  0.0	  0.8	0.000	0.000	0.000
1347	  N	  0.1	  0.7	0.644	0.000	0.000
1348	  E	  5.2	  0.6	0.644	0.000	0.000
1349	  V	  5.9	  0.0	0.644	0.000	0.000
1350	  T	  6.0	  0.0	0.864	0.000	0.000
1351	  E	  1.0	  0.0	0.864	0.000	0.000
1352	  Y	  1.2	  0.0	0.864	66.324	66.324
1353	  L	  3.1	  0.0	0.418	75.841	75.841
1354	  V	  7.2	  0.0	0.418	78.971	78.971
1355	  I	 10.1	  0.0	0.418	78.971	78.971
1356	  S	  8.8	  0.0	0.418	78.971	78.971
1357	  Y	  5.5	  0.0	0.207	77.056	77.056
1358	  W	  1.9	  0.1	0.000	68.339	68.339
1359	  H	  1.4	  0.1	0.268	1.134	1.134
1360	  D	  2.0	  0.1	0.952	0.000	0.000
1361	  Y	  3.7	  0.2	0.952	0.000	0.000
1362	  E	  3.5	  0.1	0.952	0.000	0.000
1363	  R	  4.3	  0.1	0.952	0.000	0.000
1364	  V	  3.4	  0.1	0.952	0.166	0.166
1365	  W	  4.1	  0.0	0.952	0.166	0.166
1366	  W	  2.2	  0.2	0.820	0.166	0.166
1367	  S	  1.1	  0.3	0.392	0.166	0.166
1368	  N	  0.2	  0.3	0.000	0.166	0.166
1369	  H	  0.6	  0.3	0.000	0.000	0.000
1370	  H	  0.9	  0.4	0.000	0.000	0.000
1371	  Q	  0.9	  0.4	0.000	0.000	0.000
1372	  Q	  0.4	  0.4	0.000	0.000	0.000
1373	  G	  0.0	  0.3	0.000	0.000	0.000
