res	aa	Beta	Turn	Helix	Aggregation	Conc-Stab_Aggregation
01	  M	  1.0	  0.0	0.000	0.055	0.055
02	  L	  1.4	  0.2	0.000	49.829	49.829
03	  L	  2.5	  0.2	0.000	53.296	53.296
04	  N	  2.3	  0.2	0.077	54.367	54.367
05	  W	  6.3	  0.2	0.077	80.865	80.865
06	  T	 15.5	  0.0	0.585	87.015	87.015
07	  I	 23.0	  0.0	0.585	97.195	97.195
08	  T	 19.5	  0.0	1.906	98.062	98.062
09	  L	  9.8	  0.0	2.018	99.498	99.498
10	  L	  1.1	  0.0	2.109	99.696	99.696
11	  W	  2.8	  0.0	2.323	99.473	99.473
12	  T	  3.2	  0.0	2.418	98.256	98.256
13	  L	  3.9	  0.0	2.418	97.516	97.516
14	  L	  1.9	  0.0	2.418	93.190	93.190
15	  L	  1.3	  0.0	2.326	68.222	68.222
16	  S	  0.6	  0.0	4.408	7.593	7.593
17	  R	  2.3	  0.0	3.046	0.000	0.000
18	  V	  5.0	  0.0	2.435	0.338	0.338
19	  T	  5.8	  0.0	2.435	0.927	0.927
20	  A	  4.0	  0.0	2.435	3.521	3.521
21	  Q	  1.9	  0.0	2.435	5.179	5.179
22	  L	  2.5	  0.0	0.387	25.804	25.804
23	  V	  4.9	  0.0	0.103	27.261	27.261
24	  V	  6.0	  0.0	0.000	27.249	27.249
25	  T	  6.0	  0.0	0.000	25.612	25.612
26	  T	  5.1	  0.0	0.000	23.782	23.782
27	  T	  4.0	  0.0	0.000	10.440	10.440
28	  I	  2.4	  0.0	0.000	1.189	1.189
29	  P	  0.6	  0.0	0.000	0.561	0.561
30	  I	  0.1	  0.1	0.000	0.000	0.000
31	  P	  0.0	  0.1	0.000	0.000	0.000
32	  Q	  0.2	  0.1	0.000	0.000	0.000
33	  A	  0.6	  0.1	0.000	0.000	0.000
34	  V	 14.4	  0.0	0.000	0.000	0.000
35	  T	 14.9	  0.0	0.000	0.000	0.000
36	  F	 14.6	  0.0	0.000	0.000	0.000
37	  P	  0.8	  0.0	0.000	0.000	0.000
38	  T	  0.0	  0.0	0.000	0.000	0.000
39	  P	  0.0	  0.0	0.000	0.000	0.000
40	  V	  7.1	  0.0	0.000	0.423	0.423
41	  A	  7.2	  0.0	0.000	0.423	0.423
42	  V	  7.2	  0.4	0.000	0.423	0.423
43	  G	  0.2	  0.5	0.000	0.423	0.423
44	  T	  0.1	  0.6	0.000	0.423	0.423
45	  G	  0.0	  0.8	0.000	0.000	0.000
46	  G	  0.0	  0.4	0.000	0.000	0.000
47	  D	  0.9	  0.3	0.000	0.000	0.000
48	  V	  9.2	  0.2	0.000	0.000	0.000
49	  T	 19.0	  0.0	0.000	0.000	0.000
50	  F	 18.3	  0.5	0.000	0.000	0.000
51	  E	 10.4	  1.6	0.000	0.000	0.000
52	  G	  0.3	  1.6	0.000	0.000	0.000
53	  S	  0.0	  1.8	0.000	0.000	0.000
54	  G	  0.0	  1.4	0.000	0.000	0.000
55	  P	  0.0	  0.3	0.000	0.000	0.000
56	  Y	 11.9	  0.3	0.000	0.000	0.000
57	  T	 19.8	  0.2	0.515	0.000	0.000
58	  F	 20.1	  0.1	0.515	0.000	0.000
59	  N	  8.7	  0.1	0.901	0.000	0.000
60	  D	  0.4	  0.1	1.637	0.000	0.000
61	  K	  0.9	  0.1	1.637	0.000	0.000
62	  V	  3.2	  0.0	1.637	0.000	0.000
63	  Y	  4.0	  0.0	1.637	0.000	0.000
64	  I	  4.0	  0.0	1.426	0.000	0.000
65	  M	  1.9	  0.6	1.426	0.000	0.000
66	  K	  1.0	  8.8	1.255	0.000	0.000
67	  N	  0.2	  8.9	1.065	0.000	0.000
68	  G	  0.0	  8.9	0.676	0.000	0.000
69	  K	  1.7	  8.3	0.195	0.000	0.000
70	  L	  5.0	  0.1	0.119	0.000	0.000
71	  T	  8.1	  0.0	0.119	0.000	0.000
72	  I	  6.8	  0.0	0.119	0.000	0.000
73	  H	  3.5	  0.0	0.119	0.000	0.000
74	  N	  0.3	  0.5	0.000	0.000	0.000
75	  P	  0.0	  0.8	0.000	0.000	0.000
76	  Q	  0.0	  1.1	0.000	0.000	0.000
77	  S	  0.3	  2.0	0.000	0.000	0.000
78	  G	  0.3	  1.6	0.000	0.000	0.000
79	  S	  0.4	  1.2	0.159	0.280	0.280
80	  L	  0.6	  1.0	0.159	2.038	2.038
81	  L	  3.9	  0.1	0.159	2.267	2.267
82	  N	  4.8	  0.0	0.159	2.267	2.267
83	  I	  6.9	  0.0	0.159	2.267	2.267
84	  S	  6.3	  0.0	0.159	2.150	2.150
85	  I	  7.4	  0.0	0.000	2.036	2.036
86	  T	  5.0	  2.6	0.000	0.333	0.333
87	  G	  2.2	  2.6	0.000	0.000	0.000
88	  D	  0.6	  2.6	0.000	0.000	0.000
89	  T	  5.7	  2.7	0.000	0.000	0.000
90	  I	  5.8	  0.2	0.000	0.000	0.000
91	  N	  5.2	  2.0	0.000	0.000	0.000
92	  N	  0.2	  2.0	0.000	0.000	0.000
93	  G	  0.0	  1.9	0.000	0.000	0.000
94	  Q	  0.4	  1.8	0.000	0.114	0.114
95	  V	  8.9	  0.0	0.000	0.114	0.114
96	  S	  9.3	  0.0	0.000	0.114	0.114
97	  V	 11.9	  0.1	0.000	0.114	0.114
98	  L	  3.7	  0.2	0.000	0.114	0.114
99	  N	  3.1	  0.6	0.000	0.000	0.000
100	  D	  0.1	  0.9	0.099	0.000	0.000
101	  G	  0.0	  0.9	0.099	0.000	0.000
102	  T	  0.6	  0.8	0.099	0.000	0.000
103	  T	  0.6	  0.5	0.209	0.000	0.000
104	  N	  0.7	  0.1	0.209	0.000	0.000
105	  A	  0.7	  0.1	0.209	0.000	0.000
106	  R	  3.0	  0.0	0.209	0.000	0.000
107	  I	  8.0	  0.0	0.110	0.000	0.000
108	  K	 12.3	  0.0	0.110	0.000	0.000
109	  I	 12.3	  0.0	0.000	0.000	0.000
110	  T	  7.6	  1.6	0.000	0.000	0.000
111	  G	  2.3	  1.7	0.000	0.000	0.000
112	  D	  0.2	  1.7	0.000	0.000	0.000
113	  S	  0.4	  1.6	0.000	0.000	0.000
114	  I	  0.9	  0.1	0.000	0.391	0.391
115	  L	  1.0	  0.1	0.000	0.391	0.391
116	  N	  0.8	  0.2	7.469	0.391	0.391
117	  T	  0.3	  0.4	7.469	0.744	0.744
118	  G	  0.1	  0.4	7.689	1.330	1.330
119	  T	  0.8	  0.3	7.844	1.600	1.600
120	  L	  1.5	  0.2	7.844	1.600	1.600
121	  L	  1.7	  0.0	7.844	1.600	1.600
122	  L	  1.2	  0.2	7.844	1.600	1.600
123	  Q	  0.4	  0.2	6.459	0.270	0.270
124	  N	  0.3	  0.9	2.054	0.000	0.000
125	  N	  0.1	  1.0	0.494	0.000	0.000
126	  D	  0.0	  0.9	0.514	0.000	0.000
127	  A	  0.0	  0.9	0.514	2.169	2.169
128	  A	  0.2	  0.2	0.514	2.169	2.169
129	  A	  0.8	  0.1	0.514	2.169	2.169
130	  I	  1.9	  0.0	0.514	2.169	2.169
131	  V	  2.8	  0.0	0.514	2.169	2.169
132	  N	  2.3	  0.3	0.514	0.000	0.000
133	  H	  1.3	  0.3	0.122	0.000	0.000
134	  D	  0.3	  0.5	0.120	0.000	0.000
135	  L	  1.7	  0.5	0.120	15.141	15.141
136	  S	  2.0	  0.3	0.120	15.141	15.141
137	  I	 10.3	  0.2	0.120	15.141	15.141
138	  V	 13.6	  0.0	0.120	15.141	15.141
139	  L	 13.1	  0.0	0.120	15.141	15.141
140	  S	  5.2	  0.3	0.120	0.000	0.000
141	  P	  0.1	  0.6	0.000	0.000	0.000
142	  K	  0.0	  0.7	0.000	0.000	0.000
143	  D	  0.2	  0.7	0.000	0.000	0.000
144	  S	  0.5	  0.4	0.000	0.000	0.000
145	  I	  1.0	  0.1	0.000	0.150	0.150
146	  L	  1.1	  0.1	0.000	0.150	0.150
147	  N	  0.8	  0.2	2.528	0.150	0.150
148	  T	  0.3	  0.4	2.528	0.283	0.283
149	  G	  0.1	  0.4	3.016	0.505	0.505
150	  T	  2.7	  0.3	3.016	2.967	2.967
151	  L	  4.8	  0.2	3.016	3.280	3.280
152	  T	  5.7	  0.0	3.316	3.280	3.280
153	  L	  3.4	  0.0	3.316	3.280	3.280
154	  Y	  3.5	  0.1	2.929	3.280	3.280
155	  Q	  2.5	  0.2	1.266	0.314	0.314
156	  A	  2.2	  1.1	0.635	0.144	0.144
157	  G	  0.0	  1.1	0.526	0.000	0.000
158	  G	  0.1	  1.0	0.284	0.000	0.000
159	  V	  4.6	  0.9	0.000	0.000	0.000
160	  D	  5.9	  0.0	0.000	0.000	0.000
161	  I	  9.2	  0.0	0.000	0.000	0.000
162	  T	  4.9	  0.1	0.292	0.000	0.000
163	  T	  3.4	  0.6	0.292	0.000	0.000
164	  G	  0.1	  0.6	0.461	0.000	0.000
165	  D	  1.4	  0.6	0.461	0.000	0.000
166	  I	  1.9	  0.5	0.461	0.000	0.000
167	  T	  2.0	  0.3	0.461	0.000	0.000
168	  N	  0.7	  1.1	0.461	0.000	0.000
169	  N	  0.1	  1.1	0.328	0.000	0.000
170	  G	  0.0	  1.0	0.000	0.778	0.778
171	  V	  3.2	  0.8	0.000	9.387	9.387
172	  L	  6.2	  0.0	0.000	9.387	9.387
173	  N	 10.1	  0.0	0.000	9.387	9.387
174	  V	  8.0	  0.0	0.000	9.658	9.658
175	  Y	  5.0	  0.3	0.000	9.487	9.487
176	  G	  1.1	  0.3	0.000	2.130	2.130
177	  T	  0.5	  0.3	0.140	1.522	1.522
178	  A	  0.7	  0.3	0.140	1.155	1.155
179	  L	  4.7	  0.0	0.140	1.025	1.025
180	  R	  6.9	  0.0	0.140	0.000	0.000
181	  I	  8.6	  0.0	0.140	0.000	0.000
182	  H	  4.6	  0.0	0.140	0.000	0.000
183	  Q	  2.1	  0.0	0.000	0.000	0.000
184	  P	  0.1	  0.0	0.000	0.000	0.000
185	  I	  2.9	  0.0	0.000	0.020	0.020
186	  V	  3.0	  2.6	0.000	0.020	0.020
187	  G	  3.0	  2.9	0.000	0.020	0.020
188	  N	  0.1	  3.1	0.000	0.020	0.020
189	  G	  0.0	  3.1	0.000	0.081	0.081
190	  N	  1.6	  0.7	0.000	0.845	0.845
191	  I	  5.6	  0.4	0.000	19.989	19.989
192	  N	  6.1	  0.2	0.000	21.653	21.653
193	  L	  5.1	  0.2	0.000	62.930	62.930
194	  F	  2.4	  0.3	0.000	70.089	70.089
195	  S	  1.8	  0.3	0.000	70.637	70.637
196	  G	  1.3	  0.3	0.000	74.544	74.544
197	  F	  0.8	  0.3	0.000	89.660	89.660
198	  L	  2.0	  0.0	0.000	90.653	90.653
199	  I	  3.2	  0.1	0.000	90.045	90.045
200	  L	  2.5	  0.1	0.000	82.925	82.925
201	  G	  1.3	  0.1	0.000	39.299	39.299
202	  F	  1.1	  0.2	0.000	36.560	36.560
203	  D	  1.1	  0.2	0.000	0.000	0.000
204	  Q	  1.1	  0.2	0.000	0.000	0.000
205	  T	  0.4	  0.4	0.000	0.000	0.000
206	  E	  0.4	  0.5	0.000	0.000	0.000
207	  S	  0.3	  0.3	0.000	0.000	0.000
208	  N	  0.2	  0.3	0.000	0.000	0.000
209	  I	  1.4	  0.1	0.000	2.148	2.148
210	  L	  1.6	  0.1	0.000	2.250	2.250
211	  Q	  1.6	  0.1	0.000	2.250	2.250
212	  N	  2.7	  0.1	0.000	2.850	2.850
213	  I	 15.1	  0.1	0.000	19.530	19.530
214	  T	 15.3	  0.1	0.000	20.453	20.453
215	  I	 13.2	  0.1	0.000	22.104	22.104
216	  G	  0.5	  0.4	0.000	21.827	21.827
217	  F	  0.3	  2.9	0.000	23.423	23.423
218	  G	  0.1	  2.8	0.122	18.647	18.647
219	  S	  0.3	  2.8	0.122	19.540	19.540
220	  L	  1.2	  2.5	0.122	19.540	19.540
221	  M	  1.8	  0.1	0.122	19.265	19.265
222	  L	  1.9	  0.0	0.122	18.926	18.926
223	  F	  1.5	  0.1	0.122	17.782	17.782
224	  D	  1.2	  0.2	0.000	0.000	0.000
225	  T	  1.0	  0.3	0.000	0.000	0.000
226	  R	  0.5	  0.9	0.000	0.000	0.000
227	  G	  0.2	  0.9	0.000	0.000	0.000
228	  N	  0.7	  0.8	0.000	0.000	0.000
229	  T	  0.8	  0.7	0.000	0.000	0.000
230	  T	  0.8	  0.2	0.000	0.000	0.000
231	  P	  0.2	  0.2	0.000	0.000	0.000
232	  R	  0.5	  0.2	0.000	0.000	0.000
233	  L	  0.8	  0.2	0.000	20.895	20.895
234	  V	 10.1	  0.0	0.000	24.458	24.458
235	  T	 14.4	  0.0	0.119	24.458	24.458
236	  I	 17.2	  0.0	0.119	24.458	24.458
237	  N	  8.3	  0.0	0.119	24.458	24.458
238	  L	  3.4	  0.3	0.119	24.077	24.077
239	  A	  0.6	  0.3	0.119	21.504	21.504
240	  S	 12.2	  0.2	0.119	19.323	19.323
241	  F	 12.3	  0.2	0.000	17.937	17.937
242	  D	 11.9	 10.9	0.087	0.000	0.000
243	  P	  0.2	 11.0	0.087	0.000	0.000
244	  N	  0.1	 11.0	0.087	0.000	0.000
245	  N	  0.2	 11.0	0.087	0.000	0.000
246	  F	  0.5	  0.2	0.087	1.145	1.145
247	  L	  0.4	  0.1	0.087	1.145	1.145
248	  G	  0.5	  0.1	0.087	1.145	1.145
249	  F	  3.2	  0.1	0.000	1.145	1.145
250	  T	  3.1	  0.0	0.000	1.145	1.145
251	  D	  3.0	  3.7	0.000	0.000	0.000
252	  P	  0.0	  3.7	0.000	0.000	0.000
253	  N	  0.9	  3.7	0.000	0.000	0.000
254	  F	 10.3	  3.7	0.000	1.435	1.435
255	  T	 25.9	  0.0	0.000	1.435	1.435
256	  Y	 33.8	  0.0	0.000	1.435	1.435
257	  T	 30.2	  0.1	0.000	1.435	1.435
258	  Y	 15.4	  0.4	0.000	1.435	1.435
259	  D	  5.4	  0.5	0.000	0.000	0.000
260	  G	  0.2	  0.5	0.000	0.000	0.000
261	  N	  0.1	  0.3	0.149	0.183	0.183
262	  V	  3.5	  0.1	0.149	12.269	12.269
263	  L	  4.9	  0.1	0.149	12.380	12.380
264	  N	  5.0	  0.1	0.149	12.380	12.380
265	  L	  2.5	  0.1	0.149	12.380	12.380
266	  V	  1.2	  0.1	0.149	12.380	12.380
267	  S	  0.9	  0.1	0.149	1.457	1.457
268	  N	  0.3	  0.1	0.401	0.000	0.000
269	  Q	  0.6	  0.1	0.401	0.000	0.000
270	  V	 16.0	  0.0	0.401	0.000	0.000
271	  T	 28.7	  0.0	0.470	0.000	0.000
272	  V	 39.0	  0.0	0.470	0.000	0.000
273	  K	 25.9	  0.0	0.470	0.000	0.000
274	  V	 14.6	  0.0	0.225	0.000	0.000
275	  Y	  2.6	  0.0	0.225	0.000	0.000
276	  I	  1.9	  0.2	0.068	0.000	0.000
277	  G	  0.3	  1.9	0.068	0.000	0.000
278	  P	  0.0	  1.9	0.000	0.000	0.000
279	  G	  0.1	  1.9	0.000	0.000	0.000
280	  Y	  3.3	  1.7	0.000	0.000	0.000
281	  D	  4.1	  0.5	0.000	0.000	0.000
282	  I	  5.1	  0.6	0.000	1.238	1.238
283	  N	  2.9	  0.6	0.000	1.238	1.238
284	  S	  2.7	  0.6	0.000	1.238	1.238
285	  F	  2.9	  0.0	0.000	1.238	1.238
286	  I	  7.1	  0.0	0.000	1.238	1.238
287	  K	  6.9	  0.2	0.000	0.000	0.000
288	  L	  6.0	  0.2	0.000	0.000	0.000
289	  D	  1.0	  0.4	0.000	0.000	0.000
290	  S	  0.7	  0.4	0.000	0.000	0.000
291	  T	  2.0	  0.3	0.000	0.000	0.000
292	  Q	  2.3	  0.3	0.000	0.000	0.000
293	  Q	  2.2	  0.1	0.000	0.000	0.000
294	  E	  0.7	  0.1	0.000	0.000	0.000
295	  Y	  0.8	  0.0	0.000	1.258	1.258
296	  L	  0.5	  0.2	0.000	1.611	1.611
297	  G	  0.4	  0.3	0.000	1.728	1.728
298	  T	  0.6	  0.3	0.000	3.362	3.362
299	  N	  1.4	  0.3	0.000	5.987	5.987
300	  Y	  2.7	  0.1	0.000	70.632	70.632
301	  I	  4.1	  0.0	0.000	88.727	88.727
302	  I	  4.8	  0.0	0.000	90.219	90.219
303	  S	  3.7	  0.0	0.108	90.175	90.175
304	  A	  1.9	  0.0	0.108	90.281	90.281
305	  I	  1.5	  0.0	0.108	90.042	90.042
306	  Y	  2.2	  0.0	0.108	85.476	85.476
307	  Y	  2.1	  0.3	0.108	68.923	68.923
308	  G	  1.1	  0.3	0.108	9.965	9.965
309	  A	  0.2	  0.3	0.000	4.606	4.606
310	  Q	  0.0	  0.3	0.000	0.000	0.000
311	  P	  0.0	  0.2	0.000	0.000	0.000
312	  P	  0.0	  0.2	0.000	0.000	0.000
313	  T	  0.8	  0.2	0.000	0.000	0.000
314	  T	  1.2	  0.2	0.000	0.000	0.000
315	  R	  2.2	  0.1	0.000	0.000	0.000
316	  T	 35.6	  0.1	0.000	0.000	0.000
317	  F	 35.4	  0.0	0.000	0.000	0.000
318	  Q	 34.6	  0.0	0.000	0.000	0.000
319	  P	  0.4	  0.0	0.000	0.000	0.000
320	  L	  0.0	  0.0	0.000	0.000	0.000
321	  P	  0.0	  0.0	0.000	0.000	0.000
322	  S	  0.0	  0.3	0.000	0.000	0.000
323	  P	  0.0	  0.4	0.000	0.000	0.000
324	  Y	  0.9	  0.4	0.000	0.312	0.312
325	  N	  1.2	  0.4	0.000	0.312	0.312
326	  T	  2.2	  0.1	0.000	1.827	1.827
327	  T	  3.8	  0.0	0.000	3.993	3.993
328	  I	  4.8	  0.0	0.000	3.993	3.993
329	  Y	  8.1	  0.0	0.000	3.993	3.993
330	  T	  7.1	  0.0	0.000	3.866	3.866
331	  L	  7.6	  0.0	0.000	3.642	3.642
332	  D	  4.4	  0.0	0.000	0.000	0.000
333	  V	  3.6	  0.0	0.000	0.000	0.000
334	  T	  1.7	  0.1	0.000	0.000	0.000
335	  E	  0.6	  0.1	0.000	0.000	0.000
336	  E	  1.9	  0.1	0.000	0.000	0.000
337	  F	 11.1	  0.1	0.000	10.340	10.340
338	  T	 26.8	  0.0	0.000	12.162	12.162
339	  V	 28.1	  0.0	0.000	16.084	16.084
340	  S	 20.4	  0.0	0.000	16.084	16.084
341	  Y	  5.6	  0.0	0.000	16.404	16.404
342	  I	  2.6	  0.0	0.000	16.011	16.011
343	  A	  2.2	  0.0	0.000	10.683	10.683
344	  T	  1.1	  0.4	0.000	3.430	3.430
345	  S	  0.2	  0.6	0.000	1.602	1.602
346	  D	  0.1	  1.5	0.000	0.000	0.000
347	  K	  0.0	  1.7	0.000	0.000	0.000
348	  G	  0.0	  1.4	0.000	0.000	0.000
349	  G	  0.0	  1.2	0.000	0.000	0.000
350	  F	  0.0	  0.4	0.000	0.000	0.000
351	  P	  0.0	  0.2	0.000	0.000	0.000
352	  T	  1.0	  0.2	0.000	0.000	0.000
353	  T	  8.1	  0.2	0.000	0.000	0.000
354	  I	  9.1	  0.0	0.000	0.000	0.000
355	  R	  8.2	  0.0	0.000	0.000	0.000
356	  T	  1.8	  0.0	0.000	0.000	0.000
357	  S	  0.8	  0.0	0.000	0.000	0.000
358	  I	  0.7	  0.0	0.000	0.000	0.000
359	  P	  0.1	  0.0	0.000	0.000	0.000
360	  W	  0.8	  0.0	0.000	0.000	0.000
361	  S	  0.9	  0.0	0.000	0.000	0.000
362	  T	  0.9	  0.0	0.000	0.000	0.000
363	  P	  0.1	  0.0	0.000	0.000	0.000
364	  I	  1.1	  0.0	0.000	0.000	0.000
365	  S	  1.2	  0.0	0.000	0.000	0.000
366	  S	  1.2	  0.1	0.108	0.000	0.000
367	  P	  0.0	  0.1	0.108	0.000	0.000
368	  Y	  1.2	  0.2	0.108	3.507	3.507
369	  T	  4.0	  0.2	0.108	4.324	4.324
370	  T	 22.1	  0.0	0.108	4.324	4.324
371	  F	 27.8	  0.0	0.108	4.324	4.324
372	  T	 27.7	  0.0	0.000	4.324	4.324
373	  I	 10.8	  0.0	0.000	3.722	3.722
374	  H	  2.9	  0.1	0.000	0.000	0.000
375	  D	  0.3	  0.3	0.236	0.000	0.000
376	  S	  0.8	  0.3	0.236	0.000	0.000
377	  T	  1.0	  0.3	0.236	0.000	0.000
378	  T	  1.2	  0.4	0.236	0.000	0.000
379	  E	  0.7	  0.2	0.236	0.000	0.000
380	  S	  1.2	  0.2	0.350	5.684	5.684
381	  Y	  3.0	  0.2	0.210	50.702	50.702
382	  V	  7.1	  0.0	0.114	75.692	75.692
383	  V	 10.0	  0.0	0.114	76.764	76.764
384	  S	  9.0	  0.0	0.114	76.838	76.838
385	  Y	  6.8	  0.0	0.114	77.376	77.376
386	  F	  3.6	  0.2	0.114	75.853	75.853
387	  S	  3.0	  0.2	0.245	44.488	44.488
388	  T	  6.5	  0.2	0.512	40.438	40.438
389	  V	  6.6	  0.1	0.512	38.003	38.003
390	  N	  6.3	  0.5	0.512	7.866	7.866
391	  A	  0.9	  0.8	0.512	3.608	3.608
392	  K	  0.1	  0.8	0.512	0.000	0.000
393	  G	  0.0	  0.8	0.267	0.000	0.000
394	  G	  0.0	  0.5	0.128	0.000	0.000
395	  P	  0.0	  0.2	0.000	0.000	0.000
396	  L	  0.4	  0.2	0.000	0.000	0.000
397	  I	  1.0	  0.2	0.000	0.000	0.000
398	  S	  1.3	  0.1	0.000	0.000	0.000
399	  S	  1.6	  0.2	0.000	0.000	0.000
400	  T	  6.5	  0.2	0.000	0.000	0.000
401	  T	  7.0	  0.1	0.000	0.000	0.000
402	  Y	  6.4	  0.0	0.000	0.000	0.000
403	  P	  0.8	  0.0	0.000	0.000	0.000
404	  V	  2.3	  0.0	0.000	0.000	0.000
405	  L	  3.1	  0.0	0.000	0.000	0.000
406	  H	  3.2	  0.0	0.000	0.000	0.000
407	  A	  0.9	  0.1	0.000	0.000	0.000
408	  P	  0.1	  0.1	0.000	0.000	0.000
409	  Y	  1.4	  0.1	0.000	1.015	1.015
410	  T	  2.9	  0.1	0.000	1.235	1.235
411	  T	  3.9	  0.0	0.000	1.235	1.235
412	  T	 14.0	  0.0	0.000	1.235	1.235
413	  I	 13.1	  0.0	0.000	1.235	1.235
414	  T	 12.3	  0.2	0.000	1.003	1.003
415	  E	  0.9	  0.7	0.000	0.000	0.000
416	  K	  0.2	  0.7	0.000	0.000	0.000
417	  G	  0.1	  0.7	0.000	0.000	0.000
418	  V	  4.5	  0.5	0.000	0.000	0.000
419	  T	  5.4	  0.0	0.000	0.000	0.000
420	  H	  6.3	  0.0	0.000	0.000	0.000
421	  E	  3.4	  0.0	0.000	0.000	0.000
422	  V	  4.1	  0.0	0.000	4.978	4.978
423	  Y	  4.9	  0.0	0.000	5.102	5.102
424	  Y	  9.4	  0.0	0.000	5.102	5.102
425	  S	 14.4	  0.0	2.125	5.102	5.102
426	  F	 13.9	  0.2	2.125	5.102	5.102
427	  T	  8.7	  0.1	2.879	2.172	2.172
428	  D	  1.7	  0.1	3.055	0.283	0.283
429	  I	  1.0	  0.1	3.055	0.283	0.283
430	  L	  0.8	  0.2	3.055	0.283	0.283
431	  K	  0.8	  1.0	3.055	0.283	0.283
432	  G	  0.1	  1.0	2.232	0.000	0.000
433	  N	  0.1	  1.2	0.834	0.000	0.000
434	  S	  1.3	  1.2	0.000	0.000	0.000
435	  H	  1.4	  0.5	0.000	0.000	0.000
436	  S	  3.3	  0.6	0.000	0.000	0.000
437	  T	  2.8	  0.6	0.000	0.636	0.636
438	  S	  3.4	  0.4	0.000	1.166	1.166
439	  T	  3.6	  0.3	0.000	6.085	6.085
440	  F	  3.7	  0.1	0.000	13.650	13.650
441	  I	  4.0	  0.0	0.000	13.650	13.650
442	  S	  2.2	  0.0	0.000	13.310	13.310
443	  T	  5.4	  0.0	0.000	13.310	13.310
444	  I	  4.6	  0.0	0.000	12.941	12.941
445	  I	  4.1	  0.0	0.000	0.821	0.821
446	  P	  0.0	  0.0	0.000	0.000	0.000
447	  P	  0.0	  0.0	0.000	0.000	0.000
448	  F	  0.0	  0.0	0.000	0.000	0.000
449	  P	  0.0	  0.0	0.000	0.000	0.000
450	  K	  0.0	  0.1	0.000	0.000	0.000
451	  P	  0.0	  0.1	0.000	0.000	0.000
452	  T	  2.5	  0.1	0.000	0.117	0.117
453	  T	 18.0	  0.1	0.000	0.576	0.576
454	  F	 19.9	  0.0	0.000	0.576	0.576
455	  T	 18.7	  0.0	0.000	0.576	0.576
456	  S	 19.5	  0.3	0.000	0.576	0.576
457	  F	 18.1	  0.4	0.000	0.576	0.576
458	  S	 17.1	  2.9	0.000	0.000	0.000
459	  G	  1.1	  2.9	0.000	0.000	0.000
460	  N	  2.0	  2.7	0.000	0.000	0.000
461	  Y	  5.8	  2.6	0.000	0.000	0.000
462	  E	  5.8	  0.0	0.000	0.000	0.000
463	  Y	  4.3	  0.2	0.000	44.265	44.265
464	  I	  0.6	  0.2	0.000	56.288	56.288
465	  G	  0.5	  0.2	0.248	58.688	58.688
466	  V	  2.7	  0.2	0.248	82.550	82.550
467	  V	 10.7	  0.0	0.248	83.617	83.617
468	  T	 16.3	  0.0	0.248	81.488	81.488
469	  Y	 15.7	  0.0	0.248	79.919	79.919
470	  Y	  8.4	  0.1	0.248	73.662	73.662
471	  S	  3.0	  0.1	0.153	40.469	40.469
472	  T	  6.1	  0.1	0.153	36.198	36.198
473	  V	  6.3	  0.1	0.153	33.629	33.629
474	  N	  5.9	  0.5	0.153	2.342	2.342
475	  A	  0.9	  0.6	0.153	1.086	1.086
476	  Q	  0.0	  0.8	0.153	0.021	0.021
477	  G	  0.0	  1.0	0.000	0.000	0.000
478	  G	  0.1	  0.5	0.096	0.000	0.000
479	  T	 18.9	  0.4	0.096	0.000	0.000
480	  Y	 23.4	  0.2	0.096	0.000	0.000
481	  T	 25.5	  0.1	0.096	0.000	0.000
482	  A	  7.5	  0.2	0.096	0.000	0.000
483	  S	  2.7	  0.3	0.096	0.000	0.000
484	  S	  0.6	  0.3	0.115	0.000	0.000
485	  T	  1.7	  0.2	0.115	0.000	0.000
486	  K	  2.2	  0.2	0.115	0.000	0.000
487	  T	 12.5	  0.1	0.115	1.012	1.012
488	  I	 11.9	  0.1	0.115	2.593	2.593
489	  S	 11.6	  0.0	0.537	2.775	2.775
490	  T	 10.7	  0.0	0.422	3.643	3.643
491	  I	 18.0	  0.0	0.422	3.643	3.643
492	  T	 19.8	  0.0	0.422	3.489	3.489
493	  L	 10.9	  0.0	0.422	3.336	3.336
494	  T	  4.5	  0.0	0.422	1.738	1.738
495	  Q	  3.8	  0.0	0.422	0.000	0.000
496	  Y	  7.4	  0.0	0.239	0.000	0.000
497	  K	  5.6	  0.0	0.000	0.000	0.000
498	  V	  3.9	  0.0	0.000	0.000	0.000
499	  P	  0.0	  0.0	0.000	0.000	0.000
500	  P	  0.0	  0.0	0.000	0.222	0.222
501	  V	  1.3	  0.0	0.000	21.854	21.854
502	  T	  3.0	  0.0	0.000	23.506	23.506
503	  T	 12.3	  0.0	0.000	23.811	23.811
504	  V	 19.3	  0.0	0.000	23.811	23.811
505	  T	 28.3	  0.0	0.000	23.811	23.811
506	  I	 19.6	  0.1	0.000	22.264	22.264
507	  S	 11.5	  0.2	0.000	2.805	2.805
508	  N	  0.2	  0.3	0.000	0.090	0.090
509	  S	  0.5	  0.3	0.000	0.000	0.000
510	  Q	  2.5	  0.2	0.000	0.000	0.000
511	  Y	  3.0	  0.2	0.000	0.000	0.000
512	  S	  2.7	  0.1	0.697	0.000	0.000
513	  E	  4.9	  0.1	0.697	0.000	0.000
514	  V	 11.9	  0.1	0.697	0.000	0.000
515	  D	 13.4	  0.0	0.874	0.000	0.000
516	  V	 13.0	  0.0	0.874	31.177	31.177
517	  I	  8.9	  0.0	0.874	33.422	33.422
518	  S	  8.0	  0.0	0.874	33.514	33.514
519	  Y	  5.4	  0.0	0.663	33.514	33.514
520	  Y	  2.2	  0.0	0.363	33.514	33.514
521	  L	  1.6	  0.0	0.000	29.733	29.733
522	  T	  1.2	  0.2	0.000	6.172	6.172
523	  Q	  0.9	  0.3	0.000	0.224	0.224
524	  D	  0.6	  3.4	0.000	0.000	0.000
525	  S	  0.1	  3.4	0.144	0.000	0.000
526	  N	  0.0	  3.2	0.144	0.000	0.000
527	  R	  0.6	  3.1	0.144	0.000	0.000
528	  K	  1.4	  0.1	0.144	0.000	0.000
529	  V	  3.9	  0.0	0.144	0.447	0.447
530	  F	  8.7	  0.0	0.144	0.447	0.447
531	  T	 10.1	  0.1	0.000	0.447	0.447
532	  A	  7.7	  0.2	0.000	0.447	0.447
533	  S	  3.1	  0.2	0.000	0.447	0.447
534	  T	  1.6	  0.2	0.000	0.447	0.447
535	  T	 14.0	  0.1	0.000	0.447	0.447
536	  I	 14.0	  0.1	0.000	0.447	0.447
537	  S	 13.9	  0.8	0.241	0.000	0.000
538	  S	  1.7	  0.9	0.241	0.000	0.000
539	  S	  1.1	  0.9	0.241	0.000	0.000
540	  R	  0.6	  0.9	0.241	0.000	0.000
541	  A	  0.7	  0.1	0.241	0.000	0.000
542	  Y	  1.9	  0.0	0.241	0.000	0.000
543	  I	  1.6	  0.0	0.000	0.000	0.000
544	  T	  1.3	  0.0	0.000	0.000	0.000
545	  P	  0.0	  0.0	0.000	0.000	0.000
546	  P	  0.0	  0.1	0.000	0.000	0.000
547	  P	  0.0	  0.1	0.000	0.000	0.000
548	  L	  0.5	  0.2	0.000	0.000	0.000
549	  T	  1.7	  0.2	0.000	0.000	0.000
550	  S	  2.2	  0.2	0.000	0.000	0.000
551	  K	  2.4	  0.2	0.000	0.000	0.000
552	  T	  5.3	  0.2	0.000	0.000	0.000
553	  V	  5.7	  0.2	0.000	0.000	0.000
554	  D	  5.0	  8.1	0.000	0.000	0.000
555	  S	  0.9	  9.7	0.000	0.017	0.017
556	  N	  0.0	  9.6	0.092	0.154	0.154
557	  G	  0.1	  9.6	0.092	6.949	6.949
558	  V	  8.7	  1.6	0.092	82.348	82.348
559	  T	 10.4	  0.0	1.204	88.571	88.571
560	  I	 10.8	  0.0	1.204	98.848	98.848
561	  W	  2.7	  0.0	1.204	99.681	99.681
562	  A	  1.5	  0.0	1.204	99.722	99.722
563	  I	  2.9	  0.0	1.204	99.726	99.726
564	  I	  6.3	  0.0	1.204	99.209	99.209
565	  S	  6.7	  0.0	1.204	92.620	92.620
566	  Y	  6.0	  0.0	0.902	91.796	91.796
567	  Y	  4.8	  0.0	0.375	85.455	85.455
568	  T	  4.1	  0.1	0.000	37.609	37.609
569	  S	  3.3	  0.2	0.221	8.792	8.792
570	  A	  0.6	  1.0	0.221	7.246	7.246
571	  K	  0.3	  1.9	0.221	0.005	0.005
572	  D	  0.0	  1.9	0.221	0.005	0.005
573	  G	  0.0	  1.7	0.221	1.298	1.298
574	  Q	  0.5	  0.9	0.221	2.382	2.382
575	  I	  2.6	  0.0	0.000	10.524	10.524
576	  I	  4.0	  0.0	0.000	10.524	10.524
577	  F	  6.3	  0.1	0.000	10.524	10.524
578	  T	  4.4	  0.4	0.000	9.713	9.713
579	  S	  3.2	  1.6	0.000	8.263	8.263
580	  G	  0.3	  1.7	0.000	1.166	1.166
581	  S	  0.4	  1.6	0.000	0.538	0.538
582	  S	  1.0	  1.3	0.000	0.538	0.538
583	  V	  8.9	  0.1	0.000	0.538	0.538
584	  Y	  8.8	  0.0	0.000	0.420	0.420
585	  S	  7.9	  0.0	0.000	0.000	0.000
586	  P	  0.0	  0.0	0.000	0.000	0.000
587	  P	  0.0	  0.1	0.000	0.000	0.000
588	  P	  0.0	  0.1	0.000	0.000	0.000
589	  L	  0.1	  0.2	0.000	0.000	0.000
590	  K	  0.7	  0.2	0.000	0.000	0.000
591	  T	 11.2	  0.0	0.000	30.592	30.592
592	  I	 26.9	  0.0	0.000	34.789	34.789
593	  T	 29.1	  0.0	0.000	34.789	34.789
594	  V	 20.0	  0.0	0.000	34.789	34.789
595	  L	  3.6	  0.9	0.000	34.789	34.789
596	  G	  0.4	  1.0	0.000	6.725	6.725
597	  D	  0.3	  1.0	0.000	0.000	0.000
598	  H	  2.5	  1.0	0.000	0.000	0.000
599	  Y	  4.4	  0.1	0.000	0.000	0.000
600	  V	  4.6	  0.0	0.000	0.000	0.000
601	  E	  2.5	  0.2	0.000	0.000	0.000
602	  E	  0.5	  0.2	0.000	0.000	0.000
603	  D	  2.1	  0.2	0.000	0.000	0.000
604	  V	  6.3	  0.2	0.000	39.380	39.380
605	  Y	 11.3	  0.0	0.000	47.013	47.013
606	  S	 10.1	  0.0	0.000	51.534	51.534
607	  Y	  6.7	  0.0	0.000	85.097	85.097
608	  F	  2.1	  0.0	0.000	85.499	85.499
609	  I	 17.0	  0.0	0.000	85.127	85.127
610	  T	 20.6	  0.1	0.000	80.062	80.062
611	  V	 20.3	  5.4	0.000	76.680	76.680
612	  N	  5.2	  5.5	0.000	3.605	3.605
613	  G	  0.2	  5.9	0.000	0.284	0.284
614	  Q	  0.0	  5.8	0.000	0.000	0.000
615	  G	  0.0	  0.5	0.000	0.000	0.000
616	  Q	  0.5	  0.4	0.000	0.000	0.000
617	  I	  4.9	  0.0	0.000	0.000	0.000
618	  I	  5.4	  0.0	0.000	0.000	0.000
619	  T	  5.4	  0.1	0.000	0.000	0.000
620	  D	  1.0	  0.3	0.000	0.000	0.000
621	  S	  0.8	  0.3	0.000	0.000	0.000
622	  T	  0.4	  0.3	0.000	0.000	0.000
623	  E	  1.5	  0.2	0.000	0.000	0.000
624	  I	  1.8	  0.1	0.000	0.000	0.000
625	  S	  2.5	  0.7	0.000	0.000	0.000
626	  S	  1.5	  0.7	0.000	0.000	0.000
627	  S	 11.1	  0.9	0.000	0.000	0.000
628	  V	 12.5	  0.8	0.000	0.000	0.000
629	  S	 13.6	  0.2	0.000	0.000	0.000
630	  H	  3.7	  0.2	0.000	0.000	0.000
631	  D	  1.4	  0.0	0.000	0.000	0.000
632	  P	  0.0	  0.0	0.000	0.000	0.000
633	  A	  0.0	  1.2	0.000	0.000	0.000
634	  P	  0.0	  1.6	0.000	0.000	0.000
635	  S	  0.2	  3.4	0.000	0.000	0.000
636	  G	  0.2	  3.5	0.000	0.000	0.000
637	  S	  0.7	  2.3	0.147	0.000	0.000
638	  T	 11.8	  1.9	0.147	0.000	0.000
639	  I	 13.8	  0.1	0.147	0.000	0.000
640	  T	 13.8	  0.3	0.147	0.000	0.000
641	  K	  2.6	  0.3	0.147	0.000	0.000
642	  D	  0.4	  0.5	0.147	0.000	0.000
643	  L	  0.0	  2.2	0.000	0.000	0.000
644	  G	  0.0	  2.7	0.000	0.000	0.000
645	  N	  0.0	  2.8	0.130	0.000	0.000
646	  G	  0.3	  2.6	0.130	0.000	0.000
647	  I	  1.0	  0.9	0.130	0.000	0.000
648	  T	  1.1	  0.1	0.442	0.000	0.000
649	  E	  2.6	  0.0	0.442	0.000	0.000
650	  Y	  5.2	  0.0	0.442	0.000	0.000
651	  D	  6.0	  0.0	0.312	0.000	0.000
652	  V	  8.4	  0.0	0.312	26.738	26.738
653	  V	  8.9	  0.0	0.312	28.052	28.052
654	  S	  8.6	  0.0	0.312	28.176	28.176
655	  Y	  5.3	  0.0	0.156	29.161	29.161
656	  W	  2.2	  0.0	0.000	29.161	29.161
657	  T	  3.2	  0.0	0.000	18.151	18.151
658	  T	  6.3	  0.0	0.000	10.968	10.968
659	  V	  5.7	  0.0	0.000	9.288	9.288
660	  D	  4.0	  9.4	0.201	0.000	0.000
661	  E	  0.1	 15.3	0.201	0.000	0.000
662	  N	  0.0	 15.4	0.201	0.000	0.000
663	  G	  0.0	 15.3	0.201	0.000	0.000
664	  K	  0.4	  5.9	0.201	0.000	0.000
665	  F	  1.0	  0.1	0.201	9.673	9.673
666	  I	  4.3	  0.0	0.000	10.450	10.450
667	  T	  6.6	  0.0	0.000	10.583	10.583
668	  T	  7.1	  0.1	0.000	10.803	10.803
669	  S	  4.0	  0.1	0.104	11.272	11.272
670	  S	  1.9	  0.1	0.104	14.062	14.062
671	  V	  7.0	  0.1	0.104	14.062	14.062
672	  A	  7.3	  0.0	0.104	13.865	13.865
673	  V	 14.4	  0.0	0.104	13.694	13.694
674	  Y	  8.1	  0.0	0.104	11.351	11.351
675	  S	  7.5	  0.0	0.000	0.000	0.000
676	  P	  0.0	  0.0	0.000	0.000	0.000
677	  P	  0.0	  0.0	0.000	0.000	0.000
678	  P	  0.0	  0.0	0.000	0.000	0.000
679	  I	  0.7	  0.0	0.000	2.041	2.041
680	  S	  1.0	  0.0	0.660	2.204	2.204
681	  T	 10.5	  0.0	0.660	2.204	2.204
682	  V	 18.2	  0.0	0.660	2.204	2.204
683	  T	 27.1	  0.0	0.660	2.204	2.204
684	  I	 19.2	  0.1	0.660	2.041	2.041
685	  K	 10.9	  0.4	0.660	0.000	0.000
686	  S	  1.1	  0.5	0.100	0.000	0.000
687	  D	  0.3	  0.5	0.000	0.000	0.000
688	  H	  3.9	  0.4	0.000	0.000	0.000
689	  Y	  4.5	  0.1	0.000	0.000	0.000
690	  E	  4.3	  0.1	0.000	0.000	0.000
691	  E	  0.7	  0.2	0.000	0.000	0.000
692	  E	  0.0	  0.2	0.000	0.000	0.000
693	  D	  2.1	  0.2	0.000	0.000	0.000
694	  V	  6.4	  0.2	0.000	36.508	36.508
695	  Y	 11.4	  0.0	0.000	43.512	43.512
696	  S	 10.1	  0.0	0.000	47.101	47.101
697	  Y	  6.7	  0.0	0.000	73.579	73.579
698	  F	  2.2	  0.0	0.000	73.579	73.579
699	  I	 17.8	  0.0	0.000	72.859	72.859
700	  T	 20.8	  0.0	0.000	62.959	62.959
701	  V	 21.0	  0.1	0.000	60.174	60.174
702	  D	  5.1	  0.5	0.000	0.000	0.000
703	  S	  0.9	  0.8	0.000	0.000	0.000
704	  E	  0.0	  1.3	0.000	0.000	0.000
705	  G	  0.0	  1.3	0.000	0.000	0.000
706	  N	  2.7	  0.8	0.133	0.000	0.000
707	  I	  6.9	  0.6	0.133	0.000	0.000
708	  I	  7.4	  0.0	0.133	0.000	0.000
709	  T	  5.3	  0.1	0.225	0.000	0.000
710	  D	  1.0	  0.2	0.353	0.000	0.000
711	  S	  0.7	  0.2	0.446	0.000	0.000
712	  K	  0.7	  0.2	0.313	0.000	0.000
713	  L	  1.1	  0.1	0.313	0.000	0.000
714	  I	  1.5	  0.1	0.313	0.000	0.000
715	  S	  1.7	  0.7	0.313	0.000	0.000
716	  S	  1.5	  0.7	0.093	0.000	0.000
717	  S	 11.2	  0.9	0.000	0.000	0.000
718	  V	 12.5	  0.8	0.000	0.000	0.000
719	  S	 13.7	  0.2	0.000	0.000	0.000
720	  H	  3.7	  0.2	0.000	0.000	0.000
721	  D	  1.4	  0.0	0.000	0.000	0.000
722	  P	  0.0	  0.0	0.000	0.000	0.000
723	  A	  0.0	  1.2	0.000	0.000	0.000
724	  P	  0.0	  1.6	0.000	0.000	0.000
725	  S	  0.2	  3.4	0.000	0.000	0.000
726	  G	  0.2	  3.5	0.000	0.000	0.000
727	  S	  0.7	  2.3	0.147	0.000	0.000
728	  T	 11.8	  1.9	0.147	0.000	0.000
729	  I	 13.8	  0.1	0.147	0.000	0.000
730	  T	 13.8	  0.3	0.147	0.000	0.000
731	  K	  2.6	  0.3	0.147	0.000	0.000
732	  D	  0.4	  0.5	0.147	0.000	0.000
733	  L	  0.0	  2.2	0.000	0.000	0.000
734	  G	  0.0	  2.7	0.000	0.000	0.000
735	  N	  0.0	  2.8	0.130	0.000	0.000
736	  G	  0.3	  2.6	0.130	0.000	0.000
737	  I	  1.0	  0.9	0.130	0.000	0.000
738	  T	  1.1	  0.1	0.442	0.000	0.000
739	  E	  2.6	  0.0	0.442	0.000	0.000
740	  Y	  5.2	  0.0	0.442	0.000	0.000
741	  D	  6.0	  0.0	0.312	0.000	0.000
742	  V	  8.4	  0.0	0.312	26.738	26.738
743	  V	  8.9	  0.0	0.312	28.052	28.052
744	  S	  8.6	  0.0	0.312	28.176	28.176
745	  Y	  5.3	  0.0	0.156	29.161	29.161
746	  W	  2.2	  0.0	0.000	29.161	29.161
747	  T	  3.2	  0.0	0.000	18.151	18.151
748	  T	  6.3	  0.0	0.000	10.968	10.968
749	  V	  5.7	  0.0	0.000	9.288	9.288
750	  D	  4.0	  9.4	0.201	0.000	0.000
751	  E	  0.1	 15.3	0.201	0.000	0.000
752	  N	  0.0	 15.4	0.201	0.000	0.000
753	  G	  0.0	 15.3	0.201	0.000	0.000
754	  K	  0.4	  5.9	0.201	0.000	0.000
755	  F	  1.0	  0.1	0.201	9.673	9.673
756	  I	  4.3	  0.0	0.000	10.450	10.450
757	  T	  6.6	  0.0	0.000	10.583	10.583
758	  T	  7.1	  0.1	0.000	10.803	10.803
759	  S	  4.0	  0.1	0.104	11.272	11.272
760	  S	  1.9	  0.1	0.104	14.062	14.062
761	  V	  7.0	  0.1	0.104	14.062	14.062
762	  A	  7.3	  0.0	0.104	13.865	13.865
763	  V	 14.4	  0.0	0.104	13.694	13.694
764	  Y	  8.1	  0.0	0.104	11.351	11.351
765	  S	  7.5	  0.0	0.000	0.000	0.000
766	  P	  0.0	  0.0	0.000	0.000	0.000
767	  P	  0.0	  0.0	0.000	0.000	0.000
768	  P	  0.0	  0.0	0.000	0.000	0.000
769	  I	  0.7	  0.0	0.000	2.041	2.041
770	  S	  1.0	  0.0	0.660	2.204	2.204
771	  T	 10.5	  0.0	0.660	2.204	2.204
772	  V	 18.2	  0.0	0.660	2.204	2.204
773	  T	 27.1	  0.0	0.660	2.204	2.204
774	  I	 19.2	  0.1	0.660	2.041	2.041
775	  K	 10.9	  0.4	0.660	0.000	0.000
776	  S	  1.1	  0.5	0.100	0.000	0.000
777	  D	  0.3	  0.5	0.000	0.000	0.000
778	  H	  3.9	  0.4	0.000	0.000	0.000
779	  Y	  4.5	  0.1	0.000	0.000	0.000
780	  E	  4.3	  0.1	0.000	0.000	0.000
781	  E	  0.7	  0.2	0.000	0.000	0.000
782	  E	  0.0	  0.2	0.000	0.000	0.000
783	  D	  2.1	  0.2	0.000	0.000	0.000
784	  V	  6.4	  0.2	0.000	36.508	36.508
785	  Y	 11.4	  0.0	0.000	43.512	43.512
786	  S	 10.1	  0.0	0.000	47.101	47.101
787	  Y	  6.7	  0.0	0.000	73.579	73.579
788	  F	  2.2	  0.0	0.000	73.579	73.579
789	  I	 17.8	  0.0	0.000	72.859	72.859
790	  T	 20.8	  0.0	0.000	62.959	62.959
791	  V	 21.0	  0.1	0.000	60.174	60.174
792	  D	  5.1	  0.5	0.000	0.000	0.000
793	  S	  0.9	  0.8	0.000	0.000	0.000
794	  E	  0.0	  1.3	0.000	0.000	0.000
795	  G	  0.0	  1.3	0.000	0.000	0.000
796	  N	  2.7	  0.8	0.133	0.000	0.000
797	  I	  6.9	  0.6	0.133	0.000	0.000
798	  I	  7.4	  0.0	0.133	0.000	0.000
799	  T	  5.3	  0.1	0.225	0.000	0.000
800	  D	  1.0	  0.2	0.353	0.000	0.000
801	  S	  0.7	  0.2	0.446	0.000	0.000
802	  K	  0.7	  0.2	0.313	0.000	0.000
803	  L	  1.1	  0.1	0.313	0.000	0.000
804	  I	  1.5	  0.1	0.313	0.000	0.000
805	  S	  1.7	  0.7	0.313	0.000	0.000
806	  S	  1.5	  0.7	0.093	0.000	0.000
807	  S	 11.2	  0.9	0.000	0.000	0.000
808	  V	 12.5	  0.8	0.000	0.000	0.000
809	  S	 13.7	  0.2	0.000	0.000	0.000
810	  H	  3.7	  0.2	0.000	0.000	0.000
811	  D	  1.4	  0.0	0.000	0.000	0.000
812	  P	  0.0	  0.0	0.000	0.000	0.000
813	  A	  0.0	  1.2	0.000	0.000	0.000
814	  P	  0.0	  1.6	0.000	0.000	0.000
815	  S	  0.2	  3.4	0.000	0.000	0.000
816	  G	  0.2	  3.5	0.000	0.000	0.000
817	  S	  0.7	  2.3	0.147	0.000	0.000
818	  T	 11.8	  1.9	0.147	0.000	0.000
819	  I	 13.8	  0.1	0.147	0.000	0.000
820	  T	 13.8	  0.3	0.147	0.000	0.000
821	  K	  2.6	  0.3	0.147	0.000	0.000
822	  D	  0.4	  0.5	0.147	0.000	0.000
823	  L	  0.0	  2.2	0.000	0.000	0.000
824	  G	  0.0	  2.7	0.000	0.000	0.000
825	  N	  0.0	  2.8	0.130	0.000	0.000
826	  G	  0.3	  2.6	0.130	0.000	0.000
827	  I	  1.0	  0.9	0.130	0.000	0.000
828	  T	  1.1	  0.1	0.442	0.000	0.000
829	  E	  2.6	  0.0	0.442	0.000	0.000
830	  Y	  5.2	  0.0	0.442	0.000	0.000
831	  D	  6.0	  0.0	0.312	0.000	0.000
832	  V	  8.4	  0.0	0.312	26.738	26.738
833	  V	  8.9	  0.0	0.312	28.052	28.052
834	  S	  8.6	  0.0	0.312	28.176	28.176
835	  Y	  5.3	  0.0	0.156	29.161	29.161
836	  W	  2.2	  0.0	0.000	29.161	29.161
837	  T	  3.2	  0.0	0.000	18.151	18.151
838	  T	  6.3	  0.0	0.000	10.968	10.968
839	  V	  5.7	  0.0	0.000	9.288	9.288
840	  D	  4.0	  9.4	0.201	0.000	0.000
841	  E	  0.1	 15.3	0.201	0.000	0.000
842	  N	  0.0	 15.4	0.201	0.000	0.000
843	  G	  0.0	 15.3	0.201	0.000	0.000
844	  K	  0.4	  5.9	0.201	0.000	0.000
845	  F	  1.0	  0.1	0.201	9.673	9.673
846	  I	  4.3	  0.0	0.000	10.450	10.450
847	  T	  6.6	  0.0	0.000	10.583	10.583
848	  T	  7.1	  0.1	0.000	10.803	10.803
849	  S	  4.0	  0.1	0.104	11.272	11.272
850	  S	  1.9	  0.1	0.104	14.062	14.062
851	  V	  7.0	  0.1	0.104	14.062	14.062
852	  A	  7.3	  0.0	0.104	13.865	13.865
853	  V	 14.4	  0.0	0.104	13.694	13.694
854	  Y	  8.1	  0.0	0.104	11.351	11.351
855	  S	  7.5	  0.0	0.000	0.000	0.000
856	  P	  0.0	  0.0	0.000	0.000	0.000
857	  P	  0.0	  0.0	0.000	0.000	0.000
858	  P	  0.0	  0.0	0.000	0.000	0.000
859	  I	  0.7	  0.0	0.000	2.041	2.041
860	  S	  1.0	  0.0	0.660	2.204	2.204
861	  T	 10.5	  0.0	0.660	2.204	2.204
862	  V	 18.2	  0.0	0.660	2.204	2.204
863	  T	 27.1	  0.0	0.660	2.204	2.204
864	  I	 19.2	  0.1	0.660	2.041	2.041
865	  K	 10.9	  0.4	0.660	0.000	0.000
866	  S	  1.1	  0.5	0.100	0.000	0.000
867	  D	  0.3	  0.5	0.000	0.000	0.000
868	  H	  3.9	  0.4	0.000	0.000	0.000
869	  Y	  4.5	  0.1	0.000	0.000	0.000
870	  E	  4.3	  0.1	0.000	0.000	0.000
871	  E	  0.7	  0.2	0.000	0.000	0.000
872	  E	  0.0	  0.2	0.000	0.000	0.000
873	  D	  2.1	  0.2	0.000	0.000	0.000
874	  V	  6.4	  0.2	0.000	36.508	36.508
875	  Y	 11.4	  0.0	0.000	43.512	43.512
876	  S	 10.1	  0.0	0.000	47.101	47.101
877	  Y	  6.7	  0.0	0.000	73.579	73.579
878	  F	  2.2	  0.0	0.000	73.579	73.579
879	  I	 17.8	  0.0	0.000	72.859	72.859
880	  T	 20.8	  0.0	0.000	62.959	62.959
881	  V	 21.0	  0.1	0.000	60.174	60.174
882	  D	  5.1	  0.5	0.000	0.000	0.000
883	  S	  0.9	  0.8	0.000	0.000	0.000
884	  E	  0.0	  1.3	0.000	0.000	0.000
885	  G	  0.0	  1.3	0.000	0.000	0.000
886	  N	  2.7	  0.8	0.133	0.000	0.000
887	  I	  6.9	  0.6	0.133	0.000	0.000
888	  I	  7.4	  0.0	0.133	0.000	0.000
889	  T	  5.3	  0.1	0.225	0.000	0.000
890	  D	  1.0	  0.2	0.353	0.000	0.000
891	  S	  0.7	  0.2	0.446	0.000	0.000
892	  K	  0.7	  0.2	0.313	0.000	0.000
893	  L	  1.1	  0.1	0.313	0.000	0.000
894	  I	  1.5	  0.1	0.313	0.000	0.000
895	  S	  1.7	  0.7	0.313	0.000	0.000
896	  S	  1.5	  0.7	0.093	0.000	0.000
897	  S	 11.2	  0.9	0.000	0.000	0.000
898	  V	 12.5	  0.8	0.000	0.000	0.000
899	  S	 13.7	  0.2	0.000	0.000	0.000
900	  H	  3.7	  0.2	0.000	0.000	0.000
901	  D	  1.4	  0.0	0.000	0.000	0.000
902	  P	  0.0	  0.0	0.000	0.000	0.000
903	  A	  0.0	  1.2	0.000	0.000	0.000
904	  P	  0.0	  1.6	0.000	0.000	0.000
905	  S	  0.2	  3.4	0.000	0.000	0.000
906	  G	  0.2	  3.5	0.000	0.000	0.000
907	  S	  0.7	  2.3	0.147	0.000	0.000
908	  T	 11.8	  1.9	0.147	0.000	0.000
909	  I	 13.8	  0.1	0.147	0.000	0.000
910	  T	 13.8	  0.3	0.147	0.000	0.000
911	  K	  2.6	  0.3	0.147	0.000	0.000
912	  D	  0.4	  0.5	0.147	0.000	0.000
913	  L	  0.0	  2.2	0.000	0.000	0.000
914	  G	  0.0	  2.7	0.000	0.000	0.000
915	  N	  0.0	  2.8	0.130	0.000	0.000
916	  G	  0.3	  2.6	0.130	0.000	0.000
917	  I	  1.0	  0.9	0.130	0.000	0.000
918	  T	  1.1	  0.1	0.442	0.000	0.000
919	  E	  2.6	  0.0	0.442	0.000	0.000
920	  Y	  5.2	  0.0	0.442	0.000	0.000
921	  D	  6.0	  0.0	0.312	0.000	0.000
922	  V	  8.4	  0.0	0.312	26.738	26.738
923	  V	  8.9	  0.0	0.312	28.052	28.052
924	  S	  8.6	  0.0	0.312	28.176	28.176
925	  Y	  5.3	  0.0	0.156	29.161	29.161
926	  W	  2.2	  0.0	0.000	29.161	29.161
927	  T	  3.2	  0.0	0.000	18.151	18.151
928	  T	  6.3	  0.0	0.000	10.968	10.968
929	  V	  5.7	  0.0	0.000	9.288	9.288
930	  D	  4.0	  9.4	0.201	0.000	0.000
931	  E	  0.1	 15.3	0.201	0.000	0.000
932	  N	  0.0	 15.4	0.201	0.000	0.000
933	  G	  0.0	 15.3	0.201	0.000	0.000
934	  K	  0.4	  5.9	0.201	0.000	0.000
935	  F	  1.0	  0.1	0.201	9.673	9.673
936	  I	  4.3	  0.0	0.000	10.450	10.450
937	  T	  6.6	  0.0	0.000	10.583	10.583
938	  T	  7.1	  0.1	0.000	10.803	10.803
939	  S	  4.0	  0.1	0.104	11.272	11.272
940	  S	  1.9	  0.1	0.104	14.062	14.062
941	  V	  7.0	  0.1	0.104	14.062	14.062
942	  A	  7.3	  0.0	0.104	13.865	13.865
943	  V	 14.4	  0.0	0.104	13.694	13.694
944	  Y	  8.1	  0.0	0.104	11.351	11.351
945	  S	  7.5	  0.0	0.000	0.000	0.000
946	  P	  0.0	  0.0	0.000	0.000	0.000
947	  P	  0.0	  0.0	0.000	0.000	0.000
948	  P	  0.0	  0.0	0.000	0.000	0.000
949	  I	  0.7	  0.0	0.000	2.041	2.041
950	  S	  1.0	  0.0	0.660	2.204	2.204
951	  T	 10.5	  0.0	0.660	2.204	2.204
952	  V	 18.2	  0.0	0.660	2.204	2.204
953	  T	 27.1	  0.0	0.660	2.204	2.204
954	  I	 19.2	  0.1	0.660	2.041	2.041
955	  K	 10.9	  0.4	0.660	0.000	0.000
956	  S	  1.1	  0.5	0.100	0.000	0.000
957	  D	  0.3	  0.5	0.000	0.000	0.000
958	  H	  3.9	  0.4	0.000	0.000	0.000
959	  Y	  4.5	  0.1	0.000	0.000	0.000
960	  E	  4.3	  0.1	0.000	0.000	0.000
961	  E	  0.7	  0.2	0.000	0.000	0.000
962	  E	  0.0	  0.2	0.000	0.000	0.000
963	  D	  2.1	  0.2	0.000	0.000	0.000
964	  V	  6.4	  0.2	0.000	36.508	36.508
965	  Y	 11.4	  0.0	0.000	43.512	43.512
966	  S	 10.1	  0.0	0.000	47.101	47.101
967	  Y	  6.7	  0.0	0.000	73.579	73.579
968	  F	  2.2	  0.0	0.000	73.579	73.579
969	  I	 17.8	  0.0	0.000	72.859	72.859
970	  T	 20.8	  0.0	0.000	62.959	62.959
971	  V	 21.0	  0.1	0.000	60.174	60.174
972	  D	  5.1	  0.5	0.000	0.000	0.000
973	  S	  0.9	  0.8	0.000	0.000	0.000
974	  E	  0.0	  1.3	0.000	0.000	0.000
975	  G	  0.0	  1.3	0.000	0.000	0.000
976	  N	  2.7	  0.8	0.126	0.000	0.000
977	  I	  6.9	  0.6	0.126	0.000	0.000
978	  I	  7.4	  0.0	0.126	0.000	0.000
979	  T	  5.3	  0.1	0.126	0.000	0.000
980	  D	  1.0	  0.2	0.126	0.000	0.000
981	  S	  0.7	  0.2	0.126	0.000	0.000
982	  R	  3.1	  0.1	0.000	0.000	0.000
983	  V	  7.2	  0.1	0.000	2.610	2.610
984	  I	  7.6	  0.1	0.000	2.789	2.789
985	  S	  5.6	  0.7	0.000	2.789	2.789
986	  S	  1.6	  0.7	0.000	2.789	2.789
987	  S	  1.5	  0.7	0.000	2.789	2.789
988	  I	  1.5	  0.7	0.000	2.789	2.789
989	  I	  1.4	  0.3	0.000	2.343	2.343
990	  D	  0.9	  1.9	0.000	0.000	0.000
991	  D	  0.1	  2.1	0.000	0.000	0.000
992	  G	  0.0	  2.4	0.000	0.000	0.000
993	  K	  0.1	  2.1	0.000	0.000	0.000
994	  D	  0.1	  0.7	0.000	0.000	0.000
995	  K	  0.8	  0.5	0.000	0.000	0.000
996	  T	  2.8	  0.2	0.000	0.494	0.494
997	  T	 12.5	  0.2	0.000	0.494	0.494
998	  V	 13.1	  0.0	0.000	0.494	0.494
999	  T	 11.5	  0.1	0.000	0.494	0.494
1000	  T	  2.0	  0.1	0.000	0.494	0.494
1001	  D	  0.5	  9.2	0.000	0.000	0.000
1002	  K	  0.2	  9.9	0.000	0.000	0.000
1003	  D	  0.0	  9.9	0.000	0.000	0.000
1004	  G	  0.0	  9.8	0.000	0.000	0.000
1005	  V	  4.4	  0.7	0.000	0.000	0.000
1006	  V	  5.8	  0.0	0.000	0.000	0.000
1007	  H	  6.1	  0.1	0.000	0.000	0.000
1008	  T	  2.0	  0.1	0.000	0.000	0.000
1009	  D	  1.9	  0.1	0.000	0.000	0.000
1010	  I	  3.3	  0.1	0.000	0.000	0.000
1011	  I	  3.6	  0.0	0.000	0.000	0.000
1012	  S	  3.2	  0.0	0.000	0.000	0.000
1013	  H	  7.7	  0.0	0.000	0.000	0.000
1014	  I	 10.2	  0.0	0.000	0.000	0.000
1015	  T	 10.7	  0.0	0.000	0.000	0.000
1016	  T	  4.8	  0.1	0.000	0.000	0.000
1017	  T	  2.2	  0.2	0.000	0.000	0.000
1018	  D	  0.8	 10.7	0.000	0.000	0.000
1019	  S	  0.4	 11.3	0.000	0.000	0.000
1020	  D	  0.0	 11.2	0.000	0.000	0.000
1021	  G	  0.0	 11.1	0.000	0.000	0.000
1022	  K	  0.0	  0.7	0.000	0.000	0.000
1023	  P	  0.0	  0.2	0.000	0.000	0.000
1024	  T	  1.0	  0.2	0.000	0.620	0.620
1025	  T	  3.5	  0.2	0.000	1.514	1.514
1026	  I	  5.1	  0.0	0.000	1.514	1.514
1027	  L	  4.4	  0.0	0.000	1.514	1.514
1028	  T	  7.2	  0.0	0.000	1.514	1.514
1029	  T	  6.3	  0.0	0.000	1.127	1.127
1030	  Y	  6.1	  0.0	0.000	0.000	0.000
1031	  P	  0.8	  0.0	0.000	0.000	0.000
1032	  S	  0.1	  3.5	0.000	0.000	0.000
1033	  P	  0.0	  3.9	0.000	0.000	0.000
1034	  S	  0.0	  8.0	0.000	0.000	0.000
1035	  D	  0.0	  9.5	0.000	0.000	0.000
1036	  D	  0.0	  6.1	0.000	0.000	0.000
1037	  G	  0.0	  6.0	0.000	0.000	0.000
1038	  K	  0.1	  2.0	0.000	0.000	0.000
1039	  D	  0.1	  0.6	0.000	0.000	0.000
1040	  K	  0.8	  0.5	0.000	0.000	0.000
1041	  T	  2.8	  0.2	0.000	0.494	0.494
1042	  T	 12.5	  0.2	0.000	0.494	0.494
1043	  V	 13.1	  0.0	0.000	0.494	0.494
1044	  T	 11.5	  0.1	0.000	0.494	0.494
1045	  T	  2.0	  0.1	0.000	0.494	0.494
1046	  D	  0.5	  9.2	0.000	0.000	0.000
1047	  K	  0.2	  9.9	0.000	0.000	0.000
1048	  D	  0.0	  9.9	0.000	0.000	0.000
1049	  G	  0.0	  9.8	0.000	0.000	0.000
1050	  V	  4.4	  0.7	0.000	0.000	0.000
1051	  V	  5.8	  0.0	0.000	0.000	0.000
1052	  H	  6.1	  0.1	0.000	0.000	0.000
1053	  T	  2.0	  0.1	0.000	0.000	0.000
1054	  D	  1.9	  0.1	0.000	0.000	0.000
1055	  I	  3.3	  0.1	0.000	0.000	0.000
1056	  I	  3.6	  0.0	0.000	0.000	0.000
1057	  S	  3.2	  0.0	0.000	0.000	0.000
1058	  H	  7.7	  0.0	0.000	0.000	0.000
1059	  I	 10.2	  0.0	0.000	0.000	0.000
1060	  T	 10.7	  0.0	0.000	0.000	0.000
1061	  T	  4.8	  0.1	0.000	0.000	0.000
1062	  T	  2.2	  0.2	0.000	0.000	0.000
1063	  D	  0.8	 10.7	0.000	0.000	0.000
1064	  S	  0.4	 11.3	0.000	0.000	0.000
1065	  D	  0.0	 11.2	0.000	0.000	0.000
1066	  G	  0.0	 11.1	0.000	0.000	0.000
1067	  K	  0.0	  0.7	0.000	0.000	0.000
1068	  P	  0.0	  0.2	0.000	0.000	0.000
1069	  T	  1.0	  0.2	0.000	0.620	0.620
1070	  T	  3.5	  0.2	0.000	1.514	1.514
1071	  I	  5.1	  0.0	0.000	1.514	1.514
1072	  L	  4.4	  0.0	0.000	1.514	1.514
1073	  T	  7.2	  0.0	0.000	1.514	1.514
1074	  T	  6.3	  0.0	0.000	1.127	1.127
1075	  Y	  6.1	  0.0	0.000	0.000	0.000
1076	  P	  0.8	  0.0	0.000	0.000	0.000
1077	  S	  0.1	  3.5	0.000	0.000	0.000
1078	  P	  0.0	  3.9	0.000	0.000	0.000
1079	  S	  0.0	  8.0	0.000	0.000	0.000
1080	  D	  0.0	  9.5	0.000	0.000	0.000
1081	  D	  0.0	  6.1	0.000	0.000	0.000
1082	  G	  0.0	  6.0	0.000	0.000	0.000
1083	  K	  0.1	  2.0	0.000	0.000	0.000
1084	  D	  0.1	  0.6	0.000	0.000	0.000
1085	  K	  0.8	  0.5	0.000	0.000	0.000
1086	  T	  2.8	  0.2	0.000	0.494	0.494
1087	  T	 12.5	  0.2	0.000	0.494	0.494
1088	  V	 13.1	  0.0	0.000	0.494	0.494
1089	  T	 11.5	  0.1	0.000	0.494	0.494
1090	  T	  2.0	  0.1	0.000	0.494	0.494
1091	  D	  0.5	  9.2	0.000	0.000	0.000
1092	  K	  0.2	  9.9	0.000	0.000	0.000
1093	  D	  0.0	  9.9	0.000	0.000	0.000
1094	  G	  0.0	  9.8	0.000	0.000	0.000
1095	  V	  4.4	  0.7	0.000	0.000	0.000
1096	  V	  5.8	  0.0	0.000	0.000	0.000
1097	  H	  6.1	  0.1	0.000	0.000	0.000
1098	  T	  2.0	  0.1	0.000	0.000	0.000
1099	  D	  1.9	  0.1	0.000	0.000	0.000
1100	  I	  3.3	  0.1	0.000	0.000	0.000
1101	  I	  3.6	  0.0	0.000	0.000	0.000
1102	  S	  3.2	  0.0	0.000	0.000	0.000
1103	  H	  7.7	  0.0	0.000	0.000	0.000
1104	  I	 10.2	  0.0	0.000	0.000	0.000
1105	  T	 10.7	  0.0	0.000	0.000	0.000
1106	  T	  4.8	  0.1	0.000	0.000	0.000
1107	  T	  2.2	  0.2	0.000	0.000	0.000
1108	  D	  0.8	 10.7	0.000	0.000	0.000
1109	  S	  0.4	 11.3	0.000	0.000	0.000
1110	  D	  0.0	 11.2	0.000	0.000	0.000
1111	  G	  0.0	 11.1	0.000	0.000	0.000
1112	  K	  0.0	  0.7	0.000	0.000	0.000
1113	  P	  0.0	  0.2	0.000	0.000	0.000
1114	  T	  1.0	  0.2	0.000	0.620	0.620
1115	  T	  3.5	  0.2	0.000	1.514	1.514
1116	  I	  5.1	  0.0	0.000	1.514	1.514
1117	  L	  4.4	  0.0	0.000	1.514	1.514
1118	  T	  7.2	  0.0	0.000	1.514	1.514
1119	  T	  6.3	  0.0	0.000	1.127	1.127
1120	  Y	  6.1	  0.0	0.000	0.000	0.000
1121	  P	  0.8	  0.0	0.000	0.000	0.000
1122	  S	  0.1	  3.5	0.000	0.000	0.000
1123	  P	  0.0	  3.9	0.000	0.000	0.000
1124	  S	  0.0	  8.0	0.000	0.000	0.000
1125	  D	  0.0	  9.5	0.000	0.000	0.000
1126	  D	  0.0	  6.1	0.000	0.000	0.000
1127	  G	  0.0	  6.0	0.000	0.000	0.000
1128	  K	  0.1	  2.0	0.000	0.000	0.000
1129	  D	  0.1	  0.6	0.000	0.000	0.000
1130	  K	  0.8	  0.5	0.000	0.000	0.000
1131	  T	  2.8	  0.2	0.000	0.494	0.494
1132	  T	 12.5	  0.2	0.000	0.494	0.494
1133	  V	 13.1	  0.0	0.000	0.494	0.494
1134	  T	 11.5	  0.1	0.000	0.494	0.494
1135	  T	  2.0	  0.1	0.000	0.494	0.494
1136	  D	  0.5	  9.2	0.000	0.000	0.000
1137	  K	  0.2	  9.9	0.000	0.000	0.000
1138	  D	  0.0	  9.9	0.000	0.000	0.000
1139	  G	  0.0	  9.8	0.000	0.000	0.000
1140	  V	  4.4	  0.7	0.000	0.000	0.000
1141	  V	  5.8	  0.0	0.000	0.000	0.000
1142	  H	  6.1	  0.1	0.000	0.000	0.000
1143	  T	  2.0	  0.1	0.000	0.000	0.000
1144	  D	  1.9	  0.1	0.000	0.000	0.000
1145	  I	  3.3	  0.1	0.000	0.000	0.000
1146	  I	  3.6	  0.0	0.000	0.000	0.000
1147	  S	  3.2	  0.0	0.000	0.000	0.000
1148	  H	  7.7	  0.0	0.000	0.000	0.000
1149	  I	 10.2	  0.0	0.000	0.000	0.000
1150	  T	 10.7	  0.0	0.000	0.000	0.000
1151	  T	  4.8	  0.1	0.000	0.000	0.000
1152	  T	  2.2	  0.2	0.000	0.000	0.000
1153	  D	  0.8	 10.7	0.000	0.000	0.000
1154	  S	  0.4	 11.3	0.000	0.000	0.000
1155	  D	  0.0	 11.2	0.000	0.000	0.000
1156	  G	  0.0	 11.1	0.000	0.000	0.000
1157	  K	  0.0	  0.7	0.000	0.000	0.000
1158	  P	  0.0	  0.2	0.000	0.000	0.000
1159	  T	  1.0	  0.2	0.000	0.620	0.620
1160	  T	  3.5	  0.2	0.000	1.514	1.514
1161	  I	  5.1	  0.0	0.000	1.514	1.514
1162	  L	  4.4	  0.0	0.000	1.514	1.514
1163	  T	  7.2	  0.0	0.000	1.514	1.514
1164	  T	  6.3	  0.0	0.000	1.127	1.127
1165	  Y	  6.1	  0.0	0.000	0.000	0.000
1166	  P	  0.8	  0.0	0.000	0.000	0.000
1167	  S	  0.1	  3.5	0.000	0.000	0.000
1168	  P	  0.0	  3.9	0.000	0.000	0.000
1169	  S	  0.0	  8.0	0.000	0.000	0.000
1170	  D	  0.0	  9.5	0.000	0.000	0.000
1171	  D	  0.0	  6.1	0.000	0.000	0.000
1172	  G	  0.0	  6.0	0.000	0.000	0.000
1173	  K	  0.1	  2.0	0.000	0.000	0.000
1174	  D	  0.1	  0.6	0.000	0.000	0.000
1175	  K	  0.8	  0.5	0.000	0.000	0.000
1176	  T	  2.8	  0.2	0.000	0.494	0.494
1177	  T	 12.5	  0.2	0.000	0.494	0.494
1178	  V	 13.1	  0.0	0.000	0.494	0.494
1179	  T	 11.5	  0.1	0.000	0.494	0.494
1180	  T	  2.0	  0.1	0.000	0.494	0.494
1181	  D	  0.5	  9.2	0.000	0.000	0.000
1182	  K	  0.2	  9.9	0.000	0.000	0.000
1183	  D	  0.0	  9.9	0.000	0.000	0.000
1184	  G	  0.0	  9.8	0.000	0.000	0.000
1185	  V	  4.4	  0.7	0.000	0.000	0.000
1186	  V	  5.8	  0.0	0.000	0.000	0.000
1187	  H	  6.1	  0.1	0.000	0.000	0.000
1188	  T	  2.0	  0.1	0.000	0.000	0.000
1189	  D	  1.9	  0.1	0.000	0.000	0.000
1190	  I	  3.3	  0.1	0.000	0.000	0.000
1191	  I	  3.6	  0.0	0.000	0.000	0.000
1192	  S	  3.2	  0.0	0.000	0.000	0.000
1193	  H	  7.7	  0.0	0.000	0.000	0.000
1194	  I	 10.2	  0.0	0.000	0.000	0.000
1195	  T	 10.7	  0.0	0.000	0.000	0.000
1196	  T	  4.8	  0.1	0.000	0.000	0.000
1197	  T	  2.2	  0.2	0.000	0.000	0.000
1198	  D	  0.8	 10.7	0.000	0.000	0.000
1199	  S	  0.4	 11.3	0.000	0.000	0.000
1200	  D	  0.0	 11.2	0.000	0.000	0.000
1201	  G	  0.0	 11.1	0.000	0.000	0.000
1202	  K	  0.0	  0.7	0.000	0.000	0.000
1203	  P	  0.0	  0.2	0.000	0.000	0.000
1204	  T	  1.0	  0.2	0.000	0.620	0.620
1205	  T	  3.5	  0.2	0.000	1.514	1.514
1206	  I	  5.1	  0.0	0.000	1.514	1.514
1207	  L	  4.4	  0.0	0.000	1.514	1.514
1208	  T	  7.2	  0.0	0.000	1.514	1.514
1209	  T	  6.3	  0.0	0.000	1.127	1.127
1210	  Y	  6.1	  0.0	0.000	0.000	0.000
1211	  P	  0.8	  0.0	0.000	0.000	0.000
1212	  S	  0.1	  3.5	0.000	0.000	0.000
1213	  P	  0.0	  3.9	0.000	0.000	0.000
1214	  S	  0.0	  8.0	0.000	0.000	0.000
1215	  D	  0.0	  9.5	0.000	0.000	0.000
1216	  D	  0.0	  6.1	0.000	0.000	0.000
1217	  G	  0.0	  6.0	0.000	0.000	0.000
1218	  K	  0.1	  2.0	0.000	0.000	0.000
1219	  D	  0.1	  0.6	0.000	0.000	0.000
1220	  K	  0.8	  0.5	0.000	0.000	0.000
1221	  T	  2.8	  0.2	0.000	0.494	0.494
1222	  T	 12.5	  0.2	0.000	0.494	0.494
1223	  V	 13.1	  0.0	0.000	0.494	0.494
1224	  T	 11.5	  0.1	0.000	0.494	0.494
1225	  T	  2.0	  0.1	0.000	0.494	0.494
1226	  D	  0.5	  9.2	0.000	0.000	0.000
1227	  K	  0.2	  9.9	0.000	0.000	0.000
1228	  D	  0.0	  9.9	0.000	0.000	0.000
1229	  G	  0.0	  9.8	0.000	0.000	0.000
1230	  V	  4.4	  0.7	0.000	0.000	0.000
1231	  V	  5.8	  0.0	0.000	0.000	0.000
1232	  H	  6.1	  0.1	0.000	0.000	0.000
1233	  T	  2.0	  0.1	0.000	0.000	0.000
1234	  D	  1.9	  0.1	0.000	0.000	0.000
1235	  I	  3.3	  0.1	0.000	0.000	0.000
1236	  I	  3.6	  0.0	0.000	0.000	0.000
1237	  S	  3.2	  0.0	0.000	0.000	0.000
1238	  H	  7.7	  0.0	0.000	0.000	0.000
1239	  I	 10.2	  0.0	0.000	0.000	0.000
1240	  T	 10.7	  0.0	0.000	0.000	0.000
1241	  T	  4.8	  0.1	0.000	0.000	0.000
1242	  T	  2.2	  0.2	0.000	0.000	0.000
1243	  D	  0.8	 10.7	0.000	0.000	0.000
1244	  S	  0.4	 11.3	0.000	0.000	0.000
1245	  D	  0.0	 11.2	0.000	0.000	0.000
1246	  G	  0.0	 11.1	0.000	0.000	0.000
1247	  K	  0.0	  0.7	0.000	0.000	0.000
1248	  P	  0.0	  0.2	0.000	0.000	0.000
1249	  T	  1.0	  0.2	0.000	0.620	0.620
1250	  T	  3.5	  0.2	0.000	1.514	1.514
1251	  I	  5.1	  0.0	0.000	1.514	1.514
1252	  L	  4.4	  0.0	0.000	1.514	1.514
1253	  T	  7.2	  0.0	0.000	1.514	1.514
1254	  T	  6.3	  0.0	0.000	1.127	1.127
1255	  Y	  6.1	  0.0	0.000	0.000	0.000
1256	  P	  0.8	  0.0	0.000	0.000	0.000
1257	  S	  0.1	  3.5	0.000	0.000	0.000
1258	  P	  0.0	  3.9	0.000	0.000	0.000
1259	  S	  0.0	  8.0	0.000	0.000	0.000
1260	  D	  0.0	  9.5	0.000	0.000	0.000
1261	  D	  0.0	  6.1	0.000	0.000	0.000
1262	  G	  0.0	  6.0	0.000	0.000	0.000
1263	  K	  0.1	  2.0	0.000	0.000	0.000
1264	  D	  0.1	  0.6	0.000	0.000	0.000
1265	  K	  0.8	  0.5	0.000	0.000	0.000
1266	  T	  2.8	  0.2	0.000	0.494	0.494
1267	  T	 12.5	  0.2	0.000	0.494	0.494
1268	  V	 13.1	  0.0	0.000	0.494	0.494
1269	  T	 11.5	  0.1	0.000	0.494	0.494
1270	  T	  2.0	  0.1	0.000	0.494	0.494
1271	  D	  0.5	  9.2	0.000	0.000	0.000
1272	  K	  0.2	  9.9	0.000	0.000	0.000
1273	  D	  0.0	  9.9	0.000	0.000	0.000
1274	  G	  0.0	  9.8	0.000	0.000	0.000
1275	  V	  4.4	  0.7	0.000	0.000	0.000
1276	  V	  5.8	  0.0	0.000	0.000	0.000
1277	  H	  6.1	  0.1	0.000	0.000	0.000
1278	  T	  2.0	  0.1	0.000	0.000	0.000
1279	  D	  1.9	  0.1	0.000	0.000	0.000
1280	  I	  3.3	  0.1	0.000	0.000	0.000
1281	  I	  3.6	  0.0	0.000	0.000	0.000
1282	  S	  3.2	  0.0	0.000	0.000	0.000
1283	  H	  7.7	  0.0	0.000	0.000	0.000
1284	  I	 10.2	  0.0	0.000	0.000	0.000
1285	  T	 10.8	  0.0	0.000	0.000	0.000
1286	  T	  4.9	  0.1	0.000	0.000	0.000
1287	  T	  2.3	  0.2	0.000	0.000	0.000
1288	  D	  0.8	  9.4	0.000	0.000	0.000
1289	  S	  0.5	  9.8	0.000	0.000	0.000
1290	  N	  0.0	  9.7	0.000	0.000	0.000
1291	  G	  0.0	  9.6	0.000	0.000	0.000
1292	  N	  0.0	  0.9	0.000	0.000	0.000
1293	  P	  0.0	  0.4	0.000	0.000	0.000
1294	  T	  2.1	  0.4	0.000	0.988	0.988
1295	  T	  6.0	  0.4	0.000	2.549	2.549
1296	  V	  7.0	  0.0	0.000	4.916	4.916
1297	  A	  5.1	  0.0	0.000	4.916	4.916
1298	  T	  2.0	  0.0	0.000	4.916	4.916
1299	  T	  1.3	  0.0	0.000	4.782	4.782
1300	  L	  1.8	  0.0	0.000	4.647	4.647
1301	  A	  1.1	  0.0	0.000	2.126	2.126
1302	  L	  0.7	  0.3	0.000	0.000	0.000
1303	  P	  0.0	  0.8	0.000	0.000	0.000
1304	  S	  0.1	  1.0	0.000	0.000	0.000
1305	  S	  0.1	  4.7	0.000	0.000	0.000
1306	  G	  0.1	  4.4	0.000	0.000	0.000
1307	  N	  0.1	  4.9	0.000	0.000	0.000
1308	  N	  0.0	  4.9	0.000	0.000	0.000
1309	  S	  0.1	  4.8	0.000	0.000	0.000
1310	  G	  0.0	  4.8	0.000	0.000	0.000
1311	  N	  0.1	  4.8	0.000	0.000	0.000
1312	  N	  0.0	  4.8	0.000	0.000	0.000
1313	  S	  0.1	  4.8	0.000	0.000	0.000
1314	  G	  0.0	  4.8	0.000	0.000	0.000
1315	  N	  0.1	  4.8	0.000	0.000	0.000
1316	  N	  0.0	  4.8	0.000	0.000	0.000
1317	  S	  0.1	  4.7	0.000	0.000	0.000
1318	  G	  0.0	  4.7	0.000	0.000	0.000
1319	  N	  0.1	  3.9	0.000	0.000	0.000
1320	  N	  0.3	  3.7	0.000	0.000	0.000
1321	  S	  5.0	  0.6	0.000	0.000	0.000
1322	  V	  5.5	  0.5	0.000	0.000	0.000
1323	  N	  5.3	  1.3	0.000	0.000	0.000
1324	  N	  0.6	  1.8	0.000	0.000	0.000
1325	  S	  0.1	  5.1	0.000	0.000	0.000
1326	  G	  0.0	  5.3	0.000	0.000	0.000
1327	  D	  0.0	  6.9	0.000	0.000	0.000
1328	  N	  0.0	  6.9	0.000	0.000	0.000
1329	  N	  0.0	  4.5	0.000	0.000	0.000
1330	  G	  0.0	  4.3	0.000	0.000	0.000
1331	  N	  0.0	  2.0	0.000	0.000	0.000
1332	  S	  0.1	  1.8	0.000	0.000	0.000
1333	  A	  0.1	  2.2	0.000	0.000	0.000
1334	  G	  0.1	  2.3	0.000	0.000	0.000
1335	  N	  0.0	  2.1	0.000	0.000	0.000
1336	  N	  0.0	  2.7	0.000	0.000	0.000
1337	  A	  0.0	  1.2	0.000	0.000	0.000
1338	  G	  0.0	  1.3	0.000	0.000	0.000
1339	  E	  0.0	  1.5	0.000	0.000	0.000
1340	  S	  0.0	  0.6	0.000	0.000	0.000
1341	  D	  0.1	  0.5	0.000	0.000	0.000
1342	  H	  0.7	  0.3	0.000	0.000	0.000
1343	  T	  2.7	  0.1	0.000	1.034	1.034
1344	  T	  5.9	  0.1	0.000	1.393	1.393
1345	  V	  9.2	  0.0	0.000	1.393	1.393
1346	  I	  9.4	  0.0	0.000	1.393	1.393
1347	  T	  6.3	  0.8	0.000	1.393	1.393
1348	  S	  2.3	  1.6	0.000	0.474	0.474
1349	  N	  0.1	  1.6	0.000	0.000	0.000
1350	  G	  0.0	  1.6	0.000	0.000	0.000
1351	  T	  0.0	  1.0	0.000	0.000	0.000
1352	  P	  0.0	  0.3	0.000	0.000	0.000
1353	  T	  0.8	  0.3	0.000	8.828	8.828
1354	  S	  1.6	  0.3	0.000	10.765	10.765
1355	  V	  7.0	  0.0	0.000	13.763	13.763
1356	  F	  7.6	  0.0	0.000	13.893	13.893
1357	  V	  8.7	  0.0	0.000	13.893	13.893
1358	  S	  4.2	  0.0	0.000	6.152	6.152
1359	  H	  8.8	  0.0	0.000	3.560	3.560
1360	  I	  9.9	  0.0	0.000	3.424	3.424
1361	  T	 10.4	  0.0	0.000	1.412	1.412
1362	  T	  4.8	  0.1	0.000	0.351	0.351
1363	  T	  2.2	  0.2	0.000	0.131	0.131
1364	  D	  0.8	  9.1	0.000	0.000	0.000
1365	  S	  0.5	  9.6	0.000	0.000	0.000
1366	  N	  0.0	  9.5	0.000	0.000	0.000
1367	  G	  0.0	  9.4	0.000	0.000	0.000
1368	  N	  0.0	  3.2	0.000	0.000	0.000
1369	  P	  0.0	  2.8	0.000	0.000	0.000
1370	  S	  0.4	  2.8	0.000	0.000	0.000
1371	  T	  3.2	  2.8	0.000	1.460	1.460
1372	  I	  4.2	  0.1	0.000	3.675	3.675
1373	  A	  3.9	  0.0	0.000	3.675	3.675
1374	  T	  2.0	  0.0	0.000	3.675	3.675
1375	  T	  1.4	  0.0	0.000	3.675	3.675
1376	  L	  1.8	  0.0	0.000	3.548	3.548
1377	  A	  1.1	  0.0	0.000	1.624	1.624
1378	  L	  0.7	  0.3	0.000	0.000	0.000
1379	  P	  0.0	  0.8	0.000	0.000	0.000
1380	  S	  0.1	  1.0	0.000	0.000	0.000
1381	  S	  0.1	  4.7	0.000	0.000	0.000
1382	  G	  0.1	  4.4	0.000	0.000	0.000
1383	  N	  0.1	  4.9	0.000	0.000	0.000
1384	  N	  0.0	  4.9	0.000	0.000	0.000
1385	  S	  0.1	  4.8	0.000	0.000	0.000
1386	  G	  0.0	  4.8	0.000	0.000	0.000
1387	  N	  0.1	  4.8	0.000	0.000	0.000
1388	  N	  0.0	  4.8	0.000	0.000	0.000
1389	  S	  0.1	  4.8	0.000	0.000	0.000
1390	  G	  0.0	  4.8	0.000	0.000	0.000
1391	  N	  0.1	  4.8	0.000	0.000	0.000
1392	  N	  0.0	  4.8	0.000	0.000	0.000
1393	  S	  0.1	  4.8	0.000	0.000	0.000
1394	  G	  0.0	  4.8	0.000	0.000	0.000
1395	  N	  0.1	  4.8	0.000	0.000	0.000
1396	  N	  0.0	  4.8	0.000	0.000	0.000
1397	  S	  0.1	  4.8	0.000	0.000	0.000
1398	  G	  0.0	  4.8	0.000	0.000	0.000
1399	  N	  0.1	  5.8	0.000	0.000	0.000
1400	  N	  0.0	  6.0	0.000	0.000	0.000
1401	  N	  0.0	  3.7	0.000	0.000	0.000
1402	  G	  0.0	  3.7	0.000	0.000	0.000
1403	  N	  0.0	  2.0	0.000	0.000	0.000
1404	  S	  0.1	  1.9	0.000	0.000	0.000
1405	  A	  0.1	  2.2	0.000	0.000	0.000
1406	  G	  0.1	  2.3	0.000	0.000	0.000
1407	  N	  0.0	  2.2	0.000	0.000	0.000
1408	  N	  0.0	  2.7	0.000	0.000	0.000
1409	  A	  0.0	  1.2	0.000	0.000	0.000
1410	  G	  0.0	  1.3	0.000	0.000	0.000
1411	  E	  0.0	  1.5	0.000	0.000	0.000
1412	  S	  0.0	  0.6	0.000	0.000	0.000
1413	  D	  0.1	  0.5	0.000	0.000	0.000
1414	  H	  0.7	  0.3	0.000	0.000	0.000
1415	  T	  2.7	  0.1	0.000	1.034	1.034
1416	  T	  5.9	  0.1	0.000	1.393	1.393
1417	  V	  9.2	  0.0	0.000	1.393	1.393
1418	  I	  9.4	  0.0	0.000	1.393	1.393
1419	  T	  6.3	  0.8	0.000	1.393	1.393
1420	  S	  2.3	  1.6	0.000	0.474	0.474
1421	  N	  0.1	  1.6	0.000	0.000	0.000
1422	  G	  0.0	  1.6	0.000	0.000	0.000
1423	  T	  0.0	  1.0	0.000	0.000	0.000
1424	  P	  0.0	  0.3	0.000	0.000	0.000
1425	  T	  0.8	  0.3	0.000	8.828	8.828
1426	  S	  1.6	  0.3	0.000	10.764	10.764
1427	  V	  7.0	  0.0	0.000	13.783	13.783
1428	  F	  7.6	  0.0	0.000	13.913	13.913
1429	  V	  8.7	  0.0	0.000	13.913	13.913
1430	  S	  4.2	  0.0	0.000	6.171	6.171
1431	  H	  8.8	  0.0	0.000	3.580	3.580
1432	  I	 10.1	  0.0	0.000	3.443	3.443
1433	  T	 10.7	  0.0	0.000	1.435	1.435
1434	  T	  5.2	  0.3	0.000	0.376	0.376
1435	  T	  1.9	  0.4	0.000	0.141	0.141
1436	  D	  0.4	  2.4	0.000	0.000	0.000
1437	  G	  0.0	  2.6	0.000	0.000	0.000
1438	  N	  0.0	  2.4	0.000	0.000	0.000
1439	  G	  0.0	  2.3	0.000	0.000	0.000
1440	  S	  0.0	  0.6	0.143	0.000	0.000
1441	  P	  0.0	  0.3	0.143	0.000	0.000
1442	  T	  1.0	  0.3	0.143	0.000	0.000
1443	  T	  8.0	  0.3	0.143	0.000	0.000
1444	  I	  9.0	  0.0	0.143	0.000	0.000
1445	  R	  8.3	  0.0	0.143	0.000	0.000
1446	  T	  2.2	  0.0	0.000	0.000	0.000
1447	  L	  1.2	  0.0	0.000	0.000	0.000
1448	  I	  1.0	  0.2	0.000	0.000	0.000
1449	  P	  0.1	  0.4	0.000	0.000	0.000
1450	  S	  0.9	  1.1	0.000	0.000	0.000
1451	  S	  1.0	  1.2	0.000	0.000	0.000
1452	  S	  1.0	  1.0	0.240	0.000	0.000
1453	  E	  0.2	  0.9	0.240	0.000	0.000
1454	  F	  1.1	  0.1	0.240	0.000	0.000
1455	  L	  1.2	  0.1	0.240	0.000	0.000
1456	  S	  1.8	  1.0	0.240	0.000	0.000
1457	  Q	  1.1	  1.0	0.240	0.000	0.000
1458	  N	  3.6	  1.0	0.108	0.000	0.000
1459	  I	  4.9	  1.0	0.000	0.000	0.000
1460	  I	  4.7	  0.1	0.000	0.000	0.000
1461	  S	  2.1	  0.1	0.000	0.000	0.000
1462	  N	  0.1	  0.1	0.000	0.000	0.000
1463	  T	  0.1	  0.1	0.125	0.000	0.000
1464	  P	  0.1	  0.0	0.125	0.000	0.000
1465	  I	  1.2	  0.0	0.125	0.000	0.000
1466	  N	  1.3	  0.2	0.125	0.000	0.000
1467	  S	  1.4	  0.2	0.125	0.000	0.000
1468	  Q	  0.3	  0.4	0.125	0.000	0.000
1469	  A	  0.3	  0.4	0.000	0.000	0.000
1470	  N	  1.4	  0.5	0.000	0.000	0.000
1471	  I	  2.5	  0.4	0.000	0.000	0.000
1472	  S	  2.3	  0.2	0.000	0.000	0.000
1473	  S	  1.2	  0.8	0.000	0.000	0.000
1474	  P	  0.0	  0.6	0.000	0.000	0.000
1475	  T	  0.3	  0.6	0.000	0.000	0.000
1476	  N	  0.3	  1.8	0.000	0.000	0.000
1477	  K	  0.4	  1.4	0.000	0.000	0.000
1478	  S	  0.4	  1.3	0.111	0.000	0.000
1479	  S	  0.7	  1.4	0.350	0.000	0.000
1480	  R	  0.8	  0.3	0.350	0.000	0.000
1481	  T	  1.3	  0.2	0.350	0.000	0.000
1482	  T	  3.7	  0.1	0.350	0.000	0.000
1483	  L	  3.5	  0.2	0.350	0.000	0.000
1484	  Q	  2.7	  0.3	0.350	0.000	0.000
1485	  G	  0.1	  0.3	0.000	0.000	0.000
1486	  T	  2.8	  0.3	0.000	0.000	0.000
1487	  H	  5.7	  0.2	0.000	0.000	0.000
1488	  T	  6.1	  0.0	0.000	0.000	0.000
1489	  V	  3.5	  0.0	0.000	0.000	0.000
1490	  P	  0.5	  0.0	0.000	0.000	0.000
1491	  T	 27.2	  0.0	0.000	0.000	0.000
1492	  V	 27.4	  0.0	0.000	0.000	0.000
1493	  S	 27.4	  2.0	0.000	0.000	0.000
1494	  P	  0.3	  2.1	0.000	0.000	0.000
1495	  S	  0.1	  2.1	0.000	0.000	0.000
1496	  S	 10.3	  2.2	0.000	0.000	0.000
1497	  V	 11.2	  0.3	0.000	0.000	0.000
1498	  S	 11.2	  0.2	0.000	0.000	0.000
1499	  S	  1.7	  0.3	0.000	0.000	0.000
1500	  A	  1.3	  0.2	0.000	0.000	0.000
1501	  T	 20.3	  0.2	0.000	0.000	0.000
1502	  F	 20.9	  0.2	0.000	0.000	0.000
1503	  T	 20.2	  0.4	0.000	0.000	0.000
1504	  G	  1.4	  0.8	0.112	0.000	0.000
1505	  A	  0.0	  0.9	0.112	0.000	0.000
1506	  G	  0.0	  0.9	0.112	0.000	0.000
1507	  E	  0.1	  0.6	0.112	0.000	0.000
1508	  K	  0.8	  0.2	0.112	0.000	0.000
1509	  L	  3.8	  0.1	0.112	0.000	0.000
1510	  N	  5.2	  0.3	0.388	0.000	0.000
1511	  V	  5.3	  0.3	0.276	0.002	0.002
1512	  S	  2.4	  0.3	0.803	0.275	0.275
1513	  K	  1.2	  0.3	0.803	2.456	2.456
1514	  L	  0.7	  0.1	0.803	83.138	83.138
1515	  Y	  1.1	  0.1	0.803	97.151	97.151
1516	  A	  1.0	  0.0	0.527	97.886	97.886
1517	  A	  1.4	  0.0	0.527	98.749	98.749
1518	  V	  8.5	  0.0	0.355	99.778	99.778
1519	  V	 10.8	  0.1	0.355	99.863	99.863
1520	  L	 10.2	  0.2	0.355	99.865	99.865
1521	  S	  2.8	  0.2	0.252	99.836	99.836
1522	  G	  0.2	  0.2	0.147	99.841	99.841
1523	  I	  7.5	  0.1	0.000	99.944	99.944
1524	  V	  9.5	  0.0	0.000	99.948	99.948
1525	  L	 10.8	  0.0	0.000	99.882	99.882
1526	  C	  6.3	  0.0	0.000	99.503	99.503
1527	  I	 11.0	  0.0	0.000	99.436	99.436
1528	  I	  9.6	  0.0	0.000	96.168	96.168
1529	  V	  6.9	  0.0	0.000	2.457	2.457
