res	aa	Beta	Turn	Helix	Aggregation	Conc-Stab_Aggregation
01	  M	  1.6	  0.0	0.111	0.000	0.000
02	  K	  1.8	  0.0	0.921	0.000	0.000
03	  L	  2.7	  0.0	1.026	68.671	68.671
04	  L	  1.9	  0.0	1.026	89.390	89.390
05	  L	  3.5	  0.0	1.026	97.679	97.679
06	  V	  6.6	  0.0	1.026	99.080	99.080
07	  L	  6.0	  0.0	1.026	99.156	99.156
08	  M	  4.5	  0.0	1.026	97.513	97.513
09	  A	  1.0	  0.0	1.026	94.866	94.866
10	  V	  1.7	  0.0	0.841	92.401	92.401
11	  A	  1.5	  0.0	0.841	62.079	62.079
12	  T	  2.2	  0.0	0.287	36.342	36.342
13	  A	  1.5	  0.0	0.287	20.836	20.836
14	  Q	  3.7	  0.0	0.287	7.690	7.690
15	  I	  3.2	  0.0	0.000	7.145	7.145
16	  V	  2.9	  0.3	0.000	0.864	0.864
17	  P	  0.6	  0.3	0.000	0.383	0.383
18	  N	  2.2	  0.3	0.000	0.000	0.000
19	  T	  2.7	  0.3	0.000	0.000	0.000
20	  I	  2.7	  0.2	0.000	0.000	0.000
21	  P	  0.6	  0.2	0.000	0.000	0.000
22	  T	  0.6	  0.2	0.000	0.000	0.000
23	  N	  0.7	  0.7	0.000	0.000	0.000
24	  T	  1.3	  0.6	0.000	0.000	0.000
25	  N	  0.9	  1.0	0.000	0.000	0.000
26	  T	  1.3	  1.0	0.000	0.000	0.000
27	  N	  0.9	  1.2	0.000	0.000	0.000
28	  T	  0.8	  1.2	0.000	0.000	0.000
29	  N	  0.4	  0.7	0.000	0.000	0.000
30	  A	  0.5	  0.7	0.000	0.000	0.000
31	  I	  2.4	  0.1	0.000	0.000	0.000
32	  N	  2.5	  0.7	0.188	0.000	0.000
33	  T	  2.3	  0.7	0.188	0.000	0.000
34	  N	  0.4	  0.7	0.188	0.000	0.000
35	  A	  0.5	  0.7	0.188	0.000	0.000
36	  I	  2.4	  0.1	0.188	0.000	0.000
37	  N	  2.4	  0.3	0.188	0.000	0.000
38	  T	  2.5	  0.3	0.000	0.000	0.000
39	  N	  2.1	  0.8	0.000	0.000	0.000
40	  I	  2.1	  0.8	0.000	0.000	0.000
41	  N	  1.7	  2.0	0.000	0.000	0.000
42	  N	  0.2	  2.4	0.000	0.000	0.000
43	  N	  0.0	  2.1	0.000	0.000	0.000
44	  G	  0.0	  2.1	0.000	0.000	0.000
45	  S	 19.6	  0.7	0.000	0.000	0.000
46	  Y	 22.3	  0.4	0.000	0.000	0.000
47	  S	 26.5	  0.2	0.000	0.000	0.000
48	  I	  8.2	  0.3	0.000	0.000	0.000
49	  S	  5.6	  0.6	0.000	0.000	0.000
50	  S	  1.2	  0.6	0.000	0.000	0.000
51	  S	  5.5	  0.6	0.000	0.000	0.000
52	  I	  5.4	  0.6	0.000	0.000	0.000
53	  S	  5.5	  0.2	0.000	0.000	0.000
54	  S	 10.5	  0.3	0.000	0.000	0.000
55	  V	 11.0	  0.2	0.000	0.000	0.000
56	  S	 11.0	  0.2	0.000	0.000	0.000
57	  S	  2.5	  0.2	0.000	0.000	0.000
58	  V	  2.2	  0.1	0.000	0.000	0.000
59	  Q	  2.2	  0.0	0.000	0.000	0.000
60	  S	  5.5	  0.1	0.000	0.000	0.000
61	  I	  5.0	  0.3	0.000	0.000	0.000
62	  S	  5.1	  0.2	0.000	0.000	0.000
63	  S	 17.2	  0.3	0.000	0.000	0.000
64	  F	 17.6	  0.3	0.000	0.000	0.000
65	  S	 17.6	  0.2	0.000	0.000	0.000
66	  S	 17.9	  0.3	0.000	0.000	0.000
67	  F	 17.7	  0.4	0.000	0.000	0.000
68	  S	 17.5	  0.3	0.000	0.000	0.000
69	  S	  5.5	  0.6	0.000	0.000	0.000
70	  L	  4.5	  0.6	0.000	0.000	0.000
71	  S	  5.2	  1.1	0.000	0.000	0.000
72	  S	  1.9	  1.9	0.000	0.000	0.000
73	  S	  2.4	  2.4	0.000	0.000	0.000
74	  S	  2.5	  3.1	0.000	0.000	0.000
75	  S	  2.5	  3.0	0.000	0.000	0.000
76	  S	  1.8	  2.3	0.000	0.000	0.000
77	  S	  1.3	  1.5	0.000	0.000	0.000
78	  I	  1.5	  0.7	0.000	0.000	0.000
79	  A	  2.0	  0.0	0.000	0.000	0.000
80	  S	  1.9	  0.0	0.000	0.000	0.000
81	  V	  0.9	  0.1	0.000	0.000	0.000
82	  P	  0.2	  0.1	0.000	0.000	0.000
83	  T	  5.6	  0.1	0.000	0.000	0.000
84	  L	  7.3	  0.1	0.000	0.000	0.000
85	  S	  8.4	  0.0	0.000	0.000	0.000
86	  V	  3.5	  0.0	0.000	0.000	0.000
87	  L	  1.5	  0.2	0.000	0.000	0.000
88	  P	  0.4	  0.2	0.000	0.000	0.000
89	  T	  1.3	  0.4	0.000	0.000	0.000
90	  S	  1.4	  1.9	0.000	0.000	0.000
91	  S	  1.4	  1.8	0.000	0.000	0.000
92	  N	  0.2	  2.6	0.000	0.000	0.000
93	  S	  0.4	  2.5	0.000	0.000	0.000
94	  S	  0.7	  1.1	0.000	0.000	0.000
95	  T	 13.3	  0.9	0.000	0.000	0.000
96	  I	 13.5	  0.1	0.000	0.000	0.000
97	  S	 13.4	  0.1	0.000	0.000	0.000
98	  S	  2.5	  0.3	0.000	0.000	0.000
99	  T	  2.3	  0.4	0.000	0.000	0.000
100	  S	  7.2	  0.6	0.000	0.000	0.000
101	  L	  5.8	  0.6	0.000	0.000	0.000
102	  S	  6.2	  1.2	0.000	0.000	0.000
103	  S	  1.9	  1.9	0.000	0.000	0.000
104	  S	  2.4	  2.4	0.000	0.000	0.000
105	  S	  2.4	  3.0	0.000	0.000	0.000
106	  S	  2.4	  3.2	0.000	0.000	0.000
107	  S	  1.7	  2.4	0.000	0.000	0.000
108	  S	  3.6	  2.7	0.000	0.000	0.000
109	  A	  2.9	  2.0	0.000	0.000	0.000
110	  S	  3.6	  1.9	0.000	0.000	0.000
111	  S	  1.0	  1.9	0.000	0.000	0.000
112	  S	  5.9	  1.3	0.000	0.000	0.000
113	  L	  5.4	  1.2	0.000	0.000	0.000
114	  S	  6.1	  1.2	0.000	0.000	0.000
115	  S	  1.9	  1.9	0.000	0.000	0.000
116	  S	  2.4	  2.3	0.000	0.000	0.000
117	  S	  2.4	  2.8	0.000	0.000	0.000
118	  S	  1.7	  2.1	0.000	0.000	0.000
119	  S	  6.2	  1.5	0.000	0.000	0.000
120	  I	  5.9	  0.8	0.000	0.000	0.000
121	  S	  6.6	  0.9	0.000	0.000	0.000
122	  S	  2.2	  1.7	0.000	0.000	0.000
123	  S	  2.4	  2.3	0.000	0.000	0.000
124	  S	  2.4	  3.0	0.000	0.000	0.000
125	  S	  2.4	  3.1	0.000	0.000	0.000
126	  S	  2.5	  3.1	0.000	0.000	0.000
127	  S	  2.5	  3.1	0.000	0.000	0.000
128	  S	  2.4	  2.9	0.000	0.000	0.000
129	  S	  1.9	  2.2	0.000	0.000	0.000
130	  S	  1.7	  1.5	0.000	0.000	0.000
131	  T	  3.6	  0.8	0.000	0.000	0.000
132	  T	  4.5	  0.2	0.000	0.000	0.000
133	  S	  4.2	  0.3	0.000	0.000	0.000
134	  S	  3.4	  0.4	0.000	0.000	0.000
135	  T	  3.4	  0.5	0.000	0.000	0.000
136	  S	  3.9	  1.2	0.000	0.000	0.000
137	  S	  2.9	  1.9	0.000	0.000	0.000
138	  S	  2.5	  2.4	0.000	0.000	0.000
139	  S	  2.4	  3.1	0.000	0.000	0.000
140	  S	  2.4	  3.1	0.000	0.000	0.000
141	  S	  2.4	  3.1	0.000	0.000	0.000
142	  S	  2.4	  3.1	0.000	0.000	0.000
143	  S	  2.4	  3.0	0.000	0.000	0.000
144	  S	  2.4	  3.0	0.000	0.000	0.000
145	  S	  2.4	  3.0	0.000	0.000	0.000
146	  S	  2.4	  3.0	0.000	0.000	0.000
147	  S	  2.4	  3.0	0.000	0.000	0.000
148	  S	  2.4	  3.0	0.000	0.000	0.000
149	  S	  2.4	  3.0	0.000	0.000	0.000
150	  S	  2.4	  3.0	0.000	0.000	0.000
151	  S	  2.4	  3.1	0.000	0.000	0.000
152	  S	  2.4	  3.1	0.000	0.000	0.000
153	  S	  2.5	  3.0	0.000	0.000	0.000
154	  S	  2.4	  2.9	0.000	0.000	0.000
155	  S	  2.3	  2.7	0.000	0.000	0.000
156	  S	  1.7	  2.0	0.000	0.000	0.000
157	  S	  1.4	  1.3	0.000	0.000	0.000
158	  T	 11.9	  0.6	0.000	0.000	0.000
159	  I	 16.7	  0.1	0.000	0.000	0.000
160	  T	 16.5	  0.0	0.000	0.000	0.000
161	  T	  5.6	  0.2	0.000	0.000	0.000
162	  P	  0.2	  0.2	0.000	0.000	0.000
163	  T	  1.7	  0.2	0.000	0.000	0.000
164	  T	  1.9	  0.2	0.000	0.000	0.000
165	  T	  2.0	  0.1	0.000	0.000	0.000
166	  E	  0.4	  0.0	0.000	0.000	0.000
167	  N	  0.1	  0.2	0.000	0.000	0.000
168	  P	  0.0	  0.2	0.000	0.000	0.000
169	  T	 11.6	  0.2	0.096	1.896	1.896
170	  I	 13.8	  0.2	0.096	4.793	4.793
171	  T	 14.1	  0.0	0.096	4.793	4.793
172	  S	  3.1	  0.0	0.417	4.793	4.793
173	  I	  2.2	  0.0	0.417	4.793	4.793
174	  I	  2.2	  0.3	0.417	4.642	4.642
175	  E	  1.7	  0.7	0.417	0.000	0.000
176	  G	  0.3	  0.8	0.417	0.000	0.000
177	  K	  0.8	  0.8	0.417	0.000	0.000
178	  T	  3.4	  0.5	0.000	0.000	0.000
179	  I	  4.7	  0.1	0.000	0.000	0.000
180	  L	  4.0	  0.2	0.000	0.000	0.000
181	  S	  1.4	  0.3	0.000	0.000	0.000
182	  D	  0.3	  0.3	0.147	0.000	0.000
183	  L	  0.5	  0.3	0.147	7.607	7.607
184	  Y	  1.4	  0.1	0.147	8.574	8.574
185	  T	  1.8	  0.0	0.147	9.078	9.078
186	  T	  9.7	  0.0	0.147	9.078	9.078
187	  I	 21.3	  0.0	0.147	9.078	9.078
188	  T	 43.3	  0.0	0.147	7.042	7.042
189	  Y	 36.2	  0.0	0.147	5.607	5.607
190	  T	 25.1	  0.2	0.000	0.000	0.000
191	  P	  0.4	  0.2	0.000	0.000	0.000
192	  T	  0.8	  0.3	0.000	0.000	0.000
193	  A	  1.3	  0.3	0.000	0.000	0.000
194	  T	  1.5	  0.3	0.000	0.000	0.000
195	  H	  0.7	  0.8	0.000	0.000	0.000
196	  G	  0.2	  1.2	0.170	0.000	0.000
197	  A	  0.1	  1.2	0.170	0.000	0.000
198	  N	  0.0	  1.1	0.170	0.000	0.000
199	  N	  0.0	  0.7	0.170	0.000	0.000
200	  K	  0.2	  0.1	0.170	0.000	0.000
201	  K	  2.0	  0.1	0.170	0.000	0.000
202	  V	  4.8	  0.1	0.000	0.000	0.000
203	  H	  4.9	  0.3	0.000	0.000	0.000
204	  H	  3.1	  0.4	0.000	0.000	0.000
205	  G	  0.3	  0.4	0.000	0.000	0.000
206	  L	  0.4	  0.4	0.000	0.000	0.000
207	  S	  0.4	  0.2	0.346	0.000	0.000
208	  K	  0.4	  0.3	0.346	0.000	0.000
209	  K	  0.2	  0.3	0.346	0.000	0.000
210	  N	  0.1	  0.9	0.346	0.000	0.000
211	  R	  0.4	  0.8	0.346	0.000	0.000
212	  N	  2.3	  0.6	0.346	2.003	2.003
213	  I	  9.9	  0.6	0.000	50.747	50.747
214	  V	 10.4	  0.0	0.000	60.790	60.790
215	  I	  8.6	  0.2	0.000	61.586	61.586
216	  G	  1.1	  0.2	0.000	61.619	61.619
217	  C	  2.2	  0.2	0.000	61.941	61.941
218	  V	  3.1	  0.2	0.000	61.776	61.776
219	  V	  3.5	  0.2	0.000	59.296	59.296
220	  G	  1.5	  0.3	0.000	30.738	30.738
221	  I	  0.7	  0.3	0.000	28.179	28.179
222	  G	  0.3	  0.3	0.000	0.000	0.000
223	  V	  0.3	  0.1	0.000	0.000	0.000
224	  P	  0.0	  0.0	2.364	1.037	1.037
225	  L	  1.3	  0.0	2.364	84.153	84.153
226	  I	  8.7	  0.0	2.782	98.588	98.588
227	  V	 10.1	  0.0	3.992	99.843	99.843
228	  L	 10.7	  0.0	4.323	99.947	99.947
229	  T	  4.2	  0.0	7.851	99.965	99.965
230	  L	  3.3	  0.0	7.851	99.994	99.994
231	  F	  2.1	  0.0	7.851	99.999	99.999
232	  L	  1.6	  0.0	7.534	99.997	99.997
233	  L	  1.6	  0.0	7.534	99.982	99.982
234	  Y	  2.4	  0.0	7.534	99.894	99.894
235	  V	  5.2	  0.0	6.538	99.581	99.581
236	  F	  7.8	  0.0	6.452	96.075	96.075
237	  C	  9.4	  0.0	4.048	50.688	50.688
238	  I	  8.4	  0.0	3.466	46.633	46.633
239	  R	  5.4	  0.0	3.466	0.003	0.003
240	  S	  2.3	  0.2	1.778	0.000	0.000
241	  P	  0.1	  0.3	0.289	0.000	0.000
242	  K	  0.1	  0.4	0.289	0.000	0.000
243	  T	  0.5	  0.4	0.289	0.000	0.000
244	  D	  0.9	  0.2	0.289	0.000	0.000
245	  F	  2.0	  0.2	0.289	0.000	0.000
246	  I	  2.7	  0.1	0.000	0.000	0.000
247	  N	  2.3	  7.7	0.000	0.000	0.000
248	  S	  1.1	  8.2	0.000	0.000	0.000
249	  D	  0.0	  8.2	0.000	0.000	0.000
250	  G	  0.0	  8.2	0.147	0.000	0.000
251	  K	  2.0	  0.6	0.147	0.000	0.000
252	  V	  5.7	  0.0	0.147	2.488	2.488
253	  I	  9.7	  0.0	0.147	2.488	2.488
254	  T	  8.5	  0.0	0.147	2.488	2.488
255	  A	  5.5	  0.0	0.147	2.488	2.488
256	  Y	  1.9	  0.0	0.147	2.488	2.488
257	  R	  1.1	  0.7	0.000	0.000	0.000
258	  P	  0.3	  0.8	0.000	0.000	0.000
259	  N	  0.2	  0.8	0.497	0.000	0.000
260	  K	  5.4	  0.8	0.497	0.000	0.000
261	  I	  7.6	  0.0	0.497	0.000	0.000
262	  T	  8.5	  0.0	0.497	0.000	0.000
263	  K	  3.5	  0.0	0.497	0.000	0.000
264	  W	  1.9	  0.0	0.497	0.000	0.000
265	  W	  1.5	  0.0	0.139	0.000	0.000
266	  N	  1.4	  0.0	0.161	0.000	0.000
267	  A	  1.0	  0.0	0.161	0.000	0.000
268	  L	  0.5	  0.2	0.161	0.000	0.000
269	  M	  0.5	  0.3	0.161	0.000	0.000
270	  G	  0.2	  0.3	0.161	0.000	0.000
271	  R	  0.2	  0.3	0.161	0.000	0.000
272	  E	  3.8	  0.2	0.000	0.000	0.000
273	  I	  4.5	  0.1	0.000	0.000	0.000
274	  T	  4.3	  0.1	0.274	0.000	0.000
275	  E	  0.7	  0.1	0.274	0.000	0.000
276	  E	  1.3	  0.1	0.274	0.000	0.000
277	  Y	  2.7	  0.2	0.274	0.000	0.000
278	  Q	  2.9	  0.1	0.274	0.000	0.000
279	  S	  5.7	  0.1	0.274	0.000	0.000
280	  K	  4.3	  0.1	0.166	0.000	0.000
281	  S	  4.1	  0.7	0.000	0.000	0.000
282	  P	  0.0	  0.7	0.000	0.000	0.000
283	  L	  0.0	  1.5	0.000	0.000	0.000
284	  G	  0.0	  1.6	0.000	0.000	0.000
285	  G	  0.0	  0.9	0.000	0.000	0.000
286	  E	  0.2	  1.1	0.000	0.000	0.000
287	  A	  0.2	  0.6	0.000	0.000	0.000
288	  S	  0.2	  0.5	0.000	0.000	0.000
289	  D	  1.4	  0.4	0.000	0.000	0.000
290	  F	  2.2	  0.7	0.000	0.000	0.000
291	  E	  2.2	  0.4	0.125	0.000	0.000
292	  D	  0.8	  0.5	0.652	0.000	0.000
293	  S	  0.1	  0.5	0.856	0.000	0.000
294	  E	  0.1	  0.2	0.856	0.000	0.000
295	  L	  0.3	  0.2	0.856	0.000	0.000
296	  A	  0.4	  0.1	0.856	0.000	0.000
297	  Y	  0.6	  0.4	0.856	0.000	0.000
298	  A	  0.4	  0.7	0.204	0.000	0.000
299	  D	  0.2	  3.6	0.000	0.000	0.000
300	  D	  0.0	  5.5	0.000	0.000	0.000
301	  D	  0.0	  5.2	0.290	0.000	0.000
302	  D	  0.0	  5.7	0.619	0.000	0.000
303	  E	  0.0	  2.8	0.619	0.000	0.000
304	  S	  5.3	  1.3	0.619	0.000	0.000
305	  L	  7.3	  1.3	0.619	0.000	0.000
306	  S	  7.9	  0.7	0.619	0.000	0.000
307	  Y	  3.1	  1.2	0.508	0.000	0.000
308	  G	  0.8	  1.1	0.000	0.000	0.000
309	  A	  0.2	  1.2	0.000	0.000	0.000
310	  S	  0.0	  1.0	0.000	0.000	0.000
311	  N	  0.3	  1.8	0.110	0.000	0.000
312	  M	  0.6	  1.7	0.110	0.000	0.000
313	  D	  0.7	  1.6	0.110	0.000	0.000
314	  S	  0.9	  1.6	0.110	0.000	0.000
315	  R	  0.7	  0.2	0.110	0.000	0.000
316	  Q	  0.6	  0.8	0.110	0.000	0.000
317	  P	  0.1	  0.6	0.000	0.000	0.000
318	  N	  0.0	  2.8	0.000	0.000	0.000
319	  R	  0.1	  2.8	0.000	0.000	0.000
320	  N	  0.2	  3.2	0.000	0.000	0.000
321	  N	  0.1	  3.7	0.000	0.000	0.000
322	  S	  0.0	  2.0	0.000	0.000	0.000
323	  G	  0.0	  2.2	0.000	0.000	0.000
324	  A	  0.6	  1.2	0.000	0.000	0.000
325	  S	  0.7	  0.7	0.000	0.000	0.000
326	  H	  0.7	  0.8	0.000	0.000	0.000
327	  P	  0.1	  0.6	0.000	0.000	0.000
328	  T	  2.2	  0.7	0.000	0.000	0.000
329	  R	  2.4	  1.0	0.000	0.000	0.000
330	  S	  2.4	  0.9	0.000	0.000	0.000
331	  N	  0.2	  0.9	0.000	0.000	0.000
332	  N	  0.4	  0.7	0.000	0.000	0.000
333	  L	  1.7	  0.4	0.000	0.000	0.000
334	  I	  2.5	  0.0	0.000	0.000	0.000
335	  M	  2.2	  0.1	0.144	0.000	0.000
336	  E	  0.8	  0.3	0.144	0.000	0.000
337	  E	  0.0	  0.3	0.144	0.000	0.000
338	  D	  0.1	  0.3	0.144	0.000	0.000
339	  R	  1.3	  0.2	0.144	0.000	0.000
340	  F	  2.9	  0.1	0.144	0.000	0.000
341	  Y	  3.0	  0.1	0.000	0.000	0.000
342	  D	  1.8	  0.9	0.000	0.000	0.000
343	  E	  0.2	  1.1	0.000	0.000	0.000
344	  H	  0.0	  2.1	0.000	0.000	0.000
345	  G	  0.0	  2.1	0.000	0.000	0.000
346	  N	  0.0	  1.4	0.000	0.000	0.000
347	  E	  0.6	  1.2	0.000	0.000	0.000
348	  L	  0.9	  0.1	0.000	0.000	0.000
349	  T	  2.6	  0.1	0.000	0.000	0.000
350	  T	  2.5	  0.1	0.000	0.000	0.000
351	  T	  2.6	  0.1	0.000	0.000	0.000
352	  N	  0.9	  0.1	0.000	0.000	0.000
353	  Y	  0.4	  0.1	0.000	0.000	0.000
