res	aa	Beta	Turn	Helix	Aggregation	Conc-Stab_Aggregation
01	  M	  0.4	  0.4	0.000	0.000	0.000
02	  S	  0.4	  1.0	0.000	0.000	0.000
03	  S	  0.5	  1.2	0.000	0.000	0.000
04	  G	  0.1	  1.3	0.000	0.000	0.000
05	  K	  0.3	  1.0	0.000	0.000	0.000
06	  E	  0.7	  0.3	0.000	0.000	0.000
07	  C	  2.0	  0.2	0.158	0.000	0.000
08	  Q	  2.4	  0.0	0.158	0.000	0.000
09	  I	  2.1	  0.0	0.158	0.000	0.000
10	  C	  1.0	  0.1	0.158	0.000	0.000
11	  K	  0.5	  0.7	0.158	0.000	0.000
12	  K	  0.3	  1.0	0.158	0.000	0.000
13	  D	  0.1	  1.0	0.490	0.000	0.000
14	  D	  0.4	  0.8	5.700	0.000	0.000
15	  F	  1.6	  0.3	5.700	0.000	0.000
16	  K	  2.5	  0.0	5.700	0.000	0.000
17	  Y	  8.1	  0.0	5.700	0.000	0.000
18	  K	  7.0	  0.0	5.700	0.000	0.000
19	  C	  6.1	  0.5	5.700	0.000	0.000
20	  P	  0.1	  0.7	0.000	0.000	0.000
21	  K	  0.3	  0.8	0.000	0.000	0.000
22	  C	  0.5	  0.8	0.000	0.000	0.000
23	  G	  0.6	  0.3	0.000	0.000	0.000
24	  I	  3.3	  0.1	0.000	0.000	0.000
25	  K	  3.8	  0.0	0.000	0.000	0.000
26	  Y	  5.9	  0.1	0.000	0.000	0.000
27	  C	  4.4	  0.2	0.144	0.000	0.000
28	  S	  3.6	  0.2	0.502	0.000	0.000
29	  L	  1.7	  0.3	0.502	0.000	0.000
30	  A	  0.6	  0.2	0.502	0.000	0.000
31	  C	  4.2	  0.1	0.502	0.000	0.000
32	  Y	  4.4	  0.3	0.502	0.000	0.000
33	  K	  4.3	  0.2	0.358	0.000	0.000
34	  N	  0.6	  0.3	0.107	0.000	0.000
35	  E	  0.1	  0.3	0.000	0.000	0.000
36	  E	  1.2	  0.1	0.000	0.000	0.000
37	  L	  4.4	  0.1	0.000	0.000	0.000
38	  H	  8.6	  0.0	0.000	0.000	0.000
39	  I	  8.0	  0.0	0.000	0.000	0.000
40	  H	  4.9	  0.6	0.000	0.000	0.000
41	  K	  0.8	  0.6	0.000	0.000	0.000
42	  D	  0.3	  0.6	0.391	0.000	0.000
43	  A	  0.5	  0.6	0.391	0.000	0.000
44	  V	  2.2	  0.0	0.391	0.000	0.000
45	  T	  2.5	  0.0	0.391	0.000	0.000
46	  T	  2.1	  0.1	0.391	0.000	0.000
47	  E	  1.6	  0.1	0.391	0.000	0.000
48	  L	  1.4	  0.1	0.251	0.000	0.000
49	  K	  1.7	  0.1	0.251	0.000	0.000
50	  T	  0.6	  0.1	1.230	0.000	0.000
51	  E	  0.5	  0.2	1.230	0.000	0.000
52	  Q	  0.2	  0.4	1.230	0.000	0.000
53	  E	  0.1	  0.4	1.230	0.000	0.000
54	  D	  0.1	  0.5	1.356	0.000	0.000
55	  K	  0.3	  0.5	1.356	0.000	0.000
56	  T	  0.6	  0.3	0.907	0.000	0.000
57	  S	  0.8	  0.4	1.135	0.000	0.000
58	  A	  0.7	  0.5	0.836	0.000	0.000
59	  K	  0.3	  0.5	0.655	0.000	0.000
60	  D	  0.1	  0.7	0.228	0.000	0.000
61	  K	  0.4	  0.5	0.228	0.000	0.000
62	  T	  0.6	  0.4	0.228	0.000	0.000
63	  E	  0.6	  0.4	0.228	0.000	0.000
64	  S	  0.5	  0.2	1.056	0.000	0.000
65	  S	  1.3	  0.2	1.140	0.000	0.000
66	  V	  3.7	  0.1	1.140	0.000	0.000
67	  I	  6.5	  0.0	1.140	0.000	0.000
68	  K	  6.4	  0.0	1.140	0.000	0.000
69	  F	  4.3	  0.1	1.140	0.000	0.000
70	  K	  1.7	  0.1	0.491	0.000	0.000
71	  T	  0.9	  0.1	0.610	0.000	0.000
72	  E	  0.7	  0.1	0.610	0.000	0.000
73	  K	  1.3	  0.1	0.610	0.000	0.000
74	  Y	  2.6	  0.4	0.610	0.000	0.000
75	  Q	  2.7	  0.3	0.610	0.000	0.000
76	  N	  3.9	  0.3	0.610	0.000	0.000
77	  I	  2.6	  0.3	0.421	0.000	0.000
78	  Y	  2.7	  0.2	0.421	0.000	0.000
79	  D	  0.6	  0.2	0.314	0.000	0.000
80	  N	  0.4	  0.2	0.000	0.000	0.000
81	  S	  0.0	  0.4	3.655	0.000	0.000
82	  P	  0.0	  0.3	3.898	0.000	0.000
83	  E	  0.9	  0.3	4.525	0.000	0.000
84	  I	  1.2	  0.3	4.642	0.000	0.000
85	  R	  1.3	  0.1	4.738	0.000	0.000
86	  E	  0.4	  0.1	4.738	0.000	0.000
87	  L	  0.5	  0.2	4.540	0.000	0.000
88	  L	  1.8	  0.2	4.266	0.000	0.000
89	  N	  2.5	  0.5	5.240	0.000	0.000
90	  Y	  2.8	  0.5	3.484	0.000	0.000
91	  N	  2.1	  0.4	1.581	0.000	0.000
92	  T	 15.9	  0.4	1.492	0.000	0.000
93	  V	 17.8	  0.0	1.492	0.000	0.000
94	  K	 17.6	  0.0	1.492	0.000	0.000
95	  F	  4.6	  0.0	0.885	0.000	0.000
96	  H	  1.9	  0.0	0.851	0.000	0.000
97	  L	  1.4	  0.0	0.731	0.000	0.000
98	  A	  0.6	  0.0	0.731	0.000	0.000
99	  K	  2.1	  0.0	0.731	0.000	0.000
100	  V	  3.1	  0.0	0.235	0.000	0.000
101	  H	  4.1	  0.0	0.235	0.000	0.000
102	  K	  2.9	  0.0	0.000	0.000	0.000
103	  I	  3.4	  0.0	0.000	31.161	31.161
104	  L	  2.3	  0.0	0.000	34.067	34.067
105	  T	  3.4	  0.0	0.000	34.067	34.067
106	  T	  3.9	  0.0	0.000	34.067	34.067
107	  T	  7.3	  0.0	0.000	34.067	34.067
108	  V	  6.3	  0.2	0.000	33.812	33.812
109	  A	  4.3	  0.2	0.000	15.491	15.491
110	  D	  0.6	  4.0	0.000	0.000	0.000
111	  S	  0.0	  4.4	0.000	0.000	0.000
112	  N	  0.0	  4.8	0.000	0.000	0.000
113	  D	  0.1	  4.9	0.092	0.000	0.000
114	  S	  0.7	  1.2	0.092	0.000	0.000
115	  T	  3.2	  0.7	0.092	0.000	0.000
116	  T	  3.6	  0.2	0.092	0.000	0.000
117	  S	  8.5	  0.4	0.219	0.000	0.000
118	  M	  6.3	  0.5	0.219	0.000	0.000
119	  S	  5.9	  0.6	3.289	0.000	0.000
120	  S	  0.4	  0.6	7.549	0.000	0.000
121	  E	  0.4	  0.2	7.946	0.000	0.000
122	  A	  0.4	  0.2	7.946	0.000	0.000
123	  K	  0.5	  0.1	7.946	0.000	0.000
124	  K	  0.2	  0.1	7.819	0.000	0.000
125	  Q	  0.3	  0.1	6.975	0.000	0.000
126	  L	  0.5	  0.1	4.698	0.000	0.000
127	  A	  0.6	  0.1	3.817	0.000	0.000
128	  I	  3.4	  0.1	3.347	0.000	0.000
129	  D	  3.1	  0.1	3.634	0.000	0.000
130	  Y	  3.9	  0.1	2.267	0.420	0.420
131	  L	  1.3	  0.1	1.527	0.420	0.420
132	  N	  1.3	  0.1	1.209	0.420	0.420
133	  T	  2.5	  0.1	0.915	0.420	0.420
134	  L	  3.4	  0.0	0.915	0.420	0.420
135	  R	  3.6	  0.0	0.915	0.000	0.000
136	  Y	  1.6	  3.9	0.443	0.000	0.000
137	  G	  0.3	  4.0	0.199	0.000	0.000
138	  G	  0.2	  4.0	0.096	0.000	0.000
139	  I	  3.1	  4.0	0.000	0.000	0.000
140	  H	  6.0	  0.2	0.000	0.000	0.000
141	  Y	  6.2	  0.1	0.000	0.000	0.000
142	  N	  3.2	  0.2	0.415	0.000	0.000
143	  E	  0.3	  0.2	0.415	0.000	0.000
144	  A	  0.1	  0.0	0.415	0.000	0.000
145	  L	  0.1	  0.2	0.415	0.000	0.000
146	  E	  0.1	  0.1	0.415	0.000	0.000
147	  E	  0.7	  0.1	0.415	0.000	0.000
148	  F	  2.6	  0.1	0.195	0.556	0.556
149	  C	  3.8	  0.0	0.000	0.556	0.556
150	  Q	  4.0	  0.0	0.000	0.556	0.556
151	  L	  5.5	  0.0	0.000	0.556	0.556
152	  T	  7.9	  0.0	0.355	0.556	0.556
153	  V	  7.7	  0.0	0.355	0.556	0.556
154	  A	  4.6	  0.0	0.355	0.255	0.255
155	  K	  1.4	  0.0	0.355	0.000	0.000
156	  L	  0.9	  0.0	0.355	0.000	0.000
157	  H	  0.7	  0.0	0.355	0.000	0.000
158	  K	  0.2	  0.0	0.000	0.000	0.000
