res	aa	Beta	Turn	Helix	Aggregation	Conc-Stab_Aggregation
01	  M	  0.4	  0.0	0.000	0.000	0.000
02	  N	  0.7	  0.0	0.000	0.198	0.198
03	  S	  3.8	  0.2	0.000	2.157	2.157
04	  I	  9.7	  0.2	0.000	29.970	29.970
05	  N	  9.5	  0.2	6.788	32.388	32.388
06	  I	  7.8	  0.2	6.788	92.257	92.257
07	  L	  4.2	  0.0	6.788	97.463	97.463
08	  T	  8.8	  0.0	7.233	98.367	98.367
09	  V	 10.5	  0.0	7.233	99.865	99.865
10	  F	  8.2	  0.0	7.233	99.988	99.988
11	  L	  3.8	  0.0	4.817	99.996	99.996
12	  F	  1.5	  0.0	4.817	99.983	99.983
13	  A	  1.2	  0.0	3.911	99.796	99.796
14	  Y	  2.3	  0.0	3.700	99.635	99.635
15	  F	  2.8	  0.0	3.048	99.064	99.064
16	  V	  4.3	  0.0	1.616	91.663	91.663
17	  H	  3.2	  0.1	1.616	2.044	2.044
18	  A	  2.2	  0.1	1.326	0.938	0.938
19	  K	  0.9	  0.1	1.225	0.000	0.000
20	  V	  1.3	  0.1	0.389	0.000	0.000
21	  G	  1.0	  0.0	0.389	0.000	0.000
22	  I	  0.7	  0.0	0.000	0.000	0.000
23	  P	  0.0	  0.0	0.000	0.000	0.000
24	  N	  0.0	  0.2	0.000	0.000	0.000
25	  P	  0.0	  0.2	0.000	0.000	0.000
26	  F	  0.3	  0.5	0.000	0.000	0.000
27	  E	  0.3	  0.6	0.000	0.000	0.000
28	  G	  0.4	  0.4	0.110	0.000	0.000
29	  T	  5.4	  0.5	0.110	0.000	0.000
30	  I	  5.5	  0.2	0.110	0.000	0.000
31	  N	  5.7	  0.1	0.110	0.000	0.000
32	  N	  0.5	  0.1	0.110	0.000	0.000
33	  F	  0.3	  1.4	0.110	0.000	0.000
34	  P	  0.1	  1.9	0.000	0.000	0.000
35	  S	  0.1	  2.8	0.000	0.000	0.000
36	  G	  0.1	  2.8	0.000	0.000	0.000
37	  C	  0.3	  1.4	0.000	0.000	0.000
38	  S	  0.2	  6.8	0.000	0.000	0.000
39	  P	  0.2	  5.9	0.000	0.000	0.000
40	  N	  0.0	  6.0	0.000	0.000	0.000
41	  H	  0.1	  6.1	0.000	0.000	0.000
42	  G	  0.1	  0.3	0.000	0.000	0.000
43	  L	  0.5	  0.2	0.000	0.000	0.000
44	  Y	  0.9	  0.1	0.000	0.000	0.000
45	  N	  0.9	  0.1	0.134	0.000	0.000
46	  R	  0.5	  0.2	0.134	0.000	0.000
47	  G	  0.1	  0.2	0.681	0.000	0.000
48	  L	  2.5	  0.1	0.681	0.000	0.000
49	  T	  3.5	  0.0	1.220	0.000	0.000
50	  M	  4.2	  0.1	1.220	0.000	0.000
51	  E	  2.0	  0.1	1.220	0.000	0.000
52	  L	  1.2	  0.2	1.220	0.377	0.377
53	  Y	  3.6	  0.2	1.220	0.377	0.377
54	  N	  4.4	  0.3	0.924	0.377	0.377
55	  Y	 10.1	  0.3	0.551	0.377	0.377
56	  S	  7.8	  0.1	0.271	0.377	0.377
57	  Y	  7.8	  0.1	0.271	0.377	0.377
58	  I	  2.0	  0.0	0.271	0.377	0.377
59	  H	  1.2	  0.4	0.271	0.000	0.000
60	  P	  0.2	  0.5	0.000	0.000	0.000
61	  Q	  0.1	  0.5	0.000	0.000	0.000
62	  S	  0.5	  0.5	0.000	0.000	0.000
63	  I	  0.7	  0.2	0.000	0.162	0.162
64	  Q	  1.4	  0.1	0.000	0.162	0.162
65	  S	  2.1	  0.1	0.000	0.162	0.162
66	  Y	  3.7	  0.1	0.000	0.162	0.162
67	  F	  3.6	  0.0	0.000	0.162	0.162
68	  N	  2.8	  0.3	3.987	0.000	0.000
69	  T	  1.7	  0.3	4.115	0.000	0.000
70	  S	  1.1	  0.3	4.434	0.000	0.000
71	  T	  3.7	  0.3	4.624	0.000	0.000
72	  L	  3.1	  0.1	4.624	0.000	0.000
73	  K	  3.0	  0.1	4.624	0.000	0.000
74	  K	  1.8	  0.0	2.746	0.000	0.000
75	  M	  1.8	  0.2	1.625	0.000	0.000
76	  E	  1.8	  0.8	1.036	0.000	0.000
77	  K	  0.2	  0.8	0.335	0.000	0.000
78	  G	  0.0	  0.8	0.125	0.000	0.000
79	  Q	  1.3	  0.7	0.000	0.000	0.000
80	  C	  4.6	  0.0	0.000	0.000	0.000
81	  W	  4.6	  0.0	0.000	0.000	0.000
82	  D	  3.4	  2.8	0.354	0.000	0.000
83	  P	  0.1	  2.8	0.354	0.000	0.000
84	  S	  0.5	  2.8	0.875	0.000	0.000
85	  Y	  1.3	  3.0	0.875	0.000	0.000
86	  L	  3.2	  0.2	0.875	0.000	0.000
87	  D	  3.5	  0.5	0.875	0.000	0.000
88	  V	  7.2	  0.5	0.875	0.000	0.000
89	  N	  5.3	  0.3	0.875	0.000	0.000
90	  Y	  4.6	  0.4	0.496	0.000	0.000
91	  P	  0.1	  0.3	0.000	0.000	0.000
92	  R	  0.1	  0.4	0.000	0.000	0.000
93	  T	  0.1	  0.4	0.000	0.000	0.000
94	  G	  0.1	  0.3	0.493	0.000	0.000
95	  Y	  0.5	  0.2	0.493	0.000	0.000
96	  K	  0.9	  0.1	0.493	0.000	0.000
97	  T	  1.7	  0.2	0.493	0.000	0.000
98	  H	  1.3	  0.2	0.493	0.000	0.000
99	  N	  1.0	  0.1	0.785	0.000	0.000
100	  R	  0.5	  0.1	0.411	0.000	0.000
101	  F	  0.9	  0.2	0.292	0.000	0.000
102	  A	  1.1	  0.1	0.292	0.000	0.000
103	  K	  2.5	  0.3	0.292	0.000	0.000
104	  V	  2.3	  3.8	0.292	0.000	0.000
105	  N	  2.0	  3.7	0.292	0.000	0.000
106	  G	  0.5	  4.0	0.000	0.000	0.000
107	  I	  0.9	  4.4	0.000	0.000	0.000
108	  D	  0.8	  0.8	0.000	0.000	0.000
109	  G	  0.6	  0.8	0.000	0.000	0.000
110	  I	  0.4	  0.7	0.000	0.000	0.000
111	  L	  1.5	  0.2	0.000	0.000	0.000
112	  D	  2.9	  0.1	0.000	0.000	0.000
113	  F	  6.8	  0.1	0.000	0.000	0.000
114	  E	  9.2	  0.0	0.000	0.000	0.000
115	  F	  8.0	  0.0	0.000	0.000	0.000
116	  N	  4.1	  0.5	0.000	0.000	0.000
117	  P	  0.2	  0.5	0.000	0.000	0.000
118	  T	  2.1	  0.7	0.000	0.000	0.000
119	  R	  2.2	  0.7	0.000	0.000	0.000
120	  S	  4.6	  0.2	0.000	0.000	0.000
121	  C	  2.7	  0.2	0.000	0.000	0.000
122	  V	  2.5	  0.2	0.000	0.000	0.000
123	  P	  0.2	  0.4	0.000	0.000	0.000
124	  S	  0.1	  1.5	0.000	0.000	0.000
125	  K	  0.1	  1.6	0.000	0.000	0.000
126	  G	  0.1	  1.3	0.000	0.000	0.000
127	  Q	  0.1	  1.1	0.000	0.000	0.000
128	  L	  0.1	  0.3	0.000	0.000	0.000
129	  P	  0.1	  0.5	0.000	0.000	0.000
130	  Q	  0.7	  0.5	0.000	0.000	0.000
131	  N	  1.5	  0.8	0.000	0.000	0.000
132	  Y	  6.8	  0.5	0.000	0.000	0.000
133	  N	  6.3	  0.3	0.000	0.000	0.000
134	  Y	  5.4	  0.4	0.000	0.000	0.000
135	  P	  0.1	  0.1	0.000	0.000	0.000
136	  L	  1.4	  0.1	0.000	3.039	3.039
137	  Q	  4.3	  0.1	0.000	3.464	3.464
138	  F	  8.8	  0.0	0.000	14.701	14.701
139	  T	 12.1	  0.0	0.000	15.528	15.528
140	  L	  9.2	  0.5	0.000	16.939	16.939
141	  S	  5.1	  0.5	1.069	16.796	16.796
142	  N	  1.3	  0.4	1.416	18.782	18.782
143	  F	  5.8	  0.4	1.416	67.296	67.296
144	  T	  6.6	  0.0	1.936	70.676	70.676
145	  M	  6.4	  0.0	1.936	74.446	74.446
146	  L	  2.3	  0.0	1.936	77.354	77.354
147	  L	  1.6	  0.2	1.936	77.592	77.592
148	  Y	  0.8	  0.2	1.936	71.763	71.763
149	  G	  0.3	  0.2	1.153	50.031	50.031
150	  Y	  2.6	  0.2	0.389	47.945	47.945
151	  F	  2.6	  0.0	0.000	44.567	44.567
152	  K	  2.6	  0.1	0.000	0.000	0.000
153	  P	  0.2	  0.1	0.000	0.000	0.000
154	  K	  5.3	  0.1	0.000	0.000	0.000
155	  V	  8.1	  0.1	0.000	0.000	0.000
156	  T	  9.0	  0.0	0.000	0.000	0.000
157	  A	  3.9	  0.0	0.000	0.000	0.000
158	  K	  1.4	  0.0	0.000	0.000	0.000
159	  H	  2.8	  0.0	0.000	0.584	0.584
160	  T	 20.9	  0.0	0.000	55.432	55.432
161	  F	 27.5	  0.0	0.000	60.480	60.480
162	  T	 27.2	  0.0	0.000	60.480	60.480
163	  I	 10.7	  0.0	0.000	60.480	60.480
164	  F	  2.7	  0.4	0.000	60.480	60.480
165	  A	  0.7	  0.5	0.000	22.250	22.250
166	  D	  0.2	  0.6	0.108	0.000	0.000
167	  D	  0.0	  0.6	0.551	0.000	0.000
168	  L	  0.5	  0.2	0.551	13.977	13.977
169	  L	  1.2	  0.0	0.551	19.371	19.371
170	  F	  2.3	  0.1	0.551	19.689	19.689
171	  L	  3.5	  0.1	0.551	19.689	19.689
172	  N	  2.8	  0.5	0.443	19.689	19.689
173	  F	  1.9	  1.3	0.174	18.817	18.817
174	  G	  0.2	  1.5	0.000	2.957	2.957
175	  A	  0.2	  2.1	0.000	1.357	1.357
176	  G	  0.0	  1.7	0.000	0.000	0.000
177	  N	  0.2	  0.9	0.000	0.000	0.000
178	  A	  0.3	  0.7	0.000	0.000	0.000
179	  F	  5.0	  0.0	0.000	0.000	0.000
180	  D	  5.8	  0.0	0.000	0.000	0.000
181	  C	 19.4	  0.0	0.000	0.000	0.000
182	  C	 16.1	  0.1	0.000	0.000	0.000
183	  Q	 15.1	  0.1	0.000	0.000	0.000
184	  Q	  1.9	  0.2	0.000	0.000	0.000
185	  Q	  0.5	  0.2	0.000	0.000	0.000
186	  D	  0.9	  0.2	0.000	0.000	0.000
187	  T	  5.0	  0.2	0.000	0.000	0.000
188	  I	  5.0	  0.3	0.000	0.000	0.000
189	  D	  4.3	  0.5	0.000	0.000	0.000
190	  D	  0.1	  0.7	0.488	0.000	0.000
191	  F	  0.1	  4.8	0.488	0.000	0.000
192	  G	  0.1	  4.6	1.057	0.000	0.000
193	  N	  1.0	  4.4	1.996	0.000	0.000
194	  Y	  3.2	  4.2	1.996	2.300	2.300
195	  Q	  3.6	  0.0	1.996	2.591	2.591
196	  A	  2.8	  0.0	1.996	9.871	9.871
197	  Y	  1.2	  0.0	1.996	10.202	10.202
198	  A	  0.9	  0.0	1.772	10.202	10.202
199	  L	  0.9	  0.2	1.650	10.202	10.202
200	  W	  0.3	  0.6	1.161	10.092	10.092
201	  G	  0.2	  0.9	0.856	0.598	0.598
202	  S	  0.1	  1.0	0.265	0.000	0.000
203	  D	  0.2	  0.8	0.128	0.000	0.000
204	  T	  1.8	  0.5	0.128	0.000	0.000
205	  Q	  1.9	  0.3	0.128	0.000	0.000
206	  Q	  1.9	  0.2	0.128	0.000	0.000
207	  N	  0.4	  0.2	0.190	0.000	0.000
208	  T	  2.8	  0.1	0.190	0.150	0.150
209	  L	  5.8	  0.0	0.190	0.398	0.398
210	  T	 11.0	  0.1	0.190	0.398	0.398
211	  V	 11.6	  0.0	0.190	0.398	0.398
212	  N	  8.5	  1.1	0.511	0.398	0.398
213	  L	  3.5	  1.1	0.321	0.398	0.398
214	  D	  0.4	  2.4	0.593	0.000	0.000
215	  A	  0.3	  2.4	0.593	0.000	0.000
216	  N	  2.3	  1.4	0.593	0.000	0.000
217	  I	  3.8	  1.4	0.593	0.000	0.000
218	  Y	  3.8	  0.0	0.593	0.000	0.000
219	  Y	  1.7	  0.0	0.418	0.000	0.000
220	  P	  0.2	  0.0	0.000	0.000	0.000
221	  I	  4.4	  0.0	0.000	0.000	0.000
222	  R	  5.1	  0.0	0.000	0.000	0.000
223	  M	  5.8	  0.0	0.000	0.000	0.000
224	  F	  3.2	  0.1	0.000	0.000	0.000
225	  Y	  3.0	  0.1	0.000	0.000	0.000
226	  N	  2.3	  0.2	0.193	0.000	0.000
227	  N	  0.5	  1.2	0.193	0.000	0.000
228	  R	  0.2	  1.2	0.193	0.000	0.000
229	  D	  0.6	  1.1	0.308	0.000	0.000
230	  F	  0.9	  1.5	0.308	0.000	0.000
231	  K	  0.7	  0.6	0.308	0.000	0.000
232	  G	  0.3	  0.6	0.265	0.000	0.000
233	  A	  0.2	  0.7	0.265	1.447	1.447
234	  L	  1.7	  0.2	0.265	2.433	2.433
235	  N	  2.3	  0.1	0.265	2.433	2.433
236	  M	  2.8	  0.1	0.265	2.648	2.648
237	  Y	  2.4	  0.0	0.150	2.648	2.648
238	  F	  3.4	  0.0	0.000	2.648	2.648
239	  T	  3.1	  0.1	0.000	1.577	1.577
240	  T	  2.0	  0.1	0.000	0.451	0.451
241	  D	  0.5	  2.4	0.000	0.000	0.000
242	  E	  0.1	  2.5	0.000	0.000	0.000
243	  S	  0.1	  2.4	0.000	0.000	0.000
244	  N	  0.5	  2.4	0.000	0.000	0.000
245	  T	  1.3	  0.2	0.000	0.000	0.000
246	  K	  2.7	  0.0	0.000	0.000	0.000
247	  I	  2.4	  0.1	0.000	0.000	0.000
248	  N	  1.7	  0.1	0.000	0.000	0.000
249	  D	  0.8	  0.9	0.000	0.000	0.000
250	  F	  2.0	  1.1	0.000	0.993	0.993
251	  S	  1.9	  1.1	0.000	0.993	0.993
252	  G	  1.4	  1.1	0.000	0.993	0.993
253	  Y	  0.7	  0.2	0.000	0.993	0.993
254	  L	  1.0	  0.0	0.000	0.993	0.993
255	  F	  9.0	  0.0	0.000	0.993	0.993
256	  N	  8.6	  0.0	0.000	0.000	0.000
257	  I	  8.2	  0.4	0.000	0.000	0.000
258	  P	  0.2	  0.5	0.000	0.000	0.000
259	  D	  0.0	  1.9	0.000	0.000	0.000
260	  S	  0.1	  2.2	0.000	0.000	0.000
261	  S	  0.1	  3.1	0.000	0.000	0.000
262	  E	  0.1	  3.0	0.000	0.000	0.000
263	  G	  0.0	  1.6	0.000	0.000	0.000
264	  C	  0.0	  1.5	0.000	0.000	0.000
265	  P	  0.0	  0.2	0.000	0.000	0.000
266	  A	  0.8	  0.2	0.000	0.000	0.000
267	  H	  5.2	  0.2	0.000	0.000	0.000
268	  I	  9.2	  0.1	0.000	0.000	0.000
269	  S	 14.6	  0.1	0.504	0.000	0.000
270	  Y	 10.7	  0.1	0.504	0.000	0.000
271	  E	  6.9	  0.1	0.504	0.000	0.000
272	  T	  0.5	  0.2	0.504	0.000	0.000
273	  E	  0.2	  0.2	0.504	0.000	0.000
274	  C	  0.2	  0.4	0.504	0.000	0.000
275	  G	  0.1	  0.4	0.383	0.000	0.000
276	  N	  1.5	  0.8	0.234	0.000	0.000
277	  V	  1.9	  0.9	0.000	0.174	0.174
278	  S	  1.9	  0.7	0.000	0.174	0.174
279	  G	  0.5	  0.7	0.119	0.289	0.289
280	  A	  0.3	  0.1	0.119	0.289	0.289
281	  I	 13.8	  0.1	0.119	0.289	0.289
282	  T	 40.3	  0.0	0.119	0.289	0.289
283	  Y	 40.6	  0.1	0.119	0.289	0.289
284	  S	 29.5	  0.1	0.119	0.000	0.000
285	  T	  1.1	  0.1	0.000	0.000	0.000
286	  E	  0.3	  0.1	0.000	0.000	0.000
287	  Y	  0.9	  0.0	0.000	0.000	0.000
288	  I	  1.5	  0.0	0.000	0.000	0.000
289	  T	  1.7	  0.1	0.000	0.000	0.000
290	  E	  0.9	  0.1	0.000	0.000	0.000
291	  S	  1.9	  0.1	0.000	0.000	0.000
292	  I	  2.6	  0.1	0.000	0.000	0.000
293	  E	  2.6	  0.0	0.000	0.000	0.000
294	  S	  1.0	  4.5	0.000	0.000	0.000
295	  P	  0.0	  4.5	0.000	0.000	0.000
296	  N	  0.2	  4.5	0.000	0.000	0.000
297	  I	  0.2	  4.5	0.000	0.000	0.000
298	  P	  0.2	  0.0	0.000	0.000	0.000
299	  V	  2.6	  0.0	0.000	5.518	5.518
300	  T	  3.3	  0.1	0.000	5.916	5.916
301	  S	  3.7	  0.1	0.000	5.916	5.916
302	  T	  3.6	  0.1	0.000	6.555	6.555
303	  I	  3.2	  0.1	0.000	6.555	6.555
304	  F	  7.7	  0.0	0.000	6.199	6.199
305	  H	  7.5	  0.0	0.000	1.197	1.197
306	  I	  8.4	  0.0	0.000	1.197	1.197
307	  Q	  3.6	  0.0	0.000	0.000	0.000
308	  V	  1.4	  0.0	0.000	0.000	0.000
309	  P	  0.1	  0.0	0.000	0.000	0.000
310	  C	  0.0	  0.8	0.000	0.000	0.000
311	  P	  0.0	  1.0	0.000	0.000	0.000
312	  S	  0.9	  1.6	0.000	0.000	0.000
313	  S	  1.2	  1.8	0.000	0.000	0.000
314	  S	  3.1	  1.1	0.000	0.000	0.000
315	  T	  2.6	  1.0	0.000	0.000	0.000
316	  S	  2.5	  0.3	0.000	0.000	0.000
317	  I	  2.0	  0.2	0.000	0.000	0.000
318	  Y	  3.9	  0.0	0.000	0.000	0.000
319	  C	  3.7	  1.8	0.000	0.000	0.000
320	  S	  2.3	  2.2	0.000	0.000	0.000
321	  D	  0.1	  2.2	0.000	0.000	0.000
322	  G	  0.0	  2.2	0.000	0.000	0.000
323	  F	  3.0	  0.4	0.000	0.000	0.000
324	  Y	  3.2	  0.0	0.000	0.000	0.000
325	  D	  3.2	  0.0	0.567	0.000	0.000
326	  P	  0.2	  0.0	0.567	0.000	0.000
327	  I	  0.1	  0.1	0.567	0.000	0.000
328	  A	  0.1	  0.2	0.567	0.000	0.000
329	  N	  0.6	  0.2	0.567	0.000	0.000
330	  S	  2.0	  0.2	0.567	0.000	0.000
331	  C	  5.6	  0.1	0.119	0.000	0.000
332	  V	  6.6	  0.1	0.000	0.000	0.000
333	  K	  5.5	  0.0	0.000	0.000	0.000
334	  T	  2.0	  0.2	0.000	0.000	0.000
335	  E	  0.6	  0.2	0.000	0.000	0.000
336	  S	  0.4	  0.3	0.000	0.000	0.000
337	  S	  0.2	  0.3	0.000	0.000	0.000
338	  E	  0.3	  0.1	0.000	0.000	0.000
339	  I	  7.6	  0.1	0.000	31.720	31.720
340	  I	 11.8	  0.0	0.000	33.173	33.173
341	  V	 12.5	  0.0	0.000	33.173	33.173
342	  A	  5.4	  0.0	0.000	33.173	33.173
343	  T	  2.9	  0.1	0.000	33.173	33.173
344	  A	  2.0	  0.1	0.000	18.693	18.693
345	  S	  2.3	  0.2	0.000	5.351	5.351
346	  T	  3.4	  0.2	0.000	3.680	3.680
347	  T	 31.1	  0.1	0.000	2.684	2.684
348	  Y	 31.1	  0.0	0.000	2.132	2.132
349	  T	 28.6	  0.0	0.000	0.000	0.000
350	  P	  0.5	  0.0	0.000	0.000	0.000
351	  G	  0.0	  0.0	0.000	0.000	0.000
352	  P	  0.0	  0.0	0.000	0.000	0.000
353	  V	  1.5	  0.0	0.000	0.000	0.000
354	  T	  1.8	  0.1	0.000	0.000	0.000
355	  D	  2.0	  0.1	0.000	0.000	0.000
356	  T	  2.0	  0.1	0.000	0.314	0.314
357	  T	  2.6	  0.1	0.000	0.834	0.834
358	  T	 14.7	  0.1	0.000	3.292	3.292
359	  I	 14.0	  0.1	0.000	7.374	7.374
360	  S	 13.6	  0.1	0.000	7.485	7.485
361	  T	  5.4	  0.1	0.000	7.957	7.957
362	  Y	  5.2	  0.1	0.000	8.741	8.741
363	  V	  8.6	  0.0	0.000	8.741	8.741
364	  T	  6.6	  0.0	0.000	4.817	4.817
365	  H	 11.9	  0.0	0.000	2.344	2.344
366	  I	 10.3	  0.1	0.000	2.344	2.344
367	  T	  8.4	  0.6	0.000	0.875	0.875
368	  G	  2.5	  1.1	0.000	0.000	0.000
369	  S	  0.2	  2.1	0.000	0.000	0.000
370	  D	  0.0	  2.1	0.000	0.000	0.000
371	  N	  0.0	  3.0	0.000	0.000	0.000
372	  R	  0.2	  2.6	0.000	0.000	0.000
373	  D	  0.2	  1.6	0.000	0.000	0.000
374	  T	  0.2	  1.7	0.103	0.000	0.000
375	  P	  0.0	  0.2	0.103	0.000	0.000
376	  E	  0.0	  0.2	0.103	0.000	0.000
377	  T	  5.5	  0.2	0.103	60.724	60.724
378	  V	 11.0	  0.1	0.103	60.724	60.724
379	  F	 12.9	  0.0	0.103	60.724	60.724
380	  V	 11.2	  0.0	0.000	60.724	60.724
381	  V	  6.6	  0.0	0.000	60.724	60.724
382	  E	  4.5	  0.0	0.000	0.000	0.000
383	  T	  0.9	  0.3	0.000	0.000	0.000
384	  P	  0.0	  0.3	0.000	0.000	0.000
385	  E	  0.0	  0.3	0.000	0.000	0.000
386	  D	  0.0	  0.9	0.000	0.000	0.000
387	  P	  0.0	  0.7	0.000	0.000	0.000
388	  Q	  0.0	  0.7	0.000	0.000	0.000
389	  S	  0.1	  4.4	0.000	0.000	0.000
390	  P	  0.1	  4.0	0.000	0.000	0.000
391	  S	  0.1	  4.2	0.000	0.000	0.000
392	  N	  0.1	  4.3	0.000	0.000	0.000
393	  S	  1.8	  0.6	0.000	0.000	0.000
394	  H	  2.3	  0.3	0.000	0.000	0.000
395	  I	  2.3	  0.2	0.000	0.000	0.000
396	  P	  0.7	  0.3	0.000	0.000	0.000
397	  S	  0.8	  1.0	0.000	0.000	0.000
398	  S	  0.9	  1.0	0.000	0.000	0.000
399	  S	 11.1	  0.9	0.000	0.000	0.000
400	  V	 11.5	  0.8	0.000	0.000	0.000
401	  S	 12.1	  0.9	0.000	0.000	0.000
402	  S	  2.8	  1.6	0.000	0.000	0.000
403	  S	  1.7	  1.5	0.000	0.000	0.000
404	  S	  2.2	  1.4	0.000	0.000	0.000
405	  V	  1.7	  0.7	0.000	0.000	0.000
406	  W	  1.6	  0.4	0.000	0.000	0.000
407	  P	  0.3	  0.5	0.000	0.000	0.000
408	  S	  0.1	  0.5	0.000	0.000	0.000
409	  S	  5.7	  0.6	0.000	0.000	0.000
410	  I	 10.0	  0.2	0.000	0.000	0.000
411	  S	 13.2	  0.1	0.000	0.000	0.000
412	  V	  8.6	  0.1	0.000	0.000	0.000
413	  T	  4.4	  0.0	0.000	0.000	0.000
414	  E	  0.9	  0.0	0.000	0.000	0.000
415	  I	  0.3	  0.2	0.000	0.000	0.000
416	  P	  0.1	  0.3	0.000	0.000	0.000
417	  S	  0.8	  1.0	0.000	0.000	0.000
418	  S	  0.9	  1.0	0.000	0.000	0.000
419	  S	 11.0	  0.9	0.000	0.000	0.000
420	  V	 11.0	  0.8	0.000	0.000	0.000
421	  S	 11.2	  0.1	0.000	0.000	0.000
422	  T	  5.0	  0.1	0.000	0.000	0.000
423	  I	  4.5	  0.1	0.000	0.000	0.000
424	  E	  4.2	  0.0	0.000	0.000	0.000
425	  T	  0.5	  0.2	0.000	0.000	0.000
426	  S	  0.1	  0.2	0.112	0.000	0.000
427	  N	  1.7	  0.1	0.112	0.000	0.000
428	  I	 14.9	  0.1	0.112	0.000	0.000
429	  T	 40.3	  0.0	0.112	0.000	0.000
430	  Y	 40.0	  0.0	0.112	0.000	0.000
431	  S	 29.1	  0.1	0.112	0.000	0.000
432	  Q	  2.3	  0.1	0.000	0.000	0.000
433	  T	  3.9	  0.1	0.000	0.000	0.000
434	  L	  3.8	  0.1	0.000	0.000	0.000
435	  S	  7.1	  0.1	0.000	0.000	0.000
436	  T	  3.7	  0.1	0.000	0.000	0.000
437	  S	  3.5	  2.1	0.000	0.000	0.000
438	  P	  0.1	  2.1	0.000	0.000	0.000
439	  S	  0.7	  2.1	0.000	0.000	0.000
440	  T	  4.1	  2.1	0.000	0.000	0.000
441	  F	  4.9	  0.3	0.000	0.000	0.000
442	  A	  4.4	  0.3	0.000	0.000	0.000
443	  S	  1.0	  1.6	0.000	0.000	0.000
444	  S	  0.2	  1.6	0.000	0.000	0.000
445	  N	  3.3	  1.4	0.000	0.000	0.000
446	  I	  3.8	  1.3	0.000	0.000	0.000
447	  V	  3.8	  0.0	0.000	0.000	0.000
448	  P	  0.6	  0.0	0.000	0.000	0.000
449	  S	  0.1	  2.5	0.000	0.000	0.000
450	  P	  0.0	  2.6	0.000	0.000	0.000
451	  S	  1.6	  3.3	0.000	0.000	0.000
452	  Q	  2.4	  3.3	0.000	0.000	0.000
453	  S	  3.2	  0.8	0.000	0.000	0.000
454	  Y	  3.3	  0.7	0.000	0.000	0.000
455	  I	  2.7	  0.0	0.000	0.000	0.000
456	  S	  1.9	  2.3	0.000	0.000	0.000
457	  P	  0.2	  3.3	0.000	0.000	0.000
458	  G	  0.0	  3.4	0.000	0.000	0.000
459	  D	  0.0	  4.0	0.000	0.000	0.000
460	  S	  0.2	  1.7	0.000	0.000	0.000
461	  S	  5.5	  0.8	0.000	0.000	0.000
462	  I	  6.0	  0.8	0.000	0.000	0.000
463	  S	  6.7	  1.0	0.000	0.000	0.000
464	  S	  2.2	  1.7	0.000	0.000	0.000
465	  S	  2.4	  2.5	0.000	0.000	0.000
466	  S	  1.9	  2.5	0.000	0.000	0.000
467	  S	  2.1	  1.7	0.000	0.000	0.000
468	  F	  3.5	  1.0	0.000	0.000	0.000
469	  Y	  3.5	  0.3	0.000	0.000	0.000
470	  S	  2.5	  0.5	0.000	0.000	0.000
471	  N	  0.5	  1.6	0.000	0.000	0.000
472	  S	  1.0	  2.2	0.000	0.000	0.000
473	  S	  1.2	  2.2	0.000	0.000	0.000
474	  S	  1.6	  2.4	0.000	0.000	0.000
475	  T	  1.2	  1.2	0.000	0.000	0.000
476	  D	  1.0	  0.6	0.000	0.000	0.000
477	  I	  0.5	  0.4	0.000	0.000	0.000
478	  P	  0.1	  0.0	0.000	0.000	0.000
479	  L	  0.5	  0.0	0.000	0.000	0.000
480	  T	  0.5	  0.0	0.000	0.000	0.000
481	  N	  0.5	  3.9	0.000	0.000	0.000
482	  P	  0.0	  4.0	0.000	0.000	0.000
483	  S	  0.3	  4.1	0.000	0.000	0.000
484	  S	  0.4	  4.1	0.000	0.000	0.000
485	  T	  2.8	  0.4	0.000	0.000	0.000
486	  A	  2.6	  0.4	0.000	0.000	0.000
487	  S	  2.7	  0.2	0.000	0.000	0.000
488	  S	  9.7	  0.3	0.000	0.000	0.000
489	  V	 10.3	  0.3	0.000	0.207	0.207
490	  S	 10.7	  0.2	0.000	0.207	0.207
491	  T	  9.1	  0.2	0.000	0.343	0.343
492	  F	  9.0	  0.1	0.000	0.343	0.343
493	  N	  9.6	  0.1	0.000	0.343	0.343
494	  T	  5.6	  0.1	0.000	0.343	0.343
495	  I	  5.2	  0.0	0.000	0.343	0.343
496	  I	  4.1	  0.1	0.000	0.000	0.000
497	  P	  0.4	  0.1	0.000	0.000	0.000
498	  T	  2.4	  0.3	0.000	0.000	0.000
499	  A	  2.5	  0.3	0.000	0.000	0.000
500	  S	  3.1	  0.2	0.000	0.000	0.000
501	  T	  4.0	  0.2	0.000	0.000	0.000
502	  T	 11.4	  0.1	0.000	0.000	0.000
503	  Y	 11.0	  0.0	0.000	0.000	0.000
504	  V	  7.8	  0.8	0.000	0.000	0.000
505	  P	  0.2	  0.9	0.000	0.000	0.000
506	  G	  0.0	  0.9	0.000	0.065	0.065
507	  S	  9.1	  1.0	0.000	1.475	1.475
508	  V	  9.8	  0.2	0.000	14.166	14.166
509	  S	 10.1	  0.1	0.000	15.054	15.054
510	  T	 10.5	  0.1	0.000	23.228	23.228
511	  I	 12.3	  0.0	0.000	35.111	35.111
512	  T	 12.7	  0.0	0.000	35.994	35.994
513	  T	 13.0	  0.0	0.000	37.313	37.313
514	  I	 10.9	  0.1	0.000	39.745	39.745
515	  S	 10.7	  0.1	0.000	37.076	37.076
516	  T	 17.6	  0.1	0.000	38.353	38.353
517	  Y	 18.1	  0.1	0.000	40.942	40.942
518	  T	 20.4	  0.0	0.000	40.155	40.155
519	  T	  5.9	  0.0	0.000	39.503	39.503
520	  Y	  5.2	  0.0	0.000	39.110	39.110
521	  I	  4.8	  0.0	0.000	37.344	37.344
522	  T	  3.0	  0.1	0.000	14.195	14.195
523	  G	  2.4	  1.7	0.000	0.000	0.000
524	  P	  0.0	  1.9	0.000	0.000	0.000
525	  D	  0.0	  2.0	0.000	0.000	0.000
526	  N	  0.0	  2.0	0.000	0.000	0.000
527	  R	  0.1	  0.3	0.000	0.000	0.000
528	  E	  0.1	  0.1	0.000	0.000	0.000
529	  T	  0.1	  0.2	0.000	0.000	0.000
530	  P	  0.0	  0.2	0.000	0.000	0.000
531	  E	  0.0	  0.2	0.000	0.000	0.000
532	  T	  5.5	  0.2	0.000	60.749	60.749
533	  V	 11.0	  0.1	0.000	60.749	60.749
534	  F	 12.9	  0.0	0.000	60.749	60.749
535	  V	 11.2	  0.0	0.000	60.749	60.749
536	  V	  6.6	  0.0	0.000	60.749	60.749
537	  E	  4.5	  0.0	0.000	0.000	0.000
538	  T	  0.9	  0.3	0.000	0.000	0.000
539	  P	  0.0	  0.3	0.000	0.000	0.000
540	  Q	  0.0	  0.3	0.000	0.000	0.000
541	  D	  0.0	  0.9	0.000	0.000	0.000
542	  P	  0.0	  0.8	0.000	0.000	0.000
543	  E	  0.1	  0.8	0.000	0.000	0.000
544	  S	  0.9	  1.7	0.000	0.000	0.000
545	  S	  1.8	  2.0	0.000	0.000	0.000
546	  S	  2.0	  1.9	0.000	0.529	0.529
547	  S	  2.2	  1.8	0.000	5.131	5.131
548	  F	  2.4	  1.0	0.000	42.403	42.403
549	  F	  4.8	  0.0	0.000	45.245	45.245
550	  T	  4.4	  0.1	0.000	45.448	45.448
551	  S	  3.8	  0.1	0.000	45.448	45.448
552	  T	  3.4	  0.1	0.000	45.448	45.448
553	  I	  9.4	  0.1	0.000	45.192	45.192
554	  I	  9.7	  0.0	0.000	41.654	41.654
555	  T	  7.5	  0.3	0.000	0.239	0.239
556	  P	  0.7	  0.3	0.000	0.110	0.110
557	  T	  2.3	  0.4	0.000	0.000	0.000
558	  A	  2.4	  0.5	0.000	0.000	0.000
559	  S	  3.0	  0.2	0.000	0.000	0.000
560	  T	  4.0	  0.2	0.000	0.000	0.000
561	  T	 11.4	  0.1	0.000	0.000	0.000
562	  Y	 11.0	  0.0	0.000	0.000	0.000
563	  V	  7.8	  0.8	0.000	0.000	0.000
564	  P	  0.2	  0.9	0.000	0.000	0.000
565	  G	  0.0	  0.9	0.000	0.065	0.065
566	  S	  9.1	  1.0	0.000	1.475	1.475
567	  V	  9.8	  0.2	0.000	14.166	14.166
568	  S	 10.1	  0.1	0.000	15.054	15.054
569	  T	 10.5	  0.1	0.000	23.228	23.228
570	  I	 12.3	  0.0	0.000	35.111	35.111
571	  T	 12.7	  0.0	0.000	35.994	35.994
572	  T	 13.0	  0.0	0.000	37.313	37.313
573	  I	 10.9	  0.1	0.000	39.745	39.745
574	  S	 10.7	  0.1	0.000	37.076	37.076
575	  T	 17.6	  0.1	0.000	38.353	38.353
576	  Y	 18.1	  0.1	0.000	40.942	40.942
577	  T	 20.4	  0.0	0.000	40.155	40.155
578	  T	  5.9	  0.0	0.000	39.503	39.503
579	  Y	  5.2	  0.0	0.000	39.110	39.110
580	  I	  4.8	  0.0	0.000	37.344	37.344
581	  T	  3.0	  0.1	0.000	14.195	14.195
582	  G	  2.4	  1.7	0.000	0.000	0.000
583	  P	  0.0	  1.9	0.000	0.000	0.000
584	  D	  0.0	  2.0	0.000	0.000	0.000
585	  N	  0.0	  2.0	0.000	0.000	0.000
586	  R	  0.1	  0.3	0.000	0.000	0.000
587	  E	  0.1	  0.1	0.000	0.000	0.000
588	  T	  0.1	  0.2	0.000	0.000	0.000
589	  P	  0.0	  0.2	0.000	0.000	0.000
590	  E	  0.0	  0.2	0.000	0.000	0.000
591	  T	  5.5	  0.2	0.000	60.749	60.749
592	  V	 11.0	  0.1	0.000	60.749	60.749
593	  F	 12.9	  0.0	0.000	60.749	60.749
594	  V	 11.2	  0.0	0.000	60.749	60.749
595	  V	  6.6	  0.0	0.000	60.749	60.749
596	  E	  4.5	  0.0	0.000	0.000	0.000
597	  T	  0.9	  0.3	0.000	0.000	0.000
598	  P	  0.0	  0.3	0.000	0.000	0.000
599	  Q	  0.0	  0.3	0.000	0.000	0.000
600	  D	  0.0	  0.9	0.000	0.000	0.000
601	  P	  0.0	  0.8	0.000	0.000	0.000
602	  E	  0.1	  0.8	0.000	0.000	0.000
603	  S	  0.9	  1.7	0.000	0.000	0.000
604	  S	  1.8	  2.0	0.000	0.000	0.000
605	  S	  2.0	  1.9	0.000	0.529	0.529
606	  S	  2.2	  1.8	0.000	5.131	5.131
607	  F	  2.4	  1.0	0.000	42.403	42.403
608	  F	  4.8	  0.0	0.000	45.245	45.245
609	  T	  4.4	  0.1	0.000	45.448	45.448
610	  S	  3.8	  0.1	0.000	45.448	45.448
611	  T	  3.4	  0.1	0.000	45.448	45.448
612	  I	  9.4	  0.1	0.000	45.192	45.192
613	  I	  9.7	  0.0	0.000	41.654	41.654
614	  T	  7.5	  0.3	0.000	0.239	0.239
615	  P	  0.7	  0.3	0.000	0.110	0.110
616	  T	  2.3	  0.4	0.000	0.000	0.000
617	  A	  2.4	  0.5	0.000	0.000	0.000
618	  S	  3.0	  0.2	0.000	0.000	0.000
619	  T	  4.0	  0.2	0.000	0.000	0.000
620	  T	 11.4	  0.1	0.000	0.000	0.000
621	  Y	 11.0	  0.0	0.000	0.000	0.000
622	  V	  7.8	  0.8	0.000	0.000	0.000
623	  P	  0.2	  0.9	0.000	0.000	0.000
624	  G	  0.0	  0.9	0.000	0.065	0.065
625	  S	  9.1	  1.0	0.000	1.475	1.475
626	  V	  9.8	  0.2	0.000	14.166	14.166
627	  S	 10.1	  0.1	0.000	15.054	15.054
628	  T	 10.5	  0.1	0.000	23.228	23.228
629	  I	 12.3	  0.0	0.000	35.111	35.111
630	  T	 12.7	  0.0	0.000	35.994	35.994
631	  T	 13.0	  0.0	0.000	37.313	37.313
632	  I	 10.9	  0.1	0.000	39.745	39.745
633	  S	 10.7	  0.1	0.000	37.076	37.076
634	  T	 17.6	  0.1	0.000	38.353	38.353
635	  Y	 18.1	  0.1	0.000	40.942	40.942
636	  T	 20.4	  0.0	0.000	40.155	40.155
637	  T	  5.9	  0.0	0.000	39.503	39.503
638	  Y	  5.2	  0.0	0.000	39.110	39.110
639	  I	  4.8	  0.0	0.000	37.344	37.344
640	  T	  3.0	  0.1	0.000	14.195	14.195
641	  G	  2.4	  1.7	0.000	0.000	0.000
642	  P	  0.0	  1.9	0.000	0.000	0.000
643	  D	  0.0	  2.0	0.000	0.000	0.000
644	  N	  0.0	  2.0	0.000	0.000	0.000
645	  R	  0.1	  0.3	0.000	0.000	0.000
646	  E	  0.1	  0.1	0.000	0.000	0.000
647	  T	  0.1	  0.2	0.000	0.000	0.000
648	  P	  0.0	  0.2	0.000	0.000	0.000
649	  E	  0.0	  0.2	0.000	0.000	0.000
650	  T	  5.5	  0.2	0.000	60.749	60.749
651	  V	 11.0	  0.1	0.000	60.749	60.749
652	  F	 12.9	  0.0	0.000	60.749	60.749
653	  V	 11.2	  0.0	0.000	60.749	60.749
654	  V	  6.6	  0.0	0.000	60.749	60.749
655	  E	  4.5	  0.0	0.000	0.000	0.000
656	  T	  0.9	  0.3	0.000	0.000	0.000
657	  P	  0.0	  0.3	0.000	0.000	0.000
658	  Q	  0.0	  0.3	0.000	0.000	0.000
659	  D	  0.0	  0.9	0.000	0.000	0.000
660	  P	  0.0	  0.8	0.000	0.000	0.000
661	  E	  0.1	  0.8	0.000	0.000	0.000
662	  S	  0.9	  1.7	0.000	0.000	0.000
663	  S	  1.8	  2.0	0.000	0.000	0.000
664	  S	  2.0	  1.9	0.000	0.529	0.529
665	  S	  2.2	  1.8	0.000	5.131	5.131
666	  F	  2.4	  1.0	0.000	42.403	42.403
667	  F	  4.8	  0.0	0.000	45.245	45.245
668	  T	  4.4	  0.1	0.000	45.448	45.448
669	  S	  3.8	  0.1	0.000	45.448	45.448
670	  T	  3.4	  0.1	0.000	45.448	45.448
671	  I	  9.4	  0.1	0.000	45.192	45.192
672	  I	  9.7	  0.0	0.000	41.654	41.654
673	  T	  7.5	  0.3	0.000	0.239	0.239
674	  P	  0.7	  0.3	0.000	0.110	0.110
675	  T	  2.3	  0.4	0.000	0.000	0.000
676	  A	  2.4	  0.5	0.000	0.000	0.000
677	  S	  3.0	  0.2	0.000	0.000	0.000
678	  T	  4.0	  0.2	0.000	0.000	0.000
679	  T	 11.4	  0.1	0.000	0.000	0.000
680	  Y	 11.0	  0.0	0.000	0.000	0.000
681	  V	  7.8	  0.8	0.000	0.000	0.000
682	  P	  0.2	  0.9	0.000	0.000	0.000
683	  G	  0.0	  0.9	0.000	0.000	0.000
684	  S	  9.1	  1.0	0.000	0.300	0.300
685	  V	  9.8	  0.2	0.000	5.749	5.749
686	  S	 10.1	  0.1	0.000	5.947	5.947
687	  T	 10.5	  0.1	0.000	9.203	9.203
688	  I	 12.3	  0.0	0.000	11.964	11.964
689	  T	 12.7	  0.0	0.000	11.964	11.964
690	  T	 13.0	  0.0	0.000	11.617	11.617
691	  I	 10.9	  0.1	0.000	11.545	11.545
692	  S	 10.7	  0.1	0.000	7.053	7.053
693	  T	 17.8	  0.1	0.000	6.231	6.231
694	  Y	 18.2	  0.1	0.000	5.901	5.901
695	  T	 19.4	  0.0	0.000	4.141	4.141
696	  T	  4.7	  0.0	0.000	3.161	3.161
697	  C	  4.3	  0.0	0.000	2.571	2.571
698	  I	  5.1	  0.0	0.000	2.571	2.571
699	  T	  3.4	  0.1	0.000	0.852	0.852
700	  G	  2.4	  1.7	0.000	0.000	0.000
701	  P	  0.0	  1.9	0.000	0.000	0.000
702	  D	  0.0	  2.0	0.000	0.000	0.000
703	  N	  0.0	  1.9	0.000	0.000	0.000
704	  R	  0.1	  0.3	0.000	0.000	0.000
705	  E	  0.1	  0.1	0.000	0.000	0.000
706	  T	  0.1	  0.2	0.000	0.000	0.000
707	  P	  0.0	  0.2	0.000	0.000	0.000
708	  E	  0.0	  0.2	0.000	0.000	0.000
709	  T	  5.5	  0.2	0.000	60.725	60.725
710	  V	 11.0	  0.1	0.000	60.725	60.725
711	  F	 12.9	  0.0	0.000	60.725	60.725
712	  V	 11.2	  0.0	0.000	60.725	60.725
713	  V	  6.5	  0.0	0.000	60.725	60.725
714	  E	  4.5	  0.0	0.000	0.000	0.000
715	  T	  0.9	  0.2	0.163	0.000	0.000
716	  P	  0.0	  0.2	0.163	0.000	0.000
717	  K	  0.7	  0.2	0.163	0.000	0.000
718	  F	  1.3	  0.3	0.163	0.000	0.000
719	  S	  1.3	  0.1	0.628	0.000	0.000
720	  E	  1.3	  0.1	0.628	0.000	0.000
721	  Y	  1.2	  0.2	0.628	0.000	0.000
722	  R	  1.4	  0.1	0.628	0.000	0.000
723	  T	  2.5	  0.2	0.628	0.000	0.000
724	  L	  2.4	  0.3	0.628	0.000	0.000
725	  N	  2.3	  0.2	0.828	0.000	0.000
726	  S	  0.9	  0.3	0.478	0.000	0.000
727	  R	  0.7	  0.2	0.314	0.000	0.000
728	  T	  1.7	  0.2	0.314	0.000	0.000
729	  T	  2.0	  0.2	0.314	0.000	0.000
730	  R	  2.0	  0.1	0.314	0.000	0.000
731	  T	  1.5	  0.1	0.114	0.000	0.000
732	  R	  1.1	  0.1	0.114	0.000	0.000
733	  T	  2.0	  0.1	0.000	0.000	0.000
734	  T	  2.0	  0.1	0.000	0.000	0.000
735	  R	  2.1	  0.1	0.000	0.000	0.000
736	  T	  2.8	  0.1	0.000	0.000	0.000
737	  L	  2.3	  0.1	0.000	0.000	0.000
738	  V	  2.0	  0.0	0.000	0.000	0.000
739	  P	  0.1	  0.1	0.000	0.000	0.000
740	  Q	  0.1	  0.1	0.000	0.000	0.000
741	  T	  0.4	  0.2	0.000	0.000	0.000
742	  D	  0.6	  0.2	0.000	0.000	0.000
743	  T	  3.4	  0.2	0.000	0.000	0.000
744	  T	  4.2	  0.3	0.000	0.000	0.000
745	  S	  4.1	  1.4	0.000	0.000	0.000
746	  S	  1.3	  1.3	0.000	0.147	0.147
747	  N	  1.9	  1.3	0.541	1.323	1.323
748	  I	  5.7	  1.1	0.541	2.140	2.140
749	  V	 12.5	  0.0	0.541	2.140	2.140
750	  T	 13.1	  0.0	0.541	2.140	2.140
751	  L	  9.4	  0.0	0.541	2.140	2.140
752	  Q	  2.9	  0.1	0.541	0.818	0.818
753	  T	  0.3	  0.1	0.000	0.307	0.307
754	  E	  0.3	  0.1	0.000	0.000	0.000
755	  H	  0.4	  0.1	0.000	0.000	0.000
756	  S	  0.3	  0.1	0.000	0.000	0.000
757	  R	  0.2	  0.1	0.000	0.000	0.000
758	  P	  0.0	  0.2	0.000	0.000	0.000
759	  E	  0.0	  0.2	0.000	0.000	0.000
760	  T	  3.3	  0.2	0.000	0.642	0.642
761	  V	 10.1	  0.1	0.000	1.708	1.708
762	  I	 11.0	  0.0	0.000	1.708	1.708
763	  I	 10.1	  0.0	0.000	1.708	1.708
764	  H	  3.9	  0.2	0.000	1.708	1.708
765	  L	  3.1	  0.2	0.000	1.708	1.708
766	  D	  0.9	  0.4	0.000	0.000	0.000
767	  T	  1.8	  0.4	0.000	0.000	0.000
768	  S	  2.7	  0.3	0.000	0.000	0.000
769	  F	  4.8	  0.3	0.000	0.000	0.000
770	  Y	  3.5	  0.6	0.000	0.000	0.000
771	  S	  2.5	  0.6	0.000	0.000	0.000
772	  D	  0.3	  0.6	0.278	0.000	0.000
773	  V	  1.7	  0.5	0.278	0.000	0.000
774	  L	  2.2	  0.0	0.278	0.000	0.000
775	  T	  2.7	  0.1	0.278	0.000	0.000
776	  S	  2.4	  0.3	0.278	0.000	0.000
777	  H	  2.1	  0.4	0.278	0.000	0.000
778	  S	  2.8	  0.6	0.000	0.000	0.000
779	  H	  1.4	  1.2	0.000	0.000	0.000
780	  S	  1.3	  1.0	0.000	0.000	0.000
781	  N	  2.0	  0.8	0.000	0.000	0.000
782	  Y	  2.8	  0.8	0.000	0.000	0.000
783	  R	  3.1	  0.2	0.000	0.000	0.000
784	  N	  1.3	  0.2	0.884	0.000	0.000
785	  F	  0.7	  0.3	0.884	0.000	0.000
786	  A	  0.7	  0.1	0.884	0.000	0.000
787	  T	  1.1	  0.3	0.884	0.000	0.000
788	  K	  1.1	  0.3	0.884	0.000	0.000
789	  N	  1.0	  0.5	0.884	0.000	0.000
790	  T	  0.7	  0.5	0.000	0.000	0.000
791	  D	  2.7	  0.3	0.000	0.000	0.000
792	  I	  3.3	  0.3	0.000	0.000	0.000
793	  T	  3.1	  0.1	0.000	0.000	0.000
794	  P	  0.8	  0.1	0.000	0.000	0.000
795	  C	  0.6	  0.4	0.000	0.000	0.000
796	  S	  0.9	  0.4	0.000	0.000	0.000
797	  S	  8.3	  0.5	0.000	0.000	0.000
798	  F	  8.3	  0.5	0.000	0.000	0.000
799	  D	  8.2	  0.3	0.000	0.000	0.000
800	  T	  0.9	  0.3	0.000	0.000	0.000
801	  S	  0.3	  0.5	0.732	0.000	0.000
802	  P	  0.1	  0.7	0.732	0.000	0.000
803	  Q	  0.0	  0.7	0.732	0.000	0.000
804	  N	  0.1	  0.8	0.864	0.000	0.000
805	  A	  0.2	  0.4	0.864	0.000	0.000
806	  R	  0.4	  0.3	0.864	0.000	0.000
807	  K	  0.7	  0.3	0.459	0.000	0.000
808	  T	  0.6	  0.2	0.132	0.000	0.000
809	  E	  0.4	  0.4	0.132	0.000	0.000
810	  E	  0.1	  0.5	0.132	0.000	0.000
811	  S	  0.1	  0.9	0.000	0.000	0.000
812	  G	  0.1	  0.8	0.000	0.000	0.000
813	  E	  0.2	  0.5	0.000	0.000	0.000
814	  M	  0.4	  0.4	0.000	2.725	2.725
815	  Y	  1.8	  0.0	0.000	2.725	2.725
816	  T	  3.4	  0.0	0.000	2.725	2.725
817	  T	 17.2	  0.0	0.000	2.725	2.725
818	  V	 17.7	  0.1	0.000	2.725	2.725
819	  K	 16.3	  0.0	0.000	0.000	0.000
820	  S	  6.3	  0.2	0.000	0.000	0.000
821	  I	  7.5	  0.2	0.000	0.000	0.000
822	  S	 26.0	  0.2	0.000	0.000	0.000
823	  F	 23.4	  0.3	0.000	0.124	0.124
824	  S	 20.6	  0.2	0.000	0.124	0.124
825	  S	  1.7	  0.2	0.000	0.124	0.124
826	  A	  0.5	  0.1	0.000	0.124	0.124
827	  I	  1.1	  0.1	0.000	0.124	0.124
828	  S	  1.1	  0.1	0.000	0.000	0.000
829	  S	  0.9	  0.1	0.000	0.000	0.000
830	  E	  0.3	  0.1	0.000	0.000	0.000
831	  P	  0.0	  0.0	0.000	0.000	0.000
832	  I	  2.8	  0.0	0.000	0.000	0.000
833	  E	  4.1	  0.0	0.000	0.000	0.000
834	  Y	  7.3	  0.0	0.000	0.000	0.000
835	  Q	  5.6	  0.0	0.000	0.000	0.000
836	  L	  4.5	  0.0	0.000	0.000	0.000
837	  Q	  1.5	  0.1	0.000	0.000	0.000
838	  A	  0.5	  0.2	0.000	0.000	0.000
839	  S	  0.4	  0.2	0.320	0.000	0.000
840	  S	  3.0	  0.2	0.320	0.000	0.000
841	  I	 13.2	  0.1	0.320	0.000	0.000
842	  T	 14.4	  0.0	0.320	0.000	0.000
843	  L	 11.8	  0.0	0.320	0.000	0.000
844	  L	  1.8	  0.0	0.320	0.000	0.000
845	  P	  0.1	  0.0	0.000	0.037	0.037
846	  V	  1.3	  0.0	0.000	5.391	5.391
847	  S	  1.5	  0.2	0.120	5.834	5.834
848	  S	  2.2	  0.2	0.271	9.364	9.364
849	  T	  4.0	  0.2	0.428	37.549	37.549
850	  Y	  4.3	  0.1	0.428	84.341	84.341
851	  L	  5.0	  0.0	0.428	97.490	97.490
852	  I	  7.0	  0.0	0.428	99.773	99.773
853	  I	  7.7	  0.0	0.428	99.973	99.973
854	  L	  9.6	  0.0	0.428	99.985	99.985
855	  T	  6.8	  0.0	0.428	99.934	99.934
856	  I	 10.8	  0.0	0.428	99.900	99.900
857	  I	  9.3	  0.0	0.428	99.454	99.454
858	  M	  8.0	  0.0	0.428	94.317	94.317
859	  T	  2.9	  0.0	0.000	88.015	88.015
860	  A	  1.3	  0.0	0.000	84.219	84.219
861	  I	  2.1	  0.0	0.000	81.244	81.244
862	  C	  3.2	  0.0	0.000	47.034	47.034
863	  L	  3.1	  0.0	0.000	43.970	43.970
864	  I	  1.5	  0.0	0.000	0.016	0.016
