res	aa	Beta	Turn	Helix	Aggregation	Conc-Stab_Aggregation
01	  M	  0.0	  0.2	0.000	0.000	0.000
02	  P	  0.0	  0.3	0.000	0.000	0.000
03	  Q	  0.2	  0.4	0.000	0.000	0.000
04	  S	  0.7	  2.9	0.000	0.000	0.000
05	  K	  0.7	  2.7	0.000	0.000	0.000
06	  D	  0.5	  2.6	0.000	0.000	0.000
07	  D	  0.0	  2.5	0.000	0.000	0.000
08	  P	  0.0	  0.9	0.000	0.000	0.000
09	  P	  0.0	  0.9	0.000	0.000	0.000
10	  N	  0.2	  0.9	0.000	0.000	0.000
11	  V	  0.2	  1.6	0.000	0.000	0.000
12	  P	  0.2	  1.0	0.000	0.000	0.000
13	  S	  0.0	  1.0	0.000	0.000	0.000
14	  G	  0.0	  1.0	0.000	0.000	0.000
15	  W	  0.7	  0.4	0.000	0.000	0.000
16	  K	  0.9	  0.1	0.000	0.000	0.000
17	  A	  1.4	  0.0	0.000	0.000	0.000
18	  V	  3.9	  0.1	0.000	0.000	0.000
19	  F	  3.9	  0.2	0.000	0.000	0.000
20	  D	  3.4	  0.3	0.000	0.000	0.000
21	  D	  0.3	  0.4	0.653	0.000	0.000
22	  E	  1.3	  0.4	0.653	0.002	0.002
23	  Y	  1.7	  0.2	0.653	11.072	11.072
24	  Q	  2.4	  0.1	0.653	13.484	13.484
25	  T	  5.5	  0.0	1.136	45.255	45.255
26	  W	  5.8	  0.0	1.136	97.356	97.356
27	  F	  6.3	  0.0	1.136	99.710	99.710
28	  Y	  3.6	  0.0	1.035	99.766	99.766
29	  V	  6.1	  0.0	0.910	99.767	99.767
30	  Y	  5.3	  0.0	1.016	99.294	99.294
31	  L	  3.8	  0.0	1.016	90.237	90.237
32	  A	  0.9	  0.0	1.016	36.456	36.456
33	  T	  1.5	  0.1	0.707	13.330	13.330
34	  K	  1.6	  0.1	0.707	0.002	0.002
35	  R	  1.7	  0.1	0.418	0.000	0.000
36	  S	  0.9	  0.1	0.000	0.000	0.000
37	  Q	  5.4	  0.1	0.000	0.000	0.000
38	  W	  6.0	  0.0	0.000	0.000	0.000
39	  E	  5.7	  0.0	0.000	0.000	0.000
40	  E	  1.0	  0.3	0.000	0.000	0.000
41	  P	  0.0	  0.7	0.000	0.000	0.000
42	  E	  0.0	  1.2	0.000	0.000	0.000
43	  G	  0.0	  1.2	0.000	0.000	0.000
44	  T	  2.9	  0.9	0.000	0.000	0.000
45	  T	  9.1	  0.5	0.000	0.000	0.000
46	  W	  9.4	  0.0	0.000	0.000	0.000
47	  N	  6.7	  0.0	0.000	0.000	0.000
48	  K	  1.2	  0.0	0.000	0.000	0.000
49	  I	  2.1	  0.0	0.000	0.000	0.000
50	  S	  1.9	  0.0	0.000	0.000	0.000
51	  K	  1.2	  0.0	0.000	0.000	0.000
52	  P	  0.0	  0.0	0.000	0.000	0.000
53	  P	  0.0	  0.0	0.000	0.000	0.000
54	  M	  0.0	  0.0	0.000	0.000	0.000
55	  P	  0.0	  0.0	0.000	0.000	0.000
56	  P	  0.0	  0.6	0.000	0.000	0.000
57	  P	  0.0	  0.6	0.000	0.000	0.000
58	  S	  1.5	  0.6	1.001	0.000	0.000
59	  Y	  2.3	  0.7	1.001	0.000	0.000
60	  K	  2.8	  0.2	1.001	0.000	0.000
61	  S	  1.8	  0.2	3.984	0.000	0.000
62	  K	  1.1	  0.3	4.207	0.000	0.000
63	  E	  0.6	  0.2	4.207	0.000	0.000
64	  E	  0.5	  0.1	4.085	0.000	0.000
65	  Y	  0.8	  0.2	3.927	0.000	0.000
66	  A	  0.8	  0.4	3.657	0.000	0.000
67	  R	  0.5	  0.4	3.420	0.000	0.000
68	  G	  0.1	  0.4	2.648	0.000	0.000
69	  S	 17.3	  0.2	1.092	0.000	0.000
70	  V	 17.2	  0.0	0.000	0.000	0.000
71	  S	 17.2	  0.0	0.000	0.000	0.000
72	  P	  0.0	  0.2	0.000	0.000	0.000
73	  P	  0.0	  0.3	0.000	0.000	0.000
74	  H	  0.1	  0.3	0.154	0.000	0.000
75	  S	  0.8	  0.4	0.884	0.000	0.000
76	  A	  1.0	  0.3	0.884	0.000	0.000
77	  R	  1.0	  0.2	0.884	0.000	0.000
78	  R	  0.5	  0.2	0.884	0.000	0.000
79	  A	  0.4	  0.1	0.884	0.000	0.000
80	  Q	  0.3	  0.0	0.884	0.000	0.000
81	  P	  0.0	  0.0	0.000	0.000	0.000
82	  A	  0.0	  0.0	0.000	0.000	0.000
83	  P	  0.0	  0.0	0.000	0.000	0.000
84	  P	  0.0	  0.2	0.000	0.000	0.000
85	  P	  0.0	  0.2	0.000	0.000	0.000
86	  Q	  0.1	  0.2	0.000	0.000	0.000
87	  T	  3.4	  0.2	0.000	0.000	0.000
88	  T	 15.5	  0.1	0.000	0.000	0.000
89	  Y	 17.0	  0.1	0.000	0.000	0.000
90	  R	 14.5	  0.1	0.000	0.000	0.000
91	  S	  2.5	  0.1	0.000	0.000	0.000
92	  Q	  0.6	  0.1	0.000	0.000	0.000
93	  P	  0.0	  0.0	0.000	0.000	0.000
94	  P	  0.0	  0.0	0.000	0.000	0.000
95	  A	  0.0	  0.0	0.000	0.000	0.000
96	  P	  0.0	  0.0	0.000	0.000	0.000
97	  V	  0.3	  0.0	0.000	0.000	0.000
98	  S	  0.3	  0.0	0.000	0.000	0.000
99	  P	  0.3	  0.0	0.000	0.000	0.000
100	  Q	  0.0	  0.1	0.000	0.000	0.000
101	  P	  0.0	  0.1	0.000	0.000	0.000
102	  Y	  4.2	  0.1	0.000	0.000	0.000
103	  Y	  4.5	  0.1	0.000	0.000	0.000
104	  S	  4.5	  0.3	0.000	0.000	0.000
105	  P	  0.4	  0.3	0.000	0.000	0.000
106	  Q	  0.1	  0.3	0.000	0.000	0.000
107	  V	  0.1	  0.3	0.000	0.000	0.000
108	  P	  0.1	  0.1	0.000	0.000	0.000
109	  Q	  0.7	  0.1	0.000	0.000	0.000
110	  Q	  0.7	  0.1	0.000	0.000	0.000
111	  Q	  0.7	  0.1	0.000	0.000	0.000
112	  P	  0.1	  0.0	0.000	0.000	0.000
113	  M	  0.0	  0.2	0.000	0.000	0.000
114	  P	  0.0	  0.2	0.000	0.000	0.000
115	  M	  0.0	  0.2	0.000	0.000	0.000
116	  Y	  0.0	  0.2	0.000	0.000	0.000
117	  P	  0.0	  0.3	0.000	0.000	0.000
118	  P	  0.0	  0.3	0.000	0.000	0.000
119	  Q	  0.0	  0.3	0.000	0.000	0.000
120	  Q	  0.1	  0.3	0.000	0.000	0.000
121	  P	  0.1	  0.0	0.000	0.000	0.000
122	  M	  0.1	  0.0	0.000	0.000	0.000
123	  P	  0.0	  0.0	0.000	0.000	0.000
124	  M	  0.1	  0.2	0.000	0.000	0.000
125	  P	  0.0	  0.2	0.000	0.000	0.000
126	  M	  1.0	  0.2	0.000	0.000	0.000
127	  Y	  1.1	  0.2	0.000	0.000	0.000
128	  A	  1.1	  0.2	0.000	0.000	0.000
129	  P	  0.2	  0.2	0.000	0.000	0.000
130	  Q	  0.0	  0.2	0.000	0.000	0.000
131	  Q	  0.0	  0.2	0.000	0.000	0.000
132	  P	  0.0	  0.0	0.000	0.000	0.000
133	  V	  1.0	  0.0	0.000	0.000	0.000
134	  Y	  1.1	  1.3	0.000	0.000	0.000
135	  G	  1.1	  1.3	0.000	0.000	0.000
136	  G	  0.1	  1.3	0.000	0.000	0.000
137	  A	  0.0	  1.3	0.000	0.000	0.000
138	  P	  0.0	  0.0	0.000	0.000	0.000
139	  M	  0.0	  0.0	0.000	0.000	0.000
140	  P	  0.0	  0.0	0.000	0.000	0.000
141	  Q	  0.0	  0.0	0.000	0.000	0.000
142	  P	  0.0	  0.0	0.000	0.000	0.000
143	  V	  4.3	  0.0	0.000	0.000	0.000
144	  Y	  6.1	  0.0	0.000	0.000	0.000
145	  Q	  6.2	  0.0	0.000	0.000	0.000
146	  Q	  2.0	  0.0	0.000	0.000	0.000
147	  A	  0.2	  0.0	0.000	0.000	0.000
148	  P	  0.0	  0.0	0.000	0.000	0.000
149	  V	  1.5	  0.0	0.000	0.000	0.000
150	  A	  1.6	  0.0	0.000	0.000	0.000
151	  Q	  1.9	  0.1	0.000	0.000	0.000
152	  Q	  0.6	  0.2	0.000	0.000	0.000
153	  K	  0.6	  0.3	0.000	0.000	0.000
154	  S	  1.2	  3.0	0.000	0.000	0.000
155	  S	  1.0	  3.3	0.000	0.000	0.000
156	  S	  0.9	  3.3	0.000	0.000	0.000
157	  G	  0.1	  3.5	0.172	0.000	0.000
158	  V	  0.1	  0.7	0.172	0.000	0.000
159	  G	  0.1	  0.5	0.312	0.000	0.000
160	  K	  0.1	  0.5	0.312	0.000	0.000
161	  K	  0.2	  0.2	0.312	0.000	0.000
162	  A	  0.5	  0.1	0.312	0.000	0.000
163	  F	  1.3	  0.3	0.312	0.636	0.636
164	  F	  1.3	  3.1	0.140	0.636	0.636
165	  G	  1.1	  3.2	0.000	0.636	0.636
166	  S	  0.3	  3.2	0.000	0.636	0.636
167	  L	  0.1	  3.2	0.000	0.789	0.789
168	  A	  0.2	  0.7	0.000	0.510	0.510
169	  G	  0.0	  1.0	0.000	0.275	0.275
170	  A	  0.0	  1.0	0.000	0.636	0.636
171	  G	  0.0	  0.9	0.000	1.064	1.064
172	  V	  0.4	  0.6	0.000	1.397	1.397
173	  G	  0.4	  0.2	0.000	1.397	1.397
174	  V	  1.0	  0.2	0.000	1.397	1.397
175	  L	  0.6	  0.1	0.000	1.397	1.397
176	  G	  0.6	  0.2	0.338	0.333	0.333
177	  A	  0.1	  0.2	0.338	0.153	0.153
178	  E	  0.0	  0.2	0.338	0.000	0.000
179	  A	  0.4	  0.1	0.338	0.000	0.000
180	  I	  1.0	  0.1	0.338	0.000	0.000
181	  S	  1.1	  0.0	0.338	0.000	0.000
182	  H	  1.1	  0.0	0.144	0.000	0.000
183	  A	  0.7	  0.1	0.000	0.000	0.000
184	  F	  1.1	  0.1	0.000	0.000	0.000
185	  D	  0.7	  0.1	0.000	0.000	0.000
186	  H	  1.2	  0.2	0.000	0.000	0.000
187	  H	  1.0	  0.3	0.000	0.000	0.000
188	  H	  1.1	  0.3	0.000	0.000	0.000
189	  D	  0.5	  2.1	0.000	0.000	0.000
190	  Q	  0.3	  2.1	0.000	0.000	0.000
191	  D	  0.4	  2.0	0.000	0.000	0.000
192	  T	  2.3	  1.9	0.000	0.000	0.000
193	  T	  7.5	  0.0	0.000	0.000	0.000
194	  V	 11.0	  0.0	0.000	0.000	0.000
195	  V	  9.9	  0.1	0.000	0.000	0.000
196	  E	  4.7	  0.2	0.000	0.000	0.000
197	  N	  1.1	  0.2	0.000	0.000	0.000
198	  N	  1.9	  0.2	0.000	0.000	0.000
199	  Y	  3.4	  0.1	0.000	0.000	0.000
200	  Y	  3.6	  0.6	0.000	0.000	0.000
201	  D	  1.9	  0.6	0.000	0.000	0.000
202	  N	  0.3	  0.7	0.000	0.000	0.000
203	  G	  0.0	  2.1	0.000	0.000	0.000
204	  P	  0.0	  1.9	0.000	0.000	0.000
205	  G	  0.0	  2.0	0.000	0.000	0.000
206	  G	  0.1	  1.9	0.000	0.000	0.000
207	  Y	  0.4	  1.0	0.000	0.000	0.000
208	  D	  0.4	  3.2	0.000	0.000	0.000
209	  N	  0.4	  3.2	0.000	0.000	0.000
210	  G	  0.0	  3.1	0.000	0.000	0.000
211	  Y	  0.1	  3.1	0.000	0.000	0.000
212	  G	  0.1	  0.7	0.000	0.000	0.000
213	  G	  0.1	  0.8	0.000	0.000	0.000
214	  G	  0.0	  1.2	0.000	0.000	0.000
215	  G	  0.0	  0.7	0.000	0.000	0.000
216	  G	  0.1	  0.7	0.000	0.000	0.000
217	  Y	  0.4	  1.0	0.000	0.000	0.000
218	  D	  0.4	  3.2	0.000	0.000	0.000
219	  N	  0.4	  3.2	0.000	0.000	0.000
220	  G	  0.1	  3.1	0.000	0.000	0.000
221	  Y	  1.1	  2.7	0.000	0.000	0.000
222	  D	  1.1	  0.5	0.000	0.000	0.000
223	  Q	  1.0	  0.5	0.000	0.000	0.000
224	  G	  0.1	  0.6	0.000	0.000	0.000
225	  Y	  0.6	  0.7	0.000	0.000	0.000
226	  N	  0.6	  0.6	0.000	0.000	0.000
227	  D	  0.4	  0.6	0.000	0.000	0.000
228	  G	  0.1	  0.6	0.000	0.000	0.000
229	  F	  0.4	  1.0	0.000	0.000	0.000
230	  D	  0.4	  1.1	0.000	0.000	0.000
231	  D	  0.3	  1.9	0.000	0.000	0.000
232	  G	  0.0	  1.8	0.000	0.000	0.000
233	  N	  0.7	  3.2	0.000	0.000	0.000
234	  Y	  1.0	  3.0	0.000	0.000	0.000
235	  D	  1.0	  2.6	0.000	0.000	0.000
236	  G	  0.3	  4.5	0.000	0.000	0.000
237	  G	  0.0	  2.7	0.000	0.000	0.000
238	  D	  0.0	  2.8	0.000	0.000	0.000
239	  G	  0.0	  2.5	0.000	0.000	0.000
240	  G	  0.0	  0.6	0.000	0.000	0.000
241	  D	  0.0	  0.4	0.000	0.000	0.000
242	  W	  0.0	  0.0	0.000	0.000	0.000
