res	aa	Beta	Turn	Helix	Aggregation	Conc-Stab_Aggregation
01	  M	  1.0	  0.0	0.000	0.000	0.000
02	  K	  4.1	  0.0	0.000	0.000	0.000
03	  F	  5.7	  0.0	0.000	18.372	18.372
04	  T	  5.3	  0.0	0.000	20.774	20.774
05	  T	  3.0	  0.0	0.000	30.445	30.445
06	  A	  1.5	  0.0	0.000	46.437	46.437
07	  F	  1.2	  0.3	0.000	64.526	64.526
08	  A	  0.9	  0.3	0.000	65.593	65.593
09	  T	  1.1	  0.3	0.355	66.248	66.248
10	  L	  1.2	  0.3	0.355	66.522	66.522
11	  A	  1.0	  0.0	0.355	64.632	64.632
12	  I	  1.7	  0.1	0.355	62.413	62.413
13	  A	  1.4	  0.2	0.355	35.863	35.863
14	  S	  1.3	  0.2	0.464	12.782	12.782
15	  S	  0.5	  0.2	0.363	9.768	9.768
16	  A	  1.2	  0.2	0.236	9.436	9.436
17	  V	  2.3	  0.0	0.236	9.155	9.155
18	  M	  2.0	  0.1	0.236	5.281	5.281
19	  G	  1.2	  0.1	0.236	0.489	0.489
20	  Q	  2.4	  0.1	0.236	0.113	0.113
21	  F	  2.7	  0.4	0.000	0.113	0.113
22	  S	  2.7	  0.5	0.000	0.000	0.000
23	  N	  0.5	  0.9	0.000	0.000	0.000
24	  S	  0.4	  0.9	0.000	0.000	0.000
25	  S	  0.4	  0.7	0.000	0.000	0.000
26	  I	  0.4	  0.4	0.000	0.000	0.000
27	  P	  0.1	  0.0	0.000	0.000	0.000
28	  I	  0.3	  0.0	0.000	0.000	0.000
29	  D	  0.2	  4.1	0.000	0.000	0.000
30	  P	  0.2	  4.2	0.000	0.000	0.000
31	  S	  2.0	  4.4	0.000	0.000	0.000
32	  T	  3.3	  4.4	0.000	0.000	0.000
33	  S	  3.5	  0.3	0.000	0.000	0.000
34	  V	  1.5	  0.4	0.000	0.000	0.000
35	  P	  0.2	  0.3	0.000	0.000	0.000
36	  S	  0.8	  1.0	0.000	0.000	0.000
37	  Q	  0.9	  1.0	0.000	0.000	0.000
38	  N	  1.2	  0.9	0.000	0.000	0.000
39	  T	  1.9	  0.8	0.000	0.000	0.000
40	  T	  3.5	  0.1	0.000	0.000	0.000
41	  T	 20.0	  0.0	0.000	0.000	0.000
42	  V	 19.7	  0.1	0.000	0.000	0.000
43	  S	 18.1	  0.1	0.000	0.000	0.000
44	  S	  2.1	  0.1	0.000	0.000	0.000
45	  T	  3.2	  0.1	0.000	0.000	0.000
46	  T	  2.9	  0.1	0.000	0.000	0.000
47	  T	  2.4	  0.0	0.000	0.000	0.000
48	  P	  0.0	  0.2	0.000	0.000	0.000
49	  P	  0.0	  0.3	0.000	0.000	0.000
50	  T	  2.9	  0.3	0.000	0.000	0.000
51	  T	  4.1	  0.4	0.000	0.000	0.000
52	  S	  4.4	  0.3	0.000	0.000	0.000
53	  S	  2.3	  0.3	0.000	0.000	0.000
54	  T	  2.6	  0.2	0.000	0.000	0.000
55	  T	  4.2	  0.1	0.000	0.000	0.000
56	  T	  4.1	  0.0	0.000	0.000	0.000
57	  I	  2.5	  0.0	0.000	0.000	0.000
58	  P	  0.6	  0.0	0.000	0.000	0.000
59	  A	  0.0	  0.0	0.000	0.000	0.000
60	  P	  0.0	  0.0	0.000	0.000	0.000
61	  P	  0.0	  2.0	0.000	0.000	0.000
62	  P	  0.0	  2.0	0.000	0.000	0.000
63	  G	  0.1	  2.1	0.000	0.000	0.000
64	  F	  1.4	  2.1	0.000	0.000	0.000
65	  N	  1.6	  0.2	0.000	0.000	0.000
66	  S	  2.1	  0.2	0.000	0.000	0.000
67	  T	  2.5	  0.2	0.000	0.000	0.000
68	  T	  2.7	  0.2	0.000	0.000	0.000
69	  T	  2.1	  0.1	0.000	0.000	0.000
70	  E	  0.4	  0.1	0.000	0.000	0.000
71	  T	  0.2	  0.1	0.095	0.000	0.000
72	  E	  0.9	  0.1	0.095	0.000	0.000
73	  I	  8.5	  0.0	0.095	0.000	0.000
74	  E	  8.9	  0.0	0.191	0.000	0.000
75	  V	 10.8	  0.0	0.191	17.459	17.459
76	  V	  5.7	  0.0	0.191	18.436	18.436
77	  T	  5.8	  0.0	0.468	18.544	18.544
78	  A	  3.5	  0.0	0.468	18.722	18.722
79	  Y	  2.3	  0.0	0.468	18.722	18.722
80	  T	  4.8	  0.0	0.277	13.104	13.104
81	  T	 17.4	  0.0	0.277	9.479	9.479
82	  Y	 16.3	  0.0	0.277	7.462	7.462
83	  C	 13.3	  0.0	0.277	0.000	0.000
84	  P	  0.2	  0.0	0.000	0.000	0.000
85	  Y	  0.0	  0.1	0.000	0.000	0.000
86	  P	  0.0	  0.2	0.000	0.000	0.000
87	  T	  3.0	  0.2	0.000	0.000	0.000
88	  T	 21.6	  0.2	0.000	0.000	0.000
89	  F	 24.7	  0.0	0.000	0.000	0.000
90	  T	 22.4	  0.4	0.000	0.000	0.000
91	  Q	  4.2	  1.5	0.000	0.000	0.000
92	  N	  0.5	  1.5	0.000	0.000	0.000
93	  G	  0.1	  1.5	0.000	1.769	1.769
94	  V	  6.5	  1.1	0.000	23.761	23.761
95	  T	 22.4	  0.0	0.000	24.687	24.687
96	  Y	 30.0	  0.0	0.000	25.715	25.715
97	  T	 31.8	  0.0	0.000	25.842	25.842
98	  V	 18.4	  0.0	0.000	26.171	26.171
99	  T	 10.1	  0.0	0.000	16.985	16.985
100	  S	  2.7	  0.1	0.000	11.054	11.054
101	  A	  0.9	  0.1	0.000	10.738	10.738
102	  T	  1.3	  0.1	0.000	10.711	10.711
103	  T	  3.3	  0.1	0.000	10.693	10.693
104	  L	  6.6	  0.0	0.000	10.500	10.500
105	  T	 17.1	  0.0	0.000	9.040	9.040
106	  I	 15.1	  0.1	0.000	8.277	8.277
107	  T	 12.2	  0.1	0.000	3.106	3.106
108	  D	  0.9	  0.1	0.000	0.000	0.000
109	  C	  0.5	  0.2	0.000	0.000	0.000
110	  P	  0.0	  0.1	0.000	0.000	0.000
111	  C	  3.3	  0.1	0.000	0.000	0.000
112	  T	 14.6	  0.1	0.000	0.000	0.000
113	  I	 19.0	  0.0	0.000	0.000	0.000
114	  T	 16.1	  0.0	0.000	0.000	0.000
115	  K	  4.8	  0.0	0.000	0.000	0.000
116	  P	  0.2	  0.0	0.000	0.000	0.000
117	  K	  0.0	  0.0	0.000	0.000	0.000
118	  P	  0.0	  0.0	0.000	0.000	0.000
119	  H	  0.0	  0.0	0.000	0.000	0.000
120	  P	  0.0	  0.0	0.000	0.000	0.000
121	  Q	  0.0	  0.0	0.000	0.000	0.000
122	  P	  0.0	  0.0	0.000	0.000	0.000
123	  Q	  0.0	  0.0	0.000	0.000	0.000
124	  P	  0.0	  0.0	0.000	0.000	0.000
125	  Q	  0.0	  0.1	0.000	0.000	0.000
126	  P	  0.0	  0.2	0.000	0.000	0.000
127	  T	  5.6	  0.2	0.000	0.000	0.000
128	  T	  5.7	  0.2	0.000	0.000	0.000
129	  K	  5.8	  0.0	0.000	0.000	0.000
130	  P	  0.2	  0.0	0.000	0.000	0.000
131	  A	  0.0	  0.0	0.000	0.000	0.000
132	  P	  0.0	  0.0	0.000	0.000	0.000
133	  G	  0.0	  0.0	0.000	0.000	0.000
134	  P	  0.0	  0.0	0.000	0.000	0.000
135	  E	  0.1	  0.0	0.000	0.000	0.000
136	  P	  0.1	  0.0	0.000	0.000	0.000
137	  K	  0.1	  0.0	0.000	0.000	0.000
138	  P	  0.0	  0.0	0.000	0.000	0.000
139	  Q	  0.0	  0.0	0.000	0.000	0.000
140	  P	  0.0	  0.0	0.000	0.000	0.000
141	  Q	  0.0	  0.0	0.000	0.000	0.000
142	  P	  0.0	  0.0	0.000	0.000	0.000
143	  Q	  0.0	  0.0	0.000	0.000	0.000
144	  P	  0.0	  0.0	0.000	0.000	0.000
145	  Q	  0.0	  0.3	0.000	0.000	0.000
146	  P	  0.0	  0.4	0.000	0.000	0.000
147	  S	  0.7	  0.4	0.000	0.000	0.000
148	  T	  0.8	  0.4	0.000	0.000	0.000
149	  K	  0.9	  0.1	0.000	0.000	0.000
150	  P	  0.2	  0.0	0.000	0.000	0.000
151	  A	  0.0	  0.0	0.000	0.000	0.000
152	  P	  0.0	  0.0	0.000	0.000	0.000
153	  K	  0.0	  1.2	0.000	0.000	0.000
154	  P	  0.0	  1.2	0.000	0.000	0.000
155	  D	  0.2	  1.2	0.000	0.000	0.000
156	  T	  1.7	  1.3	0.000	0.232	0.232
157	  T	  3.2	  0.1	0.000	0.232	0.232
158	  T	  5.0	  0.1	0.000	0.232	0.232
159	  T	 10.7	  0.0	0.000	0.232	0.232
160	  V	 11.3	  0.0	0.000	0.232	0.232
161	  R	  9.6	  0.1	0.000	0.000	0.000
162	  Q	  2.8	  0.1	0.000	0.000	0.000
163	  S	  1.8	  0.1	0.000	0.000	0.000
164	  V	  2.0	  0.1	0.000	0.000	0.000
165	  A	  1.8	  0.0	0.000	0.000	0.000
166	  P	  0.5	  0.0	0.000	0.000	0.000
167	  H	  0.0	  0.4	0.000	0.000	0.000
168	  P	  0.0	  0.5	0.000	0.000	0.000
169	  T	  1.1	  0.5	0.000	0.173	0.173
170	  T	  3.7	  0.5	0.000	0.173	0.173
171	  I	  5.0	  0.0	0.000	0.173	0.173
172	  L	  4.1	  0.1	0.000	0.173	0.173
173	  S	  1.9	  0.1	0.000	0.173	0.173
174	  T	  1.7	  0.1	0.000	0.000	0.000
175	  Q	  1.8	  0.2	0.000	0.000	0.000
176	  R	  1.6	  0.3	0.000	0.000	0.000
177	  S	  0.5	  0.3	0.415	0.000	0.000
178	  S	  0.4	  0.3	0.415	0.000	0.000
179	  L	  0.3	  0.2	0.415	0.000	0.000
180	  A	  0.3	  0.1	0.415	0.000	0.000
181	  A	  0.2	  0.0	0.415	0.000	0.000
182	  Q	  0.2	  0.2	0.415	0.000	0.000
183	  P	  0.0	  0.2	0.000	0.000	0.000
184	  T	  1.3	  0.3	0.000	0.000	0.000
185	  S	  1.4	  0.4	0.000	0.000	0.000
186	  S	  1.7	  0.3	0.000	0.000	0.000
187	  Q	  0.8	  0.2	0.000	0.000	0.000
188	  H	  3.6	  0.1	0.000	0.646	0.646
189	  V	 16.8	  0.1	0.000	3.236	3.236
190	  I	 19.9	  0.0	0.000	3.236	3.236
191	  V	 20.0	  0.0	0.000	3.236	3.236
192	  T	  7.4	  0.0	0.000	3.236	3.236
193	  Q	  4.1	  0.0	0.000	2.590	2.590
194	  H	  2.7	  0.3	0.000	0.292	0.292
195	  V	  2.2	  2.6	0.000	0.292	0.292
196	  N	  1.8	  2.7	0.000	0.000	0.000
197	  G	  0.3	  2.7	0.341	0.000	0.000
198	  A	  0.1	  2.7	0.341	0.000	0.000
199	  A	  0.1	  0.4	0.341	0.077	0.077
200	  N	  0.1	  0.3	0.523	0.167	0.167
201	  L	  0.2	  0.3	0.523	2.550	2.550
202	  A	  0.2	  0.2	0.523	2.957	2.957
203	  A	  0.3	  0.2	0.523	3.444	3.444
204	  S	  0.4	  0.2	0.358	4.019	4.019
205	  S	  0.8	  0.2	1.048	8.615	8.615
206	  V	  1.7	  0.1	1.185	45.348	45.348
207	  M	  1.7	  0.0	1.292	48.378	48.378
208	  G	  1.3	  0.0	14.702	50.849	50.849
209	  L	  0.3	  0.0	14.799	78.211	78.211
210	  A	  0.2	  0.0	15.092	82.895	82.895
211	  A	  0.4	  0.0	15.224	88.335	88.335
212	  L	  0.5	  0.0	15.224	94.564	94.564
213	  L	  0.7	  0.1	15.224	94.442	94.442
214	  A	  0.6	  0.1	14.385	93.331	93.331
215	  L	  1.3	  0.1	12.460	92.336	92.336
216	  F	  1.1	  0.1	8.529	89.754	89.754
217	  M	  0.9	  0.0	2.108	0.000	0.000
