res	aa	Beta	Turn	Helix	Aggregation	Conc-Stab_Aggregation
01	  M	  1.6	  0.0	0.000	0.000	0.000
02	  I	  2.5	  0.0	0.000	0.000	0.000
03	  L	  2.5	  0.0	0.000	0.000	0.000
04	  N	  1.0	  0.0	0.713	0.000	0.000
05	  P	  0.1	  0.0	0.713	0.011	0.011
06	  A	  0.2	  0.0	0.713	0.041	0.041
07	  L	  0.9	  0.0	0.713	0.234	0.234
08	  F	  2.0	  0.1	0.713	0.283	0.283
09	  L	  1.9	  0.1	0.713	0.287	0.287
10	  N	  1.3	  0.2	0.457	0.277	0.277
11	  K	  0.9	  0.2	0.196	0.292	0.292
12	  C	  1.6	  0.0	0.000	7.556	7.556
13	  V	  3.3	  0.0	0.000	50.856	50.856
14	  C	  3.3	  0.0	0.841	57.550	57.550
15	  I	  3.8	  0.0	1.163	91.656	91.656
16	  Y	  3.4	  0.0	2.247	94.622	94.622
17	  T	  3.4	  0.0	4.728	95.523	95.523
18	  T	  2.6	  0.0	6.935	97.015	97.015
19	  L	  2.3	  0.0	6.935	99.479	99.479
20	  I	  4.3	  0.0	6.935	99.862	99.862
21	  L	  4.6	  0.0	6.935	99.828	99.828
22	  L	  4.3	  0.0	6.935	99.555	99.555
23	  L	  1.8	  0.0	6.825	97.958	97.958
24	  L	  1.3	  0.2	5.909	88.527	88.527
25	  T	  0.5	  0.2	3.181	34.122	34.122
26	  N	  0.3	  0.2	2.872	1.439	1.439
27	  G	  0.0	  0.2	0.772	0.120	0.120
28	  G	  0.0	  0.0	0.000	0.000	0.000
29	  Y	  0.0	  0.0	0.000	0.000	0.000
30	  A	  0.0	  0.0	-1.#IO	0.000	0.000
31	  T	  0.0	  0.0	-1.#IO	0.000	0.000
32	  S	  0.0	  0.0	-1.#IO	0.000	0.000
33	  S	  0.0	  0.0	-1.#IO	0.000	0.000
34	  N	  0.0	  0.0	-1.#IO	0.000	0.000
35	  D	  0.0	  0.0	-1.#IO	0.000	0.000
36	  I	  0.0	  0.0	-1.#IO	0.000	0.000
37	  S	  0.0	  0.0	-1.#IO	0.000	0.000
38	  L	  0.0	  0.0	-1.#IO	0.000	0.000
39	  A	  0.0	  0.0	-1.#IO	0.000	0.000
40	  S	  0.0	  0.0	-1.#IO	0.000	0.000
41	  K	  0.0	  0.0	-1.#IO	0.000	0.000
42	  D	  0.0	  0.0	-1.#IO	0.000	0.000
43	  P	  0.0	  0.0	0.000	0.000	0.000
44	  T	  0.0	  0.0	0.000	0.000	0.000
45	  T	  0.8	  0.0	0.000	0.000	0.000
46	  F	  0.8	  0.4	0.000	0.000	0.000
47	  P	  0.8	  0.7	0.000	0.000	0.000
48	  L	  0.1	  1.0	0.000	0.000	0.000
49	  G	  0.2	  1.0	0.000	0.000	0.000
50	  C	  0.3	  0.6	0.000	0.000	0.000
51	  S	  0.2	  5.3	0.000	0.000	0.000
52	  P	  0.2	  5.0	0.000	0.000	0.000
53	  D	  1.3	  5.0	0.000	0.000	0.000
54	  I	  6.9	  5.0	0.000	0.000	0.000
55	  T	  7.1	  0.0	0.000	0.000	0.000
56	  T	  5.8	  0.2	0.000	0.000	0.000
57	  P	  0.2	  0.4	0.000	0.000	0.000
58	  K	  0.0	  0.7	0.000	0.000	0.000
59	  K	  0.0	  0.7	0.000	0.000	0.000
60	  G	  0.0	  0.5	0.232	0.000	0.000
61	  L	  1.9	  0.3	0.232	0.000	0.000
62	  S	  2.9	  0.0	0.648	0.000	0.000
63	  M	  3.6	  0.1	0.648	0.000	0.000
64	  E	  1.9	  0.1	0.648	0.000	0.000
65	  L	  1.3	  0.1	0.648	0.000	0.000
66	  Y	  6.6	  0.1	0.648	0.000	0.000
67	  S	 13.2	  0.5	0.932	0.000	0.000
68	  Y	 14.7	  0.5	0.680	0.000	0.000
69	  D	 10.1	  0.5	1.515	0.000	0.000
70	  F	  4.2	  0.5	1.515	0.000	0.000
71	  R	  2.2	  0.2	1.515	0.000	0.000
72	  K	  1.2	  0.6	1.515	0.000	0.000
73	  K	  0.1	  1.1	1.338	0.000	0.000
74	  G	  0.1	  1.1	1.110	0.000	0.000
75	  S	  0.3	  0.9	0.546	0.000	0.000
76	  Y	  0.4	  0.6	0.226	0.000	0.000
77	  P	  0.3	  0.1	0.000	0.000	0.000
78	  C	  1.8	  0.3	0.000	0.000	0.000
79	  W	  2.3	  0.3	0.000	0.000	0.000
80	  D	  2.3	  0.2	0.227	0.000	0.000
81	  A	  0.6	  0.2	0.227	0.000	0.000
82	  A	  0.4	  0.0	0.227	0.000	0.000
83	  Y	  2.0	  0.0	0.227	0.000	0.000
84	  L	  2.0	  0.0	0.227	0.000	0.000
85	  D	  1.7	  5.7	0.227	0.000	0.000
86	  P	  0.1	  5.7	0.000	0.000	0.000
87	  N	  0.1	  5.7	0.000	0.000	0.000
88	  Y	  0.1	  5.9	0.000	0.000	0.000
89	  P	  0.1	  0.3	0.000	0.000	0.000
90	  R	  0.1	  0.4	0.000	0.000	0.000
91	  T	  0.1	  0.4	0.000	0.000	0.000
92	  G	  0.1	  0.3	0.000	0.000	0.000
93	  Y	  1.0	  0.2	0.000	0.000	0.000
94	  K	  1.3	  0.2	0.000	0.000	0.000
95	  S	  2.3	  0.2	0.230	0.000	0.000
96	  H	  1.9	  0.3	0.422	0.000	0.000
97	  R	  2.0	  0.1	0.422	0.000	0.000
98	  L	  1.1	  0.1	0.422	0.000	0.000
99	  L	  0.6	  0.1	0.422	0.000	0.000
100	  A	  0.6	  0.0	0.422	0.000	0.000
101	  K	  1.8	  0.3	0.422	0.000	0.000
102	  V	  1.9	  1.2	0.000	0.000	0.000
103	  D	  1.6	  1.2	0.000	0.000	0.000
104	  G	  0.3	  1.2	0.000	0.000	0.000
105	  V	  0.7	  1.0	0.000	0.000	0.000
106	  T	  0.7	  0.5	0.000	0.000	0.000
107	  G	  0.6	  0.5	0.000	0.000	0.000
108	  N	  1.6	  0.7	0.000	0.182	0.182
109	  I	  6.0	  0.7	0.000	5.183	5.183
110	  N	  7.6	  0.2	0.000	5.183	5.183
111	  F	  7.3	  0.2	0.000	5.629	5.629
112	  Y	  4.2	  0.0	0.000	5.629	5.629
113	  Y	  3.9	  0.0	0.000	5.629	5.629
114	  H	  2.9	  0.2	0.000	0.939	0.939
115	  A	  2.0	  0.3	0.000	0.576	0.576
116	  T	  0.6	  1.1	0.000	0.168	0.168
117	  K	  0.3	  1.6	0.000	0.000	0.000
118	  G	  0.2	  1.4	0.000	0.000	0.000
119	  C	  0.5	  1.3	0.000	0.000	0.000
120	  T	  0.5	  0.7	0.126	0.000	0.000
121	  P	  0.3	  0.4	0.126	0.000	0.000
122	  Q	  0.1	  0.4	0.126	0.000	0.000
123	  L	  0.1	  0.5	0.126	0.000	0.000
124	  G	  0.1	  0.2	0.126	0.000	0.000
125	  H	  0.1	  0.1	0.126	0.000	0.000
126	  L	  0.1	  0.1	0.000	0.000	0.000
127	  P	  0.1	  0.2	0.000	0.000	0.000
128	  A	  0.5	  0.2	0.000	0.000	0.000
129	  S	  9.7	  0.6	0.000	0.000	0.000
130	  Y	 14.6	  0.6	0.000	0.000	0.000
131	  N	 14.1	  0.4	0.000	0.000	0.000
132	  Y	  5.5	  0.4	0.000	0.000	0.000
133	  P	  0.1	  0.0	0.000	0.000	0.000
134	  K	  0.0	  0.0	0.000	0.000	0.000
135	  P	  0.0	  0.0	0.000	0.000	0.000
136	  L	  2.4	  0.0	0.000	2.482	2.482
137	  T	  5.3	  0.0	0.000	3.447	3.447
138	  M	  5.7	  0.1	0.000	5.094	5.094
139	  T	  3.9	  0.1	0.119	6.437	6.437
140	  N	  2.2	  0.1	0.480	8.700	8.700
141	  F	  6.5	  0.1	0.480	63.893	63.893
142	  T	  6.8	  0.0	0.995	67.784	67.784
143	  M	  6.5	  0.0	0.995	72.073	72.073
144	  L	  2.4	  0.0	0.995	75.411	75.411
145	  L	  1.6	  0.2	0.995	75.877	75.877
146	  Y	  0.8	  0.2	0.995	70.303	70.303
147	  G	  0.3	  0.2	0.629	49.380	49.380
148	  Y	  3.9	  0.2	0.223	47.328	47.328
149	  F	  4.1	  0.0	0.000	43.972	43.972
150	  R	  4.0	  0.1	0.000	0.000	0.000
151	  P	  0.3	  0.1	0.000	0.000	0.000
152	  K	  5.3	  0.1	0.000	0.000	0.000
153	  V	  5.9	  0.2	0.000	0.124	0.124
154	  T	  6.0	  0.1	0.000	0.124	0.124
155	  G	  0.7	  0.1	0.000	0.124	0.124
156	  F	  0.5	  0.1	0.000	0.573	0.573
157	  H	  2.7	  0.0	0.000	0.573	0.573
158	  T	 18.8	  0.0	0.000	0.776	0.776
159	  F	 25.0	  0.0	0.000	0.896	0.896
160	  T	 32.5	  0.0	0.000	0.896	0.896
161	  I	 18.3	  0.0	0.000	0.896	0.896
162	  S	 11.4	  2.2	1.003	0.323	0.323
163	  A	  1.4	  2.3	1.003	0.120	0.120
164	  D	  0.3	  2.4	1.003	0.000	0.000
165	  D	  0.0	  2.3	1.143	0.000	0.000
166	  L	  0.5	  0.2	1.143	24.021	24.021
167	  L	  1.1	  0.0	1.143	33.251	33.251
168	  F	  2.7	  0.1	0.901	33.805	33.805
169	  V	  5.0	  0.1	0.246	33.805	33.805
170	  N	  4.4	  0.4	0.246	33.805	33.805
171	  F	  3.0	  1.3	0.000	32.315	32.315
172	  G	  0.2	  1.4	0.000	5.199	5.199
173	  A	  0.2	  2.1	0.000	2.457	2.457
174	  G	  0.0	  1.7	0.000	0.132	0.132
175	  N	  0.2	  0.9	0.000	0.000	0.000
176	  A	  0.3	  0.7	0.000	0.000	0.000
177	  F	  5.2	  0.0	0.000	0.000	0.000
178	  D	  6.2	  0.0	0.168	0.000	0.000
179	  C	 14.3	  0.0	0.168	0.000	0.000
180	  C	 10.6	  0.1	0.168	0.000	0.000
181	  R	  9.7	  0.4	0.168	0.000	0.000
182	  R	  1.6	  0.5	0.168	0.000	0.000
183	  D	  0.6	  2.1	0.168	0.000	0.000
184	  S	  0.1	  2.0	0.106	0.000	0.000
185	  S	  0.5	  4.2	0.106	0.000	0.000
186	  A	  0.4	  4.2	0.106	0.000	0.000
187	  D	  0.6	  2.6	0.106	0.000	0.000
188	  H	  1.0	  2.7	0.106	0.000	0.000
189	  F	  1.0	  4.5	0.106	0.093	0.093
190	  G	  0.7	  4.4	0.225	0.093	0.093
191	  N	  1.0	  4.4	0.876	0.258	0.258
192	  Y	  3.3	  4.3	0.876	4.708	4.708
193	  Q	  3.6	  0.0	0.876	5.250	5.250
194	  A	  2.8	  0.0	0.876	18.828	18.828
195	  Y	  1.5	  0.0	0.876	19.443	19.443
196	  A	  1.2	  0.0	0.876	19.443	19.443
197	  I	  1.8	  0.1	0.754	19.443	19.443
198	  W	  0.9	  0.4	0.754	19.235	19.235
199	  G	  0.8	  0.4	1.040	1.283	1.283
200	  S	  0.7	  0.5	0.888	0.000	0.000
201	  K	  1.0	  0.4	0.533	0.000	0.000
202	  T	  2.2	  0.2	0.773	0.000	0.000
203	  A	  1.6	  0.4	0.773	0.000	0.000
204	  K	  1.3	  0.3	0.773	0.000	0.000
205	  D	  0.1	  0.3	1.846	0.000	0.000
206	  E	  0.6	  0.3	1.846	0.000	0.000
207	  L	  3.8	  0.1	1.720	0.000	0.000
208	  T	  9.4	  0.1	1.480	0.000	0.000
209	  V	 12.9	  0.0	1.480	0.000	0.000
210	  H	 10.3	  0.2	1.480	0.000	0.000
211	  L	  5.0	  0.3	0.838	0.000	0.000
212	  D	  0.8	  0.7	0.838	0.000	0.000
213	  A	  0.2	  0.7	0.583	0.000	0.000
214	  G	  0.1	  0.4	0.410	0.000	0.000
215	  V	  3.2	  0.4	0.116	0.000	0.000
216	  Y	  3.4	  0.0	0.116	0.000	0.000
217	  Y	  3.4	  0.0	0.000	0.000	0.000
218	  P	  0.2	  0.0	0.000	0.000	0.000
219	  I	  4.1	  0.0	0.000	0.000	0.000
220	  R	  4.7	  0.0	0.000	0.000	0.000
221	  L	  5.2	  0.0	0.000	0.000	0.000
222	  F	  3.1	  0.1	0.000	0.000	0.000
223	  Y	  2.9	  0.1	0.000	0.000	0.000
224	  N	  2.4	  0.2	0.000	0.000	0.000
225	  N	  0.5	  0.2	0.000	0.000	0.000
226	  R	  0.2	  0.1	0.000	0.000	0.000
227	  E	  2.1	  0.2	0.000	0.000	0.000
228	  Y	  2.4	  0.7	0.000	0.000	0.000
229	  D	  2.3	  0.7	0.129	0.000	0.000
230	  G	  0.3	  0.7	0.129	0.737	0.737
231	  A	  0.2	  0.5	0.129	9.648	9.648
232	  L	  1.8	  0.1	0.129	11.388	11.388
233	  S	  8.2	  0.0	0.129	11.388	11.388
234	  F	 19.0	  0.0	0.129	11.388	11.388
235	  T	 28.6	  0.0	0.000	11.388	11.388
236	  F	 22.9	  0.1	0.000	10.747	10.747
237	  K	 12.5	  0.1	0.000	0.000	0.000
238	  T	  0.8	  0.2	0.121	0.000	0.000
239	  E	  0.4	  0.3	0.121	0.000	0.000
240	  S	  0.2	  0.3	0.121	0.000	0.000
241	  N	  0.0	  1.9	0.249	0.000	0.000
242	  E	  0.1	  1.8	0.249	0.000	0.000
243	  N	  0.9	  1.7	0.249	0.000	0.000
244	  T	 18.2	  1.6	0.128	0.000	0.000
245	  V	 18.2	  0.3	0.128	0.000	0.000
246	  S	 17.5	  0.3	0.128	0.000	0.000
247	  D	  0.7	  0.5	0.099	0.000	0.000
248	  F	  1.0	  0.5	0.099	0.000	0.000
249	  S	  1.0	  0.2	0.099	0.000	0.000
250	  E	  1.0	  0.2	0.099	0.000	0.000
251	  Y	  1.8	  0.1	0.099	1.980	1.980
252	  F	  3.9	  0.0	0.099	1.980	1.980
253	  F	  6.5	  0.1	0.099	1.980	1.980
254	  S	  7.4	  1.1	0.000	1.980	1.980
255	  L	  5.4	  1.2	0.000	1.980	1.980
256	  D	  2.4	  1.3	0.116	0.000	0.000
257	  D	  0.2	  1.3	0.254	0.000	0.000
258	  T	  0.2	  0.5	0.254	0.000	0.000
259	  E	  0.1	  0.9	0.254	0.000	0.000
260	  E	  0.0	  0.8	0.254	0.000	0.000
261	  G	  0.0	  0.7	0.254	0.000	0.000
262	  C	  0.0	  1.9	0.254	0.000	0.000
263	  P	  0.0	  1.4	0.000	0.000	0.000
264	  G	  0.0	  1.4	0.000	0.000	0.000
265	  L	  0.4	  1.4	0.000	0.000	0.000
266	  I	  4.4	  0.1	0.000	0.000	0.000
267	  S	 11.2	  0.5	0.000	0.000	0.000
268	  Y	 11.6	  0.5	0.000	0.000	0.000
269	  D	  8.0	  2.8	0.000	0.000	0.000
270	  S	  1.5	  2.9	0.000	0.000	0.000
271	  S	  1.5	  2.5	0.101	0.000	0.000
272	  C	  2.1	  2.7	0.101	0.000	0.000
273	  A	  2.0	  0.3	0.101	0.000	0.000
274	  S	  2.7	  0.3	0.408	0.000	0.000
275	  V	  3.4	  0.3	0.408	0.000	0.000
276	  K	  3.1	  0.1	0.408	0.000	0.000
277	  T	  2.8	  0.1	0.306	0.000	0.000
278	  S	  1.7	  0.1	0.306	0.000	0.000
279	  K	  2.9	  0.1	0.306	0.000	0.000
280	  I	  3.7	  0.0	0.000	0.000	0.000
281	  I	  3.6	  0.1	0.000	0.000	0.000
282	  G	  2.4	  0.2	0.000	0.000	0.000
283	  I	  3.5	  0.2	0.000	0.000	0.000
284	  D	  3.4	  0.2	0.000	0.000	0.000
285	  Y	  3.9	  0.1	0.000	0.000	0.000
286	  H	  1.1	  0.0	0.000	0.000	0.000
287	  T	  1.1	  0.0	0.000	0.000	0.000
288	  E	  0.4	  0.0	0.000	0.000	0.000
289	  T	  0.2	  0.9	0.000	0.000	0.000
290	  P	  0.0	  0.9	0.000	0.000	0.000
291	  N	  0.0	  2.1	0.000	0.000	0.000
292	  E	  0.0	  2.1	0.000	0.000	0.000
293	  N	  0.5	  1.3	0.000	0.000	0.000
294	  L	  0.6	  1.3	0.000	0.000	0.000
295	  V	  0.6	  0.0	0.000	0.000	0.000
296	  P	  0.1	  0.0	0.000	0.000	0.000
297	  I	  2.4	  0.0	0.000	0.000	0.000
298	  T	  3.8	  0.1	0.000	0.000	0.000
299	  K	  4.6	  0.1	0.000	0.000	0.000
300	  T	  4.8	  0.1	0.000	0.000	0.000
301	  I	  3.7	  0.1	0.000	0.000	0.000
302	  Y	  4.3	  0.0	0.000	0.000	0.000
303	  H	  1.9	  0.2	0.000	0.000	0.000
304	  L	  1.7	  0.2	0.000	0.000	0.000
305	  G	  0.4	  0.2	0.000	0.000	0.000
306	  I	  0.3	  0.2	0.000	0.000	0.000
307	  P	  0.0	  0.0	0.000	0.000	0.000
308	  C	  0.4	  0.2	0.000	0.000	0.000
309	  T	  0.4	  0.6	0.000	0.000	0.000
310	  G	  0.4	  0.6	0.000	0.000	0.000
311	  T	  1.8	  0.6	0.000	0.000	0.000
312	  T	  4.6	  0.5	0.000	0.000	0.000
313	  T	  4.7	  0.0	0.000	0.000	0.000
314	  T	  3.0	  0.3	0.000	0.000	0.000
315	  P	  0.2	  0.3	0.000	0.000	0.000
316	  L	  0.2	  0.3	0.000	0.000	0.000
317	  C	  0.3	  1.0	0.000	0.000	0.000
318	  G	  0.3	  1.1	0.000	0.000	0.000
319	  S	  0.2	  1.1	0.000	0.000	0.000
320	  G	  0.1	  1.1	0.000	0.000	0.000
321	  F	  3.0	  0.4	0.000	0.000	0.000
322	  Y	  3.2	  0.0	0.000	0.000	0.000
323	  D	  3.1	  0.5	1.336	0.000	0.000
324	  P	  0.2	  0.5	1.336	0.000	0.000
325	  L	  0.0	  0.7	1.336	0.000	0.000
326	  A	  0.0	  0.7	1.336	0.000	0.000
327	  N	  0.1	  0.3	1.336	0.000	0.000
328	  K	  0.7	  0.3	1.336	0.000	0.000
329	  C	  1.1	  0.0	0.182	0.000	0.000
330	  V	 10.2	  0.0	0.000	0.000	0.000
331	  T	 14.4	  0.0	0.000	0.000	0.000
332	  I	 15.7	  0.0	0.000	0.000	0.000
333	  N	  7.0	  0.3	0.000	0.000	0.000
334	  T	  3.1	  0.4	0.000	0.000	0.000
335	  S	  1.6	  0.5	0.000	0.000	0.000
336	  S	  3.3	  0.7	0.000	0.000	0.000
337	  T	  3.4	  0.5	0.000	0.000	0.000
338	  S	  3.2	  0.4	0.000	0.000	0.000
339	  S	  4.8	  0.3	0.000	0.000	0.000
340	  V	  5.2	  0.1	0.000	0.000	0.000
341	  T	  6.4	  0.1	0.000	0.000	0.000
342	  K	  3.9	  0.1	0.000	0.000	0.000
343	  T	  4.8	  0.1	0.000	0.000	0.000
344	  T	  4.0	  0.2	0.000	0.000	0.000
345	  S	  4.2	  0.1	0.000	0.000	0.000
346	  H	  2.3	  0.1	0.000	0.000	0.000
347	  T	  4.4	  0.1	0.000	0.000	0.000
348	  T	  4.5	  0.1	0.000	0.000	0.000
349	  S	  4.3	  0.2	0.000	0.000	0.000
350	  K	  2.1	  0.2	0.000	0.000	0.000
351	  E	  3.6	  0.1	0.000	0.000	0.000
352	  V	  7.1	  0.1	0.000	0.000	0.000
353	  S	  8.7	  0.0	0.000	0.000	0.000
354	  F	  6.5	  0.0	0.000	0.000	0.000
355	  H	  2.6	  0.2	0.000	0.000	0.000
356	  S	  0.7	  0.2	0.000	0.000	0.000
357	  S	  5.8	  0.4	0.000	0.000	0.000
358	  I	  6.3	  0.4	0.000	0.000	0.000
359	  S	  6.4	  0.3	0.000	0.000	0.000
360	  S	  1.0	  0.4	0.129	0.000	0.000
361	  Q	  0.6	  0.3	0.129	0.000	0.000
362	  K	  0.6	  0.2	0.129	0.000	0.000
363	  T	  1.4	  0.1	0.129	0.000	0.000
364	  L	  1.3	  0.1	0.129	0.000	0.000
365	  I	  1.1	  0.0	0.129	0.000	0.000
366	  P	  0.1	  0.1	0.000	0.000	0.000
367	  K	  0.7	  0.1	0.000	0.000	0.000
368	  S	  0.8	  0.1	0.000	0.000	0.000
369	  I	  0.8	  0.1	0.000	0.000	0.000
370	  P	  0.1	  0.0	0.000	0.000	0.000
371	  S	  0.0	  0.9	0.000	0.000	0.000
372	  P	  0.0	  0.9	0.000	0.000	0.000
373	  Y	  0.0	  1.1	0.000	0.000	0.000
374	  G	  0.0	  1.1	0.128	0.000	0.000
375	  P	  0.0	  0.2	0.128	0.000	0.000
376	  I	  1.3	  0.2	0.128	0.000	0.000
377	  K	  1.6	  0.1	0.128	0.000	0.000
378	  S	  3.1	  0.6	0.128	0.000	0.000
379	  Q	  2.0	  0.6	0.128	0.000	0.000
380	  S	  1.8	  0.6	0.000	0.000	0.000
381	  I	  0.3	  0.6	0.000	0.000	0.000
382	  P	  0.1	  0.1	0.000	0.000	0.000
383	  T	  0.1	  0.1	0.000	0.000	0.000
384	  E	  0.2	  0.1	0.000	0.000	0.000
385	  M	  0.3	  0.1	0.000	0.000	0.000
386	  E	  0.3	  0.1	0.000	0.000	0.000
387	  T	  1.4	  0.2	0.000	0.000	0.000
388	  S	  1.5	  0.3	0.000	0.000	0.000
389	  S	  1.5	  0.2	0.000	0.000	0.000
390	  E	  1.4	  0.2	0.000	0.000	0.000
391	  I	  2.0	  0.1	0.000	0.000	0.000
392	  S	  2.8	  0.8	0.285	0.000	0.000
393	  S	  1.6	  0.9	0.410	0.000	0.000
394	  S	  1.0	  0.9	0.410	0.000	0.000
395	  E	  0.5	  0.9	0.410	0.000	0.000
396	  Y	  1.2	  0.1	0.410	0.000	0.000
397	  A	  1.6	  0.0	0.410	0.000	0.000
398	  F	  1.5	  0.6	0.410	0.000	0.000
399	  S	  0.7	  0.6	0.000	0.000	0.000
400	  D	  2.0	  0.6	0.000	0.000	0.000
401	  V	  6.0	  0.6	0.000	0.000	0.000
402	  I	  7.4	  0.0	0.000	0.000	0.000
403	  S	  5.8	  0.0	0.000	0.000	0.000
404	  T	  1.6	  0.5	0.000	0.000	0.000
405	  P	  0.1	  0.5	0.000	0.000	0.000
406	  S	  2.3	  0.5	0.000	0.000	0.000
407	  H	  2.3	  0.5	0.000	0.000	0.000
408	  S	  2.3	  0.3	2.021	0.000	0.000
409	  P	  0.0	  0.2	2.021	0.000	0.000
410	  Y	  4.1	  0.2	2.021	0.000	0.000
411	  T	  5.0	  0.3	2.021	0.000	0.000
412	  K	  5.0	  0.1	2.021	0.000	0.000
413	  K	  1.1	  0.1	2.021	0.000	0.000
414	  H	  0.2	  0.4	0.947	0.000	0.000
415	  S	  0.2	  0.4	0.291	0.000	0.000
416	  S	  2.9	  1.0	0.000	0.000	0.000
417	  L	  3.2	  1.0	0.000	0.000	0.000
418	  N	  3.2	  1.7	0.000	0.000	0.000
419	  S	  1.2	  2.5	0.000	0.000	0.000
420	  S	  1.1	  1.9	0.000	0.000	0.000
421	  S	  8.2	  1.9	0.000	0.172	0.172
422	  Y	 10.0	  0.9	0.000	1.671	1.671
423	  T	 10.4	  0.1	0.000	2.059	2.059
424	  S	  3.7	  0.1	0.000	2.059	2.059
425	  T	  4.1	  0.1	0.000	2.059	2.059
426	  V	  7.0	  0.1	0.000	2.059	2.059
427	  I	  7.0	  0.0	0.000	1.939	1.939
428	  H	  4.1	  0.1	0.000	0.000	0.000
429	  S	  1.6	  0.1	0.000	0.000	0.000
430	  L	  1.7	  0.1	0.000	0.131	0.131
431	  T	  2.8	  0.1	0.000	0.131	0.131
432	  S	 21.1	  0.2	0.000	0.131	0.131
433	  Y	 23.5	  0.2	0.000	0.131	0.131
434	  S	 26.8	  0.2	0.000	0.131	0.131
435	  I	  8.8	  0.3	0.000	0.131	0.131
436	  S	  5.6	  0.4	0.000	0.000	0.000
437	  Q	  0.9	  0.4	0.000	0.000	0.000
438	  G	  0.1	  0.3	0.000	0.000	0.000
439	  I	  1.0	  0.2	0.000	0.218	0.218
440	  F	  1.9	  0.1	0.000	0.218	0.218
441	  S	  3.7	  0.3	0.000	0.218	0.218
442	  T	  3.2	  0.3	0.000	0.218	0.218
443	  S	  7.7	  0.6	0.000	0.218	0.218
444	  L	  5.8	  0.6	0.000	0.218	0.218
445	  S	  5.4	  0.5	0.000	0.000	0.000
446	  E	  0.2	  0.5	0.000	0.000	0.000
447	  Q	  0.3	  0.2	0.000	0.000	0.000
448	  N	  2.8	  0.2	0.000	0.000	0.000
449	  I	  5.0	  0.1	0.000	0.000	0.000
450	  T	  6.1	  0.1	0.000	0.000	0.000
451	  S	  5.8	  0.9	0.000	0.000	0.000
452	  K	  3.6	  0.9	0.000	0.000	0.000
453	  S	  2.6	  1.1	0.000	0.000	0.000
454	  S	  0.9	  1.6	0.000	0.000	0.000
455	  T	  0.9	  0.8	0.000	0.000	0.000
456	  D	  0.7	  0.8	0.000	0.000	0.000
457	  K	  0.9	  0.6	0.000	0.000	0.000
458	  F	  1.6	  0.1	0.000	0.000	0.000
459	  S	  1.6	  0.1	0.244	0.000	0.000
460	  T	  2.1	  0.1	0.244	0.000	0.000
461	  A	  1.4	  0.1	0.244	0.000	0.000
462	  T	  1.8	  0.0	0.244	0.000	0.000
463	  S	  6.6	  0.5	0.244	0.000	0.000
464	  M	  6.5	  0.7	0.244	0.000	0.000
465	  S	  6.1	  0.9	0.000	0.000	0.000
466	  N	  0.4	  0.9	0.216	0.000	0.000
467	  S	  3.0	  0.4	0.216	0.000	0.000
468	  I	  7.1	  0.2	0.216	0.418	0.418
469	  T	  8.8	  0.1	0.216	0.418	0.418
470	  Q	  6.2	  0.2	0.216	0.418	0.418
471	  S	  2.3	  0.2	0.216	2.069	2.069
472	  S	  0.7	  0.2	0.000	3.534	3.534
473	  I	  5.8	  0.1	0.000	4.017	4.017
474	  I	  7.6	  0.0	0.000	4.017	4.017
475	  I	  8.1	  0.0	0.000	4.017	4.017
476	  S	  4.5	  0.6	0.000	2.132	2.132
477	  Q	  2.6	  0.7	0.000	0.483	0.483
478	  S	  1.8	  0.8	0.000	0.000	0.000
479	  S	  1.0	  1.4	0.000	0.000	0.000
480	  T	  1.0	  0.8	0.000	0.000	0.000
481	  N	  0.7	  0.8	0.000	0.000	0.000
482	  N	  0.1	  2.0	0.000	0.000	0.000
483	  E	  0.1	  1.4	0.000	0.000	0.000
484	  N	  1.5	  1.4	0.000	0.000	0.000
485	  Y	  3.0	  1.3	0.000	0.000	0.000
486	  T	  4.6	  0.0	0.000	0.000	0.000
487	  T	  5.9	  0.1	0.000	0.000	0.000
488	  T	  4.9	  0.1	0.000	0.000	0.000
489	  S	  3.9	  0.1	0.000	0.000	0.000
490	  M	  1.4	  0.0	0.000	0.000	0.000
491	  H	  1.5	  0.1	0.000	0.000	0.000
492	  T	  2.2	  0.3	0.000	0.000	0.000
493	  S	  2.0	  2.3	0.000	0.000	0.000
494	  S	  1.3	  2.3	0.000	0.000	0.000
495	  D	  0.1	  2.3	0.000	0.000	0.000
496	  K	  0.8	  2.1	0.000	0.000	0.000
497	  I	  1.7	  0.1	0.000	0.000	0.000
498	  S	  1.8	  0.1	2.545	0.000	0.000
499	  T	  1.2	  0.1	2.990	0.000	0.000
500	  E	  0.3	  0.2	2.990	0.000	0.000
501	  T	  1.7	  0.2	2.990	0.000	0.000
502	  L	  1.7	  0.3	2.990	0.000	0.000
503	  N	  1.7	  0.3	2.990	0.000	0.000
504	  N	  0.4	  0.3	2.436	0.000	0.000
505	  S	  5.6	  0.3	0.869	0.230	0.230
506	  I	  6.4	  0.2	0.000	2.450	2.450
507	  S	  6.8	  0.2	0.000	2.613	2.613
508	  T	  3.1	  0.2	0.000	4.196	4.196
509	  T	  4.8	  0.1	0.000	6.826	6.826
510	  T	  4.5	  0.1	0.000	10.910	10.910
511	  S	  3.3	  0.1	0.000	11.666	11.666
512	  I	  2.1	  0.0	0.000	11.909	11.909
513	  L	  2.3	  0.0	0.000	11.909	11.909
514	  F	  2.4	  0.2	0.000	11.492	11.492
515	  S	  1.0	  0.5	0.000	2.122	2.122
516	  N	  0.5	  1.3	0.000	0.243	0.243
517	  S	  0.5	  1.4	0.000	0.000	0.000
518	  S	  0.8	  1.2	0.230	0.000	0.000
519	  T	  3.4	  1.0	0.230	0.000	0.000
520	  I	  3.9	  0.1	0.230	0.000	0.000
521	  L	  3.6	  0.2	0.230	0.000	0.000
522	  K	  1.0	  0.3	0.230	0.000	0.000
523	  N	  0.2	  0.3	0.230	0.000	0.000
524	  N	  0.4	  0.3	0.000	0.000	0.000
525	  T	  1.4	  0.1	0.000	0.154	0.154
526	  T	  3.8	  0.0	0.000	0.335	0.335
527	  I	  5.3	  0.0	0.000	0.335	0.335
528	  I	  4.9	  0.1	0.000	0.335	0.335
529	  S	  2.6	  2.0	0.000	0.335	0.335
530	  S	  0.6	  2.1	0.000	0.180	0.180
531	  D	  0.1	  4.6	0.216	0.000	0.000
532	  K	  0.2	  4.6	0.216	0.000	0.000
533	  D	  0.3	  2.6	0.216	0.000	0.000
534	  T	  3.2	  2.6	0.216	0.000	0.000
535	  H	  6.8	  0.1	0.216	0.000	0.000
536	  Y	  6.9	  0.0	0.216	0.000	0.000
537	  H	  4.1	  0.0	0.000	0.000	0.000
538	  P	  0.2	  0.0	0.000	0.000	0.000
539	  V	  0.2	  0.0	0.000	0.000	0.000
540	  N	  0.2	  0.2	0.000	0.000	0.000
541	  P	  0.2	  0.2	0.000	0.000	0.000
542	  T	  4.9	  0.2	0.000	0.132	0.132
543	  I	  7.4	  0.2	0.000	0.132	0.132
544	  V	  8.3	  0.0	0.000	0.132	0.132
545	  C	  3.6	  0.2	0.000	0.132	0.132
546	  S	  1.7	  0.7	0.000	0.132	0.132
547	  T	  1.0	  0.7	0.000	0.000	0.000
548	  N	  0.9	  0.8	0.000	0.000	0.000
549	  K	  0.6	  0.6	0.000	0.000	0.000
550	  T	  0.5	  0.2	0.000	0.000	0.000
551	  E	  0.6	  0.2	0.000	0.000	0.000
552	  I	  2.2	  0.0	0.000	1.360	1.360
553	  I	  2.7	  0.0	0.000	1.360	1.360
554	  C	  3.2	  0.2	0.000	1.360	1.360
555	  A	  1.6	  0.2	0.000	1.360	1.360
556	  S	  3.8	  0.2	0.000	1.360	1.360
557	  I	 11.1	  0.2	0.000	1.360	1.360
558	  T	 10.8	  0.0	0.000	0.511	0.511
559	  Q	  8.1	  0.2	0.000	0.000	0.000
560	  P	  0.2	  0.2	0.000	0.000	0.000
561	  S	  5.2	  0.4	0.000	0.000	0.000
562	  I	  5.2	  0.5	0.000	0.000	0.000
563	  S	  5.3	  0.6	0.000	0.000	0.000
564	  N	  0.1	  3.2	0.000	0.000	0.000
565	  S	  0.1	  3.5	0.000	0.000	0.000
566	  N	  0.0	  3.4	0.000	0.000	0.000
567	  N	  0.5	  3.1	0.000	0.000	0.000
568	  H	  2.8	  0.4	0.000	0.000	0.000
569	  W	  3.6	  0.1	0.000	0.000	0.000
570	  S	  4.0	  0.8	0.128	0.000	0.000
571	  S	  1.8	  0.8	0.517	0.000	0.000
572	  S	  1.5	  0.8	0.517	0.000	0.000
573	  V	  2.4	  0.7	0.517	0.000	0.000
574	  L	  3.5	  0.0	0.517	0.000	0.000
575	  R	  7.2	  0.0	0.517	0.000	0.000
576	  F	  6.6	  0.0	0.517	0.000	0.000
577	  N	  5.5	  0.1	0.342	0.000	0.000
578	  S	  1.9	  0.2	0.342	0.000	0.000
579	  T	  2.6	  0.2	0.342	0.000	0.000
580	  T	  9.9	  0.1	0.342	0.000	0.000
581	  V	 11.2	  0.1	0.342	0.000	0.000
582	  R	  9.6	  0.1	0.342	0.000	0.000
583	  S	  2.6	  0.1	0.000	0.000	0.000
584	  T	  0.8	  0.1	0.000	0.000	0.000
585	  L	  0.5	  0.4	0.000	0.000	0.000
586	  P	  0.2	  0.5	0.000	0.000	0.000
587	  S	  0.1	  0.7	0.000	0.000	0.000
588	  S	  0.2	  1.5	0.000	0.000	0.000
589	  A	  0.2	  1.9	0.000	0.000	0.000
590	  G	  0.1	  2.1	0.000	0.000	0.000
591	  S	  0.0	  1.9	0.000	0.000	0.000
592	  N	  0.0	  1.2	0.000	0.000	0.000
593	  E	  0.1	  0.5	0.000	0.000	0.000
594	  T	  0.4	  0.2	0.000	0.000	0.000
595	  S	  3.8	  0.4	0.000	0.000	0.000
596	  I	 18.0	  0.2	0.000	0.000	0.000
597	  N	 17.8	  0.2	0.000	0.000	0.000
598	  V	 14.7	  0.2	0.000	0.000	0.000
599	  P	  0.2	  0.0	0.000	0.000	0.000
600	  F	  1.4	  0.1	0.000	0.000	0.000
601	  S	  2.2	  0.8	0.000	0.000	0.000
602	  S	  2.5	  0.9	0.000	0.000	0.000
603	  S	  1.4	  0.9	0.000	0.000	0.000
604	  T	  0.7	  1.0	0.000	0.000	0.000
605	  E	  0.5	  0.5	0.000	0.000	0.000
606	  S	  0.3	  0.4	0.000	0.000	0.000
607	  N	  0.1	  1.5	0.173	0.000	0.000
608	  A	  0.2	  1.4	0.173	0.000	0.000
609	  S	  2.1	  1.4	0.173	0.000	0.000
610	  T	  3.3	  1.5	0.173	0.000	0.000
611	  S	  3.5	  0.5	0.173	0.000	0.000
612	  S	  3.5	  0.6	0.173	0.000	0.000
613	  T	  3.0	  0.5	0.000	0.000	0.000
614	  S	  4.6	  0.6	0.000	0.000	0.000
615	  T	  2.8	  0.8	0.000	0.000	0.000
616	  S	  2.1	  0.8	0.000	0.000	0.000
617	  N	  0.3	  0.8	0.199	0.000	0.000
618	  S	  0.8	  0.6	0.199	0.000	0.000
619	  K	  1.4	  0.4	0.199	0.000	0.000
620	  T	  8.8	  0.2	0.199	0.000	0.000
621	  V	 10.2	  0.1	0.199	0.000	0.000
622	  R	  9.8	  0.1	0.199	0.000	0.000
623	  S	  2.7	  0.1	0.000	0.000	0.000
624	  T	  0.8	  0.1	0.000	0.000	0.000
625	  L	  0.5	  0.4	0.000	0.000	0.000
626	  P	  0.2	  0.5	0.000	0.000	0.000
627	  S	  0.1	  0.7	0.000	0.000	0.000
628	  S	  0.2	  1.5	0.000	0.000	0.000
629	  A	  0.2	  1.9	0.000	0.000	0.000
630	  G	  0.1	  2.1	0.000	0.000	0.000
631	  S	  0.0	  1.9	0.000	0.000	0.000
632	  N	  0.0	  1.2	0.000	0.000	0.000
633	  E	  0.1	  0.5	0.000	0.000	0.000
634	  T	  0.4	  0.2	0.000	0.000	0.000
635	  S	  3.8	  0.4	0.000	0.000	0.000
636	  I	 18.0	  0.2	0.000	0.000	0.000
637	  N	 17.8	  0.2	0.000	0.000	0.000
638	  V	 14.7	  0.2	0.000	0.000	0.000
639	  P	  0.2	  0.0	0.000	0.000	0.000
640	  F	  1.4	  0.1	0.000	0.000	0.000
641	  S	  2.2	  0.8	0.000	0.000	0.000
642	  S	  2.5	  0.9	0.000	0.000	0.000
643	  S	  1.4	  0.9	0.000	0.000	0.000
644	  T	  0.7	  1.0	0.000	0.000	0.000
645	  E	  0.5	  0.4	0.000	0.000	0.000
646	  S	  0.3	  0.4	0.000	0.000	0.000
647	  N	  0.3	  0.6	0.000	0.000	0.000
648	  T	  1.1	  0.5	0.000	0.000	0.000
649	  S	  3.0	  0.6	0.000	0.000	0.000
650	  T	  4.0	  0.6	0.000	0.000	0.000
651	  S	  3.5	  0.5	0.000	0.000	0.000
652	  S	  3.5	  0.6	0.000	0.000	0.000
653	  T	  3.0	  0.5	0.000	0.000	0.000
654	  S	  4.6	  0.6	0.000	0.000	0.000
655	  T	  2.8	  0.8	0.000	0.000	0.000
656	  S	  2.1	  0.8	0.000	0.000	0.000
657	  N	  0.3	  0.8	0.199	0.000	0.000
658	  S	  0.8	  0.6	0.199	0.000	0.000
659	  K	  1.4	  0.4	0.199	0.000	0.000
660	  T	  8.8	  0.2	0.199	0.000	0.000
661	  V	 10.2	  0.1	0.199	0.000	0.000
662	  R	  9.8	  0.1	0.199	0.000	0.000
663	  S	  2.7	  0.1	0.000	0.000	0.000
664	  T	  0.8	  0.1	0.000	0.000	0.000
665	  L	  0.5	  0.4	0.000	0.000	0.000
666	  P	  0.2	  0.5	0.000	0.000	0.000
667	  S	  0.1	  0.7	0.000	0.000	0.000
668	  S	  0.2	  1.5	0.000	0.000	0.000
669	  A	  0.2	  1.9	0.000	0.000	0.000
670	  G	  0.1	  2.1	0.000	0.000	0.000
671	  S	  0.0	  1.9	0.000	0.000	0.000
672	  N	  0.0	  1.2	0.000	0.000	0.000
673	  E	  0.1	  0.5	0.000	0.000	0.000
674	  T	  0.4	  0.2	0.000	0.000	0.000
675	  S	  3.8	  0.4	0.000	0.000	0.000
676	  I	 18.0	  0.2	0.000	0.000	0.000
677	  N	 17.8	  0.2	0.000	0.000	0.000
678	  V	 14.7	  0.2	0.000	0.000	0.000
679	  P	  0.2	  0.0	0.000	0.000	0.000
680	  F	  1.4	  0.1	0.000	0.000	0.000
681	  S	  2.2	  0.8	0.000	0.000	0.000
682	  S	  2.5	  0.9	0.000	0.000	0.000
683	  S	  1.4	  0.9	0.000	0.000	0.000
684	  T	  0.7	  1.0	0.000	0.000	0.000
685	  E	  0.5	  0.5	0.000	0.000	0.000
686	  S	  0.3	  0.4	0.000	0.000	0.000
687	  N	  0.1	  1.5	0.173	0.000	0.000
688	  A	  0.2	  1.4	0.173	0.000	0.000
689	  S	  2.1	  1.4	0.173	0.000	0.000
690	  T	  3.3	  1.5	0.173	0.000	0.000
691	  S	  3.5	  0.5	0.173	0.000	0.000
692	  S	  3.5	  0.6	0.173	0.000	0.000
693	  T	  3.0	  0.5	0.000	0.000	0.000
694	  S	  4.6	  0.6	0.000	0.000	0.000
695	  T	  2.8	  0.8	0.000	0.000	0.000
696	  S	  2.1	  0.8	0.000	0.000	0.000
697	  N	  0.3	  0.8	0.200	0.000	0.000
698	  S	  0.8	  0.6	0.200	0.000	0.000
699	  K	  1.4	  0.4	0.200	0.000	0.000
700	  T	  8.8	  0.2	0.200	0.000	0.000
701	  V	 10.2	  0.1	0.200	0.000	0.000
702	  R	 10.0	  0.0	0.200	0.000	0.000
703	  S	  2.7	  0.0	0.000	0.000	0.000
704	  T	  0.6	  0.0	0.000	0.000	0.000
705	  P	  0.1	  0.0	0.000	0.000	0.000
706	  F	  1.6	  0.1	0.000	0.269	0.269
707	  S	  1.6	  0.3	0.000	0.269	0.269
708	  S	  1.7	  0.6	0.000	0.269	0.269
709	  A	  0.2	  0.6	0.000	1.755	1.755
710	  G	  0.2	  0.5	0.000	2.646	2.646
711	  I	  6.0	  0.4	0.000	7.718	7.718
712	  I	  7.7	  0.0	0.000	8.078	8.078
713	  M	  8.2	  0.0	0.000	7.957	7.957
714	  T	  2.9	  0.1	0.000	7.079	7.079
715	  S	  6.1	  0.4	0.000	6.121	6.121
716	  L	  5.7	  0.4	0.000	5.401	5.401
717	  S	  5.9	  0.5	0.154	0.218	0.218
718	  Q	  0.9	  0.6	0.154	0.000	0.000
719	  R	  0.9	  0.3	0.154	0.000	0.000
720	  N	  0.2	  0.3	0.154	0.000	0.000
721	  N	  0.2	  1.5	0.154	0.000	0.000
722	  K	  0.4	  1.3	0.154	0.000	0.000
723	  S	  3.4	  2.4	0.000	0.000	0.000
724	  A	  3.4	  2.5	0.000	0.000	0.000
725	  S	  3.4	  1.2	0.000	0.000	0.000
726	  S	  1.0	  1.2	0.136	0.000	0.000
727	  Y	  1.6	  0.3	0.136	0.000	0.000
728	  A	  1.4	  0.3	0.136	0.000	0.000
729	  S	  1.0	  1.9	0.136	0.000	0.000
730	  S	  0.3	  2.1	0.136	0.000	0.000
731	  N	  0.3	  2.2	0.136	0.000	0.000
732	  S	  0.8	  2.1	0.000	0.000	0.000
733	  K	  1.3	  0.5	0.000	0.000	0.000
734	  C	  4.2	  0.3	0.000	0.000	0.000
735	  Y	  4.5	  0.2	0.000	0.000	0.000
736	  N	  4.0	  0.1	0.000	0.000	0.000
737	  T	  1.1	  0.5	0.137	0.000	0.000
738	  A	  0.3	  0.5	0.137	0.000	0.000
739	  D	  0.5	  0.6	0.137	0.000	0.000
740	  S	  7.5	  0.6	0.253	0.000	0.000
741	  C	  8.8	  0.3	0.253	0.000	0.000
742	  R	  9.1	  0.2	0.253	0.000	0.000
743	  K	  3.7	  0.1	0.253	0.000	0.000
744	  V	  3.2	  0.1	0.116	0.000	0.000
745	  H	  2.7	  0.0	0.116	0.000	0.000
746	  S	  1.1	  0.0	0.000	0.000	0.000
747	  T	  0.2	  0.6	0.000	0.000	0.000
748	  P	  0.1	  0.5	0.000	0.000	0.000
749	  S	  0.6	  0.5	0.000	0.559	0.559
750	  Y	  1.2	  0.5	0.000	1.355	1.355
751	  L	  1.4	  0.0	0.000	1.355	1.355
752	  L	  1.4	  0.0	0.000	1.355	1.355
753	  T	  1.8	  0.2	0.000	1.355	1.355
754	  S	  1.9	  0.2	0.000	0.797	0.797
755	  S	  9.0	  0.2	0.000	0.244	0.244
756	  Y	 10.6	  0.2	0.000	0.244	0.244
757	  T	 10.4	  0.2	0.000	0.000	0.000
758	  S	  3.0	  0.7	0.000	0.000	0.000
759	  E	  0.1	  0.7	0.000	0.000	0.000
760	  G	  0.1	  0.8	0.000	0.000	0.000
761	  V	  1.9	  0.6	0.000	0.000	0.000
762	  D	  2.3	  1.5	0.000	0.000	0.000
763	  Y	  7.2	  1.5	0.000	0.000	0.000
764	  D	  5.7	  1.6	0.133	0.000	0.000
765	  C	  6.6	  1.7	0.133	0.000	0.000
766	  S	  2.0	  0.3	0.133	0.000	0.000
767	  L	  2.2	  0.3	0.133	0.000	0.000
768	  V	  1.8	  0.1	0.133	0.000	0.000
769	  S	  1.8	  0.1	0.265	0.000	0.000
770	  T	  2.0	  0.1	0.132	0.000	0.000
771	  K	  2.1	  0.1	0.132	0.000	0.000
772	  L	  3.5	  0.1	0.132	0.000	0.000
773	  K	  4.1	  0.0	0.132	0.000	0.000
774	  I	  3.2	  0.0	0.132	0.000	0.000
775	  N	  1.6	  0.2	0.132	0.000	0.000
776	  D	  0.2	  1.6	0.000	0.000	0.000
777	  T	  0.6	  1.6	0.000	0.000	0.000
778	  N	  0.7	  1.6	0.240	0.000	0.000
779	  C	  2.3	  1.7	0.240	0.000	0.000
780	  L	  1.9	  0.3	0.240	0.000	0.000
781	  N	  1.9	  0.3	0.240	0.000	0.000
782	  N	  0.2	  0.4	0.340	0.000	0.000
783	  K	  0.5	  0.2	0.340	0.000	0.000
784	  H	  1.1	  0.2	0.100	0.000	0.000
785	  T	  3.7	  0.2	0.100	0.000	0.000
786	  T	  6.4	  0.3	0.100	0.000	0.000
787	  K	  6.7	  0.3	0.100	0.000	0.000
788	  S	  5.3	  0.3	0.000	0.000	0.000
789	  C	  4.2	  0.2	0.000	0.000	0.000
790	  L	  3.3	  0.1	0.000	0.000	0.000
791	  K	  2.4	  0.1	0.000	0.000	0.000
792	  T	  1.1	  0.1	0.000	0.000	0.000
793	  S	  4.5	  0.1	0.000	0.000	0.000
794	  V	  6.0	  0.0	0.000	0.000	0.000
795	  T	  6.8	  0.0	0.000	0.000	0.000
796	  T	  5.1	  0.0	0.000	0.000	0.000
797	  T	  3.9	  0.0	0.000	0.000	0.000
798	  I	  2.3	  0.1	0.000	0.000	0.000
799	  P	  0.5	  0.1	0.207	0.000	0.000
800	  T	  1.0	  0.1	0.652	0.000	0.000
801	  L	  2.3	  0.1	0.652	0.000	0.000
802	  E	  8.6	  0.0	0.997	0.000	0.000
803	  I	  9.1	  0.0	0.997	0.000	0.000
804	  K	  8.2	  0.0	0.997	0.000	0.000
805	  T	  2.5	  0.0	0.790	0.000	0.000
806	  A	  1.1	  0.1	0.790	0.000	0.000
807	  R	  1.0	  0.1	0.691	0.000	0.000
808	  K	  0.4	  0.2	0.213	0.000	0.000
809	  S	  1.1	  1.3	0.000	0.000	0.000
810	  S	  1.0	  2.6	0.000	0.000	0.000
811	  S	  1.0	  2.5	0.000	0.000	0.000
812	  N	  1.4	  2.4	0.000	0.000	0.000
813	  T	  1.6	  1.3	0.000	0.000	0.000
814	  I	  1.8	  0.1	0.000	0.000	0.000
815	  G	  0.6	  0.1	0.000	0.000	0.000
816	  L	  0.4	  0.2	0.000	0.000	0.000
817	  H	  0.7	  0.2	0.000	0.000	0.000
818	  S	  1.0	  0.1	0.000	0.000	0.000
819	  Y	  0.8	  0.3	0.000	0.000	0.000
820	  P	  0.3	  0.3	0.000	0.000	0.000
821	  T	  2.3	  0.3	0.000	0.000	0.000
822	  S	  2.3	  0.3	0.000	0.000	0.000
823	  S	  2.3	  5.7	0.000	0.000	0.000
824	  P	  0.0	  5.7	0.000	0.000	0.000
825	  N	  0.0	  6.1	0.000	0.000	0.000
826	  K	  0.4	  6.1	0.000	0.000	0.000
827	  S	  5.9	  0.6	0.000	0.000	0.000
828	  I	  6.4	  0.6	0.000	0.000	0.000
829	  S	  6.2	  0.2	0.000	0.000	0.000
830	  S	  0.8	  0.2	0.000	0.000	0.000
831	  A	  0.2	  0.1	0.000	0.000	0.000
832	  P	  0.1	  0.0	0.000	0.278	0.278
833	  I	  2.0	  0.1	0.000	27.474	27.474
834	  I	  2.2	  0.1	0.000	27.883	27.883
835	  G	  2.2	  0.1	0.000	27.883	27.883
836	  Y	  1.1	  0.1	0.000	28.044	28.044
837	  I	  1.6	  0.2	0.000	28.044	28.044
838	  S	  1.8	  0.2	0.000	5.426	5.426
839	  S	  2.2	  0.2	0.240	2.388	2.388
840	  F	  1.9	  0.3	0.240	2.240	2.240
841	  K	  2.4	  0.1	0.240	0.000	0.000
842	  T	 11.7	  0.1	0.240	0.000	0.000
843	  I	 12.6	  0.2	0.240	0.000	0.000
844	  K	 12.2	  0.0	0.240	0.000	0.000
845	  T	  5.9	  0.0	0.000	0.000	0.000
846	  A	  4.5	  0.0	0.000	0.000	0.000
847	  S	  4.2	  3.2	0.000	0.000	0.000
848	  P	  0.1	  3.2	0.000	0.000	0.000
849	  S	  3.0	  3.2	0.000	0.000	0.000
850	  Y	  3.4	  3.2	0.000	0.000	0.000
851	  Q	  3.5	  0.1	0.000	0.000	0.000
852	  T	  0.6	  0.4	0.000	0.000	0.000
853	  S	  0.1	  0.4	0.000	0.000	0.000
854	  D	  0.2	  0.3	0.000	0.000	0.000
855	  L	  0.4	  0.3	0.000	5.468	5.468
856	  T	  1.3	  0.0	0.000	6.293	6.293
857	  T	 11.3	  0.0	0.000	9.661	9.661
858	  I	 13.9	  0.0	0.000	12.592	12.592
859	  T	 13.9	  0.0	0.000	12.689	12.689
860	  T	 13.7	  0.0	0.000	12.508	12.508
861	  I	 12.6	  0.0	0.000	12.302	12.302
862	  T	 12.1	  0.1	0.000	7.937	7.937
863	  S	  4.7	  0.8	0.000	3.694	3.694
864	  L	  3.0	  0.8	0.000	3.193	3.193
865	  N	  2.6	  0.8	0.000	0.000	0.000
866	  N	  0.2	  5.1	0.000	0.000	0.000
867	  P	  0.0	  5.1	0.000	0.000	0.000
868	  G	  0.0	  5.2	0.000	0.000	0.000
869	  S	  0.1	  5.3	0.000	0.000	0.000
870	  T	  0.9	  0.8	0.000	0.000	0.000
871	  A	  1.2	  0.1	0.000	0.000	0.000
872	  V	  2.1	  0.1	0.000	0.000	0.000
873	  E	  1.4	  0.1	0.000	0.000	0.000
874	  N	  1.3	  0.1	0.000	0.000	0.000
875	  T	  1.3	  0.2	0.000	0.000	0.000
876	  H	  1.3	  0.4	0.000	0.000	0.000
877	  E	  1.2	  0.6	0.000	0.000	0.000
878	  S	  0.2	  1.1	0.380	0.000	0.000
879	  N	  0.0	  1.2	0.900	0.000	0.000
880	  D	  0.0	  2.4	0.900	0.000	0.000
881	  K	  0.2	  2.3	0.900	0.000	0.000
882	  S	  0.3	  1.8	1.041	0.000	0.000
883	  R	  0.5	  1.8	1.041	0.000	0.000
884	  K	  0.5	  0.2	0.870	0.000	0.000
885	  T	  1.7	  0.3	0.141	0.000	0.000
886	  S	  1.5	  2.4	0.141	0.000	0.000
887	  S	  1.3	  2.8	0.141	0.000	0.000
888	  N	  0.2	  2.7	0.109	0.000	0.000
889	  D	  0.7	  2.9	0.109	0.000	0.000
890	  I	  1.3	  0.8	0.109	0.000	0.000
891	  S	  1.4	  0.5	0.109	0.000	0.000
892	  S	  0.9	  0.6	0.109	0.000	0.000
893	  K	  0.4	  0.3	0.109	0.000	0.000
894	  H	  0.5	  0.2	0.000	0.000	0.000
895	  S	  1.4	  0.1	0.000	0.000	0.000
896	  V	  4.0	  0.0	0.000	0.000	0.000
897	  I	  4.4	  0.0	0.000	0.000	0.000
898	  K	  3.5	  0.1	0.000	0.000	0.000
899	  E	  1.4	  0.1	0.000	0.000	0.000
900	  T	  1.1	  0.4	0.000	0.000	0.000
901	  K	  0.9	  0.4	0.000	0.000	0.000
902	  D	  0.5	  0.4	0.158	0.000	0.000
903	  A	  0.4	  0.3	0.158	0.000	0.000
904	  V	  1.8	  0.1	0.158	0.000	0.000
905	  E	  1.8	  0.2	0.158	0.000	0.000
906	  S	  1.6	  2.0	0.158	0.000	0.000
907	  S	  0.2	  2.0	0.158	0.000	0.000
908	  N	  0.1	  3.1	0.000	0.000	0.000
909	  K	  0.3	  3.1	0.000	0.000	0.000
910	  S	  0.7	  1.3	0.000	0.000	0.000
911	  H	  0.9	  1.4	0.000	0.000	0.000
912	  Q	  0.6	  0.3	0.000	0.000	0.000
913	  T	  0.8	  0.2	0.000	0.000	0.000
914	  N	  0.7	  0.2	0.000	0.000	0.000
915	  T	  3.7	  0.1	0.000	0.000	0.000
916	  L	  5.2	  0.1	0.000	0.000	0.000
917	  K	  5.7	  0.1	0.000	0.000	0.000
918	  C	  3.4	  0.2	0.000	0.102	0.102
919	  S	  1.3	  0.2	0.000	1.220	1.220
920	  S	  1.3	  0.2	0.141	9.966	9.966
921	  I	  5.8	  0.2	0.141	19.401	19.401
922	  I	  8.6	  0.0	0.141	19.401	19.401
923	  I	  9.0	  0.1	0.141	19.401	19.401
924	  A	  4.1	  0.2	0.141	18.694	18.694
925	  S	  1.9	  1.0	0.141	10.513	10.513
926	  S	  1.1	  1.1	0.000	1.285	1.285
927	  S	  1.8	  1.4	0.000	0.130	0.130
928	  H	  1.2	  1.3	0.000	0.000	0.000
929	  N	  2.0	  0.5	0.000	0.000	0.000
930	  S	  7.7	  0.4	0.000	0.000	0.000
931	  Y	  8.7	  0.4	0.000	0.000	0.000
932	  E	  7.8	  0.4	0.000	0.000	0.000
933	  S	  1.4	  0.5	0.000	0.000	0.000
934	  L	  0.2	  1.0	0.000	0.167	0.167
935	  G	  0.1	  1.0	0.000	0.167	0.167
936	  G	  0.1	  1.0	0.000	0.167	0.167
937	  T	  0.8	  0.9	0.000	1.511	1.511
938	  T	  3.4	  0.3	0.193	3.149	3.149
939	  L	  5.3	  0.0	0.193	5.142	5.142
940	  T	  7.2	  0.0	0.193	5.142	5.142
941	  L	  6.7	  0.0	0.193	5.142	5.142
942	  T	  9.3	  0.0	0.340	4.704	4.704
943	  L	  7.0	  0.0	0.340	4.001	4.001
944	  S	  5.3	  0.0	0.340	0.355	0.355
945	  K	  1.4	  0.0	0.146	0.000	0.000
946	  V	  8.6	  0.0	0.146	0.000	0.000
947	  Y	  8.7	  0.0	0.146	0.000	0.000
948	  S	  7.9	  0.4	0.000	0.000	0.000
949	  P	  0.4	  0.7	0.000	0.000	0.000
950	  Q	  0.0	  0.7	0.000	0.000	0.000
951	  N	  0.1	  1.3	0.000	0.000	0.000
952	  N	  0.1	  0.9	0.000	0.000	0.000
953	  D	  0.1	  0.7	0.000	0.000	0.000
954	  T	  0.3	  0.6	0.000	0.000	0.000
955	  L	  0.3	  0.1	0.000	0.000	0.000
956	  P	  0.2	  0.0	0.000	0.000	0.000
957	  F	  0.7	  0.0	0.000	0.000	0.000
958	  L	  1.9	  0.0	0.000	0.000	0.000
959	  E	  3.1	  0.0	0.000	0.000	0.000
960	  I	  2.6	  0.0	0.000	0.000	0.000
961	  S	  1.4	  0.0	0.000	0.000	0.000
962	  E	  9.1	  0.0	0.000	0.000	0.000
963	  V	  9.1	  0.0	0.000	0.000	0.000
964	  N	  9.1	  3.5	0.000	0.000	0.000
965	  P	  0.2	  3.5	0.000	0.000	0.000
966	  S	  0.2	  3.6	0.000	0.000	0.000
967	  R	  0.9	  3.6	0.000	0.000	0.000
968	  T	  8.2	  0.1	0.000	0.000	0.000
969	  V	  8.4	  0.1	0.000	0.000	0.000
970	  L	  7.8	  0.2	0.000	0.000	0.000
971	  P	  0.4	  0.3	0.000	0.000	0.000
972	  E	  0.1	  0.4	0.000	0.000	0.000
973	  S	  0.2	  0.5	0.122	0.000	0.000
974	  S	  0.4	  0.3	0.453	0.000	0.000
975	  K	  0.6	  0.2	0.453	0.000	0.000
976	  M	  0.7	  0.1	0.453	0.000	0.000
977	  M	  2.4	  0.0	0.453	0.000	0.000
978	  Q	  3.1	  0.0	0.453	0.000	0.000
979	  Y	  3.4	  0.0	0.453	0.000	0.000
980	  L	  2.0	  0.0	0.136	0.000	0.000
981	  T	  1.7	  0.1	0.000	0.000	0.000
982	  S	  1.5	  0.1	0.921	0.000	0.000
983	  T	  1.0	  0.2	1.749	0.000	0.000
984	  E	  0.3	  0.2	1.860	0.000	0.000
985	  E	  0.3	  0.3	1.860	0.000	0.000
986	  R	  0.3	  0.2	1.860	0.000	0.000
987	  N	  0.3	  0.3	1.860	0.000	0.000
988	  K	  0.4	  0.3	1.566	0.000	0.000
989	  T	  1.2	  0.2	0.763	0.000	0.000
990	  A	  1.2	  0.3	0.763	0.000	0.000
991	  R	  0.9	  0.1	0.632	0.000	0.000
992	  N	  1.4	  0.1	0.000	0.000	0.000
993	  T	  4.1	  0.1	0.000	2.008	2.008
994	  I	  5.0	  0.0	0.000	9.165	9.165
995	  A	  3.8	  0.0	0.000	9.706	9.706
996	  T	  1.4	  0.0	0.000	10.179	10.179
997	  N	  2.2	  0.0	0.000	10.964	10.964
998	  I	  4.9	  0.0	0.000	23.068	23.068
999	  V	  7.9	  0.0	0.000	23.768	23.768
1000	  S	 10.9	  0.1	0.092	21.598	21.598
1001	  I	  8.9	  0.2	0.092	21.395	21.395
1002	  S	  6.5	  0.2	0.092	17.631	17.631
1003	  T	  7.8	  0.2	0.092	16.105	16.105
1004	  F	  9.8	  0.1	0.092	15.186	15.186
1005	  H	 12.4	  0.0	0.092	1.111	1.111
1006	  F	  6.5	  0.4	0.000	1.111	1.111
1007	  E	  3.6	  0.8	0.000	0.000	0.000
1008	  G	  0.3	  1.1	0.269	0.000	0.000
1009	  E	  0.0	  2.1	0.269	0.000	0.000
1010	  G	  0.0	  1.7	0.804	0.000	0.000
1011	  N	  0.1	  1.4	1.014	0.000	0.000
1012	  A	  0.5	  1.1	1.014	0.000	0.000
1013	  I	  3.6	  0.0	1.077	0.000	0.000
1014	  R	  3.7	  0.0	1.315	0.000	0.000
1015	  M	  3.4	  0.0	1.363	0.619	0.619
1016	  G	  0.3	  0.0	18.477	1.188	1.188
1017	  Y	  2.7	  0.0	19.527	7.544	7.544
1018	  T	  3.2	  0.0	28.867	9.331	9.331
1019	  Q	  3.4	  0.0	29.849	12.298	12.298
1020	  L	  1.5	  0.0	30.179	84.513	84.513
1021	  L	  1.5	  0.0	30.179	97.053	97.053
1022	  L	  1.8	  0.0	30.179	99.225	99.225
1023	  M	  1.9	  0.0	30.062	99.602	99.602
1024	  L	  1.3	  0.0	29.403	99.908	99.908
1025	  I	  0.8	  0.0	28.912	99.941	99.941
1026	  G	  0.3	  0.0	28.912	99.693	99.693
1027	  I	  5.1	  0.0	3.991	99.677	99.677
1028	  I	 10.6	  0.0	3.818	99.411	99.411
1029	  V	 13.6	  0.0	3.736	96.339	96.339
1030	  M	 12.4	  0.0	3.736	59.116	59.116
1031	  N	  6.8	  0.1	0.726	13.453	13.453
1032	  I	  3.7	  0.1	0.102	11.608	11.608
1033	  G	  0.1	  0.1	0.102	2.064	2.064
1034	  T	  0.1	  0.1	0.000	0.000	0.000
