res	aa	Beta	Turn	Helix	Aggregation	Conc-Stab_Aggregation
01	  M	  1.6	  0.0	0.000	0.000	0.000
02	  N	  1.8	  0.4	0.000	0.000	0.000
03	  L	  2.1	  0.7	0.000	0.000	0.000
04	  S	  0.8	  0.7	0.000	0.000	0.000
05	  S	 12.3	  0.7	0.000	0.000	0.000
06	  F	 12.5	  0.2	0.000	0.000	0.000
07	  T	 12.3	  0.4	0.904	0.000	0.000
08	  P	  0.6	  0.5	0.904	0.000	0.000
09	  S	  1.7	  0.5	1.615	0.000	0.000
10	  L	  2.6	  0.5	1.615	0.000	0.000
11	  R	  3.0	  0.0	1.615	0.000	0.000
12	  W	  1.8	  0.0	1.615	78.367	78.367
13	  L	  2.2	  0.0	1.351	88.187	88.187
14	  I	  3.5	  0.0	1.198	90.155	90.155
15	  I	  4.1	  0.0	1.198	90.285	90.285
16	  W	  4.4	  0.1	1.198	90.285	90.285
17	  T	  3.1	  0.1	0.647	54.195	54.195
18	  S	  2.7	  0.1	0.553	27.409	27.409
19	  L	  1.1	  0.1	0.000	23.794	23.794
20	  I	  0.7	  0.0	0.188	2.862	2.862
21	  P	  0.1	  0.0	0.588	1.436	1.436
22	  L	  0.9	  0.0	0.588	0.087	0.087
23	  L	  1.1	  0.0	0.588	0.087	0.087
24	  L	  1.2	  0.0	0.588	0.087	0.087
25	  A	  0.3	  0.3	0.588	0.087	0.087
26	  K	  0.1	  0.7	0.588	0.000	0.000
27	  D	  0.1	  0.7	0.000	0.000	0.000
28	  D	  0.6	  1.1	0.000	0.000	0.000
29	  Y	  2.1	  0.8	0.000	0.000	0.000
30	  S	  2.8	  1.3	0.000	0.000	0.000
31	  S	  2.4	  1.4	0.000	0.000	0.000
32	  S	  6.2	  1.4	0.000	0.000	0.000
33	  L	  5.4	  1.6	0.000	0.000	0.000
34	  S	  5.3	  1.3	0.000	0.000	0.000
35	  N	  0.1	  1.5	0.000	0.000	0.000
36	  N	  0.0	  1.1	0.000	0.000	0.000
37	  N	  0.0	  1.0	0.000	0.000	0.000
38	  L	  0.1	  0.5	0.000	0.000	0.000
39	  G	  0.2	  0.2	0.000	0.000	0.000
40	  W	  2.0	  0.1	0.000	0.000	0.000
41	  T	  2.0	  0.0	0.000	0.000	0.000
42	  D	  1.9	  0.7	0.000	0.000	0.000
43	  P	  0.0	  0.7	0.000	0.000	0.000
44	  T	  0.3	  0.7	0.000	0.000	0.000
45	  E	  0.4	  0.7	0.000	0.000	0.000
46	  F	  0.4	  0.5	0.000	0.000	0.000
47	  P	  0.1	  0.7	0.000	0.000	0.000
48	  L	  0.1	  1.1	0.000	0.000	0.000
49	  G	  0.2	  1.1	0.000	0.000	0.000
50	  C	  0.3	  0.6	0.000	0.000	0.000
51	  S	  0.2	  5.1	0.000	0.000	0.000
52	  P	  0.2	  4.7	0.000	0.000	0.000
53	  N	  1.9	  4.7	0.000	0.000	0.000
54	  V	  4.7	  4.7	0.000	0.000	0.000
55	  T	  4.8	  0.0	0.000	0.000	0.000
56	  T	  3.0	  0.2	0.000	0.000	0.000
57	  P	  0.2	  1.1	0.000	0.000	0.000
58	  K	  0.0	  3.0	0.000	0.000	0.000
59	  N	  0.0	  3.1	0.000	0.000	0.000
60	  G	  0.0	  2.8	0.148	0.000	0.000
61	  L	  1.8	  2.0	0.148	0.000	0.000
62	  S	  2.9	  0.1	0.567	0.000	0.000
63	  M	  3.5	  0.1	0.567	0.000	0.000
64	  E	  1.9	  0.1	0.567	0.000	0.000
65	  L	  1.3	  0.1	0.567	0.000	0.000
66	  Y	  6.7	  0.1	0.567	0.000	0.000
67	  S	 13.5	  0.5	0.537	0.000	0.000
68	  Y	 15.0	  0.5	0.284	0.000	0.000
69	  D	  9.3	  0.5	0.232	0.000	0.000
70	  Y	  2.8	  0.5	0.232	0.000	0.000
71	  L	  1.0	  0.3	0.232	0.000	0.000
72	  K	  1.0	  0.6	0.232	0.000	0.000
73	  S	  0.6	  2.2	0.232	0.000	0.000
74	  G	  0.3	  2.2	0.114	0.000	0.000
75	  S	  0.3	  1.9	0.000	0.000	0.000
76	  N	  0.0	  1.8	0.000	0.000	0.000
77	  P	  0.0	  0.1	0.000	0.000	0.000
78	  C	  1.8	  0.3	0.000	0.000	0.000
79	  W	  2.3	  0.3	0.000	0.000	0.000
80	  D	  2.3	  0.2	0.227	0.000	0.000
81	  A	  0.6	  0.2	0.227	0.000	0.000
82	  A	  0.4	  0.0	0.227	0.000	0.000
83	  Y	  2.0	  0.0	0.227	0.000	0.000
84	  L	  2.0	  0.0	0.227	0.000	0.000
85	  D	  1.7	  5.7	0.227	0.000	0.000
86	  P	  0.1	  5.7	0.000	0.000	0.000
87	  N	  0.1	  5.7	0.000	0.000	0.000
88	  Y	  0.1	  5.9	0.000	0.000	0.000
89	  P	  0.1	  0.3	0.000	0.000	0.000
90	  R	  0.1	  0.4	0.000	0.000	0.000
91	  T	  0.1	  0.4	0.000	0.000	0.000
92	  G	  0.1	  0.3	0.000	0.000	0.000
93	  Y	  1.0	  0.2	0.000	0.000	0.000
94	  K	  1.3	  0.2	0.000	0.000	0.000
95	  S	  2.3	  0.2	0.218	0.000	0.000
96	  H	  1.9	  0.3	0.399	0.000	0.000
97	  R	  2.0	  0.1	0.399	0.000	0.000
98	  L	  1.1	  0.1	0.399	0.000	0.000
99	  L	  0.6	  0.1	0.399	0.000	0.000
100	  A	  0.5	  0.0	0.399	0.000	0.000
101	  K	  7.5	  0.0	0.399	0.000	0.000
102	  V	  8.4	  0.1	0.000	0.000	0.000
103	  E	  8.1	  0.1	0.000	0.000	0.000
104	  N	  1.4	  0.1	0.000	0.000	0.000
105	  V	  0.9	  0.1	0.000	0.000	0.000
106	  A	  0.9	  0.4	0.000	0.000	0.000
107	  G	  0.5	  0.4	0.000	0.000	0.000
108	  N	  1.6	  0.6	0.000	0.182	0.182
109	  I	  5.9	  0.6	0.000	5.045	5.045
110	  N	  7.5	  0.2	0.000	5.045	5.045
111	  F	  7.2	  0.2	0.000	5.045	5.045
112	  Y	  4.1	  0.0	0.000	5.045	5.045
113	  Y	  5.9	  0.0	0.000	5.045	5.045
114	  H	  4.8	  0.0	0.000	0.365	0.365
115	  A	  3.7	  0.3	0.000	0.000	0.000
116	  P	  0.1	  0.6	0.000	0.000	0.000
117	  M	  0.3	  1.2	0.000	0.000	0.000
118	  G	  0.4	  1.2	0.000	0.000	0.000
119	  C	  1.9	  1.0	0.000	0.000	0.000
120	  T	  2.0	  0.8	0.000	0.000	0.000
121	  S	  2.2	  0.1	0.000	0.000	0.000
122	  L	  1.1	  0.1	0.000	0.000	0.000
123	  F	  1.2	  0.2	0.000	0.000	0.000
124	  D	  1.0	  0.2	0.000	0.000	0.000
125	  T	  0.9	  0.2	0.000	0.000	0.000
126	  L	  0.3	  0.3	0.000	0.000	0.000
127	  P	  0.2	  0.2	0.000	0.000	0.000
128	  Q	  0.4	  0.2	0.000	0.000	0.000
129	  A	  0.6	  0.3	0.000	0.000	0.000
130	  Y	  4.1	  0.1	0.000	0.000	0.000
131	  N	  5.7	  0.1	0.000	0.000	0.000
132	  Y	  6.2	  0.1	0.000	0.000	0.000
133	  R	  3.0	  0.0	0.000	0.000	0.000
134	  T	  0.8	  0.1	0.000	0.000	0.000
135	  P	  0.0	  0.1	0.000	0.000	0.000
136	  L	  2.3	  0.1	0.000	5.599	5.599
137	  T	  5.3	  0.1	0.000	6.530	6.530
138	  M	  5.6	  0.1	0.000	8.121	8.121
139	  T	  3.9	  0.1	0.121	9.417	9.417
140	  N	  2.2	  0.1	0.485	11.603	11.603
141	  F	  6.5	  0.1	0.485	64.905	64.905
142	  T	  6.8	  0.0	1.008	68.664	68.664
143	  M	  6.5	  0.0	1.008	72.805	72.805
144	  L	  2.4	  0.0	1.008	76.027	76.027
145	  L	  1.6	  0.2	1.008	76.431	76.431
146	  Y	  0.8	  0.2	1.008	70.774	70.774
147	  G	  0.4	  0.2	0.637	49.608	49.608
148	  Y	  2.7	  0.2	0.226	47.539	47.539
149	  F	  2.7	  0.0	0.000	44.167	44.167
150	  K	  2.6	  0.1	0.000	0.000	0.000
151	  P	  0.2	  0.1	0.000	0.000	0.000
152	  K	  5.4	  0.1	0.000	0.000	0.000
153	  V	  6.0	  0.2	0.000	0.000	0.000
154	  T	  6.0	  0.1	0.000	0.000	0.000
155	  G	  0.7	  0.1	0.000	0.000	0.000
156	  Y	  0.5	  0.1	0.000	0.336	0.336
157	  H	  2.7	  0.0	0.000	0.336	0.336
158	  T	 18.8	  0.0	0.000	0.536	0.536
159	  F	 25.0	  0.0	0.000	0.656	0.656
160	  T	 32.5	  0.0	0.000	0.656	0.656
161	  I	 18.3	  0.0	0.000	0.656	0.656
162	  S	 11.4	  2.2	1.003	0.319	0.319
163	  A	  1.4	  2.3	1.003	0.120	0.120
164	  D	  0.3	  2.4	1.003	0.000	0.000
165	  D	  0.0	  2.3	1.143	0.000	0.000
166	  L	  0.5	  0.2	1.143	23.901	23.901
167	  L	  1.1	  0.0	1.143	33.076	33.076
168	  F	  2.7	  0.1	0.901	33.627	33.627
169	  V	  5.0	  0.1	0.246	33.627	33.627
170	  N	  4.4	  0.4	0.246	33.627	33.627
171	  F	  3.0	  1.3	0.000	32.145	32.145
172	  G	  0.2	  1.4	0.000	5.171	5.171
173	  A	  0.2	  2.1	0.000	2.443	2.443
174	  G	  0.0	  1.7	0.000	0.131	0.131
175	  N	  0.2	  0.9	0.000	0.000	0.000
176	  A	  0.3	  0.6	0.000	0.000	0.000
177	  F	  5.3	  0.0	0.000	0.000	0.000
178	  D	  6.3	  0.0	0.418	0.000	0.000
179	  C	 13.8	  0.0	0.418	0.000	0.000
180	  C	  9.4	  0.1	0.418	0.000	0.000
181	  K	  8.3	  0.1	0.418	0.000	0.000
182	  R	  0.7	  0.2	0.418	0.000	0.000
183	  E	  0.3	  0.3	0.418	0.000	0.000
184	  S	  0.2	  0.3	0.142	0.000	0.000
185	  S	  0.5	  3.4	0.000	0.000	0.000
186	  A	  0.4	  3.5	0.000	0.000	0.000
187	  D	  0.4	  3.6	0.000	0.000	0.000
188	  D	  0.1	  3.8	0.121	0.000	0.000
189	  F	  0.1	  4.9	0.121	0.000	0.000
190	  G	  0.1	  4.7	0.223	0.000	0.000
191	  N	  1.0	  4.5	0.583	0.167	0.167
192	  Y	  3.3	  4.3	0.583	4.877	4.877
193	  Q	  3.6	  0.0	0.583	5.424	5.424
194	  A	  2.8	  0.0	0.583	19.982	19.982
195	  Y	  1.7	  0.0	0.583	21.639	21.639
196	  A	  1.7	  0.0	0.360	21.639	21.639
197	  V	  2.3	  0.0	0.237	21.639	21.639
198	  W	  1.2	  0.2	0.237	21.429	21.429
199	  G	  0.8	  0.3	0.935	3.368	3.368
200	  S	  0.4	  0.4	1.429	0.334	0.334
201	  Q	  0.4	  0.4	1.310	0.000	0.000
202	  T	  1.6	  0.2	1.310	0.000	0.000
203	  A	  1.3	  0.4	1.310	0.000	0.000
204	  K	  1.3	  0.6	1.310	0.000	0.000
205	  D	  0.0	  0.6	2.229	0.000	0.000
206	  D	  0.2	  0.6	1.642	0.000	0.000
207	  L	  3.4	  0.3	1.339	0.000	0.000
208	  T	  9.0	  0.1	1.339	0.000	0.000
209	  V	 12.9	  0.0	1.339	0.000	0.000
210	  H	 10.4	  0.3	1.339	0.000	0.000
211	  L	  5.0	  0.3	0.905	0.000	0.000
212	  D	  0.8	  0.5	0.905	0.000	0.000
213	  A	  0.2	  0.6	0.689	0.000	0.000
214	  G	  0.0	  0.3	0.545	0.000	0.000
215	  L	  0.9	  0.3	0.300	0.000	0.000
216	  Y	  1.0	  0.1	0.159	0.000	0.000
217	  Y	  1.0	  0.0	0.000	0.000	0.000
218	  P	  0.2	  0.0	0.000	0.000	0.000
219	  I	  8.7	  0.0	0.000	0.000	0.000
220	  R	 11.4	  0.0	0.000	0.000	0.000
221	  I	 12.3	  0.0	0.000	0.189	0.189
222	  F	  5.6	  0.0	0.000	0.189	0.189
223	  F	  3.1	  0.1	0.000	0.189	0.189
224	  N	  2.1	  0.1	0.000	0.189	0.189
225	  N	  0.5	  2.5	0.000	0.189	0.189
226	  R	  0.1	  2.6	0.000	0.000	0.000
227	  D	  0.1	  5.5	0.000	0.000	0.000
228	  N	  0.1	  6.0	0.236	0.000	0.000
229	  D	  0.0	  3.7	0.236	0.000	0.000
230	  G	  0.0	  3.6	0.385	0.152	0.152
231	  A	  0.2	  0.6	0.385	2.175	2.175
232	  L	  1.8	  0.1	0.385	2.538	2.538
233	  S	  3.4	  0.0	0.385	2.538	2.538
234	  L	  5.4	  0.0	0.385	2.538	2.538
235	  T	  6.7	  0.0	0.263	2.538	2.538
236	  L	  5.3	  0.1	0.263	2.238	2.238
237	  K	  3.4	  0.1	0.263	0.000	0.000
238	  T	  0.7	  0.3	0.000	0.000	0.000
239	  E	  0.6	  0.3	0.000	0.000	0.000
240	  S	  0.3	  0.2	0.000	0.000	0.000
241	  D	  0.0	  0.2	0.000	0.000	0.000
242	  P	  0.0	  0.0	0.000	0.000	0.000
243	  N	  0.0	  0.0	0.000	0.000	0.000
244	  P	  0.0	  0.0	0.000	0.000	0.000
245	  V	  4.9	  0.1	0.000	0.000	0.000
246	  I	  7.8	  0.1	0.000	0.000	0.000
247	  D	  8.4	  0.4	0.176	0.000	0.000
248	  F	  3.8	  0.7	0.176	0.000	0.000
249	  S	  0.8	  0.6	0.176	0.000	0.000
250	  D	  1.0	  0.6	0.176	0.000	0.000
251	  Y	  2.0	  0.3	0.176	1.213	1.213
252	  F	  4.0	  0.0	0.176	1.213	1.213
253	  Y	  9.3	  0.0	0.176	1.213	1.213
254	  S	 14.9	  0.4	0.000	1.213	1.213
255	  F	 13.2	  0.5	0.000	1.213	1.213
256	  D	  7.4	  0.6	0.121	0.000	0.000
257	  D	  0.5	  0.7	0.235	0.000	0.000
258	  T	  0.6	  1.2	0.235	0.000	0.000
259	  K	  0.6	  1.5	0.235	0.000	0.000
260	  D	  0.4	  1.3	0.235	0.000	0.000
261	  G	  0.0	  1.3	0.235	0.000	0.000
262	  C	  0.0	  1.8	0.235	0.000	0.000
263	  P	  0.0	  1.4	0.000	0.000	0.000
264	  G	  0.0	  1.4	0.000	0.000	0.000
265	  L	  0.7	  1.4	0.000	0.000	0.000
266	  V	  4.6	  0.1	0.000	0.000	0.000
267	  S	 11.5	  0.4	0.000	0.000	0.000
268	  Y	 11.4	  0.4	0.000	0.000	0.000
269	  D	  7.8	  1.0	0.000	0.000	0.000
270	  T	  2.5	  1.0	0.000	0.000	0.000
271	  S	  2.7	  0.7	0.000	0.000	0.000
272	  C	  3.3	  0.9	0.000	0.000	0.000
273	  A	  1.9	  0.3	0.000	0.000	0.000
274	  S	  5.1	  0.6	0.000	0.000	0.000
275	  V	  5.4	  0.6	0.000	0.000	0.000
276	  D	  5.0	  1.5	0.364	0.000	0.000
277	  S	  1.3	  1.6	0.364	0.000	0.000
278	  S	  0.7	  1.3	0.364	0.117	0.117
279	  T	  3.1	  1.2	0.364	2.336	2.336
280	  I	  4.7	  0.1	0.364	2.336	2.336
281	  I	  4.5	  0.0	0.364	2.336	2.336
282	  G	  2.2	  0.1	0.364	2.336	2.336
283	  V	  2.2	  0.1	0.000	2.336	2.336
284	  D	  2.0	  0.1	0.188	0.000	0.000
285	  Y	  2.3	  0.1	0.188	0.000	0.000
286	  L	  0.5	  0.0	0.188	0.000	0.000
287	  T	  0.6	  0.0	0.188	0.000	0.000
288	  E	  0.2	  0.0	0.188	0.000	0.000
289	  T	  0.2	  1.0	0.363	0.000	0.000
290	  P	  0.0	  1.0	0.175	0.000	0.000
291	  N	  0.0	  2.1	0.175	0.000	0.000
292	  K	  0.1	  2.1	0.175	0.000	0.000
293	  N	  0.5	  1.1	0.175	0.000	0.000
294	  L	  0.6	  1.1	0.175	0.000	0.000
295	  V	  0.6	  0.0	0.000	0.000	0.000
296	  P	  0.1	  0.0	0.000	0.000	0.000
297	  I	  2.4	  0.0	0.000	0.000	0.000
298	  T	  3.8	  0.1	0.000	0.000	0.000
299	  K	  4.6	  0.1	0.000	0.000	0.000
300	  T	  4.8	  0.1	0.000	0.000	0.000
301	  I	  3.7	  0.1	0.000	0.000	0.000
302	  Y	  4.3	  0.0	0.000	0.000	0.000
303	  H	  1.9	  0.2	0.000	0.000	0.000
304	  L	  1.7	  0.2	0.000	0.000	0.000
305	  G	  0.4	  0.2	0.000	0.000	0.000
306	  I	  0.3	  0.2	0.000	0.000	0.000
307	  P	  0.0	  0.0	0.000	0.000	0.000
308	  C	  2.3	  0.1	0.000	0.000	0.000
309	  T	  7.6	  0.1	0.000	0.000	0.000
310	  L	  7.8	  0.1	0.000	0.000	0.000
311	  S	  6.3	  0.2	0.000	0.000	0.000
312	  T	  0.9	  0.4	0.000	0.000	0.000
313	  T	  0.8	  0.5	0.000	0.000	0.000
314	  G	  0.2	  0.5	0.000	0.000	0.000
315	  K	  0.6	  0.4	0.000	0.000	0.000
316	  L	  0.9	  0.2	0.000	0.000	0.000
317	  C	  1.1	  0.6	0.000	0.000	0.000
318	  S	  0.7	  0.7	0.000	0.000	0.000
319	  T	  0.3	  0.7	0.000	0.000	0.000
320	  G	  0.2	  0.7	0.000	0.000	0.000
321	  F	  3.1	  0.2	0.000	0.000	0.000
322	  Y	  3.2	  0.0	0.000	0.000	0.000
323	  D	  3.2	  0.5	0.227	0.000	0.000
324	  P	  0.2	  0.5	0.227	0.000	0.000
325	  L	  0.0	  0.7	0.227	0.000	0.000
326	  A	  0.0	  0.9	0.227	0.000	0.000
327	  D	  0.3	  0.5	0.227	0.000	0.000
328	  S	  2.7	  0.5	0.227	0.000	0.000
329	  C	  2.8	  0.2	0.000	0.000	0.000
330	  V	  2.6	  0.0	0.000	0.000	0.000
331	  P	  0.2	  0.0	0.000	0.000	0.000
332	  T	  1.1	  0.0	0.000	6.725	6.725
333	  T	  3.7	  0.0	0.000	17.814	17.814
334	  I	  5.1	  0.0	0.000	36.026	36.026
335	  L	  4.2	  0.1	0.000	37.472	37.472
336	  S	  1.7	  0.1	0.000	37.472	37.472
337	  T	  0.8	  0.1	0.000	37.352	37.352
338	  L	  1.0	  0.1	0.000	37.231	37.231
339	  I	  3.4	  0.0	0.000	34.964	34.964
340	  T	  3.2	  0.0	0.000	7.737	7.737
341	  S	  2.9	  0.0	0.000	0.828	0.828
342	  E	  0.4	  0.3	0.000	0.000	0.000
343	  P	  0.0	  0.4	0.000	0.000	0.000
344	  S	  0.1	  0.5	0.000	0.000	0.000
345	  S	  0.3	  1.4	0.000	0.000	0.000
346	  E	  0.3	  1.3	0.000	0.000	0.000
347	  S	  1.1	  1.9	0.000	0.000	0.000
348	  S	  1.0	  1.9	0.643	0.000	0.000
349	  S	  1.0	  1.0	0.643	0.000	0.000
350	  E	  0.1	  1.0	0.643	0.000	0.000
351	  T	  1.1	  0.2	0.643	0.141	0.141
352	  L	  1.6	  0.1	0.643	0.306	0.306
353	  Y	  3.7	  0.0	0.643	0.306	0.306
354	  Y	  4.2	  0.1	0.194	0.306	0.306
355	  S	  4.4	  0.9	0.000	0.306	0.306
356	  S	  2.6	  1.0	0.000	0.165	0.165
357	  S	  3.7	  1.0	0.000	0.000	0.000
358	  R	  2.9	  0.9	0.000	0.000	0.000
359	  S	  2.7	  2.5	0.000	0.000	0.000
360	  P	  0.1	  2.5	0.000	0.000	0.000
361	  S	  0.6	  3.0	0.000	0.000	0.000
362	  S	  0.7	  3.0	0.000	0.000	0.000
363	  S	  9.0	  0.7	0.000	0.000	0.000
364	  V	 12.0	  0.6	0.000	0.000	0.000
365	  S	 30.1	  0.3	0.000	0.000	0.000
366	  Y	 22.6	  0.3	0.000	0.000	0.000
367	  S	 19.3	  0.2	0.000	0.000	0.000
368	  E	  1.0	  0.2	0.000	0.000	0.000
369	  H	  1.0	  0.2	0.000	0.000	0.000
370	  T	  1.3	  0.1	0.000	0.000	0.000
371	  S	  4.4	  0.4	0.000	0.000	0.000
372	  I	  5.0	  0.4	0.000	0.000	0.000
373	  N	  4.7	  1.4	0.000	0.000	0.000
374	  S	  2.7	  1.4	0.000	0.000	0.000
375	  S	  1.6	  1.1	0.000	0.000	0.000
376	  S	  1.6	  1.1	0.000	0.000	0.000
377	  P	  0.0	  0.0	0.000	0.000	0.000
378	  I	  0.6	  0.0	0.000	0.000	0.000
379	  S	  0.7	  0.1	0.236	0.000	0.000
380	  S	  3.7	  0.1	0.236	0.000	0.000
381	  I	  3.7	  0.1	0.236	0.000	0.000
382	  T	  4.4	  0.1	0.236	0.000	0.000
383	  N	  1.6	  0.1	0.236	0.000	0.000
384	  S	  1.0	  0.1	0.236	0.000	0.000
385	  T	  0.3	  0.5	0.000	0.000	0.000
386	  P	  0.1	  0.5	0.000	0.000	0.000
387	  S	  5.4	  0.8	0.000	0.000	0.000
388	  L	  5.6	  0.9	0.000	0.000	0.000
389	  S	  5.7	  0.6	0.000	0.000	0.000
390	  S	  0.9	  0.5	0.000	0.000	0.000
391	  Q	  3.5	  0.2	0.000	0.000	0.000
392	  Y	  6.3	  0.1	0.000	0.000	0.000
393	  T	  6.6	  0.1	0.000	0.000	0.000
394	  S	  4.0	  0.1	0.000	0.000	0.000
395	  T	  2.3	  0.1	0.000	0.000	0.000
396	  K	  2.1	  0.1	0.000	0.000	0.000
397	  F	  3.3	  0.3	0.000	0.000	0.000
398	  S	  2.2	  0.2	0.216	0.000	0.000
399	  S	  4.5	  0.2	0.216	0.000	0.000
400	  I	  3.6	  0.3	0.216	0.000	0.000
401	  T	  4.2	  0.1	0.216	0.000	0.000
402	  N	  1.4	  0.2	0.216	0.000	0.000
403	  S	  1.2	  0.2	0.216	0.000	0.000
404	  T	  6.2	  0.2	0.000	0.000	0.000
405	  K	  6.1	  0.2	0.000	0.000	0.000
406	  S	  5.8	  0.3	0.000	0.000	0.000
407	  P	  0.0	  0.2	0.000	0.000	0.000
408	  Y	  0.4	  0.2	0.000	0.000	0.000
409	  S	  0.4	  3.2	0.000	0.000	0.000
410	  P	  0.4	  3.0	0.000	0.000	0.000
411	  S	  1.5	  3.6	0.000	0.000	0.000
412	  R	  1.6	  3.7	0.000	0.000	0.000
413	  S	  2.4	  1.5	0.000	0.000	0.000
414	  S	  1.8	  2.3	0.000	0.000	0.000
415	  S	  2.5	  2.8	0.000	0.000	0.000
416	  S	  1.7	  4.2	0.000	0.000	0.000
417	  S	  0.9	  3.4	0.000	0.000	0.000
418	  D	  0.7	  2.9	0.000	0.000	0.000
419	  I	  1.2	  1.9	0.000	0.000	0.000
420	  S	  1.3	  0.4	0.168	0.000	0.000
421	  S	  0.7	  0.6	0.168	0.000	0.000
422	  E	  0.2	  0.3	0.168	0.000	0.000
423	  T	  0.9	  0.3	0.168	0.000	0.000
424	  N	  0.9	  2.8	0.168	0.000	0.000
425	  S	  0.8	  3.1	0.168	0.000	0.000
426	  D	  0.1	  3.6	0.000	0.000	0.000
427	  S	  0.2	  3.6	0.000	0.000	0.000
428	  S	  1.0	  1.1	0.000	0.000	0.000
429	  V	  3.5	  0.6	0.000	0.000	0.000
430	  Y	 12.2	  0.0	0.000	0.000	0.000
431	  T	 11.6	  0.0	0.000	0.000	0.000
432	  L	  9.2	  0.3	0.000	0.000	0.000
433	  P	  0.2	  0.4	0.000	0.000	0.000
434	  S	  0.8	  1.3	0.000	0.000	0.000
435	  S	  1.1	  1.3	0.000	0.000	0.000
436	  S	  1.2	  1.0	0.000	0.000	0.000
437	  K	  0.4	  0.9	0.000	0.000	0.000
438	  P	  0.1	  0.0	0.000	0.000	0.000
439	  I	  2.0	  0.0	0.000	0.000	0.000
440	  T	  3.0	  0.0	0.096	0.000	0.000
441	  S	  3.5	  0.2	0.096	0.000	0.000
442	  K	  2.0	  0.2	0.096	0.000	0.000
443	  T	 20.2	  0.1	0.096	0.000	0.000
444	  Y	 21.2	  0.1	0.096	0.000	0.000
445	  Q	 20.8	  0.2	0.096	0.000	0.000
446	  K	  2.1	  0.2	0.000	0.000	0.000
447	  N	  0.2	  0.6	0.000	0.000	0.000
448	  S	  0.2	  0.7	0.000	0.000	0.000
449	  T	  0.2	  0.6	0.000	0.000	0.000
450	  G	  0.1	  0.6	0.000	0.000	0.000
451	  V	  3.3	  0.2	0.000	0.000	0.000
452	  M	  3.4	  0.1	0.000	0.000	0.000
453	  S	  5.4	  0.3	0.000	0.000	0.000
454	  T	  2.9	  0.4	0.000	0.000	0.000
455	  S	  3.2	  0.8	0.000	0.000	0.000
456	  T	  1.6	  0.7	0.000	0.000	0.000
457	  D	  2.1	  0.5	0.000	0.000	0.000
458	  V	  4.6	  0.5	0.000	0.000	0.000
459	  K	  4.7	  0.1	0.000	0.000	0.000
460	  S	  4.1	  0.1	0.000	0.000	0.000
461	  T	  2.1	  0.1	0.000	0.000	0.000
462	  T	  2.6	  0.1	0.000	0.000	0.000
463	  L	  2.4	  0.1	0.000	0.000	0.000
464	  C	  2.3	  0.2	0.000	0.000	0.000
465	  S	  1.4	  0.2	0.000	0.000	0.000
466	  S	  1.1	  0.2	0.000	0.000	0.000
467	  V	  0.5	  0.3	0.000	0.000	0.000
468	  P	  0.2	  0.2	0.000	0.000	0.000
469	  T	  1.3	  0.2	0.000	0.000	0.000
470	  S	  1.5	  0.4	0.000	0.000	0.000
471	  K	  1.7	  0.4	0.000	0.000	0.000
472	  F	  0.6	  2.0	0.000	0.000	0.000
473	  G	  0.3	  2.1	0.000	0.000	0.000
474	  S	  0.4	  2.1	0.000	0.000	0.000
475	  S	  1.8	  2.5	0.000	0.000	0.000
476	  R	  2.3	  0.9	0.000	0.000	0.000
477	  S	  3.0	  0.8	0.000	0.000	0.000
478	  L	  1.6	  0.8	0.000	0.000	0.000
479	  E	  1.2	  0.2	0.000	0.000	0.000
480	  S	  0.3	  0.2	0.000	0.000	0.000
481	  S	  1.3	  0.2	0.000	0.000	0.000
482	  V	  6.0	  0.1	0.000	0.000	0.000
483	  I	  6.5	  0.1	0.000	0.000	0.000
484	  D	  5.5	  0.3	0.000	0.000	0.000
485	  S	  2.7	  0.5	0.000	0.000	0.000
486	  T	  3.2	  0.6	0.000	0.000	0.000
487	  S	  3.4	  0.6	0.000	0.000	0.000
488	  S	  2.4	  0.4	0.000	0.000	0.000
489	  F	  2.7	  0.2	0.000	0.000	0.000
490	  V	  3.1	  0.1	0.000	0.000	0.000
491	  N	  2.2	  0.1	0.000	0.000	0.000
492	  N	  0.8	  0.7	0.000	0.000	0.000
493	  T	  0.3	  0.7	0.000	0.000	0.000
494	  N	  0.4	  0.7	0.000	0.000	0.000
495	  H	  0.5	  0.9	0.000	0.000	0.000
496	  Q	  1.2	  0.3	0.000	0.000	0.000
497	  S	  8.7	  0.2	0.000	0.000	0.000
498	  F	  9.9	  0.2	0.000	0.000	0.000
499	  T	  9.4	  0.0	0.000	0.000	0.000
500	  T	  2.0	  0.5	0.000	0.000	0.000
501	  E	  0.5	  0.6	0.000	0.000	0.000
502	  S	  0.3	  1.3	0.000	0.000	0.000
503	  G	  0.1	  1.3	0.000	0.000	0.000
504	  T	  2.8	  0.8	0.000	0.000	0.000
505	  T	  3.5	  0.8	0.000	0.000	0.000
506	  S	  8.3	  0.3	0.000	0.000	0.000
507	  V	  7.1	  0.3	0.000	0.000	0.000
508	  N	  6.3	  1.7	0.000	0.000	0.000
509	  S	  1.6	  3.2	0.000	0.000	0.000
510	  S	  0.2	  3.0	0.000	0.000	0.000
511	  N	  0.3	  3.3	0.501	0.000	0.000
512	  L	  0.4	  2.0	0.501	0.000	0.000
513	  S	  0.8	  0.4	0.501	0.000	0.000
514	  T	  1.2	  0.4	0.671	0.000	0.000
515	  Q	  1.9	  0.1	0.671	0.000	0.000
516	  I	  2.6	  0.0	0.671	0.000	0.000
517	  S	  1.9	  0.0	0.756	0.000	0.000
518	  R	  1.4	  0.0	0.554	0.000	0.000
519	  M	  0.7	  0.3	0.402	0.000	0.000
520	  S	  0.9	  0.2	0.084	0.000	0.000
521	  S	 20.6	  0.3	0.199	0.000	0.000
522	  F	 21.0	  0.4	0.199	0.287	0.287
523	  S	 21.3	  0.2	0.115	0.287	0.287
524	  T	  4.2	  0.2	0.115	0.287	0.287
525	  F	  3.8	  0.1	0.115	0.287	0.287
526	  A	  3.3	  0.0	0.115	0.287	0.287
527	  K	  0.9	  0.0	0.115	0.000	0.000
528	  A	  0.6	  0.0	0.000	0.000	0.000
529	  T	  3.2	  0.1	0.000	0.000	0.000
530	  T	  3.6	  0.0	0.000	0.000	0.000
531	  K	  4.2	  0.0	0.000	0.000	0.000
532	  I	  2.2	  0.1	0.000	0.000	0.000
533	  S	  2.2	  0.8	0.000	0.000	0.000
534	  S	  1.6	  0.8	0.000	0.000	0.000
535	  S	  2.3	  0.8	0.133	0.000	0.000
536	  V	  1.9	  0.7	0.133	0.000	0.000
537	  Q	  1.8	  0.0	0.133	0.000	0.000
538	  T	  1.7	  0.2	0.133	0.000	0.000
539	  S	  1.5	  0.3	0.133	0.000	0.000
540	  S	  2.3	  0.2	0.133	0.000	0.000
541	  H	  5.9	  0.2	0.000	0.000	0.000
542	  I	  7.0	  0.1	0.000	0.000	0.000
543	  L	  6.5	  0.0	0.000	0.000	0.000
544	  Q	  1.9	  0.0	0.000	0.000	0.000
545	  S	  0.4	  0.2	0.000	0.000	0.000
546	  P	  0.0	  0.3	0.000	0.000	0.000
547	  T	  1.9	  0.3	0.000	0.000	0.000
548	  T	 19.4	  0.3	0.000	0.000	0.000
549	  V	 22.7	  0.0	0.000	0.000	0.000
550	  S	 21.4	  0.0	0.000	0.000	0.000
551	  Y	  5.5	  0.1	0.000	0.000	0.000
552	  M	  1.5	  0.1	0.000	0.000	0.000
553	  D	  1.1	  0.2	0.000	0.000	0.000
554	  H	  1.0	  0.2	0.000	0.000	0.000
555	  T	  1.0	  0.3	0.000	0.000	0.000
556	  R	  1.0	  0.3	0.000	0.000	0.000
557	  N	  0.3	  0.3	0.089	0.000	0.000
558	  R	  0.1	  0.3	0.089	0.000	0.000
559	  T	  0.1	  0.1	0.089	0.000	0.000
560	  E	  0.2	  0.3	0.089	0.000	0.000
561	  A	  0.5	  0.2	0.089	0.000	0.000
562	  S	 19.8	  0.4	0.089	0.000	0.000
563	  C	 20.7	  0.4	0.000	0.000	0.000
564	  S	 22.2	  0.8	0.000	0.000	0.000
565	  L	  5.4	  0.8	0.000	0.000	0.000
566	  D	  4.8	  0.6	1.940	0.000	0.000
567	  I	  3.5	  0.5	1.940	0.000	0.000
568	  T	  1.9	  0.0	2.577	0.000	0.000
569	  N	  0.8	  0.1	2.785	0.000	0.000
570	  K	  0.5	  0.1	2.785	0.000	0.000
571	  L	  0.7	  0.1	2.785	0.000	0.000
572	  L	  1.0	  0.0	2.696	0.000	0.000
573	  F	  2.5	  0.1	2.524	0.000	0.000
574	  Q	  2.3	  0.1	1.512	0.000	0.000
575	  Q	  2.2	  0.1	0.533	0.000	0.000
576	  C	  0.8	  0.1	0.330	0.000	0.000
577	  A	  0.7	  0.1	0.330	0.000	0.000
578	  F	  1.9	  0.1	0.330	0.000	0.000
579	  N	  2.0	  0.1	0.228	0.000	0.000
580	  S	  2.0	  0.1	0.000	0.000	0.000
581	  V	  0.6	  0.3	0.000	0.000	0.000
582	  P	  0.2	  0.3	0.000	0.000	0.000
583	  E	  3.5	  0.3	0.000	0.000	0.000
584	  F	  4.1	  0.3	0.000	0.000	0.000
585	  H	  4.2	  0.1	0.000	0.000	0.000
586	  S	  1.2	  0.2	0.000	0.000	0.000
587	  K	  1.0	  0.2	0.000	0.000	0.000
588	  T	  1.9	  0.2	0.000	0.000	0.000
589	  Q	  2.1	  0.1	0.000	0.000	0.000
590	  M	  1.9	  0.1	0.000	0.000	0.000
591	  S	  2.5	  0.6	0.000	0.000	0.000
592	  R	  2.0	  0.7	0.000	0.000	0.000
593	  S	  2.4	  0.7	0.000	0.000	0.000
594	  Q	  1.0	  0.6	0.000	0.000	0.000
595	  I	  0.7	  0.0	0.000	0.000	0.000
596	  P	  0.1	  0.0	0.000	0.000	0.000
597	  F	  0.3	  0.1	0.000	1.384	1.384
598	  A	  0.9	  0.1	0.000	1.384	1.384
599	  T	 19.5	  0.1	0.000	1.384	1.384
600	  Y	 20.6	  0.1	0.000	1.384	1.384
601	  T	 22.2	  0.0	0.000	1.384	1.384
602	  T	  4.8	  0.2	0.000	0.520	0.520
603	  S	  3.4	  1.8	0.000	0.000	0.000
604	  S	  1.1	  1.9	0.000	0.000	0.000
605	  D	  0.1	  2.4	0.000	0.000	0.000
606	  K	  0.5	  2.3	0.000	0.000	0.000
607	  S	  1.3	  0.6	0.000	0.331	0.331
608	  V	  3.2	  0.6	0.000	0.331	0.331
609	  Y	  4.8	  0.0	0.000	0.331	0.331
610	  Y	  5.5	  0.1	0.000	0.331	0.331
611	  S	  4.3	  2.6	0.000	0.331	0.331
612	  S	  2.3	  3.1	0.000	0.000	0.000
613	  S	  1.1	  3.7	0.000	0.000	0.000
614	  G	  0.4	  3.6	0.000	0.000	0.000
615	  S	  3.1	  4.4	0.000	0.000	0.000
616	  A	  2.9	  4.1	0.000	0.000	0.000
617	  S	  2.8	  3.6	0.000	0.110	0.110
618	  G	  0.1	  3.6	0.000	0.644	0.644
619	  I	  3.4	  0.3	0.000	6.611	6.611
620	  M	  4.2	  0.2	0.000	6.611	6.611
621	  V	  7.6	  0.0	0.000	6.611	6.611
622	  S	  5.9	  0.0	0.000	6.502	6.502
623	  I	  5.6	  0.1	0.000	6.502	6.502
624	  E	  2.3	  0.1	0.000	0.000	0.000
625	  S	  0.7	  0.1	0.000	0.000	0.000
626	  S	  0.4	  0.3	0.000	0.362	0.362
627	  I	  0.4	  0.3	0.000	0.876	0.876
628	  G	  0.3	  0.2	0.000	0.876	0.876
629	  F	  3.7	  0.2	0.000	0.876	0.876
630	  S	  9.1	  0.2	0.000	0.876	0.876
631	  I	  9.6	  0.2	0.000	0.876	0.876
632	  S	  7.0	  0.3	0.000	0.000	0.000
633	  K	  1.3	  0.4	0.000	0.000	0.000
634	  T	  1.3	  0.2	0.134	0.000	0.000
635	  N	  0.9	  0.4	0.536	0.000	0.000
636	  S	  0.8	  1.5	8.792	0.000	0.000
637	  E	  0.2	  1.5	8.792	0.000	0.000
638	  N	  0.5	  1.5	8.792	0.000	0.000
639	  T	  1.3	  1.4	8.792	0.000	0.000
640	  K	  1.2	  0.0	8.792	0.000	0.000
641	  N	  0.8	  0.5	8.792	0.000	0.000
642	  P	  0.0	  0.5	0.000	0.000	0.000
643	  H	  0.2	  0.5	0.000	0.000	0.000
644	  S	  0.8	  0.5	0.190	2.325	2.325
645	  I	  6.5	  0.0	0.190	19.771	19.771
646	  I	  7.7	  0.0	0.190	19.771	19.771
647	  L	  8.6	  0.0	0.190	19.771	19.771
648	  Q	  3.6	  0.0	0.190	19.771	19.771
649	  I	  2.4	  0.0	0.190	19.584	19.584
650	  Q	  1.0	  0.1	0.190	0.378	0.378
651	  S	  0.3	  0.2	0.529	0.000	0.000
652	  E	  0.1	  0.2	0.529	0.000	0.000
653	  E	  0.1	  0.2	0.529	0.000	0.000
654	  A	  0.5	  0.1	0.529	0.000	0.000
655	  F	  2.5	  0.1	0.529	0.000	0.000
656	  T	  3.0	  0.1	0.529	0.000	0.000
657	  N	  2.7	  0.1	0.529	0.000	0.000
658	  Y	  1.0	  0.1	0.331	0.000	0.000
659	  A	  0.6	  0.0	0.000	0.000	0.000
660	  T	  2.1	  0.0	0.000	0.000	0.000
661	  T	  2.1	  0.0	0.000	0.000	0.000
662	  T	  2.1	  0.1	0.000	0.000	0.000
663	  E	  0.5	  0.1	0.000	0.000	0.000
664	  T	  1.4	  0.3	0.111	0.000	0.000
665	  S	  1.5	  0.3	0.111	0.000	0.000
666	  S	  3.7	  1.2	0.111	0.000	0.000
667	  K	  2.9	  1.2	0.111	0.000	0.000
668	  S	  2.9	  1.1	0.315	0.000	0.000
669	  K	  1.0	  1.0	0.315	0.000	0.000
670	  L	  0.5	  0.5	0.204	0.000	0.000
671	  A	  0.3	  0.6	0.204	0.000	0.000
672	  D	  0.0	  1.6	0.204	0.000	0.000
673	  N	  0.0	  2.3	0.204	0.000	0.000
674	  N	  0.0	  2.5	0.000	0.000	0.000
675	  D	  0.1	  2.6	0.000	0.000	0.000
676	  S	  0.7	  2.0	0.000	0.000	0.000
677	  T	  1.3	  1.3	0.000	0.000	0.000
678	  N	  1.3	  0.8	0.000	0.000	0.000
679	  V	  0.7	  1.0	0.000	0.000	0.000
680	  G	  0.1	  0.6	0.000	0.000	0.000
681	  N	  0.6	  0.6	0.000	0.000	0.000
682	  I	  1.7	  0.5	0.000	0.000	0.000
683	  Q	  4.3	  0.0	0.000	0.000	0.000
684	  I	  4.2	  0.0	0.000	0.000	0.000
685	  E	  3.1	  0.0	0.000	0.000	0.000
686	  T	  2.9	  0.0	0.000	0.000	0.000
687	  I	  3.6	  0.0	0.000	0.000	0.000
688	  I	  3.7	  0.2	0.000	0.000	0.000
689	  Q	  1.3	  0.7	0.000	0.000	0.000
690	  G	  0.1	  1.2	0.000	0.000	0.000
691	  S	  0.3	  2.2	0.000	0.000	0.000
692	  G	  0.3	  2.4	0.000	0.000	0.000
693	  S	  0.3	  1.9	0.000	0.000	0.000
694	  D	  0.1	  1.4	0.551	0.000	0.000
695	  L	  0.5	  0.4	0.551	4.700	4.700
696	  V	  8.1	  0.0	0.551	5.537	5.537
697	  T	 13.6	  0.2	0.551	5.714	5.714
698	  M	 13.5	  0.4	0.551	6.008	6.008
699	  S	  6.5	  1.0	0.773	6.247	6.247
700	  G	  0.2	  1.1	0.345	8.158	8.158
701	  A	  0.6	  0.9	0.222	29.373	29.373
702	  T	  4.3	  0.7	0.222	54.400	54.400
703	  V	  5.7	  0.1	0.222	95.950	95.950
704	  L	  5.6	  0.0	0.222	99.375	99.375
705	  F	  3.2	  0.0	0.088	99.961	99.961
706	  F	  2.7	  0.0	0.088	99.996	99.996
707	  F	  3.7	  0.0	0.000	99.993	99.993
708	  I	  5.7	  0.0	0.000	99.853	99.853
709	  V	  9.1	  0.0	0.000	98.183	98.183
710	  Q	  8.5	  0.0	0.000	77.846	77.846
711	  L	  5.5	  0.2	0.000	77.001	77.001
712	  F	  1.4	  0.2	0.000	72.135	72.135
713	  G	  0.3	  0.2	0.000	9.147	9.147
714	  M	  0.2	  0.2	0.000	6.878	6.878
715	  F	  0.0	  0.0	0.000	0.003	0.003
