res	aa	Beta	Turn	Helix	Aggregation	Conc-Stab_Aggregation
01	  M	  1.7	  0.0	0.127	0.000	0.000
02	  Q	  2.4	  0.0	1.334	2.450	2.450
03	  L	  4.1	  0.0	1.441	26.033	26.033
04	  S	  2.9	  0.0	2.894	33.106	33.106
05	  V	  5.7	  0.0	3.064	88.498	88.498
06	  L	  4.1	  0.0	3.064	92.559	92.559
07	  L	  5.7	  0.0	3.064	92.734	92.734
08	  T	  3.0	  0.0	3.324	91.936	91.936
09	  L	  2.9	  0.0	3.324	91.350	91.350
10	  L	  0.8	  0.1	3.324	81.612	81.612
11	  G	  0.1	  0.1	3.034	22.581	22.581
12	  A	  0.1	  0.1	0.720	17.217	17.217
13	  A	  0.1	  0.2	0.260	12.670	12.670
14	  A	  0.5	  0.1	0.151	8.808	8.808
15	  S	  5.1	  1.0	0.151	5.551	5.551
16	  V	  5.3	  7.1	0.000	5.147	5.147
17	  N	  4.9	  7.0	0.000	0.203	0.203
18	  G	  0.3	  7.0	0.000	0.011	0.011
19	  Q	  3.4	  6.1	0.000	0.000	0.000
20	  F	  4.9	  0.2	0.000	0.000	0.000
21	  Q	  4.9	  0.2	0.000	0.000	0.000
22	  N	  1.6	  0.4	0.000	0.000	0.000
23	  A	  0.3	  0.4	0.000	0.000	0.000
24	  T	  0.6	  0.3	0.000	0.000	0.000
25	  S	  3.4	  1.3	0.000	0.000	0.000
26	  A	  3.4	  1.2	0.000	0.000	0.000
27	  S	  3.1	  1.2	0.000	0.000	0.000
28	  S	  5.8	  1.3	0.000	0.000	0.000
29	  I	  6.2	  0.3	0.000	0.000	0.000
30	  S	  6.1	  0.2	0.715	0.000	0.000
31	  S	  1.0	  0.2	0.715	0.000	0.000
32	  A	  0.6	  0.1	0.715	0.000	0.000
33	  E	  3.4	  0.0	0.715	0.000	0.000
34	  V	  5.3	  0.0	0.715	0.000	0.000
35	  S	  5.6	  0.1	0.715	0.000	0.000
36	  H	  3.1	  0.2	0.122	0.000	0.000
37	  H	  0.9	  0.6	0.000	0.000	0.000
38	  D	  0.3	  0.8	0.000	0.000	0.000
39	  D	  0.1	  0.7	0.000	0.000	0.000
40	  H	  0.5	  0.6	0.000	0.000	0.000
41	  H	  1.0	  0.2	0.000	0.000	0.000
42	  L	  1.1	  0.1	0.000	0.000	0.000
43	  H	  3.2	  0.0	0.000	0.000	0.000
44	  T	 21.4	  0.0	0.000	0.000	0.000
45	  F	 23.5	  0.0	0.000	0.000	0.000
46	  T	 21.7	  0.1	0.000	0.000	0.000
47	  S	  3.8	  0.1	0.000	0.000	0.000
48	  T	  1.7	  0.1	0.000	0.000	0.000
49	  R	  3.9	  0.1	0.000	0.000	0.000
50	  I	 10.9	  0.0	0.000	0.000	0.000
51	  E	 10.8	  0.0	0.000	0.000	0.000
52	  V	 12.0	  0.0	0.000	0.000	0.000
53	  V	  4.7	  0.1	0.000	0.000	0.000
54	  S	  4.2	  0.1	0.641	0.000	0.000
55	  E	  2.3	  0.1	0.641	0.000	0.000
56	  F	  3.3	  0.1	0.641	0.000	0.000
57	  T	  6.4	  0.0	0.641	0.000	0.000
58	  T	 17.2	  0.0	0.641	0.000	0.000
59	  Y	 16.1	  0.0	0.641	0.000	0.000
60	  C	 13.0	  0.3	0.533	0.000	0.000
61	  P	  0.2	  0.3	0.000	0.000	0.000
62	  E	  0.1	  0.3	0.000	0.000	0.000
63	  A	  0.2	  0.3	0.000	0.000	0.000
64	  T	  2.7	  0.0	0.000	0.000	0.000
65	  T	 31.0	  0.0	0.000	0.000	0.000
66	  F	 35.3	  0.0	0.000	0.000	0.000
67	  S	 39.0	  0.3	0.000	0.000	0.000
68	  Y	 13.2	  0.3	0.000	0.000	0.000
69	  N	  6.7	  0.4	0.082	0.000	0.000
70	  N	  0.4	  0.4	0.082	0.000	0.000
71	  K	  0.6	  0.1	0.082	0.000	0.000
72	  T	  3.6	  0.1	0.082	6.465	6.465
73	  V	 17.2	  0.0	0.082	6.465	6.465
74	  I	 20.1	  0.0	0.082	6.465	6.465
75	  V	 20.3	  0.0	0.082	6.465	6.465
76	  T	  7.1	  0.0	0.082	6.465	6.465
77	  K	  3.2	  0.1	0.082	0.000	0.000
78	  P	  0.2	  0.1	0.000	0.000	0.000
79	  T	  0.7	  0.1	0.000	3.290	3.290
80	  T	  3.2	  0.1	0.000	3.640	3.640
81	  L	  6.7	  0.0	0.000	3.640	3.640
82	  T	 17.2	  0.0	0.000	3.640	3.640
83	  I	 15.2	  0.1	0.000	3.640	3.640
84	  T	 12.2	  0.1	0.000	1.525	1.525
85	  D	  0.9	  0.1	0.000	0.000	0.000
86	  C	  0.5	  0.2	0.000	0.000	0.000
87	  P	  0.0	  0.2	0.000	0.000	0.000
88	  C	  2.2	  0.2	0.000	0.000	0.000
89	  T	  5.2	  0.2	0.000	0.000	0.000
90	  M	  6.4	  0.0	0.000	0.000	0.000
91	  T	  6.3	  0.0	0.152	0.000	0.000
92	  H	  8.0	  0.0	0.152	0.000	0.000
93	  I	  8.1	  0.0	0.152	0.000	0.000
94	  E	  6.2	  0.2	0.152	0.000	0.000
95	  R	  1.6	  0.5	0.152	0.000	0.000
96	  D	  0.3	  0.7	0.152	0.000	0.000
97	  D	  0.1	  0.7	0.000	0.000	0.000
98	  H	  0.7	  0.6	0.000	0.000	0.000
99	  H	  1.4	  0.3	0.000	0.000	0.000
100	  H	  1.6	  0.2	0.000	0.000	0.000
101	  H	  1.0	  0.2	0.000	0.000	0.000
102	  S	  0.3	  0.3	0.000	0.000	0.000
103	  E	  0.2	  0.3	0.000	0.000	0.000
104	  E	  0.7	  0.3	0.000	0.000	0.000
105	  K	  0.9	  0.2	0.000	0.000	0.000
106	  H	  1.0	  0.2	0.000	0.000	0.000
107	  H	  0.5	  0.4	0.000	0.000	0.000
108	  S	  0.4	  0.4	0.000	0.000	0.000
109	  S	  0.2	  0.4	0.198	0.000	0.000
110	  E	  0.8	  0.3	0.198	0.000	0.000
111	  I	  1.6	  0.1	0.198	0.470	0.470
112	  A	  1.6	  0.1	0.198	0.470	0.470
113	  A	  1.7	  0.1	0.198	0.470	0.470
114	  T	  8.0	  0.1	0.198	0.470	0.470
115	  Y	  8.7	  0.1	0.198	0.470	0.470
116	  H	  8.1	  0.1	0.000	0.000	0.000
117	  N	  1.3	  0.3	0.000	0.000	0.000
118	  T	  1.1	  0.3	0.000	0.000	0.000
119	  S	  1.6	  0.3	0.000	0.000	0.000
120	  T	  3.0	  0.3	0.000	0.000	0.000
121	  T	  3.9	  0.1	0.000	0.000	0.000
122	  T	  4.8	  0.1	0.000	0.000	0.000
123	  T	  4.8	  0.1	0.000	0.000	0.000
124	  T	  5.2	  0.1	0.000	0.000	0.000
125	  T	  5.7	  0.1	0.000	0.000	0.000
126	  C	  5.3	  0.0	0.000	0.000	0.000
127	  I	  3.7	  0.1	0.000	0.000	0.000
128	  T	  2.1	  0.1	0.000	0.000	0.000
129	  D	  1.0	  0.1	0.000	0.000	0.000
130	  C	  0.6	  0.5	0.000	0.000	0.000
131	  P	  0.0	  0.5	0.000	0.000	0.000
132	  T	  0.5	  0.5	0.000	0.000	0.000
133	  V	  0.5	  0.6	0.000	0.000	0.000
134	  G	  0.5	  0.5	0.000	0.000	0.000
135	  P	  0.0	  0.5	0.000	0.000	0.000
136	  H	  0.5	  0.5	0.000	0.000	0.000
137	  A	  2.0	  0.4	0.000	0.000	0.000
138	  V	  2.3	  0.0	0.000	0.000	0.000
139	  H	  1.8	  0.6	0.000	0.000	0.000
140	  P	  0.3	  1.0	0.000	0.000	0.000
141	  E	  0.1	  1.0	0.000	0.000	0.000
142	  D	  0.2	  1.0	0.000	0.000	0.000
143	  H	  0.3	  0.4	0.000	0.000	0.000
144	  K	  0.2	  0.0	0.000	0.000	0.000
145	  P	  0.1	  0.0	0.000	0.000	0.000
146	  V	  1.3	  0.1	0.000	0.000	0.000
147	  S	  2.2	  0.8	0.111	0.000	0.000
148	  S	  2.4	  0.8	0.286	0.000	0.000
149	  S	  1.7	  0.8	0.607	0.000	0.000
150	  V	  1.9	  0.7	0.607	0.000	0.000
151	  A	  1.8	  0.0	0.607	0.000	0.000
152	  A	  1.2	  0.1	0.607	0.000	0.000
153	  E	  0.4	  0.2	0.607	0.000	0.000
154	  S	  0.7	  0.2	0.467	0.000	0.000
155	  K	  7.7	  0.2	0.268	0.000	0.000
156	  V	  8.8	  0.1	0.146	0.000	0.000
157	  E	  8.8	  0.1	0.146	0.000	0.000
158	  S	  1.9	  0.1	1.048	0.000	0.000
159	  K	  0.7	  0.1	1.048	0.000	0.000
160	  A	  0.3	  0.2	0.903	0.000	0.000
161	  A	  0.2	  0.2	0.903	0.000	0.000
162	  S	  0.2	  0.3	0.903	0.000	0.000
163	  E	  0.5	  0.3	0.903	0.000	0.000
164	  T	  1.4	  0.2	0.599	0.000	0.000
165	  K	  1.5	  0.2	0.599	0.000	0.000
166	  K	  6.3	  0.1	0.441	0.000	0.000
167	  V	  8.2	  0.0	0.000	0.000	0.000
168	  T	  9.1	  0.1	0.000	0.000	0.000
169	  A	  4.4	  0.1	0.000	0.000	0.000
170	  T	  2.9	  0.1	0.000	0.000	0.000
171	  H	  2.2	  0.2	0.000	0.000	0.000
172	  H	  1.9	  0.2	0.000	0.000	0.000
173	  E	  0.7	  0.2	0.000	0.000	0.000
174	  T	  0.3	  0.4	0.000	0.000	0.000
175	  T	  0.4	  0.9	0.000	0.000	0.000
176	  G	  0.2	  0.8	0.000	0.000	0.000
177	  S	  2.0	  0.8	0.162	0.000	0.000
178	  L	  2.0	  0.6	0.162	0.000	0.000
179	  R	  2.2	  0.1	0.162	0.000	0.000
180	  T	  0.9	  0.1	0.162	0.000	0.000
181	  S	  1.9	  0.2	0.162	0.000	0.000
182	  H	  2.0	  0.2	0.162	0.000	0.000
183	  T	  1.4	  0.5	0.758	0.000	0.000
184	  E	  0.3	  0.4	0.758	0.000	0.000
185	  N	  0.1	  0.5	1.268	0.000	0.000
186	  A	  0.1	  0.5	1.268	0.000	0.000
187	  K	  0.6	  0.2	1.268	0.000	0.000
188	  A	  0.8	  0.2	1.268	0.000	0.000
189	  T	  3.8	  0.2	0.865	0.000	0.000
190	  K	  3.5	  0.2	0.865	0.000	0.000
191	  S	  4.1	  1.1	0.343	0.000	0.000
192	  S	  1.8	  1.8	0.000	0.000	0.000
193	  S	  1.8	  1.6	0.000	0.000	0.000
194	  S	  1.1	  1.5	0.000	0.000	0.000
195	  L	  0.2	  0.7	0.000	0.000	0.000
196	  P	  0.1	  0.0	0.000	0.000	0.000
197	  V	 18.2	  0.0	0.000	0.139	0.139
198	  T	 26.6	  0.0	0.000	0.139	0.139
199	  V	 26.9	  0.0	0.000	0.139	0.139
200	  Q	 10.1	  0.0	0.000	0.139	0.139
201	  T	  0.9	  0.2	0.000	0.139	0.139
202	  T	  0.5	  0.7	0.000	0.000	0.000
203	  N	  0.4	  1.0	0.000	0.000	0.000
204	  G	  0.0	  1.7	0.000	0.000	0.000
205	  A	  0.0	  1.6	0.000	0.000	0.000
206	  G	  0.0	  1.1	0.000	0.000	0.000
207	  H	  0.6	  0.8	0.000	0.009	0.009
208	  L	  2.2	  0.1	0.000	1.940	1.940
209	  Q	  2.3	  0.0	0.125	2.272	2.272
210	  M	  1.9	  0.1	0.125	10.407	10.407
211	  A	  0.7	  0.2	0.125	17.017	17.017
212	  S	  0.8	  0.2	0.245	24.679	24.679
213	  L	  1.4	  0.2	0.245	85.191	85.191
214	  F	  1.4	  0.0	0.373	95.048	95.048
215	  L	  3.3	  0.0	0.247	95.737	95.737
216	  T	  3.0	  0.0	0.444	95.562	95.562
217	  L	  2.9	  0.0	0.444	95.482	95.482
218	  A	  1.1	  0.0	0.444	90.277	90.277
219	  M	  1.8	  0.0	0.444	85.312	85.312
220	  M	  1.8	  0.0	0.444	79.158	79.158
221	  L	  1.8	  0.0	0.197	71.596	71.596
222	  T	  2.3	  0.0	0.000	27.934	27.934
223	  T	  2.0	  0.0	0.000	16.774	16.774
224	  F	  1.7	  0.0	0.000	0.005	0.005
