res	aa	Beta	Turn	Helix	Aggregation	Conc-Stab_Aggregation
01	  M	  1.9	  0.0	0.000	0.000	0.000
02	  Q	  3.7	  0.0	0.000	0.000	0.000
03	  F	  4.3	  0.0	0.000	0.000	0.000
04	  N	  2.6	  0.0	3.530	0.000	0.000
05	  K	  1.4	  0.0	3.530	0.000	0.000
06	  I	  4.2	  0.0	3.530	3.398	3.398
07	  S	  4.2	  0.0	4.696	3.398	3.398
08	  L	  3.8	  0.0	4.696	5.593	5.593
09	  L	  0.7	  0.0	4.696	5.593	5.593
10	  A	  0.6	  0.0	4.379	5.593	5.593
11	  M	  0.5	  0.2	4.049	4.622	4.622
12	  A	  0.4	  0.2	2.802	3.433	3.433
13	  S	  0.4	  0.2	2.175	0.766	0.766
14	  A	  0.3	  0.4	1.387	0.432	0.432
15	  A	  0.3	  0.2	0.903	0.149	0.149
16	  S	  0.3	  0.2	0.882	0.000	0.000
17	  A	  0.3	  0.2	0.441	0.000	0.000
18	  A	  0.3	  0.0	0.441	0.000	0.000
19	  T	  5.3	  0.0	0.270	0.000	0.000
20	  T	  5.3	  0.0	0.270	0.000	0.000
21	  S	  5.2	  0.3	0.270	0.000	0.000
22	  P	  0.1	  0.3	0.000	0.000	0.000
23	  T	  1.6	  0.4	0.000	0.000	0.000
24	  T	  1.9	  0.4	0.000	0.000	0.000
25	  T	  2.0	  0.2	0.000	0.000	0.000
26	  E	  1.3	  0.1	0.000	0.000	0.000
27	  T	  1.2	  0.1	0.000	0.000	0.000
28	  K	  1.1	  0.3	0.000	0.000	0.000
29	  P	  0.2	  0.2	0.000	0.000	0.000
30	  T	  1.7	  0.2	0.000	0.000	0.000
31	  T	  4.3	  0.2	0.000	0.000	0.000
32	  T	  5.5	  0.1	0.000	0.000	0.000
33	  K	  4.2	  0.0	0.000	0.000	0.000
34	  F	  3.3	  0.0	0.000	0.000	0.000
35	  F	  2.6	  0.0	0.000	0.000	0.000
36	  T	  2.4	  1.7	0.000	0.000	0.000
37	  P	  0.6	  3.0	0.000	0.000	0.000
38	  G	  0.0	  3.3	0.000	0.000	0.000
39	  D	  0.1	  3.3	0.000	0.000	0.000
40	  N	  1.0	  1.7	0.000	0.000	0.000
41	  F	  1.8	  0.4	0.000	0.000	0.000
42	  S	  2.4	  0.2	0.000	0.000	0.000
43	  T	  9.5	  0.2	0.000	0.000	0.000
44	  F	  8.9	  0.1	0.000	0.000	0.000
45	  A	  8.2	  0.6	0.000	0.000	0.000
46	  P	  0.2	  0.6	0.000	0.000	0.000
47	  N	  0.0	  0.7	0.000	0.000	0.000
48	  A	  0.7	  0.7	0.000	0.100	0.100
49	  T	 31.0	  0.1	0.000	0.217	0.217
50	  F	 31.9	  0.3	0.000	0.412	0.412
51	  S	 31.4	  0.4	0.198	0.412	0.412
52	  G	  1.5	  0.4	0.283	0.533	0.533
53	  A	  0.1	  0.3	0.283	2.630	2.630
54	  A	  0.4	  0.2	0.283	4.816	4.816
55	  V	  3.2	  0.0	0.283	7.201	7.201
56	  N	  4.5	  0.0	0.283	7.355	7.355
57	  F	  7.1	  0.1	0.161	12.503	12.503
58	  T	  5.1	  0.1	0.000	12.556	12.556
59	  S	  4.3	  0.1	0.000	12.744	12.744
60	  T	  2.3	  0.2	0.000	17.285	17.285
61	  F	  1.9	  0.3	0.000	24.301	24.301
62	  G	  1.7	  0.2	0.000	23.487	23.487
63	  I	  4.2	  0.2	0.000	23.628	23.628
64	  A	  4.3	  0.1	0.000	22.784	22.784
65	  V	  4.9	  0.0	0.000	21.742	21.742
66	  Q	  1.6	  0.0	0.000	1.097	1.097
67	  S	  3.9	  0.4	0.000	0.501	0.501
68	  I	  3.6	  0.4	0.000	0.501	0.501
69	  D	  3.6	  0.5	0.238	0.000	0.000
70	  S	  2.9	  1.2	0.238	0.000	0.000
71	  K	  2.6	  0.8	0.238	0.000	0.000
72	  S	  3.4	  0.8	0.238	0.000	0.000
73	  V	  5.5	  0.7	0.238	0.000	0.000
74	  V	  5.9	  0.0	0.238	0.000	0.000
75	  S	  7.2	  0.8	0.238	0.000	0.000
76	  K	  3.2	  0.8	0.135	0.000	0.000
77	  S	  2.7	  0.8	0.000	0.000	0.000
78	  L	  1.2	  0.8	0.000	0.000	0.000
79	  V	  1.8	  0.1	0.000	0.000	0.000
80	  S	  3.5	  0.2	0.000	0.000	0.000
81	  T	  3.6	  0.3	0.000	0.000	0.000
82	  S	  3.4	  0.3	0.000	0.000	0.000
83	  T	  4.2	  0.3	0.000	0.000	0.000
84	  T	  4.2	  0.2	0.000	0.000	0.000
85	  S	  3.7	  0.2	0.000	0.000	0.000
86	  T	  1.9	  0.1	0.000	0.000	0.000
87	  L	  1.2	  0.1	0.000	0.000	0.000
88	  A	  1.0	  0.4	0.000	0.000	0.000
89	  P	  0.0	  0.5	0.000	0.000	0.000
90	  S	  0.9	  1.2	0.000	0.000	0.000
91	  S	  1.2	  1.3	0.000	0.000	0.000
92	  S	  3.2	  1.1	0.000	0.000	0.000
93	  T	  3.6	  1.2	0.000	0.000	0.000
94	  S	  3.4	  0.5	0.135	0.000	0.000
95	  S	  1.5	  0.4	0.135	0.000	0.000
96	  A	  0.2	  0.3	0.135	0.000	0.000
97	  A	  0.3	  0.3	0.135	0.000	0.000
98	  S	  0.5	  0.3	0.135	0.000	0.000
99	  S	  1.1	  0.4	0.135	0.000	0.000
100	  T	  3.8	  0.2	0.000	0.000	0.000
101	  T	  5.6	  0.2	0.000	0.000	0.000
102	  S	  5.0	  0.1	0.000	0.000	0.000
103	  S	  2.3	  3.6	0.000	0.000	0.000
104	  P	  0.0	  3.6	0.000	0.000	0.000
105	  N	  2.1	  3.6	0.000	0.956	0.956
106	  I	 14.4	  3.6	0.000	1.913	1.913
107	  T	 18.5	  0.0	0.174	1.913	1.913
108	  I	 17.3	  0.0	0.174	1.913	1.913
109	  V	  5.7	  0.0	0.174	1.913	1.913
110	  N	  1.2	  1.6	0.174	0.956	0.956
111	  K	  1.3	  1.6	0.174	0.000	0.000
112	  S	  2.3	  1.6	0.174	0.000	0.000
113	  C	  3.2	  1.7	0.000	0.000	0.000
114	  K	  2.3	  1.9	0.000	0.000	0.000
115	  A	  1.0	  2.0	0.000	0.000	0.000
116	  D	  0.1	  2.1	0.000	0.000	0.000
117	  G	  0.0	  2.0	0.000	0.000	0.000
118	  T	  1.2	  0.2	0.340	0.000	0.000
119	  L	  3.2	  0.1	0.340	0.000	0.000
120	  V	  4.7	  0.0	0.340	0.000	0.000
121	  M	  4.3	  0.0	0.340	0.000	0.000
122	  E	  2.4	  0.0	0.340	0.000	0.000
123	  L	  1.0	  0.7	0.340	0.000	0.000
124	  E	  0.2	  3.1	0.340	0.000	0.000
125	  N	  0.1	  3.1	0.397	0.000	0.000
126	  G	  0.0	  3.1	0.277	0.000	0.000
127	  I	  2.3	  2.4	0.277	0.000	0.000
128	  L	  2.4	  0.6	0.277	0.000	0.000
129	  R	  2.4	  1.5	0.277	0.000	0.000
130	  D	  0.2	  1.7	0.277	0.000	0.000
131	  G	  0.0	  2.5	0.000	0.000	0.000
132	  K	  0.0	  2.0	0.000	0.000	0.000
133	  G	  0.1	  1.1	0.000	0.000	0.000
134	  R	  0.7	  1.0	0.000	0.000	0.000
135	  I	  0.8	  0.5	0.000	0.474	0.474
136	  G	  0.7	  0.5	0.000	0.474	0.474
137	  S	  0.7	  0.5	0.000	0.474	0.474
138	  I	  3.6	  0.3	0.000	0.474	0.474
139	  V	  3.8	  0.1	0.000	0.474	0.474
140	  S	  3.3	  0.1	0.000	0.000	0.000
141	  N	  0.3	  0.2	0.000	0.000	0.000
142	  R	  1.8	  0.2	0.000	0.000	0.000
143	  Q	  5.5	  0.1	0.000	0.000	0.000
144	  F	 10.9	  0.0	0.000	0.000	0.000
145	  Q	 10.7	  0.1	0.000	0.000	0.000
146	  F	  7.4	  0.1	0.000	0.000	0.000
147	  D	  1.9	  0.1	0.000	0.000	0.000
148	  G	  0.3	  0.1	0.000	0.000	0.000
149	  P	  0.0	  0.0	0.000	0.000	0.000
150	  P	  0.0	  0.3	0.000	0.000	0.000
151	  P	  0.0	  0.4	0.000	0.000	0.000
152	  Q	  0.0	  0.7	0.000	0.000	0.000
153	  A	  0.0	  0.7	0.000	0.516	0.516
154	  G	  0.0	  0.4	0.315	1.056	1.056
155	  A	  0.3	  0.3	0.315	5.664	5.664
156	  I	  1.0	  0.1	0.315	9.461	9.461
157	  Y	  1.7	  0.0	0.315	9.763	9.763
158	  A	  1.4	  0.4	0.315	9.615	9.615
159	  A	  0.7	  0.4	0.315	9.340	9.340
160	  G	  0.1	  0.4	0.205	7.708	7.708
161	  W	  3.0	  0.4	0.000	7.433	7.433
162	  S	  8.8	  0.0	0.000	4.645	4.645
163	  V	  9.3	  0.0	0.000	4.326	4.326
164	  T	  6.6	  0.7	0.000	0.000	0.000
165	  P	  0.5	  0.9	0.000	0.000	0.000
166	  E	  0.0	  2.5	0.000	0.000	0.000
167	  G	  0.0	  2.5	0.000	0.000	0.000
168	  N	  0.0	  1.8	0.121	0.000	0.000
169	  L	  0.3	  1.7	0.121	0.000	0.000
170	  A	  0.4	  0.2	0.121	0.000	0.000
171	  L	  0.3	  1.4	0.121	0.000	0.000
172	  G	  0.1	  1.5	0.121	0.000	0.000
173	  D	  0.0	  2.7	0.121	0.000	0.000
174	  S	  0.0	  2.7	0.000	0.000	0.000
175	  D	  2.1	  1.5	0.000	0.000	0.000
176	  V	  3.9	  1.3	0.000	0.113	0.113
177	  F	  5.8	  0.0	0.000	0.113	0.113
178	  Y	 10.2	  0.0	0.000	0.113	0.113
179	  Q	  8.8	  0.0	0.000	0.113	0.113
180	  C	  7.5	  0.7	0.000	0.113	0.113
181	  S	  1.2	  0.9	0.000	0.000	0.000
182	  S	  0.7	  3.4	0.000	0.000	0.000
183	  G	  0.1	  3.4	0.000	0.000	0.000
184	  N	  1.7	  2.7	0.000	0.000	0.000
185	  F	  3.5	  2.7	0.000	0.400	0.400
186	  Y	  5.1	  0.1	0.000	0.400	0.400
187	  N	  4.0	  0.1	0.128	0.400	0.400
188	  L	  2.5	  0.1	0.128	0.400	0.400
189	  Y	  1.0	  0.1	0.128	0.400	0.400
190	  D	  0.6	  0.0	1.230	0.000	0.000
191	  E	  0.3	  0.0	1.230	0.000	0.000
192	  Y	  1.6	  0.0	1.230	0.000	0.000
193	  I	  1.9	  0.0	1.230	0.000	0.000
194	  A	  1.9	  0.1	1.230	0.000	0.000
195	  E	  0.4	  0.1	1.230	0.000	0.000
196	  Q	  1.0	  0.1	1.063	0.000	0.000
197	  C	  1.2	  0.1	0.546	0.000	0.000
198	  H	  1.1	  0.0	0.335	0.000	0.000
199	  P	  0.2	  0.0	0.000	0.000	0.000
200	  I	  2.5	  0.0	0.000	0.000	0.000
201	  H	  3.0	  0.0	0.000	0.000	0.000
202	  L	  4.6	  0.0	0.000	0.000	0.000
203	  E	  2.5	  0.0	0.000	0.000	0.000
204	  V	  4.9	  0.0	0.000	2.629	2.629
205	  L	  4.9	  0.0	0.000	2.629	2.629
206	  S	  4.7	  0.0	0.000	2.629	2.629
207	  L	  2.5	  0.0	0.000	2.629	2.629
208	  V	  2.6	  0.0	0.000	2.629	2.629
209	  D	  2.3	  0.0	0.000	0.000	0.000
210	  C	  1.8	  0.0	0.000	0.000	0.000
