res	aa	Beta	Turn	Helix	Aggregation	Conc-Stab_Aggregation
01	  M	  0.8	  0.1	0.000	0.000	0.000
02	  E	  0.9	  0.1	0.000	0.000	0.000
03	  L	  1.1	  0.3	0.000	0.000	0.000
04	  Y	  0.8	  1.6	0.000	0.000	0.000
05	  G	  0.7	  1.4	0.000	0.000	0.000
06	  C	  0.7	  1.6	0.000	0.000	0.000
07	  S	  0.4	  1.5	0.149	0.000	0.000
08	  T	  1.4	  0.2	0.149	0.000	0.000
09	  L	  1.2	  0.3	0.149	0.000	0.000
10	  E	  1.2	  0.1	0.149	0.000	0.000
11	  T	  0.3	  0.1	0.149	0.000	0.000
12	  N	  0.2	  0.1	0.149	0.000	0.000
13	  P	  0.0	  0.0	0.000	0.000	0.000
14	  A	  0.0	  0.3	0.000	0.000	0.000
15	  P	  0.0	  0.3	0.000	0.000	0.000
16	  T	  0.2	  0.3	0.000	0.000	0.000
17	  L	  0.2	  0.3	0.000	0.000	0.000
18	  P	  0.2	  0.0	0.000	0.000	0.000
19	  S	  0.0	  0.0	1.739	0.000	0.000
20	  P	  0.0	  0.0	1.739	0.000	0.000
21	  I	  0.6	  0.0	1.739	0.167	0.167
22	  E	  0.7	  0.0	1.867	0.167	0.167
23	  K	  0.8	  0.0	1.867	0.167	0.167
24	  A	  0.4	  0.0	1.867	0.167	0.167
25	  L	  0.5	  0.0	1.477	0.167	0.167
26	  V	  1.2	  0.1	0.991	0.167	0.167
27	  R	  1.0	  0.4	0.991	0.000	0.000
28	  D	  0.8	  0.6	0.577	0.000	0.000
29	  D	  0.1	  0.7	0.589	0.000	0.000
30	  Q	  0.1	  0.7	0.589	0.000	0.000
31	  A	  0.1	  0.4	0.589	0.000	0.000
32	  N	  0.2	  0.4	0.589	0.000	0.000
33	  Q	  0.4	  0.3	0.589	0.000	0.000
34	  H	  1.0	  0.1	0.318	0.000	0.000
35	  L	  2.4	  0.1	0.000	0.000	0.000
36	  Q	  3.3	  0.0	0.000	0.000	0.000
37	  I	  3.4	  0.0	0.000	0.000	0.000
38	  R	  2.1	  0.1	0.000	0.000	0.000
39	  K	  1.1	  0.2	0.000	0.000	0.000
40	  T	  0.4	  0.3	0.000	0.000	0.000
41	  D	  0.2	  2.2	0.000	0.000	0.000
42	  A	  0.2	  2.2	0.000	0.000	0.000
43	  S	  0.3	  2.1	0.000	0.000	0.000
44	  S	  1.9	  2.1	0.000	0.000	0.000
45	  V	  6.0	  0.1	0.000	0.826	0.826
46	  H	  6.4	  0.0	0.000	0.826	0.826
47	  L	  6.0	  0.0	0.000	0.826	0.826
48	  C	  2.8	  0.0	0.000	0.826	0.826
49	  L	  2.4	  0.0	0.000	0.826	0.826
50	  C	  2.2	  0.3	0.000	0.145	0.145
51	  E	  1.0	  0.3	0.000	0.000	0.000
52	  S	  1.2	  0.3	0.000	0.000	0.000
53	  L	  0.9	  0.3	0.000	0.000	0.000
54	  F	  2.4	  0.3	0.000	0.000	0.000
55	  S	  2.4	  0.3	0.000	0.000	0.000
56	  S	  1.9	  0.3	0.000	0.000	0.000
57	  V	  0.5	  0.3	0.000	0.000	0.000
58	  P	  0.2	  0.9	0.000	0.000	0.000
59	  K	  0.0	  4.2	0.000	0.000	0.000
60	  N	  0.0	  4.2	0.000	0.000	0.000
61	  G	  0.1	  4.2	0.000	0.000	0.000
62	  I	  1.0	  3.3	0.000	0.000	0.000
63	  Y	  1.1	  0.7	0.000	0.000	0.000
64	  G	  1.1	  1.0	0.000	0.000	0.000
65	  E	  0.2	  1.0	0.000	0.000	0.000
66	  N	  0.1	  1.2	0.000	0.000	0.000
67	  S	  0.2	  0.9	0.000	0.000	0.000
68	  A	  0.2	  0.6	0.000	0.000	0.000
69	  G	  0.2	  0.6	0.000	0.000	0.000
70	  I	  2.7	  0.4	0.000	0.154	0.154
71	  S	  6.0	  0.4	0.000	0.154	0.154
72	  I	 10.0	  0.3	0.000	0.154	0.154
73	  N	  7.9	  0.3	0.000	0.154	0.154
74	  Y	  7.3	  0.3	0.000	0.154	0.154
75	  H	  4.9	  0.0	0.000	0.000	0.000
76	  Y	  5.5	  0.1	0.000	0.000	0.000
77	  K	  2.7	  0.5	0.000	0.000	0.000
78	  S	  0.9	  0.5	0.000	0.000	0.000
79	  N	  0.6	  0.8	0.314	0.000	0.000
80	  C	  1.3	  0.8	0.443	0.000	0.000
81	  S	  1.4	  0.5	0.443	0.000	0.000
82	  R	  1.0	  0.6	0.443	0.000	0.000
83	  K	  0.5	  0.3	0.443	0.000	0.000
84	  Q	  0.6	  0.2	0.443	0.000	0.000
85	  K	  0.5	  0.2	0.265	0.000	0.000
86	  K	  0.4	  0.1	0.000	0.000	0.000
87	  K	  0.2	  0.1	0.000	0.000	0.000
88	  K	  0.1	  0.0	0.000	0.000	0.000
