res	aa	Beta	Turn	Helix	Aggregation	Conc-Stab_Aggregation
01	  M	  0.7	  0.0	0.000	0.000	0.000
02	  I	  0.8	  0.0	0.000	0.000	0.000
03	  H	  1.0	  0.1	0.000	0.000	0.000
04	  N	  0.4	  0.7	0.000	0.000	0.000
05	  S	  0.5	  0.7	0.000	0.000	0.000
06	  S	  0.3	  0.7	0.000	0.000	0.000
07	  Y	  0.3	  0.6	0.000	0.000	0.000
08	  T	  0.0	  0.0	0.000	0.000	0.000
09	  E	  0.0	  0.0	0.000	0.000	0.000
10	  A	  0.0	  0.0	-1.#IO	0.000	0.000
11	  A	  0.0	  0.0	-1.#IO	0.000	0.000
12	  D	  0.0	  0.0	-1.#IO	0.000	0.000
13	  I	  0.0	  0.0	-1.#IO	0.000	0.000
14	  K	  0.0	  0.0	-1.#IO	0.000	0.000
15	  S	  0.0	  0.0	-1.#IO	0.000	0.000
16	  L	  0.0	  0.0	-1.#IO	0.000	0.000
17	  S	  0.0	  0.0	-1.#IO	0.000	0.000
18	  S	  0.0	  0.0	-1.#IO	0.000	0.000
19	  F	  0.0	  0.0	-1.#IO	0.000	0.000
20	  I	  0.0	  0.0	-1.#IO	0.000	0.000
21	  E	  0.0	  0.0	-1.#IO	0.000	0.000
22	  E	  0.0	  0.0	-1.#IO	0.000	0.000
23	  S	  0.0	  0.0	0.000	0.000	0.000
24	  S	  0.0	  0.0	0.000	0.000	0.000
25	  R	  0.2	  0.0	0.000	0.000	0.000
26	  V	  0.2	  1.2	0.000	0.000	0.000
27	  P	  0.2	  1.2	0.000	0.000	0.000
28	  D	  0.5	  1.2	0.000	0.000	0.000
29	  Y	  1.4	  1.2	0.000	0.000	0.000
30	  I	  1.6	  0.0	0.000	0.000	0.000
31	  S	  1.3	  1.3	0.000	0.000	0.000
32	  E	  0.4	  1.5	0.000	0.000	0.000
33	  S	  0.2	  1.8	0.000	0.000	0.000
34	  N	  0.2	  1.8	0.000	0.000	0.000
35	  N	  0.2	  0.7	0.000	0.000	0.000
36	  I	  0.3	  0.5	0.000	0.000	0.000
37	  G	  0.2	  0.1	0.000	0.000	0.000
38	  W	  1.0	  0.3	0.000	0.000	0.000
39	  S	  1.0	  1.5	0.000	0.000	0.000
40	  S	  1.0	  1.5	0.000	0.000	0.000
41	  N	  1.7	  2.1	0.000	0.000	0.000
42	  I	  1.9	  1.9	0.000	0.000	0.000
43	  N	  1.9	  0.6	0.000	0.000	0.000
44	  N	  0.2	  0.6	0.000	0.000	0.000
45	  P	  0.0	  0.2	0.000	0.000	0.000
46	  P	  0.0	  0.2	0.000	0.000	0.000
47	  L	  0.1	  0.2	0.000	0.000	0.000
48	  F	  1.3	  0.3	0.000	0.000	0.000
49	  E	  1.3	  0.2	0.000	0.000	0.000
50	  S	  2.0	  0.2	0.000	0.000	0.000
51	  S	  0.8	  0.2	0.000	0.000	0.000
52	  S	  0.8	  0.1	0.000	0.000	0.000
53	  F	  0.0	  0.0	0.000	0.000	0.000
54	  D	  0.0	  0.0	0.000	0.000	0.000
55	  I	  0.0	  0.0	-1.#IO	0.000	0.000
56	  T	  0.0	  0.0	-1.#IO	0.000	0.000
57	  T	  0.0	  0.0	-1.#IO	0.000	0.000
58	  Q	  0.0	  0.0	-1.#IO	0.000	0.000
59	  N	  0.0	  0.0	-1.#IO	0.000	0.000
60	  D	  0.0	  0.0	-1.#IO	0.000	0.000
61	  N	  0.0	  0.0	-1.#IO	0.000	0.000
62	  W	  0.0	  0.0	-1.#IO	0.000	0.000
63	  I	  0.0	  0.0	-1.#IO	0.000	0.000
64	  L	  0.0	  0.0	-1.#IO	0.000	0.000
65	  T	  0.0	  0.0	-1.#IO	0.000	0.000
66	  E	  0.0	  0.0	-1.#IO	0.000	0.000
67	  T	  0.0	  0.0	-1.#IO	0.000	0.000
68	  M	  0.0	  0.0	0.000	0.000	0.000
69	  Q	  0.0	  0.0	0.000	0.000	0.000
70	  N	  2.5	  0.0	0.000	0.000	0.000
71	  I	  5.8	  0.0	0.000	0.000	0.000
72	  T	  6.1	  0.0	0.000	0.000	0.000
73	  T	  3.9	  0.1	0.000	0.000	0.000
74	  E	  0.6	  0.2	0.000	0.000	0.000
75	  S	  0.9	  0.6	0.000	0.000	0.000
76	  S	  0.8	  0.7	0.000	0.000	0.000
77	  S	  1.3	  0.6	0.000	0.000	0.000
78	  T	 30.4	  0.5	0.000	0.000	0.000
79	  F	 31.3	  0.1	0.000	0.000	0.000
80	  S	 31.9	  0.4	0.000	0.000	0.000
81	  R	  3.4	  0.4	0.000	0.000	0.000
82	  S	  2.1	  0.4	0.000	0.000	0.000
83	  V	  3.1	  0.4	0.000	0.000	0.000
84	  A	  2.7	  0.1	0.000	0.000	0.000
85	  S	  2.4	  0.1	0.000	0.000	0.000
86	  S	  1.7	  0.1	0.000	0.000	0.000
87	  V	  1.9	  0.1	0.000	0.000	0.000
88	  F	  1.7	  0.5	0.000	0.000	0.000
89	  P	  0.3	  0.6	0.000	0.000	0.000
90	  S	  0.9	  1.4	0.000	0.000	0.000
91	  S	  1.0	  1.5	0.000	0.000	0.000
92	  S	  1.1	  1.1	0.000	0.000	0.000
93	  Q	  0.6	  0.9	0.000	0.000	0.000
94	  A	  0.8	  0.2	0.000	0.000	0.000
95	  F	  3.6	  0.0	0.000	0.000	0.000
96	  V	  3.2	  0.0	0.000	0.000	0.000
97	  S	  2.9	  0.0	0.000	0.000	0.000
98	  P	  0.0	  0.4	0.000	0.000	0.000
99	  P	  0.0	  0.4	0.000	0.000	0.000
100	  S	  0.6	  0.4	0.000	0.000	0.000
101	  I	  1.4	  0.4	0.000	0.000	0.000
102	  I	 10.2	  0.0	0.000	0.000	0.000
103	  D	  9.7	  0.0	0.000	0.000	0.000
104	  I	  9.0	  0.0	0.000	0.000	0.000
105	  P	  0.1	  0.0	0.000	0.000	0.000
106	  I	  0.6	  0.0	0.000	0.000	0.000
107	  S	  0.8	  0.0	0.000	0.000	0.000
108	  S	  0.9	  0.0	0.000	0.000	0.000
109	  I	  0.4	  0.0	0.000	0.000	0.000
110	  P	  0.1	  0.2	0.000	0.000	0.000
111	  E	  0.1	  0.2	0.000	0.000	0.000
112	  S	  0.8	  0.8	0.000	0.000	0.000
113	  S	  1.0	  0.8	0.000	0.000	0.000
114	  S	  6.2	  0.8	0.000	0.000	0.000
115	  I	  8.0	  0.7	0.000	0.000	0.000
116	  S	 13.1	  0.3	0.000	0.000	0.000
117	  I	  8.4	  0.3	0.000	0.000	0.000
118	  S	  6.0	  1.7	0.000	0.000	0.000
119	  S	  0.6	  1.7	0.000	0.000	0.000
120	  D	  0.1	  1.5	0.000	0.000	0.000
121	  V	  3.0	  1.5	0.000	2.630	2.630
122	  L	  3.2	  0.1	0.000	2.792	2.792
123	  S	  3.1	  0.1	0.000	2.792	2.792
124	  S	  0.5	  0.1	0.231	3.333	3.333
125	  A	  0.5	  0.1	0.231	3.873	3.873
126	  I	 17.3	  0.0	0.231	3.873	3.873
127	  T	 31.8	  0.0	0.231	3.605	3.605
128	  V	 32.8	  0.0	0.231	3.443	3.443
129	  S	 18.3	  0.1	0.231	0.785	0.785
130	  Q	  1.9	  0.1	0.000	0.000	0.000
131	  T	  1.2	  0.2	0.000	0.000	0.000
132	  S	  1.6	  0.8	0.000	0.000	0.000
133	  S	  2.2	  1.5	0.000	0.000	0.000
134	  S	  1.6	  1.5	0.000	0.000	0.000
135	  S	 21.1	  1.6	0.000	0.000	0.000
136	  Y	 21.6	  1.2	0.000	0.224	0.224
137	  S	 21.4	  0.4	0.000	0.224	0.224
138	  S	  1.8	  0.4	0.000	0.224	0.224
139	  L	  0.6	  0.3	0.000	0.649	0.649
140	  I	  1.0	  0.2	0.000	0.649	0.649
141	  S	  1.0	  0.1	0.000	0.425	0.425
142	  S	 20.8	  0.3	0.242	0.425	0.425
143	  Y	 21.0	  0.4	0.242	0.425	0.425
144	  S	 21.1	  0.2	0.242	0.197	0.197
145	  T	  4.4	  0.2	0.242	0.197	0.197
146	  I	  3.7	  0.1	0.242	0.197	0.197
147	  Q	  3.5	  0.1	0.242	0.000	0.000
148	  S	  2.2	  0.3	0.104	0.000	0.000
149	  T	  3.2	  0.4	0.000	0.000	0.000
150	  S	  3.9	  1.1	0.000	0.000	0.000
151	  S	  2.8	  1.7	0.000	0.000	0.000
152	  S	  1.8	  1.5	0.000	0.000	0.000
153	  S	  6.3	  1.5	0.000	0.000	0.000
154	  I	  5.7	  0.8	0.000	0.000	0.000
155	  S	  5.6	  1.7	1.090	0.000	0.000
156	  E	  0.2	  1.7	1.090	0.000	0.000
157	  N	  0.1	  1.6	1.195	0.000	0.000
158	  E	  1.3	  1.5	1.195	0.000	0.000
159	  I	  1.9	  0.1	1.195	0.000	0.000
160	  S	  2.7	  0.9	1.195	0.000	0.000
161	  S	  2.2	  1.7	0.583	0.000	0.000
162	  S	  1.9	  1.7	0.278	0.000	0.000
163	  S	  1.5	  1.7	0.000	0.000	0.000
164	  R	  4.6	  0.9	0.000	0.000	0.000
165	  I	  4.5	  0.1	0.000	0.000	0.000
166	  S	  4.2	  1.2	0.227	0.000	0.000
167	  P	  0.2	  1.2	0.227	0.000	0.000
168	  G	  0.0	  1.2	0.227	0.000	0.000
169	  L	  0.4	  1.2	0.227	0.000	0.000
170	  L	  0.7	  0.1	0.227	0.000	0.000
171	  S	  1.0	  0.1	0.227	0.000	0.000
172	  S	  0.7	  0.1	0.227	0.000	0.000
173	  V	  0.4	  0.2	0.000	0.000	0.000
174	  P	  0.2	  0.2	0.000	0.000	0.000
175	  S	  2.3	  0.2	0.094	0.000	0.000
176	  I	  5.1	  0.2	0.094	0.423	0.423
177	  T	  7.2	  0.0	0.094	0.423	0.423
178	  T	  6.3	  0.0	0.094	0.423	0.423
179	  S	 22.9	  0.1	0.094	0.423	0.423
180	  F	 21.8	  0.5	0.094	0.423	0.423
181	  S	 20.7	  0.6	0.000	0.000	0.000
182	  S	  1.6	  0.7	0.000	0.000	0.000
183	  G	  0.1	  0.6	0.000	0.000	0.000
184	  I	  0.6	  0.3	0.000	0.000	0.000
185	  S	  1.3	  0.8	0.000	0.000	0.000
186	  S	  1.4	  0.7	0.000	0.000	0.000
187	  S	 18.3	  0.7	0.000	0.000	0.000
188	  V	 17.8	  0.6	0.000	0.000	0.000
189	  S	 17.7	  0.3	0.000	0.000	0.000
190	  P	  0.3	  0.4	0.000	0.000	0.000
191	  T	  1.1	  0.5	0.000	0.000	0.000
192	  S	  1.2	  0.6	0.000	0.000	0.000
193	  S	  1.8	  0.2	0.358	0.000	0.000
194	  L	  0.8	  0.2	0.358	0.000	0.000
195	  Q	  0.9	  0.1	0.358	0.000	0.000
196	  Q	  0.7	  0.0	0.358	0.000	0.000
197	  I	  0.9	  0.0	0.358	0.000	0.000
198	  A	  0.7	  0.1	0.358	0.000	0.000
199	  E	  0.4	  0.1	0.358	0.000	0.000
200	  Q	  0.2	  0.2	0.358	0.000	0.000
201	  S	  0.2	  1.9	0.111	0.000	0.000
202	  S	  0.3	  2.1	0.000	0.000	0.000
203	  N	  0.2	  2.6	0.000	0.000	0.000
204	  S	  0.3	  2.6	0.000	0.000	0.000
205	  S	  0.3	  0.9	0.000	0.000	0.000
206	  L	  0.2	  0.6	0.000	0.000	0.000
207	  A	  0.1	  0.4	0.000	0.000	0.000
208	  E	  0.1	  0.4	0.000	0.000	0.000
209	  N	  0.0	  0.4	0.193	0.000	0.000
210	  D	  0.0	  0.4	0.193	0.000	0.000
211	  L	  0.4	  0.1	0.193	0.497	0.497
212	  L	  0.7	  0.1	0.193	0.497	0.497
213	  S	  1.5	  0.9	0.193	0.497	0.497
214	  S	  1.2	  1.0	0.462	0.897	0.897
215	  S	  2.5	  1.0	0.269	4.731	4.731
216	  L	  5.2	  0.9	0.269	27.102	27.102
217	  T	  7.6	  0.0	0.269	30.704	30.704
218	  I	  7.4	  0.0	0.269	36.689	36.689
219	  L	  4.1	  0.1	0.269	37.109	37.109
220	  S	  1.7	  0.1	0.105	35.625	35.625
221	  S	  0.9	  0.1	0.105	34.669	34.669
222	  V	  3.5	  0.1	0.000	36.979	36.979
223	  L	  3.6	  0.1	0.000	34.577	34.577
224	  S	  3.9	  0.8	0.112	19.142	19.142
225	  S	  1.3	  0.8	0.112	17.537	17.537
226	  S	  1.5	  0.8	0.112	17.391	17.391
227	  V	  4.4	  0.7	0.112	17.391	17.391
228	  L	  4.7	  0.0	0.112	17.169	17.169
229	  L	  4.4	  0.0	0.112	14.783	14.783
230	  H	  0.9	  0.3	0.112	0.077	0.077
231	  N	  0.4	  0.4	0.000	0.000	0.000
232	  S	  0.2	  0.5	0.000	0.000	0.000
233	  G	  0.1	  0.4	0.000	0.000	0.000
234	  V	  1.3	  0.3	0.000	0.000	0.000
235	  S	  2.1	  0.9	0.000	0.000	0.000
236	  S	  2.8	  1.8	0.000	0.000	0.000
237	  S	  1.9	  1.8	0.000	0.000	0.000
238	  S	  8.4	  1.7	0.000	0.000	0.000
239	  F	  9.1	  1.0	0.000	0.000	0.000
240	  T	  8.9	  0.3	0.000	0.000	0.000
241	  D	  1.7	  0.3	0.000	0.000	0.000
242	  N	  1.1	  0.4	0.000	0.000	0.000
243	  F	  2.5	  0.4	0.000	0.000	0.000
244	  S	  2.7	  0.4	0.000	0.000	0.000
245	  S	  1.9	  0.4	0.219	0.000	0.000
246	  T	  3.1	  0.2	0.219	0.000	0.000
247	  L	  3.1	  0.2	0.219	0.000	0.000
248	  T	  3.7	  0.1	0.219	0.000	0.000
249	  N	  1.1	  1.5	0.219	0.000	0.000
250	  S	  0.9	  3.1	0.219	0.000	0.000
251	  S	  0.2	  3.3	0.000	0.000	0.000
252	  N	  0.2	  3.4	0.214	0.000	0.000
253	  S	  0.2	  1.9	0.733	2.733	2.733
254	  L	  0.5	  0.3	0.733	6.834	6.834
255	  A	  1.0	  0.1	0.733	7.076	7.076
256	  I	  2.1	  0.0	0.733	7.365	7.365
257	  L	  2.1	  0.1	0.733	7.365	7.365
258	  S	  1.7	  0.1	0.625	5.089	5.089
259	  S	  6.0	  0.2	0.243	2.527	2.527
260	  I	  5.9	  0.2	0.000	2.244	2.244
261	  S	  5.9	  1.1	0.000	0.172	0.172
262	  E	  0.4	  1.1	0.000	0.000	0.000
263	  S	  0.3	  1.0	0.000	0.000	0.000
264	  S	  0.4	  1.0	0.000	0.000	0.000
265	  L	  0.8	  0.1	0.000	0.779	0.779
266	  I	  2.6	  0.1	0.000	0.779	0.779
267	  N	  3.5	  0.0	0.106	0.779	0.779
268	  T	 14.5	  0.0	0.106	0.779	0.779
269	  I	 13.2	  0.0	0.106	0.779	0.779
270	  T	 12.2	  0.0	0.106	0.292	0.292
271	  D	  0.7	  0.0	0.106	0.000	0.000
272	  L	  0.2	  0.3	0.106	0.000	0.000
273	  P	  0.0	  0.4	0.000	0.000	0.000
274	  S	  0.8	  1.2	0.000	0.000	0.000
275	  S	  1.0	  1.2	0.000	0.366	0.366
276	  S	  1.5	  0.9	0.000	0.366	0.366
277	  V	  4.2	  0.7	0.000	0.366	0.366
278	  L	  4.7	  0.0	0.000	0.366	0.366
279	  L	  4.4	  0.0	0.000	0.366	0.366
280	  S	  0.9	  6.8	0.000	0.000	0.000
281	  P	  0.1	  6.8	0.000	0.000	0.000
282	  N	  0.0	  7.1	0.000	0.000	0.000
283	  N	  0.1	  7.2	0.000	0.000	0.000
284	  S	  0.2	  1.3	0.000	0.000	0.000
285	  E	  0.3	  1.2	0.000	0.000	0.000
286	  S	  0.2	  1.0	0.000	0.000	0.000
287	  S	  0.1	  0.8	0.000	0.000	0.000
288	  I	  0.0	  0.0	0.000	0.000	0.000
289	  K	  0.0	  0.0	0.000	0.000	0.000
290	  V	  0.0	  0.0	-1.#IO	0.000	0.000
291	  S	  0.0	  0.0	-1.#IO	0.000	0.000
292	  S	  0.0	  0.0	-1.#IO	0.000	0.000
293	  A	  0.0	  0.0	-1.#IO	0.000	0.000
294	  S	  0.0	  0.0	-1.#IO	0.000	0.000
295	  S	  0.0	  0.0	-1.#IO	0.000	0.000
296	  S	  0.0	  0.0	-1.#IO	0.000	0.000
297	  S	  0.0	  0.0	-1.#IO	0.000	0.000
298	  S	  0.0	  0.0	-1.#IO	0.000	0.000
299	  R	  0.0	  0.0	-1.#IO	0.000	0.000
300	  R	  0.0	  0.0	-1.#IO	0.000	0.000
301	  K	  0.0	  0.0	-1.#IO	0.000	0.000
302	  A	  0.0	  0.0	-1.#IO	0.000	0.000
303	  S	  0.0	  0.0	0.000	0.000	0.000
304	  T	  0.0	  0.0	0.000	0.000	0.000
305	  Y	  2.2	  0.0	0.000	0.000	0.000
306	  T	  2.3	  0.0	0.000	0.000	0.000
307	  T	  2.3	  0.4	0.000	0.000	0.000
308	  P	  0.2	  0.4	0.000	0.000	0.000
309	  S	  0.7	  0.4	0.000	0.000	0.000
310	  R	  1.1	  0.4	0.000	0.000	0.000
311	  I	  1.1	  0.0	0.000	0.000	0.000
312	  P	  0.4	  0.0	0.000	0.000	0.000
313	  F	  0.3	  0.3	0.000	0.000	0.000
314	  S	  0.4	  0.5	0.000	0.000	0.000
315	  N	  0.5	  1.5	0.000	0.000	0.000
316	  S	  0.3	  1.5	0.000	0.000	0.000
317	  S	  0.2	  1.3	0.000	0.000	0.000
318	  E	  0.5	  1.1	0.000	0.000	0.000
319	  W	  1.5	  0.0	0.000	0.000	0.000
320	  Y	  2.1	  0.0	0.000	0.000	0.000
321	  T	  1.7	  0.0	0.000	0.000	0.000
322	  P	  0.6	  0.0	0.000	0.000	0.000
323	  L	  0.0	  0.0	0.000	0.000	0.000
324	  P	  0.0	  0.0	0.000	0.000	0.000
325	  T	  0.0	  0.4	0.000	0.000	0.000
326	  P	  0.0	  0.4	0.000	0.000	0.000
327	  S	  5.7	  0.5	0.000	0.000	0.000
328	  I	  6.2	  0.6	0.000	0.000	0.000
329	  S	  7.1	  0.8	0.000	0.000	0.000
330	  S	  1.7	  1.0	0.000	0.000	0.000
331	  S	  1.7	  1.4	0.000	0.000	0.000
332	  T	  0.9	  1.4	0.000	0.000	0.000
333	  N	  0.6	  0.9	0.000	0.000	0.000
334	  D	  0.2	  1.1	0.121	0.000	0.000
335	  T	  1.4	  0.7	0.230	0.000	0.000
336	  S	  1.5	  0.7	0.702	0.000	0.000
337	  S	  1.5	  0.6	1.943	0.000	0.000
338	  L	  0.7	  0.2	2.173	0.000	0.000
339	  L	  0.6	  0.1	2.453	0.000	0.000
340	  S	  0.4	  0.1	5.957	0.000	0.000
341	  E	  0.1	  0.1	6.081	0.000	0.000
342	  L	  0.4	  0.1	6.081	9.019	9.019
343	  A	  0.6	  0.1	6.081	10.454	10.454
344	  L	  0.7	  0.0	5.973	10.898	10.898
345	  I	  0.6	  0.1	5.548	10.898	10.898
346	  G	  0.4	  0.1	5.548	10.898	10.898
347	  I	  0.9	  0.2	0.419	10.254	10.254
348	  S	  1.4	  0.9	0.419	1.630	1.630
349	  S	  2.2	  1.6	0.000	0.114	0.114
350	  S	  2.5	  2.4	0.000	0.000	0.000
351	  S	  2.5	  3.1	0.000	0.000	0.000
352	  S	  2.5	  3.1	0.000	0.000	0.000
353	  S	  2.5	  3.1	0.000	0.000	0.000
354	  S	  2.5	  3.1	0.000	0.000	0.000
355	  S	  2.4	  3.0	0.000	0.000	0.000
356	  S	  1.8	  2.3	0.000	0.000	0.000
357	  S	  1.4	  1.6	0.000	0.000	0.000
358	  Q	  3.4	  0.8	0.000	0.000	0.000
359	  F	  4.3	  0.1	0.000	0.000	0.000
360	  Y	  6.7	  0.0	0.000	0.000	0.000
361	  T	  5.1	  0.1	0.000	0.000	0.000
362	  S	  4.3	  0.2	0.000	0.000	0.000
363	  S	  3.4	  0.4	0.000	0.000	0.000
364	  T	  3.4	  0.5	0.000	0.000	0.000
365	  S	  4.0	  1.3	0.000	0.000	0.000
366	  S	  3.0	  2.0	0.000	0.000	0.000
367	  S	  1.8	  1.8	0.000	0.000	0.000
368	  S	  1.2	  1.7	0.000	0.000	0.000
369	  L	  1.1	  0.9	0.000	0.000	0.000
370	  V	  2.3	  0.1	0.000	0.000	0.000
371	  S	  2.8	  0.8	0.000	0.000	0.000
372	  S	  2.2	  0.9	0.000	0.000	0.000
373	  S	  1.0	  3.0	0.000	0.000	0.000
374	  E	  0.2	  2.9	0.000	0.000	0.000
375	  N	  1.1	  2.5	0.000	0.000	0.000
376	  Y	  2.6	  2.5	0.000	0.000	0.000
377	  S	  3.4	  1.1	0.000	0.000	0.000
378	  S	  2.7	  1.1	0.000	0.000	0.000
379	  S	  1.3	  0.9	0.000	0.000	0.000
380	  Q	  0.4	  0.9	0.000	0.000	0.000
381	  P	  0.1	  0.1	0.000	0.000	0.000
382	  T	  0.0	  0.1	0.000	0.000	0.000
383	  T	  0.0	  0.1	0.000	0.000	0.000
384	  I	  0.0	  0.0	0.000	0.000	0.000
385	  E	  0.0	  0.0	0.000	0.000	0.000
386	  P	  0.0	  0.0	-1.#IO	0.000	0.000
387	  I	  0.0	  0.0	-1.#IO	0.000	0.000
388	  T	  0.0	  0.0	-1.#IO	0.000	0.000
389	  S	  0.0	  0.0	-1.#IO	0.000	0.000
390	  T	  0.0	  0.0	-1.#IO	0.000	0.000
391	  I	  0.0	  0.0	-1.#IO	0.000	0.000
392	  S	  0.0	  0.0	-1.#IO	0.000	0.000
393	  S	  0.0	  0.0	-1.#IO	0.000	0.000
394	  S	  0.0	  0.0	-1.#IO	0.000	0.000
395	  Y	  0.0	  0.0	-1.#IO	0.000	0.000
396	  S	  0.0	  0.0	-1.#IO	0.000	0.000
397	  D	  0.0	  0.0	-1.#IO	0.000	0.000
398	  L	  0.0	  0.0	-1.#IO	0.000	0.000
399	  S	  0.0	  0.0	0.000	0.000	0.000
400	  N	  0.0	  0.0	0.000	0.000	0.000
401	  D	  0.0	  0.0	0.000	0.000	0.000
402	  G	  0.0	  0.0	0.000	0.000	0.000
403	  E	  0.0	  0.0	0.000	0.000	0.000
404	  I	  0.0	  0.0	-1.#IO	0.000	0.000
405	  L	  0.0	  0.0	-1.#IO	0.000	0.000
406	  S	  0.0	  0.0	-1.#IO	0.000	0.000
407	  S	  0.0	  0.0	-1.#IO	0.000	0.000
408	  T	  0.0	  0.0	-1.#IO	0.000	0.000
409	  L	  0.0	  0.0	-1.#IO	0.000	0.000
410	  G	  0.0	  0.0	-1.#IO	0.000	0.000
411	  K	  0.0	  0.0	-1.#IO	0.000	0.000
412	  S	  0.0	  0.0	-1.#IO	0.000	0.000
413	  V	  0.0	  0.0	-1.#IO	0.000	0.000
414	  Y	  0.0	  0.0	-1.#IO	0.000	0.000
415	  Y	  0.0	  0.0	-1.#IO	0.000	0.000
416	  S	  0.0	  0.0	-1.#IO	0.000	0.000
417	  Y	  0.0	  0.0	0.000	0.000	0.000
418	  I	  0.0	  0.0	0.000	0.000	0.000
419	  Q	  0.8	  0.0	0.000	0.000	0.000
420	  T	  7.7	  0.0	0.000	0.000	0.000
421	  F	 10.6	  0.0	0.000	0.000	0.000
422	  D	 11.1	  0.0	0.000	0.000	0.000
423	  I	  8.2	  0.0	0.000	0.000	0.000
424	  T	  7.4	  0.1	0.000	0.000	0.000
425	  A	  6.2	  0.2	0.000	0.000	0.000
426	  S	  3.1	  0.2	0.000	0.000	0.000
427	  T	  2.1	  0.2	0.000	0.000	0.000
428	  T	  5.2	  0.1	0.000	0.000	0.000
429	  T	 15.0	  0.0	0.000	0.000	0.000
430	  F	 13.9	  0.1	0.000	0.000	0.000
431	  E	 10.8	  0.1	0.000	0.000	0.000
432	  T	  1.2	  0.1	0.000	0.000	0.000
433	  A	  0.8	  0.1	0.000	0.000	0.000
434	  L	  0.8	  0.0	0.000	0.000	0.000
435	  P	  0.1	  0.0	0.132	0.575	0.575
436	  I	  4.2	  0.0	0.132	47.247	47.247
437	  V	  7.0	  0.0	0.132	48.669	48.669
438	  T	  7.8	  0.0	0.284	48.787	48.787
439	  A	  3.9	  0.0	0.284	48.787	48.787
440	  F	  2.6	  0.0	0.284	48.787	48.787
441	  N	  2.1	  0.0	0.152	18.611	18.611
442	  L	  2.0	  0.1	0.152	18.103	18.103
443	  K	  0.4	  0.2	0.152	0.000	0.000
444	  D	  0.4	  0.2	0.182	0.000	0.000
445	  S	  5.4	  0.2	0.182	0.000	0.000
446	  Y	 15.3	  0.0	0.182	0.000	0.000
447	  T	 41.3	  0.0	0.182	0.000	0.000
448	  F	 39.2	  0.0	0.182	0.000	0.000
449	  S	 30.7	  0.0	0.182	0.000	0.000
450	  K	  4.4	  0.2	0.070	0.000	0.000
451	  P	  0.0	  0.3	0.000	0.000	0.000
452	  S	  0.1	  0.3	0.000	0.186	0.186
453	  S	  0.7	  0.3	0.000	0.346	0.346
454	  I	  5.0	  0.1	0.000	0.346	0.346
455	  I	  8.3	  0.0	0.000	0.346	0.346
456	  T	  8.2	  0.1	0.000	0.346	0.346
457	  T	  4.0	  0.1	0.000	0.160	0.160
458	  D	  0.6	  0.1	0.000	0.000	0.000
459	  L	  1.5	  0.1	0.000	0.000	0.000
460	  H	  3.6	  0.0	0.000	0.000	0.000
461	  F	  4.7	  0.0	0.000	0.147	0.147
462	  Y	  3.8	  0.3	0.000	0.147	0.147
463	  K	  1.7	  0.3	0.000	0.147	0.147
464	  D	  0.5	  0.3	0.000	0.147	0.147
465	  W	  0.6	  0.4	0.000	0.147	0.147
466	  L	  0.7	  0.4	0.000	0.147	0.147
467	  S	  0.7	  0.7	0.000	0.000	0.000
468	  G	  0.2	  0.7	0.000	0.000	0.000
469	  A	  0.1	  0.6	0.000	0.000	0.000
470	  L	  0.4	  0.5	0.000	0.000	0.000
471	  D	  0.4	  2.9	0.000	0.000	0.000
472	  S	  0.3	  3.0	0.349	0.000	0.000
473	  N	  0.0	  3.0	1.259	0.000	0.000
474	  E	  0.0	  3.4	1.259	0.000	0.000
475	  E	  0.0	  1.7	1.259	0.000	0.000
476	  N	  0.0	  2.4	1.361	0.000	0.000
477	  G	  0.0	  2.3	1.361	0.000	0.000
478	  N	  0.0	  3.0	1.361	0.000	0.000
479	  K	  0.5	  2.0	0.538	0.000	0.000
480	  S	  1.1	  3.0	0.102	0.000	0.000
481	  K	  1.1	  3.0	0.102	0.000	0.000
482	  N	  0.6	  2.3	0.785	0.000	0.000
483	  A	  0.1	  2.3	0.785	0.000	0.000
484	  G	  0.1	  0.6	0.785	0.000	0.000
485	  T	  2.8	  0.6	0.785	0.000	0.000
486	  I	  3.9	  0.3	0.785	0.000	0.000
487	  A	  3.9	  0.4	0.785	0.000	0.000
488	  G	  1.2	  0.4	0.785	0.003	0.003
489	  S	  0.9	  0.4	0.468	0.140	0.140
490	  V	  1.9	  0.1	0.000	12.107	12.107
491	  V	  2.0	  0.2	0.000	14.440	14.440
492	  G	  1.2	  0.2	0.000	15.172	15.172
493	  S	  1.0	  0.2	0.000	23.289	23.289
494	  V	  1.9	  0.2	0.000	88.091	88.091
495	  V	  2.2	  0.1	0.000	93.442	93.442
496	  G	  1.3	  0.1	0.000	93.884	93.884
497	  L	  1.1	  0.1	0.000	98.789	98.789
498	  L	  2.1	  0.1	0.000	99.641	99.641
499	  V	  2.6	  0.0	0.000	99.789	99.789
500	  C	  3.9	  0.0	0.000	99.801	99.801
501	  T	  3.2	  0.0	0.383	99.869	99.869
502	  L	  3.9	  0.0	0.383	99.981	99.981
503	  I	  5.8	  0.0	0.383	99.998	99.998
504	  V	  6.6	  0.0	0.487	99.997	99.997
505	  W	  6.0	  0.0	0.811	99.973	99.973
506	  Y	  3.3	  0.0	0.811	99.492	99.492
507	  F	  3.0	  0.0	1.095	97.807	97.807
508	  Y	  3.5	  0.0	0.930	77.369	77.369
509	  I	  2.9	  0.0	0.930	63.022	63.022
510	  R	  2.1	  0.1	0.930	0.001	0.001
511	  K	  1.2	  0.1	0.930	0.000	0.000
512	  R	  0.9	  0.1	0.722	0.000	0.000
513	  R	  1.3	  0.3	0.208	0.000	0.000
514	  R	  1.1	  0.2	0.000	0.000	0.000
515	  N	  0.9	  0.2	0.000	0.000	0.000
516	  Q	  0.7	  0.2	0.000	0.000	0.000
517	  K	  1.2	  0.0	0.000	0.000	0.000
518	  W	  1.5	  0.1	0.000	0.000	0.000
519	  K	  1.4	  0.1	0.000	0.000	0.000
520	  S	  7.3	  0.1	0.000	0.000	0.000
521	  F	 18.8	  0.1	0.000	0.000	0.000
522	  E	 18.6	  0.0	0.000	0.000	0.000
523	  V	 12.7	  0.2	0.000	0.000	0.000
524	  P	  0.2	  0.2	0.000	0.000	0.000
525	  S	  1.3	  0.8	0.000	0.000	0.000
526	  R	  1.5	  0.9	0.000	0.000	0.000
527	  S	  2.0	  2.2	0.000	0.000	0.000
528	  K	  0.9	  2.2	0.000	0.000	0.000
529	  D	  2.8	  1.6	0.000	0.000	0.000
530	  V	  5.9	  1.5	0.000	0.000	0.000
531	  E	  7.8	  0.0	0.000	0.000	0.000
532	  Y	  6.2	  0.1	0.000	0.000	0.000
533	  N	  2.9	  0.8	0.000	0.000	0.000
534	  N	  0.5	  1.7	0.000	0.000	0.000
535	  N	  0.0	  1.6	0.000	0.000	0.000
536	  D	  0.0	  1.6	0.000	0.000	0.000
537	  N	  0.0	  1.1	0.000	0.000	0.000
538	  P	  0.0	  0.3	0.000	0.000	0.000
539	  F	  0.5	  0.4	0.000	0.000	0.000
540	  N	  0.5	  0.4	0.000	0.000	0.000
541	  N	  0.6	  0.1	0.000	0.000	0.000
542	  E	  2.0	  0.1	0.000	0.000	0.000
543	  F	  4.2	  0.0	0.000	0.000	0.000
544	  D	  4.6	  0.0	0.000	0.000	0.000
545	  F	  4.5	  0.1	0.000	0.000	0.000
546	  Q	  2.6	  0.1	0.000	0.000	0.000
547	  H	  3.7	  0.1	0.000	0.000	0.000
548	  R	  2.0	  0.1	0.000	0.000	0.000
549	  V	  1.7	  0.0	0.000	0.000	0.000
550	  P	  0.0	  0.0	0.000	0.000	0.000
551	  P	  0.0	  0.0	0.000	0.000	0.000
552	  P	  0.0	  0.0	0.000	0.000	0.000
553	  L	  0.0	  0.0	0.000	0.000	0.000
554	  P	  0.0	  0.3	0.177	0.000	0.000
555	  P	  0.0	  0.3	0.177	0.000	0.000
556	  Q	  0.3	  0.4	0.177	0.000	0.000
557	  R	  0.8	  0.6	0.177	0.000	0.000
558	  K	  0.9	  0.3	0.177	0.000	0.000
559	  N	  0.6	  0.8	0.177	0.000	0.000
560	  H	  0.3	  0.8	0.000	0.000	0.000
561	  N	  0.5	  0.6	0.000	0.000	0.000
562	  S	  0.7	  0.7	0.000	0.000	0.000
563	  I	  0.8	  0.2	0.000	0.000	0.000
564	  G	  0.5	  0.2	0.000	0.000	0.000
565	  V	  0.3	  0.2	0.000	0.000	0.000
566	  P	  0.0	  0.5	0.000	0.000	0.000
567	  P	  0.0	  0.7	0.000	0.000	0.000
568	  S	  0.1	  0.8	0.000	0.000	0.000
569	  S	  0.4	  0.8	0.000	0.000	0.000
570	  M	  0.6	  0.3	0.000	0.000	0.000
571	  G	  0.6	  0.2	0.000	0.000	0.000
572	  L	  0.3	  0.2	0.000	0.000	0.000
573	  S	  0.1	  0.2	0.000	0.000	0.000
574	  N	  0.6	  0.2	0.000	0.000	0.000
575	  T	  2.7	  0.3	0.000	0.000	0.000
576	  R	  2.9	  0.2	0.000	0.000	0.000
577	  S	  2.7	  3.0	0.000	0.000	0.000
578	  A	  0.6	  2.9	0.000	0.000	0.000
579	  D	  0.6	  2.8	0.133	0.000	0.000
580	  Y	  1.6	  2.8	0.133	0.000	0.000
581	  H	  2.3	  0.0	0.133	0.000	0.000
582	  M	  3.6	  0.0	0.133	0.000	0.000
583	  R	  3.2	  0.0	0.133	0.000	0.000
584	  F	  8.4	  0.0	0.133	0.216	0.216
585	  S	  7.8	  0.0	0.133	0.216	0.216
586	  Y	  7.7	  0.0	0.000	0.216	0.216
587	  I	  2.3	  0.1	0.000	0.216	0.216
588	  S	  2.2	  0.7	0.000	0.216	0.216
589	  S	  1.7	  0.8	0.000	0.000	0.000
590	  S	  1.6	  1.3	0.000	0.000	0.000
591	  T	  1.3	  1.3	0.000	0.000	0.000
592	  D	  1.0	  2.7	0.000	0.000	0.000
593	  S	  0.6	  5.0	0.000	0.000	0.000
594	  S	  0.1	  6.0	0.000	0.000	0.000
595	  D	  0.1	  5.9	0.000	0.000	0.000
596	  D	  0.6	  4.4	0.000	0.000	0.000
597	  Y	  0.8	  2.2	0.000	0.000	0.000
598	  S	  0.8	  1.3	0.000	0.000	0.000
599	  D	  0.3	  1.3	0.000	0.000	0.000
600	  S	  0.8	  0.8	0.316	0.000	0.000
601	  M	  1.0	  0.6	0.316	0.000	0.000
602	  Q	  1.0	  0.1	0.316	0.000	0.000
603	  S	  0.5	  0.1	0.316	0.000	0.000
604	  A	  0.5	  0.1	0.316	0.000	0.000
605	  L	  3.7	  0.0	0.316	0.000	0.000
606	  H	  4.6	  0.4	0.199	0.000	0.000
607	  I	  4.4	  1.3	0.000	0.000	0.000
608	  G	  1.1	  1.6	0.000	0.000	0.000
609	  S	  0.1	  3.4	0.000	0.000	0.000
610	  D	  0.1	  4.0	0.167	0.000	0.000
611	  S	  0.1	  3.4	0.734	0.000	0.000
612	  G	  0.1	  3.1	0.845	0.000	0.000
613	  R	  0.1	  1.3	0.845	0.000	0.000
614	  E	  0.3	  0.5	0.845	0.000	0.000
615	  R	  0.5	  0.5	0.845	0.000	0.000
616	  S	  0.5	  0.9	0.845	0.000	0.000
617	  N	  0.3	  0.8	0.321	0.000	0.000
618	  D	  0.2	  0.7	0.000	0.000	0.000
619	  V	  0.2	  0.4	0.000	0.000	0.000
620	  P	  0.1	  0.1	0.000	0.000	0.000
621	  E	  0.0	  0.1	0.000	0.000	0.000
622	  M	  0.2	  0.1	0.000	0.000	0.000
623	  G	  0.2	  0.1	0.000	0.000	0.000
624	  Y	  1.2	  0.0	0.000	0.000	0.000
625	  L	  1.1	  0.0	0.000	0.000	0.000
626	  R	  1.3	  0.0	0.000	0.000	0.000
627	  E	  0.4	  0.0	0.000	0.000	0.000
628	  I	  0.4	  0.0	0.000	0.000	0.000
629	  I	  0.2	  0.0	0.000	0.000	0.000
