res	aa	Beta	Turn	Helix	Aggregation	Conc-Stab_Aggregation
01	  M	  0.1	  0.0	0.000	0.000	0.000
02	  S	  0.1	  0.0	0.000	0.000	0.000
03	  E	  0.1	  0.1	0.000	0.000	0.000
04	  P	  0.0	  0.2	0.000	0.000	0.000
05	  Q	  0.5	  0.2	0.000	0.000	0.000
06	  K	  0.5	  0.8	0.000	0.000	0.000
07	  E	  0.6	  0.7	0.000	0.000	0.000
08	  D	  0.2	  0.6	0.000	0.000	0.000
09	  K	  0.2	  0.6	0.000	0.000	0.000
10	  P	  0.0	  0.0	0.000	0.000	0.000
11	  K	  0.0	  0.2	0.000	0.000	0.000
12	  P	  0.0	  0.2	0.000	0.000	0.000
13	  C	  9.3	  0.2	0.000	0.000	0.000
14	  C	 10.1	  0.2	0.000	0.000	0.000
15	  V	 13.3	  0.0	0.000	0.000	0.000
16	  C	  4.3	  0.0	0.000	0.000	0.000
17	  L	  3.5	  0.2	0.000	0.000	0.000
18	  P	  0.2	  0.2	1.654	0.000	0.000
19	  E	  0.1	  0.3	1.654	0.000	0.000
20	  K	  0.2	  0.3	1.654	0.000	0.000
21	  E	  0.3	  0.1	1.654	0.000	0.000
22	  A	  0.2	  0.2	1.654	0.000	0.000
23	  R	  0.1	  0.3	1.654	0.000	0.000
24	  D	  0.2	  0.3	1.532	0.000	0.000
25	  Q	  0.7	  0.3	1.203	0.239	0.239
26	  C	  1.7	  0.1	0.689	0.239	0.239
27	  L	  2.1	  0.0	0.486	0.239	0.239
28	  L	  2.0	  0.1	0.486	0.239	0.239
29	  F	  1.2	  1.2	0.486	0.239	0.239
30	  D	  0.7	  1.2	0.000	0.000	0.000
31	  G	  0.3	  1.3	0.438	0.000	0.000
32	  Q	  0.1	  1.3	0.438	0.000	0.000
33	  E	  0.1	  0.2	0.438	0.000	0.000
34	  S	  0.3	  0.4	4.180	0.000	0.000
35	  A	  0.4	  0.3	4.180	0.000	0.000
36	  K	  1.1	  0.2	4.180	0.000	0.000
37	  C	  1.1	  0.3	5.648	0.000	0.000
38	  K	  1.1	  0.2	5.498	0.000	0.000
39	  E	  0.4	  0.1	5.498	0.000	0.000
40	  L	  0.2	  0.1	4.896	0.000	0.000
41	  I	  0.7	  0.1	4.295	0.000	0.000
42	  E	  0.8	  0.1	4.295	0.000	0.000
43	  K	  1.7	  0.1	4.051	0.000	0.000
44	  Y	  2.0	  0.3	3.416	0.000	0.000
45	  K	  2.8	  0.2	2.267	0.000	0.000
46	  S	  3.0	  0.2	1.202	0.000	0.000
47	  C	  4.6	  0.2	0.651	0.000	0.000
48	  M	  3.8	  0.2	0.343	0.000	0.000
49	  K	  3.2	  0.2	0.343	0.000	0.000
50	  T	  1.7	  0.3	0.000	0.000	0.000
51	  Y	  1.7	  0.3	0.000	0.000	0.000
52	  G	  1.3	  0.1	0.000	0.000	0.000
53	  F	  3.0	  0.1	0.000	0.000	0.000
54	  N	  2.8	  0.0	0.000	0.000	0.000
55	  I	  2.7	  0.0	0.000	0.000	0.000
