res	aa	Beta	Turn	Helix	Aggregation	Conc-Stab_Aggregation
01	  M	  0.3	  0.0	0.000	0.000	0.000
02	  L	  1.1	  0.0	0.000	0.109	0.109
03	  K	  1.6	  0.0	0.000	0.116	0.116
04	  F	  1.6	  0.2	0.000	78.166	78.166
05	  A	  1.6	  0.2	0.000	84.194	84.194
06	  T	  3.7	  0.2	1.662	87.632	87.632
07	  I	  4.4	  0.2	1.662	93.331	93.331
08	  A	  4.1	  0.0	1.662	93.822	93.822
09	  S	  1.7	  0.0	3.212	94.378	94.378
10	  I	  1.4	  0.0	3.212	98.500	98.500
11	  L	  1.3	  0.0	3.319	98.790	98.790
12	  A	  1.4	  0.0	3.319	98.560	98.560
13	  V	  3.9	  0.0	3.215	98.354	98.354
14	  A	  3.7	  0.0	3.215	95.659	95.659
15	  L	  3.4	  0.0	2.840	92.984	92.984
16	  A	  0.2	  0.4	2.565	77.385	77.385
17	  A	  0.1	  0.4	1.867	35.570	35.570
18	  D	  0.0	  0.4	1.169	0.116	0.116
19	  N	  0.0	  0.8	0.609	0.000	0.000
20	  P	  0.0	  0.3	0.229	0.000	0.000
21	  W	  0.2	  0.4	0.229	0.000	0.000
22	  A	  1.5	  0.4	0.229	0.000	0.000
23	  T	  2.4	  0.1	0.229	0.000	0.000
24	  Y	  2.2	  0.9	0.229	0.000	0.000
25	  P	  0.8	  0.8	0.000	0.000	0.000
26	  S	  0.6	  0.8	0.120	0.000	0.000
27	  V	  1.3	  0.8	0.120	0.000	0.000
28	  A	  1.3	  0.1	0.120	0.000	0.000
29	  K	  1.1	  0.1	0.120	0.000	0.000
30	  T	  3.0	  0.2	0.120	0.000	0.000
31	  A	  3.4	  0.2	0.120	0.000	0.000
32	  S	  6.5	  1.1	0.120	0.000	0.000
33	  I	  4.8	  3.2	0.000	0.000	0.000
34	  N	  4.4	  3.1	0.000	0.000	0.000
35	  G	  1.0	  3.1	0.000	0.000	0.000
36	  L	  0.1	  2.1	0.000	0.000	0.000
37	  A	  0.1	  0.0	0.000	0.000	0.000
38	  D	  0.1	  0.0	0.285	0.000	0.000
39	  P	  0.0	  0.0	0.285	0.000	0.000
40	  I	  0.3	  0.0	0.285	0.000	0.000
41	  Y	  0.7	  0.1	0.285	0.000	0.000
42	  D	  0.7	  0.1	0.285	0.000	0.000
43	  K	  0.5	  0.1	0.285	0.000	0.000
44	  L	  0.1	  0.4	0.119	0.000	0.000
45	  P	  0.1	  0.3	0.262	0.000	0.000
46	  E	  0.2	  0.3	0.262	0.000	0.000
47	  C	  1.1	  0.5	0.262	0.000	0.000
48	  A	  1.2	  0.4	0.262	0.000	0.000
49	  K	  1.9	  0.3	0.262	0.000	0.000
50	  S	  3.6	  0.3	0.262	0.000	0.000
51	  C	  9.4	  0.2	0.000	0.000	0.000
52	  F	  9.0	  0.0	0.000	0.000	0.000
53	  A	  6.6	  0.3	0.000	0.000	0.000
54	  A	  0.8	  0.3	0.000	0.000	0.000
55	  D	  0.8	  0.6	0.000	0.000	0.000
56	  V	  2.2	  0.6	0.000	0.000	0.000
57	  S	  2.6	  0.3	0.000	0.000	0.000
58	  S	  1.9	  0.3	0.000	0.000	0.000
59	  T	  0.6	  0.0	0.000	0.000	0.000
60	  P	  0.1	  0.0	0.000	0.000	0.000
61	  C	  0.0	  0.4	0.000	0.000	0.000
62	  P	  0.0	  0.4	0.000	0.000	0.000
63	  Y	  1.1	  0.4	0.000	0.000	0.000
64	  W	  1.4	  0.6	0.000	0.000	0.000
65	  D	  1.4	  0.8	0.000	0.000	0.000
66	  T	  0.4	  1.2	0.000	0.000	0.000
67	  G	  0.1	  1.1	0.000	0.000	0.000
68	  C	  1.2	  1.0	0.000	0.205	0.205
69	  L	  1.9	  0.4	0.000	0.205	0.205
70	  C	  3.6	  0.0	0.000	0.205	0.205
71	  V	  8.0	  0.0	0.000	0.205	0.205
72	  M	  7.3	  0.0	0.000	0.205	0.205
73	  Q	  5.7	  0.0	0.000	0.000	0.000
74	  P	  0.1	  0.1	0.000	0.000	0.000
75	  W	  0.2	  0.1	0.000	0.000	0.000
76	  S	  0.2	  0.2	0.000	0.000	0.000
77	  G	  0.2	  0.2	0.000	0.000	0.000
78	  P	  0.0	  0.0	0.000	0.000	0.000
79	  V	  0.5	  0.3	0.000	0.000	0.000
80	  A	  0.6	  0.4	0.000	0.000	0.000
81	  G	  0.6	  0.4	0.000	0.000	0.000
82	  C	  9.8	  0.4	0.000	0.000	0.000
83	  I	  9.9	  0.3	0.000	0.000	0.000
84	  A	  9.9	  0.5	0.000	0.000	0.000
85	  D	  0.1	  0.5	0.000	0.000	0.000
86	  N	  0.4	  0.5	0.000	0.000	0.000
87	  C	  0.4	  0.7	0.000	0.000	0.000
88	  K	  0.4	  1.1	0.000	0.000	0.000
89	  G	  0.1	  1.1	0.000	0.000	0.000
90	  N	  0.1	  1.1	0.000	0.000	0.000
91	  D	  1.0	  0.7	0.000	0.000	0.000
92	  V	 13.0	  0.1	0.000	67.581	67.581
93	  V	 16.8	  0.0	0.000	72.608	72.608
94	  V	 16.8	  0.0	0.000	73.581	73.581
95	  A	  5.2	  0.0	0.000	73.643	73.643
96	  T	  1.5	  0.1	0.097	73.716	73.716
97	  S	  0.7	  0.1	0.097	67.456	67.456
98	  L	  0.9	  0.1	0.097	66.607	66.607
99	  A	  1.0	  0.0	0.097	61.646	61.646
100	  V	  2.7	  0.1	0.097	57.443	57.443
101	  S	  2.7	  0.1	0.266	6.413	6.413
102	  Q	  2.7	  0.1	0.170	0.521	0.521
103	  C	  2.7	  0.2	0.170	0.298	0.298
104	  S	  2.6	  0.1	0.170	0.033	0.033
105	  K	  2.5	  0.1	0.170	0.000	0.000
106	  V	  1.1	  0.1	0.170	0.000	0.000
107	  G	  0.8	  0.0	0.170	0.000	0.000
108	  V	  6.0	  0.0	0.000	0.000	0.000
109	  W	  6.0	  0.0	0.000	0.000	0.000
110	  E	  6.0	  0.0	0.000	0.000	0.000
111	  P	  0.4	  0.0	0.000	0.000	0.000
112	  Y	  1.0	  0.0	0.000	0.000	0.000
113	  F	  2.1	  0.0	0.000	0.000	0.000
114	  I	  2.2	  0.0	0.000	0.000	0.000
115	  Y	  1.2	  0.9	0.000	0.000	0.000
116	  P	  0.1	  1.0	0.000	0.000	0.000
117	  D	  0.3	  1.0	0.000	0.000	0.000
118	  H	  3.5	  1.0	0.000	0.000	0.000
119	  Y	  4.9	  0.2	0.000	0.000	0.000
120	  S	  5.4	  0.9	0.000	0.000	0.000
121	  S	  2.3	  0.9	0.128	0.000	0.000
122	  S	  5.9	  1.3	0.870	0.000	0.000
123	  L	  5.7	  1.2	0.983	0.000	0.000
124	  S	  5.7	  0.4	3.577	0.000	0.000
125	  A	  0.7	  0.4	3.577	0.000	0.000
126	  A	  0.1	  0.0	3.577	0.000	0.000
127	  A	  0.1	  0.0	3.577	0.000	0.000
128	  A	  0.1	  0.0	3.460	0.000	0.000
129	  Q	  0.2	  0.1	3.269	0.000	0.000
130	  T	  0.5	  0.1	0.173	0.000	0.000
131	  E	  5.4	  0.1	0.173	0.000	0.000
132	  V	  6.0	  0.0	0.000	0.000	0.000
133	  E	  5.7	  0.1	0.000	0.000	0.000
134	  P	  0.7	  0.2	0.000	0.000	0.000
135	  T	  1.3	  0.3	0.000	0.000	0.000
136	  S	  1.4	  0.3	0.000	0.000	0.000
137	  S	  1.5	  0.2	0.000	0.000	0.000
138	  A	  0.3	  0.1	0.000	0.000	0.000
139	  P	  0.1	  0.0	0.000	0.000	0.000
140	  A	  0.0	  0.4	0.000	0.000	0.000
141	  P	  0.0	  0.6	0.000	0.000	0.000
142	  S	  0.9	  1.4	0.000	0.000	0.000
143	  S	  1.0	  1.5	0.000	0.000	0.000
144	  S	  1.0	  1.1	0.300	0.000	0.000
145	  E	  0.1	  1.0	0.300	0.000	0.000
146	  E	  0.1	  0.3	0.300	0.000	0.000
147	  E	  0.3	  0.2	0.300	0.000	0.000
148	  S	  0.6	  0.1	0.300	0.000	0.000
149	  F	  0.6	  0.1	0.300	0.000	0.000
150	  P	  0.3	  0.0	0.000	0.000	0.000
151	  I	  1.1	  0.0	0.000	0.000	0.000
152	  A	  1.2	  0.0	0.000	0.000	0.000
153	  S	  2.0	  0.2	0.000	0.000	0.000
154	  A	  1.1	  0.2	0.000	0.000	0.000
155	  T	  2.2	  0.3	0.000	0.000	0.000
156	  S	  1.7	  0.4	0.000	0.000	0.000
157	  S	  1.7	  0.2	0.000	0.000	0.000
158	  Q	  0.5	  0.2	0.000	0.000	0.000
159	  V	  0.3	  0.1	0.000	0.000	0.000
160	  P	  0.1	  0.0	0.000	0.000	0.000
161	  S	  0.0	  0.1	0.218	0.000	0.000
162	  P	  0.0	  0.1	0.218	0.000	0.000
163	  A	  0.0	  0.3	0.218	0.000	0.000
164	  E	  0.1	  0.3	0.218	0.000	0.000
165	  S	  1.7	  0.2	0.218	0.000	0.000
166	  S	  1.7	  0.2	0.218	0.000	0.000
167	  S	  1.7	  0.2	0.000	0.000	0.000
168	  P	  0.0	  0.1	0.000	0.000	0.000
169	  A	  0.4	  0.1	0.000	0.000	0.000
170	  I	  3.0	  0.1	0.000	0.000	0.000
171	  T	  5.3	  0.0	0.000	0.000	0.000
172	  S	  4.9	  0.0	0.000	0.000	0.000
173	  S	  2.5	  0.1	0.000	0.000	0.000
174	  P	  0.0	  0.1	0.000	0.000	0.000
175	  A	  0.5	  0.1	0.000	0.000	0.000
176	  V	  1.8	  0.2	0.000	0.000	0.000
177	  S	  1.8	  1.7	0.000	0.000	0.000
178	  S	  1.3	  1.7	0.000	0.000	0.000
179	  D	  1.1	  1.7	0.000	0.000	0.000
180	  V	  4.9	  1.6	0.000	0.000	0.000
181	  V	  5.4	  0.0	0.000	0.000	0.000
182	  E	  4.5	  0.1	0.000	0.000	0.000
183	  T	  1.9	  0.2	0.000	0.000	0.000
184	  S	  2.1	  1.0	0.000	0.000	0.000
185	  S	  2.9	  1.7	0.000	0.000	0.000
186	  S	  2.5	  2.5	0.000	0.000	0.000
187	  S	  2.5	  3.2	0.000	0.000	0.000
188	  S	  2.5	  3.2	0.000	0.000	0.000
189	  S	  1.8	  2.5	0.000	0.000	0.000
190	  S	  1.5	  2.9	0.000	0.000	0.000
191	  K	  1.0	  2.2	0.000	0.000	0.000
192	  N	  4.0	  1.3	0.389	0.000	0.000
193	  I	  4.4	  1.2	0.389	0.000	0.000
194	  R	  4.3	  0.0	0.389	0.000	0.000
195	  T	  3.6	  0.2	0.389	0.000	0.000
196	  A	  3.0	  0.2	0.389	0.000	0.000
197	  S	  6.3	  1.1	0.389	0.000	0.000
198	  I	  4.8	  2.8	0.000	0.000	0.000
199	  N	  4.4	  2.7	0.000	0.000	0.000
200	  G	  1.1	  2.7	0.000	0.000	0.000
201	  F	  0.6	  1.7	0.000	0.000	0.000
202	  A	  0.6	  0.0	0.000	0.000	0.000
203	  D	  0.4	  0.0	0.137	0.000	0.000
204	  P	  0.0	  0.0	0.137	0.000	0.000
205	  I	  0.3	  0.0	0.137	0.000	0.000
206	  Y	  1.3	  0.1	0.137	0.000	0.000
207	  D	  1.3	  0.1	0.137	0.000	0.000
208	  Q	  1.1	  0.1	0.137	0.000	0.000
209	  L	  0.1	  0.4	0.000	0.000	0.000
210	  P	  0.1	  0.3	0.000	0.000	0.000
211	  Q	  0.2	  0.3	0.000	0.000	0.000
212	  C	  2.2	  0.3	0.000	0.000	0.000
213	  A	  2.2	  0.0	0.000	0.000	0.000
214	  Q	  2.0	  0.0	0.000	0.000	0.000
215	  P	  0.0	  0.0	0.000	0.000	0.000
216	  C	  0.5	  0.0	0.000	0.000	0.000
217	  V	  2.2	  0.0	0.000	0.000	0.000
218	  T	  2.4	  0.0	0.000	0.000	0.000
219	  R	  2.2	  0.0	0.000	0.000	0.000
220	  A	  0.6	  0.1	0.000	0.000	0.000
221	  T	  1.7	  0.2	0.000	0.000	0.000
222	  S	  2.0	  0.1	0.000	0.000	0.000
223	  S	  1.9	  0.1	0.000	0.000	0.000
224	  T	  0.6	  0.1	0.000	0.000	0.000
225	  P	  0.1	  0.0	0.000	0.000	0.000
226	  C	  0.0	  0.3	0.000	0.000	0.000
227	  P	  0.0	  0.3	0.000	0.000	0.000
228	  Y	  1.1	  0.4	0.000	0.000	0.000
229	  W	  1.5	  0.5	0.000	0.000	0.000
230	  D	  1.5	  2.2	0.000	0.000	0.000
231	  A	  0.5	  2.5	0.000	0.000	0.000
232	  G	  0.0	  2.4	0.000	0.000	0.000
233	  C	  1.2	  2.3	0.000	0.201	0.201
234	  L	  1.9	  0.3	0.000	0.320	0.320
235	  C	  3.6	  0.0	0.000	0.320	0.320
236	  V	  5.7	  0.0	0.000	0.320	0.320
237	  M	  5.0	  0.5	0.000	0.320	0.320
238	  S	  3.3	  0.5	0.000	0.119	0.119
239	  N	  0.1	  0.7	0.000	0.000	0.000
240	  W	  0.1	  0.7	0.000	0.000	0.000
241	  G	  0.1	  0.2	0.000	0.000	0.000
242	  N	  0.1	  0.2	0.000	0.000	0.000
243	  P	  0.0	  0.2	0.000	0.000	0.000
244	  V	  0.1	  0.3	0.000	0.000	0.000
245	  G	  0.1	  0.3	0.210	0.000	0.000
246	  E	  0.2	  0.3	0.210	0.000	0.000
247	  C	  9.9	  0.1	0.449	0.000	0.000
248	  I	 10.2	  0.0	0.449	0.000	0.000
249	  A	 10.1	  0.4	0.449	0.000	0.000
250	  E	  0.4	  0.4	0.449	0.000	0.000
251	  N	  0.4	  0.4	0.343	0.000	0.000
252	  C	  0.5	  1.3	0.239	0.000	0.000
253	  K	  0.4	  1.0	0.136	0.000	0.000
254	  G	  0.1	  1.4	0.000	0.000	0.000
255	  A	  0.1	  1.4	0.000	0.000	0.000
256	  D	  0.9	  0.8	0.000	0.000	0.000
257	  V	  2.1	  0.8	0.000	0.000	0.000
258	  S	  2.1	  0.4	0.573	0.000	0.000
259	  S	  2.1	  0.6	0.933	0.000	0.000
260	  A	  0.9	  0.4	0.933	0.000	0.000
261	  T	  0.9	  0.3	0.933	0.000	0.000
262	  D	  0.2	  0.3	0.933	0.000	0.000
263	  L	  0.4	  0.1	0.933	0.000	0.000
264	  A	  0.7	  0.0	0.778	0.000	0.000
265	  F	  1.0	  0.4	0.778	0.000	0.000
266	  S	  0.8	  0.4	0.246	0.000	0.000
267	  N	  1.6	  0.4	0.696	0.000	0.000
268	  C	  3.7	  0.5	0.865	0.000	0.000
269	  R	  3.7	  0.1	0.865	0.000	0.000
270	  A	  2.5	  0.2	0.865	0.000	0.000
271	  A	  0.1	  0.3	0.865	0.000	0.000
272	  G	  0.1	  0.3	0.745	0.000	0.000
273	  L	  0.8	  0.3	0.352	0.000	0.000
274	  T	  2.1	  0.1	0.000	0.000	0.000
275	  A	  2.1	  0.0	0.000	0.000	0.000
276	  Y	  1.4	  0.2	0.000	0.000	0.000
277	  P	  0.0	  0.2	0.000	0.000	0.000
278	  E	  0.5	  0.2	0.000	0.000	0.000
279	  W	  1.6	  0.3	0.000	0.000	0.000
280	  R	  1.7	  0.1	0.000	0.000	0.000
281	  L	  1.2	  0.3	0.000	3.120	3.120
282	  G	  0.1	  0.3	0.000	3.566	3.566
283	  T	  0.8	  0.2	0.000	4.601	4.601
284	  S	  1.9	  0.2	0.000	6.320	6.320
285	  V	  6.0	  0.0	0.000	18.021	18.021
286	  I	  8.4	  0.0	0.000	18.021	18.021
287	  S	  7.5	  0.0	3.107	17.907	17.907
288	  L	  3.8	  0.0	3.107	17.907	17.907
289	  L	  0.7	  0.0	3.361	17.055	17.055
290	  D	  0.5	  0.1	6.702	0.000	0.000
291	  A	  0.2	  0.1	6.702	0.000	0.000
292	  A	  0.1	  0.1	6.702	0.000	0.000
293	  A	  0.1	  0.1	6.034	0.000	0.000
294	  A	  0.2	  0.0	5.512	0.000	0.000
295	  T	  0.5	  0.0	4.919	0.000	0.000
296	  A	  0.4	  0.0	4.801	0.000	0.000
297	  A	  0.4	  0.0	4.030	0.000	0.000
298	  A	  0.3	  0.0	2.164	0.000	0.000
299	  T	  0.6	  0.1	0.893	0.000	0.000
300	  S	  0.9	  0.2	0.893	0.000	0.000
301	  A	  0.8	  0.3	0.291	0.000	0.000
302	  E	  0.4	  0.3	0.109	0.000	0.000
303	  S	  1.0	  1.0	0.000	0.000	0.000
304	  S	  1.7	  1.5	0.000	0.000	0.000
305	  S	  1.7	  1.4	0.000	0.000	0.000
306	  S	  1.4	  1.3	0.000	0.000	0.000
307	  I	  3.5	  0.6	0.000	0.000	0.000
308	  V	 15.4	  0.0	0.000	0.000	0.000
309	  S	 15.0	  0.0	0.000	0.000	0.000
310	  V	 12.5	  0.0	0.000	0.000	0.000
311	  P	  0.2	  0.0	0.000	0.000	0.000
312	  V	  6.2	  0.0	0.000	0.000	0.000
313	  V	  6.3	  0.0	0.000	0.000	0.000
314	  N	  6.3	  1.7	0.000	0.000	0.000
315	  P	  0.2	  1.7	0.000	0.000	0.000
316	  S	  5.3	  2.0	0.000	0.000	0.000
317	  L	  8.6	  2.0	0.000	0.000	0.000
318	  S	  8.7	  0.4	0.000	0.000	0.000
319	  L	  3.8	  0.5	0.000	0.000	0.000
320	  P	  0.1	  0.2	0.000	0.000	0.000
321	  T	  0.0	  0.2	0.000	0.000	0.000
322	  E	  0.0	  0.3	0.000	0.000	0.000
323	  P	  0.0	  0.2	0.000	0.000	0.000
324	  T	  1.3	  0.3	0.000	0.000	0.000
325	  S	  1.5	  0.3	0.000	0.000	0.000
326	  S	  2.0	  0.2	0.000	0.000	0.000
327	  V	  2.2	  0.1	0.000	0.000	0.000
328	  A	  2.1	  0.1	0.000	0.000	0.000
329	  Q	  1.5	  0.1	0.000	0.000	0.000
330	  S	  3.0	  1.1	0.000	0.000	0.000
331	  A	  3.1	  1.2	0.000	0.000	0.000
332	  S	  3.2	  1.2	0.000	0.000	0.000
333	  S	  4.0	  1.1	0.000	0.000	0.000
334	  V	  5.2	  0.2	0.000	0.000	0.000
335	  E	  5.1	  0.1	0.000	0.000	0.000
336	  S	  1.5	  0.2	0.678	0.000	0.000
337	  S	  0.2	  0.2	1.177	0.000	0.000
338	  A	  0.2	  0.1	1.177	0.000	0.000
339	  A	  0.2	  0.2	1.177	0.000	0.000
340	  A	  0.3	  0.3	1.177	0.000	0.000
341	  S	  0.3	  0.3	1.325	0.000	0.000
342	  S	  0.3	  0.3	0.817	0.000	0.000
343	  A	  0.3	  0.3	0.281	0.000	0.000
344	  A	  0.3	  0.3	0.281	0.000	0.000
345	  S	  0.3	  0.3	0.281	0.000	0.000
346	  S	  0.4	  0.3	0.148	0.000	0.000
347	  A	  0.3	  0.2	0.000	0.000	0.000
348	  A	  0.2	  0.5	0.000	0.000	0.000
349	  P	  0.0	  0.5	0.000	0.000	0.000
350	  S	  0.4	  0.6	0.000	0.000	0.000
351	  A	  0.4	  0.8	0.000	0.000	0.000
352	  E	  0.5	  0.4	0.000	0.000	0.000
353	  S	  0.2	  0.4	0.184	0.000	0.000
354	  S	  0.2	  0.3	0.184	0.000	0.000
355	  A	  0.3	  0.1	0.184	0.000	0.000
356	  A	  0.8	  0.0	0.184	0.000	0.000
357	  V	  2.0	  0.1	0.184	0.000	0.000
358	  S	  1.9	  0.1	0.297	0.000	0.000
359	  S	  1.5	  0.1	0.422	0.000	0.000
360	  A	  0.3	  0.3	0.422	0.000	0.000
361	  A	  0.3	  0.3	0.422	0.000	0.000
362	  S	  0.3	  0.2	0.422	0.000	0.000
363	  A	  0.4	  0.2	0.422	0.000	0.000
364	  A	  0.8	  0.0	0.310	0.000	0.000
365	  V	  2.0	  0.1	0.128	0.000	0.000
366	  S	  1.9	  0.1	0.547	0.000	0.000
367	  S	  1.5	  0.1	1.176	0.000	0.000
368	  A	  0.3	  0.3	1.176	0.000	0.000
369	  A	  0.3	  0.3	1.176	0.000	0.000
370	  S	  0.3	  0.2	1.435	0.000	0.000
371	  A	  0.3	  0.2	1.435	0.000	0.000
372	  A	  0.2	  0.2	1.322	0.000	0.000
373	  A	  0.3	  0.3	1.139	0.000	0.000
374	  S	  0.3	  0.3	0.811	0.000	0.000
375	  S	  0.6	  2.8	0.260	0.000	0.000
376	  A	  0.5	  2.7	0.000	0.000	0.000
377	  D	  0.4	  3.4	0.196	0.000	0.000
378	  S	  0.1	  3.4	0.627	0.000	0.000
379	  S	  0.2	  0.9	0.829	0.000	0.000
380	  L	  0.3	  0.8	0.829	0.000	0.000
381	  A	  0.3	  0.2	0.829	0.000	0.000
382	  A	  0.3	  0.3	0.829	0.000	0.000
383	  S	  0.3	  0.3	0.947	0.000	0.000
384	  S	  0.3	  0.3	0.432	0.000	0.000
385	  A	  0.3	  0.3	0.230	0.000	0.000
386	  A	  0.2	  0.2	0.230	0.000	0.000
387	  S	  0.3	  1.5	0.230	0.000	0.000
388	  E	  0.2	  1.9	0.230	0.000	0.000
389	  S	  0.2	  1.8	0.113	0.000	0.000
390	  N	  0.0	  1.8	0.000	0.000	0.000
391	  G	  0.0	  0.6	0.000	0.000	0.000
392	  P	  0.0	  0.3	0.000	0.000	0.000
393	  A	  0.1	  0.3	0.000	0.000	0.000
394	  S	  0.5	  0.3	0.240	0.000	0.000
395	  T	 11.1	  0.2	0.240	0.000	0.000
396	  V	 13.8	  0.1	0.240	0.000	0.000
397	  T	 15.8	  0.2	0.240	0.000	0.000
398	  A	  5.4	  0.2	0.240	0.000	0.000
399	  S	  2.9	  0.3	0.240	0.000	0.000
400	  S	  0.8	  0.4	0.000	0.000	0.000
401	  T	  2.5	  0.2	0.000	0.000	0.000
402	  H	  2.3	  0.2	0.000	0.000	0.000
403	  S	  1.9	  0.1	0.000	0.000	0.000
404	  E	  0.3	  0.1	0.000	0.000	0.000
405	  I	  3.8	  0.1	0.000	12.994	12.994
406	  V	 12.1	  0.0	0.000	12.994	12.994
407	  T	 21.5	  0.0	0.000	12.994	12.994
408	  I	 19.9	  0.0	0.000	12.994	12.994
409	  T	 13.7	  0.1	0.000	12.994	12.994
410	  S	  8.7	  0.4	0.104	0.631	0.631
411	  C	  6.9	  0.5	0.104	0.000	0.000
412	  D	  5.3	  3.8	0.104	0.000	0.000
413	  E	  0.2	  3.8	0.104	0.000	0.000
414	  N	  0.2	  3.5	0.104	0.000	0.000
415	  K	  0.8	  3.4	0.104	0.000	0.000
416	  C	  2.6	  0.0	0.000	0.000	0.000
417	  V	  3.1	  0.1	0.000	0.000	0.000
418	  E	  2.4	  0.0	0.000	0.000	0.000
419	  T	  5.3	  0.1	0.000	0.749	0.749
420	  L	  4.9	  0.1	0.000	1.216	1.216
421	  S	  5.3	  0.1	0.000	1.216	1.216
422	  T	 10.9	  0.1	0.000	1.216	1.216
423	  V	 12.3	  0.1	0.000	1.216	1.216
424	  T	 13.2	  0.1	0.000	0.749	0.749
425	  K	  3.1	  0.1	0.000	0.000	0.000
426	  T	  1.5	  0.2	0.000	0.000	0.000
427	  N	  0.2	  0.3	0.000	0.000	0.000
428	  E	  0.6	  0.2	0.000	0.000	0.000
429	  H	  1.4	  0.2	0.000	0.000	0.000
430	  T	  2.0	  0.2	0.000	0.000	0.000
431	  K	  2.6	  0.0	0.000	0.000	0.000
432	  I	  5.3	  0.0	0.000	22.151	22.151
433	  V	 12.8	  0.0	0.000	22.817	22.817
434	  T	 21.1	  0.0	0.000	22.817	22.817
435	  I	 19.6	  0.0	0.000	22.817	22.817
436	  T	 13.6	  0.1	0.000	22.817	22.817
437	  S	  8.9	  0.6	0.000	9.011	9.011
438	  C	  7.1	  0.9	0.000	0.686	0.686
439	  D	  5.5	  1.0	0.000	0.000	0.000
440	  D	  0.2	  1.0	0.000	0.000	0.000
441	  H	  0.8	  0.6	0.000	0.000	0.000
442	  K	  1.5	  0.2	0.000	0.000	0.000
443	  C	  3.3	  0.1	0.000	0.000	0.000
444	  V	  3.2	  0.1	0.000	0.000	0.000
445	  E	  2.5	  0.0	0.000	0.000	0.000
446	  T	  5.3	  0.1	0.000	0.746	0.746
447	  L	  4.9	  0.1	0.000	1.211	1.211
448	  S	  5.3	  0.1	0.428	1.211	1.211
449	  T	 10.9	  0.1	0.428	1.211	1.211
450	  V	 12.3	  0.1	0.428	1.211	1.211
451	  T	 12.9	  0.0	0.428	0.746	0.746
452	  K	  2.7	  0.0	0.428	0.000	0.000
453	  A	  1.1	  0.0	0.428	0.000	0.000
454	  P	  0.0	  0.0	0.000	0.000	0.000
455	  A	  0.0	  0.1	0.000	0.000	0.000
456	  P	  0.0	  0.2	0.000	0.000	0.000
457	  K	  0.8	  0.2	0.000	0.000	0.000
458	  T	  2.3	  0.2	0.000	0.436	0.436
459	  T	  4.2	  0.1	0.000	0.767	0.767
460	  T	 14.0	  0.0	0.000	0.767	0.767
461	  V	 15.1	  0.0	0.000	0.767	0.767
462	  T	 13.9	  0.0	0.000	0.767	0.767
463	  A	  3.5	  0.0	0.000	0.532	0.532
464	  E	  0.8	  0.1	0.000	0.000	0.000
465	  P	  0.0	  0.2	0.000	0.000	0.000
466	  E	  0.1	  0.2	0.000	0.000	0.000
467	  C	  1.0	  0.2	0.000	0.000	0.000
468	  I	 18.4	  0.0	0.000	0.000	0.000
469	  T	 27.2	  0.0	0.000	0.000	0.000
470	  V	 26.8	  0.0	0.000	0.000	0.000
471	  T	 10.8	  0.0	0.000	0.000	0.000
472	  E	  0.8	  0.0	0.000	0.000	0.000
473	  C	  2.8	  0.0	0.245	0.000	0.000
474	  I	  2.9	  0.1	0.245	0.000	0.000
475	  E	  2.8	  0.1	0.245	0.000	0.000
476	  E	  0.2	  0.1	0.245	0.000	0.000
477	  E	  1.1	  0.1	0.245	0.000	0.000
478	  C	  1.1	  0.3	0.245	0.000	0.000
479	  K	  1.7	  0.2	0.245	0.000	0.000
480	  T	  4.2	  0.2	0.110	0.000	0.000
481	  Y	  5.3	  0.2	0.110	0.124	0.124
482	  A	  5.2	  0.0	0.000	0.124	0.124
483	  V	  2.5	  0.0	0.000	0.124	0.124
484	  S	  2.0	  0.1	0.000	0.124	0.124
485	  T	  3.6	  0.1	0.000	0.124	0.124
486	  T	  3.5	  0.1	0.000	0.124	0.124
487	  Q	  4.5	  0.0	0.000	0.304	0.304
488	  I	  5.6	  0.0	0.000	4.638	4.638
489	  T	  6.5	  0.0	0.000	4.638	4.638
490	  T	  6.7	  0.0	0.000	4.638	4.638
491	  T	  7.5	  0.0	0.000	4.638	4.638
492	  V	  6.2	  0.0	0.000	4.638	4.638
493	  D	  4.3	  0.0	0.000	0.000	0.000
494	  K	  6.4	  0.0	0.000	0.152	0.152
495	  V	  6.7	  0.0	0.000	0.152	0.152
496	  E	  6.6	  0.0	0.000	0.152	0.152
497	  T	  5.8	  0.0	0.000	1.649	1.649
498	  V	 10.3	  0.0	0.000	2.583	2.583
499	  Y	 11.6	  0.0	0.000	2.583	2.583
500	  V	  7.3	  0.1	0.000	2.583	2.583
501	  S	  2.8	  0.1	0.000	2.431	2.431
502	  T	  7.1	  0.1	0.000	1.497	1.497
503	  C	  7.0	  0.2	0.000	0.000	0.000
504	  T	  6.4	  0.2	0.000	0.000	0.000
505	  D	  0.8	  0.2	0.000	0.000	0.000
506	  E	  4.2	  0.2	0.000	0.000	0.000
507	  I	  7.5	  0.0	0.000	0.000	0.000
508	  H	  9.4	  0.0	0.000	0.000	0.000
509	  V	  5.9	  0.0	0.000	0.000	0.000
510	  E	  2.5	  0.0	0.000	0.000	0.000
511	  T	  1.3	  0.1	0.000	0.000	0.000
512	  S	  2.5	  0.3	0.000	0.000	0.000
513	  T	  3.3	  0.3	0.000	0.000	0.000
514	  S	 12.7	  0.7	0.000	0.000	0.000
515	  V	 11.5	  0.7	0.000	0.000	0.000
516	  S	 10.7	  0.7	0.000	0.000	0.000
517	  G	  0.7	  0.8	0.000	0.000	0.000
518	  T	  1.4	  0.3	0.000	0.000	0.000
519	  K	  2.0	  0.3	0.000	0.000	0.000
520	  T	  5.5	  0.1	0.000	0.000	0.000
521	  I	  6.6	  0.1	0.000	0.000	0.000
522	  E	  6.4	  0.0	0.000	0.000	0.000
523	  M	  6.3	  0.0	0.000	1.510	1.510
524	  T	 13.2	  0.0	0.000	2.079	2.079
525	  V	 18.4	  0.0	0.000	2.079	2.079
526	  T	 17.5	  0.0	0.000	2.079	2.079
527	  L	 13.1	  0.0	0.000	2.079	2.079
528	  T	  7.6	  0.0	0.000	1.268	1.268
529	  V	  5.2	  0.0	0.000	0.380	0.380
530	  P	  0.5	  0.0	0.000	0.000	0.000
531	  R	  0.2	  0.1	0.000	0.000	0.000
532	  K	  0.4	  0.2	0.000	0.000	0.000
533	  S	  0.4	  0.2	0.941	0.000	0.000
534	  E	  0.3	  0.2	0.941	0.000	0.000
535	  A	  0.1	  0.1	0.941	0.000	0.000
536	  A	  0.2	  0.2	0.941	0.000	0.000
537	  K	  0.3	  0.2	0.941	0.000	0.000
538	  S	  0.3	  0.3	1.293	0.000	0.000
539	  S	  0.3	  0.3	0.796	0.000	0.000
540	  A	  0.3	  0.2	0.477	0.000	0.000
541	  A	  0.9	  0.0	0.477	0.000	0.000
542	  V	  2.3	  0.0	0.477	0.000	0.000
543	  K	  2.5	  0.0	0.477	0.000	0.000
544	  T	  1.9	  0.0	0.125	0.000	0.000
545	  S	  0.4	  0.5	0.125	0.000	0.000
546	  P	  0.1	  0.5	0.000	0.000	0.000
547	  T	  0.9	  0.5	0.000	1.048	1.048
548	  S	  1.5	  0.5	0.170	2.790	2.790
549	  V	  2.7	  0.0	0.170	10.801	10.801
550	  A	  1.9	  0.0	0.170	11.050	11.050
551	  A	  1.7	  0.0	0.170	11.050	11.050
552	  V	  1.6	  0.0	0.170	11.050	11.050
553	  A	  1.8	  0.0	0.170	9.867	9.867
554	  T	  1.5	  0.0	0.000	3.864	3.864
555	  S	  0.4	  0.0	0.000	0.000	0.000
556	  P	  0.1	  0.0	0.000	0.000	0.000
557	  A	  0.0	  0.0	0.000	0.000	0.000
558	  P	  0.0	  0.0	0.000	0.000	0.000
559	  A	  0.0	  0.5	0.000	0.000	0.000
560	  P	  0.0	  0.6	0.000	0.000	0.000
561	  S	  0.1	  0.6	0.000	0.000	0.000
562	  K	  0.4	  0.6	0.000	0.000	0.000
563	  A	  0.4	  0.1	0.000	0.000	0.000
564	  A	  0.3	  0.3	0.000	0.000	0.000
565	  P	  0.0	  0.3	0.000	0.000	0.000
566	  S	  9.4	  0.4	0.000	0.000	0.000
567	  V	 10.2	  0.5	0.000	0.000	0.000
568	  S	 10.7	  0.2	0.000	0.000	0.000
569	  T	 10.9	  0.2	0.154	0.000	0.000
570	  F	 10.4	  0.5	0.426	0.000	0.000
571	  E	  9.8	  0.5	0.673	0.000	0.000
572	  G	  0.3	  0.5	1.888	0.000	0.000
573	  A	  0.2	  0.5	2.085	0.889	0.889
574	  A	  0.5	  0.2	2.085	0.889	0.889
575	  V	  1.7	  0.0	2.085	0.889	0.889
576	  A	  1.7	  0.0	2.085	0.889	0.889
577	  A	  1.4	  0.0	2.085	0.889	0.889
578	  K	  0.2	  0.0	1.908	0.000	0.000
579	  P	  0.0	  0.0	0.000	0.215	0.215
580	  V	  4.0	  0.0	0.000	20.141	20.141
581	  S	  4.7	  0.2	0.000	23.758	23.758
582	  F	  4.9	  0.2	0.000	52.906	52.906
583	  G	  1.1	  0.2	1.756	55.136	55.136
584	  V	  1.5	  0.2	1.756	78.797	78.797
585	  A	  1.4	  0.0	1.756	80.046	80.046
586	  A	  2.0	  0.0	1.756	80.704	80.704
587	  V	  4.8	  0.0	1.756	80.540	80.540
588	  L	  4.9	  0.0	1.756	77.887	77.887
589	  M	  4.9	  0.0	1.499	55.425	55.425
590	  A	  1.0	  0.0	1.044	27.162	27.162
591	  L	  0.8	  0.2	0.686	2.484	2.484
592	  P	  0.0	  0.2	0.000	1.556	1.556
593	  F	  0.0	  0.2	0.000	0.000	0.000
594	  F	  0.0	  0.2	0.000	0.000	0.000
