res	aa	Beta	Turn	Helix	Aggregation	Conc-Stab_Aggregation
01	  M	  1.0	  0.0	0.000	0.000	0.000
02	  K	  1.6	  0.0	0.000	0.000	0.000
03	  Y	  5.4	  0.1	0.000	0.582	0.582
04	  S	  4.6	  0.1	1.988	0.582	0.582
05	  A	  4.0	  0.1	1.988	4.708	4.708
06	  L	  0.5	  0.1	1.988	8.287	8.287
07	  A	  0.4	  0.0	1.988	8.406	8.406
08	  L	  0.4	  0.0	1.988	8.525	8.525
09	  A	  0.2	  0.0	2.264	8.384	8.384
10	  A	  0.3	  0.0	1.885	7.142	7.142
11	  T	  0.5	  0.0	2.480	5.055	5.055
12	  A	  0.5	  0.0	2.600	3.680	3.680
13	  A	  0.4	  0.0	2.479	2.496	2.496
14	  A	  0.1	  0.0	2.220	1.593	1.593
15	  A	  0.1	  0.0	2.038	0.828	0.828
16	  A	  0.1	  0.1	1.858	0.380	0.380
17	  E	  0.1	  0.1	1.169	0.000	0.000
18	  T	  1.4	  0.2	0.000	0.000	0.000
19	  L	  2.3	  0.2	0.000	0.000	0.000
20	  D	  2.4	  0.1	0.133	0.000	0.000
21	  L	  2.5	  0.1	0.133	0.000	0.000
22	  Q	  3.0	  0.0	0.133	0.000	0.000
23	  I	  5.8	  0.0	0.133	0.000	0.000
24	  V	  4.7	  0.0	0.133	0.000	0.000
25	  S	  3.3	  1.9	0.133	0.000	0.000
26	  E	  0.5	  1.9	0.000	0.000	0.000
27	  N	  0.2	  2.1	0.000	0.000	0.000
28	  H	  0.3	  2.2	0.000	0.000	0.000
29	  D	  0.3	  5.1	0.000	0.000	0.000
30	  L	  0.3	  6.2	0.000	0.000	0.000
31	  D	  0.2	  6.1	0.000	0.000	0.000
32	  G	  0.1	  6.4	0.000	0.000	0.000
33	  K	  0.0	  1.7	0.000	0.000	0.000
34	  G	  0.1	  0.6	0.000	0.000	0.000
35	  I	  0.4	  0.5	0.000	0.000	0.000
36	  E	  0.4	  0.2	0.000	0.000	0.000
37	  G	  0.3	  0.2	0.000	0.000	0.000
38	  L	  0.1	  0.2	0.000	0.000	0.000
39	  H	  0.1	  1.1	0.000	0.000	0.000
40	  E	  0.1	  1.5	0.000	0.000	0.000
41	  G	  0.0	  1.8	0.000	0.000	0.000
42	  A	  0.1	  1.8	0.000	0.127	0.127
43	  G	  0.1	  0.9	0.000	0.644	0.644
44	  I	  4.2	  0.4	0.000	3.035	3.035
45	  S	  5.3	  0.1	0.000	3.194	3.194
46	  Y	  6.1	  0.3	0.000	3.352	3.352
47	  F	  2.2	  0.3	0.000	3.352	3.352
48	  G	  1.1	  0.3	0.000	2.871	2.871
49	  V	  0.4	  0.7	0.000	2.516	2.516
50	  S	  0.3	  0.4	0.000	0.383	0.383
51	  D	  0.3	  0.4	0.000	0.000	0.000
52	  Y	  0.4	  0.4	0.000	0.000	0.000
53	  L	  0.4	  0.0	0.000	0.000	0.000
54	  G	  0.4	  0.4	0.000	0.000	0.000
55	  P	  0.0	  0.4	0.000	0.000	0.000
56	  E	  2.1	  0.4	0.000	0.000	0.000
57	  F	  5.2	  0.3	0.000	0.000	0.000
58	  N	  5.9	  0.6	0.525	0.000	0.000
59	  Y	  4.1	  0.7	0.616	0.000	0.000
60	  D	  1.1	  4.1	3.588	0.000	0.000
61	  K	  0.4	  4.1	3.588	0.000	0.000
62	  D	  0.1	  3.6	5.803	0.000	0.000
63	  K	  0.1	  3.5	5.803	0.000	0.000
64	  K	  0.3	  0.1	5.803	0.000	0.000
65	  L	  0.7	  0.1	5.625	2.461	2.461
66	  L	  0.9	  0.0	5.335	3.361	3.361
67	  Y	  5.9	  0.0	5.080	3.361	3.361
68	  Q	  8.1	  0.0	3.209	3.361	3.361
69	  Y	  8.6	  0.2	1.620	3.361	3.361
70	  F	  3.7	  1.9	1.051	3.198	3.198
71	  G	  1.0	  1.9	0.527	0.194	0.194
72	  S	  3.1	  1.9	0.349	0.000	0.000
73	  Y	  5.3	  1.7	0.137	0.000	0.000
74	  Q	  5.3	  0.2	0.137	0.000	0.000
75	  A	  2.5	  0.2	0.137	0.000	0.000
76	  N	  0.2	  0.3	0.137	0.098	0.098
77	  V	  0.3	  0.3	0.137	2.975	2.975
78	  G	  0.2	  0.1	0.137	3.176	3.176
79	  F	  1.7	  0.3	0.000	5.813	5.813
80	  S	  2.4	  1.1	0.000	5.986	5.986
81	  S	  2.6	  1.1	0.000	7.482	7.482
82	  S	  2.3	  1.1	0.000	18.529	18.529
83	  F	  3.0	  1.0	0.000	18.529	18.529
84	  F	  3.8	  0.0	0.000	18.529	18.529
85	  A	  2.9	  0.0	0.000	18.074	18.074
86	  V	  1.3	  0.1	0.000	17.574	17.574
87	  G	  0.1	  0.1	0.000	0.000	0.000
88	  P	  0.0	  0.1	0.000	0.000	0.000
89	  A	  0.7	  0.1	0.000	0.000	0.000
90	  V	  1.2	  0.0	0.000	0.000	0.000
91	  T	  1.2	  2.2	0.000	0.000	0.000
92	  P	  0.6	  2.2	0.000	0.000	0.000
93	  G	  0.0	  2.2	0.104	0.000	0.000
94	  Q	  0.6	  2.2	0.104	0.000	0.000
95	  V	  8.8	  0.0	0.104	0.000	0.000
96	  T	 15.5	  0.1	0.104	0.000	0.000
97	  F	 15.2	  0.2	0.104	0.000	0.000
98	  D	  7.2	  0.5	0.303	0.000	0.000
99	  D	  0.3	  1.4	0.314	0.000	0.000
100	  Q	  0.0	  1.5	0.314	0.000	0.000
101	  G	  0.0	  1.4	0.314	0.000	0.000
102	  R	  3.6	  1.0	0.314	0.000	0.000
103	  F	  6.7	  0.2	0.314	0.000	0.000
104	  D	  6.7	  0.4	0.308	0.000	0.000
105	  I	  3.3	  0.5	0.308	0.000	0.000
106	  G	  0.1	  0.6	0.813	0.000	0.000
107	  E	  0.1	  0.6	0.698	0.000	0.000
108	  Q	  1.1	  0.2	0.698	0.000	0.000
109	  L	  1.4	  0.1	0.698	0.000	0.000
110	  Y	  2.8	  0.0	0.698	0.000	0.000
111	  A	  1.7	  0.0	0.505	0.000	0.000
112	  C	  1.6	  0.6	0.351	0.000	0.000
113	  K	  0.3	  0.6	0.122	0.000	0.000
114	  D	  0.4	  2.2	0.000	0.000	0.000
115	  L	  0.4	  2.2	0.000	0.000	0.000
116	  N	  0.4	  1.7	0.000	0.000	0.000
117	  D	  0.2	  2.2	0.000	0.000	0.000
118	  P	  0.0	  0.7	0.000	0.000	0.000
119	  Y	  3.3	  0.7	0.000	0.000	0.000
120	  N	  5.0	  0.7	0.176	0.000	0.000
121	  Y	  7.2	  0.1	0.176	0.000	0.000
122	  F	  4.7	  0.3	0.176	0.000	0.000
123	  E	  3.0	  0.3	0.176	0.000	0.000
124	  D	  0.7	  0.7	0.176	0.000	0.000
125	  R	  0.3	  0.7	0.176	0.000	0.000
126	  Y	  0.5	  0.4	0.176	0.000	0.000
127	  G	  0.5	  0.4	0.176	0.000	0.000
128	  V	  3.0	  0.0	0.000	0.000	0.000
129	  V	  3.2	  0.0	0.000	0.000	0.000
130	  R	  3.2	  0.0	0.000	0.000	0.000
131	  E	  0.5	  0.0	0.000	0.000	0.000
132	  A	  0.1	  1.0	0.000	0.000	0.000
133	  P	  0.0	  1.1	0.000	0.000	0.000
134	  N	  0.0	  2.3	0.000	0.000	0.000
135	  D	  0.3	  2.3	0.119	0.000	0.000
136	  S	  1.6	  1.3	0.433	0.000	0.000
137	  C	  5.1	  1.2	0.551	0.000	0.000
138	  V	 11.7	  0.0	0.551	0.000	0.000
139	  K	 10.6	  0.0	0.551	0.000	0.000
140	  I	  7.4	  0.0	0.551	0.000	0.000
141	  G	  0.5	  0.0	1.143	0.000	0.000
142	  L	  0.3	  0.1	0.913	0.000	0.000
143	  K	  0.6	  0.1	0.913	0.000	0.000
144	  R	  2.0	  0.0	0.592	0.000	0.000
145	  V	  2.8	  0.1	0.592	0.000	0.000
146	  Q	  2.4	  0.2	0.592	0.000	0.000
147	  R	  1.0	  0.4	0.111	0.000	0.000
148	  G	  0.1	  0.9	0.000	0.000	0.000
149	  S	  0.1	  1.4	0.000	0.000	0.000
150	  S	  0.3	  2.5	0.000	0.000	0.000
151	  G	  0.3	  2.4	0.000	0.000	0.000
152	  S	  1.0	  2.8	0.000	0.000	0.000
153	  S	  0.9	  2.3	0.000	0.000	0.000
154	  S	  3.6	  2.2	0.000	0.000	0.000
155	  A	  3.0	  2.1	0.000	0.000	0.000
156	  S	  5.3	  4.0	0.000	0.000	0.000
157	  A	  2.6	  4.1	0.000	0.000	0.000
158	  S	  2.5	  3.0	0.000	0.000	0.000
159	  G	  0.1	  3.0	0.000	0.000	0.000
160	  T	 14.6	  0.3	0.000	0.000	0.000
161	  V	 15.0	  0.2	0.000	0.000	0.000
162	  S	 15.0	  0.2	0.000	0.000	0.000
163	  G	  0.6	  0.2	0.000	0.000	0.000
164	  T	 13.2	  0.2	0.000	0.000	0.000
165	  V	 13.6	  0.2	0.000	0.000	0.000
166	  S	 13.7	  0.2	0.000	0.000	0.000
167	  G	  0.6	  0.2	0.000	0.000	0.000
168	  T	 13.2	  0.2	0.000	0.000	0.000
169	  V	 13.6	  0.2	0.000	0.000	0.000
170	  S	 13.6	  0.2	0.000	0.000	0.000
171	  G	  0.6	  0.2	0.000	0.000	0.000
172	  T	 14.9	  0.1	0.000	0.000	0.000
173	  V	 16.6	  0.1	0.000	0.000	0.000
174	  S	 19.1	  1.0	0.000	0.000	0.000
175	  A	  4.9	  1.0	0.000	0.000	0.000
176	  S	  3.0	  1.0	0.000	0.000	0.000
177	  A	  0.4	  1.0	0.000	0.000	0.000
178	  P	  0.1	  0.2	0.000	0.000	0.000
179	  A	  0.1	  0.3	0.000	0.000	0.000
180	  S	  0.2	  0.4	0.000	0.000	0.000
181	  S	  0.4	  0.4	0.000	0.000	0.000
182	  A	  0.6	  0.2	0.000	0.000	0.000
183	  Y	  1.8	  0.1	0.000	0.000	0.000
184	  W	  2.0	  0.1	0.000	0.000	0.000
185	  N	  2.1	  0.1	0.000	0.000	0.000
186	  T	  2.3	  0.1	0.000	0.000	0.000
187	  T	  2.8	  0.1	0.000	0.000	0.000
188	  T	 13.8	  0.0	0.000	0.000	0.000
189	  I	 12.7	  0.0	0.000	0.000	0.000
190	  T	 12.1	  0.0	0.000	0.000	0.000
191	  D	  1.6	  0.0	0.000	0.000	0.000
192	  V	  2.7	  0.0	0.000	3.428	3.428
193	  T	  4.3	  0.0	0.000	3.428	3.428
194	  T	 13.6	  0.0	0.000	4.187	4.187
195	  V	 12.8	  0.0	0.000	5.144	5.144
196	  T	 10.9	  0.1	0.000	5.144	5.144
197	  G	  0.8	  0.1	0.270	4.332	4.332
198	  I	  3.2	  0.2	0.270	4.332	4.332
199	  T	  6.3	  0.1	0.270	3.217	3.217
200	  T	 18.8	  0.0	0.270	2.282	2.282
201	  Y	 16.3	  0.0	0.270	1.852	1.852
202	  C	 13.2	  0.0	0.270	0.000	0.000
203	  P	  0.2	  0.0	0.000	0.000	0.000
204	  E	  0.0	  0.1	0.000	0.000	0.000
205	  P	  0.0	  0.1	0.000	0.000	0.000
206	  T	  2.6	  0.1	0.000	1.649	1.649
207	  T	 19.0	  0.1	0.000	4.965	4.965
208	  F	 25.6	  0.0	0.000	7.695	7.695
209	  T	 31.6	  0.0	0.000	7.695	7.695
210	  I	 18.5	  0.0	0.000	7.695	7.695
211	  T	 12.7	  0.0	0.000	6.888	6.888
212	  T	  5.8	  0.0	0.000	4.673	4.673
213	  C	  5.0	  0.0	0.000	1.573	1.573
214	  V	  4.1	  0.0	0.000	1.416	1.416
215	  E	  2.2	  0.3	0.000	0.000	0.000
216	  E	  0.6	  0.3	0.000	0.000	0.000
217	  N	  0.1	  0.3	0.000	0.000	0.000
218	  C	  0.1	  0.4	0.000	0.000	0.000
219	  G	  0.0	  0.3	0.000	0.000	0.000
220	  P	  0.0	  0.3	0.000	0.000	0.000
221	  T	  1.6	  0.3	0.000	0.360	0.360
222	  T	 11.2	  0.2	0.000	0.360	0.360
223	  V	 27.6	  0.0	0.000	0.360	0.360
224	  T	 31.1	  0.0	0.000	0.360	0.360
225	  V	 23.6	  0.0	0.000	0.360	0.360
226	  E	  6.7	  0.0	0.000	0.000	0.000
227	  E	  1.0	  0.1	0.000	0.000	0.000
228	  P	  0.0	  0.2	0.000	0.000	0.000
229	  S	  0.3	  0.2	0.000	0.229	0.229
230	  T	  9.9	  0.2	0.000	4.570	4.570
231	  V	 18.4	  0.1	0.000	4.570	4.570
232	  T	 27.8	  0.0	0.210	4.570	4.570
233	  I	 19.3	  0.0	0.210	4.570	4.570
234	  T	 11.1	  0.1	0.210	4.570	4.570
235	  E	  0.9	  0.1	0.210	0.000	0.000
236	  K	  1.0	  0.1	0.210	0.000	0.000
237	  C	  4.3	  0.1	0.210	0.000	0.000
238	  V	  4.7	  0.0	0.079	0.000	0.000
239	  V	  4.0	  0.4	0.079	0.000	0.000
240	  P	  0.5	  0.5	0.000	0.000	0.000
241	  T	  0.0	  0.7	0.000	0.000	0.000
242	  G	  0.0	  1.0	0.000	0.000	0.000
243	  G	  0.0	  0.6	0.000	0.000	0.000
244	  G	  0.0	  0.5	0.000	0.000	0.000
245	  E	  0.0	  0.4	0.000	0.000	0.000
246	  P	  0.0	  0.1	0.000	0.000	0.000
247	  T	  0.2	  0.1	0.000	0.000	0.000
248	  T	  0.2	  0.3	0.000	0.000	0.000
249	  P	  0.2	  0.2	0.000	0.000	0.000
250	  T	  2.2	  0.2	0.000	0.000	0.000
251	  T	  6.1	  0.2	0.000	0.000	0.000
252	  V	  6.6	  0.0	0.000	0.000	0.000
253	  A	  4.5	  0.1	0.000	0.000	0.000
254	  G	  0.6	  0.5	0.000	0.000	0.000
255	  P	  0.0	  0.6	0.000	0.000	0.000
256	  S	  2.0	  0.9	0.000	0.000	0.000
257	  T	  2.4	  0.9	0.000	0.000	0.000
258	  S	  2.5	  1.1	0.000	0.000	0.000
259	  A	  0.5	  1.2	0.000	0.000	0.000
260	  G	  0.1	  1.1	0.000	0.000	0.000
261	  A	  0.2	  1.2	0.000	0.000	0.000
262	  S	  0.2	  0.6	0.160	0.000	0.000
263	  S	  0.3	  0.4	0.160	0.000	0.000
264	  A	  0.3	  0.2	0.160	0.000	0.000
265	  A	  0.7	  0.0	0.160	0.000	0.000
266	  V	  1.9	  0.1	0.160	0.000	0.000
267	  S	  2.0	  0.1	0.590	0.000	0.000
268	  S	  6.2	  0.1	0.430	0.000	0.000
269	  W	  6.2	  0.2	0.430	0.000	0.000
270	  E	  6.0	  0.3	0.430	0.000	0.000
271	  A	  1.3	  0.3	0.430	0.000	0.000
272	  G	  0.0	  0.3	0.430	0.000	0.000
273	  A	  0.7	  0.2	0.181	0.000	0.000
274	  V	  2.4	  0.2	0.000	0.000	0.000
275	  K	  2.5	  0.1	0.000	0.000	0.000
276	  N	  1.8	  0.4	0.000	0.646	0.646
277	  A	  0.1	  0.6	0.000	16.804	16.804
278	  A	  0.1	  0.5	0.000	20.589	20.589
279	  G	  0.1	  0.5	0.000	24.929	24.929
280	  V	  4.4	  0.3	0.000	73.231	73.231
281	  V	  5.0	  0.1	0.000	77.085	77.085
282	  A	  5.0	  0.1	0.000	77.320	77.320
283	  G	  0.8	  0.1	0.000	77.531	77.531
284	  V	  0.8	  0.1	0.000	81.530	81.530
285	  A	  0.8	  0.0	0.000	80.054	80.054
286	  G	  0.7	  0.0	0.000	78.781	78.781
287	  L	  0.4	  0.0	0.000	78.665	78.665
288	  A	  1.2	  0.0	0.000	77.836	77.836
289	  V	  5.3	  0.0	0.000	77.082	77.082
290	  L	  5.0	  0.0	0.000	72.105	72.105
291	  I	  4.2	  0.0	0.000	0.000	0.000
