res	aa	Beta	Turn	Helix	Aggregation	Conc-Stab_Aggregation
01	  M	  0.2	  0.0	0.000	0.000	0.000
02	  Q	  0.4	  0.1	0.000	0.000	0.000
03	  K	  0.6	  0.2	0.000	0.000	0.000
04	  S	  2.3	  0.2	0.000	0.000	0.000
05	  L	  4.1	  0.1	0.000	0.000	0.000
06	  R	  5.9	  0.0	0.000	0.000	0.000
07	  V	  5.4	  0.1	0.000	0.000	0.000
08	  E	  3.4	  0.1	0.000	0.000	0.000
09	  S	  2.0	  0.1	0.000	0.000	0.000
10	  L	  1.4	  0.1	0.000	0.000	0.000
11	  Q	  1.8	  0.0	0.000	0.000	0.000
12	  V	  2.5	  0.0	0.000	0.000	0.000
13	  N	  2.1	  0.1	0.000	0.000	0.000
14	  T	  2.1	  0.2	0.000	0.000	0.000
15	  T	  1.0	  0.2	0.000	0.000	0.000
16	  N	  0.6	  0.6	0.000	0.000	0.000
17	  N	  0.3	  0.6	0.000	0.000	0.000
18	  S	  0.6	  0.5	0.000	0.000	0.000
19	  K	  0.6	  0.4	0.000	0.000	0.000
20	  Q	  0.5	  0.3	0.000	0.000	0.000
21	  P	  0.0	  0.2	0.000	0.000	0.000
22	  Q	  0.3	  0.2	0.000	0.898	0.898
23	  W	  0.7	  0.2	0.000	25.267	25.267
24	  A	  0.9	  0.0	0.000	25.879	25.879
25	  A	  1.2	  0.0	0.000	26.069	26.069
26	  I	  3.8	  0.0	0.000	26.069	26.069
27	  V	  3.7	  0.3	0.000	26.069	26.069
28	  G	  3.1	  0.5	0.000	3.526	3.526
29	  A	  0.3	  0.6	0.000	1.133	1.133
30	  S	  0.2	  1.0	0.000	0.087	0.087
31	  K	  0.2	  0.8	0.000	0.000	0.000
32	  G	  0.1	  0.6	0.000	0.000	0.000
33	  V	 19.2	  0.4	0.000	0.000	0.000
34	  E	 21.4	  0.0	0.000	0.000	0.000
35	  V	 21.7	  0.0	0.000	0.000	0.000
36	  Q	  3.7	  0.1	0.000	0.000	0.000
37	  T	  0.5	  0.1	0.000	0.000	0.000
38	  T	  0.2	  0.1	0.000	0.000	0.000
39	  G	  0.1	  0.1	0.000	0.000	0.000
40	  V	  0.7	  0.2	0.000	0.000	0.000
41	  K	  0.7	  0.6	0.000	0.000	0.000
42	  K	  0.7	  0.8	0.000	0.000	0.000
43	  G	  0.0	  0.8	0.000	0.000	0.000
44	  S	  0.0	  0.7	0.121	0.000	0.000
45	  E	  0.1	  0.2	0.121	0.000	0.000
46	  W	  0.5	  0.0	0.121	0.000	0.000
47	  L	  0.6	  0.0	0.121	0.000	0.000
48	  L	  0.6	  0.1	0.121	0.000	0.000
49	  E	  0.3	  0.2	0.121	0.000	0.000
50	  S	  0.3	  0.3	0.416	0.000	0.000
51	  S	  0.4	  0.3	0.295	0.000	0.000
52	  K	  0.9	  0.2	0.295	0.000	0.000
53	  M	  2.8	  0.1	0.295	0.000	0.000
54	  Q	  4.8	  0.0	0.295	0.000	0.000
55	  M	  4.3	  0.0	0.295	0.000	0.000
56	  K	  2.4	  0.1	0.173	0.000	0.000
57	  P	  0.1	  0.3	0.000	0.000	0.000
58	  K	  0.3	  0.3	0.000	0.000	0.000
59	  S	  0.3	  0.4	0.000	0.000	0.000
60	  E	  0.6	  0.2	0.144	0.000	0.000
61	  L	  0.8	  0.2	0.284	0.000	0.000
62	  Q	  1.3	  0.1	0.284	0.000	0.000
63	  H	  1.1	  0.2	0.284	0.000	0.000
64	  K	  0.7	  0.4	0.284	0.000	0.000
65	  K	  0.3	  0.4	0.284	0.000	0.000
66	  N	  0.2	  0.5	0.284	0.000	0.000
67	  K	  0.4	  0.4	0.000	0.000	0.000
68	  T	  0.4	  0.5	0.000	0.000	0.000
69	  R	  0.4	  0.6	0.000	0.000	0.000
70	  G	  0.1	  0.5	0.000	0.000	0.000
71	  S	  0.3	  0.5	0.318	0.000	0.000
72	  R	  0.7	  0.3	0.318	0.000	0.000
73	  Q	  0.9	  0.2	0.318	0.000	0.000
74	  R	  1.0	  0.2	0.318	0.000	0.000
75	  H	  0.7	  0.7	0.318	0.000	0.000
76	  E	  0.4	  0.6	0.318	0.000	0.000
77	  D	  1.4	  0.6	0.823	0.000	0.000
78	  V	  4.2	  0.6	0.630	0.000	0.000
79	  K	  4.7	  0.1	0.630	0.000	0.000
80	  S	  4.5	  0.1	0.505	0.000	0.000
81	  K	  1.7	  0.1	0.505	0.000	0.000
82	  E	  1.2	  0.0	0.505	0.000	0.000
83	  P	  0.1	  0.1	0.000	0.000	0.000
84	  K	  0.1	  0.1	0.000	0.000	0.000
85	  E	  0.1	  0.1	0.000	0.000	0.000
86	  M	  0.8	  0.1	0.000	0.651	0.651
87	  L	  1.0	  0.0	0.000	0.651	0.651
88	  F	  1.8	  0.2	0.000	0.651	0.651
89	  A	  1.3	  0.4	0.000	0.651	0.651
90	  S	  1.0	  1.3	0.000	0.651	0.651
91	  K	  0.3	  1.3	0.000	0.000	0.000
92	  G	  0.1	  1.1	0.000	0.000	0.000
93	  R	  1.6	  1.0	0.000	0.000	0.000
94	  V	  2.3	  0.0	0.000	0.000	0.000
95	  R	  3.1	  0.0	0.000	0.000	0.000
96	  K	  1.5	  0.0	0.000	0.000	0.000
97	  W	  0.8	  0.0	0.000	0.000	0.000
98	  P	  0.1	  0.0	0.111	0.000	0.000
99	  A	  0.3	  0.0	0.111	0.000	0.000
100	  K	  1.9	  0.0	0.111	0.000	0.000
101	  I	  4.7	  0.0	0.111	0.000	0.000
102	  V	  4.9	  0.0	0.111	0.000	0.000
103	  K	  3.6	  0.1	0.111	0.000	0.000
104	  K	  1.0	  0.1	0.000	0.000	0.000
105	  E	  0.4	  0.1	0.000	0.000	0.000
106	  T	  0.5	  0.1	0.692	0.000	0.000
107	  A	  0.4	  0.1	0.692	0.000	0.000
108	  A	  0.4	  0.1	0.692	0.000	0.000
109	  K	  0.2	  0.2	0.692	0.000	0.000
110	  E	  0.4	  0.2	0.692	0.000	0.000
111	  S	  0.6	  0.2	0.692	0.000	0.000
112	  W	  0.5	  0.7	0.325	0.000	0.000
113	  P	  0.2	  0.6	0.000	0.000	0.000
114	  T	  0.1	  0.8	0.000	0.000	0.000
115	  L	  0.1	  1.7	0.000	0.000	0.000
116	  G	  0.2	  1.2	0.000	0.000	0.000
117	  S	  0.9	  1.2	0.000	0.000	0.000
118	  T	  1.4	  1.0	0.000	0.000	0.000
119	  I	  1.4	  0.4	0.000	0.000	0.000
120	  P	  0.6	  0.4	0.000	0.000	0.000
121	  N	  0.1	  0.4	0.000	0.000	0.000
122	  Q	  0.4	  0.4	0.000	0.000	0.000
123	  T	  7.3	  0.1	0.000	0.000	0.000
124	  V	  8.2	  0.1	0.000	0.000	0.000
125	  E	  8.1	  0.1	0.000	0.000	0.000
126	  K	  1.7	  0.1	0.000	0.000	0.000
127	  S	  0.8	  0.1	0.000	0.000	0.000
128	  I	  0.5	  0.3	0.000	0.000	0.000
129	  G	  0.2	  0.3	0.118	0.000	0.000
130	  P	  0.0	  0.3	0.118	0.000	0.000
131	  M	  0.5	  0.3	0.118	0.000	0.000
132	  W	  1.8	  0.2	0.118	0.000	0.000
133	  S	  1.8	  0.1	0.745	0.000	0.000
134	  K	  1.6	  0.1	0.745	0.000	0.000
135	  A	  0.8	  0.1	0.627	0.000	0.000
136	  I	  0.9	  0.3	0.627	0.000	0.000
137	  R	  0.7	  0.9	0.627	0.000	0.000
138	  N	  0.2	  1.0	0.627	0.000	0.000
139	  G	  0.0	  1.0	0.206	0.000	0.000
140	  D	  1.3	  0.7	0.000	0.000	0.000
141	  V	  3.5	  0.2	0.000	0.000	0.000
142	  K	  3.8	  0.0	0.000	0.000	0.000
143	  A	  2.6	  0.0	0.000	0.000	0.000
144	  V	  0.5	  0.0	0.000	0.000	0.000
145	  P	  0.1	  0.0	0.191	0.000	0.000
146	  A	  0.7	  0.0	0.191	0.000	0.000
147	  V	  1.3	  0.1	0.191	0.000	0.000
148	  K	  1.4	  0.1	0.191	0.000	0.000
149	  K	  1.1	  0.1	0.191	0.000	0.000
150	  F	  2.6	  0.1	0.191	0.000	0.000
151	  V	  4.6	  0.0	0.000	0.000	0.000
152	  K	  4.4	  0.2	0.000	0.000	0.000
153	  A	  2.4	  0.6	0.000	0.000	0.000
154	  E	  0.3	  0.8	0.000	0.000	0.000
155	  G	  0.0	  0.8	0.000	0.000	0.000
156	  A	  0.1	  0.6	0.000	0.000	0.000
157	  A	  0.1	  0.2	0.000	0.000	0.000
158	  K	  0.4	  0.0	0.000	0.000	0.000
159	  E	  0.7	  0.0	0.000	0.000	0.000
160	  I	 10.9	  0.0	0.000	0.000	0.000
161	  V	 10.9	  0.0	0.000	0.000	0.000
162	  A	 10.6	  0.1	0.000	0.000	0.000
163	  P	  0.4	  0.1	0.000	0.000	0.000
164	  Y	  2.3	  0.1	0.000	0.000	0.000
165	  V	  3.6	  0.1	0.000	0.000	0.000
166	  A	  3.7	  0.0	0.000	0.000	0.000
167	  Q	  1.8	  0.0	0.000	0.000	0.000
168	  K	  2.4	  0.0	0.000	0.000	0.000
169	  M	  6.1	  0.0	0.000	0.000	0.000
170	  T	  8.1	  0.0	0.159	0.000	0.000
171	  W	  6.4	  0.1	0.159	0.000	0.000
172	  A	  2.9	  0.1	0.159	0.000	0.000
173	  K	  2.3	  0.1	0.159	0.000	0.000
174	  V	  4.7	  0.1	0.159	0.000	0.000
175	  V	  6.5	  0.0	0.159	0.000	0.000
176	  K	  5.3	  0.0	0.159	0.000	0.000
177	  A	  2.6	  0.0	0.000	0.000	0.000
178	  T	  0.6	  0.0	0.000	0.000	0.000
179	  E	  0.1	  0.0	0.000	0.000	0.000
180	  P	  0.0	  0.0	0.000	0.000	0.000
181	  V	  1.5	  0.0	0.000	0.000	0.000
182	  K	  2.2	  0.1	0.000	0.000	0.000
183	  T	  3.2	  0.1	0.246	0.000	0.000
184	  K	  1.9	  0.1	0.246	0.000	0.000
185	  K	  1.3	  0.2	0.246	0.000	0.000
186	  E	  0.3	  0.2	0.246	0.000	0.000
187	  S	  0.2	  1.0	0.246	0.000	0.000
188	  E	  0.2	  0.9	0.246	0.000	0.000
189	  S	  1.1	  0.8	0.128	0.000	0.000
190	  V	  5.2	  0.8	0.000	0.144	0.144
191	  V	  7.9	  0.0	0.000	0.144	0.144
192	  A	  7.1	  0.0	0.000	0.144	0.144
193	  A	  2.8	  0.2	0.000	0.144	0.144
194	  P	  0.0	  0.5	0.000	0.144	0.144
195	  K	  0.1	  0.5	0.000	0.000	0.000
196	  N	  0.3	  0.5	0.000	0.000	0.000
197	  L	  1.4	  0.3	0.000	0.000	0.000
198	  V	  2.4	  0.0	0.000	0.000	0.000
199	  H	  2.3	  0.1	0.000	0.000	0.000
200	  K	  1.4	  0.2	0.000	0.000	0.000
201	  H	  0.3	  0.9	0.000	0.000	0.000
202	  S	  0.3	  2.5	0.000	0.000	0.000
203	  G	  0.3	  3.4	0.000	0.000	0.000
204	  S	  0.3	  6.8	0.000	0.000	0.000
205	  N	  0.0	  6.2	0.000	0.000	0.000
206	  G	  0.0	  4.7	0.121	0.000	0.000
207	  K	  0.2	  3.7	0.121	0.000	0.000
208	  E	  0.2	  0.2	0.121	0.000	0.000
209	  E	  0.5	  0.1	0.121	0.000	0.000
210	  L	  0.5	  0.3	0.121	0.000	0.000
211	  Q	  0.5	  0.2	0.243	0.000	0.000
212	  D	  0.2	  1.2	0.831	0.000	0.000
213	  A	  0.5	  1.2	0.831	0.000	0.000
214	  S	  0.9	  1.2	0.831	0.000	0.000
215	  L	  1.0	  2.3	0.831	0.000	0.000
216	  K	  0.6	  1.4	0.831	0.000	0.000
217	  G	  0.1	  1.4	0.904	0.000	0.000
218	  K	  0.6	  1.4	0.595	0.000	0.000
219	  S	  0.8	  0.3	0.194	0.000	0.000
220	  T	  3.5	  0.2	0.194	0.000	0.000
221	  L	  3.2	  0.1	0.194	0.139	0.139
222	  Q	  3.3	  0.0	0.194	0.139	0.139
223	  A	  0.9	  0.0	0.000	0.753	0.753
224	  V	  1.6	  0.2	0.000	1.478	1.478
225	  A	  1.4	  0.2	0.000	1.478	1.478
226	  T	  1.1	  0.3	0.000	1.338	1.338
227	  G	  0.2	  0.3	0.000	1.338	1.338
228	  V	  3.1	  0.1	0.000	1.338	1.338
229	  T	  3.1	  0.0	0.000	0.503	0.503
230	  N	  3.0	  0.2	0.000	0.000	0.000
231	  P	  0.0	  0.2	0.000	0.000	0.000
232	  A	  0.0	  0.3	0.000	0.000	0.000
233	  R	  0.1	  0.3	0.000	0.000	0.000
234	  T	  6.6	  0.1	0.000	0.000	0.000
235	  C	 12.1	  0.1	0.000	0.000	0.000
236	  T	 12.3	  0.0	0.000	0.000	0.000
237	  A	  6.3	  0.3	0.000	0.000	0.000
238	  A	  0.3	  0.3	0.000	0.000	0.000
239	  D	  0.2	  0.3	0.000	0.000	0.000
240	  T	  0.5	  0.4	0.122	0.000	0.000
241	  T	  0.5	  0.1	2.552	0.000	0.000
242	  E	  0.4	  0.1	2.552	0.000	0.000
243	  A	  0.1	  0.1	2.552	0.000	0.000
244	  E	  0.2	  0.1	2.552	0.000	0.000
245	  K	  0.2	  0.2	2.552	0.000	0.000
246	  E	  0.3	  0.2	2.430	0.000	0.000
247	  S	  1.3	  0.2	1.638	0.000	0.000
248	  F	  1.4	  0.1	0.894	0.000	0.000
249	  L	  1.2	  0.4	0.122	0.000	0.000
250	  P	  0.1	  0.7	0.000	0.000	0.000
251	  S	  0.0	  0.7	0.093	0.000	0.000
252	  D	  0.7	  0.7	0.093	0.000	0.000
253	  F	 12.9	  0.3	0.093	0.000	0.000
254	  T	 18.7	  0.0	0.093	0.000	0.000
255	  F	 19.0	  0.0	0.093	0.000	0.000
256	  F	  7.6	  0.1	0.093	0.000	0.000
257	  K	  1.6	  0.1	0.000	0.000	0.000
258	  H	  1.0	  0.1	0.000	0.000	0.000
259	  L	  1.0	  0.1	0.000	0.000	0.000
260	  L	  1.0	  0.1	0.000	0.000	0.000
261	  S	  0.5	  0.2	0.123	0.000	0.000
262	  E	  0.3	  0.3	0.123	0.000	0.000
263	  K	  0.3	  0.3	0.123	0.000	0.000
264	  N	  0.4	  0.3	0.123	0.000	0.000
265	  H	  0.5	  0.4	0.123	0.000	0.000
266	  K	  1.0	  0.2	0.123	0.000	0.000
267	  T	  7.5	  0.2	0.000	0.000	0.000
268	  Y	  7.4	  0.2	0.000	0.000	0.000
269	  L	  6.8	  0.0	0.000	0.000	0.000
270	  P	  0.2	  0.1	0.000	0.000	0.000
271	  V	  1.9	  0.1	0.000	4.195	4.195
272	  D	  2.8	  0.1	0.106	4.541	4.541
273	  F	  4.0	  0.1	0.106	4.541	4.541
274	  F	  3.5	  0.0	0.106	4.541	4.541
275	  K	  3.5	  0.0	0.106	4.541	4.541
276	  F	  2.9	  0.0	0.106	4.541	4.541
277	  K	  1.8	  0.0	0.106	0.000	0.000
278	  E	  2.4	  0.0	0.000	0.000	0.000
279	  W	  3.5	  0.0	0.000	0.000	0.000
280	  T	  3.6	  0.1	0.000	0.000	0.000
281	  R	  2.0	  0.5	0.000	0.000	0.000
282	  E	  0.2	  0.6	0.000	0.000	0.000
283	  D	  0.1	  1.4	0.216	0.000	0.000
284	  E	  0.0	  1.3	0.216	0.000	0.000
285	  S	  5.6	  1.2	0.216	0.000	0.000
286	  L	  7.6	  1.2	0.216	0.000	0.000
287	  S	  8.6	  0.4	0.216	0.000	0.000
288	  Y	  3.5	  0.4	0.216	0.000	0.000
289	  L	  1.2	  0.2	0.000	0.000	0.000
290	  P	  0.1	  0.6	0.000	0.000	0.000
291	  K	  0.1	  0.6	0.000	0.000	0.000
292	  D	  1.0	  0.6	0.000	0.000	0.000
293	  F	  2.3	  0.4	0.000	0.000	0.000
294	  Y	  4.4	  0.0	0.000	0.000	0.000
295	  K	  3.5	  0.0	0.000	0.000	0.000
296	  Y	  2.3	  0.2	0.000	0.000	0.000
297	  P	  0.1	  0.2	0.000	0.000	0.000
298	  E	  0.1	  0.2	0.000	0.000	0.000
299	  W	  1.0	  0.2	0.000	0.000	0.000
300	  V	  1.3	  0.0	0.000	0.000	0.000
301	  S	  1.3	  1.6	0.000	0.000	0.000
302	  E	  0.4	  1.6	0.000	0.000	0.000
303	  N	  1.5	  2.1	0.203	0.000	0.000
304	  V	  2.3	  2.1	0.203	1.981	1.981
305	  N	  2.3	  0.5	0.203	1.981	1.981
306	  A	  1.4	  0.5	0.203	2.351	2.351
307	  V	  3.9	  0.0	0.203	2.351	2.351
308	  F	  3.9	  0.0	0.203	2.351	2.351
309	  Y	  3.4	  0.2	0.000	0.593	0.593
310	  P	  0.2	  0.6	0.000	0.370	0.370
311	  K	  0.1	  0.6	0.000	0.000	0.000
312	  D	  1.0	  0.6	0.000	0.000	0.000
313	  F	  2.2	  0.4	0.000	0.000	0.000
314	  Y	  3.5	  0.0	0.000	0.000	0.000
315	  K	  3.4	  0.0	0.000	0.000	0.000
316	  Y	  3.5	  0.2	0.000	0.000	0.000
317	  Q	  2.6	  0.2	0.000	0.000	0.000
318	  D	  2.0	  0.2	0.000	0.000	0.000
319	  W	  0.8	  0.3	0.000	0.000	0.000
320	  I	  0.4	  0.5	0.000	0.000	0.000
321	  G	  0.1	  1.0	0.000	0.000	0.000
322	  E	  0.1	  1.1	0.000	0.000	0.000
323	  N	  0.0	  2.6	0.162	0.000	0.000
324	  D	  0.0	  2.2	0.162	0.000	0.000
325	  N	  0.1	  1.7	0.162	0.000	0.000
326	  A	  0.3	  1.7	0.162	0.000	0.000
327	  I	  3.1	  0.0	0.162	0.000	0.000
328	  F	  3.2	  0.0	0.162	0.000	0.000
329	  L	  2.9	  0.3	0.000	0.000	0.000
330	  P	  0.1	  0.4	0.000	0.000	0.000
331	  T	  0.4	  0.4	0.277	0.000	0.000
332	  D	  1.3	  0.4	0.655	0.000	0.000
333	  F	  2.5	  0.1	0.655	0.000	0.000
334	  Y	  3.5	  0.0	0.655	0.000	0.000
335	  K	  3.5	  0.0	0.655	0.000	0.000
336	  Y	  3.0	  0.0	0.655	0.000	0.000
337	  K	  1.8	  0.0	0.505	0.000	0.000
338	  E	  2.4	  0.0	0.249	0.000	0.000
339	  W	  2.7	  0.0	0.131	0.000	0.000
340	  T	  2.9	  0.0	0.000	0.000	0.000
341	  T	  1.2	  0.1	0.000	0.000	0.000
342	  E	  0.4	  0.3	0.000	0.000	0.000
343	  E	  0.1	  0.3	0.000	0.000	0.000
344	  N	  0.4	  0.3	0.146	0.000	0.000
345	  S	  0.8	  0.2	0.146	0.000	0.000
346	  I	  2.1	  0.0	0.146	0.312	0.312
347	  C	  3.4	  0.0	0.146	0.312	0.312
348	  F	  3.1	  0.0	0.146	0.312	0.312
349	  F	  1.8	  0.2	0.146	0.312	0.312
350	  P	  0.2	  0.6	0.000	0.312	0.312
351	  K	  0.1	  0.6	0.000	0.000	0.000
352	  D	  1.0	  0.6	0.000	0.000	0.000
353	  F	  2.2	  0.4	0.000	0.000	0.000
354	  F	  3.5	  0.0	0.000	0.000	0.000
355	  K	  3.4	  0.0	0.000	0.000	0.000
356	  Y	  3.5	  0.2	0.000	0.000	0.000
357	  Q	  2.6	  0.2	0.000	0.000	0.000
358	  D	  2.2	  0.2	0.000	0.000	0.000
359	  W	  1.6	  0.2	0.000	0.000	0.000
360	  T	  1.3	  0.0	0.000	0.000	0.000
361	  E	  0.8	  0.0	0.000	0.000	0.000
362	  I	  0.3	  0.0	0.000	0.000	0.000
363	  G	  0.4	  0.0	0.214	0.000	0.000
364	  Y	  1.1	  0.2	0.214	0.000	0.000
365	  A	  1.6	  0.2	0.214	0.000	0.000
366	  S	  2.5	  0.2	0.214	0.000	0.000
367	  Y	  1.8	  0.2	0.214	0.000	0.000
368	  L	  1.3	  0.1	0.214	0.000	0.000
369	  P	  0.2	  0.2	0.000	0.000	0.000
370	  C	  0.4	  0.2	0.000	0.000	0.000
371	  D	  1.4	  0.2	0.107	0.000	0.000
372	  F	  2.6	  0.1	0.107	0.000	0.000
373	  F	  3.5	  0.0	0.107	0.000	0.000
374	  K	  3.5	  0.0	0.107	0.000	0.000
375	  Y	  3.0	  0.0	0.107	0.000	0.000
376	  K	  1.8	  0.0	0.107	0.000	0.000
377	  E	  2.4	  0.0	0.000	0.000	0.000
378	  W	  2.9	  0.1	0.000	0.000	0.000
379	  T	  2.8	  0.1	0.000	0.000	0.000
380	  N	  1.2	  0.2	0.135	0.000	0.000
381	  E	  0.2	  0.2	0.135	0.000	0.000
382	  K	  0.3	  0.2	0.135	0.000	0.000
383	  E	  0.3	  0.3	0.135	0.000	0.000
384	  E	  0.3	  0.3	0.135	0.000	0.000
385	  S	  0.4	  0.2	0.135	0.000	0.000
386	  S	  1.5	  0.2	0.000	0.000	0.000
387	  F	  1.5	  0.1	0.000	0.000	0.000
388	  L	  1.3	  0.1	0.000	0.000	0.000
389	  P	  0.2	  0.2	0.000	0.000	0.000
390	  C	  0.4	  0.2	0.000	0.000	0.000
391	  D	  1.4	  0.2	0.106	0.000	0.000
392	  F	  2.6	  0.1	0.106	0.000	0.000
393	  F	  3.5	  0.0	0.106	0.000	0.000
394	  K	  3.5	  0.0	0.106	0.000	0.000
395	  Y	  3.0	  0.0	0.106	0.000	0.000
396	  K	  1.8	  0.0	0.106	0.000	0.000
397	  E	  2.4	  0.0	0.000	0.000	0.000
398	  W	  3.5	  0.0	0.000	0.000	0.000
399	  T	  3.5	  0.1	0.000	0.000	0.000
400	  S	  1.9	  0.2	0.000	0.000	0.000
401	  E	  0.7	  0.2	0.000	0.000	0.000
402	  K	  1.0	  0.2	0.000	0.000	0.000
403	  H	  1.9	  0.2	0.000	0.000	0.000
404	  T	  4.7	  0.2	0.000	0.000	0.000
405	  K	  4.6	  0.2	0.000	0.000	0.000
406	  S	  4.7	  0.2	0.000	0.000	0.000
407	  F	  1.6	  0.2	0.000	0.000	0.000
408	  L	  1.2	  0.1	0.000	0.000	0.000
409	  P	  0.2	  0.2	0.000	0.000	0.000
410	  C	  0.4	  0.2	0.000	0.000	0.000
411	  D	  1.3	  0.2	0.217	0.000	0.000
412	  F	  2.6	  0.1	0.217	0.000	0.000
413	  F	  3.5	  0.0	0.359	0.000	0.000
414	  K	  3.4	  0.0	0.559	0.000	0.000
415	  Y	  3.5	  0.2	0.559	0.000	0.000
416	  Q	  2.5	  0.2	0.559	0.000	0.000
417	  D	  2.2	  0.2	0.669	0.000	0.000
418	  W	  2.1	  0.3	0.669	0.000	0.000
419	  T	  1.9	  0.1	0.669	0.000	0.000
420	  N	  1.4	  0.2	0.669	0.000	0.000
421	  K	  0.3	  0.3	0.669	0.000	0.000
422	  K	  0.1	  0.6	0.110	0.000	0.000
423	  K	  0.1	  0.7	0.000	0.000	0.000
424	  D	  0.2	  0.5	0.000	0.000	0.000
425	  S	  0.5	  0.5	0.000	0.000	0.000
426	  I	  3.3	  0.1	0.000	0.000	0.000
427	  F	  3.2	  0.0	0.000	0.000	0.000
428	  L	  3.0	  0.4	0.000	0.000	0.000
429	  P	  0.1	  0.7	0.000	0.000	0.000
430	  S	  0.0	  0.7	0.000	0.000	0.000
431	  D	  0.7	  0.7	0.151	0.000	0.000
432	  F	  1.6	  0.3	0.151	1.456	1.456
433	  F	 13.3	  0.0	0.151	1.456	1.456
434	  T	 24.6	  0.0	0.526	1.456	1.456
435	  Y	 24.2	  0.0	0.526	1.456	1.456
436	  K	 13.4	  0.0	0.526	1.456	1.456
437	  E	  0.9	  0.0	0.376	1.456	1.456
438	  W	  0.9	  0.0	0.376	1.456	1.456
439	  V	  1.2	  0.0	0.376	1.306	1.306
440	  S	  1.2	  0.1	0.376	0.539	0.539
441	  E	  0.5	  0.1	0.130	0.000	0.000
442	  K	  1.0	  0.1	0.130	0.000	0.000
443	  V	  1.9	  0.1	0.000	0.000	0.000
444	  C	  2.5	  0.3	0.000	0.000	0.000
445	  S	  1.9	  0.3	0.000	0.000	0.000
446	  S	  2.0	  0.3	0.000	0.000	0.000
447	  F	  1.5	  0.3	0.000	0.000	0.000
448	  L	  1.2	  0.1	0.000	0.000	0.000
449	  P	  0.2	  0.2	0.000	0.000	0.000
450	  C	  0.4	  0.2	0.000	0.000	0.000
451	  D	  1.4	  0.2	0.107	0.000	0.000
452	  F	  2.6	  0.1	0.107	0.000	0.000
453	  F	  3.5	  0.0	0.107	0.000	0.000
454	  K	  3.5	  0.0	0.107	0.000	0.000
455	  Y	  3.0	  0.0	0.107	0.000	0.000
456	  K	  1.8	  0.0	0.107	0.000	0.000
457	  E	  2.4	  0.0	0.000	0.000	0.000
458	  W	  2.9	  0.1	0.000	0.000	0.000
459	  T	  2.8	  0.1	0.000	0.000	0.000
460	  N	  1.2	  0.2	0.000	0.000	0.000
461	  E	  0.3	  0.4	0.000	0.000	0.000
462	  K	  0.2	  0.7	0.000	0.000	0.000
463	  D	  0.2	  1.7	0.000	0.000	0.000
464	  D	  0.1	  4.2	0.000	0.000	0.000
465	  S	  0.7	  4.1	0.000	0.000	0.000
466	  S	  3.1	  3.8	0.000	0.000	0.000
467	  C	  3.2	  2.7	0.000	0.000	0.000
468	  L	  2.6	  0.1	0.000	0.000	0.000
469	  P	  0.2	  0.0	0.000	0.000	0.000
470	  C	  0.4	  0.0	0.000	0.000	0.000
471	  A	  0.6	  0.0	0.000	0.000	0.000
472	  F	  1.9	  0.0	0.000	0.000	0.000
473	  F	  2.9	  0.0	0.000	0.000	0.000
474	  K	  3.6	  0.0	0.000	0.000	0.000
475	  Y	  3.0	  0.0	0.000	0.000	0.000
476	  K	  1.8	  0.0	0.000	0.000	0.000
477	  E	  2.4	  0.0	0.000	0.000	0.000
478	  W	  3.5	  0.0	0.000	0.000	0.000
479	  T	  3.5	  0.1	0.278	0.000	0.000
480	  S	  1.9	  0.2	0.278	0.000	0.000
481	  E	  0.6	  0.2	0.278	0.000	0.000
482	  K	  0.6	  0.2	0.278	0.000	0.000
483	  K	  0.6	  0.1	0.278	0.000	0.000
484	  R	  0.2	  0.3	0.278	0.000	0.000
485	  P	  0.1	  0.3	0.000	0.000	0.000
486	  T	  6.8	  0.3	0.000	0.000	0.000
487	  F	  6.9	  0.3	0.000	0.000	0.000
488	  L	  6.9	  0.2	0.000	0.000	0.000
489	  P	  0.1	  0.4	0.000	0.000	0.000
490	  R	  0.2	  0.4	0.000	0.000	0.000
491	  D	  1.1	  0.4	0.929	0.000	0.000
492	  F	  3.0	  0.4	0.929	2.314	2.314
493	  F	  4.5	  0.1	0.929	2.314	2.314
494	  N	  4.1	  0.1	2.127	2.314	2.314
495	  M	  2.4	  0.1	2.127	2.314	2.314
496	  W	  1.4	  0.0	2.238	2.314	2.314
497	  K	  2.4	  0.0	2.238	0.000	0.000
498	  L	  2.3	  0.2	2.018	0.000	0.000
499	  E	  1.6	  0.2	1.831	0.000	0.000
500	  R	  0.2	  0.3	1.179	0.000	0.000
501	  G	  0.1	  0.3	0.613	0.000	0.000
502	  N	  3.2	  0.1	0.659	0.000	0.000
503	  V	  3.8	  0.1	0.513	0.000	0.000
504	  R	  4.0	  0.0	0.513	0.000	0.000
505	  T	  2.0	  0.1	0.513	0.000	0.000
506	  T	  2.4	  0.1	1.087	0.000	0.000
507	  R	  2.2	  0.1	1.087	0.000	0.000
508	  K	  1.2	  0.2	0.829	0.000	0.000
509	  K	  0.2	  0.2	0.574	0.000	0.000
510	  K	  0.6	  0.1	0.574	0.000	0.000
511	  L	  2.1	  0.1	0.574	0.000	0.000
512	  Q	  6.3	  0.0	0.451	0.000	0.000
513	  F	  6.1	  0.0	0.214	0.000	0.000
514	  S	  4.6	  0.3	0.437	0.000	0.000
515	  P	  0.4	  0.3	0.437	0.000	0.000
516	  E	  0.0	  0.3	0.437	0.000	0.000
517	  E	  3.6	  0.3	0.437	0.000	0.000
518	  I	  5.9	  0.1	0.437	0.000	0.000
519	  T	  6.8	  0.0	0.437	0.000	0.000
520	  S	  4.3	  0.0	0.437	0.000	0.000
521	  V	  2.4	  0.0	0.195	0.000	0.000
522	  L	  1.5	  0.0	0.195	0.000	0.000
523	  P	  0.5	  0.0	0.000	0.000	0.000
524	  C	  0.1	  0.5	0.000	0.000	0.000
525	  P	  0.0	  0.6	0.000	0.000	0.000
526	  E	  0.1	  0.6	0.000	0.000	0.000
527	  F	  0.3	  0.6	0.000	6.848	6.848
528	  G	  0.4	  0.1	0.616	7.377	7.377
529	  F	  1.4	  0.1	0.616	8.425	8.425
530	  D	  1.4	  0.1	1.275	8.425	8.425
531	  L	  1.8	  0.1	1.275	8.425	8.425
532	  I	  1.7	  0.1	1.275	8.425	8.425
533	  F	  2.7	  0.0	1.275	8.425	8.425
534	  Y	  3.1	  0.0	1.110	8.425	8.425
535	  K	  2.1	  0.0	0.783	8.425	8.425
536	  K	  0.9	  0.0	0.211	0.000	0.000
537	  P	  0.0	  0.0	0.000	0.000	0.000
538	  A	  0.1	  0.0	0.000	0.000	0.000
539	  A	  0.2	  0.0	0.000	0.000	0.000
540	  L	  1.9	  0.0	0.000	0.000	0.000
541	  E	  2.4	  0.0	0.000	0.000	0.000
542	  V	  3.3	  0.0	0.000	0.000	0.000
543	  V	  1.7	  0.1	0.000	0.000	0.000
544	  G	  1.2	  0.3	0.000	0.000	0.000
545	  A	  0.2	  0.3	0.000	0.000	0.000
546	  Q	  0.5	  0.3	0.000	0.000	0.000
547	  R	  0.7	  0.1	0.000	0.000	0.000
548	  I	  1.2	  0.0	0.000	0.000	0.000
549	  C	  1.4	  0.0	0.000	0.000	0.000
550	  S	  1.2	  0.0	0.000	0.000	0.000
551	  W	  0.6	  0.0	0.000	0.000	0.000
