res	aa	Beta	Turn	Helix	Aggregation	Conc-Stab_Aggregation
01	  M	  1.6	  0.1	0.000	0.000	0.000
02	  K	  1.9	  0.1	0.000	0.000	0.000
03	  L	  2.4	  0.1	0.000	3.962	3.962
04	  F	  1.5	  0.1	0.000	4.345	4.345
05	  W	  1.8	  0.0	0.000	4.345	4.345
06	  I	  1.5	  0.0	0.000	4.345	4.345
07	  F	  0.7	  0.2	0.000	4.345	4.345
08	  P	  0.1	  0.2	0.000	1.631	1.631
09	  A	  0.3	  0.2	0.000	1.759	1.759
10	  I	  1.0	  0.2	0.000	5.618	5.618
11	  F	  1.5	  0.0	0.000	7.850	7.850
12	  A	  1.3	  0.1	0.000	8.108	8.108
13	  Q	  0.7	  0.1	0.000	8.421	8.421
14	  S	  0.4	  0.1	0.000	15.967	15.967
15	  I	  2.5	  0.1	0.000	76.118	76.118
16	  L	  2.8	  0.0	0.000	81.302	81.302
17	  I	  3.5	  0.0	0.000	82.030	82.030
18	  S	  2.0	  0.1	0.000	80.096	80.096
19	  T	  3.2	  0.1	0.000	80.454	80.454
20	  T	  2.9	  0.1	0.000	81.240	81.240
21	  T	  3.2	  0.1	0.000	82.838	82.838
22	  A	  2.0	  0.1	0.000	85.681	85.681
23	  T	  3.9	  0.1	0.000	89.031	89.031
24	  L	  5.2	  0.1	0.000	94.410	94.410
25	  T	  9.0	  0.0	0.000	94.527	94.527
26	  V	 10.7	  0.0	0.000	94.446	94.446
27	  Y	  8.8	  0.0	0.000	92.424	92.424
28	  V	 28.9	  0.0	0.000	86.597	86.597
29	  T	 25.1	  0.0	0.000	34.698	34.698
30	  V	 24.6	  0.7	0.000	4.249	4.249
31	  P	  0.5	  0.8	0.000	1.883	1.883
32	  G	  0.0	  0.8	0.000	0.000	0.000
33	  H	  0.0	  0.8	0.000	0.000	0.000
34	  L	  0.0	  0.1	0.000	0.000	0.000
35	  P	  0.0	  0.3	0.000	0.000	0.000
36	  P	  0.0	  0.3	0.000	0.000	0.000
37	  H	  0.2	  0.4	0.000	0.000	0.000
38	  H	  0.5	  0.4	0.000	0.000	0.000
39	  S	  1.0	  0.1	0.118	0.000	0.000
40	  V	  5.1	  0.1	0.118	0.000	0.000
41	  M	  5.3	  0.1	0.118	0.000	0.000
42	  L	  5.2	  0.1	0.118	0.000	0.000
43	  N	  1.0	  0.6	0.440	0.000	0.000
44	  S	  0.6	  0.6	0.742	0.000	0.000
45	  S	  0.3	  0.5	0.929	0.000	0.000
46	  M	  0.3	  0.5	0.929	0.000	0.000
47	  A	  0.3	  0.3	0.929	0.000	0.000
48	  A	  0.2	  0.3	0.929	0.000	0.000
49	  N	  0.2	  0.4	0.929	0.000	0.000
50	  H	  1.1	  0.4	0.305	0.000	0.000
51	  T	  2.7	  0.3	0.000	0.000	0.000
52	  Q	  2.5	  0.2	0.000	0.000	0.000
53	  Q	  1.6	  0.3	0.000	0.000	0.000
54	  G	  0.0	  0.2	0.000	0.000	0.000
55	  P	  0.0	  0.1	0.000	0.000	0.000
56	  S	  0.0	  0.1	0.000	0.000	0.000
57	  P	  0.0	  1.0	0.000	0.000	0.000
58	  P	  0.0	  1.0	0.000	0.000	0.000
59	  G	  0.0	  1.0	0.000	0.000	0.000
60	  L	  0.1	  1.0	0.000	0.000	0.000
61	  V	  0.1	  0.0	0.000	0.000	0.000
62	  P	  0.1	  0.2	0.000	0.000	0.000
63	  R	  0.1	  0.2	0.000	0.000	0.000
64	  N	  0.2	  0.2	0.000	0.000	0.000
65	  N	  1.0	  0.2	0.000	0.266	0.266
66	  F	 10.6	  0.0	0.000	1.440	1.440
67	  T	 36.8	  0.0	0.000	1.440	1.440
68	  Y	 40.0	  0.0	0.000	1.440	1.440
69	  S	 36.1	  0.0	0.000	1.440	1.440
70	  F	 11.8	  0.0	0.000	1.440	1.440
71	  E	  5.8	  0.0	0.000	0.000	0.000
72	  S	  1.4	  0.2	0.000	0.000	0.000
73	  P	  0.0	  0.2	0.000	0.000	0.000
74	  E	  0.1	  0.2	0.000	0.000	0.000
75	  I	  0.1	  0.2	0.000	0.000	0.000
76	  P	  0.1	  0.1	0.000	0.000	0.000
77	  L	  0.3	  0.1	0.000	0.000	0.000
78	  N	  0.7	  0.1	0.000	0.000	0.000
79	  T	  6.6	  0.1	0.000	0.000	0.000
80	  K	  6.4	  0.0	0.000	0.000	0.000
81	  S	  5.9	  0.3	0.000	0.000	0.000
82	  P	  0.0	  0.2	0.000	0.000	0.000
83	  L	  0.1	  0.2	0.000	0.000	0.000
84	  A	  0.2	  0.3	0.000	0.000	0.000
85	  S	  2.2	  0.2	0.000	0.000	0.000
86	  T	  2.9	  0.3	0.000	0.000	0.000
87	  S	  4.8	  0.6	0.000	0.000	0.000
88	  T	  4.1	  0.6	0.000	0.000	0.000
89	  S	  3.6	  0.4	0.000	0.000	0.000
90	  S	  1.7	  0.3	0.000	0.000	0.000
91	  V	  0.5	  0.3	0.000	0.000	0.000
92	  P	  0.2	  0.2	0.000	0.000	0.000
93	  L	  0.7	  0.2	0.000	0.000	0.000
94	  F	  2.3	  0.2	0.000	0.000	0.000
95	  V	  4.3	  0.0	0.000	0.000	0.000
96	  R	  4.3	  0.0	0.000	0.000	0.000
97	  S	  2.8	  0.0	0.000	0.000	0.000
98	  T	  0.7	  0.0	0.340	0.000	0.000
99	  P	  0.1	  0.1	0.340	0.000	0.000
100	  A	  0.2	  0.1	0.340	0.000	0.000
101	  T	  0.9	  0.2	0.340	0.000	0.000
102	  R	  1.0	  0.2	0.340	0.000	0.000
103	  H	  0.9	  0.2	0.340	0.000	0.000
104	  S	  0.4	  0.3	0.000	0.000	0.000
105	  K	  0.5	  0.2	0.000	0.000	0.000
106	  Q	  4.6	  0.2	0.000	0.000	0.000
107	  V	  5.1	  0.1	0.000	0.000	0.000
108	  E	  5.0	  0.1	0.000	0.000	0.000
109	  P	  0.7	  0.2	0.000	0.000	0.000
110	  T	  1.2	  0.2	0.000	0.000	0.000
111	  S	  1.9	  0.3	0.000	0.000	0.000
112	  K	  2.4	  0.2	0.000	0.000	0.000
113	  R	  2.7	  0.1	0.000	0.000	0.000
114	  V	  3.4	  0.1	0.000	0.000	0.000
115	  K	  3.3	  0.0	0.000	0.000	0.000
116	  T	  2.2	  0.1	0.000	0.000	0.000
117	  Q	  0.8	  0.1	0.000	0.000	0.000
118	  E	  0.5	  0.1	0.000	0.000	0.000
119	  E	  0.1	  0.1	0.000	0.000	0.000
120	  T	  8.9	  0.1	0.000	0.000	0.000
121	  V	  9.2	  0.0	0.000	0.000	0.000
122	  A	  9.2	  0.3	0.000	0.000	0.000
123	  P	  0.4	  0.3	0.000	0.000	0.000
124	  S	  3.4	  0.3	0.000	0.000	0.000
125	  V	  4.1	  0.3	0.000	0.000	0.000
126	  T	  4.3	  0.0	0.000	0.000	0.000
127	  E	  0.9	  0.0	0.000	0.000	0.000
128	  M	  0.2	  0.0	0.000	0.000	0.000
129	  P	  0.0	  1.7	0.000	0.000	0.000
130	  P	  0.0	  1.9	0.000	0.000	0.000
131	  S	  0.0	  2.1	0.000	0.000	0.000
132	  G	  0.1	  2.1	0.000	0.000	0.000
133	  I	  0.7	  0.4	0.000	0.000	0.000
134	  S	  0.8	  0.3	0.143	0.000	0.000
135	  S	  0.9	  0.2	0.143	0.000	0.000
136	  K	  0.5	  0.2	0.143	0.000	0.000
137	  L	  1.0	  0.2	0.143	0.000	0.000
138	  L	  1.0	  0.1	0.143	0.000	0.000
139	  D	  0.7	  0.0	0.143	0.000	0.000
140	  P	  0.1	  0.0	0.000	0.000	0.000
141	  V	  7.4	  0.0	0.000	0.000	0.000
142	  V	 11.5	  0.0	0.000	0.000	0.000
143	  I	 11.6	  0.0	0.000	0.000	0.000
144	  S	  4.4	  0.1	0.000	0.000	0.000
145	  E	  0.3	  0.2	0.000	0.000	0.000
146	  T	  0.2	  0.2	0.000	0.000	0.000
147	  S	  0.4	  0.9	0.000	0.000	0.000
148	  E	  0.3	  0.8	0.000	0.000	0.000
149	  S	  2.8	  1.0	0.094	0.000	0.000
150	  I	  3.8	  1.0	0.094	0.000	0.000
151	  D	  4.2	  0.3	0.094	0.000	0.000
152	  T	  6.4	  0.3	0.094	22.091	22.091
153	  V	 11.6	  0.0	0.094	56.859	56.859
154	  V	 14.8	  0.0	0.094	63.091	63.091
155	  I	 13.3	  0.0	0.094	63.542	63.542
156	  S	  8.3	  0.0	0.858	63.542	63.542
157	  M	  5.0	  0.0	0.858	62.522	62.522
158	  T	  3.8	  0.0	1.027	58.632	58.632
159	  T	  5.8	  0.0	1.027	55.954	55.954
160	  V	  6.7	  0.0	1.027	54.342	54.342
161	  A	  4.9	  0.1	1.027	34.649	34.649
162	  A	  1.3	  0.2	0.893	17.853	17.853
163	  S	  0.9	  0.2	0.776	3.543	3.543
164	  T	  1.4	  0.2	0.000	1.786	1.786
165	  V	  1.3	  0.1	0.000	0.728	0.728
166	  P	  0.7	  0.0	0.000	0.323	0.323
167	  R	  0.2	  0.0	0.000	0.000	0.000
168	  A	  0.4	  0.0	0.000	0.000	0.000
169	  T	  0.9	  0.0	0.000	0.000	0.000
170	  S	  3.4	  0.8	0.000	0.000	0.000
171	  M	  3.4	  0.8	0.000	0.000	0.000
172	  D	  3.0	  0.9	0.474	0.000	0.000
173	  T	  0.4	  1.0	0.474	0.000	0.000
174	  E	  0.3	  0.2	0.474	0.000	0.000
175	  T	  0.4	  0.2	0.474	0.000	0.000
176	  N	  0.6	  0.7	0.474	0.000	0.000
177	  L	  0.8	  0.6	0.474	0.000	0.000
178	  S	  0.7	  0.7	0.289	0.000	0.000
179	  S	  0.7	  0.8	0.155	0.000	0.000
180	  Q	  0.8	  0.3	0.000	0.000	0.000
181	  K	  0.9	  0.2	0.000	0.000	0.000
182	  E	  0.7	  0.1	0.000	0.000	0.000
183	  A	  0.3	  1.4	0.000	0.000	0.000
184	  P	  0.0	  1.6	0.000	0.000	0.000
185	  S	  0.0	  1.8	0.000	0.000	0.000
186	  G	  0.1	  1.8	0.000	0.000	0.000
187	  I	  0.2	  0.4	0.000	0.000	0.000
188	  F	  0.2	  0.4	0.000	0.000	0.000
189	  P	  0.1	  0.4	0.000	0.000	0.000
190	  Q	  0.0	  0.6	0.000	0.000	0.000
191	  S	  0.0	  0.6	0.000	0.000	0.000
192	  D	  0.0	  2.4	0.000	0.000	0.000
193	  E	  0.1	  2.3	0.000	0.000	0.000
194	  S	  0.4	  2.2	0.290	0.000	0.000
195	  A	  0.4	  2.3	0.290	0.000	0.000
196	  E	  0.4	  0.3	0.290	0.000	0.000
197	  S	  0.4	  0.4	0.922	0.000	0.000
198	  A	  0.4	  0.4	0.922	0.000	0.000
199	  E	  0.4	  0.3	0.922	0.000	0.000
200	  S	  0.4	  0.4	2.025	0.000	0.000
201	  A	  0.4	  0.4	1.917	0.000	0.000
202	  E	  0.8	  0.3	1.917	0.000	0.000
203	  S	  0.6	  0.4	1.736	0.000	0.000
204	  K	  1.0	  0.2	1.588	0.000	0.000
205	  L	  0.8	  0.2	1.402	0.000	0.000
206	  S	  1.2	  0.1	0.757	0.000	0.000
207	  T	  2.9	  0.2	0.136	0.000	0.000
208	  R	  3.1	  0.2	0.136	0.000	0.000
209	  S	  4.4	  0.4	0.000	0.000	0.000
210	  T	  2.7	  0.4	0.108	0.000	0.000
211	  S	  2.5	  0.4	0.965	0.000	0.000
212	  A	  0.5	  0.3	0.965	0.000	0.000
213	  A	  0.1	  0.1	0.965	0.000	0.000
214	  E	  0.1	  0.1	0.965	0.000	0.000
215	  T	  1.6	  0.1	0.965	0.000	0.000
216	  R	  1.8	  0.2	0.965	0.000	0.000
217	  Q	  1.9	  0.1	0.645	0.000	0.000
218	  T	  0.7	  0.1	0.000	0.000	0.000
219	  S	  0.5	  0.1	0.000	0.000	0.000
220	  E	  0.4	  0.6	0.000	0.000	0.000
221	  P	  0.0	  0.7	0.000	0.000	0.000
222	  D	  0.1	  1.2	0.000	0.000	0.000
223	  S	  0.2	  1.6	0.000	0.000	0.000
224	  R	  0.2	  1.1	0.000	0.000	0.000
225	  G	  0.1	  1.0	0.000	0.000	0.000
226	  S	  0.2	  0.5	0.000	0.000	0.000
227	  I	  0.2	  0.1	0.000	0.000	0.000
228	  G	  0.2	  0.0	0.000	0.000	0.000
229	  P	  0.0	  0.0	0.000	0.000	0.000
230	  V	  9.7	  0.0	0.000	0.000	0.000
231	  V	 10.4	  0.0	0.000	0.000	0.000
232	  E	 10.4	  0.0	0.000	0.000	0.000
233	  P	  0.7	  0.0	0.000	0.000	0.000
234	  L	  0.0	  0.0	0.000	0.000	0.000
235	  Q	  0.0	  0.0	0.000	0.000	0.000
236	  P	  0.0	  0.6	0.000	0.000	0.000
237	  P	  0.0	  0.6	0.000	0.000	0.000
238	  S	  0.1	  0.6	0.000	0.000	0.000
239	  A	  0.1	  1.0	0.000	0.000	0.000
240	  P	  0.1	  0.5	0.000	0.000	0.000
241	  S	  0.3	  0.5	0.000	0.000	0.000
242	  L	  1.0	  0.5	0.000	0.000	0.000
243	  V	  1.6	  0.0	0.000	0.000	0.000
244	  T	  1.2	  0.4	0.000	0.000	0.000
245	  P	  0.6	  0.5	0.000	0.000	0.000
246	  T	  0.5	  0.5	0.000	0.000	0.000
247	  D	  0.6	  2.1	0.000	0.000	0.000
248	  S	  1.4	  2.6	0.000	0.000	0.000
249	  S	  1.8	  3.2	0.000	0.000	0.000
250	  S	  2.2	  3.1	0.000	0.000	0.000
251	  S	  1.5	  1.5	0.000	0.000	0.000
252	  T	  0.6	  0.8	0.000	0.000	0.000
253	  P	  0.1	  0.1	0.000	0.000	0.000
254	  F	  0.0	  0.1	0.000	0.000	0.000
255	  A	  0.0	  0.1	0.000	0.000	0.000
256	  P	  0.0	  0.0	0.000	0.000	0.000
257	  P	  0.0	  0.0	0.000	0.000	0.000
258	  A	  0.0	  0.0	0.000	0.000	0.000
259	  P	  0.0	  0.0	0.000	0.000	0.000
260	  P	  0.0	  0.0	0.000	0.000	0.000
261	  A	  0.0	  0.0	0.000	0.000	0.000
262	  S	  0.0	  0.0	0.000	0.000	0.000
263	  P	  0.0	  0.0	0.000	0.000	0.000
264	  P	  0.0	  0.2	0.000	0.000	0.000
265	  A	  0.3	  0.2	0.000	0.000	0.000
266	  S	  0.3	  0.2	0.000	0.000	0.000
267	  S	  0.3	  0.8	0.000	0.000	0.000
268	  P	  0.0	  0.8	0.000	0.000	0.000
269	  L	  0.0	  1.6	0.000	0.000	0.000
270	  G	  0.0	  1.6	0.000	0.000	0.000
271	  S	  0.5	  1.0	0.000	0.000	0.000
272	  T	 13.7	  0.8	0.000	0.000	0.000
273	  I	 15.6	  0.1	0.000	0.000	0.000
274	  S	 15.3	  0.0	0.000	0.000	0.000
275	  Q	  2.5	  0.0	0.000	0.000	0.000
276	  P	  0.1	  0.0	0.000	0.000	0.000
277	  I	  0.0	  2.4	0.000	0.000	0.000
278	  G	  0.0	  2.5	0.000	0.000	0.000
279	  N	  0.2	  2.5	0.000	0.000	0.000
280	  S	  0.2	  2.5	0.000	0.000	0.000
281	  S	  0.2	  0.0	0.000	0.000	0.000
282	  P	  0.1	  0.0	0.000	0.000	0.000
283	  S	  0.1	  0.0	0.000	0.000	0.000
284	  P	  0.0	  0.0	0.000	0.000	0.000
285	  E	  0.0	  0.1	0.000	0.000	0.000
286	  P	  0.0	  0.1	0.000	0.000	0.000
287	  T	  5.2	  0.1	0.000	0.000	0.000
288	  T	  5.3	  0.1	0.000	0.000	0.000
289	  S	  5.3	  0.4	0.000	0.000	0.000
290	  P	  0.1	  0.4	0.000	0.000	0.000
291	  K	  0.0	  0.4	0.000	0.000	0.000
292	  D	  0.0	  0.6	0.000	0.000	0.000
293	  P	  0.0	  0.2	0.000	0.000	0.000
294	  K	  0.7	  0.2	0.000	0.000	0.000
295	  I	  1.7	  0.2	0.000	0.000	0.000
296	  S	  3.7	  0.3	0.000	0.000	0.000
297	  T	  4.2	  0.4	0.000	0.000	0.000
298	  S	  3.4	  0.4	0.247	0.000	0.000
299	  S	  1.6	  0.4	0.503	0.000	0.000
300	  A	  0.5	  0.2	0.503	0.000	0.000
301	  I	  0.8	  0.0	0.503	0.000	0.000
302	  A	  0.5	  0.1	0.503	0.000	0.000
303	  E	  0.4	  0.2	0.503	0.000	0.000
304	  S	  9.6	  0.2	0.385	0.000	0.000
305	  L	  9.7	  0.2	0.000	0.000	0.000
306	  S	  9.7	  0.3	0.000	0.000	0.000
307	  P	  0.1	  0.3	0.000	0.000	0.000
308	  E	  0.6	  0.3	0.000	0.000	0.000
309	  M	  1.2	  0.3	0.000	0.000	0.000
310	  T	  1.9	  0.1	0.000	0.000	0.000
311	  S	  1.7	  0.1	0.000	0.000	0.000
312	  T	  6.8	  0.1	0.000	0.000	0.000
313	  V	  7.5	  0.1	0.000	0.000	0.000
314	  H	  7.7	  0.0	0.000	0.000	0.000
315	  T	  6.8	  0.0	0.000	0.000	0.000
316	  T	  5.4	  0.0	0.000	0.000	0.000
317	  S	  4.8	  0.2	0.000	0.000	0.000
318	  P	  0.1	  0.2	0.000	0.000	0.000
319	  L	  1.9	  0.2	0.000	0.393	0.393
320	  V	  4.7	  0.2	0.000	0.393	0.393
321	  L	  5.0	  0.1	0.000	0.393	0.393
322	  S	  3.5	  0.2	0.000	0.393	0.393
323	  S	  0.7	  0.2	0.222	0.393	0.393
324	  T	  0.7	  0.2	1.314	0.000	0.000
325	  A	  0.4	  0.2	1.314	0.000	0.000
326	  E	  0.5	  0.1	1.314	0.000	0.000
327	  E	  0.4	  0.2	1.314	0.000	0.000
328	  K	  0.7	  0.2	1.314	0.000	0.000
329	  S	  0.9	  0.3	1.092	0.000	0.000
330	  A	  0.8	  0.3	0.723	0.000	0.000
331	  H	  1.3	  0.2	0.484	0.000	0.000
332	  K	  1.0	  0.2	0.186	0.000	0.000
333	  E	  0.8	  0.2	0.000	0.000	0.000
334	  P	  0.1	  0.3	0.000	0.000	0.000
335	  S	  0.6	  0.7	0.000	0.000	0.000
336	  T	  1.2	  0.7	0.000	0.000	0.000
337	  N	  1.3	  0.6	0.000	0.000	0.000
338	  Q	  1.8	  0.5	0.000	0.000	0.000
339	  K	  1.3	  0.1	0.000	0.000	0.000
340	  E	  1.1	  0.1	0.000	0.000	0.000
341	  P	  0.1	  0.0	0.000	0.000	0.000
342	  F	  1.6	  0.1	0.000	0.000	0.000
343	  S	  2.4	  0.8	0.000	0.000	0.000
344	  S	  2.6	  0.8	0.000	0.000	0.000
345	  S	  1.3	  0.8	0.000	0.000	0.000
346	  I	  0.6	  0.7	0.000	0.000	0.000
347	  Q	  0.7	  0.0	0.000	0.000	0.000
348	  S	 11.0	  0.1	0.000	0.000	0.000
349	  V	 22.8	  0.1	0.000	0.000	0.000
350	  S	 22.7	  0.1	0.000	0.000	0.000
351	  V	 13.6	  0.1	0.000	0.000	0.000
352	  P	  0.2	  0.0	0.000	0.000	0.000
353	  L	  0.3	  0.0	0.000	0.000	0.000
354	  T	  1.3	  0.0	0.000	0.000	0.000
355	  Q	  1.4	  0.0	0.000	0.000	0.000
356	  A	  1.1	  0.0	0.000	0.000	0.000
357	  P	  0.0	  0.0	0.000	0.000	0.000
358	  Y	  0.0	  0.8	0.000	0.000	0.000
359	  P	  0.0	  0.8	0.000	0.000	0.000
360	  S	  4.1	  1.1	0.000	0.000	0.000
361	  V	  5.1	  1.2	0.000	0.000	0.000
362	  D	  5.1	  1.8	0.000	0.000	0.000
363	  S	  1.8	  2.4	0.000	0.000	0.000
364	  S	  1.1	  2.1	0.000	0.000	0.000
365	  S	  1.6	  2.1	0.000	0.000	0.000
366	  T	  7.4	  0.7	0.000	0.000	0.000
367	  F	  9.1	  0.1	0.000	0.000	0.000
368	  F	  8.9	  0.1	0.000	0.000	0.000
369	  S	  2.7	  0.1	0.000	0.000	0.000
370	  E	  0.9	  0.1	0.000	0.000	0.000
371	  V	  4.2	  0.1	0.000	0.210	0.210
372	  I	 14.9	  0.0	0.000	0.210	0.210
373	  T	 16.4	  0.0	0.000	0.210	0.210
374	  M	 12.8	  0.0	0.000	0.210	0.210
375	  V	  2.3	  0.0	0.000	0.210	0.210
376	  P	  0.0	  0.5	0.000	0.000	0.000
377	  P	  0.0	  0.5	0.000	0.000	0.000
378	  S	  8.4	  0.7	0.000	0.000	0.000
379	  F	 11.3	  0.7	0.000	0.000	0.000
380	  N	 12.2	  0.5	3.378	0.000	0.000
381	  Y	  7.4	  0.6	3.378	0.000	0.000
382	  S	  4.4	  0.4	3.378	0.000	0.000
383	  A	  3.7	  0.4	3.378	0.000	0.000
384	  K	  0.5	  0.1	3.378	0.000	0.000
385	  F	  0.3	  0.2	3.378	0.000	0.000
386	  P	  0.1	  0.3	0.000	0.000	0.000
387	  F	  0.5	  1.8	0.000	0.000	0.000
388	  N	  0.5	  2.1	0.000	0.000	0.000
389	  G	  0.5	  2.0	0.000	0.000	0.000
390	  S	  0.9	  1.9	0.000	0.450	0.450
391	  Y	  1.8	  0.4	0.000	0.711	0.711
392	  I	  4.3	  0.0	0.000	0.711	0.711
393	  S	  4.6	  0.0	0.000	0.711	0.711
394	  I	  4.1	  0.0	0.000	0.711	0.711
395	  I	  1.5	  0.3	0.000	0.261	0.261
396	  P	  0.4	  0.5	0.000	0.000	0.000
397	  S	  0.0	  0.6	0.000	0.000	0.000
398	  D	  0.7	  0.6	0.000	0.000	0.000
399	  T	  4.9	  0.3	0.000	0.000	0.000
400	  I	  5.0	  0.1	0.000	0.000	0.000
401	  Y	  4.4	  0.0	0.000	0.000	0.000
402	  P	  0.1	  0.0	0.000	0.000	0.000
403	  V	  1.3	  0.1	0.000	0.000	0.000
404	  S	  1.3	  1.2	0.000	0.000	0.000
405	  S	  1.3	  1.2	0.000	0.000	0.000
406	  N	  0.4	  1.2	0.000	0.000	0.000
407	  T	  1.3	  1.2	0.000	0.000	0.000
408	  T	 13.9	  0.0	0.000	0.000	0.000
409	  I	 13.6	  0.1	0.000	0.000	0.000
410	  S	 12.8	  0.3	0.000	0.000	0.000
411	  N	  0.2	  1.5	0.000	0.000	0.000
412	  S	  0.2	  2.8	0.000	0.000	0.000
413	  S	  0.2	  2.9	0.000	0.000	0.000
414	  N	  1.0	  2.7	0.000	0.000	0.000
415	  S	  8.7	  1.7	0.000	0.000	0.000
416	  F	  9.3	  0.4	0.000	0.132	0.132
417	  N	  8.7	  0.2	0.000	0.132	0.132
418	  T	  1.9	  0.2	0.000	0.132	0.132
419	  T	 12.9	  0.0	0.000	0.132	0.132
420	  I	 12.6	  0.1	0.000	0.132	0.132
421	  S	 11.8	  0.3	0.000	0.000	0.000
422	  N	  0.2	  1.6	0.000	0.000	0.000
423	  S	  0.2	  3.0	0.000	0.000	0.000
424	  S	  0.2	  3.1	0.000	0.000	0.000
425	  N	  0.2	  4.3	0.000	0.000	0.000
426	  S	  0.2	  4.6	0.000	0.000	0.000
427	  S	  0.2	  3.4	0.000	0.000	0.000
428	  N	  0.2	  4.6	0.000	0.000	0.000
429	  S	  0.2	  4.8	0.000	0.000	0.000
430	  S	  0.2	  3.5	0.000	0.000	0.000
431	  N	  0.2	  3.3	0.000	0.000	0.000
432	  S	  0.4	  1.9	0.000	0.223	0.223
433	  L	  0.8	  0.2	0.000	0.506	0.506
434	  I	  1.8	  0.0	0.000	0.506	0.506
435	  Y	  3.5	  0.1	0.000	0.506	0.506
436	  S	  3.6	  0.1	0.000	0.506	0.506
437	  H	  6.0	  0.1	0.000	0.283	0.283
438	  F	  4.3	  0.4	0.000	0.283	0.283
439	  S	  3.7	  0.8	0.000	0.000	0.000
440	  D	  0.4	  0.8	0.000	0.000	0.000
441	  S	  0.2	  0.8	0.000	0.000	0.000
442	  S	  0.1	  1.1	0.000	0.000	0.000
443	  P	  0.0	  0.6	0.000	0.000	0.000
444	  T	  0.5	  0.7	0.000	0.000	0.000
445	  D	  0.6	  0.7	0.000	0.000	0.000
446	  S	 11.1	  0.3	0.540	0.000	0.000
447	  V	 11.4	  0.2	0.540	0.000	0.000
448	  S	 11.4	  0.2	0.540	0.000	0.000
449	  T	  1.5	  0.2	0.540	0.000	0.000
450	  A	  0.6	  0.1	0.540	0.000	0.000
451	  C	  0.6	  0.2	0.540	0.000	0.000
452	  K	  0.3	  0.2	0.271	0.000	0.000
453	  T	  1.6	  0.6	0.000	0.000	0.000
454	  S	  1.5	  1.0	0.000	0.000	0.000
455	  S	  1.4	  1.2	0.000	0.000	0.000
456	  G	  0.1	  1.2	0.000	0.000	0.000
457	  A	  0.3	  0.7	0.000	0.000	0.000
458	  L	  2.9	  0.3	0.000	0.000	0.000
459	  I	  3.2	  0.0	0.000	0.000	0.000
460	  L	  2.9	  0.2	0.000	0.000	0.000
461	  P	  0.3	  0.2	0.000	0.000	0.000
462	  T	  2.2	  0.3	0.000	0.000	0.000
463	  R	  2.7	  0.3	0.000	0.000	0.000
464	  S	  2.7	  0.1	0.000	0.000	0.000
465	  R	  0.6	  0.1	0.000	0.000	0.000
466	  P	  0.0	  0.0	0.000	0.000	0.000
467	  P	  0.0	  0.0	0.000	0.000	0.000
468	  V	  0.4	  0.0	0.000	0.000	0.000
469	  Q	  0.5	  0.0	0.000	0.000	0.000
470	  T	  1.6	  0.2	0.000	0.000	0.000
471	  R	  1.2	  0.4	0.000	0.000	0.000
472	  K	  1.1	  0.4	0.000	0.000	0.000
473	  G	  0.1	  0.3	0.000	0.000	0.000
474	  L	  0.7	  0.2	0.000	0.000	0.000
475	  V	  1.4	  0.2	0.000	0.000	0.000
476	  S	  1.8	  0.2	0.000	0.000	0.000
477	  G	  1.1	  0.2	0.000	0.000	0.000
478	  S	  0.5	  0.2	0.000	0.000	0.000
479	  P	  0.0	  0.0	0.000	0.000	0.000
480	  T	  0.0	  0.1	0.000	0.000	0.000
481	  P	  0.0	  0.1	0.000	0.000	0.000
482	  C	  0.2	  0.1	0.000	0.000	0.000
483	  L	  0.2	  0.1	0.000	0.000	0.000
484	  P	  0.2	  0.0	0.000	0.884	0.884
485	  W	  1.2	  0.0	0.000	77.636	77.636
486	  V	  5.3	  0.0	0.000	95.259	95.259
487	  I	  9.5	  0.0	0.000	96.699	96.699
488	  S	  8.9	  0.0	0.000	96.821	96.821
489	  V	  8.1	  0.0	0.000	97.809	97.809
490	  A	  3.9	  0.0	0.000	97.030	97.030
491	  M	  3.6	  0.0	0.000	96.216	96.216
492	  G	  0.5	  0.0	0.000	95.173	95.173
493	  I	  3.1	  0.0	0.000	95.604	95.604
494	  V	 10.8	  0.0	0.000	94.448	94.448
495	  S	 11.2	  0.0	0.000	80.371	80.371
496	  V	 15.6	  0.0	0.000	78.608	78.608
497	  L	  7.5	  0.0	0.000	57.213	57.213
498	  L	  7.0	  0.0	0.000	4.766	4.766
499	  P	  0.1	  0.0	0.000	0.000	0.000
