res	aa	Beta	Turn	Helix	Aggregation	Conc-Stab_Aggregation
01	  M	  1.9	  0.0	0.000	0.000	0.000
02	  Q	  3.7	  0.0	0.000	0.000	0.000
03	  I	  4.0	  0.0	0.000	0.000	0.000
04	  L	  2.2	  0.0	0.000	0.000	0.000
05	  P	  0.3	  0.0	1.764	1.111	1.111
06	  V	  1.9	  0.0	1.764	88.916	88.916
07	  F	  2.6	  0.0	2.182	96.074	96.074
08	  A	  2.7	  0.0	2.951	96.620	96.620
09	  L	  0.8	  0.0	2.951	97.225	97.225
10	  A	  0.3	  0.0	2.951	97.228	97.228
11	  A	  0.4	  0.0	2.951	96.130	96.130
12	  L	  1.0	  0.0	2.805	95.113	95.113
13	  V	  2.9	  0.0	2.432	89.223	89.223
14	  S	  2.7	  0.9	2.432	17.404	17.404
15	  A	  2.1	  0.9	0.941	8.396	8.396
16	  G	  0.1	  0.9	0.646	0.749	0.749
17	  Q	  1.1	  0.9	0.138	0.061	0.061
18	  W	  1.5	  0.1	0.000	0.051	0.051
19	  D	  4.2	  0.1	0.000	0.000	0.000
20	  T	  3.9	  0.1	0.000	0.000	0.000
21	  Y	  3.6	  0.4	0.000	0.000	0.000
22	  P	  0.8	  0.3	0.000	0.000	0.000
23	  K	  0.2	  0.3	0.000	0.000	0.000
24	  V	  0.2	  0.3	0.000	0.000	0.000
25	  P	  0.2	  0.2	0.000	0.000	0.000
26	  K	  0.3	  0.2	0.000	0.000	0.000
27	  S	  3.2	  1.0	0.000	0.000	0.000
28	  A	  3.6	  1.0	0.000	0.000	0.000
29	  S	  6.8	  1.8	0.000	0.000	0.000
30	  I	  4.8	  3.5	0.000	0.000	0.000
31	  N	  4.4	  2.7	0.000	0.000	0.000
32	  G	  1.1	  2.7	0.000	0.000	0.000
33	  F	  0.6	  1.7	0.000	0.000	0.000
34	  A	  0.6	  0.0	0.000	0.000	0.000
35	  D	  0.4	  0.0	0.534	0.000	0.000
36	  P	  0.0	  0.0	0.534	0.000	0.000
37	  I	  0.8	  0.0	0.534	0.000	0.000
38	  Y	  2.8	  0.1	0.534	0.000	0.000
39	  E	  2.9	  0.1	0.534	0.000	0.000
40	  K	  2.2	  0.1	0.534	0.000	0.000
41	  L	  0.2	  0.7	0.203	0.000	0.000
42	  P	  0.1	  0.6	0.000	0.000	0.000
43	  S	  1.0	  0.6	0.116	0.000	0.000
44	  C	  1.8	  0.7	0.202	0.000	0.000
45	  A	  1.9	  0.2	0.202	0.000	0.000
46	  K	  1.1	  0.2	0.202	0.000	0.000
47	  E	  0.3	  0.2	0.202	0.000	0.000
48	  C	  3.4	  0.1	0.202	0.000	0.000
49	  V	 17.9	  0.0	0.085	0.000	0.000
50	  K	 21.9	  0.0	0.085	0.000	0.000
51	  V	 20.3	  0.0	0.000	0.000	0.000
52	  T	  8.7	  0.0	0.000	0.000	0.000
53	  T	  4.0	  0.0	0.000	0.000	0.000
54	  K	 10.5	  0.0	0.000	0.000	0.000
55	  I	  9.3	  0.0	0.000	0.000	0.000
56	  T	  8.7	  0.0	0.000	0.000	0.000
57	  P	  0.7	  0.0	0.000	0.000	0.000
58	  C	  0.0	  0.3	0.000	0.000	0.000
59	  P	  0.0	  0.3	0.000	0.000	0.000
60	  Y	  1.1	  0.4	0.000	0.000	0.000
61	  W	  1.4	  0.5	0.000	0.000	0.000
62	  D	  1.4	  0.8	0.000	0.000	0.000
63	  T	  0.4	  1.3	0.000	0.000	0.000
64	  G	  0.1	  1.2	0.000	0.000	0.000
65	  C	  3.2	  1.1	0.000	0.000	0.000
66	  F	  5.5	  0.5	0.000	0.000	0.000
67	  C	  8.7	  0.0	0.000	0.000	0.000
68	  V	  6.1	  0.0	0.000	0.000	0.000
69	  M	  3.8	  0.5	0.000	0.000	0.000
70	  P	  0.4	  0.5	0.000	0.000	0.000
71	  Q	  1.6	  0.5	0.000	0.000	0.000
72	  W	  1.8	  1.1	0.000	0.000	0.000
73	  S	  1.8	  0.6	0.000	0.000	0.000
74	  G	  0.2	  0.6	0.000	0.000	0.000
75	  M	  0.2	  0.8	0.000	0.000	0.000
76	  V	  0.3	  0.5	0.000	0.000	0.000
77	  G	  0.4	  0.6	0.104	0.000	0.000
78	  S	  2.7	  0.6	0.543	0.000	0.000
79	  C	  8.4	  0.4	1.734	0.000	0.000
80	  F	  8.7	  0.1	1.734	0.000	0.000
81	  A	  6.3	  0.1	1.734	0.000	0.000
82	  E	  0.6	  0.1	1.734	0.000	0.000
83	  K	  1.0	  0.1	1.734	0.000	0.000
84	  C	  1.0	  1.3	1.618	0.000	0.000
85	  K	  0.8	  1.5	1.461	0.000	0.000
86	  G	  0.1	  1.8	0.637	0.000	0.000
87	  S	  0.0	  1.8	0.243	0.000	0.000
88	  D	  0.2	  0.7	0.000	0.000	0.000
89	  V	  2.4	  0.3	0.000	0.000	0.000
90	  A	  2.6	  0.0	0.000	0.000	0.000
91	  S	  3.1	  0.2	0.263	0.000	0.000
92	  A	  1.1	  0.2	0.263	0.000	0.000
93	  T	  1.4	  0.3	0.263	0.000	0.000
94	  S	  0.8	  0.2	0.263	0.000	0.000
95	  L	  0.8	  0.1	0.263	0.660	0.660
96	  A	  0.8	  0.0	0.263	0.660	0.660
97	  Y	  3.7	  0.1	0.263	0.660	0.660
98	  S	  4.0	  0.1	1.273	0.660	0.660
99	  L	  3.7	  0.1	1.273	0.660	0.660
100	  C	  3.3	  0.2	1.273	0.358	0.358
101	  E	  2.8	  0.1	1.273	0.000	0.000
102	  K	  3.0	  0.1	1.273	0.000	0.000
103	  V	  0.6	  0.5	1.273	0.605	0.605
104	  G	  0.5	  0.7	1.273	0.605	0.605
105	  A	  0.3	  0.7	0.687	0.735	0.735
106	  N	  1.9	  0.7	0.449	0.735	0.735
107	  I	  2.9	  0.3	0.000	0.735	0.735
108	  W	  3.8	  0.0	0.000	0.735	0.735
109	  M	  2.1	  0.0	0.000	0.463	0.463
110	  M	  1.1	  0.0	0.000	0.000	0.000
111	  P	  0.1	  0.2	0.000	0.000	0.000
112	  A	  0.4	  0.2	0.000	0.000	0.000
113	  S	 10.9	  0.3	0.000	0.000	0.000
114	  V	 11.7	  0.3	0.000	0.000	0.000
115	  S	 11.6	  0.2	0.000	0.000	0.000
116	  T	  2.0	  0.2	0.000	0.000	0.000
117	  Q	  1.8	  0.1	0.000	0.000	0.000
118	  L	  1.5	  0.1	0.000	0.000	0.000
119	  S	  0.7	  0.1	0.000	0.000	0.000
120	  E	  0.1	  0.1	0.000	0.000	0.000
121	  A	  0.1	  0.3	0.000	0.000	0.000
122	  A	  0.1	  0.3	0.000	0.000	0.000
123	  G	  0.1	  0.2	0.000	0.000	0.000
124	  T	 14.8	  0.2	0.000	0.000	0.000
125	  W	 16.1	  0.0	0.000	0.000	0.000
126	  Q	 16.2	  0.0	0.000	0.000	0.000
127	  V	  2.9	  0.0	0.000	0.119	0.119
128	  A	  1.2	  0.0	0.000	0.119	0.119
129	  A	  1.1	  0.0	0.000	0.119	0.119
130	  A	  0.2	  0.0	0.000	0.119	0.119
131	  T	  2.8	  0.0	0.000	0.119	0.119
132	  T	  5.9	  0.2	0.000	0.000	0.000
133	  K	  5.9	  0.3	0.000	0.000	0.000
134	  S	  3.4	  2.3	0.000	0.000	0.000
135	  S	  0.2	  2.3	0.000	0.000	0.000
136	  D	  0.1	  2.7	0.000	0.000	0.000
137	  F	  0.1	  8.2	0.000	0.000	0.000
138	  G	  0.1	  6.5	0.524	0.000	0.000
139	  D	  0.0	  6.6	0.650	0.000	0.000
140	  G	  0.0	  6.1	0.780	0.000	0.000
141	  A	  0.2	  0.5	0.780	0.000	0.000
142	  K	  0.6	  0.1	0.780	0.000	0.000
143	  L	  0.9	  0.1	0.780	0.828	0.828
144	  S	  0.9	  0.1	0.780	0.828	0.828
145	  S	  1.3	  0.1	0.348	1.067	1.067
146	  V	  5.3	  0.1	0.000	2.970	2.970
147	  V	  7.3	  0.0	0.000	2.970	2.970
148	  A	  6.6	  0.0	0.000	2.631	2.631
149	  S	  2.7	  0.2	0.600	2.344	2.344
150	  A	  0.5	  0.2	0.600	2.142	2.142
151	  E	  0.5	  0.2	0.600	0.000	0.000
152	  K	  0.4	  0.2	0.600	0.000	0.000
153	  A	  0.4	  0.1	0.600	0.000	0.000
154	  E	  0.7	  0.1	0.600	0.000	0.000
155	  K	  0.7	  0.1	0.271	0.000	0.000
156	  T	  0.9	  0.3	0.000	0.000	0.000
157	  E	  1.0	  0.2	0.000	0.000	0.000
158	  S	  2.9	  1.0	0.000	0.000	0.000
159	  K	  2.8	  1.1	0.000	0.000	0.000
160	  S	  3.2	  1.9	0.000	0.000	0.000
161	  S	  1.0	  1.9	0.000	0.000	0.000
162	  S	  1.3	  1.2	0.000	0.000	0.000
163	  A	  0.5	  1.2	0.000	0.000	0.000
164	  E	  0.4	  0.4	0.000	0.000	0.000
165	  S	  0.2	  0.4	0.000	0.000	0.000
166	  S	  0.2	  0.3	0.000	0.000	0.000
167	  A	  0.4	  0.1	0.000	0.000	0.000
168	  A	  0.4	  0.0	0.000	0.000	0.000
169	  V	  0.3	  0.0	0.000	0.000	0.000
170	  P	  0.1	  0.2	0.000	0.000	0.000
171	  A	  0.1	  0.6	0.000	0.000	0.000
172	  S	  0.2	  1.1	0.000	0.000	0.000
173	  S	  0.4	  2.4	0.000	0.000	0.000
174	  G	  0.3	  2.8	0.000	0.000	0.000
175	  S	  0.3	  2.8	0.189	0.000	0.000
176	  S	  0.1	  2.5	0.327	0.000	0.000
177	  G	  0.1	  1.2	0.478	0.000	0.000
178	  A	  0.1	  0.6	0.478	0.000	0.000
179	  A	  0.1	  0.2	0.478	0.000	0.000
180	  A	  0.1	  0.0	0.478	0.000	0.000
181	  A	  0.3	  0.1	0.478	0.000	0.000
182	  T	  0.3	  0.3	0.151	0.000	0.000
183	  S	  0.3	  0.8	0.151	0.000	0.000
184	  G	  0.1	  0.9	0.000	0.000	0.000
185	  T	  0.1	  1.1	0.000	0.000	0.000
186	  S	  0.1	  1.1	0.000	0.000	0.000
187	  G	  0.1	  0.8	0.119	0.000	0.000
188	  A	  0.1	  1.0	0.119	0.000	0.000
189	  A	  0.1	  1.0	0.119	0.000	0.000
190	  G	  0.0	  1.2	0.119	0.000	0.000
191	  A	  0.0	  1.1	0.119	0.000	0.000
192	  N	  0.2	  1.3	0.119	0.000	0.000
193	  S	  0.2	  1.1	0.000	0.000	0.000
194	  T	  0.3	  1.1	0.000	0.000	0.000
195	  G	  0.1	  1.2	0.000	0.000	0.000
196	  T	  0.1	  0.8	0.000	0.000	0.000
197	  G	  0.0	  1.4	0.000	0.000	0.000
198	  G	  0.0	  1.5	0.000	0.000	0.000
199	  S	  0.3	  2.6	0.000	0.000	0.000
200	  G	  0.3	  2.7	0.000	0.000	0.000
201	  S	  0.3	  3.5	0.000	0.000	0.000
202	  S	  0.2	  3.2	0.000	0.000	0.000
203	  N	  0.2	  3.1	0.000	0.000	0.000
204	  S	  1.0	  3.7	0.000	0.000	0.000
205	  S	  1.8	  2.9	0.000	0.000	0.000
206	  S	  2.5	  3.5	0.000	0.000	0.000
207	  S	  2.5	  3.1	0.000	0.000	0.000
208	  S	  1.8	  2.3	0.000	0.000	0.000
209	  S	  1.3	  1.8	0.000	0.000	0.000
210	  V	  0.6	  2.1	0.000	0.000	0.000
211	  G	  0.5	  1.7	0.000	0.000	0.000
212	  S	  0.1	  2.4	0.000	0.000	0.000
213	  G	  0.0	  2.3	0.000	0.003	0.003
214	  A	  0.8	  1.2	0.000	0.359	0.359
215	  T	  5.9	  0.9	0.000	0.828	0.828
216	  Y	  7.2	  0.1	0.000	1.634	1.634
217	  V	  6.5	  0.1	0.000	1.885	1.885
218	  Q	  1.6	  0.2	0.000	1.905	1.905
219	  G	  0.2	  0.2	0.103	2.409	2.409
220	  T	  0.9	  0.2	0.803	8.007	8.007
221	  S	  1.4	  0.2	2.523	17.298	17.298
222	  V	  2.4	  0.0	2.637	91.464	91.464
223	  L	  1.8	  0.0	2.637	97.586	97.586
224	  A	  1.6	  0.0	2.637	98.648	98.648
225	  F	  1.5	  0.0	2.637	99.894	99.894
226	  I	  4.0	  0.0	2.274	99.989	99.989
227	  L	  3.8	  0.0	2.274	99.981	99.981
228	  L	  3.2	  0.0	2.123	99.884	99.884
229	  A	  1.2	  0.0	1.700	99.319	99.319
230	  V	  5.3	  0.0	1.106	98.833	98.833
231	  V	  6.9	  0.0	1.106	92.944	92.944
232	  S	  6.3	  0.0	1.106	21.643	21.643
233	  A	  2.3	  0.0	0.366	12.751	12.751
234	  M	  0.3	  0.0	0.210	9.588	9.588
235	  S	  0.2	  0.0	0.000	0.000	0.000
