

TREE # 1

  0  0.0000   8401.763342  x:  0.29996   0.22406   0.00000   0.06973   0.14539   0.34119   0.02849   0.10997   0.19444   0.15453   0.08309   0.17094   0.18359   0.45567   1.10708   0.97649  
  1 99.0000   7459.282323  x:  1.54306   1.47105   5.51263   2.11761   1.47161   1.26974   2.58880   1.27425   0.96085   1.45456   1.90231   1.67964   1.68300   1.82945   1.37604   0.04529  
  2 2920.7551   7459.084510  x:  1.54309   1.47109   5.51269   2.11757   1.47165   1.26987   2.58844   1.27423   0.96085   1.45450   1.90230   1.67965   1.68304   1.82958   1.37611   0.04394  
  3 277.0691   7218.091424  x:  1.84291   1.78107   6.16867   1.89125   1.85684   2.26385   0.00000   1.16722   1.01097   1.10155   1.93590   1.87833   2.07744   2.88471   1.81575   0.03881  
  4 93.0798   7200.228057  x:  1.69712   1.87853   6.10556   1.51396   1.91645   2.88720   0.18504   1.03096   0.96270   0.65894   1.76847   1.86336   2.17579   3.69031   1.72170   0.03738  
  5 33.5098   7185.344769  x:  1.31702   1.94180   6.09312   1.20752   1.83924   3.18196   0.17282   1.07431   1.10635   0.70058   1.71773   1.89724   2.21654   4.33966   1.21842   0.03087  
  6 53.6903   7177.159547  x:  0.86864   2.01729   6.08143   0.96612   1.66939   3.21446   0.19161   1.18622   1.15590   0.89152   1.71747   1.93067   2.17228   4.88988   1.35167   0.03198  
  7 34.5733   7168.200941  x:  1.00070   2.37158   5.94369   0.61101   1.25084   2.89241   0.20912   1.40610   1.06669   1.13658   1.74925   1.95826   1.97056   5.91190   1.36660   0.03346  
  8 24.4087   7161.052018  x:  0.70564   2.87264   5.63940   0.88335   1.48113   2.30431   0.14947   1.49583   0.92601   0.85376   1.88453   2.06206   1.87706   6.93301   1.26846   0.03434  
  9 13.4752   7156.082812  x:  0.64418   3.49780   5.01212   1.32539   1.78817   2.17900   0.16106   1.32124   1.32403   1.02676   1.86842   2.05015   1.92001   7.78880   1.33297   0.03318  
 10 15.4825   7148.278885  x:  0.39093   4.78720   3.94613   1.89648   1.79056   2.84226   0.12698   1.32110   0.98913   1.31269   2.10608   2.21150   2.40715   8.80446   1.31040   0.03068  
 11 12.0886   7144.392124  x:  0.25654   5.64759   3.62843   1.78322   1.72140   3.21459   0.09631   1.54573   1.34459   0.99937   2.20882   2.25339   2.47318   9.11729   1.36007   0.03140  
 12  8.6188   7142.543281  x:  0.21722   6.18032   3.57616   1.48977   2.03959   3.35352   0.09833   1.52532   1.28142   1.08778   2.05984   2.33098   2.34098   9.13826   1.34500   0.03252  
 13  5.3838   7141.605190  x:  0.23274   6.77621   3.28964   1.41039   2.01919   3.29576   0.11710   1.63889   1.29894   1.11540   2.16778   2.58192   2.55486   9.07832   1.35283   0.03172  
 14  1.7298   7140.701157  x:  0.16660   7.57848   3.14351   1.60349   1.80840   3.35280   0.10549   1.63969   1.23315   1.13358   2.23236   2.41736   2.44230   9.13347   1.31552   0.03252  
 15  2.9634   7139.615367  x:  0.00000   9.19960   2.75205   1.53794   1.78665   3.44949   0.09569   1.65874   1.18110   1.15437   2.16449   2.45252   2.28784   9.70458   1.34455   0.03149  
 16  2.2529   7139.500143  x:  0.00000   9.43140   2.73808   1.49466   1.76387   3.41576   0.09579   1.59845   1.17649   1.15319   2.14308   2.41105   2.34645   9.76057   1.34413   0.03171  
 17  3.0508   7139.415694  x:  0.00000   9.35734   2.77094   1.44381   1.80219   3.37736   0.10248   1.61780   1.18408   1.15817   2.16399   2.32439   2.40388   9.71737   1.34383   0.03165  
 18  0.6430   7139.301981  x:  0.00000   9.17092   2.87793   1.41566   1.77383   3.31261   0.11220   1.55428   1.21789   1.13825   2.12595   2.37618   2.40826   9.58304   1.33521   0.03184  
 19  0.7938   7139.272839  x:  0.00000   9.27029   2.88108   1.41695   1.77651   3.29698   0.11594   1.58897   1.22158   1.13384   2.10029   2.37526   2.38288   9.53034   1.33239   0.03189  
 20  0.3829   7139.266831  x:  0.00000   9.28819   2.88304   1.41145   1.78065   3.29390   0.11697   1.57529   1.22233   1.13111   2.12803   2.37341   2.36692   9.51045   1.33386   0.03192  
 21  0.2020   7139.257319  x:  0.00000   9.25723   2.91138   1.42754   1.78418   3.27870   0.11592   1.56857   1.21820   1.11733   2.11709   2.36089   2.36934   9.45557   1.34176   0.03206  
 22  0.1096   7139.255462  x:  0.00000   9.26363   2.91771   1.42862   1.78913   3.27590   0.11484   1.56823   1.21523   1.11573   2.11798   2.36366   2.37135   9.42575   1.33795   0.03202  
 23  0.0227   7139.254951  x:  0.00000   9.26662   2.92190   1.42925   1.78525   3.27890   0.11448   1.56939   1.21467   1.11998   2.11911   2.36421   2.37148   9.41252   1.33890   0.03203  
 24  0.0054   7139.253731  x:  0.00000   9.26517   2.93480   1.42452   1.79131   3.27809   0.11471   1.56933   1.22218   1.12188   2.11818   2.36388   2.37293   9.41148   1.33939   0.03200  
 25  0.0021   7139.241966  x:  0.00000   9.35678   2.96010   1.44828   1.81720   3.29481   0.11351   1.58281   1.24536   1.13745   2.14089   2.38703   2.39597   9.50803   1.33998   0.03163  
 26  0.0187   7139.205267  x:  0.00000   9.81516   3.09160   1.54925   1.92461   3.42035   0.10926   1.65632   1.32153   1.20007   2.25309   2.50867   2.50638   9.99558   1.34242   0.02983  
 27  0.3654   7139.108459  x:  0.00000  10.69291   3.44477   1.69604   2.10236   3.75375   0.11113   1.80194   1.41207   1.30116   2.46853   2.75124   2.73725  10.93988   1.34660   0.02697  
 28  0.3076   7139.091950  x:  0.00000  10.66558   3.45399   1.68223   2.09205   3.76298   0.11248   1.79851   1.39924   1.29404   2.46170   2.74505   2.73552  10.91019   1.34598   0.02721  
 29  0.1256   7139.080586  x:  0.00000  10.97562   3.56755   1.71377   2.15700   3.89969   0.11296   1.85258   1.43557   1.32810   2.53337   2.82699   2.82968  11.21569   1.34397   0.02627  
 30  0.3656   7139.077149  x:  0.00000  11.14854   3.61309   1.73681   2.19605   3.96612   0.11312   1.87708   1.46702   1.35040   2.56997   2.86742   2.87969  11.37555   1.34554   0.02588  
 31  0.0947   7139.076550  x:  0.00000  11.20385   3.62963   1.75092   2.20833   3.98007   0.11298   1.88490   1.47563   1.35850   2.58329   2.88186   2.89142  11.43642   1.34501   0.02572  
 32  0.0790   7139.076401  x:  0.00000  11.19678   3.62659   1.75323   2.20702   3.97310   0.11278   1.88361   1.47491   1.35849   2.58210   2.88039   2.88736  11.43321   1.34466   0.02574  
 33  0.0131   7139.076376  x:  0.00000  11.21331   3.63302   1.75554   2.21058   3.97856   0.11267   1.88709   1.47661   1.36063   2.58628   2.88534   2.89171  11.45210   1.34487   0.02570  
 34  0.0166   7139.076375  x:  0.00000  11.21225   3.63299   1.75502   2.21031   3.97824   0.11271   1.88704   1.47641   1.36045   2.58610   2.88512   2.89153  11.45124   1.34482   0.02570  
 35  0.0014   7139.076375  x:  0.00000  11.21223   3.63307   1.75499   2.21032   3.97819   0.11271   1.88704   1.47644   1.36045   2.58611   2.88511   2.89154  11.45129   1.34482   0.02570  
 36  0.0001   7139.076375  x:  0.00000  11.21219   3.63306   1.75498   2.21031   3.97818   0.11271   1.88704   1.47644   1.36045   2.58610   2.88511   2.89153  11.45125   1.34482   0.02570  
 37  0.0001   7139.076375  x:  0.00000  11.21219   3.63306   1.75498   2.21031   3.97818   0.11271   1.88704   1.47644   1.36045   2.58610   2.88511   2.89153  11.45125   1.34482   0.02570  
 38  0.0000   7139.076375  x:  0.00000  11.21219   3.63306   1.75498   2.21031   3.97818   0.11271   1.88704   1.47644   1.36045   2.58610   2.88511   2.89153  11.45125   1.34482   0.02570  
 39  0.0000   7139.076375  x:  0.00000  11.21219   3.63306   1.75498   2.21031   3.97818   0.11271   1.88704   1.47644   1.36045   2.58610   2.88511   2.89153  11.45125   1.34482   0.02570  