res	aa	Beta	Turn	Helix	Aggregation	Conc-Stab_Aggregation
01	  M	  2.1	  0.0	0.000	0.000	0.000
02	  S	  2.5	  0.0	0.000	0.590	0.590
03	  L	  3.1	  0.0	0.000	2.638	2.638
04	  V	  1.6	  0.1	0.000	3.222	3.222
05	  S	  1.3	  0.1	0.000	3.222	3.222
06	  G	  0.6	  0.1	0.000	3.222	3.222
07	  L	  4.1	  0.1	0.000	3.222	3.222
08	  V	  4.5	  0.0	0.000	3.065	3.065
09	  L	  4.5	  0.2	0.000	0.000	0.000
10	  P	  0.4	  0.5	0.000	0.000	0.000
11	  Q	  0.0	  0.5	0.000	0.000	0.000
12	  N	  0.0	  2.4	0.713	0.000	0.000
13	  D	  0.0	  2.2	2.150	0.000	0.000
14	  D	  0.0	  3.9	3.885	0.000	0.000
15	  A	  0.2	  3.9	3.885	0.000	0.000
16	  S	  0.3	  2.1	4.292	0.000	0.000
17	  R	  1.4	  2.0	4.292	0.000	0.000
18	  Y	  3.4	  0.1	4.186	0.000	0.000
19	  F	  4.0	  0.6	3.620	0.000	0.000
20	  E	  2.9	  0.6	3.159	0.000	0.000
21	  N	  1.4	  0.6	4.731	0.000	0.000
22	  L	  0.9	  0.6	4.604	0.000	0.000
23	  R	  1.0	  0.0	4.604	0.000	0.000
24	  A	  0.5	  0.2	4.452	0.000	0.000
25	  A	  0.2	  0.4	3.825	0.000	0.000
26	  R	  0.1	  0.5	3.119	0.000	0.000
27	  G	  0.1	  0.9	1.225	0.000	0.000
28	  A	  0.1	  0.7	0.474	0.000	0.000
29	  N	  0.1	  0.6	0.265	0.000	0.000
30	  H	  0.3	  0.6	0.116	0.000	0.000
31	  A	  0.4	  0.2	0.116	0.000	0.000
32	  K	  0.5	  0.3	0.116	0.000	0.000
33	  R	  0.7	  0.3	0.000	0.000	0.000
34	  S	  2.3	  0.3	0.000	0.000	0.000
35	  T	  2.8	  0.3	0.000	0.000	0.000
36	  S	  3.1	  0.3	0.000	0.000	0.000
37	  T	  2.3	  0.2	0.000	0.000	0.000
38	  T	 13.0	  0.1	0.000	0.000	0.000
39	  I	 12.9	  0.1	0.000	0.000	0.000
40	  T	 12.0	  0.1	0.000	0.000	0.000
41	  N	  0.6	  0.2	0.000	0.000	0.000
42	  D	  0.1	  1.1	0.100	0.000	0.000
43	  R	  0.3	  1.0	0.100	0.000	0.000
44	  D	  0.9	  1.1	0.233	0.000	0.000
45	  I	  4.9	  1.0	0.233	17.361	17.361
46	  S	  5.4	  0.2	0.233	17.361	17.361
47	  Y	  5.7	  0.2	0.233	17.361	17.361
48	  I	  2.1	  0.0	0.133	17.361	17.361
49	  L	  3.2	  0.0	0.133	17.361	17.361
50	  D	  4.6	  0.0	0.133	0.000	0.000
51	  V	  7.5	  0.0	0.133	0.000	0.000
52	  Y	  6.0	  0.1	0.133	0.000	0.000
53	  L	  3.7	  0.4	0.000	0.000	0.000
54	  G	  0.4	  0.5	0.000	0.000	0.000
55	  S	  0.3	  0.5	0.000	0.000	0.000
56	  Q	  0.4	  0.4	0.000	0.000	0.000
57	  H	  0.5	  0.3	0.000	0.000	0.000
58	  D	  0.2	  0.2	0.544	0.000	0.000
59	  K	  4.8	  0.1	0.544	0.000	0.000
60	  V	 21.9	  0.1	0.544	64.499	64.499
61	  T	 24.8	  0.0	0.544	64.499	64.499
62	  V	 23.4	  0.0	0.544	64.499	64.499
63	  L	  6.5	  0.1	0.544	64.499	64.499
64	  L	  3.3	  0.2	0.398	64.499	64.499
65	  D	  0.4	  0.6	0.398	0.000	0.000
66	  T	  0.3	  1.3	0.000	0.000	0.000
67	  G	  0.2	  1.5	0.000	0.000	0.000
68	  S	  0.2	  3.3	0.000	0.000	0.000
69	  S	  0.1	  2.9	0.000	0.000	0.000
70	  D	  0.3	  2.2	0.000	0.000	0.000
71	  L	  0.7	  2.0	0.000	0.000	0.000
72	  W	  1.6	  0.0	0.000	0.000	0.000
73	  V	  2.4	  0.0	0.000	0.000	0.000
74	  Y	  1.9	  0.4	0.000	0.000	0.000
75	  G	  1.0	  2.0	0.000	0.000	0.000
76	  P	  0.0	  2.0	0.000	0.000	0.000
77	  G	  0.0	  2.0	0.000	0.000	0.000
78	  V	  1.3	  1.7	0.000	0.000	0.000
79	  S	  1.4	  0.1	0.114	0.000	0.000
80	  S	  1.7	  0.5	0.114	0.000	0.000
81	  A	  0.4	  0.7	0.114	0.000	0.000
82	  E	  0.4	  1.1	0.114	0.000	0.000
83	  G	  0.0	  1.3	0.114	0.000	0.000
84	  G	  0.1	  0.9	0.114	0.000	0.000
85	  T	 12.8	  0.6	0.000	0.000	0.000
86	  F	 13.0	  0.2	0.000	0.000	0.000
87	  D	 12.9	  4.2	0.000	0.000	0.000
88	  P	  0.2	  4.2	0.000	0.000	0.000
89	  S	  1.3	  4.7	0.000	0.000	0.000
90	  Q	  1.4	  4.8	0.000	0.000	0.000
91	  S	  1.6	  0.8	0.000	0.000	0.000
92	  S	  1.0	  1.1	0.000	0.000	0.000
93	  H	  1.1	  0.7	0.000	0.000	0.000
94	  D	  0.9	  1.5	0.087	0.000	0.000
95	  Q	  0.3	  1.5	0.087	0.000	0.000
96	  S	  0.2	  1.3	0.087	0.000	0.000
97	  T	  0.2	  1.4	0.087	0.000	0.000
98	  G	  0.1	  0.6	0.087	0.000	0.000
99	  E	  0.2	  0.5	0.087	0.000	0.000
100	  S	 20.8	  0.4	0.000	0.000	0.000
101	  F	 23.4	  0.3	0.000	0.172	0.172
102	  S	 23.6	  0.1	0.148	0.172	0.172
103	  I	  4.7	  0.1	0.148	0.172	0.172
104	  Q	  2.1	  0.0	0.148	0.172	0.172
105	  Y	  2.7	  0.1	0.148	0.172	0.172
106	  L	  1.7	  0.3	0.148	0.172	0.172
107	  D	  1.0	  1.6	0.148	0.000	0.000
108	  N	  0.1	  2.1	0.148	0.000	0.000
109	  S	  0.0	  2.2	0.000	0.000	0.000
110	  G	  0.0	  2.4	0.000	0.000	0.000
111	  A	  0.0	  1.7	0.000	0.000	0.000
112	  E	  0.0	  2.3	0.000	0.000	0.000
113	  G	  0.1	  2.1	0.000	0.000	0.000
114	  S	  1.2	  1.7	0.000	0.000	0.000
115	  Y	  2.1	  1.2	0.000	0.000	0.000
116	  Y	  2.9	  0.1	0.000	0.000	0.000
117	  L	  1.9	  0.5	0.000	0.000	0.000
118	  D	  0.9	  0.5	0.000	0.000	0.000
119	  D	  0.6	  0.6	0.000	0.000	0.000
120	  F	  6.7	  0.5	0.000	0.000	0.000
121	  S	 14.9	  0.3	0.000	0.000	0.000
122	  F	 15.5	  0.4	0.000	0.000	0.000
123	  N	  9.9	  0.9	0.000	0.000	0.000
124	  S	  1.5	  2.8	0.000	0.000	0.000
125	  G	  0.2	  2.6	0.000	0.054	0.054
126	  S	  0.4	  2.5	0.000	0.782	0.782
127	  T	  1.3	  1.9	0.000	6.806	6.806
128	  L	  2.0	  0.1	0.000	16.934	16.934
129	  V	  2.1	  0.3	0.000	18.617	18.617
130	  S	  0.9	  0.3	0.000	18.733	18.733
131	  N	  1.2	  0.3	0.000	19.853	19.853
132	  F	  6.3	  0.3	0.000	48.238	48.238
133	  Q	  6.7	  0.0	0.000	50.038	50.038
134	  F	  6.8	  0.0	0.000	56.601	56.601
135	  A	  2.1	  0.0	0.000	56.587	56.587
136	  V	  5.9	  0.0	0.000	56.583	56.583
137	  V	  6.0	  0.1	0.000	53.357	53.357
138	  S	  5.4	  0.1	0.101	12.751	12.751
139	  S	  1.7	  2.3	0.101	2.342	2.342
140	  A	  0.5	  2.3	0.101	1.078	1.078
141	  N	  0.5	  5.6	0.101	0.000	0.000
142	  A	  0.0	  5.6	0.101	0.000	0.000
143	  D	  0.1	  4.1	0.101	0.000	0.000
144	  S	  0.1	  4.2	0.000	0.000	0.000
145	  T	  0.2	  1.0	0.000	0.179	0.179
146	  G	  0.1	  0.9	0.000	1.032	1.032
147	  I	  1.2	  0.2	0.000	9.104	9.104
148	  L	  1.2	  0.1	0.000	9.104	9.104
149	  G	  1.4	  0.0	0.334	9.104	9.104
150	  V	  0.9	  0.2	0.334	9.104	9.104
151	  A	  0.9	  0.3	0.334	8.955	8.955
152	  D	  0.6	  2.3	0.334	0.000	0.000
153	  K	  0.0	  2.4	0.334	0.000	0.000
154	  G	  0.0	  2.2	0.334	0.000	0.000
155	  Q	  0.0	  2.2	0.179	0.000	0.000
156	  E	  0.1	  0.1	0.000	0.000	0.000
157	  A	  0.3	  0.1	0.000	0.000	0.000
158	  V	  0.5	  0.2	0.000	0.000	0.000
159	  E	  0.5	  0.2	0.000	0.000	0.000
160	  G	  0.2	  0.2	0.000	0.000	0.000
161	  E	  0.0	  0.4	0.000	0.000	0.000
162	  P	  0.0	  0.2	0.000	0.000	0.000
163	  T	  7.6	  0.3	0.000	0.000	0.000
164	  Y	  7.9	  0.6	0.000	0.000	0.000
165	  D	  7.9	  0.4	0.000	0.000	0.000
166	  N	  0.4	  0.4	0.000	0.000	0.000
167	  L	  0.1	  0.5	0.000	0.000	0.000
168	  P	  0.0	  0.1	0.000	0.000	0.000
169	  W	  0.4	  0.1	0.152	0.000	0.000
170	  A	  0.6	  0.1	0.152	0.000	0.000
171	  L	  0.8	  0.0	0.152	0.000	0.000
172	  Q	  0.6	  0.3	0.152	0.000	0.000
173	  K	  0.5	  0.5	0.152	0.000	0.000
174	  S	  0.3	  0.5	0.152	0.000	0.000
175	  G	  0.3	  0.5	0.000	0.000	0.000
176	  V	  0.7	  0.2	0.000	0.000	0.000
177	  T	  0.7	  0.2	0.195	0.000	0.000
178	  P	  0.6	  0.2	0.195	0.000	0.000
179	  K	  0.1	  0.3	0.195	0.000	0.000
180	  A	  0.6	  0.3	0.195	0.692	0.692
181	  S	 21.4	  0.3	0.195	1.509	1.509
182	  Y	 23.8	  0.3	0.195	12.189	12.189
183	  S	 23.5	  0.2	0.000	12.299	12.299
184	  L	  4.0	  0.2	0.000	12.408	12.408
185	  F	  1.1	  0.2	0.000	12.408	12.408
186	  L	  0.8	  0.4	0.000	12.408	12.408
187	  G	  0.3	  0.5	0.000	1.116	1.116
188	  S	  0.2	  1.3	0.284	0.109	0.109
189	  E	  0.2	  1.3	0.284	0.000	0.000
190	  S	  0.2	  2.2	0.284	0.000	0.000
191	  E	  0.0	  2.5	0.284	0.000	0.000
192	  G	  0.0	  2.4	0.284	0.000	0.000
193	  K	  0.0	  2.4	0.284	0.000	0.000
194	  G	  0.0	  1.3	0.000	0.679	0.679
195	  S	  0.6	  0.9	0.000	3.923	3.923
196	  I	  2.7	  0.1	0.000	7.962	7.962
197	  I	  3.6	  0.0	0.000	8.286	8.286
198	  F	  3.1	  3.0	0.000	8.286	8.286
199	  G	  1.1	  3.1	0.000	7.839	7.839
200	  G	  0.3	  3.1	0.000	7.392	7.392
201	  I	  1.5	  3.1	0.000	6.845	6.845
202	  D	  1.6	  1.1	0.000	0.000	0.000
203	  T	  1.5	  1.1	0.000	0.000	0.000
204	  D	  0.3	  1.2	0.629	0.000	0.000
205	  K	  3.5	  1.2	0.629	0.000	0.000
206	  Y	  3.6	  0.6	0.918	0.000	0.000
207	  E	  3.5	  2.1	0.918	0.000	0.000
208	  G	  0.3	  2.1	3.639	0.000	0.000
209	  D	  0.1	  2.1	4.482	0.000	0.000
210	  L	  0.2	  1.8	4.482	0.000	0.000
211	  K	  0.3	  0.1	4.482	0.000	0.000
212	  K	  1.0	  0.1	4.482	0.000	0.000
213	  Y	  3.3	  0.1	3.993	0.000	0.000
214	  Q	  3.7	  0.0	1.844	0.000	0.000
215	  V	  3.7	  0.0	0.263	0.000	0.000
216	  S	  1.8	  0.5	0.263	0.000	0.000
217	  T	  1.7	  0.7	0.000	0.000	0.000
218	  D	  0.8	  0.8	0.000	0.000	0.000
219	  Q	  0.4	  0.8	0.000	0.000	0.000
220	  G	  0.0	  0.4	0.158	0.000	0.000
221	  L	  0.1	  0.3	0.158	0.191	0.191
222	  G	  0.4	  0.2	0.158	0.191	0.191
223	  I	  4.7	  0.1	0.158	0.191	0.191
224	  T	  5.6	  0.1	0.158	0.191	0.191
225	  A	  5.4	  0.1	0.158	0.191	0.191
226	  Q	  1.3	  0.1	0.158	0.000	0.000
227	  S	  0.8	  0.2	0.000	0.000	0.000
228	  A	  1.4	  0.2	0.000	0.000	0.000
229	  T	  1.9	  0.1	0.000	0.000	0.000
230	  V	  1.2	  3.5	0.000	0.000	0.000
231	  G	  0.5	  3.5	0.000	0.000	0.000
232	  G	  0.1	  3.6	0.000	0.000	0.000
233	  K	  0.4	  3.6	0.000	0.000	0.000
234	  S	  6.0	  0.4	0.000	0.000	0.000
235	  I	  9.2	  0.3	0.000	0.128	0.128
236	  S	  9.0	  0.5	0.000	0.128	0.128
237	  L	  3.6	  0.5	0.000	0.128	0.128
238	  G	  0.2	  0.5	0.000	0.128	0.128
239	  Q	  0.9	  0.4	0.000	0.128	0.128
240	  S	  1.7	  0.2	0.000	0.128	0.128
241	  Y	  2.7	  0.1	0.000	0.128	0.128
242	  I	  2.3	  0.1	0.000	0.128	0.128
243	  L	  1.7	  0.3	0.000	0.128	0.128
244	  D	  0.7	  0.7	0.000	0.000	0.000
245	  S	  0.3	  1.1	0.000	0.000	0.000
246	  G	  0.1	  1.1	0.000	0.000	0.000
247	  T	  1.3	  0.9	0.000	0.000	0.000
248	  S	  7.6	  0.9	0.000	0.000	0.000
249	  W	  8.5	  0.5	0.000	0.000	0.000
250	  N	  8.0	  0.5	0.000	0.000	0.000
251	  L	  1.8	  0.5	0.000	0.000	0.000
252	  W	  0.8	  0.3	0.000	0.000	0.000
253	  P	  0.0	  0.4	0.000	0.000	0.000
254	  T	  0.1	  0.4	0.000	0.000	0.000
255	  D	  0.3	  0.4	1.186	0.000	0.000
256	  L	  0.3	  0.1	1.186	0.000	0.000
257	  T	  0.3	  0.1	3.582	0.000	0.000
258	  E	  0.1	  0.0	3.582	0.000	0.000
259	  A	  0.4	  0.0	3.582	0.000	0.000
260	  V	  1.8	  0.0	3.582	0.000	0.000
261	  A	  1.8	  0.0	3.582	0.000	0.000
262	  Q	  1.5	  0.1	3.412	0.000	0.000
263	  E	  0.1	  0.1	2.460	0.000	0.000
264	  L	  0.2	  0.2	1.684	0.514	0.514
265	  G	  0.1	  0.1	1.668	0.514	0.514
266	  L	  0.5	  0.1	0.634	1.122	1.122
267	  I	  4.5	  0.1	0.150	1.228	1.228
268	  S	  7.5	  0.0	0.150	1.228	1.228
269	  Y	  8.8	  0.2	0.150	1.228	1.228
270	  Q	  4.8	  0.2	0.150	0.845	0.845
271	  Q	  1.7	  0.3	0.000	1.350	1.350
272	  G	  0.0	  0.3	0.000	13.892	13.892
273	  L	  0.6	  0.1	0.000	16.723	16.723
274	  Y	  2.2	  0.0	0.000	16.723	16.723
275	  I	  3.3	  0.0	0.000	16.723	16.723
276	  V	  6.3	  0.0	0.000	16.723	16.723
277	  N	  5.0	  0.7	0.000	3.041	3.041
278	  C	  5.5	  0.7	0.000	0.494	0.494
279	  D	  1.9	  0.6	0.000	0.000	0.000
280	  Q	  1.6	  1.0	0.000	0.000	0.000
281	  P	  0.0	  0.7	0.000	0.000	0.000
282	  S	  0.0	  0.8	0.000	0.000	0.000
283	  D	  0.0	  1.3	0.000	0.000	0.000
284	  K	  0.4	  0.9	0.000	0.000	0.000
285	  S	  5.6	  0.7	0.000	0.000	0.000
286	  I	  9.5	  0.7	0.000	0.000	0.000
287	  S	 15.9	  0.4	0.000	0.000	0.000
288	  F	 11.9	  0.5	0.000	0.000	0.000
289	  D	  8.0	  0.6	0.000	0.000	0.000
290	  L	  1.1	  0.8	0.000	0.000	0.000
291	  G	  0.0	  0.7	0.162	0.000	0.000
292	  E	  0.1	  0.6	0.162	0.000	0.000
293	  N	  1.2	  0.4	0.162	0.000	0.000
294	  T	 14.5	  0.2	0.162	0.000	0.000
295	  I	 18.3	  0.0	0.162	0.000	0.000
296	  S	 17.4	  0.0	0.162	0.000	0.000
297	  I	  4.8	  0.0	0.000	0.000	0.000
298	  P	  0.1	  0.0	0.000	0.000	0.000
299	  Y	  0.3	  0.5	0.000	0.000	0.000
300	  S	  0.2	  0.6	0.109	0.000	0.000
301	  D	  0.4	  0.6	0.109	0.000	0.000
302	  L	  1.5	  0.6	0.109	4.316	4.316
303	  I	  2.5	  0.0	0.109	4.316	4.316
304	  V	 13.7	  0.0	0.109	4.316	4.316
305	  N	 12.4	  0.3	0.109	4.316	4.316
306	  V	 11.5	  0.5	0.000	4.316	4.316
307	  G	  0.1	  1.5	0.000	0.357	0.357
308	  E	  0.1	  5.5	0.000	0.000	0.000
309	  N	  0.0	  5.3	0.000	0.000	0.000
310	  G	  0.0	  5.1	0.000	0.000	0.000
311	  Q	  0.5	  4.1	0.000	0.000	0.000
312	  K	  1.4	  0.1	0.000	0.000	0.000
313	  V	  2.3	  0.0	0.000	0.000	0.000
314	  C	  3.2	  0.3	0.000	0.000	0.000
315	  S	  2.5	  0.4	0.000	0.000	0.000
316	  L	  1.6	  0.5	0.000	0.000	0.000
317	  G	  0.2	  0.7	0.000	0.000	0.000
318	  A	  0.1	  0.4	0.000	0.000	0.000
319	  Q	  0.2	  0.2	0.000	0.000	0.000
320	  A	  0.3	  0.2	0.000	0.000	0.000
321	  T	  0.6	  0.1	0.000	0.000	0.000
322	  D	  1.2	  0.1	0.000	0.000	0.000
323	  Y	  1.4	  0.1	0.000	0.000	0.000
324	  D	  1.0	  0.2	0.000	0.000	0.000
325	  P	  0.2	  0.2	0.000	0.000	0.000
326	  Y	  0.6	  0.2	0.000	6.632	6.632
327	  I	  1.5	  0.2	0.000	11.006	11.006
328	  F	  1.6	  1.9	0.000	11.329	11.329
329	  G	  1.0	  1.9	0.311	11.329	11.329
330	  D	  2.2	  1.9	0.453	11.609	11.609
331	  V	  5.5	  1.9	0.453	12.677	12.677
332	  F	  6.5	  0.0	0.453	12.677	12.677
333	  L	  4.9	  0.1	0.453	12.677	12.677
334	  R	  1.7	  0.1	0.453	12.677	12.677
335	  S	  0.9	  0.1	0.349	17.635	17.635
336	  A	  0.7	  0.1	0.000	50.433	50.433
337	  Y	  2.2	  0.0	0.000	50.433	50.433
338	  V	  3.9	  0.0	0.000	50.365	50.365
339	  Y	  5.2	  0.1	0.000	49.007	49.007
340	  Y	  4.7	  0.2	0.000	45.683	45.683
341	  D	  2.8	  0.3	0.000	1.068	1.068
342	  L	  1.5	  0.3	0.000	0.850	0.850
343	  T	  0.5	  0.2	0.000	0.319	0.319
344	  D	  0.3	  0.2	0.000	0.000	0.000
345	  H	  3.1	  0.1	0.000	0.000	0.000
346	  T	 15.7	  0.0	0.242	0.260	0.260
347	  I	 17.9	  0.0	0.242	0.260	0.260
348	  S	 15.4	  0.0	1.299	0.260	0.260
349	  I	  3.7	  0.0	1.410	0.260	0.260
350	  A	  1.0	  0.0	1.410	0.260	0.260
351	  Q	  0.9	  0.0	1.410	0.000	0.000
352	  A	  0.4	  0.0	1.306	0.000	0.000
353	  K	  1.0	  0.0	1.306	0.000	0.000
354	  Y	  1.6	  0.1	0.600	0.000	0.000
355	  S	  3.2	  0.3	0.120	0.000	0.000
356	  T	  3.7	  0.4	0.000	0.000	0.000
357	  S	  3.1	  0.5	0.000	0.000	0.000
358	  S	  2.2	  0.4	0.000	0.000	0.000
359	  H	 13.1	  0.2	0.000	0.000	0.000
360	  I	 13.4	  0.1	0.000	0.000	0.000
361	  V	 12.6	  0.0	0.000	0.000	0.000
362	  P	  0.5	  0.0	0.000	0.000	0.000
363	  A	  0.0	  0.0	0.000	0.000	0.000
