res	aa	Beta	Turn	Helix	Aggregation	Conc-Stab_Aggregation
01	  M	  2.7	  0.0	0.000	0.000	0.000
02	  T	  3.3	  0.0	0.201	0.000	0.000
03	  L	  3.7	  0.0	0.201	0.000	0.000
04	  I	  1.6	  0.1	0.201	0.000	0.000
05	  S	  1.3	  0.1	0.201	0.000	0.000
06	  K	  1.5	  0.1	0.201	0.000	0.000
07	  F	  2.4	  0.2	0.201	0.332	0.332
08	  S	  2.5	  0.2	0.000	0.332	0.332
09	  S	  2.0	  0.2	0.000	0.677	0.677
10	  T	  0.9	  0.2	0.000	4.360	4.360
11	  L	  0.6	  0.1	0.000	10.719	10.719
12	  A	  0.7	  0.1	0.000	11.626	11.626
13	  T	  0.7	  0.1	0.225	12.800	12.800
14	  S	  0.8	  0.1	0.407	14.581	14.581
15	  L	  0.9	  0.1	0.407	22.468	22.468
16	  A	  0.7	  0.0	0.407	22.771	22.771
17	  L	  0.8	  0.0	0.407	23.229	23.229
18	  L	  1.0	  0.0	0.407	22.329	22.329
19	  T	  1.1	  0.1	0.182	15.326	15.326
20	  S	  1.2	  0.4	0.182	6.421	6.421
21	  A	  0.7	  0.4	0.000	5.398	5.398
22	  Y	  0.5	  0.5	0.000	4.517	4.517
23	  G	  0.3	  0.6	0.000	0.617	0.617
24	  L	  2.3	  0.3	0.000	0.617	0.617
25	  D	  2.9	  0.6	0.000	0.000	0.000
26	  V	  3.6	  0.5	0.000	0.000	0.000
27	  S	  2.1	  1.7	0.456	0.000	0.000
28	  K	  1.5	  1.8	0.456	0.000	0.000
29	  D	  1.4	  1.4	0.456	0.000	0.000
30	  T	  3.4	  1.4	0.456	0.000	0.000
31	  I	  4.2	  0.0	0.456	0.000	0.000
32	  Y	  3.8	  0.6	0.456	0.000	0.000
33	  S	  1.3	  0.6	0.000	0.000	0.000
34	  D	  0.4	  0.6	0.000	0.000	0.000
35	  L	  0.6	  0.6	0.000	0.000	0.000
36	  T	  1.5	  0.1	0.759	0.000	0.000
37	  S	  5.4	  0.4	0.759	0.000	0.000
38	  V	  7.1	  0.4	0.759	0.000	0.000
39	  D	  6.5	  0.4	0.858	0.000	0.000
40	  L	  2.9	  0.4	0.858	0.000	0.000
41	  Y	  2.2	  0.0	0.858	0.000	0.000
42	  N	  2.1	  0.4	0.237	0.000	0.000
43	  L	  3.8	  0.4	0.099	0.000	0.000
44	  D	  4.6	  0.4	0.228	0.000	0.000
45	  V	  5.3	  0.5	0.129	0.018	0.018
46	  E	  3.4	  0.3	0.129	0.018	0.018
47	  K	  1.1	  0.4	0.129	0.018	0.018
48	  G	  0.0	  0.4	0.129	7.610	7.610
49	  A	  0.3	  0.4	0.129	49.368	49.368
50	  F	  1.4	  0.1	0.129	85.513	85.513
51	  F	  5.8	  0.0	0.000	86.079	86.079
52	  T	  6.3	  0.0	0.192	86.113	86.113
53	  L	  5.6	  0.0	0.192	85.955	85.955
54	  L	  4.5	  0.0	0.192	83.259	83.259
55	  N	  3.8	  0.3	0.192	38.907	38.907
56	  I	  3.4	  1.0	0.192	37.026	37.026
57	  G	  0.0	  1.0	0.192	3.056	3.056
58	  D	  0.6	  1.4	0.000	0.000	0.000
59	  I	  0.7	  1.2	0.000	0.000	0.000
60	  S	  0.7	  1.2	0.000	0.000	0.000
61	  N	  0.1	  1.9	0.000	0.000	0.000
62	  S	  0.3	  2.5	0.000	0.000	0.000
63	  G	  0.3	  2.4	0.000	0.000	0.000
64	  S	  3.0	  2.6	0.000	0.000	0.000
65	  L	  2.9	  1.9	0.000	0.000	0.000
66	  N	  2.9	  1.1	0.000	0.000	0.000
67	  N	  0.2	  2.0	0.000	0.000	0.000
68	  K	  0.0	  1.2	0.000	0.000	0.000
69	  G	  0.0	  1.2	0.000	0.000	0.000
70	  E	  0.2	  1.1	0.000	0.000	0.000
71	  L	  0.8	  0.1	0.000	0.482	0.482
72	  Y	  1.6	  0.1	0.000	0.482	0.482
73	  V	  4.1	  0.0	0.000	0.482	0.482
74	  T	  3.6	  0.4	0.000	0.482	0.482
75	  S	  2.8	  0.9	0.000	0.482	0.482
76	  N	  0.2	  0.9	0.000	0.000	0.000
77	  N	  1.6	  0.8	0.000	0.000	0.000
78	  Y	  1.8	  0.5	0.000	0.000	0.000
79	  K	  1.6	  0.0	0.000	0.000	0.000
80	  P	  0.2	  0.0	0.000	0.000	0.000
81	  V	  3.8	  0.0	0.000	0.000	0.000
82	  S	 23.1	  0.1	0.000	0.000	0.000
83	  Y	 24.7	  0.2	0.000	0.000	0.000
84	  S	 22.2	  3.2	0.000	0.000	0.000
85	  Q	  2.6	  4.7	0.000	0.000	0.000
86	  N	  0.6	  4.6	0.000	0.000	0.000
87	  G	  0.0	  4.9	0.000	0.000	0.000
88	  Q	  0.4	  1.9	0.000	0.000	0.000
89	  D	  0.9	  0.3	0.000	0.000	0.000
90	  F	  2.2	  0.3	0.000	0.000	0.000
91	  I	  2.9	  0.1	0.000	0.000	0.000
92	  N	  2.5	  0.9	0.104	0.000	0.000
93	  S	  1.2	  1.0	0.104	0.000	0.000
94	  G	  0.1	  1.0	0.104	0.000	0.000
95	  K	  0.2	  1.1	0.104	0.000	0.000
96	  A	  0.7	  0.3	0.104	0.000	0.000
97	  S	  8.1	  0.5	0.104	0.000	0.000
98	  F	  8.8	  0.5	0.104	0.000	0.000
99	  D	  8.3	  0.5	0.327	0.000	0.000
100	  S	  1.2	  0.6	0.528	0.000	0.000
101	  R	  0.5	  0.3	0.528	0.000	0.000
102	  Q	  0.4	  0.5	0.528	0.000	0.000
103	  A	  0.3	  0.4	0.528	0.000	0.000
104	  N	  0.1	  0.5	0.528	0.000	0.000
105	  S	  0.2	  1.3	0.316	0.000	0.000
106	  A	  0.1	  1.1	0.000	0.000	0.000
107	  G	  0.1	  1.1	0.000	0.000	0.000
108	  K	  1.3	  0.9	0.000	0.000	0.000
109	  I	  8.2	  0.0	0.000	0.381	0.381
110	  N	  9.6	  0.1	0.000	0.381	0.381
111	  I	 17.1	  0.1	0.000	0.381	0.381
112	  N	 11.4	  0.7	0.000	0.381	0.381
113	  V	 10.1	  0.8	0.000	0.381	0.381
114	  D	  1.6	  0.7	0.000	0.000	0.000
115	  N	  2.7	  0.7	0.000	0.000	0.000
116	  F	  3.3	  0.5	0.000	0.000	0.000
117	  E	  3.3	  0.3	0.000	0.000	0.000
118	  N	  1.0	  0.7	0.000	0.000	0.000
119	  H	  0.2	  0.8	0.000	0.000	0.000
120	  G	  0.1	  0.5	0.000	0.000	0.000
121	  E	  1.6	  0.5	0.000	0.000	0.000
122	  V	  2.9	  0.1	0.000	0.400	0.400
123	  W	  3.1	  0.0	0.000	0.400	0.400
124	  F	  1.6	  0.6	0.000	0.400	0.400
125	  G	  0.2	  0.7	0.000	0.400	0.400
126	  T	  0.1	  1.0	0.000	0.400	0.400
127	  S	  0.1	  1.5	0.000	0.000	0.000
128	  D	  0.2	  1.7	0.000	0.000	0.000
129	  S	  0.2	  1.8	0.000	0.000	0.000
130	  S	  0.6	  1.4	0.000	0.000	0.000
131	  L	  0.6	  0.9	0.000	0.000	0.000
132	  F	  0.5	  0.4	0.000	0.000	0.000
133	  P	  0.1	  0.4	0.000	0.000	0.000
134	  K	  0.2	  0.4	0.000	0.000	0.000
135	  I	  0.4	  0.4	0.000	0.574	0.574
136	  G	  0.5	  0.0	0.405	0.574	0.574
137	  L	  0.9	  0.0	0.405	0.574	0.574
138	  V	  5.0	  0.0	0.405	0.574	0.574
139	  S	  5.4	  0.0	0.405	0.574	0.574
140	  L	  5.0	  0.3	0.405	0.574	0.574
141	  K	  1.2	  0.3	0.405	0.000	0.000
142	  S	  7.7	  0.6	0.113	0.000	0.000
143	  F	  7.7	  0.8	0.000	0.000	0.000
144	  D	  7.5	  0.7	0.000	0.000	0.000
145	  N	  0.5	  1.0	0.000	0.000	0.000
146	  Y	  0.2	  1.4	0.000	0.000	0.000
147	  G	  0.1	  1.2	0.000	0.000	0.000
148	  K	  0.6	  1.1	0.000	0.000	0.000
149	  L	  2.3	  0.8	0.000	0.000	0.000
150	  S	  2.9	  0.1	0.000	0.000	0.000
151	  V	  3.9	  0.0	0.000	0.000	0.000
152	  A	  2.1	  0.1	0.000	0.000	0.000
153	  Q	  1.6	  0.2	0.000	0.000	0.000
154	  S	  0.2	  0.5	0.000	0.000	0.000
155	  R	  0.2	  0.9	0.000	0.000	0.000
156	  G	  0.1	  0.9	0.000	0.000	0.000
157	  D	  0.1	  2.2	0.000	0.000	0.000
158	  A	  0.0	  2.1	0.000	0.000	0.000
159	  G	  0.0	  1.7	0.000	0.000	0.000
160	  S	  5.0	  1.9	0.000	0.235	0.235
161	  V	  7.7	  0.5	0.000	0.235	0.235
162	  N	  8.4	  0.3	0.000	0.235	0.235
163	  F	  4.5	  0.5	0.000	0.235	0.235
164	  I	  2.3	  0.5	0.000	0.235	0.235
165	  D	  1.5	  0.6	0.000	0.000	0.000
166	  G	  0.6	  0.6	0.000	0.000	0.000
167	  T	  7.3	  0.5	0.105	0.000	0.000
168	  F	  8.3	  0.2	0.105	0.000	0.000
169	  D	  8.4	  1.6	0.105	0.000	0.000
170	  L	  1.4	  1.7	0.105	0.000	0.000
171	  N	  0.3	  3.4	0.105	0.000	0.000
172	  N	  0.1	  4.0	0.105	0.000	0.000
173	  N	  0.0	  2.5	0.000	0.000	0.000
174	  G	  0.0	  2.5	0.000	0.000	0.000
175	  A	  0.1	  0.7	0.000	0.000	0.000
176	  I	  1.4	  0.0	0.000	0.000	0.000
177	  C	  3.4	  0.0	0.813	0.000	0.000
178	  V	  4.3	  0.1	0.813	0.000	0.000
179	  E	  3.0	  0.1	0.813	0.000	0.000
180	  N	  1.6	  0.1	0.931	0.000	0.000
181	  L	  1.6	  0.1	0.931	0.000	0.000
182	  R	  2.3	  0.0	0.931	0.000	0.000
183	  W	  2.9	  0.1	0.669	0.000	0.000
184	  S	  2.1	  0.2	0.272	0.000	0.000
185	  Q	  2.2	  0.2	0.118	0.000	0.000
186	  L	  1.2	  0.2	0.000	0.000	0.000
187	  T	  1.0	  0.2	0.000	0.000	0.000
188	  G	  0.4	  0.4	0.000	0.000	0.000
189	  I	  1.3	  0.4	0.000	0.000	0.000
190	  N	  1.2	  0.4	0.000	0.000	0.000
191	  G	  1.0	  3.7	0.000	0.000	0.000
192	  P	  0.0	  3.6	0.000	0.000	0.000
193	  G	  0.0	  3.6	0.000	0.000	0.000
194	  C	  9.5	  3.4	0.118	0.138	0.138
195	  I	 11.8	  0.1	0.118	0.138	0.138
196	  A	 11.8	  0.0	0.315	0.138	0.138
197	  L	  2.7	  0.1	0.315	0.138	0.138
198	  G	  0.1	  0.1	1.544	0.138	0.138
199	  E	  0.1	  0.2	1.978	0.000	0.000
200	  K	  0.4	  0.2	2.096	0.000	0.000
201	  A	  0.4	  0.1	2.345	0.000	0.000
202	  E	  1.0	  0.1	2.446	0.000	0.000
203	  L	  1.6	  0.1	2.835	0.000	0.000
204	  D	  1.6	  0.1	9.241	0.000	0.000
205	  L	  1.0	  0.1	9.241	0.000	0.000
206	  A	  0.3	  0.0	9.111	0.000	0.000
207	  K	  0.7	  0.0	9.014	0.000	0.000
208	  L	  1.1	  0.0	8.011	0.000	0.000
209	  I	  3.3	  0.0	7.685	0.000	0.000
210	  S	  5.5	  0.3	7.645	0.000	0.000
211	  I	  5.2	  0.3	1.969	0.000	0.000
212	  D	  2.9	  0.5	1.868	0.000	0.000
213	  E	  0.2	  0.5	0.708	0.000	0.000
214	  Q	  0.2	  0.2	0.468	0.000	0.000
215	  Q	  0.3	  0.2	0.208	0.270	0.270
216	  T	  3.0	  0.1	0.000	2.024	2.024
217	  I	  4.7	  0.0	0.000	3.004	3.004
218	  A	  4.9	  0.0	0.000	3.004	3.004
219	  F	  3.5	  0.2	0.000	3.004	3.004
220	  T	  1.8	  0.3	0.000	3.004	3.004
221	  G	  1.5	  0.7	0.000	1.568	1.568
222	  K	  0.2	  0.8	0.000	0.000	0.000
223	  D	  0.2	  0.6	0.150	0.000	0.000
224	  S	  0.7	  0.4	0.619	12.189	12.189
225	  V	  3.6	  0.1	0.619	27.699	27.699
226	  L	  5.0	  0.0	0.619	28.628	28.628
227	  S	  4.7	  0.0	0.619	28.628	28.628
228	  I	  3.0	  0.0	0.619	29.015	29.015
229	  L	  1.5	  0.1	0.619	27.703	27.703
230	  G	  1.3	  0.1	1.017	9.380	9.380
231	  L	  0.2	  0.1	0.588	7.542	7.542
232	  T	  0.2	  0.1	0.540	3.076	3.076
233	  E	  0.1	  0.0	0.540	0.000	0.000
234	  A	  0.2	  0.0	0.540	0.000	0.000
235	  L	  0.3	  0.1	0.540	0.000	0.000
236	  T	  0.4	  0.2	0.425	0.000	0.000
237	  G	  0.2	  0.2	0.425	0.000	0.000
238	  T	  0.7	  0.3	0.000	0.000	0.000
239	  R	  1.8	  0.2	0.000	0.000	0.000
240	  T	 10.7	  0.1	0.000	0.000	0.000
241	  Y	 14.9	  0.1	0.000	0.000	0.000
242	  N	 14.0	  0.0	0.000	0.000	0.000
243	  V	  6.1	  0.4	0.000	0.000	0.000
244	  A	  0.9	  0.4	0.000	0.000	0.000
245	  G	  0.5	  0.7	0.000	0.000	0.000
246	  F	  0.2	  3.0	0.000	0.000	0.000
247	  G	  0.2	  2.8	0.000	0.000	0.000
248	  S	  0.2	  4.1	0.000	0.000	0.000
249	  G	  0.0	  3.8	0.000	0.000	0.000
250	  N	  0.2	  1.5	0.230	0.000	0.000
251	  K	  3.6	  1.4	0.230	0.000	0.000
252	  I	 11.4	  0.0	0.230	0.000	0.000
253	  E	 16.5	  0.0	0.230	0.000	0.000
254	  V	 16.0	  0.0	0.230	0.000	0.000
255	  N	  8.7	  0.1	0.230	0.000	0.000
256	  L	  3.0	  0.1	0.124	0.000	0.000
257	  G	  0.2	  0.1	0.124	0.000	0.000
258	  F	  3.0	  0.1	0.000	0.000	0.000
259	  T	  3.6	  0.1	0.125	0.000	0.000
260	  S	  4.1	  0.1	0.125	0.000	0.000
261	  H	  1.8	  0.2	0.125	0.000	0.000
262	  E	  4.0	  0.2	0.125	0.000	0.000
263	  Y	  3.7	  0.5	0.125	0.006	0.006
264	  K	  3.2	  3.1	0.125	0.006	0.006
265	  G	  0.3	  3.0	0.000	0.027	0.027
266	  D	  0.0	  3.1	0.000	0.320	0.320
267	  T	  5.1	  2.7	0.000	25.287	25.287
268	  L	  6.7	  0.1	0.000	66.748	66.748
269	  S	 11.7	  0.4	0.605	68.217	68.217
270	  L	  8.8	  0.4	0.605	79.852	79.852
271	  S	  7.6	  0.4	0.605	81.634	81.634
272	  F	  3.3	  0.4	0.605	95.697	95.697
273	  L	  1.2	  0.0	0.605	96.710	96.710
274	  F	  0.9	  0.0	0.605	96.669	96.669
275	  G	  0.3	  0.0	0.393	94.460	94.460
276	  V	  1.4	  0.0	0.000	94.259	94.259
277	  F	  3.0	  0.0	0.000	88.487	88.487
278	  K	  4.2	  0.1	0.000	12.899	12.899
279	  I	  6.0	  0.1	0.000	12.887	12.887
280	  D	  4.5	  0.1	0.000	12.630	12.630
281	  F	  5.2	  0.1	0.000	11.731	11.731
282	  K	  2.5	  0.0	0.000	0.057	0.057
283	  I	  2.1	  0.4	0.000	0.057	0.057
284	  G	  0.3	  0.9	0.000	0.012	0.012
285	  E	  0.0	  0.9	0.000	0.012	0.012
286	  G	  0.1	  1.0	0.000	0.000	0.000
287	  Y	  0.9	  0.7	0.000	0.000	0.000
288	  D	  0.9	  3.7	1.179	0.000	0.000
289	  S	  0.8	  3.8	4.041	0.000	0.000
290	  D	  0.1	  3.7	4.829	0.000	0.000
291	  K	  2.4	  3.6	4.829	0.000	0.000
292	  I	  3.7	  0.1	4.829	0.000	0.000
293	  K	  3.7	  1.7	4.829	0.000	0.000
294	  A	  1.4	  1.9	4.570	0.000	0.000
295	  D	  0.1	  2.0	3.983	0.000	0.000
296	  G	  0.0	  1.9	1.187	0.000	0.000
297	  I	  1.1	  0.3	0.000	0.260	0.260
298	  L	  1.1	  0.2	0.000	0.260	0.260
299	  G	  1.1	  0.3	0.000	0.260	0.260
300	  G	  0.0	  0.3	0.000	0.260	0.260
301	  G	  0.1	  0.3	0.000	0.986	0.986
302	  F	  0.9	  0.1	0.000	7.279	7.279
303	  A	  1.2	  0.0	0.000	7.279	7.279
304	  I	 15.8	  0.0	0.000	7.279	7.279
305	  T	 21.3	  0.0	0.000	7.139	7.139
306	  Y	 21.5	  0.0	0.000	6.980	6.980
307	  D	  7.4	  3.6	0.000	0.000	0.000
308	  A	  0.7	  3.6	0.000	0.000	0.000
309	  D	  0.0	  3.6	0.000	0.000	0.000
310	  S	  0.0	  4.0	0.000	0.000	0.000
311	  P	  0.0	  0.4	0.000	0.000	0.000
312	  T	  1.4	  0.4	0.000	0.000	0.000
313	  S	  1.5	  0.4	0.000	0.000	0.000
314	  V	  1.5	  0.5	0.000	0.000	0.000
315	  P	  0.2	  0.6	0.000	0.000	0.000
316	  D	  0.1	  0.7	0.000	0.000	0.000
317	  K	  1.0	  0.7	0.000	0.000	0.000
318	  C	  2.9	  0.2	0.000	0.000	0.000
319	  H	  4.1	  0.1	0.000	0.000	0.000
320	  C	  3.3	  0.0	0.000	0.000	0.000
321	  D	  1.4	  0.0	0.000	0.000	0.000
322	  P	  0.1	  0.0	0.000	0.000	0.000
323	  F	  0.0	  0.3	0.000	0.000	0.000
324	  P	  0.0	  0.3	0.000	0.000	0.000
325	  Q	  0.2	  0.3	0.000	0.000	0.000
326	  A	  0.3	  0.4	0.000	0.000	0.000
327	  K	  0.4	  0.1	0.000	0.000	0.000
328	  T	  0.6	  0.1	0.131	0.000	0.000
329	  S	  0.9	  0.1	0.131	0.000	0.000
330	  A	  0.9	  0.1	0.131	0.000	0.000
331	  E	  4.1	  0.0	0.131	0.000	0.000
332	  I	  6.1	  0.0	0.131	0.000	0.000
333	  T	  7.2	  0.2	0.318	0.000	0.000
334	  S	  3.8	  0.2	0.452	0.000	0.000
335	  S	  1.5	  0.2	0.452	0.000	0.000
336	  A	  0.2	  0.3	0.321	0.000	0.000
337	  A	  0.3	  0.3	0.321	0.000	0.000
338	  S	  0.3	  0.3	0.321	0.000	0.000
339	  S	  3.2	  1.4	0.134	0.000	0.000
340	  A	  3.2	  1.4	0.000	0.000	0.000
341	  S	  3.2	  1.3	0.000	0.000	0.000
342	  S	  0.5	  1.3	0.000	0.000	0.000
343	  A	  0.6	  0.2	0.000	0.000	0.000
344	  I	  1.1	  0.1	0.000	0.000	0.000
345	  S	  1.0	  0.0	0.000	0.000	0.000
346	  S	  6.4	  0.2	0.000	0.000	0.000
347	  I	  6.4	  0.3	0.000	0.000	0.000
348	  S	  7.1	  1.1	0.126	0.000	0.000
349	  S	  1.5	  1.1	0.126	0.000	0.000
350	  S	  1.0	  1.0	0.228	0.000	0.000
351	  L	  0.3	  1.0	0.228	0.000	0.000
352	  A	  0.3	  0.3	0.228	0.000	0.000
353	  S	  0.2	  0.2	0.228	0.000	0.000
354	  E	  0.2	  0.2	0.102	0.000	0.000
355	  A	  0.3	  0.2	0.102	0.000	0.000
356	  S	  0.4	  0.2	0.102	0.000	0.000
357	  S	  1.9	  0.1	0.000	0.000	0.000
358	  V	  4.6	  0.2	0.000	0.000	0.000
359	  K	  4.6	  0.1	0.000	0.000	0.000
360	  S	  3.2	  0.1	0.000	0.000	0.000
361	  E	  3.1	  0.1	0.000	0.000	0.000
362	  V	  4.1	  0.1	0.000	0.000	0.000
363	  S	  4.8	  0.7	0.000	0.000	0.000
364	  S	  2.2	  0.8	0.000	0.000	0.000
365	  S	  1.1	  1.6	0.000	0.000	0.000
366	  E	  0.3	  1.6	0.000	0.000	0.000
367	  S	  0.4	  1.0	0.000	0.000	0.000
368	  S	  9.5	  1.0	0.000	0.000	0.000
369	  V	 10.6	  0.2	0.000	0.000	0.000
370	  S	 11.1	  0.8	0.000	0.000	0.000
371	  S	  2.0	  0.8	0.000	0.000	0.000
372	  S	 10.2	  0.8	0.000	0.000	0.000
373	  V	 10.7	  0.8	0.000	0.000	0.000
374	  S	 10.6	  0.2	0.124	0.000	0.000
375	  S	  1.4	  0.2	0.124	0.000	0.000
376	  A	  0.2	  0.2	0.124	0.000	0.000
377	  A	  0.3	  0.3	0.124	0.000	0.000
378	  S	  0.3	  0.3	0.124	0.000	0.000
379	  S	  5.6	  0.7	0.124	0.000	0.000
380	  L	  5.7	  0.6	0.000	0.000	0.000
381	  S	  5.8	  0.5	0.000	0.000	0.000
382	  S	  1.0	  0.4	0.000	0.000	0.000
383	  V	  2.5	  0.1	0.000	0.551	0.551
384	  A	  2.5	  0.1	0.000	0.551	0.551
385	  S	  2.4	  0.1	0.000	0.551	0.551
386	  T	 12.9	  0.1	0.000	0.551	0.551
387	  I	 13.3	  0.1	0.000	0.551	0.551
388	  S	 13.6	  0.9	0.000	0.000	0.000
389	  S	  1.4	  0.9	0.000	0.000	0.000
390	  S	  3.4	  1.8	0.000	0.000	0.000
391	  A	  2.8	  1.9	0.000	0.000	0.000
392	  S	  2.8	  1.1	0.000	0.000	0.000
393	  S	  0.5	  1.1	0.000	0.000	0.000
394	  A	  0.8	  0.2	0.000	0.000	0.000
395	  V	  2.1	  0.1	0.000	0.000	0.000
396	  S	  1.9	  0.1	0.142	0.000	0.000
397	  S	  1.5	  0.1	0.142	0.000	0.000
398	  A	  0.3	  0.3	0.142	0.000	0.000
399	  A	  0.3	  0.3	0.142	0.000	0.000
400	  S	  0.3	  0.3	0.142	0.000	0.000
401	  S	  3.2	  1.4	0.142	0.000	0.000
402	  A	  3.2	  1.4	0.000	0.000	0.000
403	  S	  3.2	  1.3	0.000	0.000	0.000
404	  S	  0.5	  1.3	0.000	0.000	0.000
405	  A	  0.8	  0.2	0.000	0.000	0.000
406	  V	  2.0	  0.1	0.000	0.000	0.000
407	  S	  1.8	  2.0	0.000	0.000	0.000
408	  S	  1.4	  2.5	0.000	0.000	0.000
409	  D	  0.2	  4.3	0.136	0.000	0.000
410	  S	  0.2	  4.3	0.332	0.000	0.000
411	  S	  0.2	  2.4	0.453	0.000	0.000
412	  A	  0.2	  2.0	0.453	0.000	0.000
413	  A	  0.3	  0.3	0.453	0.000	0.000
414	  S	  0.3	  0.3	0.599	0.000	0.000
415	  S	  0.3	  0.3	0.463	0.000	0.000
416	  A	  0.3	  0.3	0.267	0.000	0.000
417	  A	  0.3	  0.3	0.267	0.000	0.000
418	  S	  0.3	  0.3	0.416	0.000	0.000
419	  S	  0.3	  0.3	0.295	0.000	0.000
420	  A	  0.3	  0.3	0.149	0.000	0.000
421	  A	  0.3	  0.3	0.149	0.000	0.000
422	  S	  0.3	  0.3	0.296	0.000	0.000
423	  S	  0.3	  0.3	0.296	0.000	0.000
424	  A	  0.3	  0.3	0.147	0.000	0.000
425	  A	  0.3	  0.3	0.147	0.000	0.000
426	  S	  0.3	  0.3	0.147	0.000	0.000
427	  S	  0.5	  0.3	0.147	0.000	0.000
428	  L	  1.1	  0.2	0.000	0.000	0.000
429	  V	  2.3	  0.1	0.000	0.000	0.000
430	  S	  2.0	  0.1	0.000	0.000	0.000
431	  S	  4.3	  1.2	0.000	0.000	0.000
432	  A	  3.2	  1.3	0.000	0.000	0.000
433	  S	  3.9	  2.1	0.000	0.000	0.000
434	  S	  1.1	  2.1	0.112	0.000	0.000
435	  S	  1.0	  1.0	0.112	0.000	0.000
436	  L	  0.3	  1.1	0.112	0.000	0.000
437	  A	  0.4	  0.3	0.112	0.000	0.000
438	  S	  0.3	  0.3	0.112	0.000	0.000
439	  S	  3.1	  1.3	0.112	0.000	0.000
440	  A	  3.1	  1.3	0.000	0.000	0.000
441	  S	  3.8	  2.1	0.000	0.000	0.000
442	  S	  1.0	  2.1	0.000	0.000	0.000
443	  S	  3.7	  2.1	0.000	0.000	0.000
444	  A	  3.1	  2.1	0.000	0.000	0.000
445	  S	  3.1	  1.3	0.000	0.000	0.000
446	  S	  0.3	  2.1	0.000	0.000	0.000
447	  A	  0.2	  1.6	0.000	0.000	0.000
448	  G	  0.1	  2.1	0.000	0.000	0.000
449	  S	  0.1	  2.3	0.000	0.000	0.000
450	  S	  0.1	  1.9	0.000	0.000	0.000
451	  G	  0.1	  1.6	0.000	0.000	0.000
452	  A	  0.2	  1.2	0.000	0.000	0.000
453	  S	  1.0	  1.7	0.000	0.000	0.000
454	  S	  1.1	  1.4	0.000	0.000	0.000
455	  S	  1.0	  2.0	0.000	0.000	0.000
456	  A	  0.2	  2.5	0.000	0.000	0.000
457	  G	  0.1	  1.7	0.000	0.000	0.000
458	  S	  0.9	  2.5	0.000	0.000	0.000
459	  S	  0.9	  1.8	0.000	0.000	0.000
460	  S	  1.0	  1.9	0.000	0.000	0.000
461	  A	  0.2	  1.9	0.000	0.000	0.000
462	  G	  0.1	  1.2	0.000	0.000	0.000
463	  A	  0.2	  1.1	0.000	0.000	0.000
464	  S	  0.3	  0.5	0.000	0.000	0.000
465	  S	  0.6	  0.5	0.000	0.000	0.000
466	  V	  0.6	  0.6	0.000	0.000	0.000
467	  G	  0.5	  0.8	0.000	0.000	0.000
468	  A	  0.3	  0.8	0.000	0.000	0.000
469	  S	  0.3	  1.1	0.000	0.000	0.000
470	  A	  0.3	  0.8	0.000	0.000	0.000
471	  G	  0.2	  0.6	0.000	0.000	0.000
472	  V	  1.4	  0.6	0.000	0.122	0.122
473	  S	  1.4	  0.1	0.000	0.122	0.122
474	  S	  1.6	  0.1	0.000	0.122	0.122
475	  A	  0.4	  0.1	0.000	0.122	0.122
476	  V	  0.4	  0.4	0.000	0.122	0.122
477	  G	  0.2	  0.4	0.000	0.000	0.000
478	  T	  2.9	  0.4	0.000	0.000	0.000
479	  T	 32.4	  0.4	0.000	0.000	0.000
480	  Y	 32.9	  0.1	0.000	0.000	0.000
481	  S	 30.8	  0.4	0.000	0.000	0.000
482	  T	  1.5	  0.4	0.000	0.000	0.000
483	  D	  0.7	  0.4	0.172	0.000	0.000
484	  V	  1.1	  0.3	0.172	0.144	0.144
485	  A	  0.9	  0.0	0.172	0.144	0.144
486	  T	  3.6	  0.0	0.172	0.144	0.144
487	  T	 32.3	  0.0	0.172	0.144	0.144
488	  Y	 32.4	  0.6	0.172	0.144	0.144
489	  S	 29.9	  1.0	0.000	0.000	0.000
490	  D	  0.3	  1.0	0.000	0.000	0.000
491	  G	  0.0	  1.0	0.000	0.000	0.000
492	  S	  0.5	  0.4	0.000	0.000	0.000
493	  V	  2.6	  0.0	0.000	0.000	0.000
494	  A	  3.0	  0.0	0.000	0.000	0.000
495	  S	 12.8	  0.4	0.000	0.000	0.000
496	  V	 11.2	  0.5	0.000	0.000	0.000
497	  S	 10.8	  0.6	0.000	0.000	0.000
498	  G	  0.6	  0.6	0.000	0.000	0.000
499	  E	  0.3	  0.1	0.000	0.000	0.000
500	  V	 12.3	  0.1	0.000	75.628	75.628
501	  I	 15.6	  0.0	0.000	75.628	75.628
502	  V	 30.9	  0.0	0.000	75.628	75.628
503	  T	 19.5	  0.0	0.000	75.628	75.628
504	  V	 16.2	  0.1	0.000	75.628	75.628
505	  G	  0.4	  3.5	0.000	0.000	0.000
506	  P	  0.0	  3.9	0.000	0.000	0.000
507	  D	  0.0	  3.9	0.000	0.000	0.000
508	  G	  0.0	  3.8	0.000	0.000	0.000
509	  K	  0.0	  0.5	0.000	0.000	0.000
510	  P	  0.0	  0.2	0.000	0.000	0.000
511	  T	  1.7	  0.2	0.000	0.000	0.000
512	  T	  3.3	  0.2	0.000	0.000	0.000
513	  T	  5.9	  0.1	0.000	0.000	0.000
514	  T	  5.7	  0.1	0.000	0.000	0.000
515	  K	  5.0	  0.1	0.000	0.000	0.000
516	  T	  3.2	  0.1	0.000	0.000	0.000
517	  F	  1.8	  0.6	0.000	0.000	0.000
518	  P	  0.8	  0.5	0.000	0.000	0.000
519	  Y	  0.1	  0.8	0.000	0.000	0.000
520	  G	  0.1	  0.8	0.195	0.000	0.000
521	  T	  1.4	  0.4	0.195	0.000	0.000
522	  K	  2.0	  0.4	0.195	0.000	0.000
523	  T	 13.7	  0.1	0.195	0.000	0.000
524	  I	 13.4	  0.2	0.195	0.131	0.131
525	  S	 12.7	  0.2	0.195	0.131	0.131
526	  G	  1.2	  0.2	0.000	0.131	0.131
527	  T	 10.3	  0.2	0.193	0.131	0.131
528	  I	 10.9	  0.1	0.193	0.131	0.131
529	  T	 11.0	  0.0	1.041	0.000	0.000
530	  E	  1.2	  0.0	1.237	0.000	0.000
531	  W	  0.8	  0.1	1.237	0.000	0.000
532	  E	  0.8	  0.1	1.237	0.000	0.000
533	  T	 13.8	  0.1	1.237	0.000	0.000
534	  Y	 13.8	  0.1	1.237	0.000	0.000
535	  C	 13.7	  0.0	1.237	0.000	0.000
536	  P	  0.3	  0.0	0.000	0.000	0.000
537	  V	  0.1	  0.0	0.000	0.000	0.000
538	  C	  0.1	  2.0	0.000	0.000	0.000
539	  P	  0.1	  2.1	0.000	0.000	0.000
540	  D	  0.0	  2.1	0.000	0.000	0.000
541	  H	  0.3	  2.2	0.000	0.000	0.000
542	  K	  1.0	  0.2	0.000	0.000	0.000
543	  T	  2.9	  0.1	0.000	0.918	0.918
544	  T	 20.0	  0.2	0.000	3.409	3.409
545	  V	 19.7	  0.3	0.000	11.296	11.296
546	  S	 17.9	  0.3	0.000	11.799	11.799
547	  G	  0.6	  0.3	0.000	16.052	16.052
548	  W	  0.8	  0.2	0.000	57.965	57.965
549	  V	  3.5	  0.0	0.000	62.070	62.070
550	  Y	  5.0	  0.0	0.000	62.123	62.123
551	  T	  5.9	  0.0	0.000	60.241	60.241
552	  T	  5.3	  0.0	0.000	58.600	58.600
553	  T	  4.2	  0.0	0.000	54.280	54.280
554	  V	  2.6	  0.7	0.000	51.560	51.560
555	  G	  0.5	  0.7	0.000	16.937	16.937
556	  G	  0.1	  0.7	0.000	13.972	13.972
557	  T	 10.5	  0.7	0.000	14.214	14.214
558	  V	 17.0	  0.0	0.000	14.385	14.385
559	  T	 19.3	  0.0	0.105	12.402	12.402
560	  L	  9.6	  0.0	0.105	11.239	11.239
561	  T	  3.1	  0.0	0.105	4.047	4.047
562	  T	  0.8	  0.0	0.105	1.482	1.482
563	  E	  1.9	  0.0	0.105	0.000	0.000
564	  V	  1.7	  0.0	0.105	0.000	0.000
565	  C	  1.4	  0.0	0.105	0.000	0.000
566	  P	  0.0	  1.9	0.000	0.000	0.000
567	  P	  0.0	  2.2	0.000	0.000	0.000
568	  G	  0.0	  2.3	0.000	0.000	0.000
569	  A	  0.4	  2.3	0.000	0.000	0.000
570	  T	  0.5	  0.4	0.000	0.000	0.000
571	  A	  0.5	  0.4	0.000	0.000	0.000
572	  P	  0.1	  0.6	0.000	0.000	0.000
573	  A	  0.0	  0.6	0.000	0.000	0.000
574	  G	  0.0	  0.6	0.000	0.000	0.000
575	  T	  0.0	  0.3	0.000	0.000	0.000
576	  P	  0.0	  0.0	0.000	0.000	0.000
577	  P	  0.0	  0.0	0.000	0.000	0.000
578	  S	  0.0	  0.0	0.000	0.000	0.000
579	  P	  0.0	  0.0	0.000	0.000	0.000
580	  V	  2.3	  0.2	0.000	0.000	0.000
581	  A	  2.3	  0.5	0.000	0.000	0.000
582	  S	  2.6	  1.7	0.000	0.000	0.000
583	  G	  0.3	  1.9	0.000	0.000	0.000
584	  S	  0.5	  1.6	0.000	0.000	0.000
585	  S	  7.4	  1.3	0.000	0.264	0.264
586	  Y	  9.8	  0.2	0.000	2.372	2.372
587	  T	 10.3	  0.1	0.000	2.372	2.372
588	  S	  3.9	  0.1	0.000	2.372	2.372
589	  V	  5.3	  0.1	0.000	2.372	2.372
590	  V	  4.8	  9.5	0.000	2.372	2.372
591	  N	  4.1	  9.7	0.000	0.000	0.000
592	  G	  0.3	  9.8	0.000	0.000	0.000
593	  K	  0.3	  9.8	0.000	0.000	0.000
594	  T	  0.5	  0.8	0.000	0.000	0.000
595	  E	  0.5	  0.6	0.000	0.000	0.000
596	  S	  0.2	  0.6	0.000	0.854	0.854
597	  G	  0.0	  0.6	0.000	0.854	0.854
598	  V	  3.6	  0.1	0.000	1.070	1.070
599	  V	  4.7	  0.0	0.000	1.070	1.070
600	  Y	  5.0	  0.1	0.000	1.070	1.070
601	  K	  2.3	  0.1	0.000	0.216	0.216
602	  T	  2.2	  0.1	0.000	0.216	0.216
603	  T	  5.9	  0.1	0.000	0.216	0.216
604	  I	  5.3	  0.1	0.000	0.216	0.216
605	  E	  4.3	  0.3	0.000	0.216	0.216
606	  G	  0.3	  0.3	0.216	0.000	0.000
607	  T	  1.3	  0.4	0.216	0.000	0.000
608	  K	  2.1	  0.2	0.216	0.000	0.000
609	  T	  7.5	  0.1	0.216	0.710	0.710
610	  V	  8.8	  0.1	0.216	1.891	1.891
611	  Y	 10.8	  0.1	0.216	1.891	1.891
612	  T	  6.2	  0.1	0.000	1.891	1.891
613	  S	  4.7	  0.1	0.000	1.891	1.891
614	  V	  2.1	  0.1	0.000	1.891	1.891
615	  C	  1.3	  0.4	0.000	0.000	0.000
616	  P	  0.1	  0.4	0.000	0.000	0.000
617	  E	  0.0	  0.4	0.000	0.000	0.000
618	  E	  0.1	  0.4	0.000	0.000	0.000
619	  T	  0.1	  0.1	0.000	0.000	0.000
620	  P	  0.0	  0.0	0.000	0.000	0.000
621	  A	  0.0	  0.5	0.000	0.000	0.000
622	  P	  0.0	  0.5	0.000	0.000	0.000
623	  S	  0.2	  0.5	0.000	0.000	0.000
624	  A	  0.2	  0.5	0.000	0.000	0.000
625	  A	  0.2	  0.5	0.000	0.000	0.000
626	  P	  0.0	  0.9	0.000	0.000	0.000
627	  S	  0.1	  0.9	0.000	0.000	0.000
628	  S	  0.1	  1.1	0.000	0.000	0.000
629	  G	  0.1	  0.6	0.000	0.000	0.000
630	  P	  0.0	  0.1	0.000	0.000	0.000
631	  A	  0.0	  0.1	0.000	0.000	0.000
632	  P	  0.0	  0.0	0.000	0.000	0.000
633	  A	  0.0	  0.5	0.000	0.000	0.000
634	  P	  0.0	  0.5	0.000	0.000	0.000
635	  S	  0.2	  0.5	0.000	0.000	0.000
636	  A	  0.2	  0.5	0.000	0.000	0.000
637	  A	  0.2	  0.5	0.000	0.000	0.000
638	  P	  0.0	  0.9	0.000	0.000	0.000
639	  S	  0.1	  0.9	0.000	0.000	0.000
640	  S	  0.1	  1.3	0.000	0.000	0.000
641	  G	  0.1	  0.8	0.000	0.000	0.000
642	  P	  0.0	  0.4	0.000	0.000	0.000
643	  G	  0.0	  0.4	0.000	0.000	0.000
644	  P	  0.0	  0.0	0.000	0.000	0.000
645	  A	  0.0	  0.4	0.000	0.000	0.000
646	  P	  0.0	  0.4	0.000	0.000	0.000
647	  S	  1.4	  0.4	0.000	0.000	0.000
648	  V	  1.9	  0.4	0.000	0.000	0.000
649	  A	  1.9	  0.5	0.000	0.000	0.000
650	  P	  0.5	  0.5	0.000	0.000	0.000
651	  S	  0.7	  0.5	0.000	0.000	0.000
652	  F	  0.7	  0.9	0.000	0.000	0.000
653	  G	  0.7	  0.4	0.000	0.000	0.000
654	  P	  0.0	  0.4	0.000	0.000	0.000
655	  G	  0.0	  0.4	0.000	0.000	0.000
656	  P	  0.0	  0.0	0.000	0.000	0.000
657	  A	  0.0	  0.0	0.000	0.000	0.000
658	  P	  0.0	  0.0	0.000	0.000	0.000
659	  A	  0.0	  0.5	0.000	0.000	0.000
660	  P	  0.0	  0.5	0.000	0.000	0.000
661	  S	  0.1	  0.5	0.000	0.000	0.000
662	  H	  0.1	  1.2	0.000	0.000	0.000
663	  P	  0.1	  0.8	0.000	0.000	0.000
664	  S	  0.4	  0.8	0.000	0.000	0.000
665	  T	  4.4	  0.8	0.000	0.000	0.000
666	  V	  5.0	  0.3	0.000	0.000	0.000
667	  A	  4.5	  0.3	0.000	0.000	0.000
668	  G	  0.6	  0.5	0.000	0.000	0.000
669	  E	  0.1	  0.6	0.000	0.000	0.000
670	  S	  0.2	  0.4	0.000	0.000	0.000
671	  T	  0.2	  0.4	0.000	0.000	0.000
672	  G	  0.1	  0.2	0.000	0.000	0.000
673	  P	  0.0	  0.1	0.000	0.000	0.000
674	  A	  0.0	  0.4	0.000	0.000	0.000
675	  P	  0.0	  0.4	0.000	0.000	0.000
676	  S	  1.5	  0.4	0.000	0.000	0.000
677	  V	  2.0	  0.4	0.000	0.000	0.000
678	  V	  2.0	  0.0	0.000	0.000	0.000
679	  P	  0.6	  0.2	0.000	0.000	0.000
680	  A	  0.1	  0.3	0.000	0.000	0.000
681	  S	  0.3	  0.3	0.000	0.000	0.000
682	  S	  0.4	  0.3	0.000	0.000	0.000
683	  A	  0.3	  0.1	0.000	0.000	0.000
684	  P	  0.1	  0.0	0.000	0.000	0.000
685	  A	  0.0	  0.4	0.000	0.000	0.000
686	  P	  0.0	  0.6	0.000	0.000	0.000
687	  S	  0.2	  0.6	0.000	0.000	0.000
688	  S	  0.3	  0.6	0.000	0.000	0.000
689	  A	  0.3	  0.2	0.000	0.000	0.000
690	  P	  0.1	  0.0	0.000	0.000	0.000
691	  A	  0.5	  0.0	0.000	0.000	0.000
692	  V	  1.3	  0.1	0.000	0.000	0.000
693	  S	  1.9	  0.1	0.000	0.000	0.000
694	  T	 12.1	  0.1	0.000	0.000	0.000
695	  Y	 11.6	  0.4	0.000	0.000	0.000
696	  E	 11.0	  0.8	0.000	0.000	0.000
697	  G	  0.3	  0.9	0.242	0.000	0.000
698	  G	  0.0	  0.9	0.363	0.006	0.006
699	  A	  0.1	  0.6	0.363	0.200	0.200
700	  A	  0.1	  0.1	0.363	2.145	2.145
701	  A	  0.2	  0.0	0.363	4.439	4.439
702	  Q	  0.4	  0.0	0.363	7.146	7.146
703	  V	  5.9	  0.1	0.121	72.323	72.323
704	  I	  9.9	  0.1	0.121	77.705	77.705
705	  N	 10.6	  0.1	0.226	78.173	78.173
706	  F	  9.9	  0.1	0.226	89.757	89.757
707	  S	  6.0	  0.0	0.229	90.651	90.651
708	  W	  5.4	  0.0	0.229	97.788	97.788
709	  L	  1.1	  0.0	0.229	99.444	99.444
710	  I	  4.2	  0.0	0.229	99.724	99.724
711	  S	  4.1	  0.0	0.544	99.676	99.676
712	  L	  4.5	  0.0	0.544	99.849	99.849
713	  V	  2.9	  0.0	0.544	99.822	99.822
714	  A	  2.7	  0.0	0.544	99.119	99.119
715	  F	  2.7	  0.0	0.544	98.522	98.522
716	  A	  1.4	  0.0	0.315	90.785	90.785
717	  F	  1.3	  0.0	0.202	88.015	88.015
718	  F	  0.4	  0.0	0.000	0.038	0.038
