res	aa	Beta	Turn	Helix	Aggregation	Conc-Stab_Aggregation
01	  M	  1.9	  0.0	0.000	0.000	0.000
02	  Q	  4.0	  0.0	0.000	0.000	0.000
03	  F	  4.9	  0.3	0.000	0.000	0.000
04	  K	  3.2	  0.3	0.000	0.000	0.000
05	  S	  1.4	  0.3	0.111	7.289	7.289
06	  L	  0.8	  0.3	0.111	63.107	63.107
07	  F	  1.8	  0.0	0.111	85.280	85.280
08	  A	  1.8	  0.0	0.111	86.931	86.931
09	  V	  2.7	  0.0	0.111	88.099	88.099
10	  A	  1.7	  0.0	0.111	87.880	87.880
11	  A	  1.9	  0.0	0.111	85.699	85.699
12	  V	  1.3	  0.1	0.111	83.176	83.176
13	  S	  1.1	  0.1	0.111	50.633	50.633
14	  G	  0.7	  0.1	0.129	46.495	46.495
15	  L	  0.4	  0.1	0.129	46.159	46.159
16	  A	  0.8	  0.1	0.129	43.995	43.995
17	  V	  1.5	  0.2	0.129	42.160	42.160
18	  A	  1.2	  0.2	0.129	19.796	19.796
19	  N	  0.8	  0.5	0.129	0.804	0.804
20	  N	  0.1	  0.6	0.129	0.019	0.019
21	  S	  0.3	  0.4	0.000	0.000	0.000
22	  T	  3.0	  0.3	0.000	0.000	0.000
23	  L	  3.2	  0.1	0.000	0.000	0.000
24	  T	  3.7	  0.0	0.000	0.000	0.000
25	  T	  2.9	  0.0	0.000	0.000	0.000
26	  A	  2.6	  0.0	0.000	0.000	0.000
27	  T	  2.0	  0.4	0.000	0.000	0.000
28	  P	  0.1	  0.4	0.000	0.000	0.000
29	  S	  0.6	  0.4	0.000	0.000	0.000
30	  V	  2.9	  0.4	0.000	0.000	0.000
31	  A	  3.0	  0.0	0.000	0.000	0.000
32	  S	  2.7	  0.0	0.000	0.000	0.000
33	  A	  0.6	  0.0	0.000	0.000	0.000
34	  C	  1.7	  0.0	0.000	0.000	0.000
35	  S	  2.9	  0.0	0.000	0.000	0.000
36	  F	  3.1	  0.3	0.000	0.000	0.000
37	  K	  1.9	  0.3	0.000	0.000	0.000
38	  D	  1.2	  0.3	0.000	0.000	0.000
39	  F	  6.1	  0.3	0.000	0.000	0.000
40	  T	  7.2	  0.1	0.000	0.000	0.000
41	  A	  6.5	  0.2	0.000	0.000	0.000
42	  T	  1.4	  0.8	0.000	0.000	0.000
43	  D	  0.1	  1.6	0.000	0.000	0.000
44	  N	  0.1	  1.7	0.000	0.000	0.000
45	  G	  0.0	  1.7	0.000	0.000	0.000
46	  G	  0.1	  1.1	0.133	0.000	0.000
47	  I	  0.7	  0.3	0.133	0.000	0.000
48	  S	  0.8	  0.1	1.428	0.000	0.000
49	  S	  1.4	  0.1	1.428	0.000	0.000
50	  V	  2.0	  0.1	1.428	0.000	0.000
51	  A	  1.8	  0.0	1.428	0.000	0.000
52	  A	  1.3	  0.0	1.428	0.000	0.000
53	  C	  0.1	  0.6	1.428	0.000	0.000
54	  P	  0.0	  0.6	0.000	0.000	0.000
55	  T	  0.8	  0.6	0.000	0.000	0.000
56	  A	  0.9	  0.7	0.000	0.000	0.000
57	  V	  1.0	  0.5	0.000	0.000	0.000
58	  G	  0.2	  0.5	0.000	0.000	0.000
59	  D	  0.8	  0.7	0.000	0.000	0.000
60	  V	  7.5	  0.6	0.000	0.000	0.000
61	  N	 10.3	  0.2	0.000	0.000	0.000
62	  I	  9.8	  0.5	0.000	0.000	0.000
63	  E	  3.4	  1.1	0.000	0.000	0.000
64	  G	  0.3	  1.2	0.000	0.000	0.000
65	  S	  0.2	  1.2	0.000	0.000	0.000
66	  S	  4.1	  1.3	0.000	0.000	0.000
67	  V	  5.1	  0.5	0.000	0.000	0.000
68	  D	  5.1	  0.4	0.155	0.000	0.000
69	  S	  4.0	  0.7	0.155	0.000	0.000
70	  I	  5.6	  0.4	0.155	0.000	0.000
71	  D	  5.6	  0.7	0.155	0.000	0.000
72	  L	  3.0	  0.7	0.155	0.000	0.000
73	  T	  0.4	  0.4	0.155	0.000	0.000
74	  G	  0.2	  0.4	0.155	0.000	0.000
75	  V	  2.3	  0.1	0.000	0.000	0.000
76	  R	  2.8	  0.0	0.000	0.000	0.000
77	  Q	  3.7	  0.0	0.000	0.000	0.000
78	  V	  2.4	  0.0	0.000	0.000	0.000
79	  Y	  2.0	  6.4	0.000	0.000	0.000
80	  G	  0.9	  6.4	0.000	0.000	0.000
81	  D	  0.3	  6.4	0.000	0.000	0.000
82	  L	  0.8	  6.4	0.000	0.116	0.116
83	  Y	  2.1	  0.2	0.000	0.116	0.116
84	  I	  2.7	  2.5	0.000	0.116	0.116
85	  N	  2.1	  2.6	0.000	0.116	0.116
86	  G	  0.9	  2.6	0.000	0.116	0.116
87	  T	  0.5	  2.5	0.000	0.000	0.000
88	  K	  0.9	  0.2	0.000	0.000	0.000
89	  A	  1.5	  0.0	0.000	0.000	0.000
90	  T	  4.8	  0.0	0.000	0.000	0.000
91	  V	  7.5	  0.0	0.000	0.000	0.000
92	  L	  7.5	  0.0	0.000	0.000	0.000
93	  N	  3.9	  0.0	0.000	0.000	0.000
94	  A	  0.7	  0.9	0.000	0.000	0.000
95	  P	  0.0	  0.9	0.000	0.000	0.000
96	  D	  0.1	  0.9	0.384	0.000	0.000
97	  L	  1.6	  0.9	0.384	0.309	0.309
98	  Q	  2.4	  0.0	0.384	0.309	0.309
99	  L	  2.9	  0.0	0.384	0.309	0.309
100	  V	  2.0	  0.2	0.384	0.309	0.309
101	  S	  1.3	  0.5	0.384	0.309	0.309
102	  G	  0.6	  0.5	0.513	0.000	0.000
103	  K	  3.0	  0.5	0.513	0.000	0.000
104	  F	  7.5	  0.3	0.408	0.000	0.000
105	  T	  7.9	  0.0	0.408	0.000	0.000
106	  L	  5.0	  0.0	0.408	0.000	0.000
107	  A	  0.6	  0.1	0.408	0.000	0.000
108	  R	  0.5	  0.1	0.297	0.000	0.000
109	  S	  0.9	  0.1	0.115	0.000	0.000
110	  T	  3.5	  0.1	0.000	1.551	1.551
111	  I	  3.9	  0.1	0.000	6.809	6.809
112	  L	  3.5	  0.0	0.000	7.025	7.025
113	  A	  1.0	  0.0	0.159	7.025	7.025
114	  T	  0.4	  0.4	0.561	7.025	7.025
115	  A	  0.4	  0.4	0.561	6.527	6.527
116	  N	  0.3	  0.4	0.561	4.597	4.597
117	  L	  0.1	  0.4	0.561	7.137	7.137
118	  A	  0.3	  0.0	0.561	7.147	7.147
119	  Q	  1.2	  0.0	0.561	7.323	7.323
120	  L	  1.4	  0.0	0.000	19.457	19.457
121	  T	  3.3	  0.0	0.000	21.493	21.493
122	  T	  3.0	  0.0	0.118	24.986	24.986
123	  V	  2.7	  0.2	0.118	30.619	30.619
124	  G	  0.6	  0.2	0.118	30.578	30.578
125	  T	  0.8	  0.2	0.118	30.479	30.479
126	  L	  1.3	  0.2	0.118	30.479	30.479
127	  L	  1.6	  0.1	0.118	29.955	29.955
128	  F	  1.8	  0.3	0.118	27.319	27.319
129	  D	  1.3	  0.3	0.000	0.000	0.000
130	  S	  1.0	  0.3	0.000	0.000	0.000
131	  L	  0.1	  0.2	0.114	0.000	0.000
132	  P	  0.1	  0.0	0.114	0.000	0.000
133	  A	  0.1	  0.0	0.114	0.000	0.000
134	  L	  0.2	  0.0	0.114	0.000	0.000
135	  E	  0.5	  0.2	0.114	0.000	0.000
136	  K	  0.5	  0.2	0.114	0.000	0.000
137	  T	  0.4	  0.3	0.000	0.000	0.000
138	  G	  0.2	  0.3	0.000	0.000	0.000
139	  L	  0.6	  0.2	0.000	0.000	0.000
140	  T	  0.6	  0.4	0.000	0.000	0.000
141	  S	  0.6	  0.5	0.000	0.000	0.000
142	  G	  0.4	  0.5	0.000	0.000	0.000
143	  I	  2.8	  0.5	0.000	0.000	0.000
144	  T	  3.2	  0.3	0.000	0.000	0.000
145	  S	  3.2	  0.1	0.000	0.000	0.000
146	  A	  0.7	  0.2	0.000	0.000	0.000
147	  E	  0.3	  0.2	0.000	0.000	0.000
148	  S	  2.7	  0.2	0.000	0.000	0.000
149	  I	 15.3	  0.1	0.000	0.000	0.000
150	  T	 15.6	  0.0	0.000	0.000	0.000
151	  I	 13.1	  3.5	0.000	0.000	0.000
152	  G	  0.4	  3.6	0.000	0.000	0.000
153	  N	  0.0	  3.6	0.000	0.000	0.000
154	  T	  0.0	  3.7	0.000	0.000	0.000
155	  G	  0.1	  0.2	0.000	0.000	0.000
156	  L	  0.2	  0.1	0.000	0.000	0.000
157	  H	  0.3	  0.2	0.000	0.000	0.000
158	  S	  2.4	  2.4	0.000	0.000	0.000
159	  L	  2.3	  2.7	0.000	0.000	0.000
160	  D	  2.1	  2.7	0.000	0.000	0.000
161	  G	  0.3	  2.6	0.000	0.000	0.000
162	  I	  9.2	  0.4	0.000	0.304	0.304
163	  N	 12.6	  0.1	1.731	0.304	0.304
164	  V	 15.2	  0.0	1.731	2.023	2.023
165	  Y	  8.7	  0.0	1.731	2.155	2.155
166	  E	  5.7	  0.0	1.731	2.155	2.155
167	  L	  4.3	  0.0	1.731	2.442	2.442
168	  K	  3.3	  0.0	1.731	2.442	2.442
169	  V	  5.2	  0.0	0.687	2.442	2.442
170	  F	  7.1	  0.0	0.687	2.319	2.319
171	  D	  7.0	  0.7	0.000	0.287	0.287
172	  V	  4.7	  0.7	0.000	0.287	0.287
173	  N	  1.3	  0.7	0.000	0.000	0.000
174	  N	  0.6	  0.7	0.000	0.000	0.000
175	  N	  0.0	  3.3	0.000	0.000	0.000
176	  P	  0.0	  3.2	0.000	0.000	0.000
177	  D	  1.5	  3.2	0.000	0.000	0.000
178	  I	  2.0	  3.3	0.000	0.000	0.000
179	  E	  2.0	  0.1	0.000	0.000	0.000
180	  S	  3.4	  0.4	0.363	0.000	0.000
181	  I	  3.6	  0.4	0.363	0.000	0.000
182	  D	  3.6	  0.4	0.591	0.000	0.000
183	  S	  0.9	  0.4	0.591	0.000	0.000
184	  A	  0.3	  0.1	0.591	0.000	0.000
185	  L	  0.5	  0.1	0.591	0.000	0.000
186	  Q	  0.7	  0.1	0.591	0.000	0.000
187	  S	  4.0	  0.1	0.404	0.000	0.000
188	  V	  5.2	  0.1	0.000	0.000	0.000
189	  T	  5.2	  0.1	0.000	0.000	0.000
190	  D	  1.7	  0.1	0.000	0.000	0.000
191	  T	  5.3	  0.1	0.000	0.000	0.000
192	  L	  6.4	  0.1	0.000	0.000	0.000
193	  S	  9.6	  0.4	0.000	0.000	0.000
194	  I	  9.0	  0.3	0.000	0.000	0.000
195	  N	  8.2	  0.8	0.077	0.000	0.000
196	  Y	  6.0	  0.8	0.077	0.000	0.000
197	  N	  1.9	  0.6	0.347	0.000	0.000
198	  A	  1.1	  0.7	0.347	0.000	0.000
199	  E	  0.1	  0.2	0.347	0.000	0.000
200	  K	  6.5	  0.2	0.347	0.000	0.000
201	  V	 23.9	  0.0	0.270	0.000	0.000
202	  E	 25.0	  0.0	0.270	0.000	0.000
203	  V	 22.0	  0.0	0.127	0.000	0.000
204	  A	  4.4	  0.1	0.127	0.000	0.000
205	  L	  2.7	  0.1	0.127	0.000	0.000
206	  D	  0.2	  0.2	0.544	0.000	0.000
207	  K	  1.9	  0.2	0.417	0.000	0.000
208	  L	  2.3	  0.1	0.417	0.377	0.377
209	  T	  2.7	  0.1	0.417	0.377	0.377
210	  S	  1.3	  2.6	0.417	0.377	0.377
211	  A	  0.8	  2.6	0.417	0.746	0.746
212	  N	  0.5	  2.6	0.103	1.182	1.182
213	  N	  1.9	  2.6	0.000	1.182	1.182
214	  V	  5.3	  0.0	0.000	4.205	4.205
215	  V	  8.2	  0.0	0.000	4.379	4.379
216	  F	  8.3	  0.1	0.000	4.379	4.379
217	  E	  5.0	  0.1	0.000	3.197	3.197
218	  K	  2.6	  0.1	0.000	3.197	3.197
219	  I	  1.2	  0.2	0.000	3.244	3.244
220	  S	  1.2	  0.1	0.000	0.969	0.969
221	  S	  5.6	  0.4	0.000	0.706	0.706
222	  L	  6.9	  0.4	0.000	0.706	0.706
223	  S	 16.6	  0.5	0.000	0.517	0.517
224	  V	 12.0	  0.5	0.000	0.517	0.517
225	  S	 10.2	  0.3	0.000	0.000	0.000
226	  N	  0.5	  0.3	0.000	0.000	0.000
227	  L	  0.7	  0.1	0.000	0.000	0.000
228	  T	  1.1	  0.0	0.000	0.000	0.000
229	  S	  4.2	  1.0	0.000	0.000	0.000
230	  I	  4.6	  2.2	0.000	0.000	0.000
231	  N	  4.3	  2.3	0.000	0.000	0.000
232	  G	  0.9	  2.4	0.000	0.000	0.000
233	  S	  4.7	  1.7	0.000	0.000	0.000
234	  L	  6.3	  0.5	0.000	0.000	0.000
235	  S	 15.9	  0.4	0.000	0.000	0.000
236	  V	 12.2	  0.4	0.000	0.000	0.000
237	  S	 11.0	  1.9	0.000	0.000	0.000
238	  K	  1.3	  2.0	0.000	0.000	0.000
239	  N	  0.7	  1.8	0.000	0.000	0.000
240	  N	  0.9	  3.1	0.000	0.000	0.000
241	  F	  1.1	  1.6	0.000	0.000	0.000
242	  D	  1.0	  1.6	0.000	0.000	0.000
243	  G	  0.4	  1.6	0.000	0.000	0.000
244	  F	  4.3	  0.3	0.000	0.000	0.000
245	  E	  7.2	  0.0	0.000	0.000	0.000
246	  F	  7.8	  0.1	0.000	0.000	0.000
247	  K	  4.0	  0.2	0.000	0.000	0.000
248	  E	  1.3	  0.2	0.000	0.000	0.000
249	  L	  1.1	  0.2	0.000	0.000	0.000
250	  T	  1.4	  0.1	0.000	0.000	0.000
251	  S	  1.0	  0.3	0.000	0.000	0.000
252	  I	  0.6	  0.6	0.000	0.000	0.000
253	  G	  0.2	  0.7	0.000	0.000	0.000
254	  K	  0.2	  0.8	0.000	0.000	0.000
255	  S	  5.4	  0.7	0.000	0.000	0.000
256	  L	  6.9	  0.4	0.000	0.000	0.000
257	  S	 10.1	  0.5	0.000	0.000	0.000
258	  I	  5.2	  0.5	0.000	0.000	0.000
259	  N	  3.6	  3.3	0.000	0.000	0.000
260	  E	  0.2	  3.4	0.000	0.000	0.000
261	  N	  0.0	  3.1	0.000	0.000	0.000
262	  D	  0.0	  3.2	0.233	0.000	0.000
263	  E	  0.1	  0.2	0.233	0.000	0.000
264	  L	  0.1	  0.3	0.233	0.000	0.000
265	  E	  0.2	  0.3	0.233	0.000	0.000
266	  E	  2.0	  0.2	0.233	0.000	0.000
267	  F	  5.6	  0.2	0.233	0.000	0.000
268	  D	  5.6	  0.0	0.000	0.000	0.000
269	  F	  3.7	  0.5	0.000	0.000	0.000
270	  P	  0.1	  0.5	0.000	0.000	0.000
271	  K	  1.0	  0.5	0.000	0.000	0.000
272	  L	  1.3	  0.6	0.000	0.000	0.000
273	  K	  1.7	  0.1	0.000	0.000	0.000
274	  S	  0.9	  0.2	0.000	0.000	0.000
275	  I	  0.7	  1.0	0.000	0.000	0.000
276	  G	  0.3	  1.1	0.000	0.000	0.000
277	  G	  0.1	  1.1	0.000	0.000	0.000
278	  A	  0.2	  0.9	0.000	0.000	0.000
279	  L	  3.7	  0.1	0.000	0.000	0.000
280	  N	  4.3	  0.0	0.000	0.000	0.000
281	  I	  4.2	  0.1	0.000	0.000	0.000
282	  Q	  0.7	  0.2	0.000	0.000	0.000
283	  D	  0.1	  0.3	0.528	0.000	0.000
284	  N	  0.0	  0.3	3.265	0.000	0.000
285	  E	  0.1	  0.2	3.371	0.000	0.000
286	  K	  0.8	  0.1	3.371	0.000	0.000
287	  L	  1.0	  0.3	3.371	0.000	0.000
288	  K	  1.3	  0.2	3.371	0.000	0.000
289	  S	 20.3	  0.3	3.204	0.554	0.554
290	  F	 24.8	  0.3	1.755	0.554	0.554
291	  S	 25.3	  0.1	0.919	0.554	0.554
292	  Y	  8.2	  0.2	0.728	0.554	0.554
293	  F	  2.3	  0.1	0.622	0.554	0.554
294	  D	  1.4	  0.2	0.622	0.000	0.000
295	  K	  1.8	  0.2	0.622	0.000	0.000
296	  L	  1.5	  0.2	0.622	0.000	0.000
297	  E	  1.6	  0.2	0.440	0.000	0.000
298	  T	  0.4	  0.1	0.091	0.000	0.000
299	  I	  0.5	  0.5	0.091	0.000	0.000
300	  G	  0.4	  0.5	0.091	0.000	0.000
301	  G	  0.1	  0.5	0.000	0.000	0.000
302	  S	  4.9	  0.8	0.000	0.000	0.000
303	  V	 11.2	  0.3	0.000	0.000	0.000
304	  N	 12.4	  1.7	0.000	0.000	0.000
305	  I	  8.3	  1.8	0.000	0.000	0.000
306	  D	  1.9	  2.1	0.000	0.000	0.000
307	  G	  0.6	  2.1	0.000	0.000	0.000
308	  D	  0.4	  1.4	0.000	0.000	0.000
309	  F	  0.7	  1.8	0.000	0.000	0.000
310	  D	  0.7	  3.7	0.000	0.000	0.000
311	  N	  0.3	  3.8	0.000	0.000	0.000
312	  G	  0.1	  3.1	0.000	0.000	0.000
313	  T	  0.9	  2.6	0.000	0.000	0.000
314	  F	  0.9	  0.6	0.000	0.000	0.000
315	  P	  0.8	  0.5	0.000	0.000	0.000
316	  K	  0.7	  0.5	0.000	0.000	0.000
317	  L	  0.8	  0.5	0.000	0.000	0.000
318	  N	  0.8	  0.1	0.120	0.000	0.000
319	  R	  1.0	  0.0	0.120	0.000	0.000
320	  V	  1.6	  0.1	0.120	0.000	0.000
321	  A	  1.5	  0.2	0.120	0.000	0.000
322	  G	  0.6	  0.3	0.120	0.000	0.000
323	  G	  0.1	  0.3	0.120	0.000	0.000
324	  F	  1.8	  0.1	0.000	0.000	0.000
325	  N	  2.1	  0.4	0.000	0.000	0.000
326	  L	  2.2	  0.4	0.000	0.000	0.000
327	  S	  1.1	  0.5	0.000	0.000	0.000
328	  T	  0.9	  0.6	0.000	0.000	0.000
329	  T	  0.8	  0.3	0.000	0.000	0.000
330	  G	  0.1	  0.2	0.000	0.000	0.000
331	  Y	  1.0	  0.1	0.000	0.000	0.000
332	  L	  6.2	  0.0	0.000	0.000	0.000
333	  S	 11.9	  0.5	0.000	0.000	0.000
334	  C	 11.3	  0.6	0.000	0.000	0.000
335	  D	  6.7	  0.6	0.818	0.000	0.000
336	  S	  7.4	  0.6	1.165	0.000	0.000
337	  F	 10.6	  0.2	1.165	0.000	0.000
338	  T	 10.9	  0.1	1.165	0.000	0.000
339	  K	  5.1	  0.1	1.165	0.000	0.000
340	  L	  1.8	  0.1	1.165	0.000	0.000
341	  N	  1.2	  0.4	1.017	0.000	0.000
342	  S	  0.6	  1.1	0.628	0.000	0.000
343	  K	  0.2	  1.6	0.131	0.000	0.000
344	  G	  0.1	  1.6	0.000	0.000	0.000
345	  D	  1.1	  1.2	0.000	0.000	0.000
346	  I	  2.1	  0.7	0.000	0.000	0.000
347	  K	  2.1	  1.1	0.000	0.000	0.000
348	  G	  1.0	  1.2	0.000	0.000	0.000
349	  D	  0.1	  1.2	0.000	0.000	0.000
350	  K	  0.4	  1.0	0.000	0.000	0.000
351	  F	  5.1	  0.1	0.000	0.000	0.000
352	  Y	  7.2	  0.0	0.000	0.000	0.000
353	  C	  7.3	  0.4	0.000	0.000	0.000
354	  R	  2.7	  0.4	0.000	0.000	0.000
355	  G	  0.4	  0.6	0.000	0.000	0.000
356	  A	  0.1	  0.6	0.000	0.000	0.000
357	  S	  0.4	  0.4	0.000	0.000	0.000
358	  S	  0.7	  0.3	0.000	0.000	0.000
359	  T	 17.8	  0.2	0.000	0.000	0.000
360	  V	 18.6	  0.1	0.000	0.000	0.000
361	  S	 18.9	  0.7	0.000	0.000	0.000
362	  S	  2.7	  1.4	0.000	0.000	0.000
363	  S	  2.1	  2.1	0.000	0.000	0.000
364	  S	  1.5	  2.1	0.000	0.000	0.000
365	  S	  2.8	  3.8	0.000	0.000	0.000
366	  K	  2.2	  3.2	0.000	0.000	0.000
367	  S	  2.1	  5.1	0.000	0.000	0.000
368	  G	  0.1	  5.0	0.000	0.000	0.000
369	  N	  0.1	  9.2	0.000	0.000	0.000
370	  S	  0.0	 11.1	0.000	0.000	0.000
371	  N	  0.0	  8.6	0.000	0.000	0.000
372	  G	  0.0	  8.6	0.000	0.000	0.000
373	  Q	  0.1	  2.2	0.000	0.000	0.000
374	  S	  2.0	  0.4	0.000	0.000	0.000
375	  T	  3.2	  0.5	0.000	0.000	0.000
376	  S	  3.1	  2.2	0.000	0.000	0.000
377	  S	  1.4	  2.8	0.000	0.000	0.000
378	  D	  0.1	  2.6	0.000	0.000	0.000
379	  S	  3.0	  3.5	0.000	0.000	0.000
380	  A	  3.0	  1.8	0.000	0.000	0.000
381	  S	  3.8	  2.0	0.000	0.000	0.000
382	  S	  1.1	  2.0	0.000	0.000	0.000
383	  S	  1.1	  1.8	0.000	0.000	0.000
384	  E	  0.3	  1.9	0.000	0.000	0.000
385	  S	  0.3	  1.7	0.000	0.000	0.000
386	  S	  0.4	  2.9	0.000	0.000	0.000
387	  G	  0.3	  2.1	0.000	0.000	0.000
388	  S	  1.1	  2.7	0.000	0.000	0.000
389	  S	  1.7	  2.8	0.147	0.000	0.000
390	  S	  2.0	  1.7	0.147	0.000	0.000
391	  S	  3.1	  1.8	0.147	0.000	0.000
392	  T	  3.4	  1.2	0.147	0.000	0.000
393	  S	  3.2	  1.2	0.701	0.000	0.000
394	  K	  1.3	  1.2	0.701	0.000	0.000
395	  G	  0.1	  0.9	0.875	0.000	0.000
396	  A	  0.1	  0.8	0.875	0.000	0.000
397	  A	  0.1	  0.5	0.875	0.000	0.000
398	  A	  0.1	  0.4	0.875	0.000	0.000
399	  G	  0.4	  0.4	0.875	0.000	0.000
400	  F	  0.6	  0.4	0.622	0.000	0.000
401	  A	  0.5	  0.0	0.000	0.000	0.000
402	  P	  0.2	  0.0	0.000	0.000	0.000
403	  A	  0.0	  0.4	0.000	0.000	0.000
404	  P	  0.0	  0.6	0.000	0.007	0.007
405	  S	  0.1	  0.6	0.000	0.562	0.562
406	  S	  0.2	  0.6	0.000	5.057	5.057
407	  A	  0.4	  0.2	0.000	41.113	41.113
408	  L	  0.7	  0.0	0.000	89.519	89.519
409	  V	  6.9	  0.0	0.000	97.923	97.923
410	  T	  7.6	  0.0	0.476	98.616	98.616
411	  L	  7.6	  0.0	0.476	99.764	99.764
412	  V	  9.3	  0.0	0.476	99.955	99.955
413	  T	 12.6	  0.0	0.476	99.929	99.929
414	  F	 13.7	  0.0	0.476	99.925	99.925
415	  V	  6.4	  0.1	0.476	99.603	99.603
416	  L	  2.0	  0.1	0.476	95.659	95.659
417	  G	  0.7	  0.1	0.476	72.906	72.906
418	  F	  1.6	  0.3	0.261	70.856	70.856
419	  T	  1.6	  0.3	0.000	44.312	44.312
420	  G	  1.5	  0.5	0.000	28.324	28.324
421	  I	  0.1	  0.7	0.000	26.884	26.884
422	  G	  0.1	  0.5	0.000	10.320	10.320
423	  A	  0.3	  0.4	0.000	8.828	8.828
424	  A	  0.7	  0.2	0.000	7.571	7.571
425	  I	  0.7	  0.0	0.000	7.149	7.149
426	  Y	  0.5	  0.0	0.000	0.000	0.000
