res	aa	Beta	Turn	Helix	Aggregation	Conc-Stab_Aggregation
01	  M	  0.2	  0.0	0.000	0.000	0.000
02	  D	  0.2	  1.1	0.000	0.000	0.000
03	  Q	  0.5	  1.1	0.000	0.000	0.000
04	  S	  0.4	  1.1	0.000	0.000	0.000
05	  E	  0.3	  1.2	0.000	0.000	0.000
06	  P	  0.0	  0.1	0.000	0.000	0.000
07	  E	  0.0	  0.1	0.000	0.000	0.000
08	  L	  0.0	  0.3	0.000	0.000	0.000
09	  P	  0.0	  0.2	0.000	0.000	0.000
10	  Q	  0.2	  0.2	0.000	0.000	0.000
11	  T	  2.5	  0.3	0.000	0.000	0.000
12	  Q	  2.6	  0.3	0.000	0.000	0.000
13	  S	  2.4	  0.6	0.000	0.000	0.000
14	  T	  0.3	  0.7	0.000	0.000	0.000
15	  G	  0.1	  0.8	0.000	0.000	0.000
16	  Q	  0.1	  0.7	0.000	0.000	0.000
17	  G	  0.0	  0.5	0.000	0.000	0.000
18	  T	  0.4	  0.3	0.000	0.000	0.000
19	  Q	  0.6	  0.1	0.000	0.000	0.000
20	  A	  1.4	  0.0	0.000	0.000	0.000
21	  T	  5.9	  0.0	0.000	0.000	0.000
22	  I	  6.6	  0.0	0.000	0.000	0.000
23	  V	  6.9	  0.1	0.000	0.000	0.000
24	  D	  2.0	  0.1	0.000	0.000	0.000
25	  S	  1.2	  0.1	0.000	0.000	0.000
26	  T	  0.2	  0.2	0.000	0.000	0.000
27	  P	  0.1	  0.3	0.000	0.000	0.000
28	  E	  0.2	  0.3	0.000	0.000	0.000
29	  Q	  0.2	  0.3	0.000	0.000	0.000
30	  N	  0.2	  0.4	0.000	0.000	0.000
31	  P	  0.0	  0.6	0.000	0.000	0.000
32	  A	  0.2	  0.6	0.000	0.000	0.000
33	  N	  0.4	  0.6	0.000	0.000	0.000
34	  V	  0.4	  0.3	0.000	0.000	0.000
35	  P	  0.2	  0.1	0.000	0.000	0.000
36	  Q	  0.1	  0.3	0.000	0.000	0.000
37	  Q	  0.2	  0.4	0.000	0.000	0.000
38	  D	  0.2	  0.5	0.000	0.000	0.000
39	  N	  0.2	  1.1	0.000	0.000	0.000
40	  T	  0.7	  1.0	0.000	0.000	0.000
41	  D	  1.0	  0.9	0.000	0.000	0.000
42	  S	  1.0	  0.8	0.000	0.000	0.000
43	  I	  0.4	  0.1	0.000	0.000	0.000
44	  P	  0.1	  0.1	0.000	0.000	0.000
45	  E	  0.1	  0.2	0.000	0.000	0.000
46	  Q	  0.2	  0.2	0.000	0.000	0.000
47	  N	  0.5	  0.2	0.000	0.000	0.000
48	  S	  5.5	  0.5	0.000	0.000	0.000
49	  V	  7.3	  0.4	0.000	0.000	0.000
50	  N	  7.1	  0.3	0.000	0.000	0.000
51	  A	  2.0	  0.5	0.000	0.000	0.000
52	  P	  0.0	  0.2	0.000	0.000	0.000
53	  E	  0.0	  0.3	0.000	0.000	0.000
54	  E	  0.1	  0.3	0.000	0.000	0.000
55	  S	  0.1	  0.2	0.000	0.000	0.000
56	  N	  0.0	  1.8	0.000	0.000	0.000
57	  P	  0.0	  1.7	0.000	0.000	0.000
58	  S	  6.0	  2.0	0.111	0.000	0.000
59	  M	  6.2	  2.1	0.111	0.000	0.000
60	  S	  6.6	  0.4	0.111	0.000	0.000
61	  T	  2.6	  0.5	0.111	0.000	0.000
62	  Q	  2.4	  0.2	0.111	0.000	0.000
63	  S	  2.4	  1.9	0.280	0.000	0.000
64	  A	  0.4	  2.0	0.169	0.000	0.000
65	  D	  0.4	  1.9	0.169	0.000	0.000
66	  T	  6.1	  1.9	0.169	0.000	0.000
67	  M	  6.3	  0.1	0.169	0.000	0.000
68	  S	  6.7	  0.1	0.169	0.000	0.000
69	  T	  1.0	  0.3	0.000	0.000	0.000
70	  I	  0.8	  0.5	0.000	0.000	0.000
71	  G	  0.4	  0.5	0.000	0.000	0.000
72	  S	  5.8	  0.6	0.000	0.000	0.000
73	  I	  6.4	  0.5	0.000	0.000	0.000
74	  S	  6.5	  0.4	0.000	0.000	0.000
75	  K	  0.9	  0.4	0.000	0.000	0.000
76	  L	  0.3	  0.2	0.000	0.000	0.000
77	  G	  0.1	  0.2	0.000	0.000	0.000
78	  E	  0.0	  0.0	0.000	0.000	0.000
79	  P	  0.0	  0.0	0.000	0.000	0.000
80	  F	  0.6	  0.1	0.000	0.000	0.000
81	  R	  0.7	  0.3	0.000	0.000	0.000
82	  E	  0.7	  0.4	0.000	0.000	0.000
83	  N	  0.3	  0.4	0.000	0.000	0.000
84	  A	  0.2	  0.3	0.000	0.000	0.000
85	  R	  0.2	  0.0	0.000	0.000	0.000
86	  P	  0.0	  0.0	0.000	0.000	0.000
87	  V	  2.4	  0.0	0.000	0.000	0.000
88	  S	  2.4	  0.0	0.000	0.000	0.000
89	  S	  2.4	  3.0	0.000	0.000	0.000
90	  P	  0.1	  3.2	0.000	0.000	0.000
91	  S	  0.2	  3.2	0.000	0.000	0.000
92	  L	  0.1	  3.3	0.000	0.000	0.000
93	  G	  0.1	  0.6	0.000	0.000	0.000
94	  P	  0.0	  0.5	0.000	0.000	0.000
95	  T	  0.1	  0.5	0.000	0.000	0.000
96	  S	  0.2	  0.4	0.000	0.000	0.000
97	  E	  0.7	  0.1	0.000	0.000	0.000
98	  V	 19.2	  0.0	0.000	0.000	0.000
99	  V	 19.1	  0.0	0.000	0.000	0.000
100	  V	 18.6	  0.0	0.000	0.000	0.000
101	  P	  0.0	  0.0	0.000	0.000	0.000
102	  P	  0.0	  0.2	0.000	0.000	0.000
103	  P	  0.0	  0.3	0.000	0.000	0.000
104	  K	  0.6	  0.4	0.000	0.000	0.000
105	  S	  0.8	  0.4	0.000	0.000	0.000
106	  T	  1.0	  0.2	0.159	0.000	0.000
107	  A	  0.4	  0.4	0.159	0.000	0.000
108	  A	  0.3	  0.3	0.159	0.000	0.000
109	  N	  0.0	  3.1	0.431	0.000	0.000
110	  E	  0.0	  3.1	0.431	0.000	0.000
111	  N	  0.0	  2.9	1.073	0.000	0.000
112	  A	  0.0	  2.9	1.245	0.000	0.000
113	  A	  0.0	  0.3	1.447	0.000	0.000
114	  E	  0.0	  0.3	1.447	0.000	0.000
115	  D	  0.1	  0.3	1.289	0.000	0.000
116	  L	  0.5	  0.3	1.289	0.000	0.000
117	  Q	  0.5	  0.0	1.289	0.000	0.000
118	  N	  0.4	  0.0	1.289	0.000	0.000
119	  P	  0.0	  0.2	0.000	0.000	0.000
120	  P	  0.0	  0.3	0.000	0.000	0.000
121	  K	  0.2	  0.3	0.000	0.000	0.000
122	  Q	  0.3	  0.4	0.000	0.000	0.000
123	  T	  1.3	  0.2	0.000	0.000	0.000
124	  D	  1.1	  0.1	0.000	0.000	0.000
125	  S	  1.0	  0.1	0.000	0.000	0.000
126	  P	  0.0	  0.0	0.000	0.000	0.000
127	  N	  0.0	  0.0	0.000	0.000	0.000
128	  P	  0.0	  0.0	0.000	0.000	0.000
129	  F	  0.9	  0.1	0.000	0.000	0.000
130	  L	  1.4	  0.1	0.000	0.000	0.000
131	  D	  1.4	  0.1	0.000	0.000	0.000
132	  A	  0.5	  0.3	0.000	0.000	0.000
133	  P	  0.0	  0.4	0.000	0.000	0.000
134	  K	  0.0	  0.8	0.000	0.000	0.000
135	  E	  0.0	  1.1	0.000	0.000	0.000
136	  G	  0.0	  1.2	0.000	0.000	0.000
137	  A	  0.4	  1.0	0.000	0.000	0.000
138	  S	  1.3	  0.6	0.000	0.000	0.000
139	  H	  3.6	  0.3	0.000	0.000	0.000
140	  I	  3.4	  0.1	0.000	0.000	0.000
141	  Q	  2.9	  0.0	0.000	0.000	0.000
142	  H	  0.8	  0.2	0.000	0.000	0.000
143	  Q	  0.7	  0.5	0.000	0.000	0.000
144	  E	  0.2	  0.5	0.000	0.000	0.000
145	  D	  0.1	  0.5	0.000	0.000	0.000
146	  N	  0.4	  0.4	0.000	0.000	0.000
147	  T	  2.1	  0.2	0.000	0.000	0.000
148	  T	  2.5	  0.2	0.000	0.000	0.000
149	  T	  2.6	  0.1	0.000	0.000	0.000
150	  D	  1.5	  0.7	0.000	0.000	0.000
151	  V	  1.5	  0.7	0.000	0.000	0.000
152	  D	  1.1	  0.6	0.000	0.000	0.000
153	  E	  0.4	  0.8	0.000	0.000	0.000
154	  P	  0.0	  0.2	0.000	0.000	0.000
155	  Q	  0.3	  0.2	0.000	0.000	0.000
156	  A	  0.4	  0.2	0.000	0.000	0.000
157	  S	  0.4	  0.3	0.000	0.000	0.000
158	  P	  0.0	  0.3	0.000	0.000	0.000
159	  R	  0.1	  0.3	0.000	0.000	0.000
160	  S	  0.1	  0.6	0.000	0.000	0.000
161	  P	  0.1	  0.5	0.000	0.000	0.000
162	  R	  0.1	  0.7	0.000	0.000	0.000
163	  R	  0.2	  0.8	0.000	0.000	0.000
164	  G	  0.2	  0.6	0.000	0.000	0.000
165	  R	  0.4	  0.5	0.000	0.000	0.000
166	  S	  0.3	  0.2	0.000	0.000	0.000
167	  N	  0.3	  0.6	0.000	0.000	0.000
168	  P	  0.0	  0.5	0.000	0.000	0.000
169	  T	  0.2	  0.5	0.000	0.000	0.000
170	  T	  0.2	  0.7	0.000	0.000	0.000
171	  P	  0.2	  0.4	0.000	0.000	0.000
172	  E	  0.1	  0.4	0.000	0.000	0.000
173	  S	  0.1	  0.4	0.000	0.000	0.000
174	  R	  0.1	  0.4	0.000	0.000	0.000
175	  P	  0.0	  0.3	0.000	0.000	0.000
176	  H	  0.4	  0.4	0.000	0.000	0.000
177	  K	  0.6	  0.4	0.000	0.000	0.000
178	  R	  0.8	  0.2	0.000	0.000	0.000
179	  A	  0.5	  0.1	0.000	0.000	0.000
180	  L	  0.7	  0.0	0.000	0.000	0.000
181	  W	  0.9	  0.0	0.000	0.000	0.000
182	  T	  0.7	  0.5	0.000	0.000	0.000
183	  P	  0.4	  0.6	0.000	0.000	0.000
184	  L	  0.1	  0.6	0.000	0.000	0.000
185	  G	  0.1	  0.6	0.000	0.000	0.000
186	  Y	  0.2	  0.1	0.000	0.000	0.000
187	  G	  0.1	  0.0	0.000	0.000	0.000
188	  T	  0.1	  0.3	0.000	0.000	0.000
189	  P	  0.0	  0.4	0.000	0.000	0.000
190	  Q	  0.2	  0.5	0.000	0.000	0.000
191	  Y	  0.3	  1.3	0.000	0.000	0.000
192	  G	  0.4	  1.1	2.321	0.000	0.000
193	  S	  0.4	  1.1	3.034	0.000	0.000
194	  Q	  0.5	  1.0	3.034	0.000	0.000
195	  T	  1.0	  0.2	3.902	0.000	0.000
196	  K	  0.8	  0.1	4.115	0.000	0.000
197	  A	  0.6	  0.0	4.275	0.000	0.000
198	  A	  0.3	  0.1	4.071	0.000	0.000
199	  Q	  0.4	  0.1	3.866	0.000	0.000
200	  R	  0.5	  0.1	2.635	0.000	0.000
201	  L	  0.4	  0.1	1.727	0.000	0.000
202	  A	  0.2	  0.0	1.374	0.000	0.000
203	  K	  0.2	  0.0	1.262	0.000	0.000
204	  A	  0.4	  0.0	0.000	0.000	0.000
205	  S	  0.4	  0.0	0.000	0.000	0.000
206	  T	  0.3	  0.0	0.000	0.000	0.000
207	  P	  0.1	  0.0	0.000	0.000	0.000
208	  L	  0.0	  0.0	0.000	0.000	0.000
