res	aa	Beta	Turn	Helix	Aggregation	Conc-Stab_Aggregation
01	  M	  0.3	  0.0	0.000	0.000	0.000
02	  M	  3.7	  0.0	0.000	0.000	0.000
03	  K	  3.9	  0.0	0.000	0.000	0.000
04	  V	  3.6	  0.2	0.000	0.000	0.000
05	  P	  0.2	  0.2	0.000	0.000	0.000
06	  S	  0.0	  0.4	0.000	0.000	0.000
07	  E	  0.0	  0.5	0.000	0.000	0.000
08	  E	  0.1	  0.3	0.000	0.000	0.000
09	  D	  0.2	  0.3	0.000	0.000	0.000
10	  V	  7.0	  0.1	0.000	0.000	0.000
11	  A	  7.3	  0.0	0.000	0.000	0.000
12	  V	 10.4	  0.0	0.000	0.000	0.000
13	  E	  3.7	  0.0	0.000	0.000	0.000
14	  F	  4.1	  0.0	0.000	0.000	0.000
15	  L	  0.9	  0.1	0.000	0.000	0.000
16	  Q	  0.9	  0.3	0.000	0.000	0.000
17	  R	  0.2	  0.6	0.000	0.000	0.000
18	  G	  0.1	  0.7	0.000	0.000	0.000
19	  S	  0.2	  0.6	0.000	0.000	0.000
20	  T	  2.9	  1.0	0.120	0.000	0.000
21	  A	  2.9	  0.9	0.120	0.000	0.000
22	  S	  2.8	  1.0	0.682	0.000	0.000
23	  G	  0.1	  1.0	2.423	0.000	0.000
24	  A	  0.1	  0.5	2.572	0.068	0.068
25	  A	  0.1	  0.2	2.572	0.148	0.148
26	  A	  0.1	  0.0	2.572	0.243	0.243
27	  A	  0.2	  0.2	2.572	0.355	0.355
28	  A	  0.3	  0.2	2.437	0.487	0.487
29	  S	  0.3	  0.2	1.861	0.644	0.644
30	  A	  0.3	  0.2	0.684	1.890	1.890
31	  A	  0.3	  0.0	0.449	1.890	1.890
32	  A	  0.9	  0.0	0.243	1.890	1.890
33	  V	  4.6	  0.0	0.000	1.890	1.890
34	  V	  5.0	  0.0	0.000	1.890	1.890
35	  D	  4.3	  0.0	0.174	0.000	0.000
36	  A	  0.8	  0.0	0.174	30.315	30.315
37	  L	  1.9	  0.0	0.174	63.641	63.641
38	  V	  6.1	  0.0	0.174	63.641	63.641
39	  V	  9.0	  0.0	0.174	63.641	63.641
40	  A	  7.6	  0.0	0.174	63.641	63.641
41	  I	  4.0	  0.0	0.174	61.217	61.217
42	  D	  0.9	  0.0	0.797	0.000	0.000
43	  A	  0.7	  0.0	0.623	0.000	0.000
44	  A	  0.2	  0.0	0.623	0.000	0.000
45	  T	  0.7	  0.1	0.623	0.000	0.000
46	  S	  3.2	  0.1	0.623	0.000	0.000
47	  L	  3.1	  0.1	0.623	0.000	0.000
48	  E	  2.6	  0.2	0.180	0.000	0.000
49	  P	  0.1	  0.2	0.000	0.000	0.000
50	  K	  2.8	  0.2	0.000	0.000	0.000
51	  C	  3.5	  0.2	0.000	0.000	0.000
52	  T	  3.6	  0.0	0.000	0.000	0.000
53	  T	  0.9	  0.0	0.000	0.000	0.000
54	  P	  0.2	  0.0	0.000	0.000	0.000
55	  C	  0.0	  0.0	0.149	0.000	0.000
56	  P	  0.0	  0.0	0.149	0.000	0.000
57	  I	  0.4	  0.0	0.149	0.000	0.000
58	  Q	  0.6	  0.1	0.417	0.000	0.000
59	  Q	  0.7	  0.1	0.529	0.000	0.000
60	  E	  0.5	  0.1	0.635	0.000	0.000
61	  R	  0.3	  0.1	0.487	0.000	0.000
62	  R	  3.6	  0.1	0.487	0.000	0.000
63	  C	  4.0	  0.1	0.487	0.000	0.000
64	  N	  5.3	  0.0	0.487	0.000	0.000
65	  F	  4.9	  0.0	0.381	0.000	0.000
66	  T	  5.1	  0.0	0.259	0.000	0.000
67	  R	  4.8	  0.0	0.259	0.000	0.000
68	  F	  2.9	  0.0	0.259	56.275	56.275
69	  F	  3.1	  0.0	0.259	61.965	61.965
70	  I	  3.5	  0.0	0.259	63.007	63.007
71	  M	  4.3	  0.0	0.259	63.007	63.007
72	  Q	  5.5	  0.0	0.259	63.007	63.007
73	  F	  4.7	  0.1	0.259	64.154	64.154
74	  S	  3.4	  0.1	0.689	52.495	52.495
75	  T	  4.9	  0.1	0.767	52.045	52.045
76	  V	  5.3	  0.1	0.767	52.901	52.901
77	  A	  4.9	  0.0	0.767	42.338	42.338
78	  A	  1.3	  0.2	0.767	33.255	33.255
79	  A	  0.3	  0.2	0.767	25.675	25.675
80	  S	  0.4	  0.2	1.063	19.342	19.342
81	  A	  0.3	  0.2	0.481	20.933	20.933
82	  L	  0.3	  0.0	0.481	23.389	23.389
83	  A	  0.2	  0.0	0.481	19.650	19.650
84	  A	  0.8	  0.0	0.481	16.393	16.393
85	  T	  4.7	  0.0	0.776	13.494	13.494
86	  V	  5.8	  0.0	0.776	11.846	11.846
87	  A	  5.1	  0.3	0.776	6.780	6.780
88	  A	  1.2	  0.3	0.623	3.552	3.552
89	  G	  0.1	  0.3	0.623	0.905	0.905
90	  Y	  0.4	  0.5	0.415	0.835	0.835
91	  S	  0.4	  0.2	0.000	0.000	0.000
92	  N	  0.4	  0.4	0.000	0.000	0.000
93	  A	  0.2	  0.4	0.000	0.000	0.000
94	  T	  2.2	  0.2	0.000	0.000	0.000
95	  T	 12.8	  0.2	0.000	0.000	0.000
96	  V	 13.9	  0.0	0.000	0.000	0.000
97	  T	 12.3	  0.1	0.000	0.000	0.000
98	  T	  2.0	  0.1	0.000	0.000	0.000
99	  D	  1.4	  0.1	0.000	0.000	0.000
100	  V	 18.8	  0.0	0.000	1.497	1.497
101	  T	 27.3	  0.0	0.000	1.497	1.497
102	  V	 27.0	  0.1	0.000	1.667	1.667
103	  T	 10.7	  0.1	0.000	1.667	1.667
104	  G	  0.6	  0.1	0.526	1.667	1.667
105	  Y	  1.4	  0.1	0.526	1.543	1.543
106	  T	  4.6	  0.0	0.526	1.101	1.101
107	  T	 17.5	  0.0	0.526	0.838	0.838
108	  Y	 16.5	  0.0	0.526	0.691	0.691
109	  C	 13.4	  0.0	0.526	0.000	0.000
110	  P	  0.3	  0.0	0.000	0.000	0.000
111	  E	  0.0	  0.1	0.000	0.000	0.000
112	  P	  0.0	  0.1	0.000	0.663	0.663
113	  T	  2.6	  0.1	0.000	53.795	53.795
114	  V	  5.9	  0.1	0.000	60.907	60.907
115	  I	 17.6	  0.0	0.000	60.907	60.907
116	  T	 24.3	  0.0	0.000	60.907	60.907
117	  I	 22.9	  0.0	0.000	60.907	60.907
118	  T	 13.4	  0.0	0.000	26.348	26.348
119	  K	  6.3	  0.0	0.000	0.000	0.000
120	  C	  4.9	  0.1	0.000	0.000	0.000
121	  E	  3.7	  0.1	0.000	0.000	0.000
122	  E	  1.3	  0.1	0.000	0.000	0.000
123	  V	  1.4	  0.1	0.000	0.000	0.000
124	  C	  1.4	  0.0	0.000	0.000	0.000
125	  K	  0.6	  0.1	0.000	0.000	0.000
126	  P	  0.1	  0.2	0.000	0.000	0.000
127	  T	  0.1	  0.2	0.000	0.000	0.000
128	  E	  3.0	  0.2	0.000	0.000	0.000
129	  I	 20.1	  0.0	0.000	0.000	0.000
130	  T	 28.9	  0.0	0.000	0.000	0.000
131	  V	 26.7	  0.0	0.000	0.000	0.000
132	  T	 10.8	  0.0	0.000	0.000	0.000
133	  E	  0.8	  0.0	0.000	0.000	0.000
134	  A	  0.3	  0.0	0.000	0.146	0.146
135	  T	  1.0	  0.0	0.000	0.317	0.317
136	  T	  3.3	  0.0	0.000	0.725	0.725
137	  L	  6.5	  0.0	0.000	0.725	0.725
138	  T	 16.2	  0.0	0.000	0.725	0.725
139	  V	 15.3	  0.0	0.000	0.725	0.725
140	  T	 12.1	  0.0	0.000	0.407	0.407
141	  E	  1.7	  0.0	0.000	0.000	0.000
142	  P	  0.0	  0.0	0.000	0.000	0.000
143	  C	  3.4	  0.0	0.000	0.000	0.000
144	  V	  3.8	  0.0	0.000	0.000	0.000
145	  V	  3.8	  0.0	0.000	0.000	0.000
146	  P	  0.4	  0.0	0.000	0.000	0.000
147	  T	  3.0	  0.0	0.000	0.000	0.000
148	  T	 21.8	  0.0	0.000	0.146	0.146
149	  Y	 23.1	  0.0	0.000	0.387	0.387
150	  T	 20.8	  0.0	0.000	0.387	0.387
151	  T	  2.6	  0.0	0.000	0.387	0.387
152	  A	  1.5	  0.0	0.000	0.387	0.387
153	  Y	  1.7	  0.0	0.000	0.387	0.387
154	  H	  1.7	  0.0	0.000	0.000	0.000
155	  T	  3.0	  0.1	0.000	0.000	0.000
156	  T	  5.1	  0.1	0.000	0.000	0.000
157	  T	  5.3	  0.2	0.000	0.000	0.000
158	  S	  4.3	  0.1	0.000	0.000	0.000
159	  T	  2.1	  0.1	0.000	0.000	0.000
160	  V	  1.4	  0.1	0.000	0.000	0.000
161	  P	  0.7	  0.0	0.000	0.000	0.000
162	  C	  0.5	  0.2	0.000	0.000	0.000
163	  E	  0.5	  0.2	0.000	0.000	0.000
164	  E	  0.9	  0.2	0.000	0.000	0.000
165	  C	  2.5	  0.4	0.000	0.000	0.000
166	  E	  4.8	  0.2	0.000	0.000	0.000
167	  H	  4.5	  0.2	0.000	0.000	0.000
168	  K	  2.7	  0.3	0.000	0.000	0.000
169	  P	  0.1	  0.2	0.000	0.000	0.000
170	  T	  2.1	  0.2	0.000	0.000	0.000
171	  T	  6.0	  0.2	0.000	0.000	0.000
172	  V	  6.6	  0.2	0.000	0.000	0.000
173	  A	  4.5	  0.3	0.000	0.000	0.000
174	  G	  0.6	  0.5	0.000	0.000	0.000
175	  E	  0.1	  0.5	0.000	0.000	0.000
176	  S	  0.8	  0.3	0.000	0.000	0.000
177	  T	  1.0	  0.2	0.000	0.000	0.000
178	  K	  0.8	  0.0	0.000	0.000	0.000
179	  P	  0.2	  0.0	0.000	0.000	0.000
180	  A	  0.0	  0.1	0.000	0.000	0.000
181	  E	  0.2	  0.1	0.000	0.000	0.000
182	  S	  0.9	  0.2	0.118	0.000	0.000
183	  T	  1.5	  0.2	0.268	0.000	0.000
184	  T	  1.6	  0.1	0.268	0.000	0.000
185	  A	  1.1	  0.0	0.268	0.000	0.000
186	  A	  0.9	  0.0	0.268	0.000	0.000
187	  V	  1.8	  0.1	0.268	0.000	0.000
188	  S	  2.0	  0.1	0.404	0.000	0.000
189	  S	  8.0	  0.1	0.498	0.000	0.000
190	  Y	  7.1	  0.5	0.832	0.000	0.000
191	  E	  6.8	  0.6	1.017	0.000	0.000
192	  G	  0.3	  0.6	3.458	0.000	0.000
193	  A	  0.1	  0.6	3.458	0.000	0.000
194	  A	  0.1	  0.2	3.458	0.000	0.000
195	  A	  0.1	  0.2	3.458	0.000	0.000
196	  K	  0.4	  0.2	3.458	0.000	0.000
197	  N	  0.7	  0.2	2.648	1.211	1.211
198	  V	  1.2	  0.4	0.644	32.946	32.946
199	  A	  1.0	  0.2	0.539	33.649	33.649
200	  G	  0.6	  0.2	0.314	34.519	34.519
201	  A	  0.4	  0.2	0.117	44.616	44.616
202	  V	  1.0	  0.2	0.000	56.331	56.331
203	  A	  1.0	  0.1	0.000	57.192	57.192
204	  G	  0.8	  0.1	0.772	58.243	58.243
205	  V	  1.4	  0.1	0.772	68.700	68.700
206	  A	  1.6	  0.0	0.772	69.193	69.193
207	  A	  1.7	  0.0	0.772	69.553	69.553
208	  V	  1.7	  0.0	0.772	70.045	70.045
209	  A	  1.6	  0.0	0.772	65.681	65.681
210	  A	  1.4	  0.0	0.649	60.372	60.372
211	  A	  0.4	  0.0	0.649	55.759	55.759
212	  L	  0.4	  0.0	0.426	52.208	52.208
213	  F	  0.3	  0.0	0.235	0.000	0.000
