res	aa	Beta	Turn	Helix	Aggregation	Conc-Stab_Aggregation
01	  M	  1.4	  0.0	0.000	0.000	0.000
02	  H	  3.3	  0.0	0.000	0.000	0.000
03	  V	 10.6	  0.0	0.000	0.000	0.000
04	  E	  9.5	  0.0	0.000	0.000	0.000
05	  I	  8.0	  0.0	0.000	0.000	0.000
06	  I	  0.8	  0.2	0.000	0.000	0.000
07	  P	  0.4	  0.3	0.000	0.000	0.000
08	  S	  0.2	  0.6	0.000	0.000	0.000
09	  S	  0.7	  1.0	0.000	0.000	0.000
10	  W	  0.8	  1.0	0.000	0.000	0.000
11	  G	  0.6	  1.1	0.000	0.000	0.000
12	  K	  0.1	  2.1	0.000	0.000	0.000
13	  G	  0.0	  1.7	0.000	0.000	0.000
14	  N	  0.2	  1.5	0.000	0.246	0.246
15	  N	  0.3	  1.3	0.000	1.656	1.656
16	  Y	  1.1	  0.2	0.000	34.290	34.290
17	  A	  1.3	  0.1	0.000	41.908	41.908
18	  Y	  1.9	  0.1	0.000	41.908	41.908
19	  L	  1.9	  0.1	0.000	41.908	41.908
20	  L	  2.0	  0.0	0.000	41.815	41.815
21	  I	  1.6	  0.0	0.000	36.009	36.009
22	  D	  0.8	  0.0	0.000	0.000	0.000
23	  E	  0.3	  0.3	0.000	0.000	0.000
24	  P	  0.0	  0.3	0.000	0.000	0.000
25	  S	  0.2	  0.4	0.000	0.000	0.000
26	  R	  0.4	  0.4	0.000	0.000	0.000
27	  H	  0.7	  0.3	0.000	0.397	0.397
28	  A	  0.7	  0.2	0.000	0.397	0.397
29	  W	  1.0	  0.1	0.000	0.397	0.397
30	  L	  1.1	  0.2	0.000	0.397	0.397
31	  I	  1.7	  0.1	0.000	0.397	0.397
32	  D	  1.2	  0.1	0.000	0.000	0.000
33	  S	  1.2	  0.1	0.000	0.000	0.000
34	  A	  0.4	  0.1	0.000	0.000	0.000
35	  F	  0.4	  0.3	0.000	0.000	0.000
36	  P	  0.0	  0.5	0.000	0.000	0.000
37	  Q	  0.3	  0.5	0.000	0.000	0.000
38	  D	  2.6	  0.5	2.469	0.000	0.000
39	  V	  4.1	  0.2	2.781	0.000	0.000
40	  E	  3.8	  0.0	3.486	0.000	0.000
41	  A	  1.9	  0.0	3.596	0.000	0.000
42	  Y	  1.9	  0.0	3.596	0.000	0.000
43	  I	  1.9	  0.2	3.596	0.000	0.000
44	  A	  1.6	  0.2	3.596	0.000	0.000
45	  N	  0.2	  0.2	3.463	0.000	0.000
46	  K	  0.1	  0.2	2.750	0.000	0.000
47	  K	  0.1	  0.2	0.943	0.000	0.000
48	  P	  0.0	  0.2	0.000	0.000	0.000
49	  H	  3.6	  0.2	0.152	0.000	0.000
50	  F	  5.8	  0.3	0.258	0.858	0.858
51	  E	  7.0	  0.0	0.984	0.858	0.858
52	  L	  3.8	  0.1	0.984	0.858	0.858
53	  K	  1.8	  0.1	0.984	0.858	0.858
54	  A	  1.1	  0.0	0.984	0.858	0.858
55	  I	  1.9	  0.0	0.984	0.858	0.858
56	  V	  2.9	  0.0	0.984	0.858	0.858
57	  N	  2.4	  0.1	0.984	0.000	0.000
58	  T	  2.8	  0.1	0.132	0.000	0.000
59	  H	  2.2	  0.1	0.132	0.000	0.000
60	  H	  3.2	  0.1	0.000	0.000	0.000
61	  H	  3.5	  0.2	0.000	0.000	0.000
62	  W	  3.1	  0.2	0.000	0.000	0.000
63	  D	  2.0	  0.3	0.000	0.000	0.000
64	  H	  0.4	  0.9	0.000	0.000	0.000
65	  A	  0.1	  0.9	0.000	0.000	0.000
66	  G	  0.1	  2.6	0.000	0.000	0.000
67	  G	  0.0	  3.5	0.000	0.000	0.000
68	  N	  0.0	  3.0	0.000	0.000	0.000
69	  G	  0.0	  2.8	0.000	0.000	0.000
70	  H	  2.4	  1.0	0.212	0.000	0.000
71	  F	  3.6	  0.1	0.212	0.000	0.000
72	  H	  3.7	  0.1	0.212	0.000	0.000
73	  K	  1.5	  0.1	0.212	0.000	0.000
74	  K	  0.3	  0.1	0.212	0.000	0.000
75	  Y	  0.2	  2.2	0.212	0.000	0.000
76	  P	  0.1	  2.1	0.000	0.000	0.000
77	  D	  0.0	  2.1	0.000	0.000	0.000
78	  L	  0.0	  2.1	0.000	0.000	0.000
79	  P	  0.0	  0.0	0.000	0.000	0.000
80	  V	  4.1	  0.0	0.000	0.000	0.000
81	  I	  5.3	  0.3	0.000	0.000	0.000
82	  A	  5.3	  0.4	0.000	0.000	0.000
83	  G	  1.3	  0.8	0.000	0.000	0.000
84	  K	  0.1	  0.8	0.000	0.000	0.000
85	  D	  0.1	  0.6	0.000	0.000	0.000
86	  S	  0.1	  0.5	0.000	0.000	0.000
87	  E	  0.1	  0.2	0.000	0.000	0.000
88	  L	  0.3	  0.1	0.000	0.000	0.000
89	  V	  7.7	  0.0	0.000	0.000	0.000
90	  T	 34.7	  0.0	0.000	0.000	0.000
91	  Y	 34.8	  0.0	0.000	0.000	0.000
92	  T	 28.4	  0.3	0.000	0.000	0.000
93	  P	  0.5	  0.4	0.000	0.000	0.000
94	  S	  0.3	  0.4	0.000	0.000	0.000
95	  H	  0.5	  0.5	0.000	0.000	0.000
96	  Q	  0.8	  0.1	0.000	0.000	0.000
97	  E	  0.9	  0.1	0.000	0.000	0.000
98	  V	  5.5	  0.1	0.000	0.000	0.000
99	  I	  7.9	  0.1	0.000	0.000	0.000
100	  D	  7.5	  0.4	0.115	0.000	0.000
101	  L	  2.8	  0.9	0.115	0.000	0.000
102	  G	  0.0	  1.0	0.115	0.000	0.000
103	  D	  0.0	  1.0	0.115	0.000	0.000
104	  Q	  0.7	  0.7	0.115	0.000	0.000
105	  L	  2.2	  0.1	0.115	0.783	0.783
106	  S	  5.1	  0.1	0.364	1.059	1.059
107	  I	  8.5	  0.0	0.250	1.059	1.059
108	  T	  7.4	  0.0	0.250	1.059	1.059
109	  A	  4.8	  0.0	0.250	1.059	1.059
110	  L	  1.0	  0.0	0.250	0.943	0.943
111	  H	  0.7	  0.0	0.250	0.000	0.000
112	  T	  0.5	  0.1	0.000	0.000	0.000
113	  P	  0.1	  0.1	0.000	0.000	0.000
114	  C	  0.4	  0.2	0.000	0.000	0.000
115	  H	  1.3	  0.2	0.000	0.000	0.000
116	  T	  1.8	  0.3	0.000	0.000	0.000
117	  Q	  1.5	  0.4	0.000	0.000	0.000
118	  D	  0.8	  0.3	0.107	0.000	0.000
119	  S	  0.7	  0.3	0.107	2.646	2.646
120	  I	  1.9	  0.1	0.107	20.293	20.293
121	  C	  2.7	  0.0	0.107	20.293	20.293
122	  Y	  3.6	  0.0	0.107	20.293	20.293
123	  Y	  4.4	  0.0	0.107	20.293	20.293
124	  V	  4.7	  0.1	0.000	19.857	19.857
125	  K	  3.4	  0.2	0.000	0.000	0.000
126	  D	  1.5	  0.3	0.583	0.000	0.000
127	  S	  0.7	  0.7	0.583	0.000	0.000
128	  K	  0.7	  0.7	0.583	0.000	0.000
129	  T	  0.7	  0.7	0.583	0.000	0.000
130	  G	  0.2	  0.6	0.691	0.000	0.000
131	  Q	  0.1	  0.3	0.691	0.000	0.000
132	  K	  0.3	  0.1	0.108	0.232	0.232
133	  A	  0.8	  0.1	0.108	1.284	1.284
134	  V	  3.5	  0.0	0.108	1.284	1.284
135	  F	  4.6	  0.1	0.108	1.284	1.284
136	  T	  4.1	  2.9	0.000	1.284	1.284
137	  G	  1.4	  3.0	0.000	1.284	1.284
138	  D	  0.0	  3.0	0.000	0.232	0.232
139	  T	  1.1	  2.9	0.000	2.073	2.073
140	  L	  1.7	  0.1	0.000	2.582	2.582
141	  F	  2.6	  0.1	0.000	2.582	2.582
142	  I	  2.8	  0.3	0.000	2.582	2.582
143	  S	  2.2	  1.7	0.000	2.350	2.350
144	  G	  1.3	  1.7	0.000	0.812	0.812
145	  C	  0.2	  1.8	0.000	0.441	0.441
146	  G	  0.2	  1.6	0.000	0.000	0.000
147	  R	  1.4	  0.2	0.000	0.000	0.000
148	  F	  3.5	  0.2	0.000	0.000	0.000
149	  F	  3.7	  0.3	0.000	0.000	0.000
150	  E	  2.6	  0.5	0.000	0.000	0.000
151	  G	  0.4	  0.5	2.386	0.000	0.000
152	  T	  1.2	  0.5	2.386	0.000	0.000
153	  A	  1.4	  0.2	2.386	0.000	0.000
154	  T	  2.3	  0.0	4.837	0.000	0.000
155	  Q	  2.2	  0.0	5.068	0.000	0.000
156	  M	  2.0	  0.1	5.068	0.000	0.000
157	  K	  1.2	  0.1	4.570	0.000	0.000
158	  K	  0.3	  0.1	4.299	0.000	0.000
159	  A	  0.3	  0.2	4.131	0.000	0.000
160	  L	  0.3	  0.2	3.747	0.000	0.000
161	  N	  0.3	  0.2	3.884	0.000	0.000
162	  D	  0.3	  0.2	3.475	0.000	0.000
163	  I	  1.3	  0.0	3.100	0.000	0.000
164	  L	  1.2	  0.1	3.100	0.000	0.000
165	  G	  1.1	  0.1	2.979	0.000	0.000
166	  K	  0.1	  0.1	1.927	0.000	0.000
167	  L	  0.1	  0.3	0.329	0.000	0.000
168	  P	  0.1	  0.4	0.000	0.000	0.000
169	  K	  0.2	  0.4	0.000	0.000	0.000
170	  D	  0.6	  0.4	0.000	0.000	0.000
171	  T	 11.0	  0.2	0.000	0.000	0.000
172	  V	 22.9	  0.0	0.000	0.000	0.000
173	  T	 23.2	  0.0	0.000	0.000	0.000
174	  Y	 13.8	  1.5	0.000	0.000	0.000
175	  P	  0.7	  1.5	0.000	0.000	0.000
176	  G	  0.0	  1.5	0.000	0.000	0.000
177	  H	  0.5	  1.5	0.000	0.000	0.000
178	  E	  2.8	  0.1	0.000	0.000	0.000
179	  Y	  6.8	  0.1	0.000	0.000	0.000
180	  T	  6.4	  0.3	0.212	0.000	0.000
181	  K	  4.1	  0.9	0.212	0.000	0.000
182	  G	  0.1	  0.9	0.212	0.000	0.000
183	  N	  0.3	  1.3	0.212	0.000	0.000
184	  L	  2.0	  1.1	0.212	0.000	0.000
185	  N	  3.0	  0.7	0.212	0.000	0.000
186	  F	  4.7	  0.7	0.212	0.000	0.000
187	  S	  3.6	  0.3	0.000	0.000	0.000
188	  K	  3.3	  0.3	0.000	0.000	0.000
189	  T	  5.0	  0.1	0.000	0.000	0.000
190	  V	  6.6	  0.1	0.000	0.000	0.000
191	  L	  6.1	  0.1	0.000	0.000	0.000
192	  Q	  2.6	  0.1	0.000	0.000	0.000
193	  N	  0.3	  0.2	0.000	0.000	0.000
194	  E	  0.1	  0.2	0.000	0.000	0.000
195	  A	  0.3	  0.1	0.000	0.000	0.000
196	  I	  1.0	  0.1	0.000	0.000	0.000
197	  D	  1.0	  0.2	0.463	0.000	0.000
198	  S	  0.9	  0.2	0.784	0.563	0.563
199	  L	  0.2	  0.9	0.784	5.057	5.057
200	  A	  0.2	  0.8	0.784	5.057	5.057
201	  N	  0.7	  0.7	0.784	5.057	5.057
202	  F	  2.7	  0.7	0.784	5.057	5.057
203	  V	  5.4	  0.1	0.320	5.057	5.057
204	  K	  4.9	  0.1	0.320	0.000	0.000
205	  S	  3.7	  0.8	0.000	0.000	0.000
206	  S	  1.0	  0.8	0.522	0.000	0.000
207	  S	  3.7	  0.7	0.623	0.000	0.000
208	  I	  6.9	  0.6	0.623	0.000	0.000
209	  T	  6.8	  0.6	0.623	0.000	0.000
210	  A	  4.0	  0.7	0.623	0.000	0.000
211	  G	  0.1	  0.7	0.623	0.000	0.000
212	  K	  2.8	  0.7	0.266	0.000	0.000
213	  F	 11.2	  0.1	0.000	0.000	0.000
214	  T	 11.5	  0.1	0.000	0.000	0.000
215	  I	  8.8	  1.3	0.000	0.000	0.000
216	  G	  0.3	  1.3	0.226	0.000	0.000
217	  D	  0.0	  1.4	1.275	0.000	0.000
218	  E	  0.1	  1.3	1.275	0.000	0.000
219	  L	  0.9	  0.2	1.275	0.000	0.000
220	  E	  4.5	  0.1	1.275	0.000	0.000
221	  F	  4.6	  0.0	1.275	0.000	0.000
222	  N	  3.9	  0.0	1.416	0.000	0.000
223	  P	  0.2	  0.0	0.141	0.000	0.000
224	  F	  1.2	  0.1	0.141	0.000	0.000
225	  M	  3.0	  0.1	0.141	0.000	0.000
226	  R	  3.4	  0.1	0.141	0.000	0.000
227	  L	  2.3	  0.1	0.141	0.000	0.000
228	  S	  0.5	  0.0	0.141	0.000	0.000
229	  D	  0.1	  0.3	0.509	0.000	0.000
230	  P	  0.0	  0.3	0.509	0.000	0.000
231	  Q	  0.5	  0.3	0.509	0.000	0.000
232	  V	  1.6	  0.3	0.509	0.000	0.000
233	  L	  1.9	  0.0	0.509	0.000	0.000
234	  K	  1.9	  0.0	0.509	0.000	0.000
235	  A	  0.9	  0.1	0.281	0.000	0.000
236	  T	  1.0	  0.1	0.000	0.000	0.000
237	  S	  3.5	  1.4	0.000	0.000	0.000
238	  A	  3.3	  1.4	0.000	0.000	0.000
239	  S	  3.0	  1.3	0.000	0.000	0.000
240	  D	  0.0	  1.3	2.377	0.000	0.000
241	  P	  0.0	  0.0	2.832	0.000	0.000
242	  V	  7.5	  0.0	2.832	2.458	2.458
243	  S	  8.0	  0.0	12.265	2.458	2.458
244	  V	  9.0	  0.0	12.634	2.458	2.458
245	  M	  1.6	  0.0	13.159	2.458	2.458
246	  A	  1.3	  0.0	13.065	2.458	2.458
247	  K	  0.8	  0.0	13.065	0.000	0.000
248	  L	  0.8	  0.1	12.837	0.000	0.000
249	  R	  0.7	  0.1	12.039	0.000	0.000
250	  E	  1.3	  0.0	10.694	0.000	0.000
251	  M	  1.5	  0.3	8.804	0.000	0.000
252	  K	  1.4	  0.3	5.875	0.000	0.000
253	  N	  0.2	  0.3	3.438	0.000	0.000
254	  N	  0.0	  0.3	2.732	0.000	0.000
255	  A	  0.0	  0.1	0.133	0.000	0.000
