res	aa	Beta	Turn	Helix	Aggregation	Conc-Stab_Aggregation
01	  M	  0.2	  0.2	0.000	0.000	0.000
02	  K	  0.3	  0.2	0.000	0.000	0.000
03	  N	  1.2	  0.2	0.000	0.652	0.652
04	  S	  1.5	  0.2	0.000	29.335	29.335
05	  Y	  2.4	  0.0	0.000	82.217	82.217
06	  L	  3.6	  0.0	0.000	97.042	97.042
07	  V	  7.0	  0.0	0.000	99.612	99.612
08	  I	  7.1	  0.1	0.000	99.821	99.821
09	  A	  5.7	  0.1	0.000	99.829	99.829
10	  T	  5.2	  0.1	0.239	99.687	99.687
11	  F	  4.8	  0.1	0.239	99.597	99.597
12	  A	  4.0	  0.0	0.350	97.931	97.931
13	  A	  0.8	  0.0	0.350	96.514	96.514
14	  A	  1.0	  0.0	0.350	95.311	95.311
15	  V	  2.0	  0.0	0.350	94.292	94.292
16	  L	  1.9	  0.2	0.350	81.936	81.936
17	  A	  1.3	  0.2	0.248	37.592	37.592
18	  D	  0.3	  0.2	0.248	0.000	0.000
19	  I	  0.2	  0.5	0.000	0.000	0.000
20	  P	  0.1	  0.3	0.000	0.000	0.000
21	  T	 18.6	  0.3	0.000	3.356	3.356
22	  F	 20.9	  0.3	0.000	8.940	8.940
23	  T	 21.5	  0.1	0.000	9.297	9.297
24	  S	  3.7	  0.1	0.000	9.297	9.297
25	  T	  4.8	  0.1	0.000	9.297	9.297
26	  I	  6.4	  0.1	0.000	9.297	9.297
27	  V	  7.0	  0.1	0.000	8.685	8.685
28	  S	  3.9	  1.1	0.000	0.925	0.925
29	  S	  2.2	  1.2	0.000	0.000	0.000
30	  S	 20.8	  1.4	0.000	0.000	0.000
31	  C	 21.2	  1.5	0.000	0.000	0.000
32	  S	 20.8	  0.4	0.000	0.000	0.000
33	  L	  1.8	  0.5	0.000	0.000	0.000
34	  G	  0.1	  0.6	0.130	0.000	0.000
35	  P	  0.0	  0.5	0.130	0.000	0.000
36	  S	  0.6	  0.5	0.130	0.000	0.000
37	  T	 14.4	  0.4	0.130	0.000	0.000
38	  F	 15.6	  0.1	0.130	0.000	0.000
39	  K	 15.6	  0.0	0.130	0.000	0.000
40	  F	  2.4	  0.3	0.000	0.000	0.000
41	  S	  0.9	  0.6	0.000	0.000	0.000
42	  N	  0.3	  0.7	0.000	0.000	0.000
43	  D	  0.1	  0.7	0.000	0.000	0.000
44	  T	  0.3	  0.4	0.000	0.000	0.000
45	  L	  0.3	  0.1	0.000	0.000	0.000
46	  P	  0.2	  0.0	0.000	0.000	0.000
47	  V	  3.7	  0.0	0.000	0.000	0.000
48	  T	  4.1	  0.0	0.000	0.000	0.000
49	  Q	  4.2	  0.2	0.000	0.000	0.000
50	  A	  0.5	  0.3	0.000	0.000	0.000
51	  D	  0.2	  0.7	0.000	0.000	0.000
52	  T	  1.4	  0.8	0.000	0.000	0.000
53	  S	  1.5	  0.7	0.281	0.000	0.000
54	  S	  1.4	  0.6	0.565	0.000	0.000
55	  E	  1.8	  0.2	0.565	0.000	0.000
56	  V	  2.8	  0.1	0.565	0.000	0.000
57	  R	  2.9	  0.1	0.565	0.000	0.000
58	  A	  1.3	  0.3	0.565	0.000	0.000
59	  S	  0.5	  0.3	0.565	0.000	0.000
60	  S	  7.5	  0.6	0.000	0.000	0.000
61	  F	  7.7	  0.9	0.000	0.000	0.000
62	  D	  7.4	  0.7	0.000	0.000	0.000
63	  D	  2.0	  0.7	0.000	0.000	0.000
64	  V	  3.7	  0.4	0.000	0.000	0.000
65	  I	  4.4	  0.0	0.000	0.000	0.000
66	  Y	  3.2	  0.1	0.000	0.000	0.000
67	  E	  1.3	  0.1	0.000	0.000	0.000
68	  T	  0.9	  0.1	0.000	0.000	0.000
69	  D	  2.3	  0.1	0.108	0.000	0.000
70	  V	  6.3	  0.0	0.108	0.000	0.000
71	  I	  6.5	  0.0	0.108	0.000	0.000
72	  T	  4.8	  0.1	0.108	0.000	0.000
73	  N	  0.6	  0.1	0.108	0.000	0.000
74	  D	  0.3	  0.1	0.108	0.000	0.000
75	  Q	  1.5	  0.1	0.000	0.141	0.141
76	  I	  2.9	  0.0	0.000	0.141	0.141
77	  F	  4.3	  0.0	0.000	0.141	0.141
78	  T	  3.5	  0.1	0.000	0.141	0.141
79	  T	  2.0	  0.1	0.000	0.141	0.141
80	  D	  0.5	  0.1	0.000	0.000	0.000
81	  R	  2.2	  0.1	0.000	0.000	0.000
82	  V	  4.6	  0.0	0.000	0.133	0.133
83	  V	  5.6	  0.0	0.000	0.133	0.133
84	  C	  3.9	  0.2	0.000	0.133	0.133
85	  H	  1.6	  0.5	0.000	0.133	0.133
86	  G	  0.5	  0.8	0.000	0.133	0.133
87	  G	  0.1	  0.8	0.000	0.000	0.000
88	  S	  2.6	  0.6	0.000	0.000	0.000
89	  C	  3.6	  0.3	0.000	0.000	0.000
90	  Y	  5.1	  0.1	0.000	0.000	0.000
91	  T	  4.2	  0.0	0.000	0.000	0.000
92	  T	  3.6	  0.1	0.000	0.000	0.000
93	  T	  2.2	  0.1	0.000	0.000	0.000
94	  D	  2.0	  0.1	0.000	0.000	0.000
95	  I	  2.0	  0.1	0.000	0.000	0.000
96	  E	  1.9	  0.0	0.000	0.000	0.000
97	  T	 14.4	  0.0	0.000	0.000	0.000
98	  W	 14.7	  0.0	0.000	0.000	0.000
99	  T	 16.0	  0.0	0.000	0.000	0.000
100	  T	  3.8	  0.0	0.000	0.000	0.000
101	  T	  3.4	  0.1	0.000	0.000	0.000
102	  T	  3.0	  0.0	0.000	0.000	0.000
103	  A	  2.4	  0.0	0.000	0.000	0.000
104	  T	  6.1	  0.2	0.000	0.000	0.000
105	  I	  5.6	  1.1	0.000	0.000	0.000
106	  D	  4.9	  1.1	0.000	0.000	0.000
107	  G	  0.6	  1.1	0.000	4.670	4.670
108	  V	  1.4	  0.9	0.000	56.716	56.716
109	  L	  1.7	  0.0	0.000	66.405	66.405
110	  T	  2.6	  0.0	0.000	67.035	67.035
111	  T	  5.8	  0.0	0.000	67.035	67.035
112	  I	  9.4	  0.0	0.000	67.035	67.035
113	  V	 12.7	  0.0	0.000	64.266	64.266
114	  T	 10.6	  0.0	0.000	24.697	24.697
115	  H	  6.9	  0.0	0.000	0.234	0.234
116	  V	  2.8	  0.0	0.000	0.000	0.000
117	  P	  0.2	  0.0	0.000	0.000	0.000
118	  V	  1.3	  0.1	0.000	0.000	0.000
119	  S	  1.4	  0.1	0.000	0.000	0.000
120	  S	  1.6	  1.1	0.189	0.000	0.000
121	  E	  0.3	  1.2	0.189	0.000	0.000
122	  S	  0.4	  1.2	0.189	0.000	0.000
123	  S	  0.4	  1.2	0.189	0.000	0.000
124	  K	  0.4	  0.3	0.189	0.000	0.000
125	  Q	  0.4	  0.3	0.189	0.000	0.000
126	  S	  0.2	  0.3	0.268	0.000	0.000
127	  E	  0.3	  0.2	0.268	0.000	0.000
128	  T	  0.7	  0.2	0.268	0.000	0.000
129	  T	  0.8	  0.2	0.268	0.000	0.000
130	  N	  0.6	  0.1	0.268	0.000	0.000
131	  A	  0.1	  0.1	0.268	0.000	0.000
132	  M	  0.1	  0.2	0.268	0.000	0.000
133	  P	  0.0	  0.2	0.000	0.000	0.000
134	  T	  1.7	  0.2	0.000	0.000	0.000
135	  T	  3.4	  0.2	0.000	0.000	0.000
136	  T	  3.8	  0.1	0.000	0.000	0.000
137	  T	  2.4	  0.1	0.000	0.000	0.000
138	  D	  2.2	  0.1	0.111	0.000	0.000
139	  I	  2.2	  0.1	0.111	0.000	0.000
140	  E	  2.2	  0.0	0.111	0.000	0.000
141	  T	  1.5	  0.0	0.111	5.488	5.488
142	  T	  3.3	  0.0	0.111	14.139	14.139
143	  I	  4.5	  0.0	0.111	27.533	27.533
144	  L	  6.4	  0.0	0.111	27.660	27.660
145	  T	 13.1	  0.0	0.000	27.660	27.660
146	  I	 13.4	  0.0	0.000	27.381	27.381
147	  T	 12.4	  0.0	0.000	18.849	18.849
148	  S	 20.8	  0.3	0.000	2.485	2.485
149	  C	 19.1	  0.6	0.000	0.309	0.309
150	  S	 17.6	  0.6	0.000	0.000	0.000
151	  N	  0.2	  0.5	0.000	0.000	0.000
152	  E	  0.8	  0.3	0.000	0.000	0.000
153	  V	  1.2	  0.0	0.000	0.000	0.000
154	  C	  1.3	  0.0	0.000	0.000	0.000
155	  K	  0.6	  0.2	0.000	0.000	0.000
156	  P	  0.1	  0.2	0.000	0.000	0.000
157	  T	  0.9	  0.2	0.000	0.000	0.000
158	  A	  1.2	  0.2	0.000	0.000	0.000
159	  V	  3.0	  0.0	0.000	0.000	0.000
160	  T	  2.3	  0.1	0.000	0.000	0.000
161	  T	  1.9	  0.2	0.000	0.000	0.000
162	  G	  0.2	  0.2	0.000	0.000	0.000
163	  L	  0.5	  0.2	0.000	0.000	0.000
164	  T	  2.2	  0.1	0.000	0.000	0.000
165	  K	  6.6	  0.0	0.000	0.000	0.000
166	  V	  8.3	  0.0	0.000	0.299	0.299
167	  T	  7.3	  0.1	0.000	0.299	0.299
168	  S	  3.2	  0.1	0.000	0.299	0.299
169	  T	 17.5	  0.1	0.000	0.299	0.299
170	  V	 17.4	  0.2	0.000	0.299	0.299
171	  S	 17.1	  0.6	0.000	0.123	0.123
172	  G	  0.7	  0.7	0.089	0.000	0.000
173	  E	  0.2	  0.7	0.089	0.000	0.000
174	  T	  1.1	  0.6	0.089	2.565	2.565
175	  T	  3.3	  0.1	0.089	5.621	5.621
176	  I	  4.4	  0.0	0.089	15.016	15.016
177	  F	  4.8	  0.0	0.089	15.016	15.016
178	  T	  5.7	  0.0	0.000	15.016	15.016
179	  T	 17.1	  0.0	0.000	14.290	14.290
180	  Y	 16.0	  0.0	0.000	13.216	13.216
181	  C	 12.9	  0.0	0.092	0.000	0.000
182	  P	  0.2	  0.0	0.092	0.000	0.000
183	  I	  0.5	  0.0	0.092	0.000	0.000
184	  S	  1.0	  0.1	0.244	0.000	0.000
185	  K	  1.1	  0.3	0.244	0.000	0.000
186	  E	  0.5	  0.3	0.244	0.000	0.000
187	  N	  0.1	  1.3	1.683	0.000	0.000
188	  E	  0.1	  1.2	1.683	0.000	0.000
189	  S	  0.4	  1.0	2.127	0.000	0.000
190	  T	  1.8	  1.1	1.975	0.000	0.000
191	  K	  1.9	  0.1	1.975	0.000	0.000
192	  T	  6.7	  0.1	1.975	0.281	0.281
193	  L	  5.6	  0.2	1.975	0.883	0.883
194	  S	  5.7	  0.1	1.608	1.077	1.077
195	  S	  1.1	  0.2	0.458	3.142	3.142
196	  T	  2.1	  0.2	0.000	18.149	18.149
197	  T	  4.2	  0.1	0.000	41.534	41.534
198	  V	  6.7	  0.0	0.000	46.016	46.016
199	  I	 18.8	  0.0	0.000	46.016	46.016
200	  T	 28.3	  0.0	0.000	45.740	45.740
201	  V	 26.2	  0.1	0.000	44.589	44.589
202	  S	 14.6	  0.1	0.000	9.031	9.031
203	  S	 16.2	  0.2	0.000	0.970	0.970
204	  C	 16.5	  0.3	0.000	0.000	0.000
205	  S	 16.5	  1.5	0.000	0.000	0.000
206	  K	  2.3	  1.5	0.000	0.000	0.000
207	  D	  0.9	  1.4	0.000	0.000	0.000
208	  V	  1.5	  1.3	0.000	0.000	0.000
209	  C	  1.9	  0.1	0.000	0.000	0.000
210	  H	  1.6	  0.4	0.000	0.000	0.000
211	  S	  0.7	  0.4	0.000	0.000	0.000
212	  S	  0.4	  0.4	0.129	0.000	0.000
213	  A	  0.7	  0.3	0.129	0.405	0.405
214	  V	  2.4	  0.1	0.129	0.882	0.882
215	  T	  2.2	  0.1	0.129	0.882	0.882
216	  T	  1.9	  0.2	0.129	0.882	0.882
217	  G	  0.2	  0.2	0.129	0.882	0.882
218	  V	  3.7	  0.1	0.000	1.150	1.150
219	  T	  4.5	  0.1	0.000	0.598	0.598
220	  Q	  5.3	  0.0	0.000	0.268	0.268
221	  L	  2.0	  0.0	0.000	1.161	1.161
222	  T	  2.7	  0.1	0.000	1.161	1.161
223	  T	  2.8	  0.0	0.000	1.161	1.161
224	  T	  6.0	  0.0	0.000	1.161	1.161
225	  I	  5.7	  1.3	0.000	1.161	1.161
226	  H	  4.7	  1.3	0.000	0.000	0.000
227	  G	  1.4	  1.3	0.000	0.000	0.000
228	  V	  1.5	  1.3	0.000	0.000	0.000
229	  E	  1.4	  0.1	0.000	0.000	0.000
230	  S	  1.6	  0.0	0.714	0.154	0.154
231	  I	  1.5	  0.0	0.714	1.405	1.405
232	  Y	  2.8	  0.0	0.714	1.405	1.405
233	  T	  5.8	  0.0	0.714	1.405	1.405
234	  T	 17.4	  0.0	0.714	1.405	1.405
235	  Y	 16.2	  0.0	0.714	1.405	1.405
236	  C	 13.1	  0.0	0.580	0.000	0.000
237	  P	  0.2	  0.0	0.000	0.000	0.000
238	  I	  0.5	  0.1	0.000	0.000	0.000
239	  E	  0.5	  0.1	0.000	0.000	0.000
240	  S	  0.7	  0.2	0.000	0.000	0.000
241	  S	  3.1	  0.2	0.000	0.000	0.000
242	  Q	  3.0	  0.2	0.000	0.000	0.000
243	  S	  2.9	  0.2	0.179	0.000	0.000
244	  P	  0.0	  0.4	0.179	0.000	0.000
245	  A	  0.2	  0.4	0.179	0.000	0.000
246	  S	  1.4	  0.4	0.179	0.000	0.000
247	  K	  1.4	  0.3	0.179	0.000	0.000
248	  E	  1.2	  0.3	0.179	0.000	0.000
249	  P	  0.1	  0.3	0.000	0.000	0.000
250	  S	  0.2	  0.3	0.088	0.000	0.000
251	  A	  0.2	  0.3	0.088	0.000	0.000
252	  K	  0.5	  0.1	0.088	0.000	0.000
253	  E	  3.3	  0.0	0.088	0.000	0.000
254	  I	 15.9	  0.0	0.088	2.250	2.250
255	  T	 26.6	  0.0	0.088	2.250	2.250
256	  I	 24.0	  0.0	0.088	2.250	2.250
257	  S	 12.5	  0.1	0.088	2.250	2.250
258	  E	  0.5	  0.1	0.000	2.250	2.250
259	  T	  1.6	  0.1	0.000	2.250	2.250
260	  K	  3.1	  0.1	0.000	2.250	2.250
261	  V	  5.1	  0.0	0.000	16.486	16.486
262	  V	 12.5	  0.0	0.000	16.486	16.486
263	  T	 21.1	  0.0	0.000	16.308	16.308
264	  I	 20.8	  0.0	0.000	16.201	16.201
265	  T	 13.6	  0.1	0.327	14.975	14.975
266	  S	  3.1	  0.1	0.549	0.713	0.713
267	  Q	  1.1	  0.1	0.549	0.000	0.000
268	  K	  0.3	  0.1	0.549	0.000	0.000
269	  A	  0.2	  0.1	0.549	0.000	0.000
270	  Q	  0.2	  0.1	0.549	0.000	0.000
271	  E	  0.2	  0.1	0.331	0.000	0.000
272	  T	  2.4	  0.2	0.092	0.000	0.000
273	  Q	  2.4	  0.3	0.092	0.000	0.000
274	  S	  2.5	  0.2	0.000	0.000	0.000
275	  S	  0.4	  0.2	0.000	0.000	0.000
276	  A	  0.3	  0.4	0.000	0.000	0.000
277	  P	  0.1	  0.5	0.000	0.000	0.000
278	  A	  0.0	  0.6	0.000	0.170	0.170
279	  G	  0.0	  0.6	0.000	0.491	0.491
280	  T	  4.9	  0.3	0.000	4.539	4.539
281	  I	 14.1	  0.0	0.000	7.567	7.567
282	  N	 16.9	  0.0	0.128	7.567	7.567
283	  V	 15.8	  0.0	0.128	9.313	9.313
284	  I	  7.3	  0.0	0.128	9.313	9.313
285	  T	  4.1	  0.1	0.128	6.718	6.718
286	  N	  0.6	  0.1	0.128	3.040	3.040
287	  N	  2.0	  0.1	0.340	3.040	3.040
288	  I	  6.0	  0.0	0.211	3.040	3.040
289	  V	  9.4	  0.0	0.211	3.040	3.040
290	  T	  9.6	  0.1	0.211	1.142	1.142
291	  Q	  5.7	  0.2	0.211	0.000	0.000
292	  S	  2.5	  0.3	0.211	0.000	0.000
293	  S	  0.6	  0.3	0.000	0.000	0.000
294	  T	  0.7	  0.2	0.000	0.000	0.000
295	  E	  0.5	  0.1	0.000	0.000	0.000
296	  I	  0.3	  0.0	0.000	0.000	0.000
297	  P	  0.1	  0.2	0.000	0.000	0.000
298	  A	  0.2	  0.3	0.000	0.000	0.000
299	  S	  2.5	  0.9	0.000	0.000	0.000
300	  K	  3.1	  1.0	0.000	0.000	0.000
301	  S	  4.9	  0.9	0.000	0.000	0.000
302	  T	  4.0	  0.9	0.000	0.000	0.000
303	  S	  3.5	  0.3	0.000	0.000	0.000
304	  V	  1.6	  0.2	0.000	0.000	0.000
305	  P	  0.2	  0.0	0.000	0.000	0.000
306	  L	  0.4	  0.0	0.000	0.462	0.462
307	  I	  1.3	  0.1	0.000	0.462	0.462
308	  S	  1.9	  0.1	0.000	0.462	0.462
309	  T	 12.1	  0.1	0.000	0.462	0.462
310	  Y	 11.6	  0.4	0.000	0.462	0.462
311	  E	 11.0	  0.7	0.000	0.000	0.000
312	  G	  0.3	  1.0	0.000	0.000	0.000
313	  G	  0.0	  1.5	0.000	0.000	0.000
314	  A	  0.0	  1.3	0.000	0.000	0.000
315	  G	  0.1	  0.9	0.000	0.000	0.000
316	  R	  8.8	  0.6	0.000	0.000	0.000
317	  I	  9.2	  0.1	0.000	0.000	0.000
318	  I	  9.2	  0.3	0.000	0.000	0.000
319	  P	  0.4	  0.3	0.000	0.101	0.101
320	  T	  3.1	  0.3	0.000	9.394	9.394
321	  F	  3.4	  0.3	0.000	24.839	24.839
322	  L	  3.4	  0.5	0.000	26.020	26.020
323	  G	  0.4	  0.6	0.000	26.219	26.219
324	  G	  0.0	  0.6	0.158	28.514	28.514
325	  L	  1.7	  0.6	0.158	53.823	53.823
326	  S	  1.9	  0.1	0.158	57.801	57.801
327	  L	  2.4	  0.0	0.158	88.786	88.786
328	  L	  1.0	  0.0	0.158	88.769	88.769
329	  F	  1.8	  0.0	0.158	88.590	88.590
330	  A	  1.8	  0.0	0.000	83.984	83.984
331	  I	  1.5	  0.0	0.000	82.207	82.207
332	  L	  0.6	  0.0	0.000	0.000	0.000
