res	aa	Beta	Turn	Helix	Aggregation	Conc-Stab_Aggregation
01	  M	  1.0	  0.0	0.000	0.000	0.000
02	  K	  1.6	  0.0	0.000	0.000	0.000
03	  Y	  5.4	  0.1	0.000	0.583	0.583
04	  S	  4.6	  0.1	1.988	0.583	0.583
05	  A	  4.0	  0.1	1.988	4.714	4.714
06	  L	  0.5	  0.1	1.988	8.298	8.298
07	  A	  0.4	  0.0	1.988	8.417	8.417
08	  L	  0.4	  0.0	1.988	8.535	8.535
09	  A	  0.2	  0.0	2.264	8.394	8.394
10	  A	  0.3	  0.0	1.885	7.151	7.151
11	  T	  0.5	  0.0	2.480	5.062	5.062
12	  A	  0.5	  0.0	2.600	3.685	3.685
13	  A	  0.4	  0.0	2.479	2.499	2.499
14	  A	  0.1	  0.0	2.220	1.595	1.595
15	  A	  0.1	  0.0	2.038	0.829	0.829
16	  A	  0.1	  0.1	1.858	0.380	0.380
17	  E	  0.1	  0.1	1.169	0.000	0.000
18	  T	  1.4	  0.2	0.000	0.000	0.000
19	  L	  2.3	  0.2	0.000	0.000	0.000
20	  D	  2.4	  0.1	0.133	0.000	0.000
21	  L	  2.5	  0.1	0.133	0.000	0.000
22	  Q	  3.0	  0.0	0.133	0.000	0.000
23	  I	  5.8	  0.0	0.133	0.000	0.000
24	  V	  4.7	  0.0	0.133	0.000	0.000
25	  S	  3.3	  1.9	0.133	0.000	0.000
26	  E	  0.5	  1.9	0.000	0.000	0.000
27	  N	  0.2	  2.1	0.000	0.000	0.000
28	  H	  0.3	  2.2	0.000	0.000	0.000
29	  D	  0.3	  5.1	0.000	0.000	0.000
30	  L	  0.3	  6.2	0.000	0.000	0.000
31	  D	  0.2	  6.1	0.000	0.000	0.000
32	  G	  0.1	  6.4	0.000	0.000	0.000
33	  K	  0.0	  1.7	0.000	0.000	0.000
34	  G	  0.1	  0.6	0.000	0.000	0.000
35	  I	  0.4	  0.5	0.000	0.000	0.000
36	  E	  0.4	  0.2	0.000	0.000	0.000
37	  G	  0.3	  0.2	0.000	0.000	0.000
38	  L	  0.1	  0.2	0.000	0.000	0.000
39	  H	  0.1	  1.1	0.000	0.000	0.000
40	  E	  0.1	  1.5	0.000	0.000	0.000
41	  G	  0.0	  1.8	0.000	0.000	0.000
42	  A	  0.1	  1.8	0.000	0.127	0.127
43	  G	  0.1	  0.9	0.000	0.645	0.645
44	  I	  4.2	  0.4	0.000	3.039	3.039
45	  S	  5.3	  0.1	0.000	3.198	3.198
46	  Y	  6.1	  0.3	0.000	3.357	3.357
47	  F	  2.2	  0.3	0.000	3.357	3.357
48	  G	  1.1	  0.3	0.000	2.875	2.875
49	  V	  0.4	  0.7	0.000	2.520	2.520
50	  S	  0.3	  0.4	0.000	0.383	0.383
51	  D	  0.3	  0.4	0.000	0.000	0.000
52	  Y	  0.4	  0.4	0.000	0.000	0.000
53	  L	  0.4	  0.0	0.000	0.000	0.000
54	  G	  0.4	  0.4	0.000	0.000	0.000
55	  P	  0.0	  0.4	0.000	0.000	0.000
56	  E	  2.1	  0.4	0.000	0.000	0.000
57	  F	  5.2	  0.3	0.000	0.000	0.000
58	  N	  5.9	  0.6	0.525	0.000	0.000
59	  Y	  4.1	  0.7	0.616	0.000	0.000
60	  D	  1.1	  4.1	3.588	0.000	0.000
61	  K	  0.4	  4.1	3.588	0.000	0.000
62	  D	  0.1	  3.6	5.803	0.000	0.000
63	  K	  0.1	  3.5	5.803	0.000	0.000
64	  K	  0.3	  0.1	5.803	0.000	0.000
65	  L	  0.7	  0.1	5.625	2.464	2.464
66	  L	  0.9	  0.0	5.335	3.365	3.365
67	  Y	  5.9	  0.0	5.080	3.365	3.365
68	  Q	  8.1	  0.0	3.209	3.365	3.365
69	  Y	  8.6	  0.2	1.620	3.365	3.365
70	  F	  3.7	  1.9	1.051	3.202	3.202
71	  G	  1.0	  1.9	0.527	0.194	0.194
72	  S	  3.1	  1.9	0.349	0.000	0.000
73	  Y	  5.3	  1.7	0.137	0.000	0.000
74	  Q	  5.3	  0.2	0.137	0.000	0.000
75	  A	  2.5	  0.2	0.137	0.000	0.000
76	  N	  0.2	  0.3	0.137	0.099	0.099
77	  V	  0.3	  0.3	0.137	2.978	2.978
78	  G	  0.2	  0.1	0.137	3.180	3.180
79	  F	  1.7	  0.3	0.000	5.820	5.820
80	  S	  2.4	  1.1	0.000	5.993	5.993
81	  S	  2.6	  1.1	0.000	7.491	7.491
82	  S	  2.3	  1.1	0.000	18.550	18.550
83	  F	  3.0	  1.0	0.000	18.550	18.550
84	  F	  3.8	  0.0	0.000	18.550	18.550
85	  A	  2.9	  0.0	0.000	18.094	18.094
86	  V	  1.3	  0.1	0.000	17.594	17.594
87	  G	  0.1	  0.1	0.000	0.000	0.000
88	  P	  0.0	  0.1	0.000	0.000	0.000
89	  A	  0.7	  0.1	0.000	0.000	0.000
90	  V	  1.2	  0.0	0.000	0.000	0.000
91	  T	  1.2	  2.2	0.000	0.000	0.000
92	  P	  0.6	  2.2	0.000	0.000	0.000
93	  G	  0.0	  2.2	0.104	0.000	0.000
94	  Q	  0.6	  2.2	0.104	0.000	0.000
95	  V	  8.8	  0.0	0.104	0.000	0.000
96	  T	 15.5	  0.1	0.104	0.000	0.000
97	  F	 15.2	  0.2	0.104	0.000	0.000
98	  D	  7.2	  0.5	0.303	0.000	0.000
99	  D	  0.3	  1.4	0.314	0.000	0.000
100	  Q	  0.0	  1.5	0.314	0.000	0.000
101	  G	  0.0	  1.4	0.314	0.000	0.000
102	  R	  3.6	  1.0	0.314	0.000	0.000
103	  F	  6.7	  0.2	0.314	0.000	0.000
104	  D	  6.7	  0.4	0.308	0.000	0.000
105	  I	  3.3	  0.5	0.308	0.000	0.000
106	  G	  0.1	  0.6	0.813	0.000	0.000
107	  E	  0.1	  0.6	0.698	0.000	0.000
108	  Q	  1.1	  0.2	0.698	0.000	0.000
109	  L	  1.4	  0.1	0.698	0.000	0.000
110	  Y	  2.8	  0.0	0.698	0.000	0.000
111	  A	  1.7	  0.0	0.505	0.000	0.000
112	  C	  1.6	  0.6	0.351	0.000	0.000
113	  K	  0.3	  0.6	0.122	0.000	0.000
114	  D	  0.4	  2.2	0.000	0.000	0.000
115	  L	  0.4	  2.2	0.000	0.000	0.000
116	  N	  0.4	  1.7	0.000	0.000	0.000
117	  D	  0.2	  2.2	0.000	0.000	0.000
118	  P	  0.0	  0.7	0.000	0.000	0.000
119	  Y	  3.3	  0.7	0.000	0.000	0.000
120	  N	  5.0	  0.7	0.176	0.000	0.000
121	  Y	  7.2	  0.1	0.176	0.000	0.000
122	  F	  4.7	  0.3	0.176	0.000	0.000
123	  E	  3.0	  0.3	0.176	0.000	0.000
124	  D	  0.7	  0.7	0.176	0.000	0.000
125	  R	  0.3	  0.7	0.176	0.000	0.000
126	  Y	  0.5	  0.4	0.176	0.000	0.000
127	  G	  0.5	  0.4	0.176	0.000	0.000
128	  V	  3.0	  0.0	0.000	0.000	0.000
129	  V	  3.2	  0.0	0.000	0.000	0.000
130	  R	  3.2	  0.0	0.000	0.000	0.000
131	  E	  0.5	  0.0	0.000	0.000	0.000
132	  A	  0.1	  1.0	0.000	0.000	0.000
133	  P	  0.0	  1.1	0.000	0.000	0.000
134	  N	  0.0	  2.3	0.000	0.000	0.000
135	  D	  0.3	  2.3	0.119	0.000	0.000
136	  S	  1.6	  1.3	0.433	0.000	0.000
137	  C	  5.1	  1.2	0.551	0.000	0.000
138	  V	 11.7	  0.0	0.551	0.000	0.000
139	  K	 10.6	  0.0	0.551	0.000	0.000
140	  I	  7.4	  0.0	0.551	0.000	0.000
141	  G	  0.5	  0.0	1.146	0.000	0.000
142	  L	  0.3	  0.1	0.915	0.000	0.000
143	  K	  0.6	  0.1	0.915	0.000	0.000
144	  R	  2.0	  0.0	0.595	0.000	0.000
145	  V	  2.8	  0.1	0.595	0.000	0.000
146	  Q	  2.4	  0.2	0.595	0.000	0.000
147	  R	  1.0	  0.4	0.112	0.000	0.000
148	  G	  0.1	  0.6	0.000	0.000	0.000
149	  S	  0.1	  0.6	0.000	0.000	0.000
150	  S	  0.3	  1.3	0.000	0.000	0.000
151	  E	  0.3	  1.2	0.000	0.000	0.000
152	  S	  1.0	  2.0	0.000	0.000	0.000
153	  S	  0.9	  1.9	0.099	0.000	0.000
154	  S	  3.7	  2.1	0.099	0.000	0.000
155	  A	  3.0	  2.1	0.099	0.000	0.000
156	  S	  5.3	  4.0	0.099	0.000	0.000
157	  A	  2.6	  4.1	0.099	0.000	0.000
158	  S	  2.5	  3.0	0.099	0.000	0.000
159	  G	  0.1	  3.0	0.000	0.000	0.000
160	  T	 14.5	  0.3	0.000	0.000	0.000
161	  V	 14.9	  0.2	0.000	0.000	0.000
162	  S	 14.9	  0.2	0.000	0.000	0.000
163	  G	  0.6	  0.2	0.000	0.000	0.000
164	  T	 14.9	  0.1	0.000	0.000	0.000
165	  V	 16.6	  0.1	0.000	0.000	0.000
166	  S	 19.1	  1.0	0.000	0.000	0.000
167	  A	  4.9	  1.0	0.000	0.000	0.000
168	  S	  3.0	  1.0	0.000	0.000	0.000
169	  A	  0.4	  1.0	0.000	0.000	0.000
170	  P	  0.1	  0.2	0.000	0.000	0.000
171	  A	  0.1	  0.3	0.000	0.000	0.000
172	  S	  0.2	  0.4	0.128	0.000	0.000
173	  S	  0.4	  0.4	0.128	0.000	0.000
174	  A	  0.6	  0.2	0.128	0.000	0.000
175	  Y	  2.6	  0.1	0.128	0.000	0.000
176	  W	  2.5	  0.0	0.128	0.000	0.000
177	  N	  2.3	  0.4	0.128	0.000	0.000
178	  P	  0.1	  0.4	0.000	0.000	0.000
179	  T	  1.0	  0.4	0.000	0.000	0.000
180	  T	 12.5	  0.4	0.000	0.000	0.000
181	  I	 12.9	  0.0	0.000	0.000	0.000
182	  T	 12.3	  0.0	0.000	0.000	0.000
183	  D	  1.6	  0.0	0.000	0.000	0.000
184	  V	  2.7	  0.0	0.000	3.432	3.432
185	  T	  4.3	  0.0	0.000	3.432	3.432
186	  T	 13.6	  0.0	0.000	4.192	4.192
187	  V	 12.8	  0.0	0.000	5.151	5.151
188	  T	 10.9	  0.1	0.000	5.151	5.151
189	  G	  0.8	  0.1	0.270	4.337	4.337
190	  I	  3.2	  0.2	0.270	4.337	4.337
191	  T	  6.3	  0.1	0.270	3.221	3.221
192	  T	 18.8	  0.0	0.270	2.285	2.285
193	  Y	 16.3	  0.0	0.270	1.854	1.854
194	  C	 13.2	  0.0	0.270	0.000	0.000
195	  P	  0.2	  0.0	0.000	0.000	0.000
196	  E	  0.0	  0.1	0.000	0.000	0.000
197	  P	  0.0	  0.1	0.000	0.000	0.000
198	  T	  2.6	  0.1	0.000	1.651	1.651
199	  T	 19.0	  0.1	0.000	4.971	4.971
200	  F	 25.6	  0.0	0.000	7.704	7.704
201	  T	 31.6	  0.0	0.000	7.704	7.704
202	  I	 18.5	  0.0	0.000	7.704	7.704
203	  T	 12.7	  0.0	0.000	6.897	6.897
204	  T	  5.8	  0.0	0.000	4.679	4.679
205	  C	  5.0	  0.0	0.000	1.575	1.575
206	  V	  4.1	  0.0	0.000	1.417	1.417
207	  E	  2.2	  0.3	0.000	0.000	0.000
208	  E	  0.6	  0.3	0.000	0.000	0.000
209	  N	  0.1	  0.3	0.000	0.000	0.000
210	  C	  0.1	  0.4	0.000	0.000	0.000
211	  G	  0.0	  0.3	0.000	0.000	0.000
212	  P	  0.0	  0.3	0.000	0.000	0.000
213	  T	  1.6	  0.3	0.000	0.361	0.361
214	  T	 11.2	  0.2	0.000	0.361	0.361
215	  V	 27.6	  0.0	0.000	0.361	0.361
216	  T	 31.1	  0.0	0.000	0.361	0.361
217	  V	 23.6	  0.0	0.000	0.361	0.361
218	  E	  6.7	  0.0	0.000	0.000	0.000
219	  E	  1.0	  0.1	0.000	0.000	0.000
220	  P	  0.0	  0.2	0.000	0.000	0.000
221	  S	  0.3	  0.2	0.000	0.230	0.230
222	  T	  9.9	  0.2	0.000	4.575	4.575
223	  V	 18.4	  0.1	0.000	4.575	4.575
224	  T	 27.8	  0.0	0.210	4.575	4.575
225	  I	 19.3	  0.0	0.210	4.575	4.575
226	  T	 11.1	  0.1	0.210	4.575	4.575
227	  E	  0.9	  0.1	0.210	0.000	0.000
228	  K	  1.0	  0.1	0.210	0.000	0.000
229	  C	  4.3	  0.1	0.210	0.000	0.000
230	  V	  4.7	  0.0	0.079	0.000	0.000
231	  V	  4.0	  0.4	0.079	0.000	0.000
232	  P	  0.5	  0.5	0.000	0.000	0.000
233	  T	  0.0	  0.7	0.000	0.000	0.000
234	  G	  0.0	  1.0	0.000	0.000	0.000
235	  G	  0.0	  0.6	0.000	0.000	0.000
236	  G	  0.0	  0.5	0.000	0.000	0.000
237	  E	  0.0	  0.4	0.000	0.000	0.000
238	  P	  0.0	  0.1	0.000	0.000	0.000
239	  T	  0.2	  0.1	0.000	0.000	0.000
240	  T	  0.2	  0.3	0.000	0.000	0.000
241	  P	  0.2	  0.2	0.000	0.000	0.000
242	  T	  2.2	  0.2	0.000	0.000	0.000
243	  T	  6.1	  0.2	0.000	0.000	0.000
244	  V	  6.6	  0.0	0.000	0.000	0.000
245	  A	  4.5	  0.1	0.000	0.000	0.000
246	  G	  0.6	  0.5	0.000	0.000	0.000
247	  P	  0.0	  0.6	0.000	0.000	0.000
248	  S	  2.0	  0.9	0.000	0.000	0.000
249	  T	  2.4	  0.9	0.000	0.000	0.000
250	  S	  2.5	  1.1	0.000	0.000	0.000
251	  A	  0.5	  1.2	0.000	0.000	0.000
252	  G	  0.1	  1.1	0.000	0.000	0.000
253	  A	  0.2	  1.2	0.000	0.000	0.000
254	  S	  0.2	  0.6	0.160	0.000	0.000
255	  S	  0.3	  0.4	0.160	0.000	0.000
256	  A	  0.3	  0.2	0.160	0.000	0.000
257	  A	  0.7	  0.0	0.160	0.000	0.000
258	  V	  1.9	  0.1	0.160	0.000	0.000
259	  S	  2.0	  0.1	0.590	0.000	0.000
260	  S	  6.2	  0.1	0.430	0.000	0.000
261	  W	  6.2	  0.2	0.430	0.000	0.000
262	  E	  6.0	  0.3	0.430	0.000	0.000
263	  A	  1.3	  0.3	0.430	0.000	0.000
264	  G	  0.0	  0.3	0.430	0.000	0.000
265	  A	  0.7	  0.2	0.181	0.000	0.000
266	  V	  2.4	  0.2	0.000	0.000	0.000
267	  K	  2.5	  0.1	0.000	0.000	0.000
268	  N	  1.8	  0.4	0.000	0.646	0.646
269	  A	  0.1	  0.6	0.000	16.807	16.807
270	  A	  0.1	  0.5	0.000	20.593	20.593
271	  G	  0.1	  0.5	0.000	24.934	24.934
272	  V	  4.4	  0.3	0.000	73.249	73.249
273	  V	  5.0	  0.1	0.000	77.104	77.104
274	  A	  5.0	  0.1	0.000	77.339	77.339
275	  G	  0.8	  0.1	0.000	77.550	77.550
276	  V	  0.8	  0.1	0.000	81.550	81.550
277	  A	  0.8	  0.0	0.000	80.074	80.074
278	  G	  0.7	  0.0	0.000	78.800	78.800
279	  L	  0.4	  0.0	0.000	78.685	78.685
280	  A	  1.2	  0.0	0.000	77.855	77.855
281	  V	  5.3	  0.0	0.000	77.102	77.102
282	  L	  5.0	  0.0	0.000	72.123	72.123
283	  I	  4.2	  0.0	0.000	0.000	0.000
