res	aa	Beta	Turn	Helix	Aggregation	Conc-Stab_Aggregation
01	  M	  0.4	  0.0	0.000	0.000	0.000
02	  A	  0.8	  0.0	0.000	0.000	0.000
03	  V	  2.6	  0.0	0.000	0.000	0.000
04	  T	  3.0	  0.0	0.158	0.000	0.000
05	  K	  3.5	  0.0	0.158	0.000	0.000
06	  I	  2.7	  0.0	0.158	0.000	0.000
07	  H	  2.2	  0.1	0.158	0.000	0.000
08	  A	  1.4	  0.2	0.158	0.000	0.000
09	  R	  1.1	  0.2	0.158	0.000	0.000
10	  S	  1.7	  0.2	0.000	0.000	0.000
11	  V	  4.7	  0.1	0.000	0.000	0.000
12	  Y	  4.8	  0.1	0.000	0.000	0.000
13	  D	  4.1	  0.6	0.000	0.000	0.000
14	  S	  1.1	  0.8	0.000	0.000	0.000
15	  R	  0.3	  0.7	0.000	0.000	0.000
16	  G	  0.2	  0.6	0.000	0.000	0.000
17	  N	  0.1	  0.3	0.000	0.000	0.000
18	  P	  0.0	  0.2	0.000	0.000	0.000
19	  T	  6.0	  0.2	0.000	0.000	0.000
20	  V	 24.1	  0.2	0.000	0.000	0.000
21	  E	 27.8	  0.0	0.000	0.000	0.000
22	  V	 24.3	  0.0	0.000	0.000	0.000
23	  D	  7.3	  0.0	0.594	0.000	0.000
24	  L	  2.2	  0.0	0.594	0.000	0.000
25	  I	  0.9	  0.0	0.594	0.000	0.000
26	  T	  0.9	  0.2	0.759	0.000	0.000
27	  D	  0.6	  0.5	0.759	0.000	0.000
28	  K	  0.2	  0.5	0.759	0.000	0.000
29	  G	  0.0	  0.5	0.427	0.000	0.000
30	  L	  0.2	  0.3	0.250	0.000	0.000
31	  F	  1.9	  0.1	0.165	0.000	0.000
32	  R	  2.2	  0.0	0.000	0.000	0.000
33	  A	  3.1	  0.0	0.000	0.000	0.000
34	  I	  1.9	  0.0	0.000	0.000	0.000
35	  V	  1.6	  0.7	0.000	0.000	0.000
36	  P	  0.6	  1.0	0.000	0.000	0.000
37	  S	  0.0	  1.4	0.000	0.000	0.000
38	  G	  0.0	  1.6	0.000	0.000	0.000
39	  A	  0.1	  1.2	0.000	0.000	0.000
40	  S	  0.2	  1.0	0.000	0.000	0.000
41	  T	  0.2	  0.6	0.000	0.000	0.000
42	  G	  0.1	  0.4	0.000	0.000	0.000
43	  V	  1.4	  0.2	0.000	0.000	0.000
44	  H	  1.6	  0.1	0.123	0.000	0.000
45	  E	  1.5	  0.1	0.123	0.000	0.000
46	  A	  0.3	  0.1	0.123	0.000	0.000
47	  L	  0.7	  0.1	0.123	0.000	0.000
48	  E	  0.9	  0.0	0.123	0.000	0.000
49	  L	  1.0	  0.6	0.123	0.000	0.000
50	  R	  0.4	  0.8	0.123	0.000	0.000
51	  D	  0.2	  1.5	0.000	0.000	0.000
52	  G	  0.0	  1.6	1.079	0.000	0.000
53	  D	  0.0	  2.8	1.861	0.000	0.000
54	  K	  0.5	  2.5	1.861	0.000	0.000
55	  S	  0.7	  1.8	1.993	0.000	0.000
56	  K	  0.8	  1.7	1.993	0.000	0.000
57	  W	  0.4	  0.2	1.993	0.000	0.000
58	  L	  0.2	  0.4	1.783	0.000	0.000
59	  G	  0.1	  0.8	1.499	0.000	0.000
60	  K	  0.0	  0.8	0.610	0.000	0.000
61	  G	  0.1	  0.7	0.000	0.000	0.000
62	  V	  1.9	  0.5	0.000	0.000	0.000
63	  T	  2.3	  0.0	0.235	0.000	0.000
64	  K	  2.5	  0.0	0.235	0.000	0.000
65	  A	  1.1	  0.0	0.235	0.666	0.666
66	  V	  1.3	  0.1	0.235	0.666	0.666
67	  A	  1.2	  0.1	0.235	0.666	0.666
68	  N	  2.2	  0.6	0.235	0.666	0.666
69	  V	  1.9	  0.7	0.000	0.666	0.666
70	  N	  1.8	  0.5	0.000	0.000	0.000
71	  D	  2.2	  0.5	0.000	0.000	0.000
72	  V	 11.0	  0.0	0.000	0.000	0.000
73	  I	 11.2	  0.0	0.000	0.000	0.000
74	  A	  9.6	  0.0	0.000	0.000	0.000
75	  P	  0.3	  0.0	0.000	0.000	0.000
76	  A	  0.3	  0.0	0.000	0.000	0.000
77	  F	  1.5	  0.0	0.000	0.000	0.000
78	  I	  2.2	  0.0	0.000	0.000	0.000
79	  K	  2.0	  0.3	0.000	0.000	0.000
80	  E	  0.8	  0.3	0.000	0.000	0.000
81	  N	  0.3	  0.7	0.000	0.000	0.000
82	  L	  2.7	  0.6	0.000	0.000	0.000
83	  D	  4.0	  0.4	0.132	0.000	0.000
84	  I	  4.4	  0.4	0.132	0.000	0.000
85	  T	  2.5	  0.0	0.583	0.000	0.000
86	  N	  1.1	  0.1	1.099	0.000	0.000
87	  Q	  0.7	  0.1	1.099	0.000	0.000
88	  A	  0.5	  0.1	1.099	0.000	0.000
89	  K	  1.9	  0.0	1.099	0.000	0.000
90	  V	  1.9	  0.1	0.967	0.000	0.000
91	  D	  1.6	  0.1	0.967	0.000	0.000
92	  E	  0.3	  0.1	0.509	0.000	0.000
93	  F	  1.2	  0.2	0.509	0.000	0.000
94	  L	  1.5	  0.1	0.102	0.000	0.000
95	  N	  1.5	  0.2	0.102	0.000	0.000
96	  S	  2.7	  2.8	0.000	0.000	0.000
97	  L	  2.3	  3.0	0.000	0.000	0.000
98	  D	  2.3	  2.9	0.000	0.000	0.000
99	  G	  0.1	  2.8	0.000	0.000	0.000
100	  T	  0.0	  1.2	0.124	0.000	0.000
101	  P	  0.0	  1.0	0.124	0.000	0.000
102	  N	  0.0	  2.3	0.124	0.000	0.000
103	  K	  0.5	  2.3	0.124	0.000	0.000
104	  S	  0.7	  1.5	0.124	0.000	0.000
105	  K	  0.8	  1.5	0.124	0.000	0.000
106	  L	  0.3	  0.5	0.000	0.000	0.000
107	  G	  0.2	  0.9	0.137	0.000	0.000
108	  A	  0.0	  0.7	0.137	0.203	0.203
109	  N	  0.1	  0.7	0.137	0.407	0.407
110	  A	  0.6	  0.5	0.137	8.742	8.742
111	  I	  1.6	  0.0	0.137	15.094	15.094
112	  L	  1.5	  0.0	0.137	15.491	15.491
113	  G	  1.1	  0.0	2.457	15.389	15.389
114	  V	  4.0	  0.0	2.320	15.619	15.619
115	  S	  4.0	  0.0	11.401	12.449	12.449
116	  L	  4.1	  0.0	12.682	11.655	11.655
117	  A	  0.2	  0.0	14.183	6.797	6.797
118	  A	  0.2	  0.0	14.583	2.762	2.762
119	  A	  0.1	  0.0	14.784	1.266	1.266
120	  K	  0.2	  0.0	14.960	0.000	0.000
121	  A	  0.2	  0.0	12.900	0.000	0.000
122	  A	  0.2	  0.0	12.149	0.000	0.000
123	  A	  0.1	  0.0	11.084	0.000	0.000
124	  A	  0.1	  0.2	10.059	0.000	0.000
125	  E	  0.1	  0.7	8.623	0.000	0.000
126	  K	  0.1	  0.7	6.165	0.000	0.000
127	  G	  0.0	  0.7	3.327	0.165	0.165
128	  V	  4.3	  0.6	0.000	0.165	0.165
129	  S	  4.6	  0.1	0.111	0.165	0.165
130	  L	  4.7	  0.0	0.111	0.165	0.165
131	  Y	  0.9	  0.2	0.111	0.165	0.165
132	  K	  0.7	  0.2	0.111	0.000	0.000
133	  H	  0.8	  0.2	0.111	0.000	0.000
134	  L	  0.4	  0.4	0.111	0.000	0.000
135	  A	  0.4	  0.3	0.111	0.000	0.000
136	  D	  0.3	  0.3	0.111	0.000	0.000
137	  V	  0.9	  0.4	0.000	0.000	0.000
138	  A	  0.8	  0.2	0.000	0.000	0.000
139	  G	  0.6	  0.2	0.000	0.000	0.000
140	  T	  1.4	  0.3	0.229	0.000	0.000
141	  K	  1.5	  0.6	0.229	0.000	0.000
142	  Q	  1.5	  0.5	0.229	0.000	0.000
143	  D	  0.2	  0.5	0.229	0.000	0.000
144	  K	  0.6	  0.4	0.229	0.000	0.000
145	  Y	  4.0	  0.0	0.229	0.000	0.000
146	  V	  4.3	  0.0	0.000	0.000	0.000
147	  L	  3.9	  0.0	0.000	0.000	0.000
148	  P	  0.5	  0.0	0.000	0.000	0.000
149	  V	  0.1	  0.0	0.000	0.000	0.000
150	  P	  0.0	  0.0	0.000	0.000	0.000
151	  F	  1.6	  0.4	0.000	0.000	0.000
152	  Q	  2.1	  0.4	0.000	0.000	0.000
153	  N	  2.3	  0.4	0.000	0.000	0.000
154	  V	  3.9	  0.5	0.000	0.000	0.000
155	  L	  3.5	  0.8	0.000	0.000	0.000
156	  N	  3.3	  0.9	0.000	0.000	0.000
157	  G	  0.1	  1.4	0.000	0.000	0.000
158	  G	  0.0	  1.4	0.000	0.000	0.000
159	  S	  0.2	  0.8	0.000	0.000	0.000
160	  H	  0.2	  1.3	0.000	0.000	0.000
161	  A	  0.2	  1.1	0.000	0.000	0.000
162	  G	  0.1	  1.2	0.160	0.000	0.000
163	  G	  0.0	  1.1	0.322	0.135	0.135
164	  A	  0.1	  0.5	0.322	0.135	0.135
165	  L	  0.3	  0.1	0.322	0.135	0.135
166	  A	  0.7	  0.0	0.322	0.135	0.135
167	  F	  1.7	  0.1	0.322	0.135	0.135
168	  Q	  1.8	  0.1	0.162	0.000	0.000
169	  E	  1.5	  0.1	0.000	0.000	0.000
170	  F	  1.3	  0.1	0.000	0.312	0.312
171	  M	  3.8	  0.0	0.000	0.312	0.312
172	  I	  4.3	  0.0	0.000	0.312	0.312
173	  V	  3.4	  0.7	0.000	0.312	0.312
174	  P	  0.6	  0.9	0.000	0.312	0.312
175	  S	  0.0	  0.9	0.000	0.000	0.000
176	  G	  0.0	  0.9	0.000	0.000	0.000
177	  A	  0.0	  0.6	0.000	0.000	0.000
178	  P	  0.0	  0.4	0.000	0.000	0.000
179	  S	 20.4	  0.5	0.710	0.000	0.000
180	  F	 20.9	  0.5	0.710	0.000	0.000
181	  S	 20.9	  0.2	3.045	0.000	0.000
182	  E	  0.6	  0.2	3.045	0.000	0.000
183	  A	  0.2	  0.1	3.045	0.000	0.000
184	  M	  1.7	  0.0	3.045	0.000	0.000
185	  R	  2.0	  0.1	2.955	0.000	0.000
186	  Y	  1.9	  0.9	2.739	0.000	0.000
187	  G	  0.4	  1.0	0.755	0.000	0.000
188	  S	  0.2	  1.0	0.601	0.000	0.000
189	  E	  1.8	  0.9	0.458	0.000	0.000
190	  V	  4.8	  0.1	0.458	0.000	0.000
191	  Y	  5.5	  0.1	0.458	0.000	0.000
192	  H	  4.1	  0.1	0.458	0.000	0.000
193	  N	  1.3	  0.1	0.594	0.000	0.000
194	  L	  0.8	  0.2	0.408	0.000	0.000
195	  K	  0.8	  0.1	0.408	0.000	0.000
196	  S	  2.1	  0.1	0.236	0.000	0.000
197	  L	  2.2	  0.1	0.136	0.000	0.000
198	  T	  3.0	  0.1	0.136	0.000	0.000
199	  K	  1.5	  0.1	0.136	0.000	0.000
200	  K	  1.1	  0.2	0.000	0.000	0.000
201	  K	  0.3	  0.2	0.000	0.000	0.000
202	  Y	  0.4	  0.3	0.000	0.000	0.000
203	  G	  0.4	  0.3	0.000	0.000	0.000
204	  L	  0.8	  0.2	0.000	0.000	0.000
205	  S	  0.7	  0.5	0.000	0.000	0.000
206	  A	  0.7	  0.7	0.000	0.000	0.000
207	  G	  0.1	  0.7	0.000	0.000	0.000
208	  N	  0.0	  0.9	0.000	0.000	0.000
209	  V	  0.1	  1.6	0.000	0.000	0.000
210	  G	  0.1	  1.5	0.000	0.000	0.000
211	  D	  0.0	  2.4	0.000	0.000	0.000
212	  E	  0.0	  3.5	0.000	0.000	0.000
213	  G	  0.0	  2.5	0.000	0.000	0.000
214	  G	  0.5	  2.4	0.000	0.000	0.000
215	  V	  1.0	  1.4	0.000	0.000	0.000
216	  A	  1.0	  0.8	0.000	0.000	0.000
217	  P	  0.4	  0.7	0.000	0.000	0.000
218	  D	  0.3	  0.7	0.000	0.000	0.000
219	  I	  0.6	  0.8	0.000	0.000	0.000
220	  H	  0.7	  0.1	0.000	0.000	0.000
221	  S	  0.8	  0.1	1.873	0.000	0.000
222	  A	  0.5	  0.1	1.873	0.000	0.000
223	  E	  0.4	  0.1	1.873	0.000	0.000
224	  E	  0.0	  0.1	1.873	0.000	0.000
225	  A	  0.1	  0.2	2.127	0.000	0.000
226	  L	  1.0	  0.1	2.127	0.000	0.000
227	  D	  1.2	  0.1	4.417	0.000	0.000
228	  L	  2.4	  0.1	4.245	71.118	71.118
229	  I	  5.8	  0.0	4.538	83.263	83.263
230	  V	  6.7	  0.0	4.538	83.263	83.263
231	  A	  5.5	  0.0	4.691	83.263	83.263
232	  A	  1.4	  0.0	4.547	83.263	83.263
233	  I	  0.8	  0.0	4.178	82.178	82.178
234	  E	  0.8	  0.1	4.178	0.132	0.132
235	  K	  0.7	  0.3	3.387	0.132	0.132
236	  A	  0.2	  0.3	2.295	0.084	0.084
237	  G	  0.2	  0.3	1.798	0.044	0.044
238	  Y	  1.5	  0.4	0.438	0.044	0.044
239	  T	  1.5	  0.2	0.000	0.044	0.044
240	  G	  1.4	  0.2	0.000	0.000	0.000
241	  K	  1.8	  0.2	0.000	0.000	0.000
242	  V	  8.0	  0.0	0.000	4.177	4.177
243	  N	  8.3	  0.0	0.000	4.177	4.177
244	  I	  9.1	  0.0	0.000	4.177	4.177
245	  A	  2.8	  0.0	0.000	4.177	4.177
246	  L	  4.4	  0.0	0.000	4.177	4.177
247	  D	  2.2	  0.0	0.000	0.000	0.000
248	  V	  4.3	  0.0	0.000	0.000	0.000
249	  A	  2.5	  0.1	0.000	0.000	0.000
250	  S	  2.4	  0.2	0.000	0.000	0.000
251	  S	  0.3	  0.2	0.000	0.000	0.000
252	  E	  0.6	  0.2	0.000	0.000	0.000
253	  F	  1.7	  0.1	0.000	0.000	0.000
254	  F	  2.1	  0.9	0.000	0.000	0.000
255	  K	  1.7	  2.4	0.000	0.000	0.000
256	  D	  0.5	  2.5	0.101	0.000	0.000
257	  G	  0.0	  2.5	0.101	0.000	0.000
258	  K	  0.7	  1.6	0.101	0.000	0.000
259	  Y	  1.8	  0.2	0.101	0.000	0.000
260	  D	  1.9	  0.9	0.266	0.000	0.000
261	  L	  2.3	  0.9	0.266	0.000	0.000
262	  D	  1.6	  0.8	0.266	0.000	0.000
263	  F	  2.2	  0.7	0.266	0.000	0.000
264	  K	  1.2	  0.0	0.266	0.000	0.000
265	  N	  0.8	  7.8	0.165	0.000	0.000
266	  P	  0.0	  7.9	0.000	0.000	0.000
267	  D	  0.0	 11.5	0.145	0.000	0.000
268	  S	  0.0	 11.5	1.371	0.000	0.000
269	  D	  0.0	  5.2	1.371	0.000	0.000
270	  K	  0.4	  5.1	1.371	0.000	0.000
271	  S	  0.6	  1.6	1.371	0.000	0.000
272	  K	  0.8	  1.5	1.371	0.000	0.000
273	  W	  0.9	  0.2	1.226	0.000	0.000
274	  L	  0.8	  0.4	0.742	0.000	0.000
275	  S	  0.7	  0.5	0.681	0.000	0.000
276	  G	  0.2	  0.6	0.707	0.000	0.000
277	  E	  0.1	  0.5	0.497	0.000	0.000
278	  Q	  0.1	  0.3	0.497	0.000	0.000
279	  L	  0.2	  0.4	0.497	0.000	0.000
280	  A	  0.2	  0.3	0.497	0.000	0.000
281	  D	  0.3	  0.3	0.680	0.000	0.000
282	  L	  0.9	  0.3	0.554	51.658	51.658
283	  Y	  2.4	  0.1	0.554	60.492	60.492
284	  V	  6.4	  0.1	0.183	60.492	60.492
285	  S	  6.1	  0.1	4.268	60.492	60.492
286	  L	  5.1	  0.1	4.268	60.492	60.492
287	  I	  1.0	  0.1	4.268	59.702	59.702
288	  D	  0.8	  0.0	4.268	0.000	0.000
289	  K	  0.4	  0.0	4.268	0.000	0.000
290	  Y	  0.2	  0.0	4.268	0.000	0.000
291	  P	  0.1	  0.0	0.000	0.157	0.157
292	  I	  2.9	  0.0	0.000	0.157	0.157
293	  V	  6.4	  0.0	0.000	0.157	0.157
294	  S	  8.1	  0.0	0.000	0.157	0.157
295	  I	  5.4	  0.0	0.000	0.157	0.157
296	  E	  2.0	  0.0	0.000	0.000	0.000
297	  D	  0.2	  0.3	0.109	0.000	0.000
298	  P	  0.0	  0.3	0.109	0.000	0.000
299	  F	  0.3	  0.3	0.109	0.000	0.000
300	  A	  0.3	  0.7	0.109	0.000	0.000
301	  E	  0.4	  0.5	0.109	0.000	0.000
302	  D	  0.1	  0.5	1.027	0.000	0.000
303	  D	  0.9	  0.5	2.200	0.000	0.000
304	  W	  1.4	  0.2	2.403	0.000	0.000
305	  E	  1.5	  0.1	2.587	0.000	0.000
306	  S	 15.5	  0.3	3.895	0.000	0.000
307	  W	 15.9	  0.4	3.895	0.000	0.000
308	  S	 16.0	  0.3	3.895	0.000	0.000
309	  K	  1.9	  0.3	3.750	0.000	0.000
310	  F	  0.7	  0.0	3.576	0.000	0.000
311	  Y	  0.5	  0.3	3.253	0.000	0.000
312	  P	  0.1	  0.3	0.000	0.000	0.000
313	  R	  2.1	  0.3	0.000	0.000	0.000
314	  V	  5.8	  0.3	0.000	1.533	1.533
315	  V	  6.1	  0.0	0.000	1.660	1.660
316	  D	  4.1	  0.0	0.181	1.660	1.660
317	  K	  0.8	  0.0	0.181	1.660	1.660
318	  I	  1.6	  0.0	0.181	1.823	1.823
319	  Q	  3.0	  0.0	0.181	1.823	1.823
320	  I	  5.5	  0.0	0.181	1.823	1.823
321	  V	  4.5	  1.4	0.181	1.823	1.823
322	  G	  3.0	  1.7	0.181	0.163	0.163
323	  D	  0.0	  1.7	0.181	0.000	0.000
324	  D	  0.2	  1.7	0.000	0.000	0.000
325	  L	  3.4	  0.3	0.000	0.000	0.000
326	  T	 13.9	  0.1	0.000	0.000	0.000
327	  V	 16.1	  0.0	0.000	0.000	0.000
328	  T	 13.0	  0.0	0.000	0.000	0.000
329	  N	  2.6	  0.0	0.191	0.000	0.000
330	  P	  0.0	  0.0	0.191	0.000	0.000
331	  I	  8.4	  0.0	0.191	0.000	0.000
332	  R	 10.7	  0.0	0.191	0.000	0.000
333	  I	 12.0	  0.0	0.191	0.000	0.000
334	  K	  4.1	  0.0	0.191	0.000	0.000
335	  T	  2.0	  0.0	2.436	0.000	0.000
336	  A	  0.8	  0.0	2.436	0.000	0.000
337	  I	  1.1	  0.0	2.436	0.000	0.000
338	  E	  1.1	  0.1	3.416	0.000	0.000
339	  K	  1.0	  0.1	3.416	0.000	0.000
340	  K	  0.6	  0.1	3.416	0.000	0.000
341	  A	  0.2	  0.4	2.533	0.000	0.000
342	  A	  0.2	  0.4	2.400	0.000	0.000
343	  N	  0.0	  0.3	4.195	0.175	0.175
344	  A	  0.3	  0.3	3.382	0.175	0.175
345	  L	  1.1	  0.0	3.083	0.175	0.175
346	  L	  1.3	  0.0	2.753	0.175	0.175
347	  L	  2.7	  0.0	2.531	0.175	0.175
348	  K	  3.5	  0.0	2.442	0.000	0.000
349	  V	  4.9	  0.0	0.736	0.000	0.000
350	  N	  3.7	  0.0	0.736	0.000	0.000
351	  Q	  2.2	  0.1	0.187	0.000	0.000
352	  I	  0.6	  0.9	0.000	0.000	0.000
353	  G	  0.1	  0.9	0.154	0.000	0.000
354	  S	  1.6	  0.9	0.847	0.000	0.000
355	  L	  1.6	  0.8	0.847	0.000	0.000
356	  T	  1.8	  0.2	1.324	0.000	0.000
357	  E	  0.3	  0.1	1.428	0.000	0.000
358	  S	  0.6	  0.1	3.322	0.000	0.000
359	  I	  0.7	  0.1	3.372	0.000	0.000
360	  Q	  0.7	  0.0	3.372	0.000	0.000
361	  A	  0.4	  0.0	3.222	0.000	0.000
362	  A	  0.1	  0.3	3.222	0.000	0.000
363	  K	  0.1	  0.3	2.971	0.000	0.000
364	  D	  0.6	  0.5	2.157	0.000	0.000
365	  S	  1.1	  0.5	1.230	0.000	0.000
366	  Y	  1.8	  0.2	0.931	0.000	0.000
367	  A	  1.3	  0.5	0.631	0.000	0.000
368	  A	  0.7	  0.4	0.631	0.000	0.000
369	  D	  0.1	  0.5	0.743	0.000	0.000
370	  W	  0.1	  0.5	0.743	3.182	3.182
371	  G	  0.1	  0.2	0.743	3.486	3.486
372	  V	  7.2	  0.2	0.111	3.486	3.486
373	  M	  7.9	  0.0	0.111	3.486	3.486
374	  V	 10.0	  0.0	0.111	3.486	3.486
375	  S	  4.1	  0.0	0.111	1.615	1.615
376	  H	  3.6	  0.6	0.000	0.000	0.000
377	  R	  1.6	  0.9	0.000	0.000	0.000
378	  S	  0.6	  1.2	0.000	0.000	0.000
379	  G	  0.2	  1.3	0.000	0.000	0.000
380	  E	  0.1	  0.8	0.000	0.000	0.000
381	  S	  0.1	  2.2	0.000	0.000	0.000
382	  E	  0.1	  1.9	0.000	0.000	0.000
383	  D	  0.3	  1.7	0.000	0.000	0.000
384	  T	  1.3	  1.7	0.000	0.000	0.000
385	  T	  4.0	  0.0	0.358	0.000	0.000
386	  I	  3.9	  0.2	0.358	0.000	0.000
387	  A	  2.9	  0.2	0.358	0.000	0.000
388	  D	  0.3	  0.2	0.514	0.000	0.000
389	  L	  2.0	  0.2	0.514	40.722	40.722
390	  V	  3.0	  0.0	0.514	40.722	40.722
391	  V	  3.1	  0.0	0.514	40.722	40.722
392	  G	  1.4	  0.0	0.514	40.722	40.722
393	  L	  0.8	  0.3	0.285	40.722	40.722
394	  R	  0.7	  0.6	0.285	0.000	0.000
395	  S	  0.7	  0.6	0.000	0.000	0.000
396	  G	  0.2	  0.6	0.000	0.000	0.000
397	  Q	  1.8	  0.4	0.000	0.000	0.000
398	  I	  3.3	  0.2	0.000	0.000	0.000
399	  K	  3.3	  0.2	0.000	0.000	0.000
400	  T	  1.6	  0.2	0.000	0.000	0.000
401	  G	  0.1	  0.2	0.000	0.000	0.000
402	  A	  0.1	  0.1	0.000	0.000	0.000
403	  P	  0.0	  0.0	0.000	0.000	0.000
404	  A	  0.1	  0.1	0.108	0.000	0.000
405	  R	  0.2	  0.1	0.340	0.000	0.000
406	  S	  0.3	  0.2	3.423	0.000	0.000
407	  E	  0.2	  0.3	3.862	0.000	0.000
408	  R	  0.3	  0.2	3.862	0.000	0.000
409	  L	  0.2	  0.1	3.862	0.000	0.000
410	  A	  0.4	  0.1	3.862	0.000	0.000
411	  K	  1.0	  0.0	3.862	0.000	0.000
412	  L	  1.1	  0.1	2.709	0.000	0.000
413	  N	  1.3	  0.1	2.389	0.000	0.000
414	  Q	  1.4	  0.0	1.738	0.000	0.000
415	  I	  3.4	  0.0	0.793	0.000	0.000
416	  L	  7.0	  0.0	0.793	0.000	0.000
417	  R	  9.1	  0.0	0.611	0.000	0.000
418	  I	  7.2	  0.0	0.292	0.000	0.000
419	  E	  3.2	  0.1	0.292	0.000	0.000
420	  E	  0.2	  0.1	0.112	0.000	0.000
421	  E	  0.0	  0.1	0.000	0.000	0.000
422	  L	  0.0	  0.8	0.000	0.000	0.000
423	  G	  0.0	  0.8	0.404	0.000	0.000
424	  D	  0.0	  0.8	0.562	0.000	0.000
425	  K	  0.2	  0.8	0.562	0.000	0.000
426	  A	  0.5	  0.1	0.562	0.172	0.172
427	  I	  1.2	  0.0	0.562	0.172	0.172
428	  Y	  1.4	  0.4	0.562	0.172	0.172
429	  A	  1.1	  0.5	0.280	0.172	0.172
430	  G	  0.4	  0.6	0.280	0.172	0.172
431	  E	  0.4	  0.6	0.000	0.000	0.000
432	  H	  2.4	  0.3	0.000	0.000	0.000
433	  F	  3.5	  0.2	0.000	0.000	0.000
434	  K	  3.2	  0.0	0.000	0.000	0.000
435	  A	  1.3	  0.0	0.000	0.000	0.000
436	  A	  0.2	  0.2	0.000	0.000	0.000
437	  Q	  0.3	  0.2	0.000	0.000	0.000
438	  N	  0.2	  0.2	0.000	0.000	0.000
439	  L	  0.2	  0.2	0.000	0.000	0.000
