res	aa	Beta	Turn	Helix	Aggregation	Conc-Stab_Aggregation
01	  M	  1.9	  0.0	0.000	0.000	0.000
02	  S	  2.2	  0.0	0.195	0.590	0.590
03	  I	  3.2	  0.0	0.195	2.480	2.480
04	  Y	  5.0	  0.1	0.195	2.480	2.480
05	  S	  5.0	  0.0	0.195	2.480	2.480
06	  A	  4.4	  0.0	0.195	2.480	2.480
07	  V	  2.4	  0.1	0.195	2.480	2.480
08	  Q	  2.6	  0.0	0.195	0.000	0.000
09	  H	  2.4	  0.1	0.000	0.000	0.000
10	  T	  0.7	  0.8	0.000	0.000	0.000
11	  E	  0.3	  0.8	0.000	0.000	0.000
12	  G	  0.0	  0.7	0.000	0.000	0.000
13	  R	  0.0	  3.1	0.000	0.000	0.000
14	  P	  0.0	  3.6	0.000	0.000	0.000
15	  N	  0.0	  3.6	0.000	0.000	0.000
16	  G	  0.0	  3.6	0.000	0.000	0.000
17	  V	  0.3	  1.3	0.000	0.000	0.000
18	  S	  0.2	  0.2	0.000	0.000	0.000
19	  D	  0.4	  0.2	0.104	0.000	0.000
20	  L	  0.2	  0.2	0.104	0.000	0.000
21	  E	  0.3	  0.1	0.104	0.000	0.000
22	  E	  0.1	  0.3	0.104	0.000	0.000
23	  A	  0.1	  0.3	0.104	0.000	0.000
24	  N	  0.1	  0.3	0.278	0.000	0.000
25	  D	  1.0	  0.2	0.174	0.000	0.000
26	  V	 18.6	  0.0	0.174	6.828	6.828
27	  T	 21.3	  0.0	0.362	7.058	7.058
28	  V	 23.9	  0.0	0.362	7.270	7.270
29	  I	  7.7	  0.0	0.362	7.270	7.270
30	  S	  4.8	  0.1	0.362	7.270	7.270
31	  A	  1.6	  0.1	0.362	3.987	3.987
32	  Q	  1.1	  0.1	0.362	0.977	0.977
33	  L	  1.2	  0.3	0.000	0.864	0.864
34	  S	  1.0	  1.9	0.467	0.000	0.000
35	  S	  0.4	  1.9	0.467	0.000	0.000
36	  D	  0.1	  2.0	0.676	0.000	0.000
37	  E	  0.1	  1.9	0.676	0.000	0.000
38	  L	  0.8	  0.1	0.676	0.000	0.000
39	  V	  1.0	  0.2	0.676	0.000	0.000
40	  S	  1.0	  0.1	0.676	0.000	0.000
41	  N	  0.3	  1.2	0.421	0.000	0.000
42	  E	  0.0	  1.2	0.000	0.000	0.000
43	  D	  1.3	  1.1	0.000	0.000	0.000
44	  I	  4.8	  1.1	0.000	0.000	0.000
45	  T	  6.4	  0.0	0.000	0.000	0.000
46	  T	  6.3	  0.0	0.000	0.000	0.000
47	  T	  4.7	  0.1	0.000	0.000	0.000
48	  H	  3.3	  0.1	0.000	0.000	0.000
49	  S	  2.6	  0.0	0.586	0.000	0.000
50	  I	  2.4	  0.0	0.586	0.000	0.000
51	  I	  3.0	  0.1	0.586	0.000	0.000
52	  E	  2.5	  0.3	0.586	0.000	0.000
53	  A	  0.9	  0.6	0.586	0.000	0.000
54	  G	  0.0	  0.6	0.586	0.000	0.000
55	  R	  0.4	  0.6	0.214	0.000	0.000
56	  H	  0.5	  0.6	0.000	0.000	0.000
57	  E	  0.5	  0.4	0.000	0.000	0.000
58	  S	  0.2	  0.4	2.331	0.000	0.000
59	  E	  0.3	  0.4	2.494	0.000	0.000
60	  Q	  0.7	  0.2	2.494	0.000	0.000
61	  K	  1.0	  0.2	2.494	0.000	0.000
62	  E	  0.8	  0.1	2.494	0.000	0.000
63	  K	  0.6	  0.2	2.494	0.000	0.000
64	  E	  0.6	  0.1	2.164	0.000	0.000
65	  K	  0.8	  0.1	1.857	0.000	0.000
66	  T	  0.8	  0.1	1.039	0.000	0.000
67	  E	 14.1	  0.0	1.039	0.000	0.000
68	  V	 16.3	  0.0	0.622	0.000	0.000
69	  K	 16.6	  0.0	0.622	0.000	0.000
70	  Y	  3.9	  0.1	0.258	0.000	0.000
71	  N	  1.1	  0.1	0.258	0.000	0.000
72	  N	  0.4	  8.5	0.000	0.000	0.000
73	  A	  0.0	 11.2	0.000	0.000	0.000
74	  N	  0.0	 11.1	0.000	0.000	0.000
75	  G	  0.0	 11.1	0.000	0.282	0.282
76	  Q	  0.6	  2.8	0.000	3.163	3.163
77	  L	  1.9	  0.0	0.000	71.429	71.429
78	  V	  5.6	  0.0	0.000	81.020	81.020
79	  V	  8.6	  0.0	0.000	81.791	81.791
80	  S	 15.0	  0.2	0.482	81.792	81.792
81	  F	 15.3	  0.2	0.482	81.926	81.926
82	  N	 13.3	  0.2	2.675	67.429	67.429
83	  I	  5.8	  0.2	2.675	66.988	66.988
84	  W	  4.0	  0.0	2.855	59.020	59.020
85	  N	  2.6	  0.0	3.145	24.650	24.650
86	  I	  3.2	  0.0	3.038	23.283	23.283
87	  L	  0.9	  0.1	3.038	16.537	16.537
88	  K	  0.8	  0.5	2.881	0.000	0.000
89	  K	  0.1	  0.5	2.174	0.000	0.000
90	  G	  0.0	  0.5	0.746	0.000	0.000
91	  A	  0.3	  0.4	0.000	0.737	0.737
92	  I	  4.3	  0.0	0.000	0.737	0.737
93	  N	  4.6	  0.0	0.000	0.737	0.737
94	  L	  8.2	  0.0	0.000	0.737	0.737
95	  V	  4.7	  0.0	0.000	0.737	0.737
96	  L	  4.3	  0.0	0.000	0.000	0.000
97	  P	  0.4	  0.0	0.000	0.000	0.000
98	  F	  1.2	  0.1	0.000	4.990	4.990
99	  I	  2.2	  3.7	0.000	5.188	5.188
100	  N	  2.2	  3.8	0.142	5.188	5.188
101	  G	  1.0	  3.8	0.308	5.398	5.398
102	  I	  3.2	  3.6	0.308	7.935	7.935
103	  M	  3.3	  0.3	0.308	7.570	7.570
104	  L	  3.4	  0.2	0.308	7.123	7.123
105	  G	  0.2	  0.5	0.308	4.356	4.356
106	  F	  0.2	  0.8	0.308	4.125	4.125
107	  G	  0.1	  0.6	0.114	0.323	0.323
108	  E	  0.6	  0.5	0.114	0.000	0.000
109	  I	  1.3	  0.3	0.114	0.117	0.117
110	  F	  1.7	  0.0	0.114	0.117	0.117
111	  A	  1.3	  0.0	0.114	0.117	0.117
112	  H	  1.7	  0.0	0.114	0.117	0.117
113	  E	  1.3	  0.0	0.000	0.117	0.117
114	  V	  1.4	  0.0	0.000	0.117	0.117
115	  G	  0.3	  0.0	0.000	0.117	0.117
116	  F	  1.5	  0.2	0.000	0.117	0.117
117	  K	  1.6	  0.2	0.000	0.117	0.117
118	  Y	  1.8	  0.2	0.000	0.117	0.117
119	  G	  0.4	  0.2	0.000	0.117	0.117
120	  F	  0.9	  0.1	0.000	0.117	0.117
121	  V	  0.8	  0.3	0.000	0.117	0.117
122	  G	  0.8	  0.3	0.000	0.000	0.000
123	  A	  0.4	  0.3	0.000	0.000	0.000
124	  R	  3.3	  0.2	0.000	0.000	0.000
125	  V	  3.3	  0.0	0.000	0.000	0.000
126	  Q	  3.0	  0.0	0.000	0.000	0.000
127	  P	  0.0	  0.2	0.000	0.000	0.000
128	  P	  0.0	  0.3	0.000	0.000	0.000
129	  R	  0.4	  0.3	0.000	0.000	0.000
130	  R	  1.0	  0.3	0.000	0.000	0.000
131	  Q	  1.7	  0.1	0.000	0.000	0.000
132	  V	  2.4	  0.0	0.000	0.000	0.000
133	  Q	  2.1	  0.0	0.000	0.000	0.000
134	  A	  1.4	  0.0	0.000	0.000	0.000
135	  Q	  0.4	  0.0	0.000	0.000	0.000
136	  A	  0.3	  0.1	0.000	0.000	0.000
137	  Q	  0.4	  0.1	0.000	0.000	0.000
138	  T	  3.5	  0.2	0.000	0.000	0.000
139	  K	  3.7	  0.3	0.000	0.000	0.000
140	  S	  3.6	  0.2	0.000	0.000	0.000
141	  R	  2.0	  0.2	0.000	0.000	0.000
142	  F	  1.8	  0.1	0.000	0.000	0.000
143	  I	  1.7	  0.0	0.000	0.000	0.000
