res	aa	Beta	Turn	Helix	Aggregation	Conc-Stab_Aggregation
01	  M	  3.8	  0.0	0.000	0.000	0.000
02	  T	 13.9	  0.0	0.000	0.252	0.252
03	  V	 15.9	  0.0	0.000	0.252	0.252
04	  T	 12.6	  0.0	0.000	0.252	0.252
05	  S	  6.7	  0.3	0.000	0.252	0.252
06	  L	  4.7	  0.3	0.000	0.252	0.252
07	  S	  4.5	  0.4	12.108	0.000	0.000
08	  Q	  0.5	  0.4	12.108	0.000	0.000
09	  E	  0.4	  0.2	12.108	0.000	0.000
10	  E	  0.4	  0.3	12.108	0.000	0.000
11	  K	  0.3	  0.3	12.108	0.000	0.000
12	  D	  0.2	  0.2	12.213	0.000	0.000
13	  A	  0.3	  0.2	10.620	0.000	0.000
14	  L	  0.7	  0.0	9.804	0.000	0.000
15	  I	  0.9	  0.0	8.002	0.000	0.000
16	  Y	  1.4	  0.0	7.783	0.000	0.000
17	  D	  1.0	  0.2	2.643	0.000	0.000
18	  A	  0.8	  0.3	1.150	0.000	0.000
19	  R	  0.1	  0.7	0.812	0.000	0.000
20	  E	  0.0	  2.4	0.230	0.000	0.000
21	  G	  0.0	  2.2	0.000	0.000	0.000
22	  D	  0.1	  2.9	0.906	0.000	0.000
23	  L	  1.3	  2.5	0.906	0.000	0.000
24	  D	  1.3	  0.9	1.514	0.000	0.000
25	  Y	  1.9	  0.8	1.514	0.131	0.131
26	  L	  0.8	  0.0	1.514	0.131	0.131
27	  K	  1.2	  0.0	1.514	0.131	0.131
28	  E	  2.2	  0.0	1.289	0.131	0.131
29	  V	  6.5	  0.0	1.093	4.766	4.766
30	  F	  7.4	  0.2	1.093	4.766	4.766
31	  S	  5.9	  0.2	0.322	4.635	4.635
32	  S	  2.5	  0.2	0.098	4.635	4.635
33	  I	  1.6	  0.2	0.000	4.635	4.635
34	  V	  1.4	  1.0	0.000	0.561	0.561
35	  P	  0.5	  1.3	0.000	0.249	0.249
36	  G	  0.0	  1.4	0.000	0.000	0.000
37	  S	  0.4	  1.4	0.000	0.000	0.000
38	  L	  0.5	  0.4	0.000	0.000	0.000
39	  L	  0.5	  0.2	0.000	0.000	0.000
40	  P	  0.1	  0.2	0.000	0.000	0.000
41	  T	  4.1	  0.2	0.000	0.000	0.000
42	  I	  4.2	  0.2	0.000	0.000	0.000
43	  Q	  4.2	  0.1	0.000	0.000	0.000
44	  D	  0.1	  2.6	0.354	0.000	0.000
45	  E	  0.2	  2.6	0.354	0.000	0.000
46	  N	  0.1	  2.6	0.354	0.000	0.000
47	  T	  5.6	  2.6	0.354	0.000	0.000
48	  L	  5.7	  0.1	0.354	0.000	0.000
49	  S	  5.7	  0.1	0.354	0.000	0.000
50	  T	  0.4	  0.0	0.000	0.000	0.000
51	  P	  0.1	  0.0	0.000	0.000	0.000
52	  I	  2.8	  0.0	0.000	0.000	0.000
53	  H	  3.1	  0.0	0.453	0.000	0.000
54	  M	  3.2	  0.0	0.453	0.000	0.000
55	  A	  0.5	  0.0	0.453	0.000	0.000
56	  A	  0.2	  0.8	0.453	0.000	0.000
57	  A	  0.1	  2.5	0.453	0.000	0.000
58	  N	  0.0	  2.5	0.453	0.000	0.000
59	  G	  0.0	  2.5	0.113	0.000	0.000
60	  H	  1.7	  1.7	0.192	0.712	0.712
61	  V	 18.8	  0.0	0.479	28.552	28.552
62	  E	 19.2	  0.0	1.438	30.814	30.814
63	  V	 19.9	  0.0	1.584	30.814	30.814
64	  V	  5.2	  0.0	1.696	30.814	30.814
65	  K	  4.8	  0.0	1.696	30.814	30.814
66	  Y	  3.3	  0.0	1.696	32.343	32.343
67	  L	  1.3	  0.0	1.696	31.948	31.948
68	  L	  2.7	  0.0	1.696	29.486	29.486
69	  S	  2.4	  0.0	1.696	14.887	14.887
70	  L	  2.1	  0.0	1.374	13.112	13.112
71	  L	  0.5	  0.2	1.240	1.234	1.234
72	  P	  0.1	  0.5	1.602	1.092	1.092
73	  K	  0.0	  0.5	1.720	0.000	0.000
74	  D	  0.0	  0.6	6.813	0.000	0.000
75	  E	  0.1	  0.4	7.275	0.000	0.000
76	  A	  0.1	  0.2	7.442	0.000	0.000
77	  E	  0.1	  0.2	7.442	0.000	0.000
78	  K	  0.4	  0.1	7.442	0.000	0.000
79	  L	  0.5	  0.2	7.304	0.000	0.000
80	  A	  0.5	  0.2	6.668	0.000	0.000
81	  S	  0.5	  0.2	5.892	0.000	0.000
82	  R	  1.6	  0.4	2.789	0.000	0.000
83	  Q	  1.5	  0.3	0.820	0.000	0.000
84	  N	  1.3	  4.1	0.189	0.000	0.000
85	  E	  0.1	  4.1	0.000	0.000	0.000
86	  S	  0.1	  8.6	0.128	0.000	0.000
87	  G	  0.1	  8.6	0.128	0.000	0.000
88	  N	  0.1	  4.7	0.241	0.000	0.000
89	  T	  0.5	  4.6	0.433	0.000	0.000
90	  A	  0.7	  0.0	0.433	0.000	0.000
91	  L	  1.8	  0.0	0.433	0.106	0.106
92	  H	  2.4	  0.0	1.053	0.106	0.106
93	  W	  2.5	  0.0	1.053	0.106	0.106
94	  A	  1.5	  0.0	1.053	0.106	0.106
95	  A	  0.7	  0.2	1.053	0.106	0.106
96	  Y	  0.8	  6.6	1.053	0.106	0.106
97	  N	  0.7	  6.7	1.053	0.000	0.000
98	  G	  0.5	  6.7	0.295	0.000	0.000
99	  H	  0.5	  6.5	0.113	0.000	0.000
100	  L	  2.1	  0.1	0.000	0.000	0.000
101	  K	  2.9	  0.0	0.000	0.000	0.000
102	  V	  3.3	  0.0	0.000	0.307	0.307
103	  C	  3.0	  0.1	0.000	0.307	0.307
104	  Q	  2.7	  0.1	0.000	0.307	0.307
105	  L	  2.1	  0.1	0.000	0.307	0.307
106	  L	  1.0	  0.1	0.000	0.307	0.307
107	  T	  0.9	  0.1	0.000	0.307	0.307
108	  Q	  1.0	  0.1	0.000	0.000	0.000
109	  E	  2.7	  0.1	0.000	0.000	0.000
110	  Y	  6.9	  0.0	0.000	0.000	0.000
111	  N	  7.7	  0.2	0.143	0.000	0.000
112	  V	 13.7	  0.2	0.143	0.386	0.386
113	  D	 11.0	  0.2	0.143	0.386	0.386
114	  V	 12.1	  0.2	0.143	0.386	0.386
115	  Y	  5.6	  0.0	0.143	0.386	0.386
116	  I	  3.5	  0.3	0.143	0.386	0.386
117	  K	  1.3	  1.6	0.143	0.386	0.386
118	  N	  0.3	  2.5	0.000	0.000	0.000
119	  G	  0.0	  2.9	0.000	0.000	0.000
120	  S	  0.0	  2.8	0.000	0.000	0.000
121	  G	  0.1	  1.6	0.000	0.000	0.000
122	  H	  0.1	  0.8	0.000	0.000	0.000
123	  D	  0.1	  0.3	1.171	0.000	0.000
124	  A	  0.3	  0.1	1.293	0.000	0.000
125	  I	  1.1	  0.0	1.565	0.000	0.000
126	  Y	  3.2	  0.0	3.061	0.000	0.000
127	  E	  3.0	  0.0	3.061	0.000	0.000
128	  A	  2.3	  0.1	3.061	0.000	0.000
129	  E	  0.2	  0.3	3.061	0.000	0.000
130	  A	  0.1	  0.3	2.932	0.000	0.000
131	  N	  0.1	  0.3	3.039	0.000	0.000
132	  N	  0.2	  0.4	4.302	0.000	0.000
133	  Q	  0.2	  0.2	3.516	0.000	0.000
134	  E	  0.2	  0.1	3.167	0.000	0.000
135	  E	  2.0	  0.1	3.667	0.000	0.000
136	  V	  2.9	  0.3	3.667	0.000	0.000
137	  E	  3.0	  0.3	3.951	0.000	0.000
138	  N	  1.0	  0.3	7.433	0.000	0.000
139	  W	  0.5	  0.3	7.417	0.384	0.384
140	  L	  0.6	  0.0	7.178	0.594	0.594
141	  L	  1.9	  0.0	7.043	0.594	0.594
142	  K	  1.8	  0.0	6.834	0.594	0.594
143	  M	  1.9	  0.0	6.037	0.594	0.594
144	  F	  1.5	  0.0	4.465	0.594	0.594
145	  A	  1.4	  0.0	0.937	0.594	0.594
146	  I	  1.1	  0.1	0.440	0.594	0.594
147	  E	  0.3	  0.2	0.440	0.594	0.594
148	  D	  0.1	  0.2	0.100	0.000	0.000
149	  N	  2.1	  0.2	0.100	0.000	0.000
150	  V	 17.8	  0.1	0.100	0.000	0.000
151	  K	 23.7	  0.0	0.100	0.000	0.000
152	  V	 22.2	  0.0	0.100	0.000	0.000
153	  E	  8.4	  0.1	0.100	0.000	0.000
154	  E	  0.6	  0.4	0.000	0.000	0.000
155	  K	  0.2	  0.5	0.000	0.000	0.000
156	  G	  0.0	  0.7	0.000	0.000	0.000
157	  E	  0.1	  0.7	0.000	0.000	0.000
158	  D	  0.2	  0.4	0.000	0.000	0.000
159	  T	  1.4	  0.3	0.000	0.000	0.000
160	  K	  5.1	  0.0	0.000	0.000	0.000
161	  V	 11.9	  0.0	0.000	0.000	0.000
162	  T	 36.2	  0.0	0.000	0.000	0.000
163	  Y	 32.9	  0.0	0.000	0.000	0.000
164	  T	 26.7	  1.7	0.000	0.000	0.000
165	  P	  0.5	  1.7	0.000	0.000	0.000
166	  G	  0.0	  1.8	0.000	0.000	0.000
167	  K	  0.1	  1.9	0.000	0.000	0.000
168	  E	  0.5	  0.2	0.000	0.000	0.000
169	  S	  0.9	  0.3	0.654	0.000	0.000
170	  K	  1.0	  0.3	0.654	0.000	0.000
171	  E	  0.7	  0.2	0.654	0.000	0.000
172	  L	  0.2	  0.2	0.654	0.000	0.000
173	  E	  0.2	  0.1	0.928	0.000	0.000
174	  E	  0.1	  0.1	1.531	0.000	0.000
175	  Q	  0.2	  0.1	1.441	0.000	0.000
176	  A	  0.3	  0.1	1.145	0.000	0.000
177	  Q	  0.2	  0.1	1.262	0.000	0.000
178	  E	  0.1	  0.1	1.112	0.000	0.000
179	  A	  0.7	  0.1	1.112	0.000	0.000
180	  V	  1.4	  0.0	1.112	0.000	0.000
181	  K	  1.4	  0.0	1.112	0.000	0.000
182	  K	  0.8	  0.2	0.593	0.000	0.000
183	  A	  0.2	  0.2	0.166	0.000	0.000
184	  S	  0.2	  0.3	0.288	0.000	0.000
185	  E	  0.2	  0.3	0.288	0.000	0.000
186	  E	  0.3	  0.2	0.288	0.000	0.000
187	  K	  0.4	  0.2	0.288	0.000	0.000
188	  Q	  0.6	  0.1	0.288	0.000	0.000
189	  Q	  2.1	  0.1	0.288	0.000	0.000
190	  M	  2.1	  0.1	0.116	0.000	0.000
191	  E	  1.8	  0.0	0.000	0.000	0.000
192	  A	  0.8	  0.0	0.000	0.000	0.000
193	  V	  0.9	  0.1	0.000	0.000	0.000
194	  S	  1.1	  0.8	0.814	0.000	0.000
195	  E	  0.7	  0.8	0.814	0.000	0.000
196	  S	  0.5	  0.8	1.284	0.000	0.000
197	  T	  0.6	  0.9	1.438	0.000	0.000
198	  E	  0.5	  0.2	1.438	0.000	0.000
199	  K	  0.7	  0.1	1.438	0.000	0.000
200	  L	  2.1	  0.1	1.119	0.000	0.000
201	  S	  2.4	  0.0	0.971	0.000	0.000
202	  I	  2.2	  0.0	0.488	0.000	0.000
203	  Q	  0.7	  0.2	0.488	0.000	0.000
204	  K	  0.3	  0.2	0.000	0.000	0.000
205	  D	  0.1	  2.0	0.406	0.000	0.000
206	  E	  0.1	  2.0	0.406	0.000	0.000
207	  S	  0.2	  1.9	0.406	0.000	0.000
208	  S	  3.0	  2.6	0.406	0.000	0.000
209	  L	  3.3	  0.9	0.406	0.000	0.000
210	  N	  3.3	  0.8	0.406	0.000	0.000
211	  S	  0.5	  0.7	0.173	0.000	0.000
212	  N	  0.1	  0.0	0.000	0.000	0.000
