res	aa	Beta	Turn	Helix	Aggregation	Conc-Stab_Aggregation
01	  M	  0.4	  0.0	0.000	0.000	0.000
02	  A	  0.9	  0.0	0.000	0.233	0.233
03	  V	  3.5	  0.0	0.000	0.233	0.233
04	  W	  3.9	  0.1	0.000	0.233	0.233
05	  N	  3.9	  0.1	0.000	0.233	0.233
06	  S	  2.7	  0.1	0.000	0.233	0.233
07	  C	  2.3	  0.4	0.000	0.233	0.233
08	  V	  1.9	  1.1	0.000	0.233	0.233
09	  G	  0.5	  1.4	0.000	0.000	0.000
10	  S	  0.1	  1.4	0.000	0.000	0.000
11	  D	  1.3	  1.0	0.000	0.000	0.000
12	  V	  3.5	  0.3	0.000	0.000	0.000
13	  K	  3.8	  0.0	0.000	0.000	0.000
14	  A	  2.6	  0.0	0.000	0.000	0.000
15	  V	  0.5	  0.0	0.000	0.000	0.000
16	  P	  0.1	  0.0	0.000	0.000	0.000
17	  A	  0.7	  0.0	0.000	0.000	0.000
18	  V	  1.2	  0.0	0.000	0.000	0.000
19	  K	  1.3	  0.0	0.000	0.000	0.000
20	  K	  2.1	  0.0	0.000	0.000	0.000
21	  V	  4.0	  0.0	0.000	0.000	0.000
22	  V	 19.1	  0.0	0.000	0.000	0.000
23	  K	 23.5	  0.0	0.000	0.000	0.000
24	  V	 22.5	  0.0	0.000	0.000	0.000
25	  E	  9.0	  0.0	0.000	0.000	0.000
26	  R	  1.5	  0.0	0.000	0.000	0.000
27	  A	  0.5	  0.0	0.000	0.000	0.000
28	  T	  1.0	  0.1	0.000	0.000	0.000
29	  K	  0.9	  0.3	0.000	0.000	0.000
30	  E	  0.7	  0.3	0.000	0.000	0.000
31	  N	  1.0	  0.3	0.000	0.000	0.000
32	  V	  1.4	  0.2	0.000	0.000	0.000
33	  A	  1.3	  0.1	0.000	0.000	0.000
34	  P	  0.4	  0.1	0.000	0.000	0.000
35	  Y	  2.5	  0.1	0.000	0.000	0.000
36	  V	  3.9	  0.1	0.000	0.000	0.000
37	  A	  4.0	  0.0	0.000	0.000	0.000
38	  Q	  1.8	  0.0	0.000	0.000	0.000
39	  K	  2.4	  0.0	0.000	0.000	0.000
40	  M	  6.1	  0.0	0.000	0.000	0.000
41	  T	  8.1	  0.0	0.159	0.000	0.000
42	  W	  6.4	  0.1	0.159	0.000	0.000
43	  A	  2.9	  0.1	0.159	0.000	0.000
44	  K	  2.3	  0.1	0.159	0.000	0.000
45	  V	  4.7	  0.1	0.159	0.000	0.000
46	  V	  6.5	  0.0	0.159	0.000	0.000
47	  K	  5.3	  0.0	0.159	0.000	0.000
48	  A	  2.6	  0.0	0.000	0.000	0.000
49	  T	  0.6	  0.0	0.000	0.000	0.000
50	  E	  0.1	  0.0	0.000	0.000	0.000
51	  P	  0.0	  0.0	0.000	0.000	0.000
52	  V	  1.5	  0.0	0.000	0.000	0.000
53	  K	  2.4	  0.0	0.000	0.000	0.000
54	  T	  5.0	  0.1	0.000	0.000	0.000
55	  T	  4.2	  0.1	0.000	0.000	0.000
56	  K	  3.3	  0.2	0.000	0.000	0.000
57	  E	  0.7	  0.2	0.000	0.000	0.000
58	  S	  0.2	  1.3	0.566	0.000	0.000
59	  E	  0.2	  1.2	0.688	0.000	0.000
60	  S	  0.3	  1.1	0.688	0.000	0.000
61	  A	  0.2	  1.1	0.688	0.000	0.000
62	  A	  0.3	  0.0	0.688	0.000	0.000
63	  A	  0.2	  0.0	0.688	0.000	0.000
64	  S	  0.2	  0.4	0.611	0.000	0.000
65	  P	  0.0	  0.7	0.125	0.000	0.000
66	  K	  0.1	  0.7	0.125	0.000	0.000
67	  N	  0.3	  0.7	0.125	0.000	0.000
68	  L	  1.4	  0.3	0.125	0.000	0.000
69	  V	  2.3	  0.0	0.125	0.000	0.000
70	  H	  2.2	  0.1	0.125	0.000	0.000
71	  K	  1.3	  0.1	0.000	0.000	0.000
72	  H	  0.5	  0.1	0.000	0.000	0.000
73	  S	 10.4	  0.3	0.000	0.000	0.000
74	  V	 10.6	  0.5	0.000	0.000	0.000
75	  S	 10.4	  3.7	0.000	0.000	0.000
76	  N	  0.3	  3.8	0.000	0.000	0.000
77	  G	  0.0	  3.7	0.000	0.000	0.000
78	  K	  0.1	  3.4	0.000	0.000	0.000
79	  E	  0.4	  0.2	0.000	0.000	0.000
80	  L	  0.6	  0.3	0.000	0.000	0.000
81	  Q	  0.5	  0.2	0.123	0.000	0.000
82	  D	  0.2	  1.2	0.848	0.000	0.000
83	  A	  0.5	  1.2	0.848	0.000	0.000
84	  S	  0.9	  1.2	0.848	0.000	0.000
85	  L	  1.0	  2.3	0.848	0.000	0.000
86	  K	  0.6	  1.4	0.848	0.000	0.000
87	  G	  0.1	  1.6	0.724	0.000	0.000
88	  K	  0.1	  1.6	0.414	0.000	0.000
89	  S	  0.1	  0.5	0.000	0.000	0.000
90	  N	  0.2	  0.4	0.000	0.000	0.000
91	  L	  0.5	  0.3	0.000	0.000	0.000
92	  Q	  0.8	  0.1	0.000	0.000	0.000
93	  S	  1.2	  0.1	0.000	0.000	0.000
94	  V	  2.0	  0.2	0.000	0.740	0.740
95	  A	  1.7	  0.2	0.000	0.740	0.740
96	  T	  1.1	  0.3	0.000	0.740	0.740
97	  G	  0.2	  0.3	0.000	0.740	0.740
98	  V	  3.1	  0.1	0.000	0.740	0.740
99	  T	  3.1	  0.0	0.000	0.278	0.278
100	  N	  3.0	  0.2	0.000	0.000	0.000
101	  P	  0.0	  0.2	0.000	0.000	0.000
102	  A	  0.0	  0.3	0.000	0.000	0.000
103	  R	  0.1	  0.3	0.000	0.000	0.000
104	  T	  6.6	  0.1	0.000	0.000	0.000
105	  C	 12.1	  0.1	0.000	0.000	0.000
106	  T	 12.3	  0.0	0.000	0.000	0.000
107	  A	  6.2	  0.3	0.000	0.000	0.000
108	  A	  0.3	  0.3	0.000	0.000	0.000
109	  D	  0.1	  1.0	0.000	0.000	0.000
110	  T	  0.1	  1.0	0.000	0.000	0.000
111	  N	  0.1	  0.9	1.357	0.000	0.000
112	  E	  0.1	  1.1	1.357	0.000	0.000
113	  A	  0.1	  0.4	1.357	0.000	0.000
114	  D	  0.1	  0.4	1.357	0.000	0.000
115	  K	  0.2	  0.4	1.357	0.000	0.000
116	  E	  0.7	  0.1	1.357	0.000	0.000
117	  F	  2.7	  0.1	0.897	0.000	0.000
118	  F	  2.7	  0.0	0.183	0.000	0.000
119	  L	  2.2	  0.4	0.000	0.000	0.000
120	  P	  0.1	  0.7	0.000	0.000	0.000
121	  S	  0.0	  0.7	0.000	0.000	0.000
122	  D	  0.7	  0.7	0.000	0.000	0.000
123	  F	 12.8	  0.3	0.000	1.122	1.122
124	  T	 18.6	  0.0	0.000	1.122	1.122
125	  F	 19.0	  0.0	0.000	1.398	1.398
126	  F	  7.5	  0.6	0.000	1.398	1.398
127	  K	  1.5	  0.6	0.000	1.398	1.398
128	  D	  0.4	  0.6	0.498	1.398	1.398
129	  L	  0.5	  0.6	0.498	1.398	1.398
130	  L	  0.5	  0.1	0.498	1.179	1.179
131	  S	  0.5	  0.2	0.620	0.486	0.486
132	  E	  0.3	  0.3	0.620	0.000	0.000
133	  K	  0.3	  0.3	0.620	0.000	0.000
134	  N	  0.4	  0.3	0.233	0.000	0.000
135	  H	  0.5	  0.4	0.123	0.000	0.000
136	  K	  1.0	  0.2	0.123	0.000	0.000
137	  T	  7.5	  0.2	0.000	0.000	0.000
138	  Y	  7.4	  0.2	0.000	0.000	0.000
139	  L	  6.8	  0.0	0.000	0.000	0.000
140	  P	  0.2	  0.1	0.000	0.000	0.000
141	  V	  1.9	  0.1	0.000	4.225	4.225
142	  D	  2.8	  0.1	0.457	4.574	4.574
143	  F	  4.0	  0.1	0.457	4.574	4.574
144	  F	  3.5	  0.0	0.457	4.574	4.574
145	  K	  3.5	  0.0	0.457	4.574	4.574
146	  F	  3.0	  0.0	0.457	4.574	4.574
147	  K	  1.8	  0.0	0.457	0.000	0.000
148	  E	  1.0	  0.0	0.349	0.000	0.000
149	  W	  0.7	  0.0	0.349	0.000	0.000
150	  A	  0.6	  0.1	0.349	0.000	0.000
151	  R	  0.4	  0.5	0.221	0.000	0.000
152	  E	  0.1	  0.6	0.000	0.000	0.000
153	  D	  0.1	  1.4	0.219	0.000	0.000
154	  E	  0.0	  1.3	0.219	0.000	0.000
155	  S	  5.6	  1.3	0.219	0.000	0.000
156	  L	  7.6	  1.2	0.219	0.000	0.000
157	  S	  8.6	  0.4	0.219	0.000	0.000
158	  Y	  3.5	  0.4	0.219	0.000	0.000
159	  L	  1.2	  0.2	0.000	0.000	0.000
160	  P	  0.1	  0.6	0.000	0.000	0.000
161	  K	  0.1	  0.6	0.000	0.000	0.000
162	  D	  1.0	  0.6	0.000	0.000	0.000
163	  F	  2.3	  0.4	0.000	0.000	0.000
164	  Y	  4.4	  0.0	0.000	0.000	0.000
165	  K	  3.5	  0.0	0.000	0.000	0.000
166	  Y	  2.3	  0.2	0.000	0.000	0.000
167	  P	  0.1	  0.2	0.000	0.000	0.000
168	  E	  0.1	  0.2	0.000	0.000	0.000
169	  W	  1.0	  0.2	0.000	0.000	0.000
170	  V	  1.3	  0.0	0.000	0.000	0.000
171	  S	  1.3	  1.6	0.000	0.000	0.000
172	  E	  0.4	  1.6	0.000	0.000	0.000
173	  N	  1.5	  2.1	0.203	0.000	0.000
174	  V	  2.3	  2.1	0.203	2.007	2.007
175	  N	  2.3	  0.5	0.203	2.007	2.007
176	  A	  1.4	  0.5	0.203	2.382	2.382
177	  V	  3.9	  0.0	0.203	2.382	2.382
178	  F	  3.9	  0.0	0.203	2.382	2.382
179	  Y	  3.4	  0.2	0.000	0.599	0.599
180	  P	  0.2	  0.6	0.000	0.375	0.375
181	  K	  0.1	  0.6	0.000	0.000	0.000
182	  D	  1.0	  0.6	0.000	0.000	0.000
183	  F	  2.2	  0.4	0.000	0.000	0.000
184	  Y	  3.5	  0.0	0.000	0.000	0.000
185	  K	  3.4	  0.0	0.000	0.000	0.000
186	  Y	  3.5	  0.2	0.000	0.000	0.000
187	  Q	  2.6	  0.2	0.000	0.000	0.000
188	  D	  2.0	  0.2	0.000	0.000	0.000
189	  W	  0.8	  0.3	0.000	0.000	0.000
190	  I	  0.4	  0.4	0.000	0.000	0.000
191	  G	  0.1	  0.9	0.000	0.000	0.000
192	  E	  0.1	  1.1	0.000	0.000	0.000
193	  D	  0.0	  3.3	0.530	0.000	0.000
194	  D	  0.0	  3.0	0.946	0.000	0.000
195	  N	  0.1	  2.4	0.946	0.000	0.000
196	  A	  0.3	  2.3	0.946	0.000	0.000
197	  I	  2.0	  0.0	0.946	0.000	0.000
198	  F	  2.0	  0.0	0.946	0.000	0.000
199	  F	  1.8	  0.4	0.711	0.000	0.000
200	  P	  0.2	  0.5	0.000	0.000	0.000
201	  T	  0.4	  0.5	0.278	0.000	0.000
202	  D	  1.3	  0.5	0.656	0.000	0.000
203	  F	  2.5	  0.1	0.656	0.000	0.000
204	  Y	  3.5	  0.0	0.656	0.000	0.000
205	  K	  3.5	  0.0	0.656	0.000	0.000
206	  Y	  3.0	  0.0	0.656	0.000	0.000
207	  K	  1.8	  0.0	0.505	0.000	0.000
208	  E	  2.4	  0.0	0.249	0.000	0.000
209	  W	  2.7	  0.0	0.131	0.000	0.000
210	  T	  2.9	  0.0	0.000	0.000	0.000
211	  T	  1.2	  0.1	0.000	0.000	0.000
212	  E	  0.4	  0.3	0.000	0.000	0.000
213	  E	  0.1	  0.3	0.000	0.000	0.000
214	  N	  0.4	  0.3	0.146	0.000	0.000
215	  S	  0.8	  0.2	0.146	0.000	0.000
216	  I	  2.1	  0.0	0.146	0.316	0.316
217	  C	  3.4	  0.0	0.146	0.316	0.316
218	  F	  3.1	  0.0	0.146	0.316	0.316
219	  F	  1.8	  0.2	0.146	0.316	0.316
220	  P	  0.2	  0.6	0.000	0.316	0.316
221	  K	  0.1	  0.6	0.000	0.000	0.000
222	  D	  1.0	  0.6	0.000	0.000	0.000
223	  F	  2.2	  0.4	0.000	0.000	0.000
224	  F	  3.5	  0.0	0.000	0.000	0.000
225	  K	  3.4	  0.0	0.000	0.000	0.000
226	  Y	  3.5	  0.2	0.000	0.000	0.000
227	  Q	  2.6	  0.2	0.000	0.000	0.000
228	  D	  2.2	  0.2	0.000	0.000	0.000
229	  W	  1.6	  0.2	0.000	0.000	0.000
230	  T	  1.4	  0.1	0.000	0.000	0.000
231	  E	  0.9	  0.1	0.000	0.000	0.000
232	  F	  0.5	  0.1	0.000	0.164	0.164
233	  G	  0.4	  0.1	0.150	0.164	0.164
234	  Y	  1.2	  0.2	0.150	0.164	0.164
235	  A	  1.6	  0.2	0.150	0.164	0.164
236	  S	  2.5	  0.2	0.150	0.164	0.164
237	  F	  1.8	  0.2	0.150	0.164	0.164
238	  L	  1.3	  0.1	0.150	0.000	0.000
239	  P	  0.2	  0.2	0.000	0.000	0.000
240	  C	  0.4	  0.2	0.000	0.000	0.000
241	  D	  1.4	  0.2	0.108	0.000	0.000
242	  F	  2.6	  0.1	0.108	0.000	0.000
243	  F	  3.5	  0.0	0.108	0.000	0.000
244	  K	  3.6	  0.0	0.108	0.000	0.000
245	  Y	  2.8	  0.3	0.108	0.000	0.000
246	  K	  1.5	  0.3	0.108	0.000	0.000
247	  D	  0.7	  0.3	0.380	0.000	0.000
248	  W	  1.2	  0.3	0.490	0.000	0.000
249	  V	  1.6	  0.0	0.490	0.000	0.000
250	  R	  1.4	  0.1	0.490	0.000	0.000
251	  E	  0.6	  0.1	0.490	0.000	0.000
252	  K	  0.3	  0.2	0.490	0.000	0.000
253	  E	  0.3	  0.2	0.372	0.000	0.000
254	  E	  0.3	  0.3	0.372	0.000	0.000
255	  S	  0.4	  0.2	0.130	0.000	0.000
256	  S	  1.4	  0.2	0.000	0.000	0.000
257	  F	  1.5	  0.1	0.000	0.000	0.000
258	  L	  1.3	  0.1	0.000	0.000	0.000
259	  P	  0.2	  0.2	0.000	0.000	0.000
260	  C	  0.4	  0.2	0.000	0.000	0.000
261	  D	  1.4	  0.2	0.106	0.000	0.000
262	  F	  2.6	  0.1	0.106	0.000	0.000
263	  F	  3.5	  0.0	0.106	0.000	0.000
264	  K	  3.5	  0.0	0.106	0.000	0.000
265	  Y	  3.0	  0.0	0.106	0.000	0.000
266	  K	  1.8	  0.0	0.106	0.000	0.000
267	  E	  2.4	  0.0	0.000	0.000	0.000
268	  W	  3.5	  0.0	0.000	0.000	0.000
269	  T	  3.5	  0.1	0.000	0.000	0.000
270	  S	  1.9	  0.2	0.000	0.000	0.000
271	  E	  0.7	  0.2	0.000	0.000	0.000
272	  K	  1.0	  0.2	0.000	0.000	0.000
273	  H	  1.9	  0.2	0.000	0.000	0.000
274	  T	  4.7	  0.2	0.000	0.000	0.000
275	  K	  4.6	  0.2	0.000	0.000	0.000
276	  S	  4.7	  0.2	0.000	0.000	0.000
277	  F	  1.6	  0.2	0.000	0.000	0.000
278	  L	  1.2	  0.1	0.000	0.000	0.000
279	  P	  0.2	  0.2	0.000	0.000	0.000
280	  C	  0.4	  0.2	0.000	0.000	0.000
281	  D	  1.3	  0.2	0.217	0.000	0.000
282	  F	  2.6	  0.1	0.217	0.000	0.000
283	  F	  3.5	  0.0	0.359	0.000	0.000
284	  K	  3.4	  0.0	0.559	0.000	0.000
285	  Y	  3.5	  0.2	0.559	0.000	0.000
286	  Q	  2.5	  0.2	0.559	0.000	0.000
287	  D	  2.2	  0.2	0.669	0.000	0.000
288	  W	  2.1	  0.3	0.669	0.000	0.000
289	  T	  1.9	  0.1	0.669	0.000	0.000
290	  N	  1.4	  0.2	0.669	0.000	0.000
291	  K	  0.3	  0.3	0.669	0.000	0.000
292	  K	  0.1	  0.6	0.110	0.000	0.000
293	  K	  0.1	  0.7	0.000	0.000	0.000
294	  D	  0.2	  0.5	0.000	0.000	0.000
295	  S	  0.5	  0.5	0.000	0.000	0.000
296	  I	  3.3	  0.1	0.000	0.000	0.000
297	  F	  3.2	  0.0	0.000	0.000	0.000
298	  L	  3.0	  0.4	0.000	0.000	0.000
299	  P	  0.1	  0.7	0.000	0.000	0.000
300	  S	  0.0	  0.7	0.000	0.000	0.000
301	  D	  0.7	  0.7	0.151	0.000	0.000
302	  F	  1.6	  0.3	0.151	1.475	1.475
303	  F	 13.3	  0.0	0.151	1.475	1.475
304	  T	 24.6	  0.0	0.526	1.475	1.475
305	  Y	 24.2	  0.0	0.526	1.475	1.475
306	  K	 13.4	  0.0	0.526	1.475	1.475
307	  E	  0.9	  0.0	0.376	1.475	1.475
308	  W	  0.9	  0.0	0.376	1.475	1.475
309	  V	  1.2	  0.0	0.376	1.323	1.323
310	  S	  1.2	  0.1	0.376	0.546	0.546
311	  E	  0.5	  0.1	0.130	0.000	0.000
312	  K	  1.0	  0.1	0.130	0.000	0.000
313	  V	  1.9	  0.1	0.000	0.000	0.000
314	  C	  2.5	  0.3	0.000	0.000	0.000
315	  S	  1.9	  0.3	0.000	0.000	0.000
316	  S	  2.0	  0.3	0.000	0.000	0.000
317	  F	  1.5	  0.3	0.000	0.000	0.000
318	  L	  1.2	  0.1	0.000	0.000	0.000
319	  P	  0.2	  0.2	0.000	0.000	0.000
320	  C	  0.4	  0.2	0.000	0.000	0.000
321	  D	  1.4	  0.2	0.107	0.000	0.000
322	  F	  2.6	  0.1	0.107	0.000	0.000
323	  F	  3.5	  0.0	0.107	0.000	0.000
324	  K	  3.5	  0.0	0.107	0.000	0.000
325	  Y	  3.0	  0.0	0.107	0.000	0.000
326	  K	  1.8	  0.0	0.107	0.000	0.000
327	  E	  2.4	  0.0	0.000	0.000	0.000
328	  W	  2.9	  0.1	0.000	0.000	0.000
329	  T	  2.8	  0.1	0.000	0.000	0.000
330	  N	  1.2	  0.2	0.000	0.000	0.000
331	  E	  0.3	  0.4	0.000	0.000	0.000
332	  K	  0.2	  0.7	0.000	0.000	0.000
333	  D	  0.2	  1.7	0.000	0.000	0.000
334	  D	  0.1	  4.2	0.000	0.000	0.000
335	  S	  0.7	  4.1	0.000	0.000	0.000
336	  S	  3.1	  3.8	0.000	0.000	0.000
337	  C	  3.2	  2.7	0.000	0.000	0.000
338	  L	  2.6	  0.1	0.000	0.000	0.000
339	  P	  0.2	  0.0	0.000	0.000	0.000
340	  C	  0.4	  0.0	0.000	0.000	0.000
341	  A	  0.6	  0.0	0.000	0.000	0.000
342	  F	  1.9	  0.0	0.000	0.000	0.000
343	  F	  2.9	  0.0	0.000	0.000	0.000
344	  K	  3.6	  0.0	0.000	0.000	0.000
345	  Y	  3.0	  0.0	0.000	0.000	0.000
346	  K	  1.8	  0.0	0.000	0.000	0.000
347	  E	  2.4	  0.0	0.000	0.000	0.000
348	  W	  3.5	  0.0	0.000	0.000	0.000
349	  T	  3.5	  0.1	0.278	0.000	0.000
350	  S	  1.9	  0.2	0.278	0.000	0.000
351	  E	  0.6	  0.2	0.278	0.000	0.000
352	  K	  0.6	  0.2	0.278	0.000	0.000
353	  K	  0.6	  0.1	0.278	0.000	0.000
354	  R	  0.2	  0.3	0.278	0.000	0.000
355	  P	  0.1	  0.3	0.000	0.000	0.000
356	  T	  6.8	  0.3	0.000	0.000	0.000
357	  F	  6.9	  0.3	0.000	0.000	0.000
358	  L	  6.9	  0.2	0.000	0.000	0.000
359	  P	  0.1	  0.4	0.000	0.000	0.000
360	  R	  0.2	  0.4	0.000	0.000	0.000
361	  D	  1.1	  0.4	0.929	0.000	0.000
362	  F	  3.0	  0.4	0.929	2.336	2.336
363	  F	  4.5	  0.1	0.929	2.336	2.336
364	  N	  4.1	  0.1	2.127	2.336	2.336
365	  M	  2.4	  0.1	2.127	2.336	2.336
366	  W	  1.4	  0.0	2.238	2.336	2.336
367	  K	  2.4	  0.0	2.238	0.000	0.000
368	  L	  2.3	  0.2	2.018	0.000	0.000
369	  E	  1.6	  0.2	1.831	0.000	0.000
370	  R	  0.2	  0.3	1.179	0.000	0.000
371	  G	  0.1	  0.3	0.613	0.000	0.000
372	  N	  3.1	  0.1	0.656	0.000	0.000
373	  V	  3.7	  0.1	0.510	0.000	0.000
374	  R	  3.9	  0.0	0.510	0.000	0.000
375	  T	  3.2	  0.1	0.510	0.000	0.000
376	  T	  4.3	  0.1	0.842	0.000	0.000
377	  Q	  4.2	  0.1	0.842	0.000	0.000
378	  K	  2.1	  0.1	0.536	0.000	0.000
379	  K	  0.4	  0.2	0.333	0.000	0.000
380	  E	  0.6	  0.1	0.333	0.000	0.000
381	  L	  2.0	  0.1	0.333	0.000	0.000
382	  Q	  6.1	  0.0	0.333	0.000	0.000
383	  F	  6.2	  0.0	0.170	0.000	0.000
384	  S	  4.7	  0.3	0.000	0.000	0.000
385	  P	  0.4	  0.3	0.000	0.000	0.000
386	  E	  0.0	  0.3	0.000	0.000	0.000
387	  Q	  1.9	  0.3	0.000	0.000	0.000
388	  I	  4.3	  0.1	0.000	0.000	0.000
389	  T	  5.2	  0.0	0.000	0.000	0.000
390	  S	  4.4	  0.0	0.000	0.000	0.000
391	  V	  2.4	  0.0	0.000	0.000	0.000
392	  L	  1.6	  0.0	0.000	0.000	0.000
393	  P	  0.5	  0.0	0.000	0.000	0.000
394	  C	  0.1	  0.5	0.000	0.000	0.000
395	  P	  0.0	  0.6	0.000	0.000	0.000
396	  E	  0.1	  0.6	0.000	0.000	0.000
397	  F	  0.3	  0.6	0.000	6.921	6.921
398	  G	  0.4	  0.1	0.616	7.456	7.456
399	  F	  1.4	  0.1	0.616	8.513	8.513
400	  D	  1.4	  0.1	1.275	8.513	8.513
401	  L	  1.8	  0.1	1.275	8.513	8.513
402	  I	  1.7	  0.1	1.275	8.513	8.513
403	  F	  2.7	  0.0	1.275	8.513	8.513
404	  Y	  3.1	  0.0	1.110	8.513	8.513
405	  K	  2.1	  0.0	0.783	8.513	8.513
406	  K	  0.9	  0.0	0.211	0.000	0.000
407	  P	  0.0	  0.0	0.000	0.000	0.000
408	  A	  0.1	  0.0	0.000	0.000	0.000
409	  A	  0.2	  0.0	0.000	0.000	0.000
410	  L	  1.9	  0.0	0.000	0.000	0.000
411	  E	  2.4	  0.0	0.000	0.000	0.000
412	  V	  3.3	  0.0	0.000	0.000	0.000
413	  V	  1.7	  0.1	0.000	0.000	0.000
414	  G	  1.2	  0.3	0.000	0.000	0.000
415	  A	  0.2	  0.3	0.000	0.000	0.000
416	  Q	  0.5	  0.3	0.000	0.000	0.000
417	  R	  0.7	  0.1	0.000	0.000	0.000
418	  I	  1.2	  0.0	0.000	0.000	0.000
419	  C	  1.4	  0.0	0.000	0.000	0.000
420	  S	  1.2	  0.0	0.000	0.000	0.000
421	  W	  0.6	  0.0	0.000	0.000	0.000
