res	aa	Beta	Turn	Helix	Aggregation	Conc-Stab_Aggregation
01	  M	  0.2	  0.1	0.000	0.000	0.000
02	  H	  0.2	  0.2	0.000	0.000	0.000
03	  G	  0.3	  0.2	0.000	0.000	0.000
04	  L	  1.4	  0.2	0.000	0.000	0.000
05	  K	  3.0	  0.1	0.091	0.000	0.000
06	  L	  3.3	  0.0	0.091	11.199	11.199
07	  T	  3.1	  0.0	2.000	12.908	12.908
08	  T	  3.9	  0.0	3.582	20.159	20.159
09	  I	  4.4	  0.0	3.711	30.268	30.268
10	  A	  3.6	  0.0	3.916	30.933	30.933
11	  A	  1.0	  0.0	3.916	31.231	31.231
12	  L	  0.2	  0.0	3.916	31.697	31.697
13	  A	  0.2	  0.1	3.590	28.551	28.551
14	  A	  0.6	  0.1	3.089	24.254	24.254
15	  S	 10.6	  0.3	2.125	20.529	20.529
16	  V	 11.6	  0.3	0.313	21.177	21.177
17	  S	 11.4	  0.2	0.313	15.061	15.061
18	  S	  1.9	  0.2	0.000	14.415	14.415
19	  V	  1.6	  0.0	0.000	14.415	14.415
20	  L	  1.6	  0.0	0.000	13.436	13.436
21	  A	  1.1	  0.0	0.000	6.160	6.160
22	  T	  0.1	  0.0	0.000	0.000	0.000
23	  P	  0.0	  0.2	0.000	0.000	0.000
24	  P	  0.0	  0.2	0.000	0.000	0.000
25	  A	  0.2	  0.2	0.000	1.920	1.920
26	  C	  1.3	  0.2	0.201	3.913	3.913
27	  L	  1.5	  0.0	0.201	13.300	13.300
28	  L	  1.6	  0.0	0.201	14.358	14.358
29	  A	  0.6	  0.0	0.201	14.466	14.466
30	  C	  6.1	  0.0	0.827	14.363	14.363
31	  V	  7.1	  0.0	0.827	14.363	14.363
32	  A	  7.1	  0.0	1.018	9.780	9.780
33	  Q	  3.2	  0.0	1.018	5.412	5.412
34	  V	  2.8	  0.0	0.818	5.412	5.412
35	  E	  2.9	  0.2	0.818	0.000	0.000
36	  K	  1.3	  0.2	0.713	0.000	0.000
37	  N	  0.5	  0.4	0.713	0.000	0.000
38	  S	  0.8	  0.4	0.124	0.000	0.000
39	  K	  1.3	  0.3	0.000	0.000	0.000
40	  C	  1.8	  0.5	0.000	0.000	0.000
41	  S	  1.4	  0.4	0.000	0.000	0.000
42	  S	  0.9	  0.3	0.482	0.000	0.000
43	  L	  0.2	  0.6	0.482	0.000	0.000
44	  A	  0.2	  0.4	0.482	0.000	0.000
45	  D	  0.3	  0.5	0.617	0.000	0.000
46	  L	  1.3	  0.5	0.617	0.000	0.000
47	  E	  1.4	  0.2	0.617	0.000	0.000
48	  C	  2.8	  0.1	0.325	0.000	0.000
49	  I	  2.5	  0.0	0.135	0.000	0.000
50	  C	  3.9	  0.1	0.135	0.000	0.000
51	  T	  2.5	  0.1	0.000	0.000	0.000
52	  S	  1.9	  0.3	0.000	0.000	0.000
53	  I	  0.6	  0.4	0.000	0.000	0.000
54	  G	  0.2	  0.4	0.138	0.000	0.000
55	  E	  0.1	  0.4	0.138	0.000	0.000
56	  E	  2.1	  0.2	0.138	0.000	0.000
57	  V	  3.2	  0.1	0.138	0.000	0.000
58	  E	  3.4	  0.1	0.138	0.000	0.000
59	  K	  1.7	  0.1	0.138	0.000	0.000
60	  C	  2.1	  0.3	0.138	0.000	0.000
61	  L	  2.1	  0.3	0.000	0.000	0.000
62	  D	  1.7	  0.6	0.000	0.000	0.000
63	  S	  0.9	  0.6	0.000	0.000	0.000
64	  Q	  0.7	  0.4	0.000	0.000	0.000
65	  C	  0.6	  5.7	0.000	0.000	0.000
66	  P	  0.1	  5.7	0.000	0.000	0.000
67	  D	  0.0	  6.3	0.000	0.000	0.000
68	  G	  0.0	  6.3	0.345	0.000	0.000
69	  D	  0.0	  3.9	8.256	0.000	0.000
70	  A	  0.0	  3.7	8.504	0.000	0.000
71	  D	  0.1	  3.1	9.939	0.000	0.000
72	  T	  1.1	  3.1	11.506	0.000	0.000
73	  A	  1.1	  0.1	11.506	0.000	0.000
74	  K	  1.2	  0.1	11.506	0.000	0.000
75	  K	  0.2	  0.1	9.390	0.000	0.000
76	  A	  0.3	  0.1	7.712	0.000	0.000
77	  F	  0.8	  0.0	6.898	0.000	0.000
78	  A	  0.8	  0.2	3.418	0.000	0.000
79	  A	  1.1	  0.3	2.916	0.000	0.000
80	  S	  1.8	  0.3	2.313	0.000	0.000
81	  C	  2.0	  0.4	1.323	0.000	0.000
82	  K	  1.6	  0.3	1.121	0.000	0.000
83	  E	  0.3	  0.5	0.401	0.000	0.000
84	  Q	  0.1	  0.6	0.235	0.000	0.000
85	  G	  0.0	  0.5	0.000	0.000	0.000
86	  H	  0.5	  0.4	0.000	0.000	0.000
87	  D	  1.3	  1.1	0.000	0.000	0.000
88	  V	  1.9	  1.2	0.000	0.000	0.000
89	  S	  1.4	  1.5	0.000	0.000	0.000
90	  G	  0.6	  2.0	0.000	0.000	0.000
91	  A	  0.0	  1.0	0.000	0.000	0.000
92	  D	  0.1	  2.4	0.000	0.000	0.000
93	  S	  0.9	  2.9	0.000	0.000	0.000
94	  S	  1.7	  3.2	0.000	0.000	0.000
95	  S	  2.5	  3.9	0.000	0.000	0.000
96	  S	  2.5	  3.1	0.000	0.000	0.000
97	  S	  1.8	  2.4	0.000	0.000	0.000
98	  S	  2.4	  2.4	0.000	0.000	0.000
99	  Q	  1.6	  1.8	0.000	0.000	0.000
100	  S	  1.6	  1.1	0.000	0.000	0.000
101	  D	  0.1	  1.0	0.000	0.000	0.000
102	  S	  0.1	  3.0	0.000	0.000	0.000
103	  P	  0.0	  2.9	0.000	0.000	0.000
104	  S	  0.9	  3.8	0.000	0.000	0.000
105	  S	  1.7	  4.6	0.000	0.000	0.000
106	  S	  2.5	  2.7	0.000	0.000	0.000
107	  S	  1.8	  2.6	0.136	0.000	0.000
108	  S	  1.0	  1.8	0.136	0.000	0.000
109	  A	  0.2	  1.1	0.136	0.000	0.000
110	  A	  0.3	  0.3	0.136	0.000	0.000
111	  S	  1.1	  1.2	0.136	0.000	0.000
112	  S	  1.1	  1.3	0.136	0.000	0.000
113	  S	  1.7	  1.1	0.000	0.000	0.000
114	  A	  0.8	  1.0	0.000	0.000	0.000
115	  D	  0.7	  0.8	0.000	0.000	0.000
116	  P	  0.0	  0.8	0.000	0.000	0.000
117	  T	  1.3	  1.0	0.000	0.000	0.000
118	  S	  1.4	  3.1	0.000	0.000	0.000
119	  S	  1.4	  2.4	0.000	0.000	0.000
120	  D	  0.1	  2.3	0.000	0.000	0.000
121	  A	  0.0	  2.6	0.000	0.000	0.000
122	  P	  0.0	  0.6	0.000	0.000	0.000
123	  S	  0.9	  1.5	0.000	0.000	0.000
124	  S	  0.9	  1.6	0.000	0.000	0.000
125	  S	  1.0	  1.2	0.138	0.000	0.000
126	  A	  0.2	  1.0	0.138	0.000	0.000
127	  A	  0.2	  0.0	0.138	0.000	0.000
128	  A	  0.3	  0.0	0.138	0.000	0.000
129	  T	  0.3	  0.4	0.138	0.000	0.000
130	  S	  0.2	  0.4	0.138	0.000	0.000
131	  D	  0.1	  0.4	0.000	0.000	0.000
132	  A	  0.0	  0.8	0.000	0.000	0.000
133	  P	  0.0	  0.6	0.000	0.000	0.000
134	  S	  1.6	  0.6	0.000	0.000	0.000
135	  S	  1.6	  0.6	0.000	0.000	0.000
136	  S	  1.6	  0.3	0.174	0.000	0.000
137	  P	  0.0	  0.2	0.174	0.000	0.000
138	  A	  0.1	  0.3	0.174	0.000	0.000
139	  A	  0.2	  0.4	0.174	0.000	0.000
140	  S	  0.3	  0.4	0.412	0.000	0.000
141	  S	  0.2	  0.4	0.975	0.000	0.000
142	  E	  0.2	  0.3	0.801	0.000	0.000
143	  A	  0.1	  0.3	0.801	0.000	0.000
144	  A	  0.3	  0.3	0.801	0.000	0.000
145	  S	  1.1	  1.3	0.919	0.000	0.000
146	  S	  1.1	  1.3	0.681	0.000	0.000
147	  S	  1.2	  1.1	0.374	0.000	0.000
148	  A	  0.4	  1.1	0.233	0.000	0.000
149	  K	  0.4	  0.3	0.233	0.000	0.000
150	  S	  0.4	  0.2	0.259	0.000	0.000
151	  S	  0.9	  0.2	0.276	0.000	0.000
152	  V	  2.0	  0.1	0.276	1.292	1.292
153	  A	  1.9	  0.2	0.276	1.292	1.292
154	  A	  1.4	  0.3	0.276	1.418	1.418
155	  S	  0.5	  0.3	0.276	1.418	1.418
156	  S	  1.3	  0.3	0.135	1.418	1.418
157	  F	  2.7	  0.2	0.000	1.418	1.418
158	  V	  3.7	  0.1	0.000	1.418	1.418
159	  S	  2.9	  2.2	0.000	0.000	0.000
160	  S	  1.3	  2.2	0.000	0.000	0.000
161	  D	  0.1	  2.2	0.000	0.000	0.000
162	  A	  0.0	  2.5	0.000	0.000	0.000
163	  P	  0.0	  0.6	0.000	0.000	0.000
164	  S	  0.9	  1.5	0.000	0.000	0.000
165	  S	  0.9	  1.6	0.000	0.000	0.000
166	  S	  1.2	  1.1	0.463	0.000	0.000
167	  A	  0.4	  1.0	0.463	0.000	0.000
168	  Q	  0.4	  0.1	0.463	0.000	0.000
169	  T	  0.8	  0.1	0.463	0.000	0.000
170	  T	  1.1	  0.1	0.463	0.000	0.000
171	  A	  1.0	  0.0	0.463	0.000	0.000
172	  D	  0.4	  5.4	0.463	0.000	0.000
173	  P	  0.0	  5.5	0.000	0.000	0.000
174	  S	  0.3	  5.6	0.000	0.000	0.000
175	  S	  0.4	  5.6	0.000	0.000	0.000
176	  T	  0.8	  0.3	0.000	0.000	0.000
177	  L	  0.6	  0.1	0.000	0.000	0.000
178	  A	  0.6	  0.1	0.000	0.000	0.000
179	  T	  1.6	  0.2	0.000	0.000	0.000
180	  S	  2.4	  1.1	0.164	0.000	0.000
181	  S	  2.3	  1.2	0.657	0.000	0.000
182	  S	  1.1	  1.1	1.072	0.000	0.000
183	  A	  0.2	  1.0	1.072	0.000	0.000
184	  A	  0.2	  0.2	1.072	0.000	0.000
185	  A	  0.3	  0.3	1.072	0.000	0.000
186	  S	  1.1	  1.2	1.072	0.000	0.000
187	  S	  1.1	  1.4	0.539	0.000	0.000
188	  S	  1.0	  1.7	0.108	0.000	0.000
189	  A	  0.2	  1.6	0.000	0.000	0.000
190	  G	  0.2	  0.6	0.000	0.000	0.000
191	  V	  1.3	  0.6	0.000	0.000	0.000
192	  S	  1.5	  0.2	0.000	0.000	0.000
193	  S	  7.9	  0.1	0.000	0.000	0.000
194	  F	  7.4	  1.1	0.000	0.000	0.000
195	  E	  7.1	  1.1	0.000	0.000	0.000
196	  D	  0.7	  4.4	0.461	0.000	0.000
197	  G	  0.0	  4.6	0.461	0.000	0.000
198	  G	  0.0	  3.6	0.659	0.000	0.000
199	  K	  0.3	  3.5	0.659	0.000	0.000
200	  M	  0.6	  0.1	0.659	5.798	5.798
201	  M	  0.7	  0.0	0.659	10.524	10.524
202	  A	  0.5	  0.2	0.659	12.657	12.657
203	  A	  0.8	  0.2	0.659	15.173	15.173
204	  S	  1.4	  0.5	0.722	18.142	18.142
205	  F	  1.4	  0.7	0.267	41.924	41.924
206	  G	  0.9	  0.5	0.309	43.665	43.665
207	  A	  1.2	  0.5	0.309	62.239	62.239
208	  V	  5.1	  0.3	0.309	84.069	84.069
209	  I	  6.2	  0.1	0.309	85.782	85.782
210	  A	  5.3	  0.1	0.309	84.172	84.172
211	  G	  1.2	  0.1	0.309	82.754	82.754
212	  V	  1.1	  0.1	0.000	83.170	83.170
213	  V	  1.1	  0.2	0.000	79.570	79.570
214	  G	  1.1	  0.2	0.000	34.892	34.892
215	  A	  0.4	  0.2	0.000	30.867	30.867
216	  L	  0.3	  0.2	0.000	28.901	28.901
217	  L	  0.3	  0.0	0.000	0.000	0.000
