res	aa	Beta	Turn	Helix	Aggregation	Conc-Stab_Aggregation
01	  M	  1.6	  0.0	0.000	0.000	0.000
02	  K	  2.0	  0.0	0.000	0.000	0.000
03	  L	  2.1	  0.2	0.000	4.241	4.241
04	  A	  0.9	  0.2	0.000	5.406	5.406
05	  S	  0.7	  0.2	0.596	9.068	9.068
06	  L	  0.6	  0.2	0.596	37.111	37.111
07	  A	  0.3	  0.0	0.596	41.953	41.953
08	  A	  0.7	  0.0	0.596	47.465	47.465
09	  V	  5.2	  0.0	0.596	53.770	53.770
10	  S	  5.2	  0.0	0.998	53.631	53.631
11	  L	  5.0	  0.0	0.561	54.662	54.662
12	  A	  0.8	  0.0	0.561	53.416	53.416
13	  V	  1.2	  0.2	0.561	52.247	52.247
14	  A	  0.9	  0.2	0.561	32.837	32.837
15	  G	  0.6	  0.2	1.451	16.216	16.216
16	  A	  0.4	  0.2	1.099	14.647	14.647
17	  V	  1.1	  0.0	0.890	13.317	13.317
18	  A	  1.3	  0.0	0.890	6.105	6.105
19	  K	  1.5	  0.0	0.890	0.000	0.000
20	  L	  1.0	  0.3	0.890	0.000	0.000
21	  Q	  0.8	  0.4	0.631	0.000	0.000
22	  S	  0.3	  0.4	0.214	0.000	0.000
23	  G	  0.1	  0.4	0.000	0.000	0.000
24	  V	  3.5	  0.2	0.000	0.156	0.156
25	  F	  4.0	  8.2	0.000	0.156	0.156
26	  N	  4.0	  8.2	0.000	0.156	0.156
27	  G	  0.6	  8.2	0.000	0.156	0.156
28	  I	  1.2	  8.2	0.000	0.156	0.156
29	  K	  1.6	  0.1	0.000	0.000	0.000
30	  S	  5.9	  0.0	0.000	0.000	0.000
31	  I	  5.6	  0.0	0.000	0.000	0.000
32	  T	  5.2	  0.6	0.000	0.000	0.000
33	  P	  0.8	  1.0	0.000	0.000	0.000
34	  S	  0.1	  2.1	0.000	0.000	0.000
35	  D	  0.0	  2.2	0.000	0.000	0.000
36	  N	  0.1	  1.6	0.000	0.000	0.000
37	  R	  0.2	  1.2	0.000	0.000	0.000
38	  R	  0.2	  0.2	0.000	0.000	0.000
39	  P	  0.1	  0.2	0.000	0.000	0.000
40	  E	  0.0	  0.2	0.000	0.000	0.000
41	  Q	  0.0	  0.5	0.000	0.000	0.000
42	  P	  0.0	  0.3	0.000	0.000	0.000
43	  S	  1.3	  0.3	0.000	0.000	0.000
44	  W	  2.1	  0.3	0.000	0.000	0.000
45	  H	  2.3	  0.1	0.000	0.000	0.000
46	  A	  1.5	  0.1	0.000	0.000	0.000
47	  T	 15.6	  0.1	0.000	0.000	0.000
48	  V	 17.9	  0.1	0.000	0.000	0.000
49	  S	 20.9	  0.0	0.000	0.000	0.000
50	  W	  9.5	  0.0	0.000	0.000	0.000
51	  E	 16.3	  0.0	0.000	0.000	0.000
52	  I	 13.1	  0.0	0.000	0.000	0.000
53	  K	 10.8	  0.0	0.000	0.000	0.000
54	  P	  0.4	  0.1	0.000	0.000	0.000
55	  A	  0.1	  0.1	0.000	0.000	0.000
56	  M	  0.3	  0.1	0.000	0.000	0.000
57	  G	  0.3	  0.1	0.000	0.000	0.000
58	  V	  0.8	  0.1	0.000	0.000	0.000
59	  Q	  0.6	  0.3	0.000	0.000	0.000
60	  E	  0.6	  3.3	0.000	0.000	0.000
61	  G	  0.0	  3.3	0.000	0.000	0.000
62	  D	  1.3	  3.3	0.466	0.000	0.000
63	  T	 19.4	  3.0	0.576	0.000	0.000
64	  F	 23.0	  0.1	0.576	0.000	0.000
65	  T	 22.7	  0.0	0.576	0.000	0.000
66	  L	  6.9	  0.0	0.576	0.000	0.000
67	  H	  2.8	  0.0	0.576	0.000	0.000
68	  M	  1.8	  0.1	0.441	0.000	0.000
69	  P	  0.1	  0.1	0.000	0.000	0.000
70	  Y	  1.6	  0.1	0.000	0.000	0.000
71	  V	  2.7	  0.1	0.000	0.000	0.000
72	  Y	  4.0	  0.0	0.000	0.000	0.000
73	  K	  5.3	  0.0	0.000	0.000	0.000
74	  F	  7.0	  0.0	0.000	0.000	0.000
75	  T	  6.9	  0.2	0.000	0.000	0.000
76	  S	  4.8	  1.1	0.000	0.000	0.000
77	  S	  2.2	  2.3	0.208	0.000	0.000
78	  S	  0.9	  2.3	0.208	0.000	0.000
79	  N	  0.1	  2.2	0.208	0.000	0.000
80	  T	  2.8	  1.2	0.314	0.000	0.000
81	  L	  4.2	  0.1	0.314	0.000	0.000
82	  Q	  5.0	  0.0	0.314	0.000	0.000
83	  L	  3.1	  0.0	0.106	0.000	0.000
84	  T	  1.7	  0.3	0.106	0.000	0.000
85	  A	  0.8	  1.3	0.106	0.000	0.000
86	  G	  0.1	  1.3	0.106	0.000	0.000
87	  G	  0.0	  1.3	0.153	0.000	0.000
88	  Q	  0.7	  1.0	0.153	0.000	0.000
89	  V	  4.9	  0.0	0.153	0.000	0.000
90	  V	  5.7	  0.2	0.153	0.000	0.000
91	  A	  5.1	  0.3	0.153	0.000	0.000
92	  N	  1.2	  0.5	0.153	0.000	0.000
93	  C	  1.1	  0.6	0.000	0.000	0.000
94	  N	  1.6	  0.3	0.000	0.000	0.000
95	  L	  1.7	  0.3	0.000	0.000	0.000
96	  Y	  2.4	  0.3	0.000	0.000	0.000
97	  S	  1.9	  0.7	0.000	0.000	0.000
98	  G	  1.4	  1.0	0.000	0.000	0.000
99	  E	  0.1	  1.0	0.000	0.000	0.000
100	  N	  2.1	  0.7	0.000	0.000	0.000
101	  I	  5.0	  0.4	0.000	0.000	0.000
102	  V	  5.1	  0.1	0.000	0.000	0.000
103	  G	  3.2	  0.1	0.000	0.000	0.000
104	  Y	  0.8	  0.2	0.000	0.000	0.000
105	  S	  0.7	  0.1	0.000	0.000	0.000
106	  E	  3.1	  0.1	0.000	0.000	0.000
107	  V	  4.6	  0.1	0.000	0.000	0.000
108	  Q	  5.2	  0.0	0.000	0.000	0.000
109	  C	  8.4	  0.0	0.130	0.000	0.000
110	  T	  7.3	  0.1	1.309	0.000	0.000
111	  A	  6.8	  0.1	1.309	0.000	0.000
112	  T	  1.6	  0.1	2.720	0.000	0.000
113	  A	  0.4	  0.1	2.720	0.000	0.000
114	  A	  0.3	  0.0	2.720	0.000	0.000
115	  A	  0.1	  0.3	2.720	0.000	0.000
116	  A	  0.1	  0.3	2.608	0.000	0.000
117	  N	  0.0	  0.7	2.369	0.000	0.000
118	  A	  0.0	  0.9	0.879	0.000	0.000
119	  G	  0.1	  0.6	0.460	0.000	0.000
120	  T	 19.2	  0.6	0.000	0.000	0.000
121	  F	 20.2	  0.2	0.000	0.000	0.000
122	  T	 20.2	  0.4	0.000	0.000	0.000
123	  G	  1.2	  0.4	0.000	0.000	0.000
124	  D	  0.9	  0.4	0.000	0.000	0.000
125	  V	 12.8	  0.3	0.000	0.000	0.000
126	  T	 13.4	  0.0	0.000	0.000	0.000
127	  F	 12.6	  0.0	0.000	0.000	0.000
128	  P	  0.6	  0.0	0.000	0.000	0.000
129	  F	 10.7	  0.0	0.000	0.210	0.210
130	  T	 18.5	  0.0	0.000	0.210	0.210
131	  F	 19.5	  0.0	0.000	0.210	0.210
132	  N	  9.3	  0.9	0.000	0.210	0.210
133	  A	  1.1	  1.7	0.000	0.210	0.210
134	  G	  0.0	  1.8	0.000	0.000	0.000
135	  S	  1.9	  2.1	0.000	0.000	0.000
136	  T	  1.9	  1.4	0.000	0.000	0.000
137	  S	  1.9	  0.7	0.000	0.000	0.000
138	  D	  0.1	  0.6	0.130	0.000	0.000
139	  E	  5.8	  0.3	0.130	0.000	0.000
140	  V	  9.1	  0.1	0.130	0.000	0.000
141	  N	  9.4	  0.0	0.884	0.000	0.000
142	  L	  4.0	  0.1	0.884	0.000	0.000
143	  E	  0.7	  0.0	0.884	0.000	0.000
144	  A	  0.2	  0.3	0.884	0.486	0.486
145	  A	  0.1	  0.3	0.884	0.486	0.486
146	  G	  0.1	  0.3	0.884	0.486	0.486
147	  V	  0.9	  0.3	0.152	0.486	0.486
148	  W	  1.4	  0.4	0.152	0.486	0.486
149	  K	  1.4	  0.7	0.000	0.000	0.000
150	  S	  0.6	  0.8	0.000	0.000	0.000
151	  G	  0.1	  0.9	0.000	0.000	0.000
152	  Q	  0.2	  0.6	0.000	0.000	0.000
153	  N	  0.8	  0.3	0.000	0.000	0.000
154	  T	  9.2	  0.1	0.000	0.000	0.000
155	  V	 15.1	  0.0	0.000	0.000	0.000
156	  T	 34.1	  0.0	0.000	0.000	0.000
157	  W	 26.1	  0.6	0.000	0.000	0.000
158	  S	 20.5	  0.8	0.294	0.000	0.000
159	  D	  0.2	  1.3	0.294	0.000	0.000
160	  G	  0.0	  1.3	0.294	0.000	0.000
161	  D	  0.0	  1.4	0.294	0.000	0.000
162	  K	  0.4	  1.2	0.294	0.000	0.000
163	  S	 19.9	  0.8	0.294	0.000	0.000
164	  F	 20.5	  0.8	0.294	1.016	1.016
165	  S	 20.7	  0.1	0.000	1.016	1.016
166	  T	  3.0	  0.1	0.000	1.016	1.016
167	  T	  5.7	  0.1	0.000	1.016	1.016
168	  V	  7.0	  0.1	0.000	1.016	1.016
169	  D	  6.1	  0.1	0.000	0.000	0.000
170	  F	  2.8	  0.1	0.000	0.000	0.000
171	  N	  1.0	  3.2	0.000	0.000	0.000
172	  P	  0.2	  3.3	0.000	0.000	0.000
173	  G	  0.0	  3.5	0.000	0.000	0.000
174	  A	  0.1	  3.6	0.000	0.000	0.000
175	  S	  0.3	  0.5	0.000	0.000	0.000
176	  S	  0.9	  0.3	0.000	0.000	0.000
177	  I	  2.0	  0.1	0.000	0.000	0.000
178	  I	  2.0	  0.2	0.000	0.000	0.000
179	  Q	  1.4	  0.2	0.000	0.000	0.000
180	  G	  0.2	  0.2	0.000	0.000	0.000
181	  S	  0.0	  0.6	0.000	0.000	0.000
182	  P	  0.0	  1.5	0.000	0.000	0.000
183	  E	  0.0	  5.5	0.000	0.000	0.000
184	  N	  0.0	  5.5	0.000	0.000	0.000
185	  G	  0.0	  5.1	0.000	0.116	0.116
186	  V	  1.0	  4.1	0.000	0.116	0.116
187	  Y	  1.1	  0.1	0.000	0.116	0.116
188	  G	  1.1	  0.1	0.687	0.116	0.116
189	  L	  0.4	  0.1	0.687	0.116	0.116
190	  R	  0.6	  0.1	0.687	0.000	0.000
191	  K	  1.1	  0.0	0.687	0.000	0.000
192	  M	  1.7	  0.0	0.687	0.000	0.000
193	  V	  5.8	  0.0	0.687	0.000	0.000
194	  S	  7.9	  0.5	0.687	0.000	0.000
195	  L	 10.3	  0.5	0.451	0.000	0.000
196	  N	  7.6	  0.8	0.271	0.000	0.000
197	  I	  6.2	  0.8	0.000	0.000	0.000
198	  N	  3.0	  0.4	0.208	0.000	0.000
199	  Q	  2.9	  0.4	0.208	0.000	0.000
200	  H	  3.0	  0.1	0.208	0.000	0.000
201	  Y	  3.7	  0.1	0.208	0.000	0.000
202	  L	  2.5	  0.0	0.208	0.000	0.000
203	  M	  0.9	  0.1	0.208	0.000	0.000
204	  G	  0.2	  1.1	0.104	0.000	0.000
205	  P	  0.0	  1.1	0.000	0.000	0.000
206	  S	  0.4	  1.1	0.000	0.000	0.000
207	  C	  0.4	  1.4	0.000	0.000	0.000
208	  P	  0.4	  0.7	0.000	0.000	0.000
209	  Y	  0.3	  2.3	0.000	0.000	0.000
210	  D	  0.3	  2.3	0.000	0.000	0.000
211	  G	  0.4	  2.0	0.000	0.000	0.000
212	  Q	  0.2	  1.7	0.000	0.000	0.000
213	  Y	  0.4	  1.5	0.000	0.000	0.000
214	  G	  0.3	  1.5	0.154	0.000	0.000
215	  R	  0.5	  1.3	0.154	0.000	0.000
216	  L	  1.7	  1.3	0.154	0.000	0.000
217	  E	  3.0	  0.1	0.154	0.000	0.000
218	  I	  2.7	  0.0	0.154	0.000	0.000
219	  S	  1.4	  0.0	0.154	0.000	0.000
220	  N	  0.1	  0.0	0.000	0.000	0.000
221	  P	  0.0	  0.0	0.000	0.000	0.000
222	  S	  0.0	  1.9	0.000	0.000	0.000
223	  P	  0.0	  1.9	0.000	0.000	0.000
224	  G	  0.0	  2.1	0.000	0.000	0.000
225	  V	  0.1	  2.1	0.000	0.000	0.000
226	  G	  0.2	  0.2	0.000	0.000	0.000
227	  F	  5.4	  0.2	0.000	0.000	0.000
228	  D	  5.6	  0.5	0.391	0.000	0.000
229	  C	  6.1	  0.7	0.391	0.000	0.000
230	  S	  1.1	  0.8	0.523	0.000	0.000
231	  S	  0.8	  0.7	0.523	0.000	0.000
232	  L	  0.2	  0.6	0.523	0.000	0.000
233	  A	  0.2	  0.4	0.523	0.000	0.000
234	  G	  0.1	  0.4	0.786	0.000	0.000
235	  A	  0.4	  0.4	0.535	0.000	0.000
236	  I	  0.9	  0.1	0.263	0.000	0.000
237	  T	  1.3	  0.1	0.263	0.000	0.000
238	  D	  0.9	  0.1	0.263	0.000	0.000
239	  Q	  1.0	  0.1	0.263	0.000	0.000
240	  V	  1.1	  0.1	0.000	0.000	0.000
241	  N	  1.1	  0.1	0.000	0.000	0.000
242	  D	  1.3	  0.1	0.000	0.000	0.000
243	  W	  2.1	  0.1	0.000	0.000	0.000
244	  Y	  2.1	  0.0	0.000	0.000	0.000
245	  F	  1.5	  0.2	0.000	0.000	0.000
246	  P	  0.2	  0.3	0.000	0.000	0.000
247	  K	  0.4	  0.3	0.000	0.000	0.000
248	  T	  0.7	  0.3	0.000	0.000	0.000
249	  A	  0.7	  0.2	0.000	0.000	0.000
250	  E	  0.4	  0.1	0.000	0.000	0.000
251	  K	  0.3	  0.1	0.000	0.000	0.000
252	  I	  0.5	  0.1	0.000	0.359	0.359
253	  G	  0.5	  0.0	0.000	0.359	0.359
254	  V	  5.7	  0.0	0.000	0.359	0.359
255	  N	  6.6	  0.4	0.000	0.359	0.359
256	  I	  7.1	  0.4	0.000	0.359	0.359
257	  D	  1.9	  0.5	0.000	0.000	0.000
258	  S	 19.1	  0.7	0.000	0.000	0.000
259	  C	 19.1	  0.5	0.000	0.000	0.000
260	  S	 19.1	  0.5	0.000	0.000	0.000
261	  S	  3.2	  0.4	0.000	0.000	0.000
262	  Y	  3.9	  0.2	0.000	0.000	0.000
263	  Q	  3.8	  0.0	0.000	0.000	0.000
264	  A	  2.2	  0.0	0.000	0.609	0.609
265	  T	 14.9	  0.0	0.000	0.609	0.609
266	  V	 18.1	  0.0	0.000	0.609	0.609
267	  S	 34.8	  0.1	0.000	0.609	0.609
268	  F	 21.5	  0.5	0.000	0.609	0.609
269	  S	 18.1	  0.5	0.000	0.000	0.000
270	  N	  0.3	  0.5	0.000	0.000	0.000
271	  L	  0.0	  0.6	0.000	0.000	0.000
272	  P	  0.0	  0.7	0.000	0.000	0.000
273	  A	  0.0	  0.7	0.000	0.000	0.000
274	  G	  0.1	  0.7	0.000	0.000	0.000
275	  F	  0.5	  0.5	0.000	0.000	0.000
276	  R	  0.5	  0.1	0.000	0.000	0.000
277	  P	  0.4	  0.1	0.000	0.000	0.000
278	  Y	  1.3	  0.2	0.000	0.000	0.000
279	  I	  9.0	  0.2	0.000	0.000	0.000
280	  N	 10.5	  0.5	0.168	0.000	0.000
281	  I	 10.2	  0.5	0.168	0.000	0.000
282	  N	  2.7	  0.4	0.168	0.000	0.000
283	  A	  1.2	  0.4	0.168	0.000	0.000
284	  A	  0.3	  0.0	0.168	0.000	0.000
285	  I	  0.3	  0.3	0.168	0.000	0.000
286	  P	  0.1	  0.3	0.000	0.000	0.000
287	  N	  0.3	  0.3	0.108	0.000	0.000
288	  V	  2.5	  0.5	0.108	0.000	0.000
289	  A	  3.0	  0.2	0.108	0.000	0.000
290	  S	  9.0	  0.2	0.108	0.000	0.000
291	  F	  8.6	  0.3	0.108	0.000	0.000
292	  R	  8.1	  0.1	0.108	0.000	0.000
293	  S	  1.9	  0.9	0.000	0.000	0.000
294	  S	  0.2	  0.9	0.000	0.000	0.000
295	  N	  2.1	  0.9	0.000	0.000	0.000
296	  T	 29.8	  0.8	0.000	0.322	0.322
297	  Y	 34.0	  0.0	0.000	0.969	0.969
298	  S	 38.0	  0.3	0.000	1.120	1.120
299	  Y	 14.6	  0.3	0.000	1.378	1.378
300	  N	  8.8	  0.3	0.000	1.378	1.378
301	  F	  4.3	  0.3	0.000	1.378	1.378
302	  V	  2.4	  0.0	0.000	1.378	1.378
303	  C	  2.0	  2.2	0.000	0.372	0.372
304	  G	  0.3	  2.3	0.000	0.000	0.000
305	  G	  0.1	  2.4	0.000	0.000	0.000
306	  R	  0.4	  2.4	0.000	0.000	0.000
307	  R	  0.7	  0.5	0.000	0.000	0.000
308	  Q	  0.7	  0.6	0.000	0.000	0.000
309	  S	  0.3	  0.7	0.000	0.000	0.000
310	  G	  0.1	  0.8	0.000	0.000	0.000
311	  Q	  0.1	  0.6	0.000	0.036	0.036
312	  S	  0.2	  0.4	0.142	1.149	1.149
313	  S	  0.5	  0.2	0.759	10.035	10.035
314	  I	  1.9	  0.1	0.759	75.190	75.190
315	  A	  2.0	  0.0	0.759	80.218	80.218
316	  W	  2.6	  0.0	0.759	80.448	80.448
317	  V	  2.9	  0.0	0.759	80.448	80.448
318	  M	  3.2	  0.1	0.759	79.614	79.614
319	  Y	  2.7	  0.2	0.613	71.331	71.331
320	  N	  1.0	  0.7	0.613	3.076	3.076
321	  N	  0.5	  3.0	0.156	0.091	0.091
322	  G	  0.0	  3.0	0.000	0.000	0.000
323	  N	  0.0	  3.2	0.000	0.000	0.000
324	  T	  0.2	  3.8	0.000	0.000	0.000
325	  G	  0.2	  1.7	0.000	0.000	0.000
326	  S	  0.2	  1.9	0.000	0.000	0.000
327	  G	  0.0	  2.8	0.000	0.000	0.000
328	  G	  0.0	  1.7	0.000	0.000	0.000
329	  D	  0.8	  1.5	0.000	0.000	0.000
330	  F	  0.9	  1.3	0.000	0.000	0.000
331	  K	  0.9	  0.0	0.000	0.000	0.000
332	  P	  0.2	  0.0	0.000	1.167	1.167
333	  V	 10.9	  0.0	0.000	93.420	93.420
334	  V	 13.1	  0.0	0.000	94.765	94.765
335	  V	 14.5	  0.0	0.000	94.807	94.807
336	  T	  5.5	  0.0	0.000	94.807	94.807
337	  T	 12.1	  0.0	0.000	94.789	94.789
338	  V	 13.0	  0.0	0.000	93.937	93.937
339	  T	 11.4	  0.0	0.000	35.335	35.335
340	  D	  2.5	  3.8	0.000	0.000	0.000
341	  P	  0.0	  3.8	0.000	0.000	0.000
342	  D	  1.3	  3.8	0.000	0.000	0.000
343	  I	  4.7	  3.8	0.000	11.327	11.327
344	  T	  6.2	  0.0	0.000	12.202	12.202
345	  T	  5.5	  0.0	0.000	15.901	15.901
346	  T	  2.9	  0.0	0.000	18.578	18.578
347	  A	  2.0	  0.0	0.000	19.320	19.320
348	  V	  4.2	  0.0	0.000	19.649	19.649
349	  V	  6.1	  0.0	0.000	19.130	19.130
350	  T	  6.2	  0.3	0.000	10.157	10.157
351	  S	  3.5	  0.4	0.000	2.535	2.535
352	  T	  0.9	  0.6	0.000	1.158	1.158
353	  G	  0.1	  0.7	0.000	0.000	0.000
354	  T	  0.8	  0.5	0.000	0.000	0.000
355	  S	  1.3	  0.7	0.000	0.165	0.165
356	  T	  1.8	  0.4	0.000	1.763	1.763
357	  N	  2.0	  0.4	0.000	4.236	4.236
358	  T	  5.5	  0.3	0.000	11.996	11.996
359	  I	 12.4	  0.0	0.000	13.537	13.537
360	  V	 15.3	  0.0	0.000	13.537	13.537
361	  V	 22.4	  0.0	0.000	13.428	13.428
362	  S	 15.1	  0.0	0.000	9.742	9.742
363	  V	 11.5	  0.0	0.000	2.469	2.469
364	  P	  0.2	  0.0	0.000	1.095	1.095
365	  I	  3.8	  0.0	0.000	1.513	1.513
366	  S	 12.5	  0.1	0.000	1.513	1.513
367	  V	 13.2	  0.1	0.000	1.919	1.919
368	  S	 10.3	  0.1	0.000	1.919	1.919
369	  T	 10.3	  0.1	0.000	1.919	1.919
370	  V	 13.3	  0.0	0.000	1.919	1.919
371	  T	 15.4	  0.1	0.000	0.973	0.973
372	  H	  6.5	  0.2	0.000	0.000	0.000
373	  T	  2.7	  0.4	0.000	0.000	0.000
374	  G	  0.2	  0.5	0.000	0.000	0.000
375	  T	  0.6	  0.5	0.000	0.000	0.000
376	  D	  0.7	  0.4	0.000	0.000	0.000
377	  S	  1.2	  0.2	0.199	0.000	0.000
378	  V	  1.8	  0.1	0.199	0.000	0.000
379	  A	  1.7	  0.0	0.199	0.000	0.000
380	  T	  2.4	  0.0	0.199	0.000	0.000
381	  T	  4.0	  0.0	0.199	0.000	0.000
382	  H	  4.4	  0.1	0.199	0.000	0.000
383	  T	  4.8	  0.1	0.000	0.000	0.000
384	  T	  4.8	  0.1	0.000	0.000	0.000
385	  T	  7.2	  0.5	0.000	0.000	0.000
386	  K	  5.7	  0.5	0.000	0.000	0.000
387	  S	  3.3	  0.8	0.000	0.000	0.000
388	  G	  0.2	  0.8	0.000	0.000	0.000
389	  T	  0.9	  0.4	0.000	0.000	0.000
390	  R	  5.4	  0.3	0.000	0.000	0.000
391	  I	  7.1	  0.0	0.000	0.000	0.000
392	  I	  8.6	  0.0	0.000	0.000	0.000
393	  S	  6.8	  0.3	0.000	0.000	0.000
394	  I	 14.3	  0.3	0.000	0.000	0.000
395	  D	 12.2	  0.3	0.000	0.000	0.000
396	  V	  9.6	  0.3	0.000	0.000	0.000
397	  P	  0.1	  0.0	0.000	0.000	0.000
398	  T	  0.0	  0.2	0.000	0.000	0.000
399	  P	  0.0	  0.2	0.000	0.000	0.000
400	  T	  1.5	  0.2	0.000	0.000	0.000
401	  T	  2.5	  0.2	0.000	0.000	0.000
402	  T	 12.5	  0.0	0.000	0.000	0.000
403	  I	 12.9	  0.0	0.000	0.138	0.138
404	  T	 12.6	  0.0	0.000	0.138	0.138
405	  S	  3.1	  0.0	0.000	0.138	0.138
406	  T	 13.5	  0.0	0.000	0.138	0.138
407	  W	 13.1	  0.1	0.000	0.138	0.138
408	  T	 12.8	  1.2	0.000	0.000	0.000
409	  G	  0.4	  1.2	0.000	0.000	0.000
410	  S	  0.7	  1.3	0.000	0.000	0.000
411	  T	  0.7	  1.2	0.000	0.000	0.000
412	  T	  0.8	  0.1	0.000	0.000	0.000
413	  E	  0.3	  0.1	0.000	0.000	0.000
414	  T	 10.5	  0.1	0.000	0.000	0.000
415	  I	 33.9	  0.1	0.000	0.000	0.000
416	  T	 34.3	  0.0	0.000	0.000	0.000
417	  V	 25.4	  0.0	0.000	0.000	0.000
418	  P	  0.5	  0.1	0.000	0.000	0.000
419	  A	  0.1	  0.2	0.000	0.000	0.000
420	  S	  1.0	  3.0	0.000	0.000	0.000
421	  S	  1.0	  3.3	0.000	0.000	0.000
422	  S	  0.9	  3.6	0.000	0.000	0.000
423	  G	  0.1	  3.7	0.000	0.000	0.000
424	  G	  0.0	  0.9	0.000	0.000	0.000
425	  T	  0.5	  0.7	0.000	0.648	0.648
426	  N	  1.1	  0.3	0.000	1.754	1.754
427	  T	  5.0	  0.1	0.000	1.754	1.754
428	  V	 13.5	  0.0	0.000	1.754	1.754
429	  V	 16.0	  0.0	0.000	1.754	1.754
430	  V	 35.2	  0.0	0.000	1.754	1.754
431	  E	 26.3	  0.0	0.000	0.000	0.000
432	  V	 23.5	  0.0	0.000	0.000	0.000
433	  P	  0.2	  0.0	0.000	0.000	0.000
434	  T	  0.0	  0.1	0.000	0.000	0.000
435	  P	  0.0	  0.2	0.000	0.000	0.000
436	  T	  1.5	  0.2	0.000	0.000	0.000
437	  T	  3.5	  0.2	0.000	0.000	0.000
438	  T	 12.7	  0.0	0.000	0.000	0.000
439	  V	 12.6	  0.0	0.000	0.000	0.000
440	  T	 11.1	  0.0	0.000	0.000	0.000
441	  R	  2.8	  0.0	0.000	0.000	0.000
442	  T	 13.1	  0.0	0.000	0.000	0.000
443	  W	 12.7	  0.1	0.000	0.000	0.000
444	  T	 11.9	  0.1	0.000	0.000	0.000
445	  G	  0.3	  0.1	0.000	0.000	0.000
446	  T	  9.6	  0.1	0.000	0.000	0.000
447	  V	 12.0	  0.1	0.000	0.000	0.000
448	  T	 12.7	  0.1	0.000	0.000	0.000
449	  S	  3.5	  0.1	0.000	0.000	0.000
450	  T	  1.0	  0.1	0.000	0.000	0.000
451	  E	  0.6	  0.1	0.000	0.000	0.000
452	  I	  0.9	  0.0	0.000	0.000	0.000
453	  I	  0.8	  0.0	0.000	0.000	0.000
454	  P	  0.5	  0.0	0.000	0.000	0.000
455	  A	  0.0	  1.4	0.000	0.000	0.000
456	  P	  0.0	  1.6	0.000	0.000	0.000
457	  S	  0.0	  2.0	0.000	0.000	0.000
458	  G	  0.0	  2.1	0.000	0.000	0.000
459	  G	  0.1	  0.7	0.000	0.873	0.873
460	  T	  1.1	  0.5	0.000	11.370	11.370
461	  A	  1.6	  0.1	0.000	27.636	27.636
462	  T	  4.3	  0.0	0.000	27.636	27.636
463	  V	 15.9	  0.0	0.000	27.636	27.636
464	  I	 16.1	  0.0	0.000	27.636	27.636
465	  V	 24.5	  0.0	0.000	26.835	26.835
466	  D	 11.9	  0.0	0.000	0.000	0.000
467	  V	 11.1	  0.0	0.000	0.000	0.000
468	  P	  0.1	  0.0	0.000	0.000	0.000
469	  T	  0.0	  0.0	0.000	0.000	0.000
470	  P	  0.0	  0.0	0.000	0.000	0.000
471	  V	  1.6	  0.0	0.000	0.837	0.837
472	  T	  3.6	  0.0	0.000	0.837	0.837
473	  T	 12.8	  0.0	0.000	0.837	0.837
474	  V	 12.6	  0.0	0.000	0.837	0.837
475	  T	 11.1	  0.0	0.000	0.837	0.837
476	  R	  2.8	  0.0	0.000	0.000	0.000
477	  T	 13.8	  0.0	0.000	0.000	0.000
478	  W	 13.5	  0.1	0.000	0.000	0.000
479	  T	 12.7	  0.2	0.000	0.000	0.000
480	  G	  0.3	  0.3	0.000	0.000	0.000
481	  S	  3.3	  0.3	0.000	0.000	0.000
482	  V	  5.8	  0.1	0.000	0.000	0.000
483	  T	  6.6	  0.1	0.000	0.000	0.000
484	  S	  3.7	  0.1	0.000	0.000	0.000
485	  T	  1.1	  0.2	0.000	0.000	0.000
486	  E	  0.3	  0.2	0.000	0.000	0.000
487	  T	  0.7	  0.1	0.000	0.000	0.000
488	  I	  0.6	  0.1	0.000	0.000	0.000
489	  P	  0.6	  0.0	0.000	0.000	0.000
490	  A	  0.0	  0.0	0.000	0.000	0.000
491	  K	  0.0	  0.9	0.000	0.000	0.000
492	  P	  0.0	  1.1	0.000	0.000	0.000
493	  G	  0.0	  1.2	0.000	0.000	0.000
494	  G	  0.0	  1.2	0.000	0.000	0.000
495	  T	  0.1	  0.3	0.000	0.000	0.000
496	  E	  0.1	  0.2	0.000	0.000	0.000
497	  T	  4.9	  0.1	0.000	0.000	0.000
498	  V	 11.3	  0.1	0.000	0.000	0.000
499	  V	 15.6	  0.0	0.000	0.000	0.000
500	  I	 19.9	  0.0	0.000	0.000	0.000
501	  D	 13.5	  0.0	0.000	0.000	0.000
502	  V	  9.4	  0.0	0.000	0.000	0.000
503	  P	  0.1	  0.0	0.000	0.000	0.000
504	  T	  0.1	  0.3	0.000	0.000	0.000
505	  P	  0.0	  0.4	0.000	0.000	0.000
506	  S	  0.7	  0.4	0.000	0.000	0.000
507	  T	  1.7	  0.4	0.000	0.970	0.970
508	  T	  4.0	  0.1	0.000	2.581	2.581
509	  I	  4.2	  0.0	0.000	5.257	5.257
510	  Y	  3.9	  0.0	0.000	5.257	5.257
511	  S	  2.1	  0.0	0.000	5.257	5.257
512	  T	 15.1	  0.0	0.000	5.257	5.257
513	  W	 14.6	  0.1	0.000	5.257	5.257
514	  T	 14.2	  0.2	0.000	1.975	1.975
515	  G	  0.3	  0.2	0.000	0.000	0.000
516	  T	  0.1	  0.3	0.000	0.000	0.000
517	  E	  0.2	  0.2	0.000	0.000	0.000
518	  T	  1.9	  0.1	0.000	0.000	0.000
519	  T	  3.0	  0.1	0.000	0.000	0.000
520	  T	  3.5	  0.1	0.000	0.000	0.000
521	  R	  3.1	  0.1	0.000	0.000	0.000
522	  T	  2.5	  0.1	0.000	0.000	0.000
523	  I	  1.9	  0.0	0.000	0.000	0.000
524	  P	  0.6	  0.2	0.000	0.000	0.000
525	  A	  0.3	  0.2	0.000	0.000	0.000
526	  S	  0.3	  0.2	0.000	0.000	0.000
527	  S	  0.3	  2.0	0.000	0.000	0.000
528	  P	  0.0	  2.0	0.000	0.000	0.000
529	  G	  0.0	  2.1	0.000	0.000	0.000
530	  G	  0.0	  2.2	0.000	0.000	0.000
531	  T	  0.4	  0.4	0.000	0.000	0.000
532	  D	  0.8	  0.3	0.000	0.000	0.000
533	  T	  5.9	  0.1	0.000	0.000	0.000
534	  V	  7.7	  0.0	0.000	0.000	0.000
535	  F	  8.2	  0.0	0.000	0.000	0.000
536	  I	 14.7	  0.0	0.000	0.000	0.000
537	  E	 12.7	  0.0	0.000	0.000	0.000
538	  V	 11.8	  0.0	0.000	0.000	0.000
539	  P	  0.2	  0.0	0.000	0.000	0.000
540	  T	  0.0	  0.0	0.000	0.000	0.000
541	  P	  0.0	  0.0	0.000	0.456	0.456
542	  V	 17.7	  0.0	0.000	14.079	14.079
543	  T	 20.4	  0.0	0.000	14.079	14.079
544	  V	 23.4	  0.0	0.000	14.079	14.079
545	  I	  7.8	  0.0	0.000	14.079	14.079
546	  T	  5.7	  0.0	0.000	13.793	13.793
547	  K	  3.1	  0.0	0.000	0.000	0.000
548	  T	 14.0	  0.0	0.000	1.282	1.282
549	  W	 13.2	  0.1	0.000	3.712	3.712
550	  T	 12.9	  0.8	0.000	3.712	3.712
551	  G	  0.4	  0.8	0.000	3.712	3.712
552	  S	  6.3	  0.8	0.000	4.674	4.674
553	  Y	  7.6	  0.7	0.000	11.520	11.520
554	  T	  9.4	  0.0	0.000	12.243	12.243
555	  T	  8.3	  0.0	0.000	12.243	12.243
556	  V	  9.4	  0.0	0.000	12.243	12.243
557	  V	  9.1	  0.0	0.000	12.139	12.139
558	  T	  4.2	  0.0	0.000	5.014	5.014
559	  E	  1.7	  0.0	0.000	0.000	0.000
560	  P	  0.0	  0.0	0.000	0.000	0.000
561	  F	  1.6	  0.1	0.000	0.486	0.486
562	  V	  2.2	  0.2	0.000	0.486	0.486
563	  S	  2.3	  0.3	0.000	0.486	0.486
564	  G	  0.7	  0.4	0.000	0.486	0.486
565	  T	  0.7	  0.3	0.000	1.138	1.138
566	  Q	  0.7	  0.2	0.000	2.221	2.221
567	  T	  4.3	  0.0	0.000	2.221	2.221
568	  I	 10.1	  0.0	0.000	2.221	2.221
569	  V	 13.2	  0.0	0.000	2.221	2.221
570	  V	 33.6	  0.0	0.000	2.221	2.221
571	  E	 27.3	  0.0	0.000	0.000	0.000
572	  V	 24.4	  0.0	0.000	0.000	0.000
573	  P	  0.2	  0.0	0.000	0.000	0.000
574	  T	  0.0	  0.1	0.000	0.000	0.000
575	  P	  0.0	  0.2	0.000	0.000	0.000
576	  T	  1.5	  0.2	0.000	0.000	0.000
577	  T	  2.4	  0.2	0.000	0.000	0.000
578	  T	 12.4	  0.0	0.000	0.000	0.000
579	  I	 14.0	  0.0	0.000	0.000	0.000
580	  T	 13.5	  0.0	0.000	0.000	0.000
581	  R	  4.6	  0.0	0.000	0.000	0.000
582	  T	 13.5	  0.0	0.000	0.000	0.000
583	  W	 13.2	  0.1	0.000	0.000	0.000
584	  T	 12.4	  0.4	0.000	0.000	0.000
585	  G	  0.3	  0.5	0.000	0.000	0.000
586	  T	  2.6	  0.5	0.000	0.000	0.000
587	  T	  3.6	  0.5	0.000	0.000	0.000
588	  S	  3.9	  0.2	0.000	0.000	0.000
589	  Q	  1.6	  0.2	0.000	0.000	0.000
590	  T	  0.5	  0.2	0.000	0.000	0.000
591	  E	  0.2	  0.2	0.000	0.000	0.000
592	  T	  0.4	  0.1	0.000	0.000	0.000
593	  L	  0.3	  0.1	0.000	0.000	0.000
594	  P	  0.2	  0.0	0.000	0.000	0.000
595	  A	  0.0	  1.4	0.000	0.000	0.000
596	  P	  0.0	  1.6	0.000	0.000	0.000
597	  S	  0.0	  2.0	0.000	0.000	0.000
598	  G	  0.0	  2.1	0.000	0.000	0.000
599	  G	  0.0	  0.7	0.000	0.000	0.000
600	  T	  0.6	  0.5	0.000	0.677	0.677
601	  Q	  0.9	  0.1	0.000	1.817	1.817
602	  T	  5.5	  0.1	0.000	1.817	1.817
603	  V	 15.3	  0.0	0.000	1.817	1.817
604	  V	 18.3	  0.0	0.000	1.817	1.817
605	  V	 24.7	  0.0	0.000	1.817	1.817
606	  D	 14.3	  0.0	0.000	0.000	0.000
607	  V	 11.2	  0.0	0.000	0.000	0.000
608	  P	  0.1	  0.0	0.000	0.000	0.000
609	  T	  0.0	  0.1	0.000	0.000	0.000
610	  P	  0.0	  0.1	0.000	0.000	0.000
611	  Y	  1.4	  0.1	0.000	0.232	0.232
612	  T	  2.4	  0.1	0.000	0.232	0.232
613	  T	 12.4	  0.0	0.000	0.232	0.232
614	  I	 12.9	  0.0	0.000	0.232	0.232
615	  T	 13.1	  0.0	0.000	0.232	0.232
616	  K	  3.5	  0.0	0.000	0.000	0.000
617	  T	 13.1	  0.0	0.000	0.000	0.000
618	  W	 12.1	  0.1	0.000	0.000	0.000
619	  T	 11.8	  0.2	0.000	0.000	0.000
620	  G	  0.3	  0.2	0.000	0.000	0.000
621	  S	  9.3	  0.3	0.000	0.000	0.000
622	  V	 10.0	  0.2	0.000	0.000	0.000
623	  S	 10.6	  0.2	0.000	0.000	0.000
624	  T	  1.8	  0.2	0.000	0.000	0.000
625	  T	  1.0	  0.1	0.000	0.000	0.000
626	  E	  0.6	  0.1	0.000	0.000	0.000
627	  T	  0.5	  0.1	0.000	0.000	0.000
628	  Q	  0.4	  0.1	0.000	0.000	0.000
629	  P	  0.2	  0.0	0.000	0.000	0.000
630	  A	  0.0	  1.4	0.000	0.000	0.000
631	  P	  0.0	  1.6	0.000	0.000	0.000
632	  S	  0.0	  2.0	0.000	0.000	0.000
633	  G	  0.0	  2.3	0.000	0.000	0.000
634	  G	  0.0	  1.0	0.000	0.123	0.123
635	  T	  0.1	  0.8	0.000	1.596	1.596
636	  G	  0.1	  0.4	0.000	3.888	3.888
637	  T	  2.5	  0.1	0.000	3.888	3.888
638	  V	 13.3	  0.0	0.000	3.888	3.888
639	  I	 15.4	  0.0	0.000	3.888	3.888
640	  V	 36.4	  0.0	0.000	3.776	3.776
641	  E	 25.7	  0.0	0.000	0.000	0.000
642	  V	 23.7	  0.0	0.000	0.000	0.000
643	  P	  0.2	  0.0	0.000	0.000	0.000
644	  T	  0.0	  0.0	0.000	0.000	0.000
645	  P	  0.0	  0.0	0.000	0.000	0.000
646	  V	  1.6	  0.0	0.000	0.795	0.795
647	  T	  2.5	  0.0	0.000	0.795	0.795
648	  T	 12.5	  0.0	0.000	0.795	0.795
649	  I	 14.0	  0.0	0.000	0.795	0.795
650	  T	 13.6	  0.0	0.000	0.795	0.795
651	  R	  4.6	  0.0	0.000	0.000	0.000
652	  T	 13.6	  0.0	0.000	0.000	0.000
653	  W	 13.3	  0.1	0.000	0.000	0.000
654	  T	 12.5	  0.4	0.000	0.000	0.000
655	  G	  0.3	  0.4	0.000	0.000	0.000
656	  T	  1.6	  0.5	0.000	0.000	0.000
657	  T	  3.9	  0.4	0.000	0.000	0.000
658	  T	  4.6	  0.1	0.000	0.000	0.000
659	  Q	  3.2	  0.1	0.000	0.000	0.000
660	  T	  1.0	  0.2	0.000	0.000	0.000
661	  E	  0.2	  0.1	0.000	0.000	0.000
662	  T	  0.7	  0.1	0.000	0.000	0.000
663	  I	  0.6	  0.1	0.000	0.000	0.000
664	  P	  0.6	  0.0	0.000	0.000	0.000
665	  A	  0.0	  1.4	0.000	0.000	0.000
666	  P	  0.0	  1.6	0.000	0.000	0.000
667	  S	  0.0	  2.1	0.000	0.000	0.000
668	  G	  0.0	  2.1	0.000	0.000	0.000
669	  G	  0.0	  0.8	0.000	0.000	0.000
670	  T	  0.1	  0.6	0.000	0.000	0.000
671	  E	  0.1	  0.2	0.000	0.000	0.000
672	  T	  2.2	  0.1	0.000	0.000	0.000
673	  I	  8.9	  0.1	0.000	0.000	0.000
674	  I	  9.6	  0.0	0.000	0.000	0.000
675	  V	 19.6	  0.0	0.000	0.000	0.000
676	  D	 12.8	  0.0	0.000	0.000	0.000
677	  V	 12.1	  0.0	0.000	0.000	0.000
678	  P	  0.1	  0.0	0.000	0.000	0.000
679	  T	  0.0	  0.0	0.000	0.000	0.000
680	  P	  0.0	  0.0	0.000	0.000	0.000
681	  V	  1.6	  0.0	0.000	3.136	3.136
682	  T	  3.5	  0.0	0.000	3.136	3.136
683	  T	 12.3	  0.0	0.000	3.136	3.136
684	  V	 12.7	  0.0	0.000	3.253	3.253
685	  T	 11.4	  0.1	0.000	3.253	3.253
686	  S	  3.2	  0.1	0.000	1.319	1.319
687	  T	 18.1	  0.1	0.000	1.080	1.080
688	  Y	 18.6	  0.2	0.000	0.936	0.936
689	  T	 18.2	  0.3	0.000	0.308	0.308
690	  G	  1.4	  0.3	0.000	0.000	0.000
691	  S	  2.5	  0.3	0.000	0.000	0.000
692	  I	  5.7	  0.2	0.000	0.000	0.000
693	  T	  7.3	  0.0	0.000	0.000	0.000
694	  T	  6.1	  0.0	0.000	0.000	0.000
695	  T	  3.3	  0.1	0.000	0.000	0.000
696	  R	  2.9	  0.1	0.000	0.000	0.000
697	  T	  2.4	  0.1	0.000	0.000	0.000
698	  I	  1.8	  0.0	0.000	0.000	0.000
699	  P	  0.6	  0.0	0.000	0.000	0.000
700	  A	  0.0	  1.4	0.000	0.000	0.000
701	  P	  0.0	  1.6	0.000	0.000	0.000
702	  S	  0.0	  2.0	0.000	0.000	0.000
703	  G	  0.0	  2.1	0.000	0.000	0.000
704	  G	  0.0	  0.7	0.000	0.000	0.000
705	  T	  0.1	  0.6	0.000	0.000	0.000
706	  E	  0.1	  0.1	0.000	0.000	0.000
707	  T	  4.1	  0.1	0.000	0.000	0.000
708	  V	 13.0	  0.1	0.000	0.000	0.000
709	  V	 16.1	  0.0	0.000	0.000	0.000
710	  V	 35.4	  0.0	0.000	0.000	0.000
711	  E	 26.5	  0.0	0.000	0.000	0.000
712	  V	 23.7	  0.0	0.000	0.000	0.000
713	  P	  0.2	  0.0	0.000	0.000	0.000
714	  T	  0.0	  0.2	0.000	0.000	0.000
715	  P	  0.0	  0.2	0.000	0.000	0.000
716	  T	  1.7	  0.2	0.000	1.212	1.212
717	  T	  2.7	  0.2	0.000	2.526	2.526
718	  T	  5.0	  0.0	0.000	4.708	4.708
719	  I	  4.2	  0.0	0.000	8.331	8.331
720	  Y	  3.8	  0.0	0.000	8.331	8.331
721	  S	  2.1	  0.0	0.000	7.826	7.826
722	  T	 13.8	  0.0	0.000	7.826	7.826
723	  W	 13.3	  0.1	0.000	7.826	7.826
724	  T	 12.9	  0.1	0.000	4.287	4.287
725	  G	  0.3	  0.1	0.000	2.156	2.156
726	  T	  9.5	  0.1	0.000	2.156	2.156
727	  V	 11.9	  0.1	0.000	2.156	2.156
728	  T	 12.6	  0.1	0.000	0.757	0.757
729	  S	  3.9	  0.1	0.000	0.000	0.000
730	  T	  1.9	  0.2	0.000	0.000	0.000
731	  R	  1.5	  0.3	0.000	0.000	0.000
732	  T	  1.1	  0.3	0.000	0.000	0.000
733	  D	  0.5	  0.3	0.000	0.000	0.000
734	  H	  0.4	  0.4	0.000	0.000	0.000
735	  A	  0.4	  0.3	0.000	0.000	0.000
736	  T	  3.3	  0.3	0.000	0.000	0.000
737	  T	  3.1	  0.5	0.000	0.000	0.000
738	  S	  2.9	  0.8	0.000	0.000	0.000
739	  G	  0.1	  0.9	0.000	0.000	0.000
740	  G	  0.0	  0.9	0.000	0.000	0.000
741	  T	  0.4	  0.7	0.000	0.000	0.000
742	  D	  0.4	  0.3	0.000	0.000	0.000
743	  T	  1.4	  0.1	0.000	0.000	0.000
744	  L	  3.1	  0.1	0.000	0.000	0.000
745	  V	  6.2	  0.0	0.000	0.000	0.000
746	  I	 17.0	  0.0	0.000	0.000	0.000
747	  E	 15.2	  0.0	0.000	0.000	0.000
748	  V	 12.3	  0.0	0.000	0.000	0.000
749	  P	  0.2	  0.0	0.000	0.000	0.000
750	  T	  0.0	  0.0	0.000	0.000	0.000
751	  P	  0.0	  0.0	0.000	0.000	0.000
752	  V	  1.6	  0.0	0.000	0.795	0.795
753	  T	  2.5	  0.0	0.000	0.795	0.795
754	  T	 12.6	  0.0	0.000	0.795	0.795
755	  I	 12.9	  0.0	0.000	0.795	0.795
756	  T	 13.1	  0.0	0.000	0.795	0.795
757	  K	  3.5	  0.0	0.000	0.000	0.000
758	  T	 13.9	  0.0	0.000	0.000	0.000
759	  W	 12.9	  0.1	0.000	0.000	0.000
760	  T	 12.6	  0.3	0.000	0.000	0.000
761	  G	  0.3	  0.3	0.000	0.000	0.000
762	  S	  2.7	  0.3	0.000	0.000	0.000
763	  I	  6.1	  0.2	0.000	0.000	0.000
764	  T	  7.7	  0.0	0.000	0.000	0.000
765	  T	  5.5	  0.0	0.000	0.000	0.000
766	  T	  2.1	  0.1	0.000	0.000	0.000
767	  E	  0.4	  0.1	0.000	0.000	0.000
768	  T	  0.7	  0.1	0.000	0.000	0.000
769	  I	  0.6	  0.1	0.000	0.000	0.000
770	  P	  0.6	  0.0	0.000	0.000	0.000
771	  A	  0.0	  1.4	0.000	0.000	0.000
772	  P	  0.0	  1.6	0.000	0.000	0.000
773	  S	  0.0	  2.0	0.000	0.000	0.000
774	  G	  0.0	  2.1	0.000	0.000	0.000
775	  G	  0.0	  0.7	0.000	0.000	0.000
776	  T	  0.1	  0.6	0.000	0.000	0.000
777	  E	  0.1	  0.1	0.000	0.000	0.000
778	  T	  2.5	  0.1	0.000	0.000	0.000
779	  V	 13.3	  0.1	0.000	0.000	0.000
780	  I	 15.4	  0.0	0.000	0.000	0.000
781	  V	 36.4	  0.0	0.000	0.000	0.000
782	  E	 25.7	  0.0	0.000	0.000	0.000
783	  V	 23.7	  0.0	0.000	0.000	0.000
784	  P	  0.2	  0.0	0.000	0.000	0.000
785	  T	  0.0	  0.0	0.000	0.000	0.000
786	  P	  0.0	  0.0	0.000	0.000	0.000
787	  V	  1.6	  0.0	0.000	0.795	0.795
788	  T	  2.5	  0.0	0.000	0.795	0.795
789	  T	 12.5	  0.0	0.000	0.795	0.795
790	  I	 14.0	  0.0	0.000	0.795	0.795
791	  T	 13.6	  0.0	0.000	0.795	0.795
792	  R	  4.6	  0.0	0.000	0.000	0.000
793	  T	 13.5	  0.0	0.000	0.000	0.000
794	  W	 13.1	  0.1	0.000	0.000	0.000
795	  T	 12.4	  0.2	0.000	0.000	0.000
796	  G	  0.3	  0.2	0.000	0.000	0.000
797	  S	  3.3	  0.2	0.000	0.000	0.000
798	  V	  4.9	  0.1	0.000	0.000	0.000
799	  T	  6.5	  0.0	0.000	0.000	0.000
800	  T	  3.7	  0.0	0.000	0.000	0.000
801	  T	  2.0	  0.1	0.000	0.000	0.000
802	  E	  0.4	  0.1	0.000	0.000	0.000
803	  T	  2.9	  0.1	0.000	0.000	0.000
804	  L	  4.5	  0.1	0.000	0.000	0.000
805	  T	  4.6	  0.0	0.000	0.000	0.000
806	  A	  1.9	  1.3	0.000	0.000	0.000
807	  P	  0.1	  1.6	0.000	0.000	0.000
808	  S	  0.0	  2.0	0.000	0.000	0.000
809	  G	  0.0	  2.1	0.000	0.000	0.000
810	  G	  0.0	  0.7	0.000	0.000	0.000
811	  T	  0.1	  0.6	0.000	0.000	0.000
812	  E	  0.1	  0.2	0.000	0.000	0.000
813	  T	  3.2	  0.1	0.000	0.000	0.000
814	  V	  9.4	  0.1	0.000	0.000	0.000
815	  I	 10.1	  0.0	0.000	0.000	0.000
816	  I	 16.7	  0.0	0.000	0.000	0.000
817	  D	 10.3	  0.0	0.000	0.000	0.000
818	  V	  9.6	  0.0	0.000	0.000	0.000
819	  P	  0.1	  0.0	0.000	0.000	0.000
820	  T	  0.0	  0.0	0.000	0.000	0.000
821	  P	  0.0	  0.0	0.000	0.000	0.000
822	  V	  1.6	  0.0	0.000	0.795	0.795
823	  T	  2.5	  0.0	0.000	0.795	0.795
824	  T	 12.5	  0.0	0.000	0.795	0.795
825	  I	 14.0	  0.0	0.000	0.795	0.795
826	  T	 13.6	  0.0	0.000	0.795	0.795
827	  R	  4.6	  0.0	0.000	0.000	0.000
828	  T	 13.6	  0.0	0.000	0.000	0.000
829	  W	 13.3	  0.1	0.000	0.000	0.000
830	  T	 12.5	  0.4	0.000	0.000	0.000
831	  G	  0.3	  0.4	0.000	0.000	0.000
832	  T	  1.6	  0.5	0.000	0.000	0.000
833	  T	  3.9	  0.4	0.000	0.000	0.000
834	  T	  4.6	  0.1	0.000	0.000	0.000
835	  Q	  3.2	  0.1	0.000	0.000	0.000
836	  T	  1.0	  0.2	0.000	0.000	0.000
837	  E	  0.2	  0.2	0.000	0.000	0.000
838	  T	  0.4	  0.1	0.000	0.000	0.000
839	  L	  0.3	  0.1	0.000	0.000	0.000
840	  P	  0.2	  0.0	0.000	0.000	0.000
841	  A	  0.0	  1.4	0.000	0.000	0.000
842	  P	  0.0	  1.6	0.000	0.000	0.000
843	  S	  0.0	  2.1	0.000	0.000	0.000
844	  G	  0.0	  2.1	0.000	0.000	0.000
845	  G	  0.0	  0.8	0.000	0.000	0.000
846	  T	  0.1	  0.6	0.000	0.000	0.000
847	  E	  0.1	  0.2	0.000	0.000	0.000
848	  T	  2.3	  0.1	0.000	0.000	0.000
849	  I	  7.0	  0.1	0.000	0.000	0.000
850	  I	  7.7	  0.0	0.000	0.000	0.000
851	  I	 15.4	  0.0	0.000	0.000	0.000
852	  D	 10.6	  0.0	0.000	0.000	0.000
853	  V	  9.9	  0.0	0.000	0.000	0.000
854	  P	  0.1	  0.0	0.000	0.000	0.000
855	  T	  0.0	  0.0	0.000	0.000	0.000
856	  P	  0.0	  0.0	0.000	0.000	0.000
857	  V	  1.6	  0.0	0.000	0.795	0.795
858	  T	  2.5	  0.0	0.000	0.795	0.795
859	  T	 12.5	  0.0	0.000	0.795	0.795
860	  I	 14.0	  0.0	0.000	0.795	0.795
861	  T	 13.6	  0.0	0.000	0.795	0.795
862	  R	  4.6	  0.0	0.000	0.000	0.000
863	  T	 13.5	  0.0	0.000	0.000	0.000
864	  W	 13.1	  0.1	0.000	0.000	0.000
865	  T	 12.4	  0.2	0.000	0.000	0.000
866	  G	  0.3	  0.2	0.000	0.000	0.000
867	  S	  3.3	  0.2	0.000	0.000	0.000
868	  V	  5.8	  0.1	0.000	0.000	0.000
869	  T	  6.6	  0.1	0.000	0.000	0.000
870	  S	  3.6	  0.1	0.000	0.000	0.000
871	  T	  1.1	  0.2	0.000	0.000	0.000
872	  E	  0.3	  0.2	0.000	0.000	0.000
873	  T	  2.9	  0.1	0.000	0.000	0.000
874	  L	  4.5	  0.1	0.000	0.000	0.000
875	  T	  4.7	  0.0	0.000	0.000	0.000
876	  A	  1.9	  1.3	0.000	0.000	0.000
877	  P	  0.1	  1.6	0.000	0.000	0.000
878	  S	  0.0	  2.0	0.000	0.000	0.000
879	  G	  0.0	  2.1	0.000	0.000	0.000
880	  G	  0.0	  0.7	0.000	0.000	0.000
881	  T	  0.1	  0.6	0.000	0.000	0.000
882	  E	  0.1	  0.2	0.000	0.000	0.000
883	  T	  3.2	  0.1	0.000	0.000	0.000
884	  V	  9.4	  0.1	0.000	0.000	0.000
885	  I	 10.1	  0.0	0.000	0.000	0.000
886	  I	 16.7	  0.0	0.000	0.000	0.000
887	  D	 10.3	  0.0	0.000	0.000	0.000
888	  V	  9.6	  0.0	0.000	0.000	0.000
889	  P	  0.1	  0.0	0.000	0.000	0.000
890	  T	  0.0	  0.0	0.000	0.000	0.000
891	  P	  0.0	  0.0	0.000	0.000	0.000
892	  V	  1.6	  0.0	0.000	0.795	0.795
893	  T	  2.5	  0.0	0.000	0.795	0.795
894	  T	 12.6	  0.0	0.000	0.795	0.795
895	  I	 12.9	  0.0	0.000	0.795	0.795
896	  T	 13.1	  0.0	0.000	0.795	0.795
897	  K	  3.5	  0.0	0.000	0.000	0.000
898	  T	 13.8	  0.0	0.000	0.000	0.000
899	  W	 12.8	  0.1	0.000	0.000	0.000
900	  T	 12.5	  0.2	0.000	0.000	0.000
901	  G	  0.3	  0.2	0.000	0.000	0.000
902	  S	  3.3	  0.2	0.000	0.000	0.000
903	  V	  4.9	  0.1	0.000	0.000	0.000
904	  T	  6.5	  0.0	0.000	0.000	0.000
905	  T	  3.7	  0.0	0.000	0.000	0.000
906	  T	  2.0	  0.1	0.000	0.000	0.000
907	  E	  0.4	  0.1	0.000	0.000	0.000
908	  T	  0.7	  0.1	0.000	0.000	0.000
909	  I	  0.6	  0.1	0.000	0.000	0.000
910	  P	  0.6	  0.0	0.000	0.000	0.000
911	  A	  0.0	  1.4	0.000	0.000	0.000
912	  P	  0.0	  1.6	0.000	0.000	0.000
913	  S	  0.0	  2.0	0.000	0.000	0.000
914	  G	  0.0	  2.1	0.000	0.000	0.000
915	  G	  0.0	  0.7	0.000	0.000	0.000
916	  T	  0.1	  0.6	0.000	0.000	0.000
917	  E	  0.1	  0.2	0.000	0.000	0.000
918	  T	  3.2	  0.1	0.000	0.000	0.000
919	  V	  9.4	  0.1	0.000	0.000	0.000
920	  I	 10.1	  0.0	0.000	0.000	0.000
921	  I	 16.7	  0.0	0.000	0.000	0.000
922	  D	 10.3	  0.0	0.000	0.000	0.000
923	  V	  9.6	  0.0	0.000	0.000	0.000
924	  P	  0.1	  0.0	0.000	0.000	0.000
925	  T	  0.0	  0.0	0.000	0.000	0.000
926	  P	  0.0	  0.0	0.000	0.000	0.000
927	  V	  1.5	  0.0	0.000	0.894	0.894
928	  T	  4.4	  0.0	0.000	0.894	0.894
929	  T	 20.9	  0.0	0.000	0.894	0.894
930	  F	 21.7	  0.0	0.000	0.894	0.894
931	  T	 19.3	  0.0	0.000	0.894	0.894
932	  R	  3.8	  0.0	0.000	0.000	0.000
933	  T	 12.7	  0.0	0.000	0.000	0.000
934	  W	 12.5	  0.1	0.000	0.000	0.000
935	  T	 11.7	  0.3	0.000	0.000	0.000
936	  G	  0.3	  0.3	0.000	0.000	0.000
937	  T	  0.8	  0.4	0.000	0.000	0.000
938	  S	  1.1	  0.3	0.000	0.000	0.000
939	  T	  1.8	  0.2	0.000	0.000	0.000
940	  Q	  1.2	  0.2	0.000	0.000	0.000
941	  T	  1.0	  0.2	0.000	0.000	0.000
942	  E	  0.2	  0.1	0.000	0.000	0.000
943	  T	  0.7	  0.1	0.000	0.000	0.000
944	  I	  0.6	  0.1	0.000	0.000	0.000
945	  P	  0.6	  0.0	0.000	0.000	0.000
946	  A	  0.0	  1.4	0.000	0.000	0.000
947	  P	  0.0	  1.6	0.000	0.000	0.000
948	  S	  0.0	  2.0	0.000	0.000	0.000
949	  G	  0.0	  2.1	0.000	0.000	0.000
950	  G	  0.0	  0.7	0.000	0.000	0.000
951	  T	  0.1	  0.6	0.000	0.000	0.000
952	  E	  0.1	  0.2	0.000	0.000	0.000
953	  T	  3.2	  0.1	0.000	0.000	0.000
954	  V	  9.4	  0.1	0.000	0.000	0.000
955	  I	 10.1	  0.0	0.000	0.000	0.000
956	  I	 16.7	  0.0	0.000	0.000	0.000
957	  D	 10.3	  0.0	0.000	0.000	0.000
958	  V	  9.6	  0.0	0.000	0.000	0.000
959	  P	  0.1	  0.0	0.000	0.000	0.000
960	  T	  0.0	  0.0	0.000	0.000	0.000
961	  P	  0.0	  0.0	0.000	0.000	0.000
962	  V	  1.6	  0.0	0.000	0.795	0.795
963	  T	  2.5	  0.0	0.000	0.795	0.795
964	  T	 12.5	  0.0	0.000	0.795	0.795
965	  I	 14.0	  0.0	0.000	0.795	0.795
966	  T	 13.6	  0.0	0.000	0.795	0.795
967	  R	  4.6	  0.0	0.000	0.000	0.000
968	  T	 13.6	  0.0	0.000	0.000	0.000
969	  W	 13.3	  0.1	0.000	0.000	0.000
970	  T	 12.6	  1.1	0.000	0.000	0.000
971	  G	  0.4	  1.2	0.000	0.000	0.000
972	  S	  0.7	  1.2	0.000	0.000	0.000
973	  T	  2.3	  1.1	0.000	0.000	0.000
974	  T	  4.0	  0.1	0.000	0.000	0.000
975	  T	  3.7	  0.1	0.000	0.000	0.000
976	  T	  2.1	  0.1	0.000	0.000	0.000
977	  E	  0.4	  0.1	0.000	0.000	0.000
978	  T	  0.7	  0.1	0.000	0.000	0.000
979	  I	  0.6	  0.1	0.000	0.000	0.000
980	  P	  0.6	  0.0	0.000	0.000	0.000
981	  A	  0.0	  0.3	0.000	0.000	0.000
982	  E	  0.0	  0.3	0.000	0.000	0.000
983	  T	  0.0	  0.6	0.000	0.000	0.000
984	  G	  0.0	  0.7	0.000	0.000	0.000
985	  G	  0.0	  0.4	0.000	0.000	0.000
986	  T	  0.1	  0.4	0.000	0.000	0.000
987	  E	  0.1	  0.2	0.000	0.000	0.000
988	  T	  3.2	  0.1	0.000	0.000	0.000
989	  V	  9.4	  0.1	0.000	0.000	0.000
990	  I	 10.1	  0.0	0.000	0.000	0.000
991	  I	 16.7	  0.0	0.000	0.000	0.000
992	  D	 10.3	  0.0	0.000	0.000	0.000
993	  V	  9.6	  0.0	0.000	0.000	0.000
994	  P	  0.1	  0.0	0.000	0.000	0.000
995	  T	  0.0	  0.0	0.000	0.000	0.000
996	  P	  0.0	  0.0	0.000	0.000	0.000
997	  V	  1.6	  0.0	0.000	0.837	0.837
998	  T	  3.6	  0.0	0.000	0.837	0.837
999	  T	 12.8	  0.0	0.000	0.837	0.837
1000	  V	 12.6	  0.0	0.000	0.837	0.837
1001	  T	 11.8	  0.0	0.000	0.837	0.837
1002	  K	  3.0	  0.0	0.000	0.000	0.000
1003	  T	 14.0	  0.0	0.000	0.000	0.000
1004	  W	 13.0	  0.1	0.000	0.000	0.000
1005	  T	 12.7	  0.3	0.000	0.000	0.000
1006	  G	  0.3	  0.3	0.000	0.000	0.000
1007	  S	  2.7	  0.3	0.000	0.000	0.000
1008	  I	  6.1	  0.2	0.000	0.000	0.000
1009	  T	  7.7	  0.0	0.000	0.000	0.000
1010	  T	  5.5	  0.0	0.000	0.000	0.000
1011	  T	  2.1	  0.1	0.000	0.000	0.000
1012	  E	  0.4	  0.1	0.000	0.000	0.000
1013	  T	  0.7	  0.1	0.000	0.000	0.000
1014	  I	  0.6	  0.1	0.000	0.000	0.000
1015	  P	  0.6	  0.0	0.000	0.000	0.000
1016	  A	  0.1	  0.3	0.000	0.000	0.000
1017	  Q	  0.1	  0.4	0.000	0.000	0.000
1018	  S	  0.1	  0.9	0.000	0.000	0.000
1019	  G	  0.0	  0.9	0.000	0.000	0.000
1020	  G	  0.0	  0.7	0.000	0.000	0.000
1021	  T	  0.1	  0.6	0.000	0.000	0.000
1022	  E	  0.1	  0.1	0.000	0.000	0.000
1023	  T	  4.1	  0.1	0.000	0.000	0.000
1024	  V	 13.0	  0.1	0.000	0.000	0.000
1025	  V	 16.1	  0.0	0.000	0.000	0.000
1026	  V	 35.4	  0.0	0.000	0.000	0.000
1027	  E	 26.5	  0.0	0.000	0.000	0.000
1028	  V	 23.7	  0.0	0.000	0.000	0.000
1029	  P	  0.2	  0.0	0.000	0.000	0.000
1030	  T	  0.0	  0.2	0.000	0.000	0.000
1031	  P	  0.0	  0.2	0.000	0.000	0.000
1032	  T	  1.7	  0.2	0.000	0.980	0.980
1033	  T	  2.7	  0.2	0.000	1.671	1.671
1034	  T	  4.6	  0.0	0.000	2.728	2.728
1035	  I	  3.6	  0.0	0.000	4.262	4.262
1036	  W	  2.9	  0.0	0.000	4.262	4.262
1037	  S	  1.5	  0.0	0.000	3.616	3.616
1038	  T	 15.0	  0.0	0.000	3.482	3.482
1039	  W	 14.8	  0.1	0.000	3.348	3.348
1040	  T	 14.3	  0.2	0.000	1.258	1.258
1041	  G	  0.3	  0.2	0.000	0.000	0.000
1042	  T	  0.1	  0.3	0.000	0.000	0.000
1043	  E	  0.1	  0.2	0.000	0.000	0.000
1044	  T	  1.3	  0.2	0.000	0.000	0.000
1045	  A	  1.4	  0.2	0.000	0.000	0.000
1046	  T	  2.0	  0.2	0.000	0.000	0.000
1047	  R	  2.0	  0.2	0.000	0.000	0.000
1048	  T	  2.4	  0.1	0.000	0.000	0.000
1049	  V	  1.8	  0.1	0.000	0.000	0.000
1050	  P	  0.7	  0.1	0.000	0.000	0.000
1051	  A	  0.1	  0.2	0.000	0.000	0.000
1052	  S	  2.1	  1.0	0.000	0.000	0.000
1053	  T	  2.2	  1.2	0.000	0.000	0.000
1054	  S	  2.1	  1.5	0.000	0.000	0.000
1055	  G	  0.1	  1.5	0.000	0.000	0.000
1056	  G	  0.0	  0.8	0.000	0.000	0.000
1057	  T	  0.3	  0.6	0.000	0.000	0.000
1058	  D	  0.7	  0.2	0.000	0.000	0.000
1059	  T	  3.0	  0.1	0.000	0.000	0.000
1060	  V	 13.5	  0.0	0.000	0.000	0.000
1061	  I	 15.4	  0.0	0.000	0.000	0.000
1062	  V	 36.3	  0.0	0.000	0.000	0.000
1063	  E	 25.7	  0.0	0.000	0.000	0.000
1064	  V	 23.6	  0.0	0.000	0.000	0.000
1065	  P	  0.2	  0.0	0.000	0.000	0.000
1066	  T	  0.0	  0.0	0.000	0.000	0.000
1067	  P	  0.0	  0.0	0.000	0.456	0.456
1068	  V	 17.7	  0.0	0.000	14.079	14.079
1069	  T	 20.4	  0.0	0.000	14.079	14.079
1070	  V	 23.4	  0.0	0.000	14.079	14.079
1071	  I	  7.8	  0.0	0.000	14.079	14.079
1072	  T	  5.7	  0.0	0.000	13.793	13.793
1073	  K	  3.1	  0.0	0.000	0.000	0.000
1074	  T	 14.0	  0.0	0.000	1.282	1.282
1075	  W	 13.2	  0.1	0.000	3.712	3.712
1076	  T	 12.9	  0.8	0.000	3.712	3.712
1077	  G	  0.4	  0.8	0.000	3.712	3.712
1078	  S	  6.3	  0.8	0.000	4.674	4.674
1079	  Y	  7.6	  0.7	0.000	11.520	11.520
1080	  T	  9.4	  0.0	0.000	12.243	12.243
1081	  T	  8.3	  0.0	0.000	12.243	12.243
1082	  V	  9.4	  0.0	0.000	12.243	12.243
1083	  V	  9.1	  0.0	0.000	12.139	12.139
1084	  T	  4.2	  0.0	0.000	5.014	5.014
1085	  E	  1.7	  0.0	0.000	0.000	0.000
1086	  P	  0.0	  0.0	0.000	0.000	0.000
1087	  F	  1.2	  0.5	0.000	0.000	0.000
1088	  E	  1.2	  0.6	0.000	0.000	0.000
1089	  S	  1.3	  0.8	0.000	0.000	0.000
1090	  G	  0.1	  0.8	0.000	0.000	0.000
1091	  T	  0.7	  0.3	0.000	0.652	0.652
1092	  Q	  0.7	  0.2	0.000	1.735	1.735
1093	  T	  4.3	  0.0	0.000	1.735	1.735
1094	  I	 10.1	  0.0	0.000	1.735	1.735
1095	  V	 13.2	  0.0	0.000	1.735	1.735
1096	  V	 33.6	  0.0	0.000	1.735	1.735
1097	  E	 27.3	  0.0	0.000	0.000	0.000
1098	  V	 24.4	  0.0	0.000	0.000	0.000
1099	  P	  0.2	  0.0	0.000	0.000	0.000
1100	  T	  0.0	  0.1	0.000	0.000	0.000
1101	  P	  0.0	  0.2	0.000	0.000	0.000
1102	  T	  1.5	  0.2	0.000	0.000	0.000
1103	  T	  3.5	  0.2	0.000	0.000	0.000
1104	  T	 12.7	  0.0	0.000	0.000	0.000
1105	  V	 13.3	  0.0	0.000	0.147	0.147
1106	  T	 12.0	  0.0	0.000	0.147	0.147
1107	  S	  3.3	  0.0	0.000	0.147	0.147
1108	  T	 13.6	  0.0	0.000	0.147	0.147
1109	  W	 13.2	  0.1	0.000	0.147	0.147
1110	  T	 12.8	  0.4	0.000	0.000	0.000
1111	  G	  0.3	  0.5	0.000	0.000	0.000
1112	  T	  1.5	  0.5	0.000	0.139	0.139
1113	  T	  2.1	  0.4	0.000	0.277	0.277
1114	  T	  2.9	  0.0	0.000	0.416	0.416
1115	  A	  1.8	  0.0	0.000	0.416	0.416
1116	  V	  3.0	  0.0	0.000	0.416	0.416
1117	  T	  4.0	  0.0	0.000	0.277	0.277
1118	  T	  4.2	  0.0	0.000	0.139	0.139
1119	  I	  2.4	  0.0	0.000	0.000	0.000
1120	  P	  0.5	  0.1	0.000	0.000	0.000
1121	  A	  0.2	  0.1	0.000	0.000	0.000
1122	  T	  1.5	  0.6	0.000	0.000	0.000
1123	  S	  1.5	  0.9	0.000	0.000	0.000
1124	  S	  1.4	  1.2	0.000	0.000	0.000
1125	  G	  0.1	  1.3	0.000	0.000	0.000
1126	  G	  0.0	  0.9	0.000	0.000	0.000
1127	  T	  0.3	  0.7	0.000	0.000	0.000
1128	  D	  0.7	  0.2	0.000	0.000	0.000
1129	  T	  5.6	  0.1	0.000	1.146	1.146
1130	  V	 16.3	  0.0	0.000	1.409	1.409
1131	  V	 19.3	  0.0	0.000	1.409	1.409
1132	  V	 20.2	  0.0	0.000	1.409	1.409
1133	  Q	  9.1	  0.0	0.000	1.409	1.409
1134	  V	  5.7	  0.0	0.000	0.263	0.263
1135	  P	  0.1	  0.0	0.000	0.117	0.117
1136	  T	  0.0	  0.0	0.000	0.000	0.000
1137	  P	  0.0	  0.0	0.000	0.000	0.000
1138	  M	  0.3	  0.0	0.000	0.000	0.000
1139	  T	  1.3	  0.0	0.000	0.000	0.000
1140	  T	 11.4	  0.0	0.000	0.000	0.000
1141	  I	 13.0	  0.0	0.000	0.000	0.000
1142	  T	 13.2	  0.0	0.000	0.000	0.000
1143	  K	  3.6	  0.0	0.000	0.000	0.000
1144	  T	 13.1	  0.0	0.000	0.000	0.000
1145	  W	 12.1	  0.1	0.000	0.000	0.000
1146	  T	 11.7	  0.1	0.000	0.000	0.000
1147	  G	  0.3	  0.1	0.000	0.000	0.000
1148	  T	  9.6	  0.1	0.000	0.000	0.000
1149	  V	 11.1	  0.1	0.000	0.000	0.000
1150	  T	 12.7	  0.0	0.000	0.000	0.000
1151	  T	  3.5	  0.0	0.000	0.000	0.000
1152	  T	  1.9	  0.1	0.000	0.000	0.000
1153	  E	  0.4	  0.1	0.000	0.000	0.000
1154	  T	  0.3	  0.1	0.000	0.000	0.000
1155	  L	  0.2	  0.2	0.000	0.000	0.000
1156	  P	  0.2	  0.2	0.000	0.000	0.000
1157	  T	 17.9	  0.2	0.000	0.000	0.000
1158	  V	 18.3	  0.3	0.000	0.000	0.000
1159	  S	 18.3	  0.5	0.000	0.000	0.000
1160	  G	  0.6	  0.6	0.000	0.000	0.000
1161	  E	  0.1	  0.5	0.000	0.000	0.000
1162	  T	  8.7	  0.4	0.000	27.697	27.697
1163	  V	 22.2	  0.1	0.000	70.188	70.188
1164	  T	 25.8	  0.0	0.000	70.188	70.188
1165	  V	 26.5	  0.0	0.000	70.188	70.188
1166	  V	 15.0	  0.0	0.000	70.188	70.188
1167	  V	 20.1	  0.0	0.000	68.074	68.074
1168	  D	 11.9	  0.0	0.000	0.000	0.000
1169	  V	  9.4	  0.1	0.000	0.000	0.000
1170	  P	  0.1	  0.2	0.000	0.000	0.000
1171	  S	  0.4	  0.2	0.000	0.000	0.000
1172	  Q	  3.5	  0.2	0.000	0.000	0.000
1173	  Y	  5.1	  0.1	0.000	0.466	0.466
1174	  T	  5.5	  0.1	0.000	0.466	0.466
1175	  T	  4.6	  0.1	0.000	0.466	0.466
1176	  L	  3.5	  0.1	0.000	0.466	0.466
1177	  T	  3.4	  0.0	0.000	0.466	0.466
1178	  S	  1.6	  0.0	0.000	0.192	0.192
1179	  T	 15.0	  0.0	0.000	0.192	0.192
1180	  W	 14.6	  0.1	0.000	0.192	0.192
1181	  T	 14.1	  0.3	0.000	0.000	0.000
1182	  G	  0.3	  0.3	0.000	0.000	0.000
1183	  T	  0.7	  0.4	0.000	0.000	0.000
1184	  S	  1.2	  0.3	0.000	0.000	0.000
1185	  T	  1.8	  0.2	0.000	0.000	0.000
1186	  R	  1.8	  0.1	0.000	0.000	0.000
1187	  T	 12.8	  0.1	0.000	0.000	0.000
1188	  I	 13.7	  0.0	0.000	0.000	0.000
1189	  T	 13.0	  0.0	0.000	0.000	0.000
1190	  E	  1.6	  0.0	0.000	0.000	0.000
1191	  P	  0.0	  1.5	0.000	0.000	0.000
1192	  P	  0.0	  1.9	0.000	0.000	0.000
1193	  S	  0.3	  3.0	0.000	0.000	0.000
1194	  G	  0.3	  3.3	0.000	0.000	0.000
1195	  S	  0.3	  1.9	0.000	0.000	0.000
1196	  D	  0.5	  1.5	0.000	0.000	0.000
1197	  T	  0.9	  0.4	0.000	6.746	6.746
1198	  V	  1.0	  0.1	0.000	17.821	17.821
1199	  G	  0.5	  0.0	0.000	19.843	19.843
1200	  T	  4.0	  0.0	0.000	19.843	19.843
1201	  V	 13.0	  0.0	0.000	19.843	19.843
1202	  V	 16.1	  0.0	0.000	19.744	19.744
1203	  V	 35.4	  0.0	0.000	18.392	18.392
1204	  E	 26.4	  0.0	0.000	0.000	0.000
1205	  V	 23.5	  0.0	0.000	0.000	0.000
1206	  P	  0.0	  0.2	0.000	0.000	0.000
1207	  P	  0.0	  0.3	0.000	0.000	0.000
1208	  T	  0.8	  0.3	0.000	0.000	0.000
1209	  S	  0.9	  0.4	0.000	0.000	0.000
1210	  T	  1.7	  0.1	0.000	0.367	0.367
1211	  A	  1.2	  0.1	0.000	1.136	1.136
1212	  Y	  2.7	  0.1	0.000	1.595	1.595
1213	  T	  2.7	  0.1	0.000	1.595	1.595
1214	  T	  4.7	  0.1	0.000	1.595	1.595
1215	  L	  3.6	  0.1	0.000	1.595	1.595
1216	  T	  3.5	  0.0	0.000	0.985	0.985
1217	  S	  1.6	  0.0	0.000	0.347	0.347
1218	  T	 14.9	  0.0	0.000	0.347	0.347
1219	  W	 14.4	  0.1	0.000	0.347	0.347
1220	  T	 14.1	  1.1	0.000	0.000	0.000
1221	  G	  0.4	  1.2	0.000	0.000	0.000
1222	  S	  0.7	  1.2	0.000	0.000	0.000
1223	  T	  1.7	  1.1	0.000	0.000	0.000
1224	  T	  2.5	  0.1	0.000	0.000	0.000
1225	  R	  4.8	  0.0	0.000	0.000	0.000
1226	  I	  5.2	  0.0	0.000	0.000	0.000
1227	  F	  7.1	  0.0	0.000	0.000	0.000
1228	  T	  4.2	  0.0	0.000	0.000	0.000
1229	  E	  2.7	  0.0	0.000	0.000	0.000
1230	  P	  0.0	  0.4	0.000	0.000	0.000
1231	  P	  0.0	  1.0	0.000	0.000	0.000
1232	  A	  0.0	  1.5	0.000	0.000	0.000
1233	  G	  0.0	  1.8	0.000	0.000	0.000
1234	  S	  0.0	  1.5	0.000	0.000	0.000
1235	  D	  0.5	  0.9	0.000	0.000	0.000
1236	  T	  1.0	  0.4	0.000	6.492	6.492
1237	  V	  1.0	  0.1	0.000	17.170	17.170
1238	  G	  0.5	  0.1	0.000	19.110	19.110
1239	  T	  3.6	  0.1	0.000	19.110	19.110
1240	  I	 10.1	  0.1	0.000	19.110	19.110
1241	  V	 13.3	  0.0	0.000	19.014	19.014
1242	  V	 33.7	  0.0	0.000	17.712	17.712
1243	  E	 27.3	  0.0	0.000	0.000	0.000
1244	  V	 24.4	  0.0	0.000	0.000	0.000
1245	  P	  0.2	  0.0	0.000	0.000	0.000
1246	  Q	  0.1	  0.1	0.000	0.000	0.000
1247	  T	  0.9	  0.1	0.000	0.000	0.000
1248	  S	  1.1	  0.2	0.000	0.000	0.000
1249	  T	  1.2	  0.1	0.000	0.000	0.000
1250	  E	  1.6	  0.1	0.000	0.000	0.000
1251	  Y	  2.1	  0.2	0.000	0.000	0.000
1252	  S	  2.3	  0.1	0.000	0.000	0.000
1253	  T	 10.5	  0.1	0.000	0.000	0.000
1254	  V	 11.9	  0.1	0.000	0.147	0.147
1255	  T	 12.1	  0.0	0.000	0.147	0.147
1256	  S	  3.4	  0.0	0.000	0.147	0.147
1257	  T	 13.5	  0.0	0.000	0.147	0.147
1258	  W	 13.0	  0.1	0.000	0.147	0.147
1259	  T	 12.7	  0.2	0.000	0.000	0.000
1260	  G	  0.3	  0.2	0.000	0.000	0.000
1261	  S	  2.9	  0.2	0.000	0.385	0.385
1262	  V	  4.3	  0.1	0.000	3.458	3.458
1263	  T	  5.6	  0.0	0.000	3.458	3.458
1264	  T	  4.7	  0.0	0.000	3.458	3.458
1265	  T	 13.2	  0.0	0.000	3.458	3.458
1266	  V	 18.3	  0.0	0.000	3.458	3.458
1267	  T	 16.5	  0.0	0.000	1.291	1.291
1268	  H	  6.9	  0.0	0.000	0.000	0.000
1269	  P	  0.0	  0.9	0.000	0.000	0.000
1270	  P	  0.0	  1.1	0.000	0.000	0.000
1271	  T	  0.1	  1.7	0.000	0.000	0.000
1272	  G	  0.2	  2.0	0.000	0.000	0.000
1273	  S	  0.2	  1.2	0.000	0.000	0.000
1274	  D	  0.5	  1.0	0.000	0.000	0.000
1275	  T	  0.9	  0.4	0.000	6.787	6.787
1276	  V	  1.0	  0.1	0.000	17.908	17.908
1277	  G	  0.5	  0.0	0.000	19.930	19.930
1278	  T	  4.0	  0.0	0.000	19.930	19.930
1279	  V	 13.0	  0.0	0.000	19.930	19.930
1280	  V	 16.1	  0.0	0.000	19.830	19.830
1281	  V	 35.4	  0.0	0.000	18.471	18.471
1282	  E	 26.5	  0.0	0.000	0.000	0.000
1283	  V	 23.7	  0.0	0.000	0.000	0.000
1284	  P	  0.2	  0.0	0.000	0.000	0.000
1285	  Q	  0.1	  0.1	0.000	0.000	0.000
1286	  T	  0.9	  0.1	0.000	0.000	0.000
1287	  S	  1.1	  0.2	0.000	0.000	0.000
1288	  T	  1.2	  0.1	0.000	0.000	0.000
1289	  E	  2.7	  0.1	0.000	0.000	0.000
1290	  Y	  4.1	  0.1	0.000	0.000	0.000
1291	  T	  4.6	  0.1	0.000	0.000	0.000
1292	  T	  4.7	  0.1	0.000	0.000	0.000
1293	  L	  3.6	  0.1	0.000	0.000	0.000
1294	  T	  3.5	  0.0	0.000	0.000	0.000
1295	  S	  1.6	  0.0	0.000	0.000	0.000
1296	  T	 14.7	  0.0	0.000	0.000	0.000
1297	  W	 14.2	  0.1	0.000	0.000	0.000
1298	  T	 13.9	  0.3	0.000	0.000	0.000
1299	  G	  0.3	  0.3	0.000	0.000	0.000
1300	  S	  2.9	  0.3	0.000	0.380	0.380
1301	  V	  4.2	  0.1	0.000	3.413	3.413
1302	  T	  5.5	  0.0	0.000	3.413	3.413
1303	  T	  4.4	  0.0	0.000	3.413	3.413
1304	  T	 12.8	  0.0	0.000	3.413	3.413
1305	  V	 23.3	  0.0	0.000	3.413	3.413
1306	  T	 21.6	  0.0	0.000	1.269	1.269
1307	  Y	 12.7	  0.0	0.000	0.000	0.000
1308	  P	  0.0	  1.3	0.000	0.000	0.000
1309	  P	  0.0	  1.7	0.000	0.000	0.000
1310	  S	  0.3	  2.8	0.000	0.000	0.000
1311	  G	  0.3	  3.1	0.000	0.000	0.000
1312	  S	  0.3	  1.9	0.000	0.000	0.000
1313	  D	  0.5	  1.5	0.000	0.000	0.000
1314	  T	  0.9	  0.4	0.000	6.746	6.746
1315	  V	  1.0	  0.1	0.000	17.821	17.821
1316	  G	  0.5	  0.0	0.000	19.843	19.843
1317	  T	  4.7	  0.0	0.000	19.843	19.843
1318	  V	 15.2	  0.0	0.000	19.843	19.843
1319	  V	 18.5	  0.0	0.000	19.744	19.744
1320	  V	 24.3	  0.0	0.000	18.392	18.392
1321	  E	 13.8	  0.0	0.000	0.000	0.000
1322	  I	 10.4	  0.0	0.000	0.000	0.000
1323	  P	  0.1	  0.1	0.000	0.000	0.000
1324	  K	  0.2	  0.1	0.000	0.000	0.000
1325	  T	  1.0	  0.2	0.000	0.000	0.000
1326	  S	  1.4	  0.8	0.000	0.000	0.000
1327	  T	  1.6	  0.7	0.000	0.000	0.000
1328	  D	  1.6	  0.7	0.000	0.000	0.000
1329	  F	  2.7	  0.7	0.000	0.560	0.560
1330	  T	  3.1	  0.1	0.000	0.560	0.560
1331	  T	  4.7	  0.1	0.000	0.560	0.560
1332	  L	  3.6	  0.1	0.000	0.560	0.560
1333	  T	  3.5	  0.0	0.000	0.560	0.560
1334	  S	  1.6	  0.0	0.000	0.137	0.137
1335	  T	 14.9	  0.0	0.000	0.137	0.137
1336	  W	 14.4	  0.1	0.000	0.137	0.137
1337	  T	 14.0	  0.4	0.000	0.000	0.000
1338	  G	  0.3	  0.5	0.000	0.000	0.000
1339	  T	  1.5	  0.5	0.000	0.000	0.000
1340	  T	  2.6	  0.4	0.000	0.000	0.000
1341	  T	  3.2	  0.1	0.000	0.000	0.000
1342	  R	  2.0	  0.1	0.000	0.000	0.000
1343	  T	  3.7	  0.1	0.000	0.000	0.000
1344	  L	  3.5	  0.1	0.000	0.000	0.000
1345	  T	  3.2	  0.0	0.000	0.000	0.000
1346	  N	  0.5	  0.0	0.000	0.000	0.000
1347	  P	  0.0	  0.4	0.000	0.000	0.000
1348	  P	  0.0	  1.0	0.000	0.000	0.000
1349	  A	  0.0	  1.5	0.000	0.000	0.000
1350	  G	  0.0	  1.9	0.000	0.000	0.000
1351	  S	  0.1	  2.0	0.000	0.000	0.000
1352	  D	  0.2	  1.4	0.000	0.000	0.000
1353	  S	  0.5	  1.0	0.000	1.456	1.456
1354	  V	  0.5	  0.6	0.000	13.144	13.144
1355	  G	  0.4	  0.2	0.000	15.266	15.266
1356	  T	  4.0	  0.2	0.000	15.266	15.266
1357	  V	 13.0	  0.0	0.000	15.266	15.266
1358	  V	 16.1	  0.0	0.000	15.266	15.266
1359	  V	 35.1	  0.0	0.000	14.262	14.262
1360	  E	 26.2	  0.0	0.000	0.000	0.000
1361	  V	 23.3	  0.1	0.000	0.000	0.000
1362	  P	  0.2	  0.2	0.000	0.000	0.000
1363	  S	  1.5	  0.3	0.000	0.000	0.000
1364	  T	  2.3	  0.4	0.000	0.000	0.000
1365	  S	  2.7	  0.9	0.000	0.000	0.000
1366	  T	  1.6	  0.8	0.000	0.000	0.000
1367	  D	  1.6	  0.7	0.000	0.000	0.000
1368	  Y	  2.7	  0.6	0.000	0.000	0.000
1369	  T	  3.1	  0.1	0.000	0.000	0.000
1370	  T	  4.7	  0.1	0.000	0.000	0.000
1371	  L	  3.6	  0.1	0.000	0.000	0.000
1372	  T	  3.5	  0.0	0.000	0.000	0.000
1373	  S	  1.6	  0.0	0.000	0.000	0.000
1374	  T	 15.0	  0.0	0.000	0.000	0.000
1375	  W	 14.5	  0.1	0.000	0.000	0.000
1376	  T	 14.2	  0.7	0.000	0.000	0.000
1377	  G	  0.4	  0.9	0.000	0.000	0.000
1378	  S	  0.4	  0.9	0.000	0.000	0.000
1379	  S	  0.9	  0.8	0.000	0.000	0.000
1380	  T	  2.2	  0.2	0.000	0.480	0.480
1381	  T	  2.5	  0.1	0.000	1.277	1.277
1382	  T	  4.0	  0.0	0.000	1.277	1.277
1383	  L	  5.7	  0.0	0.000	1.277	1.277
1384	  T	 23.9	  0.0	0.000	1.277	1.277
1385	  I	 22.1	  0.0	0.000	1.277	1.277
1386	  S	 19.4	  6.9	0.000	0.000	0.000
1387	  P	  0.2	  7.2	0.000	0.000	0.000
1388	  S	  0.2	  8.0	0.000	0.000	0.000
1389	  G	  0.2	  8.3	0.000	0.000	0.000
1390	  S	  0.2	  1.5	0.000	0.000	0.000
1391	  D	  0.5	  1.2	0.000	0.000	0.000
1392	  T	  0.9	  0.3	0.000	6.738	6.738
1393	  V	  0.9	  0.1	0.000	17.800	17.800
1394	  G	  0.5	  0.0	0.000	19.819	19.819
1395	  T	  4.0	  0.0	0.000	19.819	19.819
1396	  V	 13.0	  0.0	0.000	19.819	19.819
1397	  V	 16.1	  0.0	0.000	19.720	19.720
1398	  V	 35.3	  0.0	0.000	18.368	18.368
1399	  E	 26.4	  0.0	0.000	0.000	0.000
1400	  V	 23.5	  0.1	0.000	0.000	0.000
1401	  P	  0.2	  0.2	0.000	0.000	0.000
1402	  S	  0.5	  0.2	0.000	0.000	0.000
1403	  T	 19.6	  0.2	0.000	0.000	0.000
1404	  F	 20.9	  0.1	0.000	0.000	0.000
1405	  T	 20.8	  0.1	0.000	0.000	0.000
1406	  D	  2.5	  0.1	0.000	0.000	0.000
1407	  F	  2.2	  0.1	0.000	0.564	0.564
1408	  T	  2.7	  0.0	0.000	0.564	0.564
1409	  T	  4.4	  0.0	0.000	0.564	0.564
1410	  L	  3.6	  0.1	0.000	0.564	0.564
1411	  T	  3.5	  0.0	0.000	0.564	0.564
1412	  S	  1.6	  0.0	0.000	0.138	0.138
1413	  T	 14.7	  0.0	0.000	0.138	0.138
1414	  W	 14.2	  0.1	0.000	0.138	0.138
1415	  T	 13.9	  0.3	0.000	0.000	0.000
1416	  G	  0.3	  0.3	0.000	0.000	0.000
1417	  S	  3.2	  0.3	0.000	0.117	0.117
1418	  V	  4.7	  0.1	0.000	1.602	1.602
1419	  T	  6.2	  0.0	0.000	1.602	1.602
1420	  T	  3.9	  0.0	0.000	1.602	1.602
1421	  T	  5.0	  0.0	0.000	1.602	1.602
1422	  L	  9.4	  0.0	0.000	1.602	1.602
1423	  T	  8.7	  0.0	0.000	0.552	0.552
1424	  I	  6.2	  0.0	0.000	0.000	0.000
1425	  P	  0.0	  1.6	0.000	0.000	0.000
1426	  P	  0.0	  1.9	0.000	0.000	0.000
1427	  S	  0.3	  3.9	0.000	0.000	0.000
1428	  G	  0.3	  4.1	0.000	0.000	0.000
1429	  S	  0.3	  2.6	0.000	0.124	0.124
1430	  G	  0.1	  2.2	0.000	1.195	1.195
1431	  T	  0.5	  0.3	0.000	13.403	13.403
1432	  V	  0.5	  0.1	0.000	33.430	33.430
1433	  G	  0.5	  0.1	0.000	34.977	34.977
1434	  T	  3.6	  0.1	0.000	34.977	34.977
1435	  I	 10.1	  0.1	0.000	34.977	34.977
1436	  V	 13.3	  0.0	0.000	34.798	34.798
1437	  V	 33.3	  0.0	0.000	32.268	32.268
1438	  E	 26.9	  0.0	0.000	0.000	0.000
1439	  V	 24.1	  0.1	0.000	0.000	0.000
1440	  P	  0.2	  0.2	0.000	0.000	0.000
1441	  S	  1.5	  0.3	0.000	0.000	0.000
1442	  T	  2.3	  0.4	0.000	0.000	0.000
1443	  S	  2.7	  0.9	0.000	0.000	0.000
1444	  T	  1.6	  0.8	0.000	0.000	0.000
1445	  D	  1.6	  0.7	0.000	0.000	0.000
1446	  Y	  2.7	  0.6	0.000	0.000	0.000
1447	  T	  3.1	  0.1	0.000	0.000	0.000
1448	  T	  4.7	  0.1	0.000	0.000	0.000
1449	  L	  3.6	  0.1	0.000	0.000	0.000
1450	  T	  3.5	  0.0	0.000	0.000	0.000
1451	  S	  1.6	  0.0	0.000	0.000	0.000
1452	  T	 14.8	  0.0	0.000	0.000	0.000
1453	  W	 14.3	  0.1	0.000	0.000	0.000
1454	  T	 13.9	  0.3	0.000	0.000	0.000
1455	  G	  0.4	  0.3	0.000	0.000	0.000
1456	  S	  2.6	  0.3	0.000	0.000	0.000
1457	  I	  6.3	  0.2	0.000	0.000	0.000
1458	  T	  6.9	  0.1	0.000	0.000	0.000
1459	  R	  4.7	  0.1	0.000	0.000	0.000
1460	  T	  3.6	  0.1	0.000	0.000	0.000
1461	  L	  3.8	  0.1	0.000	0.000	0.000
1462	  T	  3.5	  0.0	0.000	0.000	0.000
1463	  K	  0.9	  0.0	0.000	0.000	0.000
1464	  P	  0.0	  0.4	0.000	0.000	0.000
1465	  P	  0.0	  1.0	0.000	0.000	0.000
1466	  A	  0.0	  1.5	0.000	0.000	0.000
1467	  G	  0.0	  1.8	0.000	0.000	0.000
1468	  S	  0.0	  1.5	0.000	0.000	0.000
1469	  D	  0.5	  0.9	0.000	0.000	0.000
1470	  T	  0.9	  0.4	0.000	6.761	6.761
1471	  V	  1.0	  0.1	0.000	17.882	17.882
1472	  G	  0.5	  0.0	0.000	19.901	19.901
1473	  T	  4.0	  0.0	0.000	19.901	19.901
1474	  V	 13.0	  0.0	0.000	19.901	19.901
1475	  V	 16.1	  0.0	0.000	19.801	19.801
1476	  V	 35.3	  0.0	0.000	18.443	18.443
1477	  E	 26.4	  0.0	0.000	0.000	0.000
1478	  V	 23.5	  0.1	0.000	0.000	0.000
1479	  P	  0.2	  0.2	0.000	0.000	0.000
1480	  S	  0.5	  0.2	0.000	0.000	0.000
1481	  T	  0.6	  0.2	0.000	0.000	0.000
1482	  T	  0.6	  0.2	0.000	0.000	0.000
1483	  G	  0.1	  0.4	0.000	0.000	0.000
1484	  P	  0.0	  0.3	0.000	0.000	0.000
1485	  R	  0.0	  0.3	0.000	0.000	0.000
1486	  T	  0.0	  0.4	0.000	0.000	0.000
1487	  P	  0.0	  0.2	0.000	0.000	0.000
1488	  W	  1.7	  0.2	0.000	0.000	0.000
1489	  N	  2.2	  0.8	0.000	0.000	0.000
1490	  W	  2.9	  0.6	0.000	0.000	0.000
1491	  N	  1.4	  0.6	0.000	0.000	0.000
1492	  S	  1.4	  0.6	0.000	0.000	0.000
1493	  T	  6.3	  0.0	0.000	0.000	0.000
1494	  W	  6.1	  0.0	0.000	0.000	0.000
1495	  V	  5.6	  0.0	0.000	0.000	0.000
1496	  P	  0.0	  0.2	0.000	0.000	0.000
1497	  P	  0.0	  0.2	0.000	0.000	0.000
1498	  R	  0.1	  0.3	0.000	0.000	0.000
1499	  T	  1.4	  0.4	0.000	0.000	0.000
1500	  S	  2.3	  1.1	0.000	0.000	0.000
1501	  S	  3.1	  1.8	0.000	0.000	0.000
1502	  S	  2.6	  2.5	0.000	0.000	0.000
1503	  S	  2.0	  2.4	0.000	0.000	0.000
1504	  S	  1.3	  1.6	0.000	0.000	0.000
1505	  T	  0.8	  0.8	0.226	0.000	0.000
1506	  A	  0.7	  0.1	0.226	0.000	0.000
1507	  I	  1.2	  0.0	0.226	0.000	0.000
1508	  D	  0.9	  1.6	0.226	0.000	0.000
1509	  A	  0.8	  1.7	0.226	0.000	0.000
1510	  S	  1.3	  1.7	0.226	0.000	0.000
1511	  T	  1.4	  1.7	0.000	0.000	0.000
1512	  T	  1.3	  0.8	0.000	0.000	0.000
1513	  P	  0.2	  0.8	0.000	0.000	0.000
1514	  N	  0.4	  0.8	0.000	0.000	0.000
1515	  V	  3.6	  0.8	0.000	0.000	0.000
1516	  A	  3.9	  0.0	0.000	0.000	0.000
1517	  I	  4.2	  0.1	0.000	0.000	0.000
1518	  S	  1.8	  0.8	0.000	0.000	0.000
1519	  S	  1.5	  0.9	0.000	0.000	0.000
1520	  S	  1.0	  1.0	0.000	0.000	0.000
1521	  E	  0.3	  0.9	0.000	0.000	0.000
1522	  T	  3.6	  0.2	0.000	0.000	0.000
1523	  T	  4.2	  0.1	0.000	0.000	0.000
1524	  V	  4.1	  0.7	0.000	0.000	0.000
1525	  P	  0.7	  0.9	0.000	0.000	0.000
1526	  G	  0.0	  1.4	0.000	0.000	0.000
1527	  A	  0.0	  1.4	0.000	0.000	0.000
1528	  N	  0.0	  0.6	0.000	0.000	0.000
1529	  R	  0.0	  0.4	0.000	0.000	0.000
1530	  P	  0.0	  0.3	0.000	0.000	0.000
1531	  P	  0.0	  0.4	0.000	0.000	0.000
1532	  T	  0.1	  0.5	0.000	0.000	0.000
1533	  S	  0.1	  0.5	0.000	0.000	0.000
1534	  N	  2.1	  0.2	0.000	0.503	0.503
1535	  I	  3.7	  0.2	0.000	2.063	2.063
1536	  I	  7.4	  0.0	0.000	2.063	2.063
1537	  S	 24.4	  0.4	0.000	2.063	2.063
1538	  F	 23.8	  0.4	0.000	2.063	2.063
1539	  S	 20.7	  0.5	0.000	1.560	1.560
1540	  G	  1.3	  3.2	0.000	0.000	0.000
1541	  P	  0.0	  2.9	0.000	0.000	0.000
1542	  N	  0.0	  3.1	0.000	0.000	0.000
1543	  G	  0.0	  3.1	0.000	0.000	0.000
1544	  P	  0.0	  0.4	0.000	0.000	0.000
1545	  T	  4.8	  0.4	0.000	0.000	0.000
1546	  T	  4.8	  0.3	0.000	0.000	0.000
1547	  S	  4.8	  4.7	0.571	0.000	0.000
1548	  P	  0.1	  4.8	0.571	0.000	0.000
1549	  D	  0.0	  4.8	0.571	0.000	0.000
1550	  T	  2.6	  4.8	0.571	0.000	0.000
1551	  L	  2.7	  0.1	0.571	0.000	0.000
1552	  N	  2.6	  0.4	0.571	0.000	0.000
1553	  P	  0.1	  0.4	0.000	0.000	0.000
1554	  T	  4.7	  0.4	0.000	0.000	0.000
1555	  T	  4.8	  0.4	0.000	0.000	0.000
1556	  S	  4.8	  5.4	0.000	0.000	0.000
1557	  P	  0.1	  5.3	0.000	0.000	0.000
1558	  D	  0.7	  6.2	0.000	0.000	0.000
1559	  V	  1.3	  6.2	0.000	0.000	0.000
1560	  S	  1.3	  1.2	0.000	0.000	0.000
1561	  G	  0.6	  1.5	0.000	0.000	0.000
1562	  P	  0.0	  0.6	0.000	0.000	0.000
1563	  T	  2.8	  0.6	0.000	0.000	0.000
1564	  T	  3.0	  0.3	0.000	0.000	0.000
1565	  T	  3.0	  0.5	0.000	0.000	0.000
1566	  P	  0.2	  0.6	0.000	0.000	0.000
1567	  S	  0.3	  0.7	0.000	0.000	0.000
1568	  S	  2.3	  0.9	0.000	0.000	0.000
1569	  T	  4.6	  0.5	0.000	0.000	0.000
1570	  S	  4.3	  0.3	0.000	0.000	0.000
1571	  S	  2.4	  0.2	0.000	0.000	0.000
1572	  P	  0.0	  3.1	0.000	0.000	0.000
1573	  P	  0.0	  3.1	0.000	0.000	0.000
1574	  N	  0.0	  3.3	0.000	0.000	0.000
1575	  G	  0.0	  5.4	0.000	0.000	0.000
1576	  P	  0.0	  2.4	0.000	0.000	0.000
1577	  G	  0.0	  2.4	0.000	0.000	0.000
1578	  A	  0.1	  2.3	0.000	0.000	0.000
1579	  H	  0.9	  0.2	0.000	0.000	0.000
1580	  T	  0.9	  0.0	0.000	0.000	0.000
1581	  N	  0.8	  0.0	0.000	0.000	0.000
1582	  P	  0.0	  0.0	0.000	0.000	0.000
1583	  V	  0.3	  0.1	0.000	0.000	0.000
1584	  S	  0.4	  0.1	0.000	0.000	0.000
1585	  N	  0.5	  0.1	0.000	0.000	0.000
1586	  S	  0.2	  2.0	0.000	0.000	0.000
1587	  P	  0.0	  1.9	0.000	0.000	0.000
1588	  G	  0.1	  2.0	0.000	0.000	0.000
1589	  V	  1.0	  2.0	0.000	0.000	0.000
1590	  D	  3.6	  0.1	0.000	0.000	0.000
1591	  T	  4.3	  0.1	0.000	0.000	0.000
1592	  F	  3.5	  0.1	0.000	0.000	0.000
1593	  P	  0.8	  0.0	0.000	0.000	0.000
1594	  T	  0.0	  2.9	0.000	0.000	0.000
1595	  P	  0.0	  2.9	0.000	0.000	0.000
1596	  N	  0.0	  3.0	0.000	0.000	0.000
1597	  G	  0.0	  4.4	0.000	0.000	0.000
1598	  P	  0.0	  1.6	0.000	0.000	0.000
1599	  D	  0.0	  1.8	0.000	0.000	0.000
1600	  A	  0.1	  1.7	0.000	0.000	0.000
1601	  H	  1.3	  0.2	0.000	0.000	0.000
1602	  T	  1.4	  0.2	0.000	0.000	0.000
1603	  T	  1.3	  0.0	0.000	0.000	0.000
1604	  P	  0.2	  0.0	0.000	0.000	0.000
1605	  V	  0.3	  0.1	0.000	0.000	0.000
1606	  S	  0.3	  0.1	0.000	0.000	0.000
1607	  N	  0.5	  0.1	0.000	0.000	0.000
1608	  V	  0.2	  0.9	0.000	0.000	0.000
1609	  P	  0.2	  0.9	0.000	0.000	0.000
1610	  G	  0.0	  0.9	0.000	0.000	0.000
1611	  A	  0.1	  0.9	0.000	0.000	0.000
1612	  H	  1.4	  0.2	0.000	0.000	0.000
1613	  T	  1.4	  0.0	0.000	0.000	0.000
1614	  S	  1.3	  0.0	0.000	0.000	0.000
1615	  P	  0.1	  0.0	0.000	0.000	0.000
1616	  V	  0.0	  1.3	0.000	0.000	0.000
1617	  P	  0.0	  1.3	0.000	0.000	0.000
1618	  N	  0.0	  1.4	0.000	0.000	0.000
1619	  G	  0.0	  2.6	0.000	0.000	0.000
1620	  P	  0.0	  1.4	0.000	0.000	0.000
1621	  G	  0.0	  2.9	0.000	0.000	0.000
1622	  G	  0.0	  2.8	0.000	0.000	0.000
1623	  D	  1.2	  1.6	0.000	0.000	0.000
1624	  T	 19.5	  1.5	0.000	0.000	0.000
1625	  F	 31.0	  0.1	0.000	0.000	0.000
1626	  T	 30.2	  0.0	0.000	0.000	0.000
1627	  I	 13.9	  0.9	0.000	0.000	0.000
1628	  P	  0.4	  0.9	0.000	0.000	0.000
1629	  N	  0.0	  1.0	0.000	0.000	0.000
1630	  G	  0.0	  1.4	0.000	0.000	0.000
1631	  P	  0.0	  0.5	0.000	0.000	0.000
1632	  S	  1.6	  0.5	0.000	0.000	0.000
1633	  I	  2.1	  0.5	0.000	0.000	0.000
1634	  E	  2.1	  0.1	0.000	0.000	0.000
1635	  S	  6.1	  0.2	0.000	0.000	0.000
1636	  I	  6.1	  0.3	0.000	0.000	0.000
1637	  S	  6.9	  0.8	0.000	0.000	0.000
1638	  S	  1.7	  0.9	0.000	0.000	0.000
1639	  S	  1.7	  0.8	0.000	0.000	0.000
1640	  T	  3.7	  0.8	0.000	0.000	0.000
1641	  T	  3.7	  0.1	0.000	0.000	0.000
1642	  S	  3.4	  0.1	0.539	0.000	0.000
1643	  I	  1.7	  0.0	0.539	0.000	0.000
1644	  A	  1.5	  0.0	0.539	0.000	0.000
1645	  T	  3.9	  0.2	0.539	0.000	0.000
1646	  A	  2.8	  0.2	0.539	0.000	0.000
1647	  S	  3.0	  0.2	0.539	0.000	0.000
1648	  E	  0.3	  0.2	0.000	0.000	0.000
1649	  S	  0.3	  2.9	0.000	0.000	0.000
1650	  P	  0.0	  3.0	0.000	0.000	0.000
1651	  S	  0.3	  3.1	0.000	0.000	0.000
1652	  S	  0.7	  3.2	0.000	0.000	0.000
1653	  T	  0.7	  0.6	0.000	0.000	0.000
1654	  Q	  0.4	  0.4	0.000	0.000	0.000
1655	  G	  0.0	  0.3	0.000	0.000	0.000
1656	  V	  0.0	  0.8	0.000	0.000	0.000
1657	  P	  0.0	  0.5	0.000	0.000	0.000
1658	  G	  0.0	  0.6	0.000	0.000	0.000
1659	  G	  0.0	  0.8	0.000	0.000	0.000
1660	  P	  0.0	  0.3	0.000	0.000	0.000
1661	  L	  0.6	  0.3	0.000	0.000	0.000
1662	  A	  0.7	  0.2	0.000	0.000	0.000
1663	  I	  0.7	  1.1	0.000	0.000	0.000
1664	  P	  0.1	  1.1	0.000	0.000	0.000
1665	  G	  0.0	  1.1	0.000	0.000	0.000
1666	  S	  0.0	  1.1	0.000	0.000	0.000
1667	  P	  0.0	  0.0	0.000	0.000	0.000
1668	  V	  0.0	  0.1	0.000	0.000	0.000
1669	  G	  0.0	  2.1	0.000	0.000	0.000
1670	  P	  0.0	  2.3	0.000	0.000	0.000
1671	  S	  0.0	  2.6	0.000	0.000	0.000
1672	  G	  0.0	  3.7	0.000	0.000	0.000
1673	  G	  0.0	  1.9	0.000	0.000	0.000
1674	  N	  0.0	  1.7	0.000	0.000	0.000
1675	  S	  0.0	  1.5	0.000	0.000	0.000
1676	  G	  0.0	  0.8	0.000	0.000	0.000
1677	  P	  0.0	  0.7	0.000	0.000	0.000
1678	  S	  6.1	  0.7	0.000	0.000	0.000
1679	  V	  6.7	  0.5	0.000	0.000	0.000
1680	  T	  6.7	  0.0	0.000	0.000	0.000
1681	  P	  0.6	  0.0	0.000	0.000	0.000
1682	  Q	  0.1	  0.3	0.000	0.000	0.000
1683	  P	  0.0	  0.3	0.000	0.000	0.000
1684	  S	  0.1	  0.3	0.000	0.000	0.000
1685	  A	  0.1	  1.2	0.000	0.000	0.000
1686	  P	  0.1	  1.0	0.000	0.000	0.000
1687	  T	  0.1	  1.0	0.000	0.000	0.000
1688	  G	  0.1	  1.0	0.000	0.000	0.000
1689	  A	  0.1	  2.2	0.000	0.000	0.000
1690	  P	  0.0	  2.3	0.000	0.000	0.000
1691	  G	  0.0	  2.4	0.000	0.000	0.000
1692	  S	  0.5	  4.2	0.000	0.000	0.000
1693	  K	  0.5	  2.2	0.000	0.000	0.000
1694	  D	  0.5	  3.2	0.000	0.000	0.000
1695	  S	  0.4	  3.2	0.000	0.000	0.000
1696	  S	  2.3	  1.6	0.000	0.000	0.000
1697	  T	  3.1	  1.5	0.000	0.000	0.000
1698	  S	  3.1	  0.5	0.000	0.000	0.000
1699	  V	  1.2	  1.2	0.000	0.000	0.000
1700	  G	  0.4	  1.2	0.000	0.000	0.000
1701	  G	  0.1	  1.2	0.000	0.000	0.000
1702	  T	  1.3	  1.2	0.000	0.000	0.000
1703	  S	  1.4	  0.4	0.000	0.000	0.000
1704	  S	  1.5	  0.2	0.163	0.000	0.000
1705	  E	  1.0	  0.2	0.163	0.000	0.000
1706	  V	  2.0	  0.1	0.163	0.000	0.000
1707	  C	  5.5	  0.0	0.163	0.000	0.000
1708	  Y	  5.0	  0.3	0.163	0.000	0.000
1709	  K	  3.9	  0.6	0.163	0.000	0.000
1710	  G	  0.3	  0.6	0.000	0.000	0.000
1711	  N	  1.1	  0.6	0.100	0.000	0.000
1712	  C	  1.9	  0.3	0.100	0.124	0.124
1713	  I	 18.4	  0.0	0.100	0.124	0.124
1714	  T	 31.6	  0.0	0.100	0.124	0.124
1715	  V	 31.7	  0.0	0.100	0.124	0.124
1716	  S	 18.3	  0.0	0.100	0.124	0.124
1717	  S	  2.3	  0.0	0.000	0.000	0.000
1718	  S	  1.2	  2.1	0.000	0.000	0.000
1719	  P	  0.0	  2.0	0.000	0.000	0.000
1720	  S	  0.2	  2.0	0.000	0.000	0.000
1721	  V	  0.2	  2.0	0.000	0.000	0.000
1722	  P	  0.2	  0.0	0.000	0.000	0.000
1723	  T	  2.1	  0.1	0.000	0.000	0.000
1724	  Q	  2.3	  0.1	0.000	0.000	0.000
1725	  S	  3.7	  0.8	0.192	0.000	0.000
1726	  Q	  1.8	  0.8	0.192	0.000	0.000
1727	  S	  4.4	  2.1	0.192	0.000	0.000
1728	  A	  3.0	  2.3	0.192	0.000	0.000
1729	  S	  3.1	  1.6	0.192	0.000	0.000
1730	  N	  0.2	  1.6	0.192	0.000	0.000
1731	  S	  0.2	  0.2	0.000	0.000	0.000
1732	  P	  0.0	  0.0	0.000	0.000	0.000
1733	  V	  2.1	  0.0	0.000	0.000	0.000
1734	  I	  2.3	  0.1	0.000	0.000	0.000
1735	  Q	  3.8	  0.1	0.000	0.000	0.000
1736	  T	  2.5	  0.1	0.000	0.000	0.000
1737	  Y	  2.4	  0.3	0.000	0.000	0.000
1738	  P	  0.8	  0.4	0.000	0.000	0.000
1739	  E	  0.0	  0.5	0.000	0.000	0.000
1740	  S	  0.1	  0.5	0.000	0.000	0.000
1741	  N	  0.1	  0.3	0.000	0.000	0.000
1742	  T	  0.1	  0.1	0.000	0.000	0.000
1743	  P	  0.1	  0.0	0.000	0.000	0.000
1744	  V	  4.5	  0.0	0.000	0.916	0.916
1745	  V	  5.8	  0.2	0.000	0.916	0.916
1746	  S	  6.0	  0.2	0.000	0.916	0.916
1747	  S	  2.1	  0.2	0.000	0.916	0.916
1748	  Y	  1.2	  0.6	0.000	0.916	0.916
1749	  A	  1.0	  0.8	0.000	0.420	0.420
1750	  G	  0.6	  0.8	0.000	0.000	0.000
1751	  S	  0.3	  0.8	0.000	0.000	0.000
1752	  A	  0.3	  0.3	0.000	0.000	0.000
1753	  P	  0.1	  0.0	0.000	0.000	0.000
1754	  A	  0.7	  0.0	0.000	0.000	0.000
1755	  V	  8.0	  0.0	0.000	0.000	0.000
1756	  K	  8.7	  0.0	0.000	0.000	0.000
1757	  I	  9.0	  0.1	0.000	5.007	5.007
1758	  S	  1.8	  0.1	0.000	5.382	5.382
1759	  G	  1.1	  0.1	0.000	12.929	12.929
1760	  V	  4.1	  0.1	0.000	54.062	54.062
1761	  V	 10.5	  0.0	0.000	54.472	54.472
1762	  A	 10.8	  0.0	0.000	54.244	54.244
1763	  V	 12.0	  0.0	0.000	54.051	54.051
1764	  A	  5.5	  0.0	0.000	47.670	47.670
1765	  I	  5.1	  0.2	0.000	6.097	6.097
1766	  P	  0.1	  0.2	0.000	2.873	2.873
1767	  L	  0.5	  0.2	0.000	0.320	0.320
1768	  F	  1.9	  0.2	0.000	0.320	0.320
1769	  H	  2.5	  0.0	0.000	0.320	0.320
1770	  L	  2.9	  0.0	0.000	0.320	0.320
1771	  M	  1.5	  0.0	0.000	0.320	0.320
1772	  F	  0.9	  0.0	0.000	0.000	0.000
