res	aa	Beta	Turn	Helix	Aggregation	Conc-Stab_Aggregation
01	  M	  0.2	  0.1	0.000	0.005	0.005
02	  S	  0.6	  0.1	0.000	5.100	5.100
03	  T	  5.6	  0.1	0.000	21.409	21.409
04	  V	  8.8	  0.1	0.000	69.490	69.490
05	  Y	 10.5	  0.0	0.000	73.424	73.424
06	  Q	  6.1	  0.0	0.000	74.412	74.412
07	  V	 12.0	  0.0	0.000	95.811	95.811
08	  V	 13.0	  0.0	0.000	97.459	97.459
09	  V	 13.3	  0.0	0.000	96.871	96.871
10	  A	  4.6	  0.0	0.000	89.146	89.146
11	  T	 16.4	  0.0	0.000	82.497	82.497
12	  V	 16.6	  0.2	0.000	77.049	77.049
13	  S	 16.2	  0.6	0.000	9.623	9.623
14	  S	  1.5	  2.4	0.000	1.159	1.159
15	  G	  0.3	  2.4	0.000	0.101	0.101
16	  S	  0.3	  2.2	0.000	0.009	0.009
17	  T	  0.1	  2.1	0.000	0.000	0.000
18	  P	  0.1	  0.3	0.000	0.000	0.000
19	  T	  0.7	  0.4	0.000	0.000	0.000
20	  R	  0.7	  0.4	0.000	0.000	0.000
21	  T	  0.9	  0.2	0.000	0.000	0.000
22	  E	  0.4	  0.2	0.000	0.000	0.000
23	  S	  0.9	  0.7	0.000	0.000	0.000
24	  T	  1.1	  0.8	0.000	0.000	0.000
25	  D	  1.0	  2.9	0.000	0.000	0.000
26	  S	  0.6	  2.9	0.138	0.000	0.000
27	  D	  0.2	  2.4	0.138	0.000	0.000
28	  T	  1.1	  2.3	0.138	11.431	11.431
29	  T	 12.0	  0.1	0.138	30.235	30.235
30	  I	 20.8	  0.0	0.138	61.781	61.781
31	  T	 20.5	  0.0	0.138	64.285	64.285
32	  L	 10.2	  0.0	0.138	68.198	68.198
33	  L	  1.0	  0.0	0.138	68.247	68.247
34	  T	  1.2	  0.0	0.000	66.378	66.378
35	  T	 13.5	  0.0	0.000	62.474	62.474
36	  I	 13.9	  0.0	0.000	59.976	59.976
37	  S	 13.5	  0.0	0.089	28.441	28.441
38	  T	  2.4	  0.1	0.089	24.429	24.429
39	  T	  4.3	  0.1	0.089	22.012	22.012
40	  T	 27.7	  0.0	0.089	20.577	20.577
41	  F	 26.7	  0.0	0.089	19.156	19.156
42	  K	 24.2	  0.0	0.089	0.000	0.000
43	  P	  0.2	  0.0	0.000	0.000	0.000
44	  V	  0.7	  0.0	0.000	0.000	0.000
45	  S	  1.0	  0.1	0.000	0.000	0.000
46	  T	  4.1	  0.2	0.000	0.000	0.000
47	  K	  3.7	  0.2	0.000	0.000	0.000
48	  S	  4.9	  0.2	0.715	0.000	0.000
49	  L	  2.0	  0.2	0.715	0.000	0.000
50	  T	  2.9	  0.1	0.715	0.000	0.000
51	  T	  1.7	  0.1	0.715	0.000	0.000
52	  R	  1.8	  0.1	0.715	0.000	0.000
53	  L	  0.8	  0.2	0.715	0.000	0.000
54	  S	  1.1	  0.2	0.583	0.000	0.000
55	  T	 14.2	  0.1	0.251	0.000	0.000
56	  F	 14.9	  0.4	0.251	0.000	0.000
57	  K	 14.7	  0.2	0.121	0.000	0.000
58	  S	  2.7	  0.2	0.000	0.000	0.000
59	  V	  2.1	  0.2	0.000	0.000	0.000
60	  V	  1.7	  0.0	0.000	0.000	0.000
61	  P	  0.5	  0.0	0.000	0.000	0.000
62	  T	  0.2	  0.2	0.000	0.000	0.000
63	  E	  0.3	  0.2	0.000	0.000	0.000
64	  S	  0.4	  1.0	0.000	0.000	0.000
65	  E	  0.2	  1.0	0.000	0.000	0.000
66	  S	  0.5	  0.8	0.000	0.000	0.000
67	  I	  0.6	  0.8	0.000	0.000	0.000
68	  F	  1.4	  0.1	0.000	0.000	0.000
69	  D	  1.2	  0.4	0.000	0.000	0.000
70	  S	  1.0	  1.2	0.000	0.000	0.000
71	  A	  0.1	  1.5	0.000	0.000	0.000
72	  G	  0.1	  1.5	0.000	0.000	0.000
73	  S	  0.1	  1.2	0.000	0.000	0.000
74	  E	  1.6	  0.4	0.000	0.000	0.000
75	  V	  3.8	  0.1	0.000	0.000	0.000
76	  A	  3.8	  0.1	0.000	0.000	0.000
77	  S	  4.2	  0.3	0.000	0.000	0.000
78	  T	  2.8	  0.4	0.000	0.000	0.000
79	  S	  4.5	  0.5	0.311	0.000	0.000
80	  T	  3.3	  0.5	0.311	0.000	0.000
81	  S	  2.7	  0.3	0.493	0.000	0.000
82	  T	  6.2	  0.3	0.845	0.000	0.000
83	  L	  5.5	  0.1	0.845	0.000	0.000
84	  S	  5.5	  0.1	0.845	0.000	0.000
85	  R	  0.3	  0.1	0.667	0.000	0.000
86	  K	  0.3	  0.1	0.534	0.000	0.000
87	  A	  0.2	  0.1	0.351	0.000	0.000
88	  Q	  0.2	  0.1	0.351	0.000	0.000
89	  T	  0.6	  0.1	0.000	0.000	0.000
90	  S	  2.4	  0.1	0.000	0.000	0.000
91	  M	  6.5	  0.0	0.000	0.000	0.000
92	  T	  9.8	  0.0	0.000	0.000	0.000
93	  V	  8.7	  0.0	0.000	0.000	0.000
94	  A	  4.5	  0.1	0.000	0.000	0.000
95	  E	  0.7	  0.1	0.000	0.000	0.000
96	  T	  0.1	  0.1	0.000	0.000	0.000
97	  I	  0.1	  0.1	0.000	0.000	0.000
98	  P	  0.0	  2.5	0.000	0.000	0.000
99	  P	  0.0	  2.9	0.000	0.000	0.000
100	  G	  0.0	  3.1	0.000	0.000	0.000
101	  S	  0.9	  3.9	0.000	0.000	0.000
102	  S	  1.7	  4.1	0.000	0.000	0.000
103	  S	  1.7	  4.1	0.539	0.000	0.000
104	  S	  0.9	  4.1	0.539	0.000	0.000
105	  G	  0.1	  3.3	0.795	0.000	0.000
106	  A	  0.2	  0.7	0.795	0.000	0.000
107	  K	  0.4	  0.4	0.914	0.000	0.000
108	  L	  0.4	  0.1	0.914	0.149	0.149
109	  G	  0.3	  0.1	0.914	0.149	0.149
110	  L	  0.5	  0.0	0.495	0.149	0.149
111	  A	  0.5	  0.0	0.243	0.149	0.149
112	  I	  0.9	  0.0	0.243	0.149	0.149
113	  G	  0.5	  0.0	0.243	0.000	0.000
114	  I	  0.5	  0.0	0.000	0.000	0.000
115	  P	  0.0	  0.0	10.303	1.029	1.029
116	  I	  2.9	  0.0	10.399	83.529	83.529
117	  A	  3.7	  0.0	11.301	90.700	90.700
118	  V	  7.0	  0.0	11.808	99.156	99.156
119	  I	  6.2	  0.0	12.314	99.854	99.854
120	  A	  5.5	  0.0	14.200	99.915	99.915
121	  L	  2.7	  0.0	14.086	99.987	99.987
122	  F	  1.9	  0.0	13.928	99.999	99.999
123	  V	  4.0	  0.0	13.031	100.000	100.000
124	  L	  4.0	  0.0	13.120	100.000	100.000
125	  I	  4.9	  0.0	12.976	99.998	99.998
126	  A	  2.7	  0.0	13.536	99.974	99.974
127	  L	  2.3	  0.0	12.705	99.955	99.955
128	  A	  0.4	  0.0	12.082	99.841	99.841
129	  W	  1.1	  0.0	9.228	99.745	99.745
130	  V	  3.9	  0.0	5.436	99.329	99.329
131	  F	  4.5	  0.0	5.701	94.299	94.299
132	  L	  3.7	  0.0	4.771	66.803	66.803
133	  K	  1.1	  0.1	4.589	0.000	0.000
134	  R	  1.0	  0.1	3.232	0.000	0.000
135	  K	  1.4	  0.1	2.469	0.000	0.000
136	  I	  1.2	  0.1	1.782	0.000	0.000
137	  Q	  0.9	  0.1	1.782	0.000	0.000
138	  S	  2.7	  0.7	1.095	0.000	0.000
139	  K	  3.1	  0.8	0.801	0.000	0.000
140	  S	  3.1	  0.7	0.249	0.000	0.000
141	  T	  1.0	  0.7	0.249	0.000	0.000
142	  E	  0.4	  0.1	0.249	0.000	0.000
143	  Y	  0.6	  0.0	0.249	0.000	0.000
144	  L	  4.0	  0.0	0.000	0.000	0.000
145	  T	 16.9	  0.0	0.000	0.000	0.000
146	  Y	 16.7	  0.0	0.000	0.000	0.000
147	  D	 13.3	  0.5	1.083	0.000	0.000
148	  P	  0.2	  0.5	1.083	0.000	0.000
149	  E	  0.0	  0.5	1.083	0.000	0.000
150	  E	  0.0	  0.5	1.083	0.000	0.000
151	  A	  0.2	  0.1	1.083	0.000	0.000
152	  V	  0.2	  3.6	1.083	0.000	0.000
153	  G	  0.2	  3.6	1.083	0.000	0.000
154	  G	  0.1	  3.6	0.732	0.000	0.000
155	  K	  2.0	  3.6	0.273	0.000	0.000
156	  V	  3.7	  0.0	0.000	0.000	0.000
157	  A	  3.8	  0.0	0.000	0.000	0.000
158	  F	  4.1	  0.1	0.117	0.000	0.000
159	  E	  2.5	  0.1	0.117	0.000	0.000
160	  R	  2.7	  0.1	0.117	0.000	0.000
161	  R	  0.8	  0.1	0.117	0.000	0.000
162	  R	  0.7	  0.1	0.117	0.000	0.000
163	  E	  0.3	  0.0	0.117	0.000	0.000
164	  P	  0.0	  0.0	0.000	0.000	0.000
165	  P	  0.0	  0.1	0.000	0.000	0.000
166	  P	  0.0	  0.1	0.000	0.000	0.000
167	  F	  2.1	  0.2	0.000	0.000	0.000
168	  S	  2.4	  0.3	0.000	0.000	0.000
169	  Q	  2.5	  0.2	0.000	0.000	0.000
170	  T	  1.6	  0.2	0.000	0.000	0.000
171	  S	  1.7	  0.3	0.000	0.000	0.000
172	  K	  1.7	  0.2	0.000	0.000	0.000
173	  E	  0.5	  0.2	0.000	0.000	0.000
174	  S	  5.7	  0.3	0.000	0.000	0.000
175	  I	  6.2	  0.3	0.000	0.000	0.000
176	  S	  6.8	  1.7	0.000	0.000	0.000
177	  K	  1.3	  1.7	0.000	0.000	0.000
178	  N	  0.7	  1.6	0.000	0.000	0.000
179	  S	  0.1	  1.8	0.926	0.000	0.000
180	  P	  0.0	  0.3	0.926	0.000	0.000
181	  K	  1.0	  0.3	0.926	0.000	0.000
182	  L	  1.3	  0.5	0.926	0.000	0.000
183	  K	  1.5	  0.2	0.926	0.000	0.000
184	  S	  0.6	  0.2	1.037	0.000	0.000
185	  R	  0.7	  0.2	0.497	0.000	0.000
186	  L	  0.6	  0.1	0.268	0.000	0.000
187	  S	  0.6	  0.1	0.268	0.000	0.000
188	  R	  0.8	  0.0	0.111	0.000	0.000
189	  M	  1.5	  0.1	0.111	0.000	0.000
190	  V	  3.0	  0.1	0.000	0.000	0.000
191	  N	  2.4	  0.1	0.000	0.000	0.000
192	  S	  1.7	  0.1	0.000	0.000	0.000
193	  E	  0.2	  0.0	0.000	0.000	0.000
194	  W	  0.1	  0.0	0.000	0.000	0.000
195	  I	  0.1	  0.0	0.000	0.000	0.000
