res	aa	Beta	Turn	Helix	Aggregation	Conc-Stab_Aggregation
01	  M	  1.6	  0.0	0.000	0.000	0.000
02	  K	  1.9	  0.0	0.000	0.000	0.000
03	  L	  2.8	  0.0	0.000	66.641	66.641
04	  L	  1.7	  0.0	0.000	87.198	87.198
05	  L	  1.7	  0.0	0.000	95.662	95.662
06	  Y	  1.4	  0.0	0.000	97.100	97.100
07	  A	  1.0	  0.0	0.000	97.509	97.509
08	  A	  1.1	  0.0	0.000	97.768	97.768
09	  V	  8.9	  0.0	0.000	98.039	98.039
10	  T	 12.1	  0.0	0.320	95.960	95.960
11	  F	 12.7	  0.0	0.320	94.688	94.688
12	  A	  4.9	  0.0	0.320	78.155	78.155
13	  V	  3.4	  0.0	0.320	72.226	72.226
14	  R	  2.6	  0.0	0.320	0.000	0.000
15	  S	  2.2	  0.0	0.320	0.000	0.000
16	  N	  0.3	  0.3	0.218	0.000	0.000
17	  P	  0.0	  0.2	0.000	0.000	0.000
18	  E	  1.7	  0.2	0.000	0.000	0.000
19	  W	  2.6	  0.3	0.000	0.000	0.000
20	  T	  2.9	  0.2	0.000	0.000	0.000
21	  D	  1.5	  1.4	0.000	0.000	0.000
22	  C	  0.7	  2.0	0.000	0.000	0.000
23	  D	  0.3	  2.0	0.000	0.000	0.000
24	  D	  0.4	  2.4	0.000	0.000	0.000
25	  C	  4.1	  1.2	0.000	0.000	0.000
26	  S	  4.3	  0.6	0.000	0.000	0.000
27	  A	  4.4	  0.5	0.000	0.000	0.000
28	  I	  6.3	  0.0	0.000	0.000	0.000
29	  T	  6.2	  0.0	0.000	0.000	0.000
30	  T	  5.9	  0.4	0.000	0.000	0.000
31	  P	  0.2	  0.6	0.000	0.000	0.000
32	  S	  0.1	  0.7	0.000	0.000	0.000
33	  S	  0.6	  0.8	0.000	0.000	0.000
34	  L	  0.6	  0.5	0.000	0.000	0.000
35	  K	  0.6	  0.5	0.000	0.000	0.000
36	  G	  0.1	  0.4	0.000	0.000	0.000
37	  T	  2.3	  0.3	0.000	0.117	0.117
38	  L	  5.7	  0.1	0.000	0.117	0.117
39	  T	 24.3	  0.0	0.000	0.117	0.117
40	  Y	 23.2	  0.0	0.000	0.117	0.117
41	  T	 20.0	  0.0	0.000	0.117	0.117
42	  G	  1.3	  0.0	0.000	0.000	0.000
43	  P	  0.0	  0.0	0.000	0.000	0.000
44	  V	  0.7	  0.0	0.000	0.000	0.000
45	  E	  0.7	  0.6	0.000	0.000	0.000
46	  P	  0.7	  0.9	0.000	0.000	0.000
47	  G	  0.0	  0.9	0.000	0.000	0.000
48	  T	  2.4	  0.9	0.000	0.000	0.000
49	  T	  2.8	  0.3	0.208	0.000	0.000
50	  Q	  2.9	  0.2	0.208	0.000	0.000
51	  A	  0.8	  0.2	0.208	0.000	0.000
52	  S	  0.6	  0.2	0.208	0.000	0.000
53	  R	  0.5	  0.2	0.208	0.000	0.000
54	  E	  0.3	  0.5	0.208	0.000	0.000
55	  P	  0.0	  0.5	0.000	0.000	0.000
56	  D	  2.4	  0.5	0.000	0.000	0.000
57	  V	  3.8	  0.5	0.000	0.000	0.000
58	  E	  3.9	  0.1	0.000	0.000	0.000
59	  S	  1.6	  0.1	0.000	0.000	0.000
60	  S	  0.1	  0.1	0.000	0.000	0.000
61	  P	  0.0	  0.0	0.000	0.000	0.000
62	  P	  0.0	  0.0	0.000	0.000	0.000
63	  F	 16.3	  0.0	0.000	0.000	0.000
64	  T	 16.3	  0.0	0.000	0.000	0.000
65	  V	 16.3	  0.0	0.000	0.000	0.000
66	  P	  0.0	  0.3	0.000	0.000	0.000
67	  P	  0.0	  0.4	0.000	0.000	0.000
68	  S	  0.5	  0.4	0.000	0.000	0.000
69	  T	  4.7	  0.4	0.000	0.000	0.000
70	  I	  5.1	  0.1	0.000	0.000	0.000
71	  I	  4.7	  0.2	0.000	0.000	0.000
72	  P	  0.5	  0.2	0.000	0.000	0.000
73	  S	  0.7	  0.2	0.000	0.000	0.000
74	  Q	  0.8	  0.2	0.000	0.000	0.000
75	  E	  0.8	  0.2	0.000	0.000	0.000
76	  P	  0.0	  0.2	0.000	0.000	0.000
77	  T	  0.5	  0.2	0.000	0.000	0.000
78	  E	  0.4	  0.2	0.000	0.000	0.000
79	  S	  0.5	  0.4	0.000	0.000	0.000
80	  P	  0.0	  0.3	0.000	0.000	0.000
81	  E	  0.0	  0.3	0.000	0.000	0.000
82	  R	  0.0	  0.3	0.000	0.000	0.000
83	  P	  0.0	  0.0	0.000	0.000	0.000
84	  V	  1.4	  0.0	0.000	0.000	0.000
85	  E	  1.6	  0.1	0.000	0.000	0.000
86	  S	  2.2	  0.1	0.000	0.000	0.000
87	  T	  3.5	  0.1	0.000	0.000	0.000
88	  T	  4.7	  0.2	0.000	0.000	0.000
89	  K	  4.2	  0.1	0.000	0.000	0.000
90	  T	  2.4	  0.2	0.000	0.000	0.000
91	  S	  1.5	  0.7	0.000	0.000	0.000
92	  T	  1.5	  0.6	0.000	0.000	0.000
93	  N	  0.8	  0.6	0.000	0.000	0.000
94	  A	  0.6	  0.5	0.000	0.000	0.000
95	  I	  0.5	  0.0	0.000	0.000	0.000
96	  E	  0.4	  0.0	0.000	0.000	0.000
97	  P	  0.0	  0.3	0.000	0.000	0.000
98	  P	  0.0	  0.3	0.000	0.000	0.000
99	  T	  0.1	  0.4	0.000	0.000	0.000
100	  E	  0.1	  0.4	0.000	0.000	0.000
101	  T	  5.0	  0.1	0.000	0.000	0.000
102	  A	  5.0	  0.1	0.000	0.000	0.000
103	  S	  5.0	  2.2	0.000	0.000	0.000
104	  P	  0.1	  2.3	0.000	0.000	0.000
105	  S	  0.5	  2.3	0.000	0.000	0.000
106	  T	  0.5	  2.3	0.000	0.000	0.000
107	  E	  0.5	  0.2	0.000	0.000	0.000
108	  P	  0.0	  0.2	0.000	0.000	0.000
109	  T	  0.1	  0.5	0.000	0.000	0.000
110	  S	  0.2	  0.5	0.000	0.000	0.000
111	  D	  0.2	  0.4	0.000	0.000	0.000
112	  S	  0.1	  1.9	0.000	0.000	0.000
113	  P	  0.0	  1.7	0.000	0.000	0.000
114	  G	  0.0	  1.7	0.000	0.000	0.000
115	  T	  0.8	  1.7	0.000	0.000	0.000
116	  Q	  1.5	  0.1	0.000	0.000	0.000
117	  V	  4.4	  0.0	0.000	0.000	0.000
118	  T	  3.7	  0.0	0.000	0.000	0.000
119	  T	  3.0	  0.0	0.000	0.000	0.000
120	  P	  0.0	  0.0	0.000	0.000	0.000
121	  P	  0.0	  0.0	0.000	0.000	0.000
122	  A	  0.3	  0.0	0.000	0.000	0.000
123	  V	  1.3	  0.1	0.000	0.000	0.000
124	  E	  1.5	  0.1	0.000	0.000	0.000
125	  N	  1.4	  0.5	0.000	0.000	0.000
126	  T	  0.8	  0.5	0.000	0.000	0.000
127	  S	  1.4	  0.5	0.000	0.000	0.000
128	  A	  1.4	  0.5	0.000	0.000	0.000
129	  T	  1.2	  0.1	0.000	0.000	0.000
130	  T	  0.4	  0.3	0.000	0.000	0.000
131	  P	  0.2	  0.3	0.000	0.000	0.000
132	  K	  0.5	  0.4	0.000	0.000	0.000
133	  L	  0.6	  0.6	0.000	0.000	0.000
134	  S	  0.7	  0.4	0.000	0.000	0.000
135	  G	  0.3	  0.4	0.000	0.000	0.000
136	  E	  0.2	  0.4	0.000	0.000	0.000
137	  P	  0.0	  0.2	0.000	0.000	0.000
138	  T	  1.1	  0.2	0.000	0.000	0.000
139	  Q	  1.1	  0.2	0.000	0.000	0.000
140	  E	  1.1	  0.0	0.000	0.000	0.000
141	  P	  0.0	  0.0	0.000	0.000	0.000
142	  N	  0.0	  0.2	0.000	0.000	0.000
143	  P	  0.0	  0.2	0.000	0.000	0.000
144	  T	 13.0	  0.2	0.000	5.169	5.169
145	  I	 13.5	  0.3	0.000	13.750	13.750
146	  S	 13.7	  0.1	0.000	14.404	14.404
147	  S	  2.5	  0.1	0.000	20.229	20.229
148	  W	  3.0	  0.1	0.000	54.690	54.690
149	  C	  4.2	  0.0	0.000	56.324	56.324
150	  V	  5.9	  0.0	0.000	63.962	63.962
151	  I	  5.4	  0.1	0.000	64.010	64.010
152	  S	  4.5	  0.1	0.000	58.819	58.819
153	  T	 19.4	  0.1	0.000	56.839	56.839
154	  F	 21.0	  0.1	0.000	55.505	55.505
155	  T	 21.2	  0.1	0.000	35.232	35.232
156	  S	  4.5	  0.1	0.000	22.882	22.882
157	  V	  2.3	  0.1	0.000	21.368	21.368
158	  V	  1.6	  0.1	0.000	2.490	2.490
159	  P	  0.4	  0.2	0.000	1.087	1.087
160	  S	  2.0	  0.5	0.000	0.000	0.000
161	  T	  2.5	  0.5	0.000	0.000	0.000
162	  S	  3.4	  0.4	0.662	0.000	0.000
163	  L	  1.5	  0.3	0.662	0.000	0.000
164	  E	  1.0	  0.1	0.781	0.000	0.000
165	  E	  2.1	  0.0	0.781	0.000	0.000
166	  V	  3.2	  0.1	0.781	0.000	0.000
167	  E	  3.4	  0.1	0.781	0.000	0.000
168	  K	  2.3	  0.1	0.634	0.000	0.000
169	  C	  1.4	  0.1	0.453	0.000	0.000
170	  S	  1.2	  0.3	0.000	0.000	0.000
171	  P	  0.2	  0.2	0.000	0.000	0.000
172	  K	  2.3	  0.2	0.000	0.000	0.000
173	  V	  5.5	  0.2	0.000	0.000	0.000
174	  I	  6.0	  0.0	0.000	0.000	0.000
175	  E	  3.9	  0.1	0.000	0.000	0.000
176	  S	  0.8	  0.1	0.000	0.000	0.000
177	  T	  0.6	  0.1	0.000	0.000	0.000
178	  E	  3.2	  0.1	0.000	0.000	0.000
179	  V	  3.9	  0.1	0.000	0.000	0.000
180	  S	  3.7	  0.1	0.000	0.000	0.000
181	  T	  6.2	  0.1	0.000	0.000	0.000
182	  L	  6.0	  0.1	0.000	0.117	0.117
183	  S	  6.5	  0.2	0.000	0.117	0.117
184	  A	  1.5	  0.2	0.000	0.280	0.280
185	  T	  2.3	  0.2	0.000	0.280	0.280
186	  S	  2.5	  0.2	0.000	0.280	0.280
187	  Y	  3.0	  0.0	0.000	0.280	0.280
188	  I	  2.1	  0.0	0.000	0.280	0.280
189	  T	  1.7	  0.0	0.000	0.000	0.000
190	  N	  1.1	  0.0	0.000	0.000	0.000
191	  T	  1.7	  0.0	0.079	0.000	0.000
192	  K	  6.2	  0.0	0.079	0.000	0.000
193	  V	 27.1	  0.0	0.079	0.000	0.000
194	  E	 44.7	  0.0	0.079	0.000	0.000
195	  V	 40.8	  0.0	0.079	0.000	0.000
196	  K	 27.6	  0.1	0.079	0.000	0.000
197	  P	  0.4	  0.2	0.000	0.000	0.000
198	  S	  0.1	  0.2	0.000	0.000	0.000
199	  T	  2.6	  0.2	0.000	1.064	1.064
200	  L	  5.8	  0.1	0.000	1.261	1.261
201	  T	 16.0	  0.0	0.000	1.261	1.261
202	  V	 15.9	  0.0	0.000	1.261	1.261
203	  T	 13.9	  0.1	0.000	1.261	1.261
204	  S	  3.8	  0.1	0.000	0.315	0.315
205	  S	  1.4	  0.1	0.000	0.000	0.000
206	  L	  0.3	  0.1	0.000	0.000	0.000
207	  P	  0.1	  0.0	0.000	0.000	0.000
208	  A	  0.0	  0.6	0.000	0.000	0.000
209	  R	  0.1	  1.0	0.000	0.000	0.000
210	  N	  0.1	  1.0	0.000	0.000	0.000
211	  G	  0.1	  1.1	0.000	0.000	0.000
212	  F	  2.4	  0.5	0.000	0.000	0.000
213	  D	  3.1	  0.1	0.000	0.000	0.000
214	  F	  5.0	  0.3	0.000	0.000	0.000
215	  T	  2.8	  0.5	0.000	0.000	0.000
216	  N	  2.0	  0.9	0.000	0.000	0.000
217	  G	  0.1	  0.9	0.000	0.000	0.000
218	  S	  0.8	  0.6	0.000	0.360	0.360
219	  Y	  2.3	  0.3	0.000	1.442	1.442
220	  V	  6.2	  0.0	0.000	1.442	1.442
221	  S	 12.6	  0.0	0.000	1.442	1.442
222	  F	 12.2	  0.0	0.000	1.442	1.442
223	  T	  8.5	  0.1	0.000	1.217	1.217
224	  E	  1.4	  0.1	0.000	0.000	0.000
225	  H	  2.6	  0.1	0.000	0.000	0.000
226	  C	  3.7	  0.1	0.000	0.000	0.000
227	  I	  6.8	  0.0	0.000	0.000	0.000
228	  T	  4.8	  0.0	0.000	0.000	0.000
229	  T	  3.8	  0.0	0.000	0.000	0.000
230	  E	  2.5	  0.0	0.000	0.000	0.000
231	  Y	  4.9	  0.0	0.000	0.000	0.000
232	  T	  6.2	  0.0	0.000	0.000	0.000
233	  S	 11.4	  0.0	0.143	0.000	0.000
234	  Y	 10.2	  0.1	0.143	0.000	0.000
235	  T	  8.8	  0.2	0.143	0.000	0.000
236	  T	  1.6	  0.4	0.143	0.000	0.000
237	  G	  0.1	  0.4	0.143	0.000	0.000
238	  H	  2.5	  0.4	0.143	0.000	0.000
239	  T	  6.3	  0.2	0.000	2.059	2.059
240	  V	  9.4	  0.0	0.000	4.450	4.450
241	  M	  7.5	  0.0	0.000	4.584	4.584
242	  I	  4.3	  0.1	0.000	4.695	4.695
243	  S	  1.3	  0.1	0.000	4.695	4.695
244	  S	  1.1	  0.1	0.153	3.985	3.985
245	  W	  0.9	  0.1	0.153	3.837	3.837
246	  L	  0.7	  0.1	0.153	3.294	3.294
247	  E	  0.4	  0.1	0.153	0.000	0.000
248	  T	  3.0	  0.1	0.153	2.479	2.479
249	  V	  7.9	  0.1	0.153	6.725	6.725
250	  I	  9.6	  0.0	0.153	7.331	7.331
251	  N	  7.8	  0.0	0.372	7.331	7.331
252	  T	 13.0	  0.0	0.219	8.401	8.401
253	  I	 13.3	  0.0	0.219	10.178	10.178
254	  T	 13.5	  0.0	0.219	8.710	8.710
255	  S	  4.1	  0.0	0.219	7.727	7.727
256	  Y	  3.8	  0.0	0.219	7.727	7.727
257	  V	  3.5	  0.0	0.000	7.368	7.368
258	  C	  5.3	  0.1	0.000	4.001	4.001
259	  E	  3.8	  0.2	0.000	0.000	0.000
260	  K	  3.1	  0.2	0.000	0.000	0.000
261	  S	  0.5	  0.3	0.000	0.000	0.000
262	  E	  0.3	  0.2	0.000	0.000	0.000
263	  Q	  0.2	  0.2	0.000	0.000	0.000
264	  T	  3.0	  0.1	0.000	0.000	0.000
265	  H	  3.9	  0.1	0.000	0.000	0.000
266	  T	  6.0	  0.1	0.000	0.000	0.000
267	  L	  3.3	  0.2	0.000	0.000	0.000
268	  T	  2.4	  0.7	0.000	0.000	0.000
269	  G	  0.3	  0.7	0.000	0.000	0.000
270	  S	 20.6	  0.7	0.000	0.000	0.000
271	  F	 21.2	  0.7	0.000	0.000	0.000
272	  S	 21.3	  0.2	0.115	0.000	0.000
273	  T	  1.1	  0.4	0.115	0.000	0.000
274	  E	  0.2	  0.3	0.115	0.000	0.000
275	  T	  0.1	  0.3	0.115	0.000	0.000
276	  G	  0.0	  0.3	0.115	0.000	0.000
277	  L	  2.8	  0.0	0.115	0.000	0.000
278	  V	  3.3	  0.0	0.000	0.000	0.000
279	  V	  3.4	  0.0	0.000	0.000	0.000
280	  P	  0.6	  0.0	0.000	0.000	0.000
281	  V	  4.9	  0.0	0.000	0.000	0.000
282	  T	  4.8	  0.0	0.000	0.000	0.000
283	  S	  4.8	  0.0	0.000	0.000	0.000
284	  P	  0.0	  0.0	0.000	0.000	0.000
285	  P	  0.0	  0.3	0.000	0.000	0.000
286	  A	  0.0	  0.5	0.000	0.000	0.000
287	  Q	  0.0	  0.5	0.000	0.000	0.000
288	  G	  0.0	  0.5	0.000	0.285	0.285
289	  T	  3.3	  0.2	0.000	0.285	0.285
290	  V	  7.3	  0.0	0.000	0.285	0.285
291	  I	 12.8	  0.0	0.000	0.285	0.285
292	  T	  9.8	  0.0	0.000	0.285	0.285
293	  T	  5.8	  0.0	0.000	0.000	0.000
294	  P	  0.2	  0.2	0.000	0.000	0.000
295	  A	  0.2	  0.2	0.000	0.000	0.000
296	  S	  0.8	  0.3	0.000	0.000	0.000
297	  K	  1.7	  0.3	0.000	0.000	0.000
298	  T	  3.0	  0.2	0.000	0.000	0.000
299	  T	  2.6	  0.1	0.000	0.000	0.000
300	  A	  1.7	  0.4	0.000	0.000	0.000
301	  P	  0.2	  0.4	0.000	0.000	0.000
302	  S	  0.0	  0.5	0.000	0.000	0.000
303	  E	  0.1	  0.5	0.000	0.000	0.000
304	  T	  1.0	  0.2	0.000	0.000	0.000
305	  S	 11.4	  0.3	0.193	0.000	0.000
306	  V	 12.1	  0.2	0.193	0.000	0.000
307	  S	 11.4	  0.2	0.193	0.000	0.000
308	  T	  1.6	  0.2	0.193	0.000	0.000
309	  A	  0.8	  0.0	0.193	0.000	0.000
310	  A	  0.7	  0.0	0.193	0.000	0.000
311	  P	  0.0	  0.0	0.000	0.000	0.000
312	  Y	  0.0	  0.8	0.000	0.000	0.000
313	  P	  0.0	  1.0	0.000	0.000	0.000
314	  T	  0.1	  1.1	0.000	0.000	0.000
315	  G	  0.1	  1.6	0.000	0.000	0.000
316	  Q	  0.1	  0.8	0.000	0.000	0.000
317	  S	  0.0	  0.6	0.000	0.000	0.000
318	  G	  0.1	  0.5	0.000	0.000	0.000
319	  L	  0.5	  0.1	0.000	0.470	0.470
320	  I	  1.4	  0.1	0.000	0.470	0.470
321	  S	  3.4	  0.2	0.000	0.470	0.470
322	  T	  3.8	  0.2	0.000	0.470	0.470
323	  S	  4.8	  0.2	0.000	0.470	0.470
324	  V	  3.4	  0.2	0.000	0.470	0.470
325	  I	  2.6	  0.5	0.000	0.000	0.000
326	  P	  0.6	  0.5	0.000	0.000	0.000
327	  G	  0.0	  0.5	0.000	0.000	0.000
328	  T	  0.0	  0.5	0.000	0.000	0.000
329	  P	  0.0	  0.2	0.000	0.000	0.000
330	  V	  0.2	  0.5	0.000	0.000	0.000
331	  G	  0.2	  0.5	0.000	0.000	0.000
332	  S	  0.7	  0.5	0.000	0.000	0.000
333	  I	  1.2	  0.2	0.000	0.000	0.000
334	  C	  1.3	  0.2	0.000	0.000	0.000
335	  A	  1.0	  0.2	0.000	0.000	0.000
336	  T	  0.9	  0.2	0.000	0.000	0.000
337	  R	  1.4	  0.2	0.000	0.000	0.000
338	  T	  6.7	  0.1	0.000	2.041	2.041
339	  V	 11.6	  0.0	0.000	2.041	2.041
340	  Y	 11.7	  0.0	0.000	2.041	2.041
341	  V	  8.0	  0.0	0.000	2.041	2.041
342	  T	  3.7	  0.1	0.000	2.041	2.041
343	  K	  3.2	  0.1	0.000	0.000	0.000
344	  T	  2.1	  0.1	0.236	0.000	0.000
345	  Q	  0.9	  0.1	0.236	0.000	0.000
346	  A	  0.6	  0.0	0.236	1.363	1.363
347	  C	  0.5	  0.0	0.236	1.363	1.363
348	  A	  0.7	  0.0	0.236	1.363	1.363
349	  F	  3.6	  0.0	0.236	1.363	1.363
350	  V	  3.6	  0.0	0.000	1.363	1.363
351	  Q	  3.3	  0.4	0.000	0.000	0.000
352	  P	  0.3	  0.7	0.000	0.000	0.000
353	  S	  0.0	  0.7	0.115	0.000	0.000
354	  N	  0.0	  0.7	0.284	0.000	0.000
355	  A	  0.0	  1.3	0.284	0.000	0.000
356	  A	  0.0	  2.0	0.284	0.000	0.000
357	  N	  0.0	  2.0	0.284	0.000	0.000
358	  G	  0.1	  2.0	0.284	0.000	0.000
359	  L	  0.1	  1.1	0.169	0.000	0.000
360	  S	  0.2	  2.9	0.148	0.000	0.000
361	  P	  0.1	  2.9	0.148	0.000	0.000
362	  S	  0.2	  2.9	0.555	0.000	0.000
363	  S	  0.4	  2.9	3.140	0.000	0.000
364	  I	  1.2	  0.1	3.256	0.000	0.000
365	  M	  1.2	  0.0	3.256	0.000	0.000
366	  E	  1.0	  0.0	3.256	0.000	0.000
367	  A	  0.3	  0.1	3.256	6.813	6.813
368	  L	  0.1	  0.1	3.256	14.851	14.851
369	  G	  0.1	  0.1	3.122	18.052	18.052
370	  M	  1.1	  0.1	1.597	39.983	39.983
371	  L	  1.9	  0.0	0.473	52.142	52.142
372	  L	  3.2	  0.0	0.359	52.142	52.142
373	  I	  3.1	  0.0	0.359	51.663	51.663
374	  M	  2.6	  0.0	0.359	44.933	44.933
375	  A	  1.3	  0.0	0.000	34.406	34.406
376	  L	  0.3	  0.0	0.000	0.000	0.000
