res	aa	Beta	Turn	Helix	Aggregation	Conc-Stab_Aggregation
01	  M	  0.0	  0.2	0.000	0.000	0.000
02	  P	  0.0	  0.2	0.000	0.000	0.000
03	  K	  0.1	  0.2	0.000	0.000	0.000
04	  L	  0.1	  0.4	0.000	0.000	0.000
05	  P	  0.1	  0.3	0.000	0.000	0.000
06	  S	 10.5	  0.4	0.000	0.000	0.000
07	  V	 10.8	  0.4	0.000	0.000	0.000
08	  S	 10.8	  0.2	0.127	0.000	0.000
09	  E	  0.4	  0.2	0.127	0.000	0.000
10	  L	  1.3	  0.1	0.127	1.960	1.960
11	  I	  4.3	  0.1	0.127	1.960	1.960
12	  V	  4.4	  0.1	0.127	1.960	1.960
13	  G	  3.1	  0.2	0.127	1.960	1.960
14	  A	  0.4	  0.3	0.000	1.960	1.960
15	  Q	  1.0	  0.3	0.000	0.378	0.378
16	  L	  1.3	  0.3	0.000	0.378	0.378
17	  S	  1.2	  0.3	0.000	0.000	0.000
18	  S	  0.7	  0.2	0.000	0.000	0.000
19	  H	  1.0	  0.5	0.000	0.000	0.000
20	  L	  0.8	  0.4	0.000	0.000	0.000
21	  D	  0.7	  0.3	0.000	0.000	0.000
22	  R	  0.1	  0.3	0.000	0.000	0.000
23	  S	  0.1	  4.9	0.000	0.000	0.000
24	  P	  0.1	  4.9	0.000	0.000	0.000
25	  N	  0.0	  4.9	0.187	0.000	0.000
26	  H	  0.6	  4.9	0.187	0.000	0.000
27	  M	  4.3	  0.0	0.187	0.000	0.000
28	  T	 18.7	  0.0	0.187	0.000	0.000
29	  V	 19.8	  0.0	0.187	0.000	0.000
30	  K	 16.3	  0.0	0.187	0.000	0.000
31	  H	  1.8	  0.5	0.000	0.000	0.000
32	  S	  0.1	  1.0	0.000	0.000	0.000
33	  D	  0.1	  1.0	0.000	0.000	0.000
34	  S	  0.2	  1.0	0.000	0.000	0.000
35	  S	  0.1	  0.8	0.299	0.000	0.000
36	  P	  0.0	  0.4	0.299	0.000	0.000
37	  R	  0.2	  0.5	0.299	0.000	0.000
38	  S	  0.8	  0.5	0.299	0.000	0.000
39	  A	  0.8	  0.2	0.299	0.000	0.000
40	  H	  0.6	  0.0	0.299	0.000	0.000
41	  P	  0.0	  0.0	0.000	0.000	0.000
42	  V	  0.3	  0.0	0.000	0.000	0.000
43	  S	  0.3	  0.4	0.000	0.000	0.000
44	  P	  0.3	  0.4	0.000	0.000	0.000
45	  H	  0.0	  0.6	0.000	0.000	0.000
46	  S	  0.1	  0.7	0.000	0.000	0.000
47	  E	  0.3	  0.3	0.000	0.000	0.000
48	  K	  0.9	  0.4	0.000	0.000	0.000
49	  S	  1.5	  0.2	0.000	0.000	0.000
50	  T	  4.9	  0.1	0.000	0.000	0.000
51	  F	  5.1	  0.2	0.000	0.000	0.000
52	  A	  4.5	  0.3	0.000	0.000	0.000
53	  S	  1.2	  0.3	0.000	0.000	0.000
54	  S	  0.4	  0.3	0.000	0.000	0.000
55	  V	  0.3	  0.1	0.000	0.000	0.000
56	  P	  0.0	  0.0	0.000	0.000	0.000
57	  P	  0.0	  0.6	0.000	0.000	0.000
58	  P	  0.0	  0.6	0.000	0.000	0.000
59	  S	  0.1	  0.6	0.000	0.000	0.000
60	  A	  0.1	  1.0	0.000	0.000	0.000
61	  P	  0.1	  0.5	0.000	0.000	0.000
62	  S	  1.1	  0.5	0.000	0.000	0.000
63	  L	  1.1	  0.5	0.000	0.000	0.000
64	  H	  1.1	  0.1	0.000	0.000	0.000
65	  P	  0.0	  0.0	0.000	0.000	0.000
66	  P	  0.0	  0.0	0.000	0.000	0.000
67	  V	  3.0	  0.0	0.000	0.000	0.000
68	  A	  3.0	  0.0	0.000	0.000	0.000
69	  F	  3.0	  0.2	0.000	0.000	0.000
70	  P	  0.0	  0.2	0.000	0.000	0.000
71	  A	  0.1	  0.2	0.000	0.000	0.000
72	  V	  0.1	  0.5	0.000	0.000	0.000
73	  P	  0.1	  0.3	0.000	0.000	0.000
74	  N	  0.1	  0.3	0.000	0.000	0.000
75	  T	  0.3	  0.3	0.000	0.000	0.000
76	  L	  0.4	  0.0	0.000	0.000	0.000
77	  P	  0.3	  0.0	0.000	0.000	0.000
78	  L	  0.0	  0.2	0.000	0.000	0.000
79	  P	  0.0	  0.3	0.000	0.000	0.000
80	  R	  0.3	  0.3	0.000	0.000	0.000
81	  S	  0.7	  0.3	0.000	0.000	0.000
82	  R	  0.7	  0.2	0.000	0.000	0.000
83	  N	  0.5	  1.5	0.000	0.000	0.000
84	  P	  0.0	  1.5	0.000	0.000	0.000
85	  S	  7.5	  1.6	0.000	0.000	0.000
86	  V	  8.3	  1.6	0.000	0.000	0.000
87	  S	  8.5	  0.2	0.000	0.000	0.000
88	  S	  1.6	  0.2	0.000	0.000	0.000
89	  T	 28.7	  0.2	0.000	0.000	0.000
90	  Y	 29.4	  0.2	0.000	0.000	0.000
91	  S	 29.0	  0.2	0.000	0.000	0.000
92	  G	  1.5	  0.6	0.000	0.000	0.000
93	  P	  0.0	  0.6	0.000	0.000	0.000
94	  S	  0.0	  0.6	0.000	0.000	0.000
95	  R	  0.0	  1.8	0.000	0.000	0.000
96	  P	  0.0	  2.7	0.000	0.000	0.000
97	  G	  0.0	  2.7	0.000	0.000	0.000
98	  D	  0.9	  2.7	0.000	0.000	0.000
99	  Y	  3.1	  1.3	0.000	0.000	0.000
100	  F	  3.9	  0.1	0.000	0.000	0.000
101	  S	  4.7	  0.3	0.000	0.000	0.000
102	  T	  3.1	  0.3	0.000	0.000	0.000
103	  S	  3.4	  0.4	0.000	0.000	0.000
104	  H	  4.0	  0.3	0.000	0.000	0.000
105	  T	 10.7	  0.1	0.000	0.000	0.000
106	  V	  9.7	  0.0	0.000	0.000	0.000
107	  L	  7.4	  0.0	0.000	0.000	0.000
108	  P	  0.0	  0.0	0.000	0.000	0.000
109	  P	  0.0	  0.0	0.000	0.000	0.000
110	  P	  0.0	  0.0	0.000	0.000	0.000
111	  P	  0.0	  0.0	0.000	0.000	0.000
112	  A	  0.2	  0.0	0.000	0.000	0.000
113	  T	  1.5	  0.1	0.000	0.000	0.000
114	  Q	  1.8	  0.1	0.000	0.000	0.000
115	  R	  1.6	  0.1	0.000	0.000	0.000
116	  T	  0.4	  0.3	0.000	0.000	0.000
117	  P	  0.1	  0.3	0.000	0.000	0.000
118	  Q	  0.1	  0.3	0.000	0.000	0.000
119	  H	  0.0	  2.3	0.000	0.000	0.000
120	  P	  0.0	  2.1	0.000	0.000	0.000
121	  G	  0.1	  2.1	0.000	0.000	0.000
122	  I	  1.2	  2.2	0.000	0.000	0.000
123	  S	  1.7	  0.1	0.000	0.000	0.000
124	  Q	  1.6	  0.0	0.000	0.000	0.000
125	  T	  0.5	  0.5	0.000	0.000	0.000
126	  P	  0.1	  0.5	0.000	0.000	0.000
127	  S	  6.9	  0.5	0.000	0.000	0.000
128	  Y	  8.9	  0.5	0.000	0.000	0.000
129	  E	  8.9	  0.0	0.000	0.000	0.000
130	  Q	  2.2	  0.2	0.000	0.000	0.000
131	  P	  0.0	  0.2	0.000	0.000	0.000
132	  H	  0.4	  0.2	0.000	0.000	0.000
133	  H	  1.0	  0.2	0.000	0.000	0.000
134	  A	  1.2	  0.0	0.000	0.000	0.000
135	  V	  3.4	  0.0	0.000	0.000	0.000
136	  E	  2.9	  0.0	0.000	0.000	0.000
137	  S	  2.6	  0.2	0.204	0.000	0.000
138	  P	  0.0	  0.2	0.204	0.000	0.000
139	  L	  0.3	  0.2	0.204	0.000	0.000
140	  H	  0.7	  0.6	0.204	0.000	0.000
141	  A	  1.0	  0.4	0.204	0.000	0.000
142	  S	  0.6	  0.4	0.204	0.000	0.000
143	  S	  0.3	  0.7	0.000	0.000	0.000
144	  P	  0.0	  0.4	0.000	0.000	0.000
145	  H	  0.2	  0.5	0.000	0.000	0.000
146	  Q	  0.3	  0.5	0.000	0.000	0.000
147	  T	  2.3	  0.2	0.000	0.000	0.000
148	  R	  2.3	  0.3	0.000	0.000	0.000
149	  S	  3.0	  1.0	0.000	0.000	0.000
150	  S	  1.1	  1.1	0.000	0.000	0.000
151	  S	  6.3	  1.4	0.000	0.000	0.000
152	  L	  6.6	  1.2	0.000	0.000	0.000
153	  S	  6.5	  0.4	0.000	0.000	0.000
154	  H	  1.2	  0.4	0.000	0.000	0.000
155	  P	  0.0	  0.0	0.000	0.000	0.000
156	  P	  0.0	  0.0	0.000	0.000	0.000
157	  P	  0.0	  0.2	0.000	0.000	0.000
158	  P	  0.0	  0.2	0.000	0.000	0.000
159	  H	  2.3	  0.2	0.000	0.000	0.000
160	  I	  2.7	  0.3	0.000	0.000	0.000
161	  Q	  3.0	  0.1	0.000	0.000	0.000
162	  Q	  0.9	  0.1	0.000	0.000	0.000
163	  Q	  0.9	  0.1	0.000	0.000	0.000
164	  Q	  0.9	  0.1	0.000	0.000	0.000
165	  Q	  0.9	  0.1	0.000	0.000	0.000
166	  Q	  1.2	  0.1	0.000	0.000	0.000
167	  Q	  1.0	  0.1	0.000	0.000	0.000
168	  Q	  0.7	  0.2	0.000	0.000	0.000
169	  P	  0.0	  0.2	0.000	0.000	0.000
170	  Q	  0.4	  0.2	0.000	0.000	0.000
171	  Q	  0.4	  0.2	0.000	0.000	0.000
172	  H	  0.4	  0.1	0.000	0.000	0.000
173	  P	  0.1	  0.0	0.000	0.000	0.000
174	  L	  0.0	  0.0	0.000	0.000	0.000
175	  P	  0.0	  0.0	0.000	0.000	0.000
176	  L	  0.0	  0.0	0.000	0.000	0.000
