res	aa	Beta	Turn	Helix	Aggregation	Conc-Stab_Aggregation
01	  M	  0.0	  0.0	0.000	0.000	0.000
02	  D	  0.0	  0.0	0.000	0.000	0.000
03	  N	  0.0	  0.0	0.000	0.000	0.000
04	  R	  0.0	  0.0	0.000	0.000	0.000
05	  R	  0.0	  0.0	-1.#IO	0.000	0.000
06	  V	  0.0	  0.0	-1.#IO	0.000	0.000
07	  I	  0.0	  0.0	-1.#IO	0.000	0.000
08	  K	  0.0	  0.0	-1.#IO	0.000	0.000
09	  A	  0.0	  0.0	-1.#IO	0.000	0.000
10	  Y	  0.0	  0.0	-1.#IO	0.000	0.000
11	  K	  0.0	  0.0	-1.#IO	0.000	0.000
12	  E	  0.0	  0.0	-1.#IO	0.000	0.000
13	  R	  0.0	  0.0	-1.#IO	0.000	0.000
14	  G	  0.0	  0.0	-1.#IO	0.000	0.000
15	  R	  0.0	  0.0	-1.#IO	0.000	0.000
16	  E	  0.0	  0.0	-1.#IO	0.000	0.000
17	  K	  0.0	  0.0	-1.#IO	0.000	0.000
18	  V	  0.0	  0.0	-1.#IO	0.000	0.000
19	  L	  0.0	  0.0	-1.#IO	0.000	0.000
20	  P	  0.0	  0.0	-1.#IO	0.000	0.000
21	  L	  0.0	  0.0	-1.#IO	0.000	0.000
22	  P	  0.0	  0.0	-1.#IO	0.000	0.000
23	  S	  0.0	  0.0	-1.#IO	0.000	0.000
24	  K	  0.0	  0.0	-1.#IO	0.000	0.000
25	  A	  0.0	  0.0	-1.#IO	0.000	0.000
26	  G	  0.0	  0.0	0.000	0.000	0.000
27	  L	  0.0	  0.0	0.000	0.000	0.000
28	  L	  0.3	  0.0	0.000	0.000	0.000
29	  S	  0.4	  0.0	1.275	0.000	0.000
30	  K	  1.6	  0.0	1.275	0.000	0.000
31	  M	  1.4	  0.2	1.275	0.000	0.000
32	  K	  1.4	  0.1	1.275	0.000	0.000
33	  R	  1.1	  0.1	1.275	0.000	0.000
34	  Y	  1.9	  0.2	1.275	0.000	0.000
35	  I	  2.9	  0.2	0.239	0.000	0.000
36	  S	  2.4	  1.5	0.239	0.000	0.000
37	  G	  1.5	  1.7	0.000	0.000	0.000
38	  S	  0.4	  1.6	0.000	0.000	0.000
39	  S	  0.3	  1.4	0.000	0.000	0.000
40	  L	  0.5	  0.2	0.000	0.000	0.000
41	  W	  1.0	  0.1	0.111	0.000	0.000
42	  Q	  0.8	  0.3	0.111	0.000	0.000
43	  E	  0.6	  0.4	0.111	0.000	0.000
44	  G	  0.0	  0.4	0.111	0.000	0.000
45	  L	  0.1	  0.3	0.111	0.000	0.000
46	  S	  1.6	  0.8	0.111	0.000	0.000
47	  R	  1.9	  0.7	0.111	0.000	0.000
48	  S	  2.0	  0.8	0.111	0.000	0.000
49	  R	  0.6	  0.8	0.000	0.000	0.000
50	  T	  2.9	  0.3	0.000	0.000	0.000
51	  A	  3.1	  0.3	0.000	0.000	0.000
52	  S	  8.2	  0.5	0.000	0.000	0.000
53	  L	  6.0	  0.6	0.000	0.000	0.000
54	  S	  6.4	  1.3	0.000	0.000	0.000
55	  S	  1.4	  1.3	0.000	0.000	0.000
56	  S	  1.2	  1.0	0.000	0.000	0.000
57	  R	  0.4	  0.9	0.000	0.000	0.000
58	  A	  0.1	  1.5	0.000	0.000	0.000
59	  P	  0.0	  1.6	0.000	0.000	0.000
60	  S	  0.0	  1.6	0.000	0.000	0.000
61	  G	  0.1	  1.6	0.000	0.000	0.000
62	  V	  1.4	  0.3	0.000	0.000	0.000
63	  S	  1.3	  0.0	0.000	0.000	0.000
64	  S	  1.3	  0.0	0.000	0.000	0.000
65	  R	  0.0	  0.0	0.000	0.000	0.000
66	  K	  0.0	  0.0	0.000	0.000	0.000
67	  P	  0.0	  0.0	-1.#IO	0.000	0.000
68	  S	  0.0	  0.0	-1.#IO	0.000	0.000
69	  V	  0.0	  0.0	-1.#IO	0.000	0.000
70	  S	  0.0	  0.0	-1.#IO	0.000	0.000
71	  Q	  0.0	  0.0	-1.#IO	0.000	0.000
72	  P	  0.0	  0.0	-1.#IO	0.000	0.000
73	  N	  0.0	  0.0	-1.#IO	0.000	0.000
74	  A	  0.0	  0.0	-1.#IO	0.000	0.000
75	  H	  0.0	  0.0	-1.#IO	0.000	0.000
76	  S	  0.0	  0.0	-1.#IO	0.000	0.000
77	  S	  0.0	  0.0	-1.#IO	0.000	0.000
78	  R	  0.0	  0.0	-1.#IO	0.000	0.000
79	  L	  0.0	  0.0	-1.#IO	0.000	0.000
80	  I	  0.0	  0.0	0.000	0.000	0.000
81	  S	  0.0	  0.0	0.000	0.000	0.000
82	  E	  0.2	  0.0	0.000	0.000	0.000
83	  S	  0.8	  0.0	0.429	0.000	0.000
84	  F	  1.4	  0.0	0.429	0.000	0.000
85	  A	  1.3	  0.0	0.429	0.000	0.000
86	  A	  0.8	  0.2	0.429	0.000	0.000
87	  A	  0.3	  0.2	0.429	0.000	0.000
88	  S	  0.5	  0.4	0.429	0.000	0.000
89	  S	  1.0	  0.8	0.121	0.000	0.000
90	  T	  1.4	  0.7	0.000	0.000	0.000
91	  N	  1.2	  1.0	0.137	0.000	0.000
92	  Q	  0.8	  0.8	0.137	0.000	0.000
93	  S	  1.4	  0.4	0.137	0.000	0.000
94	  M	  1.3	  0.5	0.137	0.000	0.000
95	  E	  1.3	  0.1	0.137	0.000	0.000
96	  Q	  0.2	  0.1	0.137	0.000	0.000
97	  N	  0.2	  0.1	0.137	0.000	0.000
98	  P	  0.0	  0.0	0.000	0.000	0.000
99	  D	  0.0	  0.0	0.000	0.000	0.000
100	  H	  0.0	  0.0	-1.#IO	0.000	0.000
101	  T	  0.0	  0.0	-1.#IO	0.000	0.000
102	  A	  0.0	  0.0	-1.#IO	0.000	0.000
103	  N	  0.0	  0.0	-1.#IO	0.000	0.000
104	  E	  0.0	  0.0	-1.#IO	0.000	0.000
105	  V	  0.0	  0.0	-1.#IO	0.000	0.000
106	  L	  0.0	  0.0	-1.#IO	0.000	0.000
107	  S	  0.0	  0.0	-1.#IO	0.000	0.000
108	  T	  0.0	  0.0	-1.#IO	0.000	0.000
109	  F	  0.0	  0.0	-1.#IO	0.000	0.000
110	  F	  0.0	  0.0	-1.#IO	0.000	0.000
111	  R	  0.0	  0.0	-1.#IO	0.000	0.000
112	  E	  0.0	  0.0	-1.#IO	0.000	0.000
113	  K	  0.0	  0.0	0.000	0.000	0.000
114	  G	  0.0	  0.0	0.000	0.000	0.000
115	  N	  0.0	  0.0	0.000	0.000	0.000
116	  Q	  0.0	  0.0	0.000	0.000	0.000
117	  P	  0.0	  0.0	0.000	0.000	0.000
118	  L	  0.2	  0.0	0.000	0.000	0.000
119	  S	  0.5	  0.0	0.551	0.000	0.000
120	  Q	  3.1	  0.0	0.551	0.000	0.000
121	  I	  5.7	  0.0	0.551	0.000	0.000
122	  E	  6.1	  0.0	0.551	0.000	0.000
123	  Y	  3.8	  0.7	0.551	0.000	0.000
124	  E	  1.1	  0.7	0.551	0.000	0.000
125	  G	  0.3	  0.7	0.860	0.335	0.335
126	  V	  3.2	  0.7	0.560	4.098	4.098
127	  M	  5.2	  0.1	0.560	4.098	4.098
128	  S	  5.3	  0.0	3.478	4.098	4.098
129	  L	  2.3	  0.0	3.478	4.098	4.098
130	  L	  0.4	  0.1	3.739	4.098	4.098
131	  E	  0.4	  0.1	4.072	0.000	0.000
132	  K	  0.5	  0.2	3.884	0.000	0.000
133	  S	  0.4	  0.2	3.755	0.000	0.000
134	  R	  0.5	  0.4	1.917	0.000	0.000
135	  A	  0.3	  0.3	1.604	0.000	0.000
136	  N	  0.6	  0.6	1.406	0.000	0.000
137	  M	  2.6	  0.5	0.606	0.000	0.000
138	  S	  4.3	  0.3	0.128	0.000	0.000
139	  M	  4.6	  0.3	0.000	0.000	0.000
140	  T	  2.5	  0.3	0.000	0.000	0.000
141	  S	  0.6	  0.3	0.000	0.000	0.000
142	  N	  0.1	  0.3	0.000	0.000	0.000
143	  D	  0.0	 10.6	0.000	0.000	0.000
144	  P	  0.0	 10.4	0.000	0.000	0.000
145	  D	  0.1	 10.5	0.000	0.000	0.000
146	  Q	  0.2	 10.6	0.000	0.000	0.000
147	  Q	  0.3	  0.3	0.000	0.000	0.000
148	  S	  1.3	  0.2	0.000	0.000	0.000
149	  H	  3.6	  0.1	0.000	0.000	0.000
150	  T	  7.3	  0.1	0.106	0.000	0.000
151	  V	  7.3	  0.0	0.106	0.000	0.000
152	  A	  5.1	  0.0	0.106	0.000	0.000
153	  R	  1.6	  0.2	0.106	0.000	0.000
154	  V	  0.9	  0.2	0.106	0.000	0.000
155	  G	  0.6	  0.2	0.106	0.000	0.000
156	  S	  0.3	  0.6	0.000	0.000	0.000
157	  P	  0.0	  0.5	0.000	0.000	0.000
158	  T	  0.2	  0.7	0.000	0.000	0.000
159	  R	  0.3	  0.8	0.000	0.000	0.000
160	  D	  0.3	  1.2	0.000	0.000	0.000
161	  S	  0.4	  1.2	0.241	0.000	0.000
162	  S	  0.9	  1.0	0.241	0.000	0.000
163	  F	  1.4	  0.9	0.241	0.000	0.000
164	  A	  1.2	  0.1	0.241	0.000	0.000
165	  Q	  0.8	  0.2	0.241	0.000	0.000
166	  Q	  0.3	  0.3	0.241	0.000	0.000
167	  N	  0.2	  0.3	0.126	0.000	0.000
168	  N	  0.4	  0.2	0.000	0.000	0.000
169	  T	  1.2	  0.1	0.000	0.000	0.000
170	  T	  6.5	  0.1	0.249	0.000	0.000
171	  L	  6.2	  0.2	0.249	0.000	0.000
172	  S	  5.4	  0.2	0.575	0.000	0.000
173	  N	  0.1	  0.2	0.883	0.000	0.000
174	  R	  1.6	  0.2	0.883	0.000	0.000
175	  V	  2.7	  0.0	0.883	0.000	0.000
176	  L	  2.8	  0.1	0.883	0.000	0.000
177	  K	  1.6	  0.2	0.743	0.000	0.000
178	  N	  0.8	  0.3	0.606	0.000	0.000
179	  T	  2.0	  0.3	0.000	0.000	0.000
180	  S	  2.7	  0.2	0.000	0.000	0.000
181	  F	  4.0	  0.2	0.000	0.000	0.000
182	  Y	  3.4	  0.2	0.000	0.000	0.000
183	  D	  2.4	  3.5	0.000	0.000	0.000
184	  S	  0.9	  3.5	0.000	0.000	0.000
185	  N	  0.0	  3.4	0.000	0.000	0.000
186	  A	  0.0	  4.2	0.000	0.000	0.000
187	  P	  0.0	  0.9	0.000	0.000	0.000
188	  N	  0.1	  1.0	0.000	0.000	0.000
189	  A	  0.9	  1.0	0.000	0.000	0.000
190	  T	  4.5	  0.1	0.000	0.000	0.000
191	  F	  6.0	  0.1	0.000	0.000	0.000
192	  A	  5.2	  0.0	0.000	0.000	0.000
193	  A	  1.7	  1.1	0.000	0.000	0.000
194	  P	  0.0	  1.1	0.000	0.000	0.000
195	  D	  2.2	  1.1	0.000	0.000	0.000
196	  Y	  2.5	  1.1	0.000	0.000	0.000
197	  R	  2.5	  0.3	0.000	0.000	0.000
198	  P	  0.4	  0.3	0.000	0.000	0.000
199	  S	  2.4	  0.3	0.000	0.000	0.000
200	  Y	  3.6	  0.4	0.000	0.000	0.000
201	  Q	  4.3	  0.1	0.000	0.000	0.000
202	  S	 21.8	  0.4	0.000	0.000	0.000
203	  F	 21.7	  0.7	0.000	0.000	0.000
204	  S	 21.1	  1.6	0.000	0.000	0.000
205	  G	  1.6	  1.7	0.000	0.000	0.000
206	  S	  0.5	  1.5	0.000	0.000	0.000
207	  S	  1.8	  1.8	0.000	0.000	0.000
208	  R	  2.4	  0.9	0.000	0.000	0.000
209	  S	  2.2	  0.7	0.000	0.000	0.000
210	  H	  0.7	  0.7	0.000	0.000	0.000
211	  P	  0.0	  0.0	0.000	0.000	0.000
212	  P	  0.0	  0.0	0.000	0.000	0.000
213	  V	  1.6	  0.0	0.000	0.000	0.000
214	  K	  2.1	  0.0	0.000	0.000	0.000
215	  R	  4.5	  0.0	0.000	0.000	0.000
216	  V	  6.8	  0.0	0.000	0.000	0.000
217	  Y	 11.5	  0.0	0.000	0.000	0.000
218	  Q	 11.3	  0.0	0.000	0.000	0.000
219	  F	  8.7	  0.3	0.000	0.000	0.000
220	  S	  3.5	  0.3	0.000	0.000	0.000
221	  G	  1.2	  0.3	0.000	0.000	0.000
222	  L	  0.0	  0.3	0.000	0.000	0.000
223	  P	  0.0	  0.0	0.000	0.000	0.000
224	  S	  0.0	  0.3	0.000	0.000	0.000
225	  P	  0.0	  0.3	0.000	0.000	0.000
226	  Y	  0.5	  0.3	0.000	0.000	0.000
227	  R	  0.7	  0.3	0.000	0.000	0.000
228	  T	  1.5	  0.1	0.000	0.000	0.000
229	  R	  4.7	  0.1	0.000	0.000	0.000
230	  I	  7.5	  0.0	0.000	0.000	0.000
231	  R	  6.7	  0.0	0.000	0.000	0.000
232	  A	  3.1	  2.0	0.000	0.000	0.000
233	  P	  0.0	  2.0	0.000	0.000	0.000
234	  G	  0.0	  2.0	0.000	0.000	0.000
235	  S	  0.0	  2.4	0.873	0.000	0.000
236	  P	  0.0	  0.4	0.873	0.000	0.000
237	  Q	  0.1	  0.5	0.873	0.000	0.000
238	  K	  0.2	  0.5	0.873	0.000	0.000
239	  K	  0.9	  0.1	0.873	0.000	0.000
240	  M	  0.9	  0.1	0.873	0.000	0.000
241	  R	  2.5	  0.0	0.245	0.000	0.000
242	  R	  6.6	  0.0	0.000	0.000	0.000
243	  I	 10.4	  0.0	0.000	0.000	0.000
244	  V	  9.5	  0.0	0.000	0.000	0.000
245	  T	  5.0	  0.1	0.338	0.000	0.000
246	  E	  0.9	  0.2	0.338	0.000	0.000
247	  S	  0.2	  0.2	0.338	0.000	0.000
248	  E	  0.2	  0.3	0.338	0.000	0.000
249	  A	  0.3	  0.2	0.338	0.000	0.000
250	  S	  1.4	  0.2	0.338	0.000	0.000
251	  T	  1.5	  0.1	0.000	0.000	0.000
252	  T	  1.4	  0.1	0.000	0.000	0.000
253	  P	  0.2	  0.0	0.000	0.000	0.000
254	  V	  0.0	  0.0	0.000	0.000	0.000
255	  P	  0.0	  0.0	0.000	0.000	0.000
256	  A	  0.1	  0.1	0.000	0.000	0.000
257	  E	  0.3	  0.2	0.000	0.000	0.000
258	  K	  0.3	  0.6	0.000	0.000	0.000
259	  S	  0.3	  1.1	0.502	0.000	0.000
260	  D	  0.1	  1.1	0.502	0.000	0.000
261	  S	  0.2	  1.0	0.502	0.000	0.000
262	  E	  1.4	  0.6	0.502	0.000	0.000
263	  I	  2.7	  0.1	0.502	0.000	0.000
264	  S	  2.7	  0.0	0.502	0.000	0.000
265	  K	  1.4	  0.1	0.285	0.000	0.000
266	  P	  0.1	  0.3	0.000	0.000	0.000
267	  R	  0.2	  0.5	0.000	0.000	0.000
268	  S	  0.2	  0.5	0.000	0.000	0.000
269	  N	  0.3	  0.4	0.000	0.000	0.000
270	  T	  0.4	  0.6	0.000	0.000	0.000
271	  A	  0.4	  0.4	0.000	0.000	0.000
272	  N	  0.3	  0.4	0.000	0.000	0.000
273	  S	  0.2	  0.4	0.120	0.000	0.000
274	  L	  0.7	  0.1	0.120	0.567	0.567
275	  L	  1.2	  0.1	0.120	0.567	0.567
276	  S	  1.2	  0.0	0.330	0.567	0.567
277	  A	  0.9	  0.2	0.330	0.567	0.567
278	  L	  0.3	  0.3	0.330	0.567	0.567
279	  D	  0.2	  0.3	0.330	0.000	0.000
280	  N	  0.2	  0.4	0.572	0.000	0.000
281	  H	  0.4	  0.3	0.572	0.000	0.000
282	  Q	  0.5	  0.2	0.362	0.000	0.000
283	  K	  0.5	  0.8	0.362	0.000	0.000
284	  A	  0.1	  1.3	0.362	0.000	0.000
285	  D	  0.1	  4.0	0.362	0.000	0.000
286	  N	  0.0	  4.0	0.248	0.000	0.000
287	  G	  0.0	  3.3	0.119	0.000	0.000
288	  E	  4.5	  2.9	0.000	0.000	0.000
289	  V	 12.5	  0.0	0.000	0.000	0.000
290	  T	 18.9	  0.0	0.097	0.000	0.000
291	  F	 14.9	  0.0	0.097	0.000	0.000
292	  D	  7.0	  0.1	0.097	0.000	0.000
293	  K	  0.6	  0.1	0.097	0.000	0.000
294	  A	  0.4	  0.1	0.097	0.000	0.000
295	  E	  0.4	  0.1	0.097	0.000	0.000
296	  K	  0.1	  0.1	0.000	0.000	0.000
297	  P	  0.0	  0.1	0.000	0.000	0.000
298	  L	  0.7	  0.1	0.000	0.000	0.000
299	  Y	  0.9	  0.1	0.000	0.000	0.000
300	  N	  0.9	  0.1	1.046	0.000	0.000
301	  P	  0.2	  0.1	1.046	0.000	0.000
302	  Y	  1.6	  0.1	1.046	0.000	0.000
303	  V	  2.5	  0.2	1.046	0.000	0.000
304	  R	  2.5	  0.1	1.046	0.000	0.000
305	  N	  1.0	  0.2	1.156	0.000	0.000
306	  R	  0.3	  0.2	0.942	0.000	0.000
307	  R	  0.3	  0.2	0.529	0.000	0.000
308	  K	  0.4	  0.2	0.262	0.000	0.000
309	  A	  0.3	  0.1	0.110	0.000	0.000
310	  A	  0.3	  0.0	0.110	0.000	0.000
311	  R	  0.3	  0.0	0.110	0.000	0.000
312	  A	  0.4	  0.0	0.000	0.000	0.000
313	  T	  3.1	  0.2	0.000	0.000	0.000
314	  A	  3.0	  0.3	0.000	0.000	0.000
315	  S	  3.0	  1.9	0.000	0.000	0.000
316	  S	  0.3	  2.1	0.000	0.000	0.000
317	  N	  0.3	  2.1	0.000	0.000	0.000
318	  S	  0.9	  1.9	0.000	0.000	0.000
319	  T	  1.4	  0.3	0.000	0.000	0.000
320	  T	  3.3	  0.2	0.000	0.000	0.000
321	  A	  2.6	  0.0	0.000	0.000	0.000
322	  T	  2.1	  0.0	0.000	0.000	0.000
323	  P	  0.1	  0.0	0.000	0.000	0.000
324	  K	  0.1	  0.1	0.000	0.000	0.000
325	  P	  0.0	  0.1	0.000	0.000	0.000
326	  Y	  0.9	  0.2	0.000	0.000	0.000
327	  S	  1.0	  0.2	0.000	0.000	0.000
328	  T	  1.2	  0.6	0.000	0.000	0.000
329	  A	  0.3	  0.8	0.000	0.000	0.000
330	  D	  0.3	  0.7	0.000	0.000	0.000
331	  D	  0.7	  1.0	0.417	0.000	0.000
332	  I	  1.3	  0.5	0.417	0.000	0.000
333	  S	  1.8	  0.4	0.656	0.000	0.000
334	  K	  1.9	  0.4	0.656	0.000	0.000
335	  T	  5.1	  0.1	0.656	0.000	0.000
336	  V	  6.3	  0.1	0.656	0.000	0.000
337	  A	  5.7	  0.0	0.656	0.000	0.000
338	  F	  3.4	  0.0	0.529	0.000	0.000
339	  N	  1.7	  0.1	0.395	0.000	0.000
340	  Q	  1.6	  0.1	0.167	0.000	0.000
341	  A	  0.2	  0.1	0.167	0.000	0.000
342	  K	  0.3	  0.1	0.167	0.000	0.000
343	  E	  0.7	  0.1	0.167	0.000	0.000
344	  L	  0.7	  0.1	0.167	0.000	0.000
345	  T	  1.1	  0.0	0.000	0.000	0.000
346	  E	  0.5	  0.0	0.000	0.000	0.000
347	  S	  0.5	  0.4	0.191	0.000	0.000
348	  P	  0.0	  0.6	0.191	0.000	0.000
349	  E	  0.0	  1.0	0.191	0.000	0.000
350	  K	  0.0	  1.1	0.191	0.000	0.000
351	  G	  0.0	  0.9	0.191	0.000	0.000
352	  E	  0.1	  0.7	0.191	0.000	0.000
353	  S	  0.2	  1.3	0.000	0.000	0.000
354	  E	  0.2	  1.2	0.000	0.000	0.000
355	  S	  0.4	  1.1	0.000	0.000	0.000
356	  L	  0.8	  1.0	0.000	0.785	0.785
357	  F	  2.0	  0.2	0.000	0.785	0.785
358	  S	  1.9	  0.2	0.000	0.785	0.785
359	  S	 11.2	  0.3	3.215	0.785	0.785
360	  V	 10.6	  0.4	3.215	0.785	0.785
361	  S	 10.7	  0.2	4.179	0.416	0.416
362	  T	  1.8	  0.2	5.391	0.156	0.156
363	  K	  1.2	  0.1	5.391	0.000	0.000
364	  L	  1.0	  0.1	5.391	0.000	0.000
365	  A	  0.3	  0.1	5.139	0.000	0.000
366	  K	  0.4	  0.0	4.903	0.000	0.000
367	  E	  1.6	  0.0	3.609	0.000	0.000
368	  I	  2.6	  0.1	2.897	0.000	0.000
369	  S	  3.0	  0.8	3.005	0.000	0.000
370	  Q	  2.0	  0.8	2.245	0.000	0.000
371	  N	  1.1	  1.1	1.365	0.000	0.000
372	  T	  0.5	  1.1	0.108	0.000	0.000
373	  S	  0.4	  0.3	0.108	0.000	0.000
374	  E	 13.9	  0.3	0.108	0.000	0.000
375	  V	 16.3	  0.1	0.000	0.000	0.000
376	  K	 16.2	  0.4	0.000	0.000	0.000
377	  S	  2.9	  0.4	0.000	0.000	0.000
378	  D	  0.1	  1.1	0.000	0.000	0.000
379	  T	  0.8	  1.0	0.000	0.270	0.270
380	  N	  0.8	  0.8	0.000	0.719	0.719
381	  S	  0.9	  0.7	0.182	2.703	2.703
382	  L	  0.4	  0.1	0.182	2.703	2.703
383	  F	 11.5	  0.0	0.182	2.703	2.703
384	  T	 33.7	  0.0	0.182	2.703	2.703
385	  F	 33.6	  0.0	0.182	2.703	2.703
386	  K	 23.9	  0.2	0.182	0.000	0.000
387	  P	  0.1	  0.2	0.000	0.000	0.000
388	  S	  0.0	  0.2	0.000	0.000	0.000
389	  E	 25.4	  0.2	0.000	0.000	0.000
390	  V	 25.9	  0.0	0.000	0.000	0.000
391	  K	 25.8	  0.0	0.087	0.000	0.000
392	  P	  0.5	  0.0	0.087	0.000	0.000
393	  V	  0.8	  0.0	0.087	0.000	0.000
394	  E	  1.2	  0.0	0.087	0.000	0.000
395	  K	  1.2	  0.0	0.087	0.000	0.000
396	  Q	  0.4	  0.0	0.087	0.000	0.000
397	  P	  0.0	  0.0	0.000	0.000	0.000
398	  A	  0.3	  0.0	0.000	0.548	0.548
399	  F	 12.3	  0.0	0.000	1.196	1.196
400	  T	 20.3	  0.0	0.820	1.196	1.196
401	  F	 21.4	  0.0	0.820	1.196	1.196
402	  N	 10.1	  0.0	0.820	1.196	1.196
403	  L	  1.9	  0.2	0.820	1.196	1.196
404	  K	  0.4	  0.2	0.820	0.000	0.000
405	  N	  0.3	  1.2	0.820	0.000	0.000
406	  S	  0.4	  1.2	0.179	0.000	0.000
407	  S	  0.3	  1.1	0.000	0.000	0.000
408	  E	  0.3	  1.0	0.000	0.000	0.000
409	  P	  0.0	  0.0	0.000	0.000	0.000
410	  K	  1.2	  0.0	0.000	0.000	0.000
411	  V	  3.0	  0.0	0.000	0.000	0.000
412	  S	  3.3	  0.1	0.000	0.000	0.000
413	  Q	  2.2	  0.2	0.000	0.000	0.000
414	  E	  0.5	  0.2	0.000	0.000	0.000
415	  S	  0.4	  0.3	0.000	0.000	0.000
416	  Q	  0.4	  0.3	0.000	0.000	0.000
417	  E	  0.4	  0.2	0.000	0.000	0.000
418	  S	  0.1	  0.2	0.000	0.000	0.000
419	  E	  0.1	  0.1	0.000	0.000	0.000
420	  P	  0.1	  0.0	0.000	0.000	0.000
421	  K	  0.1	  1.6	0.000	0.000	0.000
422	  P	  0.0	  1.6	0.000	0.000	0.000
423	  D	  0.0	 13.2	0.000	0.000	0.000
424	  A	  0.0	 13.5	0.000	0.000	0.000
425	  N	  0.0	 11.9	0.000	0.000	0.000
426	  G	  0.0	 11.9	0.000	0.000	0.000
427	  F	  1.5	  0.3	0.000	0.000	0.000
428	  V	  4.3	  0.0	0.125	0.000	0.000
429	  F	  5.1	  0.0	0.125	0.000	0.000
430	  D	  3.6	  0.2	0.125	0.000	0.000
431	  A	  0.9	  0.2	0.125	0.000	0.000
432	  K	  0.1	  0.2	0.125	0.000	0.000
433	  K	  0.1	  0.2	0.125	0.000	0.000
434	  P	  0.0	  0.0	0.000	0.000	0.000
435	  A	  0.5	  0.0	0.000	0.000	0.000
436	  F	  6.9	  0.0	0.000	0.000	0.000
437	  S	  7.5	  0.3	0.730	0.000	0.000
438	  F	  7.2	  0.5	0.730	0.000	0.000
439	  G	  0.9	  0.5	0.730	0.000	0.000
440	  A	  0.3	  0.5	0.730	0.000	0.000
441	  K	  3.5	  0.3	0.730	0.000	0.000
442	  F	  5.7	  0.0	0.730	0.000	0.000
443	  E	  5.7	  0.2	0.730	0.000	0.000
444	  A	  2.4	  0.2	0.213	0.000	0.000
445	  N	  0.2	  1.2	0.213	0.000	0.000
446	  S	  0.3	  1.2	0.000	0.000	0.000
447	  S	  1.7	  1.9	0.933	0.000	0.000
448	  Q	  1.6	  2.1	0.933	0.000	0.000
449	  S	  1.5	  1.2	1.166	0.000	0.000
450	  D	  0.0	  4.2	1.166	0.000	0.000
451	  K	  0.1	  3.4	1.166	0.000	0.000
452	  D	  0.3	  3.2	1.166	0.000	0.000
453	  Q	  0.3	  3.1	0.860	0.000	0.000
454	  K	  0.2	  0.3	0.499	0.000	0.000
455	  P	  0.0	  0.2	0.000	0.000	0.000
456	  H	  0.8	  0.6	0.000	0.000	0.000
457	  F	  1.0	  0.6	0.000	0.000	0.000
458	  G	  1.1	  0.5	0.000	0.000	0.000
459	  F	  1.6	  0.5	0.000	0.000	0.000
460	  N	  1.5	  1.4	0.148	0.000	0.000
461	  S	  1.5	  1.4	0.344	0.000	0.000
462	  S	  0.4	  1.4	0.844	0.000	0.000
463	  K	  0.8	  1.3	0.844	0.000	0.000
464	  M	  1.4	  0.1	0.844	0.000	0.000
465	  S	  1.5	  0.1	0.844	0.000	0.000
466	  A	  1.5	  0.1	0.844	0.000	0.000
467	  F	  1.0	  0.1	0.844	0.000	0.000
468	  K	  0.7	  0.2	0.163	0.000	0.000
469	  P	  0.2	  0.2	0.000	0.000	0.000
470	  K	  0.1	  0.3	0.000	0.000	0.000
471	  A	  0.2	  0.4	0.000	0.000	0.000
472	  S	  0.2	  0.3	0.289	0.000	0.000
473	  E	  0.1	  0.3	0.289	0.000	0.000
474	  E	  0.3	  0.2	0.289	0.000	0.000
475	  T	  3.9	  0.1	0.289	0.000	0.000
476	  F	  5.3	  0.1	0.289	0.000	0.000
477	  A	  5.1	  0.0	0.289	0.000	0.000
478	  S	  1.6	  0.0	0.161	0.000	0.000
479	  P	  0.0	  0.0	0.000	0.000	0.000
480	  Q	  0.0	  0.3	0.000	0.000	0.000
481	  P	  0.0	  0.4	0.000	0.000	0.000
482	  S	  0.3	  2.1	0.233	0.000	0.000
483	  R	  0.5	  2.1	0.233	0.000	0.000
484	  D	  1.5	  1.7	0.377	0.000	0.000
485	  F	  3.0	  1.7	0.377	0.000	0.000
486	  R	  2.9	  0.2	0.377	0.000	0.000
487	  A	  1.8	  0.8	0.377	0.000	0.000
488	  K	  0.1	  1.1	0.377	0.000	0.000
489	  G	  0.0	  1.0	0.144	0.000	0.000
490	  S	  0.0	  0.9	0.000	0.000	0.000
491	  D	  0.0	  6.8	0.124	0.000	0.000
492	  P	  0.0	  6.8	0.124	0.000	0.000
493	  S	  0.0	  6.8	0.124	0.000	0.000
494	  N	  1.3	  6.8	0.124	0.000	0.000
495	  F	  1.5	  0.3	0.124	0.000	0.000
496	  N	  1.5	  4.1	0.271	0.000	0.000
497	  P	  0.2	  4.1	0.148	0.000	0.000
498	  S	  0.3	  4.3	0.256	0.000	0.000
499	  A	  0.4	  4.3	0.256	0.000	0.000
500	  E	  0.6	  0.3	0.256	0.000	0.000
501	  K	  0.4	  0.3	0.256	0.000	0.000
502	  S	  2.0	  0.3	0.108	0.000	0.000
503	  L	  1.9	  0.4	0.108	0.000	0.000
504	  T	  1.9	  1.1	0.000	0.000	0.000
505	  G	  0.3	  1.2	0.000	0.000	0.000
506	  S	  0.3	  1.1	0.000	0.000	0.000
507	  S	  0.1	  1.1	0.000	0.000	0.000
508	  E	  0.2	  0.4	0.000	0.000	0.000
509	  T	  0.1	  0.2	0.000	0.000	0.000
510	  E	  0.1	  0.1	0.000	0.000	0.000
511	  P	  0.0	  0.0	0.000	0.000	0.000
512	  V	  3.0	  0.1	0.000	0.000	0.000
513	  K	  3.1	  0.2	0.000	0.000	0.000
514	  S	  3.2	  0.2	0.000	0.000	0.000
515	  S	  0.5	  0.2	0.000	0.000	0.000
516	  L	  0.5	  0.2	0.000	0.000	0.000
517	  F	  0.4	  6.2	0.000	0.000	0.000
518	  G	  0.2	  6.2	0.000	0.000	0.000
519	  N	  0.2	  6.6	0.000	0.000	0.000
520	  T	  0.7	  6.6	0.000	0.000	0.000
521	  N	  1.0	  0.5	0.135	0.000	0.000
522	  T	  1.5	  0.5	0.135	0.211	0.211
523	  T	  1.2	  0.1	0.223	0.211	0.211
524	  A	  1.0	  0.1	0.223	0.211	0.211
525	  A	  0.8	  0.0	0.223	0.211	0.211
526	  F	  3.6	  0.0	0.223	0.211	0.211
527	  S	  3.6	  0.0	0.089	0.000	0.000
528	  Q	  3.1	  0.1	0.089	0.000	0.000
529	  P	  0.0	  0.1	0.000	0.000	0.000
530	  T	 30.0	  0.1	0.000	0.000	0.000
531	  F	 34.5	  0.1	0.000	0.000	0.000
532	  S	 34.9	  0.3	0.000	0.000	0.000
533	  F	  7.6	  0.8	0.000	0.000	0.000
534	  G	  0.6	  0.8	0.000	0.000	0.000
535	  S	  0.3	  0.9	0.000	0.000	0.000
536	  Q	  0.3	  0.9	0.000	0.000	0.000
537	  K	  0.3	  0.5	0.000	0.000	0.000
538	  N	  0.2	  1.3	0.000	0.000	0.000
539	  D	  0.1	  1.3	0.000	0.000	0.000
540	  S	  0.3	  1.0	0.000	0.000	0.000
541	  K	  1.1	  1.0	0.000	0.000	0.000
542	  F	  1.5	  2.9	0.000	0.000	0.000
543	  N	  1.3	  2.9	0.000	0.000	0.000
544	  G	  0.5	  3.0	0.000	0.000	0.000
545	  T	  0.7	  3.1	0.000	0.000	0.000
546	  Q	  0.8	  0.4	0.000	0.000	0.000
547	  N	  0.7	  0.3	0.469	0.000	0.000
548	  K	  0.2	  0.3	0.469	0.000	0.000
549	  A	  0.2	  0.2	0.469	0.000	0.000
550	  A	  0.3	  0.3	0.469	0.000	0.000
551	  S	  0.1	  0.3	0.469	0.000	0.000
552	  E	  0.2	  0.3	0.469	0.000	0.000
553	  E	  0.2	  0.2	0.286	0.000	0.000
554	  K	  1.6	  0.2	0.136	0.000	0.000
555	  V	  2.5	  0.2	0.000	0.000	0.000
556	  D	  2.5	  0.3	0.000	0.000	0.000
557	  S	  2.7	  0.9	0.000	0.000	0.000
558	  R	  1.8	  0.9	0.000	0.000	0.000
559	  S	  2.0	  1.0	0.000	0.000	0.000
560	  S	  0.8	  0.8	0.000	0.000	0.000
561	  T	  0.8	  0.2	0.000	0.000	0.000
562	  L	  0.5	  0.9	0.000	0.000	0.000
563	  P	  0.2	  0.8	0.000	0.000	0.000
564	  N	  0.0	  4.1	0.000	0.000	0.000
565	  A	  0.0	  4.2	0.000	0.000	0.000
566	  D	  0.1	  3.6	0.000	0.000	0.000
567	  S	  0.5	  3.5	0.000	0.000	0.000
568	  Q	  0.7	  0.3	0.000	0.000	0.000
569	  F	  0.8	  0.2	0.000	0.000	0.000
570	  G	  0.4	  0.1	0.819	0.000	0.000
571	  F	  0.9	  0.2	0.819	0.000	0.000
572	  K	  0.8	  0.1	0.819	0.000	0.000
573	  E	  0.9	  0.3	0.819	0.000	0.000
574	  A	  0.2	  0.3	0.819	0.000	0.000
575	  N	  0.3	  0.2	0.819	0.000	0.000
576	  K	  3.3	  0.2	0.385	0.000	0.000
577	  I	  3.6	  0.0	0.000	0.000	0.000
578	  A	  3.5	  0.2	0.000	0.000	0.000
579	  P	  0.3	  0.2	0.000	0.000	0.000
580	  H	  0.1	  0.2	0.000	0.000	0.000
581	  K	  0.1	  0.2	0.000	0.000	0.000
582	  P	  0.1	  0.0	0.000	0.000	0.000
583	  V	  3.8	  0.0	0.000	0.000	0.000
584	  F	  7.1	  0.0	0.000	0.000	0.000
585	  N	  7.1	  0.4	0.112	0.000	0.000
586	  F	  3.5	  0.7	0.112	0.000	0.000
587	  G	  0.2	  0.6	0.525	0.000	0.000
588	  A	  0.2	  0.7	0.525	0.000	0.000
589	  K	  0.2	  0.3	0.525	0.000	0.000
590	  K	  7.3	  0.0	0.525	0.000	0.000
591	  V	  7.8	  0.1	0.525	0.000	0.000
592	  E	  7.6	  0.1	0.525	0.000	0.000
593	  E	  0.7	  0.3	0.426	0.000	0.000
594	  A	  0.2	  0.6	0.426	0.000	0.000
595	  S	  0.2	  0.7	0.158	0.000	0.000
596	  G	  0.1	  0.8	0.000	0.000	0.000
597	  E	  0.4	  0.5	0.000	0.000	0.000
598	  K	  0.5	  0.3	0.000	0.000	0.000
599	  K	  7.6	  0.1	0.000	0.000	0.000
600	  V	  8.6	  0.1	0.000	0.000	0.000
601	  E	  8.5	  0.1	0.000	0.000	0.000
602	  S	  1.8	  0.2	0.528	0.000	0.000
603	  A	  0.4	  0.3	0.528	0.000	0.000
604	  E	  0.6	  0.3	0.528	0.000	0.000
605	  K	  0.4	  0.3	0.528	0.000	0.000
606	  S	  0.4	  0.3	0.528	0.000	0.000
607	  S	  5.6	  0.7	0.528	0.000	0.000
608	  L	  5.5	  0.8	0.243	0.000	0.000
609	  S	  5.5	  0.8	0.120	0.000	0.000
610	  N	  0.2	  0.9	0.000	0.000	0.000
611	  S	  0.8	  0.5	0.000	0.000	0.000
612	  T	  3.6	  0.3	0.000	0.000	0.000
613	  T	  4.8	  0.3	0.000	0.000	0.000
614	  S	  4.2	  0.3	0.000	0.000	0.000
615	  S	  1.6	  0.2	0.112	0.000	0.000
616	  A	  0.6	  0.2	0.112	0.000	0.000
617	  F	  3.5	  0.2	0.112	0.000	0.000
618	  T	  3.3	  0.5	0.112	0.000	0.000
619	  S	  3.2	  2.1	0.112	0.000	0.000
620	  G	  0.3	  2.4	0.112	0.000	0.000
621	  S	  0.3	  2.3	0.000	0.000	0.000
622	  N	  0.3	  2.2	0.000	0.000	0.000
623	  T	  0.4	  0.6	0.000	0.000	0.000
624	  S	  0.4	  0.7	0.000	0.000	0.000
625	  E	  0.2	  1.0	0.000	0.000	0.000
626	  K	  0.0	  0.9	0.000	0.000	0.000
627	  G	  0.1	  0.9	0.000	0.000	0.000
628	  S	  0.3	  0.6	0.000	0.000	0.000
629	  A	  0.8	  0.2	0.000	0.000	0.000
630	  F	  4.0	  0.1	0.000	0.000	0.000
631	  S	  4.0	  0.3	0.000	0.000	0.000
632	  I	  3.6	  0.8	0.000	0.000	0.000
633	  G	  0.3	  0.9	0.109	0.000	0.000
634	  S	  0.7	  1.0	0.246	0.000	0.000
635	  K	  1.5	  0.7	0.246	0.000	0.000
636	  T	  4.1	  0.2	0.246	0.000	0.000
637	  T	  3.6	  0.4	0.246	0.000	0.000
638	  K	  2.8	  0.4	0.246	0.000	0.000
639	  G	  0.3	  0.4	0.137	0.000	0.000
640	  I	  0.4	  0.3	0.000	0.000	0.000
641	  D	  0.4	  0.1	0.000	0.000	0.000
642	  E	  0.3	  0.0	0.000	0.000	0.000
643	  I	  0.2	  0.8	0.000	0.000	0.000
644	  P	  0.1	  1.8	0.000	0.000	0.000
645	  G	  0.0	  1.9	0.000	0.000	0.000
646	  D	  0.1	  2.1	0.000	0.000	0.000
647	  S	  2.4	  2.3	0.000	0.000	0.000
648	  K	  3.4	  1.2	0.000	0.000	0.000
649	  S	  3.4	  1.1	0.000	0.000	0.000
650	  K	  1.1	  1.0	0.000	0.000	0.000
651	  P	  0.1	  0.1	0.000	0.000	0.000
652	  L	  0.4	  0.1	0.000	0.176	0.176
653	  F	  6.6	  0.1	0.000	0.176	0.176
654	  S	 25.7	  0.1	0.000	0.176	0.176
655	  F	 27.0	  0.2	0.000	0.176	0.176
656	  S	 23.8	  0.9	0.000	0.176	0.176
657	  K	  3.9	  1.3	0.000	0.000	0.000
658	  S	  1.8	  1.6	0.000	0.000	0.000
659	  D	  0.1	  1.7	0.000	0.000	0.000
660	  S	  3.0	  2.0	0.000	0.000	0.000
661	  A	  3.4	  1.7	0.000	0.000	0.000
662	  S	  3.4	  1.2	0.000	0.000	0.000
663	  K	  0.5	  1.2	0.000	0.000	0.000
664	  P	  0.1	  0.0	0.000	0.000	0.000
665	  A	  0.5	  0.0	0.000	0.533	0.533
666	  F	  3.8	  0.0	0.000	0.665	0.665
667	  S	  4.1	  0.0	0.000	0.665	0.665
668	  I	  4.6	  0.1	0.000	0.665	0.665
669	  A	  1.5	  0.1	0.000	0.665	0.665
670	  S	  3.1	  0.3	0.000	0.291	0.291
671	  T	  2.2	  0.4	0.000	0.158	0.158
672	  S	  2.1	  0.4	0.000	0.000	0.000
673	  E	  0.3	  0.4	0.000	0.000	0.000
674	  T	  0.2	  0.3	0.385	0.000	0.000
675	  S	  0.2	  0.3	4.245	0.000	0.000
676	  E	  0.2	  0.3	4.370	0.000	0.000
677	  E	  0.1	  0.4	4.370	0.000	0.000
678	  T	  0.1	  0.6	4.370	0.000	0.000
679	  G	  0.1	  0.5	4.370	0.000	0.000
680	  K	  0.1	  0.3	4.370	0.000	0.000
681	  N	  0.0	  4.5	3.072	0.000	0.000
682	  P	  0.0	  4.3	0.000	0.000	0.000
683	  S	  0.3	  4.4	0.000	0.000	0.000
684	  A	  0.4	  4.5	0.000	0.000	0.000
685	  H	  0.4	  1.1	0.000	0.000	0.000
686	  S	  0.1	  1.3	0.000	0.000	0.000
687	  G	  0.1	  1.4	0.000	0.000	0.000
688	  K	  0.4	  1.3	0.000	0.000	0.000
689	  S	  0.6	  0.5	0.000	0.000	0.000
690	  A	  1.0	  0.2	0.000	0.000	0.000
691	  F	  6.9	  0.0	0.000	0.000	0.000
692	  S	  7.3	  0.4	0.000	0.000	0.000
693	  F	  7.0	  1.9	0.000	0.000	0.000
694	  G	  0.8	  2.1	0.000	0.000	0.000
695	  S	  1.0	  2.7	0.000	0.000	0.000
696	  S	  1.1	  2.7	0.000	0.000	0.000
697	  S	  1.2	  1.3	0.000	0.000	0.000
698	  T	  0.4	  1.1	0.000	0.000	0.000
699	  G	  0.1	  0.5	0.000	0.000	0.000
700	  L	  0.1	  0.1	0.000	0.000	0.000
701	  P	  0.0	  0.4	0.000	0.000	0.000
702	  P	  0.0	  0.5	0.000	0.000	0.000
703	  T	  0.1	  0.8	0.000	0.000	0.000
704	  N	  0.1	  1.5	0.000	0.000	0.000
705	  D	  0.1	  1.1	0.126	0.000	0.000
706	  G	  0.1	  1.0	0.284	0.000	0.000
707	  R	  3.1	  0.8	0.284	0.000	0.000
708	  I	  5.9	  0.1	0.284	0.000	0.000
709	  E	  7.0	  0.0	0.284	0.000	0.000
710	  L	  4.3	  0.1	0.284	0.000	0.000
711	  K	  1.8	  0.2	0.284	0.000	0.000
712	  S	  1.2	  1.1	0.000	0.000	0.000
713	  S	  1.2	  1.1	0.000	0.000	0.000
714	  S	  7.4	  1.0	0.000	0.000	0.000
715	  F	  7.8	  0.9	0.000	0.000	0.000
716	  R	  7.6	  0.0	0.000	0.000	0.000
717	  G	  1.3	  1.1	0.000	0.000	0.000
718	  P	  0.0	  1.1	0.000	0.000	0.000
719	  D	  0.0	  1.3	0.186	0.000	0.000
720	  E	  0.1	  1.2	0.186	0.000	0.000
721	  L	  1.8	  0.2	0.186	0.000	0.000
722	  E	  4.3	  0.1	0.186	0.000	0.000
723	  V	  4.6	  0.0	0.186	0.000	0.000
724	  Q	  3.0	  0.1	0.186	0.000	0.000
725	  E	  0.6	  0.1	0.000	0.000	0.000
726	  S	  0.1	  0.2	7.954	0.000	0.000
727	  E	  0.2	  0.3	8.276	0.000	0.000
728	  E	  0.5	  0.3	8.276	0.000	0.000
729	  K	  0.5	  0.4	8.276	0.000	0.000
730	  K	  0.4	  1.7	8.276	0.000	0.000
731	  G	  0.0	  1.7	8.276	0.000	0.000
732	  N	  0.2	  1.6	6.347	0.000	0.000
733	  T	  0.4	  1.6	0.000	0.000	0.000
734	  E	  0.5	  0.2	0.000	0.000	0.000
735	  S	  0.3	  0.2	0.000	0.000	0.000
736	  E	  0.1	  0.6	0.000	0.000	0.000
737	  P	  0.0	  0.4	0.000	0.000	0.000
738	  N	  0.0	  1.7	0.113	0.000	0.000
739	  E	  0.1	  1.8	0.113	0.000	0.000
740	  S	  0.2	  1.5	0.113	0.000	0.000
741	  S	  2.6	  2.1	0.113	0.000	0.000
742	  K	  3.5	  0.8	0.113	0.000	0.000
743	  S	  3.4	  0.7	0.113	0.000	0.000
744	  T	  1.2	  0.6	0.328	0.000	0.000
745	  P	  0.1	  0.0	0.328	0.000	0.000
746	  A	  0.2	  0.0	0.328	1.133	1.133
747	  L	  4.0	  0.0	0.328	2.479	2.479
748	  T	  5.0	  0.1	0.470	2.479	2.479
749	  F	  5.0	  0.2	0.470	2.479	2.479
750	  G	  1.2	  0.2	0.304	2.479	2.479
751	  V	  3.0	  0.2	0.142	2.479	2.479
752	  K	  2.9	  0.3	0.142	0.000	0.000
753	  S	  2.9	  0.7	0.142	0.000	0.000
754	  N	  0.1	  1.1	0.142	0.000	0.000
755	  N	  0.1	  1.0	0.112	0.000	0.000
756	  S	  0.2	  0.8	0.300	0.440	0.440
757	  A	  0.3	  0.4	0.300	0.880	0.880
758	  L	  0.6	  0.0	0.300	0.880	0.880
759	  F	  1.3	  0.2	0.300	0.880	0.880
760	  A	  1.1	  0.4	0.300	0.880	0.880
761	  S	  0.8	  0.4	0.300	0.440	0.440
762	  N	  0.3	  0.8	0.000	0.000	0.000
763	  T	  1.5	  0.6	0.000	0.000	0.000
764	  S	  2.0	  2.5	0.000	0.000	0.000
765	  K	  1.8	  2.6	0.000	0.000	0.000
766	  N	  0.6	  4.5	0.000	0.000	0.000
767	  D	  0.0	  5.9	0.000	0.000	0.000
768	  D	  0.0	  3.8	0.000	0.000	0.000
769	  N	  0.1	  3.7	0.000	0.000	0.000
770	  T	  0.1	  2.0	0.000	0.000	0.000
771	  P	  0.1	  0.5	0.000	0.000	0.000
772	  S	  1.1	  0.5	0.000	0.000	0.000
773	  L	  1.1	  0.7	0.000	0.000	0.000
774	  E	  1.2	  0.3	0.000	0.000	0.000
775	  S	  0.2	  0.5	0.000	0.000	0.000
776	  N	  0.3	  0.7	0.000	0.000	0.000
777	  S	  0.8	  2.2	0.134	0.000	0.000
778	  K	  0.8	  2.1	0.134	0.000	0.000
779	  N	  1.1	  1.9	0.254	0.000	0.000
780	  L	  0.6	  1.7	0.254	0.000	0.000
781	  E	  0.6	  0.1	0.254	0.000	0.000
782	  K	  0.3	  0.4	0.254	0.000	0.000
783	  E	  0.2	  0.6	0.120	0.000	0.000
784	  S	  0.1	  1.0	0.499	0.000	0.000
785	  G	  0.0	  1.5	0.379	0.000	0.000
786	  A	  0.0	  1.2	0.379	0.000	0.000
787	  D	  0.0	  1.7	0.379	0.000	0.000
788	  K	  0.0	  1.3	0.379	0.000	0.000
789	  G	  0.1	  0.8	0.379	0.000	0.000
790	  F	  0.4	  1.2	0.204	0.000	0.000
791	  E	  0.4	  0.6	0.000	0.000	0.000
792	  G	  0.3	  0.7	0.000	0.000	0.000
793	  E	  0.0	  0.8	0.000	0.000	0.000
794	  E	  0.0	  0.4	0.000	0.000	0.000
795	  A	  0.0	  0.6	0.000	0.000	0.000
796	  G	  0.0	  0.7	0.000	0.000	0.000
797	  T	  0.2	  0.9	0.000	0.000	0.000
798	  G	  0.2	  0.7	0.000	0.000	0.000
799	  S	  0.3	  0.4	0.000	0.000	0.000
800	  I	  0.2	  0.8	0.000	0.000	0.000
801	  P	  0.1	  0.6	0.000	0.000	0.000
802	  S	  1.5	  0.6	0.000	0.000	0.000
803	  F	  2.9	  0.6	0.000	0.000	0.000
804	  K	  3.1	  0.1	0.000	0.000	0.000
805	  F	  1.7	  0.6	0.000	0.000	0.000
806	  G	  0.4	  0.9	0.000	0.000	0.000
807	  A	  0.2	  1.1	0.000	0.000	0.000
808	  S	  0.0	  0.9	0.000	0.000	0.000
809	  N	  0.1	  0.4	0.000	0.000	0.000
810	  E	 14.0	  0.2	0.000	0.000	0.000
811	  V	 15.3	  0.1	0.000	0.000	0.000
812	  K	 15.3	  0.1	0.000	0.000	0.000
813	  D	  1.5	  0.1	0.000	0.000	0.000
814	  A	  0.1	  0.1	0.000	0.000	0.000
815	  P	  0.0	  0.0	0.000	0.000	0.000
816	  A	  0.2	  0.0	0.000	0.000	0.000
817	  F	  3.6	  0.0	0.000	0.000	0.000
818	  N	  3.6	  0.3	0.000	0.000	0.000
819	  F	  3.5	  0.9	0.000	0.000	0.000
820	  G	  0.1	  0.9	0.000	0.000	0.000
821	  T	  0.5	  0.9	0.466	0.000	0.000
822	  S	  0.8	  0.8	0.667	0.000	0.000
823	  A	  0.8	  0.3	0.667	0.000	0.000
824	  E	  0.8	  0.3	0.667	0.000	0.000
825	  K	  0.5	  0.6	0.667	0.000	0.000
826	  K	  0.9	  0.4	0.667	0.000	0.000
827	  D	  0.5	  0.4	0.201	0.000	0.000
828	  T	  0.4	  0.5	0.116	0.000	0.000
829	  P	  0.0	  0.1	0.116	0.000	0.000
830	  A	  0.5	  0.1	0.116	0.000	0.000
831	  F	  6.7	  0.1	0.116	0.000	0.000
832	  S	  7.4	  0.3	0.116	0.000	0.000
833	  F	  7.1	  2.3	0.116	0.000	0.000
834	  G	  0.8	  2.5	0.000	0.000	0.000
835	  S	  0.1	  2.5	0.242	0.000	0.000
836	  N	  4.1	  2.2	0.242	0.000	0.000
837	  V	  5.2	  0.3	0.242	0.000	0.000
838	  E	  5.5	  0.1	0.242	0.000	0.000
839	  K	  1.5	  0.4	0.242	0.000	0.000
840	  K	  0.7	  0.4	0.242	0.000	0.000
841	  D	  0.4	  0.5	0.000	0.000	0.000
842	  T	  1.1	  0.5	0.000	3.183	3.183
843	  S	  1.7	  0.2	0.000	3.992	3.992
844	  V	  5.7	  0.2	0.000	5.371	5.371
845	  F	 10.8	  0.0	0.000	5.371	5.371
846	  S	 10.6	  0.1	0.000	5.371	5.371
847	  F	  6.7	  4.5	0.000	5.159	5.159
848	  G	  0.7	  4.6	0.000	1.624	1.624
849	  N	  0.1	  4.8	0.000	0.000	0.000
850	  N	  0.1	  4.8	0.000	0.000	0.000
851	  S	  0.1	  0.6	0.000	0.000	0.000
852	  E	  0.5	  0.5	0.000	0.000	0.000
853	  K	  0.5	  0.8	0.000	0.000	0.000
854	  K	  0.5	  0.6	0.000	0.000	0.000
855	  D	  0.1	  0.5	0.000	0.000	0.000
856	  A	  0.1	  0.5	0.000	0.000	0.000
857	  P	  0.0	  0.0	0.000	0.231	0.231
858	  A	  0.3	  0.0	0.000	6.679	6.679
859	  L	  0.8	  0.0	0.000	9.746	9.746
860	  I	  1.8	  0.0	0.000	9.746	9.746
861	  F	  1.5	  0.6	0.000	9.746	9.746
862	  G	  1.1	  0.6	0.000	9.515	9.515
863	  T	  1.4	  0.8	0.000	5.568	5.568
864	  S	  1.4	  0.9	0.000	0.378	0.378
865	  S	  1.4	  0.4	0.000	0.104	0.104
866	  E	  0.4	  0.4	0.000	0.000	0.000
867	  K	  0.6	  0.3	0.000	0.000	0.000
868	  N	  0.8	  0.5	0.000	0.000	0.000
869	  T	  1.7	  0.5	0.000	0.000	0.000
870	  S	  1.7	  0.4	0.000	0.000	0.000
871	  S	 10.3	  0.7	0.000	0.000	0.000
872	  F	 10.3	  0.4	0.000	0.000	0.000
873	  N	 10.1	  0.4	0.000	0.000	0.000
874	  S	  1.4	  0.5	0.798	0.000	0.000
875	  E	  0.2	  0.4	0.798	0.000	0.000
876	  A	  0.1	  0.5	0.798	0.000	0.000
877	  N	  0.1	  0.4	1.355	0.000	0.000
878	  D	  0.0	  3.7	1.355	0.000	0.000
879	  K	  0.1	  3.5	1.355	0.000	0.000
880	  N	  0.1	  3.5	1.195	0.000	0.000
881	  K	  0.1	  3.4	0.938	0.000	0.000
882	  K	  0.1	  0.0	0.712	0.000	0.000
883	  P	  0.0	  0.0	0.000	0.000	0.000
884	  V	  1.0	  0.2	0.000	0.264	0.264
885	  F	  1.2	  0.2	0.000	0.264	0.264
886	  G	  1.2	  0.2	0.000	0.264	0.264
887	  F	  1.8	  0.3	0.000	0.264	0.264
888	  S	  1.7	  0.2	0.649	0.264	0.264
889	  S	  1.7	  0.3	2.498	0.000	0.000
890	  K	  0.5	  0.3	2.790	0.000	0.000
891	  A	  0.4	  0.2	2.790	0.000	0.000
892	  E	  0.3	  0.1	2.790	0.000	0.000
893	  E	  0.3	  0.1	2.790	0.000	0.000
894	  Q	  0.6	  0.1	2.642	0.000	0.000
895	  K	  1.1	  0.1	1.692	0.000	0.000
896	  M	  1.1	  0.1	0.797	0.000	0.000
897	  S	  1.7	  0.9	0.166	0.000	0.000
898	  S	  2.0	  1.6	0.000	0.000	0.000
899	  S	  1.8	  1.6	0.000	0.000	0.000
900	  S	  5.0	  1.8	0.000	0.000	0.000
901	  V	  5.2	  1.1	0.000	0.000	0.000
902	  D	  5.0	  0.4	1.099	0.000	0.000
903	  S	  1.7	  0.6	1.217	0.000	0.000
904	  A	  0.8	  0.2	1.217	0.000	0.000
905	  T	  0.9	  0.3	1.485	0.000	0.000
906	  E	  0.2	  0.3	1.485	0.000	0.000
907	  Q	  0.2	  0.3	1.485	0.000	0.000
908	  R	  0.2	  0.3	0.679	0.000	0.000
909	  D	  0.1	  0.3	0.268	0.000	0.000
910	  K	  0.1	  0.3	0.268	0.000	0.000
911	  H	  0.8	  0.3	0.154	0.000	0.000
912	  L	  2.5	  0.3	0.000	0.000	0.000
913	  S	  2.6	  0.2	0.000	0.000	0.000
914	  L	  1.9	  1.4	0.000	0.000	0.000
915	  G	  0.1	  1.3	0.000	0.000	0.000
916	  N	  0.3	  1.2	0.163	0.000	0.000
917	  S	  5.3	  1.5	0.286	0.000	0.000
918	  V	  5.7	  0.4	0.286	0.000	0.000
919	  N	  5.4	  0.5	0.286	0.000	0.000
920	  K	  0.4	  0.5	0.286	0.000	0.000
921	  K	  0.7	  0.2	0.286	0.000	0.000
922	  S	  0.8	  0.2	0.123	0.000	0.000
923	  I	  0.8	  0.2	0.000	0.000	0.000
924	  P	  0.1	  0.1	0.000	0.000	0.000
925	  M	  0.5	  0.2	0.000	0.000	0.000
926	  F	  3.7	  0.2	0.000	0.000	0.000
927	  N	  3.7	  0.3	0.000	0.000	0.000
928	  F	  3.3	  6.3	0.000	0.000	0.000
929	  G	  0.1	  6.2	0.000	0.000	0.000
930	  N	  0.4	  6.2	0.000	0.000	0.000
931	  T	  0.6	  6.1	0.000	0.000	0.000
932	  T	  0.6	  0.4	0.000	0.000	0.000
933	  E	  0.4	  0.4	0.000	0.000	0.000
934	  N	  0.1	  2.4	0.000	0.000	0.000
935	  K	  0.5	  2.3	0.000	0.000	0.000
936	  D	  0.5	  2.0	0.000	0.000	0.000
937	  T	  0.4	  2.1	0.148	0.000	0.000
938	  P	  0.0	  0.3	0.148	0.000	0.000
939	  A	  0.1	  0.4	0.148	0.000	0.000
940	  F	  0.3	  0.4	0.148	0.000	0.000
941	  G	  0.3	  0.4	0.148	0.000	0.000
942	  F	  0.3	  2.3	0.148	0.000	0.000
943	  G	  0.1	  2.1	0.219	0.000	0.000
944	  N	  0.1	  2.3	0.419	0.000	0.000
945	  A	  0.1	  2.2	0.419	0.000	0.000
946	  T	  0.3	  0.3	0.419	0.000	0.000
947	  E	  0.7	  0.3	0.419	0.000	0.000
948	  K	  0.7	  0.5	0.419	0.000	0.000
949	  K	  0.9	  0.5	0.200	0.000	0.000
950	  D	  0.5	  0.4	0.000	0.000	0.000
951	  T	  0.5	  0.4	0.112	0.000	0.000
952	  P	  0.0	  0.1	0.112	0.000	0.000
953	  A	  0.4	  0.1	0.112	0.000	0.000
954	  F	  6.5	  0.1	0.112	0.000	0.000
955	  S	  7.2	  0.1	0.112	0.000	0.000
956	  F	  6.8	  5.9	0.112	0.000	0.000
957	  G	  0.8	  5.9	0.000	0.000	0.000
958	  N	  0.4	  6.0	0.000	0.000	0.000
959	  T	  0.6	  5.9	0.000	0.000	0.000
960	  T	  0.8	  0.1	0.000	0.000	0.000
961	  E	  0.9	  0.2	0.000	0.000	0.000
962	  K	  0.7	  0.3	0.000	0.000	0.000
963	  K	  1.1	  0.3	0.000	0.000	0.000
964	  N	  0.7	  0.2	0.000	0.000	0.000
965	  T	  0.7	  0.3	0.000	0.000	0.000
966	  P	  0.1	  0.1	0.000	0.000	0.000
967	  A	  0.5	  0.1	0.000	0.000	0.000
968	  F	  6.7	  0.1	0.000	0.000	0.000
969	  S	  7.4	  0.4	0.000	0.000	0.000
970	  F	  7.1	  3.0	0.000	0.000	0.000
971	  G	  0.9	  3.0	0.109	0.000	0.000
972	  S	  0.8	  3.1	0.109	0.000	0.000
973	  T	  0.7	  3.0	0.109	0.000	0.000
974	  T	  0.8	  0.5	0.109	0.000	0.000
975	  G	  0.2	  0.5	0.109	0.000	0.000
976	  K	  0.1	  0.7	0.109	0.000	0.000
977	  K	  0.5	  0.5	0.000	0.000	0.000
978	  D	  0.5	  0.4	0.000	0.000	0.000
979	  T	  0.5	  0.5	0.160	0.000	0.000
980	  P	  0.0	  0.1	0.160	0.000	0.000
981	  A	  0.2	  0.2	0.160	0.000	0.000
982	  F	  3.4	  0.2	0.160	0.000	0.000
983	  N	  3.4	  0.2	0.160	0.000	0.000
984	  F	  3.3	  6.2	0.160	0.000	0.000
985	  G	  0.1	  6.2	0.000	0.000	0.000
986	  N	  0.3	  6.5	0.000	0.000	0.000
987	  T	  0.4	  6.4	0.000	0.000	0.000
988	  S	  0.4	  0.5	0.000	0.000	0.000
989	  E	  0.5	  0.5	0.000	0.000	0.000
990	  K	  0.4	  0.6	0.000	0.000	0.000
991	  K	  0.8	  0.5	0.000	0.000	0.000
992	  D	  0.5	  0.4	0.000	0.000	0.000
993	  T	  0.5	  0.5	0.161	0.000	0.000
994	  P	  0.0	  0.1	0.161	0.000	0.000
995	  A	  0.2	  0.2	0.161	0.000	0.000
996	  F	  3.5	  0.2	0.161	0.000	0.000
997	  N	  3.5	  0.5	0.161	0.000	0.000
998	  F	  3.4	  3.2	0.161	0.000	0.000
999	  G	  0.2	  3.3	0.000	0.000	0.000
1000	  S	  2.1	  3.5	0.116	0.000	0.000
1001	  T	  2.1	  3.0	0.116	0.000	0.000
1002	  S	  2.1	  0.5	0.116	0.000	0.000
1003	  E	  0.6	  0.4	0.116	0.000	0.000
1004	  K	  0.5	  0.5	0.116	0.000	0.000
1005	  K	  0.8	  0.5	0.116	0.000	0.000
1006	  D	  0.5	  0.4	0.000	0.000	0.000
1007	  T	  0.5	  0.5	0.000	0.000	0.000
1008	  P	  0.0	  0.1	0.000	0.000	0.000
1009	  A	  0.5	  0.1	0.000	0.000	0.000
1010	  F	  6.7	  0.1	0.000	0.000	0.000
1011	  S	  7.4	  0.3	0.000	0.000	0.000
1012	  F	  7.1	  0.5	0.000	0.000	0.000
1013	  G	  0.8	  0.5	0.000	0.000	0.000
1014	  E	  2.8	  0.5	0.000	0.000	0.000
1015	  V	  3.0	  0.4	0.000	0.000	0.000
1016	  S	  3.0	  0.7	0.000	0.000	0.000
1017	  N	  0.3	  0.8	0.000	0.000	0.000
1018	  D	  0.1	  0.8	0.000	0.000	0.000
1019	  K	  0.1	  0.6	0.000	0.000	0.000
1020	  Q	  0.1	  0.1	0.000	0.000	0.000
1021	  P	  0.0	  0.0	0.000	0.000	0.000
1022	  A	  0.5	  0.0	0.000	0.000	0.000
1023	  F	  6.9	  0.0	0.000	0.000	0.000
1024	  S	  7.6	  0.4	0.127	0.000	0.000
1025	  F	  7.2	  0.7	0.127	0.000	0.000
1026	  G	  0.9	  0.8	0.127	0.000	0.000
1027	  K	  0.4	  0.8	0.127	0.000	0.000
1028	  R	  0.3	  0.5	0.127	0.000	0.000
1029	  E	  0.4	  0.2	0.127	0.000	0.000
1030	  E	  0.5	  0.2	0.127	0.000	0.000
1031	  K	  0.8	  0.1	0.000	0.000	0.000
1032	  T	  0.9	  0.2	0.000	0.000	0.000
1033	  E	  0.6	  0.3	0.000	0.000	0.000
1034	  S	  0.6	  0.3	0.000	0.000	0.000
1035	  S	  1.9	  0.2	0.119	0.000	0.000
1036	  Y	  2.2	  0.2	0.119	0.000	0.000
1037	  K	  2.1	  0.2	0.119	0.000	0.000
1038	  T	  0.6	  0.2	0.119	0.000	0.000
1039	  N	  0.3	  0.8	0.119	0.000	0.000
1040	  D	  0.2	  0.7	0.119	0.000	0.000
1041	  S	  0.2	  0.7	0.000	0.000	0.000
1042	  K	  0.2	  0.7	0.000	0.000	0.000
1043	  P	  0.1	  0.2	0.000	0.000	0.000
1044	  T	 29.7	  0.2	0.000	0.000	0.000
1045	  F	 34.0	  0.2	0.000	0.000	0.000
1046	  S	 34.4	  0.1	0.000	0.000	0.000
1047	  F	  7.4	  4.2	0.000	0.000	0.000
1048	  G	  0.5	  4.2	0.000	0.000	0.000
1049	  N	  0.0	  4.6	0.000	0.000	0.000
1050	  T	  0.2	  4.5	0.000	0.000	0.000
1051	  G	  0.2	  0.4	0.000	0.000	0.000
1052	  K	  0.2	  0.3	0.000	0.000	0.000
1053	  P	  0.0	  0.0	0.000	0.000	0.000
1054	  A	  0.5	  0.0	0.000	0.000	0.000
1055	  F	  6.9	  0.0	0.000	0.000	0.000
1056	  S	  7.6	  0.4	0.000	0.000	0.000
1057	  F	  7.2	  1.1	0.000	0.000	0.000
1058	  G	  0.9	  1.2	0.000	0.000	0.000
1059	  S	  0.4	  1.2	0.000	0.000	0.000
1060	  Q	  0.4	  0.9	0.000	0.000	0.000
1061	  T	  2.1	  0.2	0.000	0.000	0.000
1062	  T	  2.4	  0.1	0.000	0.000	0.000
1063	  T	  3.1	  0.0	0.000	0.000	0.000
1064	  A	  1.8	  0.0	0.000	0.000	0.000
1065	  V	  1.9	  0.0	0.000	0.000	0.000
1066	  A	  1.0	  0.4	0.000	0.000	0.000
1067	  E	  0.7	  0.5	0.000	0.000	0.000
1068	  D	  0.0	  0.5	0.000	0.000	0.000
1069	  N	  0.0	  0.6	1.385	0.000	0.000
1070	  E	  0.1	  0.2	1.385	0.000	0.000
1071	  E	  3.1	  0.1	1.385	0.000	0.000
1072	  F	  5.2	  0.1	1.385	0.000	0.000
1073	  K	  5.2	  0.0	1.385	0.000	0.000
1074	  F	  2.3	  0.5	1.385	0.000	0.000
1075	  P	  0.1	  0.5	0.000	0.000	0.000
1076	  E	  0.3	  0.5	0.000	0.000	0.000
1077	  L	  0.3	  0.8	0.000	0.000	0.000
1078	  Q	  0.4	  0.4	0.000	0.000	0.000
1079	  G	  0.1	  0.7	0.000	0.000	0.000
1080	  E	  0.0	  0.7	0.000	0.000	0.000
1081	  N	  2.2	  0.4	0.412	0.000	0.000
1082	  I	  2.8	  0.3	0.412	0.000	0.000
1083	  T	  2.8	  0.1	3.008	0.000	0.000
1084	  E	  0.6	  0.1	3.115	0.000	0.000
1085	  E	 13.3	  0.1	3.115	0.000	0.000
1086	  V	 13.8	  0.1	3.115	0.000	0.000
1087	  K	 13.8	  0.4	3.115	0.000	0.000
1088	  K	  0.6	  0.4	3.115	0.000	0.000
1089	  G	  0.0	  0.5	2.359	0.000	0.000
1090	  A	  0.1	  0.5	0.831	0.000	0.000
1091	  E	  0.6	  0.3	0.355	0.000	0.000
1092	  K	  0.7	  0.2	0.000	0.000	0.000
1093	  H	  0.9	  0.4	0.000	0.000	0.000
1094	  M	  0.4	  0.7	0.000	0.000	0.000
1095	  G	  0.3	  0.6	0.000	0.000	0.000
1096	  E	  0.8	  0.6	0.000	0.000	0.000
1097	  F	  4.0	  0.3	0.000	0.000	0.000
1098	  E	  4.0	  0.0	0.000	0.000	0.000
1099	  F	  3.2	  0.0	0.000	0.000	0.000
