res	aa	Beta	Turn	Helix	Aggregation	Conc-Stab_Aggregation
01	  M	  0.1	  0.3	0.000	0.000	0.000
02	  S	  0.1	  0.3	2.853	0.000	0.000
03	  D	  0.1	  0.6	2.853	0.000	0.000
04	  A	  0.3	  0.6	2.853	0.000	0.000
05	  T	  1.1	  0.4	2.996	0.000	0.000
06	  K	  1.7	  0.6	2.996	0.000	0.000
07	  L	  1.7	  0.3	2.996	0.000	0.000
08	  D	  1.0	  0.3	1.814	0.000	0.000
09	  S	  0.5	  0.3	1.138	0.000	0.000
10	  K	  0.2	  0.3	0.634	0.000	0.000
11	  P	  0.1	  0.3	0.000	0.000	0.000
12	  S	  0.7	  0.4	0.000	0.000	0.000
13	  T	  2.6	  0.4	0.000	0.000	0.000
14	  T	  3.1	  0.1	0.000	0.000	0.000
15	  I	  2.5	  0.3	0.000	0.000	0.000
16	  P	  0.6	  0.3	0.000	0.000	0.000
17	  S	  0.2	  0.4	0.000	0.000	0.000
18	  K	  0.7	  0.4	0.000	0.000	0.000
19	  H	  1.4	  0.4	0.000	0.000	0.000
20	  T	  1.3	  0.4	0.000	0.000	0.000
21	  S	  0.7	  0.5	0.000	0.000	0.000
22	  G	  0.1	  0.5	0.000	0.000	0.000
23	  L	  0.1	  0.3	0.000	0.000	0.000
24	  T	  0.1	  0.2	11.464	0.000	0.000
25	  E	  0.1	  0.1	11.464	0.000	0.000
26	  E	  0.2	  0.1	11.464	0.000	0.000
27	  E	  0.3	  0.2	11.464	0.000	0.000
28	  K	  0.6	  0.2	11.464	0.000	0.000
29	  N	  3.3	  0.1	11.464	0.000	0.000
30	  V	  5.3	  0.1	4.859	0.000	0.000
31	  I	  6.3	  0.0	4.116	0.000	0.000
32	  K	  3.7	  0.0	3.912	0.000	0.000
33	  T	  2.4	  0.0	0.727	0.000	0.000
34	  L	  1.1	  0.1	0.727	0.000	0.000
35	  E	  1.0	  0.3	0.564	0.000	0.000
36	  E	  0.1	  0.4	0.231	0.000	0.000
37	  D	  0.0	  0.5	0.000	0.000	0.000
38	  D	  0.1	  0.4	0.000	0.000	0.000
39	  E	  0.9	  0.2	0.000	0.000	0.000
40	  F	  1.6	  0.5	0.000	0.000	0.000
41	  E	  1.6	  0.4	0.000	0.000	0.000
42	  D	  0.9	  0.4	0.000	0.000	0.000
43	  F	  0.1	  0.7	0.000	0.000	0.000
44	  P	  0.0	  0.8	0.000	0.000	0.000
45	  E	  0.0	  0.9	0.000	0.000	0.000
46	  D	  0.0	  2.1	0.166	0.000	0.000
47	  D	  0.1	  1.8	0.166	0.000	0.000
48	  S	  0.3	  1.3	0.166	0.000	0.000
49	  K	  0.7	  1.2	0.166	0.000	0.000
50	  W	  1.5	  0.1	0.166	0.000	0.000
51	  S	  1.4	  1.8	0.166	0.000	0.000
52	  S	  1.0	  2.0	0.152	0.000	0.000
53	  N	  0.3	  2.2	0.152	0.000	0.000
54	  S	  0.8	  2.5	0.152	0.000	0.000
55	  T	  1.0	  0.9	0.152	0.000	0.000
56	  N	  0.9	  0.8	0.327	0.000	0.000
57	  K	  0.7	  0.6	0.327	0.000	0.000
58	  L	  0.5	  0.1	0.175	0.000	0.000
59	  S	  0.5	  0.3	0.308	0.000	0.000
60	  E	  0.2	  0.3	0.308	0.000	0.000
61	  Q	  0.3	  0.3	0.308	0.000	0.000
62	  N	  0.7	  0.3	0.132	0.000	0.000
63	  L	  0.7	  0.1	0.132	0.000	0.000
64	  W	  0.9	  0.1	0.132	0.000	0.000
65	  E	  0.5	  0.3	0.000	0.000	0.000
66	  E	  0.4	  0.3	0.000	0.000	0.000
67	  D	  0.3	  1.5	0.000	0.000	0.000
68	  W	  0.4	  1.6	0.000	0.000	0.000
69	  D	  0.4	  4.4	0.000	0.000	0.000
70	  D	  0.1	 11.5	0.000	0.000	0.000
71	  D	  0.0	 11.3	0.000	0.000	0.000
72	  D	  0.0	 11.1	0.000	0.000	0.000
73	  G	  0.0	  8.4	0.000	0.000	0.000
74	  Q	  0.1	  1.3	0.000	0.000	0.000
75	  D	  0.1	  0.3	1.671	0.000	0.000
76	  E	  2.7	  0.2	2.032	0.000	0.000
77	  V	  2.8	  0.1	2.032	0.000	0.000
78	  S	  2.8	  0.1	5.824	0.000	0.000
79	  N	  0.2	  0.2	8.210	0.000	0.000
80	  K	  0.6	  0.2	8.644	0.000	0.000
81	  L	  0.6	  0.1	8.667	0.000	0.000
82	  R	  0.6	  0.2	9.262	0.000	0.000
83	  E	  0.0	  0.1	9.181	0.000	0.000
84	  E	  0.9	  0.1	8.896	0.000	0.000
85	  L	  1.0	  0.1	8.037	0.000	0.000
86	  K	  1.1	  0.1	7.632	0.000	0.000
87	  K	  0.9	  0.1	5.703	0.000	0.000
88	  T	 20.2	  0.1	2.374	0.000	0.000
89	  I	 20.3	  0.0	2.374	0.000	0.000
90	  K	 19.8	  0.0	2.374	0.000	0.000
91	  P	  0.4	  0.0	0.000	0.000	0.000
92	  I	  0.0	  0.0	0.000	0.000	0.000
93	  Q	  0.0	  0.0	0.000	0.000	0.000
