res	aa	Beta	Turn	Helix	Aggregation	Conc-Stab_Aggregation
01	  M	  0.5	  0.0	0.000	0.000	0.000
02	  I	  1.0	  0.0	0.000	0.000	0.000
03	  T	  1.0	  0.1	0.000	0.000	0.000
04	  D	  0.5	  0.2	0.000	0.000	0.000
05	  E	  0.1	  0.2	0.000	0.000	0.000
06	  Q	  0.8	  0.2	0.000	0.001	0.001
07	  L	  1.1	  0.2	0.000	0.668	0.668
08	  N	  2.2	  0.1	0.262	1.852	1.852
09	  T	  4.1	  0.1	0.401	31.736	31.736
10	  I	  6.3	  0.0	0.401	82.135	82.135
11	  A	  5.2	  0.0	0.401	87.428	87.428
12	  L	  6.3	  0.0	0.401	93.792	93.792
13	  T	  4.7	  0.2	0.401	94.908	94.908
14	  F	  4.7	  0.2	0.401	96.759	96.759
15	  G	  1.2	  0.2	1.556	96.901	96.901
16	  F	  1.0	  0.5	1.641	98.485	98.485
17	  A	  1.2	  0.3	1.946	98.607	98.607
18	  S	  1.6	  0.3	4.310	98.751	98.751
19	  I	  6.0	  0.3	4.310	99.894	99.894
20	  I	  7.4	  0.0	4.535	99.992	99.992
21	  L	  8.2	  0.0	4.535	99.996	99.996
22	  I	  7.8	  0.0	4.535	99.983	99.983
23	  I	  7.7	  0.0	4.535	99.829	99.829
24	  I	  6.7	  0.0	4.535	98.053	98.053
25	  Y	  3.6	  0.0	4.535	77.561	77.561
26	  H	  2.4	  0.0	2.430	6.648	6.648
27	  A	  2.3	  0.0	0.402	4.596	4.596
28	  I	  1.8	  0.1	0.255	3.409	3.409
29	  S	  1.8	  0.4	0.255	0.358	0.358
30	  T	  2.1	  0.4	0.000	0.090	0.090
31	  N	  1.9	  0.4	0.000	0.011	0.011
32	  V	  2.4	  0.4	0.000	0.008	0.008
33	  H	  2.4	  0.1	0.000	0.000	0.000
34	  K	  3.2	  0.1	0.000	0.000	0.000
35	  L	  2.2	  0.3	0.000	0.000	0.000
36	  E	  1.6	  0.3	0.000	0.000	0.000
37	  D	  0.1	  0.3	0.000	0.000	0.000
38	  E	  0.0	  0.3	0.000	0.000	0.000
39	  T	  0.1	  0.4	0.000	0.000	0.000
40	  P	  0.0	  0.6	0.000	0.000	0.000
41	  S	  0.8	  1.5	0.000	0.000	0.000
42	  S	  1.0	  1.5	0.000	0.000	0.000
43	  S	  8.5	  1.1	0.000	0.000	0.000
44	  F	 10.6	  0.9	0.000	0.000	0.000
45	  T	 10.9	  0.1	0.000	0.000	0.000
46	  R	  4.0	  0.1	0.000	0.000	0.000
47	  T	  1.6	  0.1	0.000	0.000	0.000
48	  N	  1.3	  0.2	0.000	0.000	0.000
49	  T	  1.2	  0.1	0.000	0.000	0.000
50	  T	  0.7	  0.1	0.000	0.000	0.000
51	  E	  0.5	  0.1	0.000	0.000	0.000
52	  T	  2.3	  0.1	0.338	0.000	0.000
53	  T	  6.1	  0.1	0.960	0.000	0.000
54	  V	  8.1	  0.0	0.960	0.000	0.000
55	  A	  6.2	  0.1	0.960	0.000	0.000
56	  S	  2.5	  0.1	0.960	0.000	0.000
57	  K	  0.4	  0.2	0.960	0.000	0.000
58	  K	  0.3	  0.2	0.731	0.000	0.000
59	  K	  0.2	  0.1	0.235	0.000	0.000
60	  K	  0.1	  0.0	0.000	0.000	0.000
