res	aa	Beta	Turn	Helix	Aggregation	Conc-Stab_Aggregation
01	  M	  1.2	  0.0	0.000	0.000	0.000
02	  R	  1.3	  0.0	0.000	0.000	0.000
03	  S	  1.3	  3.0	0.000	0.000	0.000
04	  P	  0.1	  3.1	0.000	0.025	0.025
05	  S	  0.1	  3.1	0.107	6.785	6.785
06	  L	  0.5	  3.1	0.107	60.912	60.912
07	  A	  0.8	  0.1	0.107	70.456	70.456
08	  V	  1.8	  0.0	0.107	82.455	82.455
09	  A	  1.5	  0.0	0.107	83.426	83.426
10	  A	  1.3	  0.0	0.107	84.526	84.526
11	  T	  2.3	  0.0	0.000	85.475	85.475
12	  T	  6.0	  0.0	0.000	87.324	87.324
13	  V	  6.4	  0.0	0.000	90.382	90.382
14	  L	  4.3	  0.1	0.000	88.944	88.944
15	  G	  0.6	  0.1	0.000	80.292	80.292
16	  L	  0.6	  0.1	0.000	79.560	79.560
17	  F	  2.1	  0.2	0.000	74.898	74.898
18	  S	  2.9	  1.1	0.735	12.123	12.123
19	  S	  2.5	  1.1	1.482	4.243	4.243
20	  S	  1.1	  1.1	1.890	3.415	3.415
21	  A	  0.2	  1.0	1.890	5.482	5.482
22	  L	  0.4	  0.2	1.890	5.722	5.722
23	  A	  0.5	  0.1	1.890	5.150	5.150
24	  Y	  1.3	  0.1	1.890	4.711	4.711
25	  Y	  1.2	  6.0	0.762	4.127	4.127
26	  G	  0.9	  5.9	0.000	0.617	0.617
27	  N	  0.4	  5.9	0.000	0.195	0.195
28	  T	  1.8	  5.9	0.000	1.529	1.529
29	  T	  3.8	  0.1	0.000	3.670	3.670
30	  T	  7.0	  0.0	0.000	5.300	5.300
31	  V	  8.6	  0.0	0.000	6.134	6.134
32	  A	  6.8	  0.0	0.000	6.134	6.134
33	  L	  3.6	  0.0	0.000	6.013	6.013
34	  T	  2.0	  0.0	0.158	3.967	3.967
35	  T	  2.1	  0.0	0.158	1.695	1.695
36	  T	  2.1	  0.0	0.307	0.597	0.597
37	  E	  0.6	  0.0	0.307	0.000	0.000
38	  F	  1.1	  0.0	0.307	0.000	0.000
39	  V	  2.7	  0.0	0.307	0.000	0.000
40	  T	  5.9	  0.0	0.307	0.000	0.000
41	  T	  5.4	  0.0	0.307	0.000	0.000
42	  C	  3.7	  0.0	0.307	0.000	0.000
43	  P	  0.3	  0.0	0.000	0.000	0.000
44	  Y	  0.0	  0.1	0.000	0.000	0.000
45	  P	  0.0	  0.1	0.000	0.000	0.000
46	  T	  2.4	  0.1	0.000	2.392	2.392
47	  T	 18.4	  0.1	0.000	3.019	3.019
48	  F	 26.2	  0.0	0.000	3.410	3.410
49	  T	 36.5	  0.0	0.000	3.410	3.410
50	  V	 22.2	  0.0	0.000	3.410	3.410
51	  S	 14.4	  0.1	0.000	1.392	1.392
52	  T	  5.9	  0.1	0.000	0.767	0.767
53	  C	  5.9	  0.2	0.000	0.000	0.000
54	  T	  5.5	  0.2	0.000	0.000	0.000
55	  N	  0.9	  0.2	0.000	0.000	0.000
56	  D	  0.5	  0.2	0.000	0.000	0.000
57	  V	  2.2	  0.1	0.000	0.000	0.000
58	  C	  2.3	  0.0	0.000	0.000	0.000
59	  Q	  1.9	  0.1	0.000	0.000	0.000
60	  P	  0.2	  0.1	0.000	0.151	0.151
61	  T	  4.1	  0.1	0.000	16.546	16.546
62	  V	  6.4	  0.1	0.000	22.062	22.062
63	  V	 23.6	  0.0	0.000	22.062	22.062
64	  T	 28.0	  0.0	0.000	22.062	22.062
65	  V	 26.4	  0.0	0.000	22.062	22.062
66	  T	 10.4	  0.0	0.000	8.839	8.839
67	  E	  0.6	  0.1	0.000	0.000	0.000
68	  E	  0.1	  0.1	0.000	0.000	0.000
69	  T	  0.9	  0.1	0.000	0.000	0.000
70	  T	 11.6	  0.0	0.000	0.000	0.000
71	  I	 30.4	  0.0	0.000	0.000	0.000
72	  T	 30.0	  0.0	0.000	0.000	0.000
73	  I	 20.5	  0.3	0.000	0.000	0.000
74	  P	  0.4	  0.3	0.000	0.000	0.000
75	  G	  0.0	  0.3	0.000	0.000	0.000
76	  T	  5.6	  0.3	0.000	0.000	0.000
77	  V	  9.1	  0.0	0.000	0.000	0.000
78	  V	  9.2	  0.0	0.000	0.000	0.000
79	  C	  3.7	  0.0	0.000	0.000	0.000
80	  P	  0.1	  0.0	0.000	0.000	0.000
81	  V	  4.3	  0.0	0.000	0.000	0.000
82	  V	  5.8	  0.0	0.000	0.000	0.000
83	  S	  5.8	  0.0	0.000	0.000	0.000
84	  T	  1.6	  1.4	0.000	0.000	0.000
85	  P	  0.1	  1.8	0.000	0.000	0.000
86	  S	  0.3	  2.4	0.000	0.000	0.000
87	  G	  0.3	  2.4	0.000	0.000	0.000
88	  S	  3.1	  2.1	0.000	0.000	0.000
89	  A	  3.0	  1.8	0.000	0.000	0.000
90	  S	  5.7	  2.3	0.000	0.000	0.000
91	  A	  3.1	  2.3	0.000	0.000	0.000
92	  S	  5.7	  2.3	0.000	0.000	0.000
93	  A	  3.1	  2.4	0.000	0.000	0.000
94	  S	  3.0	  1.8	0.000	0.000	0.000
95	  A	  0.3	  2.0	0.000	0.000	0.000
96	  G	  0.1	  1.1	0.000	0.000	0.000
97	  A	  0.2	  1.1	0.000	0.000	0.000
98	  S	  0.2	  0.6	0.000	0.000	0.000
99	  S	  0.3	  0.5	0.162	0.000	0.000
100	  E	  0.1	  0.4	0.162	0.000	0.000
101	  E	  0.0	  0.7	0.162	0.000	0.000
102	  E	  0.0	  0.8	0.162	0.000	0.000
103	  G	  0.0	  0.7	0.162	0.000	0.000
104	  S	  0.9	  0.6	0.292	0.528	0.528
105	  V	  3.6	  0.2	0.129	10.077	10.077
106	  V	  5.0	  0.0	0.129	10.784	10.784
107	  T	  5.9	  0.0	0.129	10.784	10.784
108	  T	  3.6	  0.0	0.129	10.784	10.784
109	  Q	  2.7	  0.0	0.129	10.630	10.630
110	  V	 18.2	  0.0	0.000	10.510	10.510
111	  T	 26.3	  0.0	0.000	8.932	8.932
112	  V	 26.8	  0.1	0.000	8.055	8.055
113	  T	 11.2	  0.1	0.070	3.027	3.027
114	  D	  1.9	  0.1	0.870	0.000	0.000
115	  F	  2.0	  0.1	0.870	0.000	0.000
116	  T	  4.9	  0.0	0.870	0.000	0.000
117	  T	 17.2	  0.0	0.870	0.000	0.000
118	  Y	 16.2	  0.0	0.870	0.000	0.000
119	  C	 13.2	  0.0	0.870	0.000	0.000
120	  P	  0.2	  0.0	0.000	0.000	0.000
121	  Y	  0.0	  0.1	0.000	0.000	0.000
122	  P	  0.0	  0.2	0.000	0.000	0.000
123	  T	  0.7	  0.2	0.000	0.646	0.646
124	  T	  3.2	  0.2	0.000	1.078	1.078
125	  L	  6.4	  0.0	0.000	1.078	1.078
126	  T	 16.2	  0.0	0.000	1.078	1.078
127	  I	 15.8	  0.0	0.000	1.078	1.078
128	  T	 14.0	  0.0	0.000	0.698	0.698
129	  K	  7.0	  0.0	0.000	0.000	0.000
130	  C	  5.5	  0.6	0.000	0.000	0.000
131	  E	  4.2	  0.6	0.000	0.000	0.000
132	  N	  0.6	  0.7	0.000	0.000	0.000
133	  N	  0.1	  0.7	0.000	0.000	0.000
134	  E	  3.8	  0.2	0.000	0.000	0.000
135	  C	  4.0	  0.1	0.000	0.000	0.000
136	  H	  3.9	  0.5	0.000	0.000	0.000
137	  P	  0.2	  0.5	0.000	0.000	0.000
138	  T	  1.8	  0.5	0.000	0.000	0.000
139	  T	  2.4	  0.5	0.000	0.000	0.000
140	  I	  2.4	  0.0	0.000	0.000	0.000
141	  P	  0.6	  0.0	0.000	0.000	0.000
142	  V	  0.6	  0.0	0.000	0.000	0.000
143	  E	  0.6	  0.0	0.000	0.000	0.000
144	  T	  1.5	  0.0	0.000	0.407	0.407
145	  A	  1.0	  0.1	0.000	1.254	1.254
146	  T	  2.5	  0.0	0.000	3.624	3.624
147	  T	 10.9	  0.0	0.000	4.421	4.421
148	  V	 27.0	  0.0	0.000	4.540	4.540
149	  T	 33.7	  0.0	0.000	4.540	4.540
150	  V	 26.0	  0.0	0.000	4.540	4.540
151	  T	  9.9	  0.1	0.000	1.568	1.568
152	  G	  0.5	  0.1	0.000	0.119	0.119
153	  E	  0.4	  0.1	0.000	0.000	0.000
154	  V	  4.4	  0.0	0.000	0.000	0.000
155	  I	  4.5	  0.0	0.000	0.000	0.000
156	  C	  4.1	  0.4	0.000	0.000	0.000
157	  P	  0.1	  0.4	0.000	0.000	0.000
158	  T	  1.6	  0.4	0.000	0.000	0.000
159	  T	  4.4	  0.4	0.000	0.000	0.000
160	  T	  5.2	  0.1	0.000	0.000	0.000
161	  S	  7.1	  0.1	0.000	0.000	0.000
162	  T	  4.4	  0.1	0.000	0.000	0.000
163	  S	  3.6	  0.3	0.130	0.000	0.000
164	  P	  0.1	  0.3	0.130	0.000	0.000
165	  K	  0.1	  0.4	0.130	0.000	0.000
166	  E	  0.1	  0.5	0.130	0.000	0.000
167	  S	  1.0	  1.0	0.130	0.000	0.000
168	  S	  1.0	  1.1	0.369	0.000	0.000
169	  S	  1.0	  1.0	0.454	0.000	0.000
170	  E	  0.2	  1.0	0.454	0.000	0.000
171	  A	  0.1	  0.3	0.454	0.000	0.000
172	  A	  0.3	  0.3	0.454	0.000	0.000
173	  S	  0.3	  0.3	0.454	0.000	0.000
174	  S	  0.3	  0.3	0.215	0.000	0.000
175	  E	  0.5	  0.2	0.000	0.000	0.000
176	  V	  4.5	  0.1	0.000	4.040	4.040
177	  I	  7.2	  0.0	0.000	4.197	4.197
178	  T	  8.5	  0.0	0.000	4.197	4.197
179	  T	  5.0	  0.0	0.000	4.197	4.197
180	  Q	  2.7	  0.0	0.000	4.197	4.197
181	  V	 17.9	  0.0	0.000	4.197	4.197
182	  T	 25.9	  0.0	0.000	3.567	3.567
183	  V	 26.5	  0.1	0.000	3.188	3.188
184	  T	 11.1	  0.1	0.110	1.131	1.131
185	  D	  1.9	  0.1	1.369	0.000	0.000
186	  Y	  2.0	  0.1	1.369	0.000	0.000
187	  T	  4.9	  0.0	1.369	0.000	0.000
188	  T	 17.1	  0.0	1.369	0.000	0.000
189	  Y	 16.1	  0.0	1.369	0.000	0.000
190	  C	 13.1	  0.0	1.369	0.000	0.000
191	  P	  0.2	  0.0	0.000	0.000	0.000
192	  L	  0.0	  0.1	0.000	0.000	0.000
193	  P	  0.0	  0.1	0.000	0.301	0.301
194	  T	  0.9	  0.1	0.000	27.953	27.953
195	  T	  5.5	  0.1	0.000	33.875	33.875
196	  I	 13.8	  0.0	0.000	36.001	36.001
197	  V	 16.7	  0.0	0.000	36.001	36.001
198	  V	 13.1	  0.1	0.000	36.001	36.001
199	  S	  5.5	  0.1	0.000	11.551	11.551
200	  T	  3.1	  0.1	0.000	4.114	4.114
201	  C	  2.5	  0.1	0.000	0.280	0.280
202	  D	  1.8	  0.3	0.275	0.000	0.000
203	  E	  0.2	  0.3	0.275	0.000	0.000
204	  E	  0.4	  0.4	0.275	0.000	0.000
205	  K	  1.9	  0.3	0.275	0.000	0.000
206	  C	  2.0	  0.1	0.275	0.000	0.000
207	  H	  1.7	  0.4	0.275	0.000	0.000
208	  P	  0.2	  0.4	0.000	0.000	0.000
209	  T	  0.9	  0.4	0.000	0.000	0.000
210	  T	  4.9	  0.4	0.000	0.000	0.000
211	  I	 12.7	  0.0	0.000	0.000	0.000
212	  E	 14.3	  0.0	0.000	0.000	0.000
213	  V	 11.9	  0.0	0.000	0.000	0.000
214	  S	  4.2	  0.0	0.000	0.000	0.000
215	  T	  1.4	  0.2	0.000	0.000	0.000
216	  P	  0.1	  0.2	0.000	0.000	0.000
217	  T	  1.7	  0.2	0.000	0.446	0.446
218	  T	  6.8	  0.2	0.000	0.775	0.775
219	  V	 24.2	  0.0	0.000	0.775	0.775
220	  V	 22.9	  0.0	0.000	0.775	0.775
221	  V	 18.3	  0.3	0.000	0.775	0.775
222	  P	  0.4	  0.4	0.000	0.527	0.527
223	  G	  0.0	  0.4	0.000	0.000	0.000
224	  T	  5.6	  0.4	0.000	0.000	0.000
225	  V	  9.1	  0.0	0.000	0.000	0.000
226	  V	  9.2	  0.0	0.000	0.000	0.000
227	  C	  3.7	  0.4	0.000	0.000	0.000
228	  P	  0.1	  0.4	0.000	0.000	0.000
229	  T	  2.8	  0.4	0.000	0.000	0.000
230	  T	  3.6	  0.4	0.000	0.000	0.000
231	  S	  4.2	  0.1	0.000	0.000	0.000
232	  V	  3.2	  0.0	0.000	0.000	0.000
233	  A	  2.3	  0.0	0.000	0.000	0.000
234	  T	  1.8	  0.4	0.000	0.000	0.000
235	  P	  0.1	  0.5	0.000	0.000	0.000
236	  S	  1.5	  1.0	0.000	0.000	0.000
237	  Q	  1.6	  1.1	0.000	0.000	0.000
238	  S	  1.7	  0.7	0.263	0.000	0.000
239	  E	  1.8	  0.6	0.263	0.000	0.000
240	  V	  2.7	  0.0	0.263	0.000	0.000
241	  A	  3.2	  0.0	0.263	0.000	0.000
242	  T	  1.8	  0.0	0.263	0.000	0.000
243	  K	  0.7	  0.2	0.263	0.000	0.000
244	  P	  0.2	  0.2	0.000	0.000	0.000
245	  T	  1.1	  0.2	0.000	0.000	0.000
246	  T	  6.2	  0.2	0.000	0.572	0.572
247	  I	  7.3	  0.1	0.000	1.809	1.809
248	  N	  6.5	  0.1	0.000	1.809	1.809
249	  S	  2.2	  0.1	0.000	2.830	2.830
250	  V	  3.8	  0.0	0.000	9.055	9.055
251	  V	  5.3	  0.0	0.000	9.483	9.483
252	  T	  4.5	  0.1	0.000	8.720	8.720
253	  T	  1.8	  0.1	0.000	8.261	8.261
254	  G	  0.2	  0.1	0.000	7.717	7.717
255	  V	  1.9	  0.1	0.000	7.449	7.449
256	  T	  3.5	  0.1	0.000	3.238	3.238
257	  T	  3.8	  0.1	0.000	0.774	0.774
258	  T	  2.4	  0.1	0.141	0.289	0.289
259	  D	  1.3	  0.1	1.744	0.000	0.000
260	  Y	  2.3	  0.1	1.744	0.000	0.000
261	  T	  5.2	  0.0	1.744	0.000	0.000
262	  T	 17.3	  0.0	1.744	0.000	0.000
263	  Y	 16.2	  0.0	1.744	0.000	0.000
264	  C	 13.1	  0.0	1.744	0.000	0.000
265	  P	  0.2	  0.0	0.000	0.000	0.000
266	  S	  0.0	  0.2	0.000	0.000	0.000
267	  P	  0.0	  0.3	0.000	0.301	0.301
268	  T	  0.9	  0.3	0.000	27.923	27.923
269	  T	  5.5	  0.3	0.000	33.838	33.838
270	  I	 13.8	  0.0	0.000	35.962	35.962
271	  V	 16.7	  0.0	0.000	35.962	35.962
272	  V	 13.1	  0.1	0.000	35.962	35.962
273	  S	  5.4	  0.1	0.000	11.538	11.538
274	  T	  3.1	  0.1	0.000	4.110	4.110
275	  C	  2.5	  0.1	0.000	0.280	0.280
276	  D	  1.8	  0.3	0.275	0.000	0.000
277	  E	  0.2	  0.3	0.275	0.000	0.000
278	  E	  0.4	  0.4	0.275	0.000	0.000
279	  K	  1.9	  0.3	0.275	0.000	0.000
280	  C	  2.0	  0.1	0.275	0.000	0.000
281	  H	  1.7	  0.4	0.275	0.000	0.000
282	  P	  0.2	  0.4	0.000	0.000	0.000
283	  T	  0.9	  0.4	0.000	0.000	0.000
284	  T	  4.9	  0.4	0.000	0.000	0.000
285	  I	 12.7	  0.0	0.000	0.000	0.000
286	  E	 14.3	  0.0	0.000	0.000	0.000
287	  V	 11.9	  0.0	0.000	0.000	0.000
288	  S	  4.2	  0.0	0.000	0.000	0.000
289	  T	  1.4	  0.2	0.000	0.000	0.000
290	  P	  0.1	  0.2	0.000	0.000	0.000
291	  T	  1.7	  0.2	0.000	0.446	0.446
292	  T	  6.8	  0.2	0.000	0.775	0.775
293	  V	 24.2	  0.0	0.000	0.775	0.775
294	  V	 22.9	  0.0	0.000	0.775	0.775
295	  V	 18.3	  0.3	0.000	0.775	0.775
296	  P	  0.4	  0.4	0.000	0.527	0.527
297	  G	  0.0	  0.4	0.000	0.000	0.000
298	  T	  5.4	  0.4	0.000	0.000	0.000
299	  V	 13.0	  0.0	0.000	0.000	0.000
300	  V	 13.3	  0.0	0.000	0.000	0.000
301	  H	  8.1	  0.6	0.000	0.000	0.000
302	  P	  0.3	  0.7	0.000	0.000	0.000
303	  S	  1.8	  0.9	0.000	0.000	0.000
304	  T	  2.2	  1.0	0.000	0.452	0.452
305	  S	  2.9	  0.4	0.000	1.373	1.373
306	  A	  1.8	  0.4	0.000	5.622	5.622
307	  T	  3.6	  0.1	0.000	7.992	7.992
308	  I	  7.1	  0.1	0.000	9.250	9.250
309	  I	  9.7	  0.0	0.000	9.250	9.250
310	  T	  9.1	  0.0	0.000	8.499	8.499
311	  T	  5.6	  0.0	0.000	5.793	5.793
312	  T	  2.5	  0.0	0.000	2.653	2.653
313	  A	  0.9	  0.0	0.000	1.217	1.217
314	  E	  0.4	  0.0	0.000	0.000	0.000
315	  Q	  0.1	  0.0	0.000	0.000	0.000
316	  P	  0.0	  0.0	0.000	0.000	0.000
317	  P	  0.0	  0.0	0.000	0.000	0.000
318	  A	  0.0	  0.0	0.000	0.000	0.000
319	  S	  0.0	  0.3	0.000	0.000	0.000
320	  P	  0.0	  0.3	0.000	0.000	0.000
321	  E	  2.8	  0.3	0.000	0.000	0.000
322	  V	  3.7	  0.3	0.000	0.000	0.000
323	  S	  4.1	  0.0	0.000	0.000	0.000
324	  T	  5.2	  0.0	0.000	0.000	0.000
325	  I	  4.8	  0.1	0.000	0.000	0.000
326	  E	  4.4	  0.1	0.000	0.000	0.000
327	  S	  1.4	  0.1	0.000	0.000	0.000
328	  V	  3.6	  0.1	0.000	0.000	0.000
329	  V	  6.5	  0.0	0.000	0.000	0.000
330	  T	  5.8	  0.0	0.000	0.000	0.000
331	  T	  3.1	  0.0	0.000	0.000	0.000
332	  P	  0.2	  0.1	0.000	0.000	0.000
333	  A	  0.4	  0.1	0.000	0.000	0.000
334	  T	  3.2	  0.2	0.000	0.000	0.000
335	  L	  3.3	  0.4	0.000	0.000	0.000
336	  T	  3.0	  0.3	0.000	0.000	0.000
337	  G	  0.3	  0.3	0.671	0.000	0.000
338	  Y	  1.6	  0.2	0.671	0.000	0.000
339	  T	  4.7	  0.0	0.671	0.000	0.000
340	  T	 17.6	  0.0	0.671	0.000	0.000
341	  Y	 16.5	  0.0	0.671	0.000	0.000
342	  C	 13.4	  0.0	0.671	0.000	0.000
343	  P	  0.3	  0.0	0.000	0.000	0.000
344	  E	  0.0	  0.1	0.000	0.000	0.000
345	  P	  0.0	  0.1	0.000	0.000	0.000
346	  T	  1.0	  0.1	0.000	9.056	9.056
347	  T	  5.6	  0.1	0.000	26.079	26.079
348	  I	 12.9	  0.0	0.000	37.226	37.226
349	  V	 13.2	  0.0	0.000	37.306	37.306
350	  L	  8.9	  0.0	0.000	37.306	37.306
351	  T	  3.4	  0.0	0.000	32.577	32.577
352	  T	 11.5	  0.0	0.000	19.646	19.646
353	  C	 11.4	  0.7	0.000	1.686	1.686
354	  S	  9.7	  1.7	0.000	0.000	0.000
355	  D	  0.1	  1.9	0.000	0.000	0.000
356	  D	  0.1	  2.0	0.000	0.000	0.000
357	  Q	  0.9	  1.3	0.000	0.000	0.000
358	  C	  1.0	  0.3	0.000	0.000	0.000
359	  K	  0.9	  0.2	0.000	0.000	0.000
360	  P	  0.1	  0.1	0.000	0.000	0.000
361	  H	  2.2	  0.1	0.000	0.000	0.000
362	  T	 19.7	  0.1	0.000	0.000	0.000
363	  V	 21.3	  0.0	0.000	0.000	0.000
364	  S	 19.9	  0.4	0.000	0.000	0.000
365	  A	  2.7	  0.5	0.000	0.000	0.000
366	  T	  0.7	  0.7	0.000	0.000	0.000
367	  G	  0.0	  0.9	0.000	0.000	0.000
368	  G	  0.0	  0.5	0.000	0.000	0.000
369	  E	  0.0	  0.5	0.000	0.000	0.000
370	  T	 18.2	  0.3	0.000	0.000	0.000
371	  V	 23.1	  0.1	0.000	0.000	0.000
372	  S	 23.2	  0.0	0.000	0.000	0.000
373	  I	  6.4	  0.0	0.000	0.000	0.000
374	  P	  0.1	  0.0	0.000	0.000	0.000
375	  A	  0.6	  0.0	0.000	0.598	0.598
376	  T	  5.4	  0.0	0.000	0.911	0.911
377	  I	 18.5	  0.0	0.000	0.911	0.911
378	  V	 18.3	  0.0	0.000	0.911	0.911
379	  V	 13.9	  0.2	0.000	0.911	0.911
380	  P	  0.5	  0.3	0.000	0.578	0.578
381	  S	  0.2	  0.4	0.000	0.000	0.000
382	  S	  1.3	  0.4	0.000	0.000	0.000
383	  H	  1.9	  0.3	0.000	0.000	0.000
384	  T	  3.8	  0.1	0.000	0.000	0.000
385	  T	  3.2	  0.1	0.000	0.000	0.000
386	  Q	  3.7	  0.0	0.000	0.000	0.000
387	  V	  7.1	  0.0	0.000	0.000	0.000
388	  E	  9.0	  0.0	0.000	0.000	0.000
389	  I	 23.0	  0.0	0.000	0.000	0.000
390	  T	 31.3	  0.0	0.000	0.000	0.000
391	  V	 29.3	  0.0	0.000	0.000	0.000
392	  S	 16.0	  0.1	0.000	0.000	0.000
393	  S	  3.2	  0.7	0.000	0.000	0.000
394	  A	  2.8	  0.7	0.000	0.000	0.000
395	  S	  2.9	  0.7	0.000	0.000	0.000
396	  V	  0.8	  0.7	0.000	0.000	0.000
397	  P	  0.2	  0.2	0.000	0.000	0.000
398	  A	  0.0	  0.2	0.000	0.000	0.000
399	  S	  0.1	  0.2	0.000	0.000	0.000
400	  E	  0.1	  0.2	0.000	0.000	0.000
401	  K	  0.1	  0.2	0.000	0.000	0.000
402	  P	  0.0	  0.1	0.000	0.000	0.000
403	  T	  0.1	  0.1	0.000	0.000	0.000
404	  T	  0.1	  0.1	0.000	0.000	0.000
405	  P	  0.1	  0.0	0.000	0.360	0.360
406	  V	 18.5	  0.0	0.000	35.711	35.711
407	  T	 21.7	  0.0	0.243	38.399	38.399
408	  V	 22.7	  0.0	0.243	38.895	38.895
409	  A	  4.8	  0.0	0.243	38.895	38.895
410	  A	  1.5	  0.0	0.243	38.895	38.895
411	  V	  1.9	  0.1	0.243	36.509	36.509
412	  S	  3.3	  0.1	0.243	4.865	4.865
413	  S	  2.9	  0.1	0.000	0.453	0.453
414	  S	  1.7	  0.2	0.000	0.000	0.000
415	  P	  0.0	  0.1	0.000	0.000	0.000
416	  A	  0.5	  0.1	0.000	0.000	0.000
417	  V	  1.4	  0.2	0.000	0.000	0.000
418	  S	  1.6	  0.1	0.000	0.000	0.000
419	  T	  1.3	  0.1	0.000	0.000	0.000
420	  E	  0.4	  0.1	0.000	0.000	0.000
421	  T	  0.2	  0.5	0.000	0.000	0.000
422	  P	  0.0	  0.5	0.000	0.000	0.000
423	  S	  0.4	  0.5	0.000	0.000	0.000
424	  L	  1.0	  0.5	0.000	0.000	0.000
425	  V	  1.6	  0.0	0.000	0.000	0.000
426	  T	  1.2	  0.0	0.000	0.000	0.000
427	  P	  0.6	  0.0	0.000	0.000	0.000
428	  A	  0.4	  0.0	0.000	1.337	1.337
429	  I	  3.0	  0.0	0.000	2.079	2.079
430	  S	  3.3	  0.0	0.230	2.079	2.079
431	  I	  4.1	  0.2	0.230	2.595	2.595
432	  A	  1.5	  0.3	0.230	2.595	2.595
433	  G	  1.2	  0.3	0.501	1.887	1.887
434	  A	  0.1	  0.3	0.501	2.037	2.037
435	  A	  0.2	  0.1	0.501	2.214	2.214
436	  A	  0.4	  0.0	0.396	2.214	2.214
437	  V	 13.0	  0.0	0.396	2.214	2.214
438	  N	 15.7	  0.0	0.396	0.808	0.808
439	  V	 15.9	  0.0	0.000	0.808	0.808
440	  V	  4.0	  0.0	0.000	0.000	0.000
441	  P	  0.5	  0.0	0.000	0.102	0.102
442	  T	  0.6	  0.0	0.000	8.274	8.274
443	  T	  1.4	  0.2	0.325	21.844	21.844
444	  A	  1.5	  0.2	0.325	44.374	44.374
445	  F	  1.0	  0.3	0.325	70.943	70.943
446	  G	  0.3	  0.3	4.715	72.994	72.994
447	  L	  0.5	  0.1	4.715	95.672	95.672
448	  F	  1.2	  0.1	4.815	99.406	99.406
449	  A	  1.8	  0.0	4.815	99.583	99.583
450	  I	  7.0	  0.0	4.815	99.698	99.698
451	  I	  6.9	  0.0	4.815	99.383	99.383
452	  L	  6.4	  0.0	4.815	94.443	94.443
453	  A	  1.3	  0.0	4.424	64.827	64.827
454	  S	  1.1	  0.0	3.434	39.646	39.646
455	  I	  1.0	  0.0	0.225	38.311	38.311
456	  F	  0.6	  0.0	0.225	0.017	0.017
