res	aa	Beta	Turn	Helix	Aggregation	Conc-Stab_Aggregation
01	  M	  0.4	  0.1	0.000	0.000	0.000
02	  S	  1.3	  1.2	0.000	0.000	0.000
03	  S	  1.4	  1.2	0.000	0.000	0.000
04	  S	  1.0	  1.2	0.000	0.000	0.000
05	  N	  0.1	  2.3	0.000	0.000	0.000
06	  P	  0.0	  1.3	0.000	0.000	0.000
07	  S	  2.6	  1.3	0.000	7.002	7.002
08	  I	 15.3	  1.3	0.000	15.260	15.260
09	  T	 17.3	  0.0	0.000	15.533	15.533
10	  I	 16.4	  0.0	0.000	15.985	15.985
11	  I	  3.9	  0.6	0.000	15.985	15.985
12	  G	  1.7	  0.7	0.000	9.918	9.918
13	  S	  2.8	  1.4	0.000	4.967	4.967
14	  L	  4.4	  1.4	0.000	4.417	4.417
15	  N	  5.0	  1.0	0.000	0.170	0.170
16	  Y	  3.2	  1.0	0.000	0.170	0.170
17	  D	  1.6	  0.3	0.164	0.000	0.000
18	  L	  1.2	  0.3	0.164	12.266	12.266
19	  V	  8.1	  0.0	0.164	12.266	12.266
20	  T	 25.8	  0.0	0.164	12.266	12.266
21	  Y	 27.1	  0.1	0.164	12.266	12.266
22	  T	 20.2	  0.1	0.164	12.266	12.266
23	  N	  2.1	  0.1	0.164	0.475	0.475
24	  K	  0.5	  0.1	0.164	0.000	0.000
25	  V	  0.3	  0.4	0.000	0.000	0.000
26	  P	  0.2	  0.5	0.000	0.000	0.000
27	  Q	  0.0	  0.8	0.000	0.000	0.000
28	  G	  0.0	  0.8	0.000	0.000	0.000
29	  G	  0.0	  0.5	0.000	0.000	0.000
30	  E	  0.0	  0.3	0.000	0.000	0.000
31	  T	  0.0	  0.0	0.000	0.000	0.000
32	  Y	  0.0	  0.0	0.000	0.000	0.000
33	  Q	  0.0	  0.0	-1.#IO	0.000	0.000
34	  A	  0.0	  0.0	-1.#IO	0.000	0.000
35	  N	  0.0	  0.0	-1.#IO	0.000	0.000
36	  S	  0.0	  0.0	-1.#IO	0.000	0.000
37	  F	  0.0	  0.0	-1.#IO	0.000	0.000
38	  E	  0.0	  0.0	-1.#IO	0.000	0.000
39	  T	  0.0	  0.0	-1.#IO	0.000	0.000
40	  H	  0.0	  0.0	-1.#IO	0.000	0.000
41	  V	  0.0	  0.0	-1.#IO	0.000	0.000
42	  G	  0.0	  0.0	-1.#IO	0.000	0.000
43	  G	  0.0	  0.0	-1.#IO	0.000	0.000
44	  K	  0.0	  0.0	-1.#IO	0.000	0.000
45	  G	  0.0	  0.0	-1.#IO	0.000	0.000
46	  L	  0.0	  0.0	0.000	0.000	0.000
47	  N	  0.0	  0.0	0.000	0.000	0.000
48	  E	  0.0	  0.0	0.000	0.000	0.000
49	  S	  0.3	  0.0	0.683	1.863	1.863
50	  I	  3.7	  0.0	0.683	1.863	1.863
51	  A	  4.0	  0.0	0.683	1.863	1.863
52	  V	  4.4	  0.0	0.683	1.863	1.863
53	  A	  1.3	  0.0	0.683	1.863	1.863
54	  K	  3.9	  0.0	0.683	0.000	0.000
55	  L	  3.4	  0.0	0.299	0.000	0.000
56	  T	  3.2	  0.3	0.000	0.000	0.000
57	  P	  0.2	  0.5	0.000	0.000	0.000
58	  K	  0.1	  0.5	0.000	0.000	0.000
59	  N	  0.3	  0.5	0.121	0.000	0.000
60	  S	  0.9	  0.3	0.121	0.171	0.171
61	  V	  4.6	  0.0	0.121	0.970	0.970
62	  L	  4.7	  0.0	0.121	0.970	0.970
63	  L	  4.5	  0.1	0.121	0.970	0.970
64	  S	  1.0	  0.2	0.121	0.970	0.970
65	  S	  1.2	  0.2	0.000	0.798	0.798
66	  T	  2.6	  0.2	0.000	0.392	0.392
67	  T	  3.9	  0.1	0.000	0.147	0.147
68	  T	  4.8	  0.1	0.000	0.000	0.000
69	  T	  4.8	  0.1	0.000	0.000	0.000
70	  T	  4.7	  0.1	0.000	0.000	0.000
71	  T	  5.7	  0.2	0.000	0.000	0.000
72	  T	  4.2	  0.4	0.000	0.000	0.000
73	  S	  2.7	  4.6	0.000	0.000	0.000
74	  G	  0.1	  4.9	0.000	0.000	0.000
75	  D	  0.0	  6.7	0.000	0.000	0.000
76	  G	  0.0	  6.8	1.065	0.000	0.000
77	  D	  0.0	  2.6	1.249	0.000	0.000
78	  G	  0.0	  2.3	1.609	0.000	0.000
79	  A	  0.4	  0.3	1.609	0.000	0.000
80	  I	  4.9	  0.0	1.609	0.000	0.000
81	  R	  5.5	  0.0	1.609	0.000	0.000
82	  M	  5.2	  0.2	1.609	0.000	0.000
83	  V	  1.0	  0.2	0.886	0.000	0.000
84	  G	  0.3	  0.2	0.886	0.000	0.000
85	  K	  0.3	  0.2	0.457	0.000	0.000
86	  I	  0.3	  2.3	0.000	0.000	0.000
87	  G	  0.2	  2.5	0.000	0.000	0.000
88	  D	  0.0	  3.1	0.000	0.000	0.000
89	  D	  0.5	  3.3	0.000	0.000	0.000
90	  S	  1.2	  1.5	0.000	0.000	0.000
91	  F	  1.3	  1.3	0.000	0.000	0.000
92	  G	  0.8	  0.8	1.853	0.000	0.000
93	  Q	  0.4	  0.6	1.853	0.000	0.000
94	  Q	  1.2	  0.2	1.958	0.000	0.000
95	  L	  1.3	  0.2	1.958	0.000	0.000
96	  K	  1.2	  0.2	1.958	0.000	0.000
97	  Q	  1.4	  0.1	1.958	0.000	0.000
98	  F	  2.0	  0.1	1.541	0.000	0.000
99	  L	  2.2	  0.0	1.163	0.000	0.000
100	  I	  1.3	  0.1	1.163	0.000	0.000
101	  D	  0.5	  0.1	1.163	0.000	0.000
102	  N	  0.2	  0.1	0.800	0.000	0.000
103	  K	  1.7	  0.1	0.485	0.000	0.000
104	  V	 13.6	  0.0	0.000	0.000	0.000
105	  N	 14.5	  0.4	0.000	0.000	0.000
106	  V	 13.7	  0.5	0.000	0.000	0.000
107	  D	  2.0	  0.5	0.000	0.000	0.000
108	  H	  2.1	  0.5	0.000	0.000	0.000
109	  V	  3.0	  0.0	0.000	0.000	0.000
110	  H	  5.3	  0.0	0.000	0.000	0.000
111	  T	  9.3	  0.1	0.000	0.000	0.000
112	  V	  8.4	  0.1	0.000	0.000	0.000
113	  N	  6.0	  0.1	0.000	0.000	0.000
114	  N	  0.7	  0.2	0.000	0.000	0.000
115	  Q	  0.2	  0.2	0.000	0.019	0.019
116	  T	  0.2	  0.4	0.000	0.596	0.596
117	  S	  0.2	  0.4	0.000	1.554	1.554
118	  G	  0.3	  0.3	0.000	9.204	9.204
119	  V	  6.7	  0.2	0.000	88.770	88.770
120	  A	  7.6	  0.0	0.000	94.264	94.264
121	  V	 14.4	  0.0	0.000	94.264	94.264
122	  I	 10.9	  0.0	0.000	94.264	94.264
123	  L	 10.0	  0.0	0.000	93.685	93.685
124	  V	  3.7	  0.0	0.000	79.256	79.256
125	  E	  0.7	  0.1	0.000	0.000	0.000
126	  E	  0.5	  0.2	0.000	0.000	0.000
127	  E	  0.0	  0.3	0.000	0.000	0.000
128	  T	  0.1	  0.5	0.000	0.000	0.000
129	  G	  0.0	  0.9	0.000	0.000	0.000
130	  E	  0.0	  0.7	0.000	0.000	0.000
131	  N	  0.2	  0.6	0.000	0.000	0.000
132	  R	  3.0	  0.4	0.000	0.000	0.000
133	  I	  5.1	  0.0	0.000	1.738	1.738
134	  L	  5.3	  0.0	0.000	1.738	1.738
135	  I	  4.8	  0.0	0.000	1.738	1.738
136	  T	  2.7	  0.3	0.000	1.738	1.738
137	  S	  2.4	  0.9	0.000	1.738	1.738
138	  G	  0.1	  2.2	0.000	0.248	0.248
139	  A	  0.0	  3.7	0.000	0.114	0.114
140	  N	  0.0	  3.5	0.000	0.000	0.000
141	  G	  0.0	  3.0	0.000	0.000	0.000
142	  E	  1.2	  1.7	0.000	0.000	0.000
143	  L	  2.5	  0.2	0.000	0.000	0.000
144	  K	  3.0	  0.3	0.000	0.000	0.000
145	  L	  1.9	  0.4	0.000	0.000	0.000
146	  D	  0.7	  0.5	1.985	0.000	0.000
147	  D	  0.1	  0.6	3.615	0.000	0.000
148	  K	  0.2	  0.3	4.222	0.000	0.000
149	  E	  1.0	  0.2	4.429	0.000	0.000
150	  Y	  2.1	  0.3	4.429	0.000	0.000
151	  E	  2.0	  0.2	4.429	0.000	0.000
152	  S	  1.7	  0.2	4.188	0.000	0.000
153	  I	  0.6	  0.2	3.808	0.000	0.000
154	  F	  0.6	  0.1	3.808	0.000	0.000
155	  P	  0.1	  0.2	0.000	0.000	0.000
156	  K	  0.9	  0.3	0.000	0.000	0.000
157	  T	  0.9	  0.4	0.000	0.000	0.000
158	  T	  1.1	  0.5	0.000	0.000	0.000
159	  G	  0.2	  0.4	0.000	0.000	0.000
160	  S	  3.0	  0.4	0.000	0.000	0.000
161	  I	  6.3	  0.2	0.000	0.000	0.000
162	  T	  7.8	  0.0	0.000	0.000	0.000
163	  T	  7.6	  0.0	0.000	0.000	0.000
164	  T	  4.8	  0.2	0.000	0.000	0.000
165	  K	  3.1	  0.6	0.000	0.000	0.000
166	  E	  0.6	  0.9	0.000	0.000	0.000
167	  G	  0.0	  1.4	0.000	0.000	0.000
168	  E	  0.0	  2.4	0.000	0.000	0.000
169	  G	  0.0	  2.1	0.000	0.235	0.235
170	  G	  0.0	  1.7	0.000	2.920	2.920
171	  Y	  0.9	  1.3	0.000	73.586	73.586
172	  L	  2.8	  0.1	0.000	93.208	93.208
173	  S	  3.6	  0.1	0.107	96.118	96.118
174	  F	  4.8	  0.1	0.107	96.538	96.538
175	  V	  9.9	  0.0	0.107	96.538	96.538
176	  I	 10.4	  0.0	0.107	95.621	95.621
177	  L	  8.6	  0.1	0.107	82.174	82.174
178	  Q	  1.7	  0.1	0.107	1.877	1.877
179	  N	  0.4	  0.1	0.000	0.069	0.069
180	  E	  0.2	  0.1	0.000	0.000	0.000
181	  Y	  0.2	  0.6	0.000	0.000	0.000
182	  P	  0.1	  0.6	0.000	0.000	0.000
183	  D	  0.4	  0.6	0.000	0.000	0.000
184	  T	 15.3	  0.6	0.000	0.000	0.000
185	  V	 17.6	  0.1	0.000	0.000	0.000
186	  K	 17.5	  0.0	0.000	0.000	0.000
187	  S	  6.0	  0.3	0.092	0.000	0.000
188	  I	  6.3	  0.3	0.092	0.000	0.000
189	  N	  6.5	  0.3	0.377	0.000	0.000
190	  W	  4.2	  0.3	0.377	0.000	0.000
191	  I	  2.5	  0.1	0.377	0.000	0.000
192	  K	  1.9	  0.3	0.377	0.000	0.000
193	  S	  1.3	  0.3	0.285	0.000	0.000
194	  N	  0.1	  0.3	0.285	0.000	0.000
195	  R	  0.0	  0.4	0.000	0.000	0.000
196	  P	  0.0	  0.2	0.000	0.000	0.000
197	  Q	  0.8	  0.2	0.000	0.000	0.000
198	  L	  4.4	  0.2	0.000	0.521	0.521
199	  N	  4.7	  0.0	0.000	0.521	0.521
200	  I	  5.7	  0.0	0.000	0.521	0.521
201	  A	  2.4	  0.0	0.000	0.521	0.521
202	  Y	  2.3	  0.0	0.000	0.521	0.521
203	  N	  0.6	  0.0	0.000	0.000	0.000
204	  P	  0.2	  0.0	0.000	0.000	0.000
205	  S	  0.0	  0.2	0.000	0.000	0.000
206	  P	  0.0	  0.2	0.000	0.000	0.000
207	  F	  1.0	  0.3	0.000	0.000	0.000
208	  K	  1.2	  0.3	0.000	0.000	0.000
209	  S	  1.2	  0.2	0.290	0.000	0.000
210	  E	  0.3	  0.2	0.290	0.000	0.000
211	  L	  0.4	  0.1	0.290	0.391	0.391
212	  I	  2.8	  0.1	0.900	0.391	0.391
213	  T	  3.4	  0.1	3.163	0.391	0.391
214	  K	  3.1	  0.1	3.163	0.391	0.391
215	  E	  0.8	  0.1	3.163	0.391	0.391
216	  L	  0.5	  0.1	3.163	14.539	14.539
217	  L	  0.7	  0.1	3.163	14.889	14.889
218	  S	  1.0	  0.0	5.102	14.773	14.773
219	  K	  1.7	  0.1	4.058	16.148	16.148
220	  I	  4.0	  0.1	2.657	16.148	16.148
221	  D	  3.7	  0.1	2.881	16.148	16.148
222	  L	  3.4	  0.1	2.445	17.839	17.839
223	  L	  2.1	  0.0	2.445	17.839	17.839
224	  I	  3.2	  0.0	1.443	17.644	17.644
225	  V	  2.6	  0.0	1.443	15.207	15.207
226	  N	  1.3	  1.0	2.021	2.146	2.146
227	  E	  0.2	  1.2	0.923	0.000	0.000
228	  G	  0.0	  1.2	0.709	0.000	0.000
229	  E	  0.1	  1.2	0.709	0.000	0.000
230	  A	  0.2	  0.2	0.709	0.000	0.000
231	  L	  2.2	  0.0	0.709	0.000	0.000
232	  D	  2.4	  0.0	1.170	0.000	0.000
233	  V	  3.0	  0.2	0.803	0.000	0.000
234	  A	  1.0	  0.2	0.803	0.000	0.000
235	  N	  0.8	  0.2	0.877	0.000	0.000
236	  H	  0.6	  0.2	0.761	0.000	0.000
237	  L	  0.8	  0.0	0.652	0.000	0.000
238	  L	  0.9	  0.2	0.652	0.000	0.000
239	  K	  0.4	  0.2	0.526	0.000	0.000
240	  N	  0.3	  0.4	0.306	0.000	0.000
241	  S	  0.5	  0.4	0.000	0.000	0.000
242	  H	  0.8	  0.3	0.000	0.000	0.000
243	  Q	  0.9	  0.5	0.000	0.000	0.000
244	  Q	  0.6	  0.3	0.000	0.000	0.000
245	  D	  0.4	  0.3	0.506	0.000	0.000
246	  L	  0.7	  0.2	0.506	0.000	0.000
247	  I	  0.9	  0.0	0.506	0.000	0.000
248	  D	  0.8	  0.0	0.506	0.000	0.000
249	  K	  1.8	  0.0	0.506	0.000	0.000
250	  I	  3.1	  0.0	0.506	0.000	0.000
251	  N	  3.5	  0.0	0.715	0.000	0.000
252	  Q	  3.2	  0.0	0.457	0.000	0.000
253	  I	  2.0	  0.0	0.208	0.000	0.000
254	  N	  1.6	  1.4	0.208	0.000	0.000
255	  K	  0.4	  1.6	0.208	0.000	0.000
256	  S	  0.1	  1.6	0.208	0.000	0.000
257	  N	  2.0	  1.6	0.000	0.000	0.000
258	  V	  3.8	  0.2	0.000	0.000	0.000
259	  T	  4.5	  0.1	0.000	0.000	0.000
260	  N	  2.7	  0.6	0.000	0.000	0.000
261	  S	  1.0	  0.8	0.000	0.000	0.000
262	  T	  0.2	  2.8	0.000	0.000	0.000
263	  G	  0.1	  3.0	0.000	0.000	0.000
264	  D	  0.0	  2.5	0.061	0.000	0.000
265	  N	  0.1	  2.4	0.061	0.000	0.000
266	  H	  2.0	  0.3	0.119	0.000	0.000
267	  T	  4.9	  0.0	0.499	15.765	15.765
268	  V	  9.5	  0.0	0.727	42.188	42.188
269	  L	  7.7	  0.0	0.862	44.149	44.149
270	  V	 19.0	  0.0	1.049	44.445	44.445
271	  E	 15.3	  0.0	1.551	44.445	44.445
272	  V	 18.0	  0.0	1.682	45.076	45.076
273	  F	  5.9	  0.1	2.386	45.128	45.128
274	  S	  4.4	  0.1	13.763	45.128	45.128
275	  K	  1.7	  0.1	14.604	45.128	45.128
276	  L	  0.6	  0.1	15.489	44.004	44.004
277	  A	  0.6	  0.0	16.013	37.535	37.535
278	  I	  2.4	  0.0	17.532	34.733	34.733
279	  E	  2.4	  0.0	21.351	2.300	2.300
280	  L	  2.4	  0.0	21.287	2.300	2.300
281	  Q	  0.6	  0.1	21.141	1.616	1.616
282	  K	  0.7	  0.0	19.727	1.616	1.616
283	  L	  1.2	  0.0	18.501	1.616	1.616
284	  I	  1.1	  0.0	18.120	1.493	1.493
285	  N	  0.8	  8.2	18.222	0.000	0.000
286	  P	  0.2	  8.3	0.102	0.000	0.000
287	  D	  0.0	  8.3	0.102	0.000	0.000
288	  N	  0.5	  8.3	0.200	1.040	1.040
289	  I	  1.4	  0.1	0.200	26.782	26.782
290	  Q	  1.7	  0.0	0.200	31.202	31.202
291	  I	  7.7	  0.0	0.098	93.046	93.046
292	  I	 13.3	  0.0	0.098	96.064	96.064
293	  V	 16.3	  0.0	0.098	96.073	96.073
294	  I	 19.3	  0.0	0.098	95.255	95.255
295	  T	 12.9	  0.2	0.098	83.986	83.986
296	  M	  9.6	  0.4	0.098	50.058	50.058
297	  G	  0.3	  0.6	0.098	5.557	5.557
298	  S	  0.1	  1.5	0.000	0.618	0.618
299	  K	  0.1	  1.4	0.000	0.000	0.000
300	  G	  0.1	  1.2	0.000	0.000	0.000
301	  S	  0.3	  1.0	0.502	0.555	0.555
302	  I	  1.3	  0.1	0.783	0.555	0.555
303	  Y	  2.8	  0.0	0.783	0.555	0.555
304	  I	  3.0	  0.0	0.783	0.555	0.555
305	  A	  2.1	  0.2	0.783	0.555	0.555
306	  K	  0.6	  0.3	0.783	0.000	0.000
307	  N	  0.1	  0.7	0.630	0.000	0.000
308	  S	  0.1	  1.1	0.000	0.000	0.000
309	  G	  0.0	  1.0	0.000	0.000	0.000
310	  G	  0.0	  1.1	0.000	0.000	0.000
311	  G	  0.0	  0.9	0.000	0.000	0.000
312	  G	  0.0	  0.6	0.000	0.000	0.000
313	  G	  0.0	  0.6	0.000	0.000	0.000
314	  G	  0.0	  0.6	0.000	0.000	0.000
315	  G	  0.0	  0.7	0.000	0.000	0.000
316	  G	  0.0	  0.6	0.000	0.000	0.000
317	  S	  0.3	  0.5	0.000	0.000	0.000
318	  Q	  0.6	  0.4	0.000	0.000	0.000
319	  T	  0.7	  0.1	0.000	0.000	0.000
320	  T	  0.4	  0.4	0.000	0.000	0.000
321	  P	  0.2	  0.3	0.000	0.000	0.000
322	  Q	  0.5	  0.3	0.000	0.000	0.000
323	  F	  1.7	  0.3	0.000	0.000	0.000
324	  I	  3.0	  0.1	0.000	0.000	0.000
325	  K	  2.6	  0.1	0.000	0.000	0.000
326	  S	  1.5	  0.1	0.000	0.000	0.000
327	  R	  0.8	  0.1	0.000	0.000	0.000
328	  K	  7.3	  0.1	0.000	0.000	0.000
329	  V	  8.2	  0.1	0.000	0.178	0.178
330	  E	  7.7	  0.0	0.000	0.178	0.178
331	  K	  3.2	  0.0	0.000	0.178	0.178
332	  V	  6.6	  0.0	0.000	0.178	0.178
333	  I	  7.8	  0.0	0.000	0.178	0.178
334	  D	  6.0	  0.2	0.000	0.000	0.000
335	  T	  1.6	  0.3	0.000	0.000	0.000
336	  T	  0.3	  0.7	0.000	0.000	0.000
337	  G	  0.1	  1.1	0.000	0.000	0.000
338	  A	  0.0	  3.1	0.000	0.000	0.000
339	  G	  0.0	  3.0	0.000	0.000	0.000
340	  D	  1.6	  2.7	0.000	0.000	0.000
341	  T	  8.0	  2.2	0.000	22.118	22.118
342	  F	  8.8	  0.2	0.000	58.764	58.764
343	  F	  7.4	  0.5	0.000	62.668	62.668
344	  G	  1.1	  0.5	0.000	62.668	62.668
345	  A	  0.7	  0.5	0.000	62.977	62.977
346	  I	  3.6	  0.4	0.000	63.268	63.268
347	  V	  3.8	  0.1	0.000	60.991	60.991
348	  S	  3.2	  0.1	0.633	30.331	30.331
349	  N	  0.3	  0.1	1.264	26.492	26.492
350	  L	  0.3	  0.3	1.264	26.353	26.353
351	  A	  0.4	  0.3	1.264	25.287	25.287
352	  L	  0.4	  0.4	1.264	24.385	24.385
353	  G	  0.1	  0.5	1.264	1.965	1.965
354	  K	  0.4	  0.4	0.961	0.000	0.000
355	  S	  3.2	  0.7	0.306	0.000	0.000
356	  I	  6.0	  0.5	0.306	0.256	0.256
357	  D	  5.7	  0.4	2.397	0.256	0.256
358	  Y	  3.7	  0.4	2.397	0.256	0.256
359	  A	  1.3	  0.0	2.397	0.256	0.256
360	  I	  4.1	  0.0	2.397	0.256	0.256
361	  K	  3.8	  0.0	2.397	0.256	0.256
362	  F	  3.6	  0.0	2.298	0.256	0.256
363	  A	  0.9	  0.0	1.202	0.118	0.118
364	  T	  1.0	  0.0	0.000	0.000	0.000
365	  T	  3.3	  0.2	0.000	0.000	0.000
366	  A	  3.3	  0.3	0.000	0.000	0.000
367	  S	  2.8	  0.3	1.136	0.000	0.000
368	  S	  1.7	  0.3	1.262	0.000	0.000
369	  L	  5.1	  0.2	1.262	0.000	0.000
370	  T	  9.0	  0.0	1.679	0.000	0.000
371	  I	  7.7	  0.0	1.679	0.000	0.000
372	  Q	  4.3	  0.1	1.679	0.000	0.000
373	  K	  0.3	  0.5	1.041	0.000	0.000
374	  K	  0.2	  0.5	0.850	0.000	0.000
375	  G	  0.1	  0.5	0.532	0.000	0.000
376	  A	  0.1	  0.7	0.138	0.000	0.000
377	  A	  0.1	  0.6	0.000	0.000	0.000
378	  E	  0.0	  0.5	0.000	0.000	0.000
379	  G	  0.0	  0.5	0.000	0.000	0.000
380	  I	  0.0	  0.8	0.000	0.000	0.000
381	  P	  0.0	  0.5	0.000	0.000	0.000
382	  S	  6.8	  0.5	0.000	0.000	0.000
383	  Y	  7.4	  0.7	0.000	0.000	0.000
384	  E	  7.4	  0.1	0.000	0.000	0.000
385	  E	  1.1	  0.1	0.000	0.000	0.000
386	  V	  2.0	  0.1	0.000	0.000	0.000
387	  M	  3.6	  0.0	0.000	0.000	0.000
388	  E	  3.3	  0.0	0.000	0.000	0.000
389	  I	  1.9	  0.0	0.000	0.000	0.000
390	  L	  0.2	  0.0	0.000	0.000	0.000
