res	aa	Beta	Turn	Helix	Aggregation	Conc-Stab_Aggregation
01	  M	  0.5	  0.0	0.000	0.000	0.000
02	  F	  6.7	  0.0	0.000	0.000	0.000
03	  S	 25.9	  0.2	0.097	0.000	0.000
04	  Y	 26.9	  0.2	0.097	0.000	0.000
05	  S	 22.1	  0.2	2.285	0.000	0.000
06	  Q	  2.1	  0.2	2.285	0.000	0.000
07	  A	  0.5	  0.1	2.395	0.000	0.000
08	  I	  3.4	  0.0	2.395	0.000	0.000
09	  R	  4.1	  0.0	2.395	0.000	0.000
10	  F	  5.0	  0.0	2.395	96.634	96.634
11	  I	  4.0	  0.0	1.750	97.217	97.217
12	  I	  4.5	  0.0	1.750	97.272	97.272
13	  F	  4.7	  0.0	1.750	97.272	97.272
14	  L	  2.8	  0.0	1.516	97.272	97.272
15	  L	  1.5	  0.0	1.267	8.192	8.192
16	  P	  0.1	  0.0	0.000	4.700	4.700
17	  I	  1.4	  0.0	0.000	0.647	0.647
18	  C	  1.6	  0.0	0.097	0.647	0.647
19	  L	  5.0	  0.0	0.097	0.647	0.647
20	  T	 16.5	  0.0	0.097	0.647	0.647
21	  F	 17.8	  0.0	0.097	0.647	0.647
22	  K	 19.0	  0.0	0.097	0.000	0.000
23	  I	  7.1	  0.0	0.097	0.000	0.000
24	  T	  5.1	  0.2	0.179	0.000	0.000
25	  E	  0.5	  0.2	0.179	0.000	0.000
26	  N	  0.2	  0.2	0.806	0.000	0.000
27	  R	 12.3	  0.2	0.709	0.000	0.000
28	  I	 12.7	  0.1	0.709	0.000	0.000
29	  D	 12.5	  0.8	1.515	0.000	0.000
30	  R	  0.4	  0.8	1.434	0.000	0.000
31	  G	  0.0	  0.8	1.434	0.000	0.000
32	  K	  0.7	  0.8	1.056	0.000	0.000
33	  L	  2.4	  0.1	0.807	0.000	0.000
34	  N	  4.8	  0.1	0.807	0.000	0.000
35	  F	  9.2	  0.0	0.807	0.000	0.000
36	  E	  8.1	  0.0	0.108	0.000	0.000
37	  I	  5.7	  0.1	0.000	0.000	0.000
38	  Q	  0.7	  0.1	0.000	0.000	0.000
39	  D	  1.2	  0.1	0.000	0.000	0.000
40	  I	 14.0	  0.1	0.000	0.000	0.000
41	  T	 23.7	  0.0	0.000	0.000	0.000
42	  I	 23.7	  0.1	0.000	0.000	0.000
43	  K	 12.1	  0.3	0.000	0.000	0.000
44	  S	  1.2	  0.6	0.000	0.845	0.845
45	  G	  0.1	  0.6	0.000	8.153	8.153
46	  A	  0.2	  0.5	0.000	22.617	22.617
47	  F	  1.8	  0.4	0.000	38.379	38.379
48	  W	  3.7	  0.1	0.000	38.379	38.379
49	  S	  4.1	  0.1	0.000	38.379	38.379
50	  I	  3.4	  0.1	0.000	38.379	38.379
51	  V	  1.9	  0.1	0.000	36.719	36.719
52	  D	  1.3	  0.2	0.000	0.000	0.000
53	  N	  0.7	  0.3	0.000	0.000	0.000
54	  S	  0.7	  0.2	0.361	0.780	0.780
55	  I	  1.4	  0.2	0.361	17.635	17.635
56	  C	  3.9	  0.0	0.361	18.006	18.006
57	  T	  9.7	  0.0	0.361	20.179	20.179
58	  F	  9.8	  0.2	0.361	23.791	23.791
59	  F	  7.3	  2.8	0.361	24.034	24.034
60	  G	  1.0	  2.8	0.000	12.987	12.987
61	  S	  0.3	  2.8	0.000	12.043	12.043
62	  L	  1.1	  2.6	0.000	11.924	11.924
63	  M	  1.7	  0.0	0.000	10.499	10.499
64	  V	  2.3	  0.0	0.000	9.762	9.762
65	  E	  1.3	  0.1	0.000	0.000	0.000
66	  P	  0.7	  0.2	0.000	0.000	0.000
67	  Q	  0.2	  0.3	0.000	0.000	0.000
68	  A	  0.6	  0.3	0.000	1.796	1.796
69	  S	  0.9	  0.2	0.000	2.032	2.032
70	  L	  1.3	  0.2	0.000	2.270	2.270
71	  Y	  2.5	  0.1	0.000	2.270	2.270
72	  V	  3.4	  0.1	0.000	2.270	2.270
73	  S	  3.1	  0.2	0.000	0.674	0.674
74	  S	  5.1	  0.2	0.000	0.239	0.239
75	  T	  3.9	  0.2	0.000	0.006	0.006
76	  S	  3.6	  0.1	1.207	0.000	0.000
77	  P	  0.1	  0.0	1.207	1.019	1.019
78	  I	  0.8	  0.0	1.207	82.718	82.718
79	  L	  1.1	  0.0	1.207	89.823	89.823
80	  A	  1.3	  0.0	1.207	91.056	91.056
81	  L	  1.3	  0.0	1.207	92.512	92.512
82	  Q	  1.1	  0.0	0.836	92.765	92.765
83	  V	  2.6	  0.0	0.356	98.804	98.804
84	  A	  2.2	  0.0	0.356	99.298	99.298
85	  F	  3.5	  0.0	0.219	99.875	99.875
86	  V	  5.3	  0.0	0.000	99.863	99.863
87	  S	  5.2	  0.0	0.000	99.199	99.199
88	  I	  4.8	  0.0	0.000	99.136	99.136
89	  L	  1.4	  0.0	0.000	98.107	98.107
90	  G	  1.2	  0.0	0.000	92.149	92.149
91	  V	  3.1	  0.0	0.000	91.612	91.612
92	  F	  3.9	  0.1	0.000	85.110	85.110
93	  H	  4.1	  0.1	0.000	0.925	0.925
94	  N	  1.1	  0.4	0.000	0.037	0.037
95	  Q	  0.2	  0.6	0.000	0.001	0.001
96	  G	  0.0	  0.5	0.000	0.000	0.000
97	  N	  2.1	  0.4	0.000	0.000	0.000
98	  I	 16.9	  0.2	0.000	0.000	0.000
99	  T	 23.0	  0.0	0.000	0.000	0.000
100	  F	 21.6	  0.1	0.000	0.000	0.000
101	  D	  7.3	  1.4	0.000	0.000	0.000
102	  S	  0.8	  1.5	0.000	0.000	0.000
103	  S	  2.8	  2.4	0.000	0.000	0.000
104	  A	  3.2	  2.4	0.000	0.000	0.000
105	  S	  4.7	  1.1	0.000	0.000	0.000
106	  L	  2.4	  1.1	0.000	0.000	0.000
107	  T	  2.3	  0.1	0.104	0.000	0.000
108	  S	  1.3	  0.2	0.182	0.000	0.000
109	  A	  1.6	  0.2	0.182	0.000	0.000
110	  T	 12.5	  0.2	0.182	0.000	0.000
111	  Y	 16.9	  0.1	0.182	0.000	0.000
112	  R	 20.5	  0.0	0.182	0.000	0.000
113	  I	 13.2	  0.0	0.078	0.873	0.873
114	  I	  9.3	  0.0	0.078	0.873	0.873
115	  T	  5.6	  0.1	0.078	0.873	0.873
116	  S	  2.9	  0.1	0.078	0.873	0.873
117	  T	 12.8	  0.1	0.000	0.873	0.873
118	  F	 12.9	  0.2	0.000	0.873	0.873
119	  R	 12.5	  0.2	0.000	0.000	0.000
120	  N	  1.0	  0.5	0.000	0.000	0.000
121	  T	  0.2	  0.8	0.000	0.000	0.000
122	  G	  0.1	  0.6	0.000	0.000	0.000
123	  R	  0.7	  0.6	0.000	0.000	0.000
124	  M	  1.3	  0.3	0.000	0.546	0.546
125	  F	  3.3	  0.0	0.000	0.546	0.546
126	  F	  6.6	  0.0	0.000	0.546	0.546
127	  S	  8.7	  3.3	0.207	0.546	0.546
128	  A	  6.7	  3.7	0.207	0.546	0.546
129	  S	  3.2	  4.0	0.207	0.000	0.000
130	  G	  0.1	  4.0	0.207	0.000	0.000
131	  K	  0.1	  0.6	0.207	0.000	0.000
132	  F	  0.1	  1.0	0.207	0.000	0.000
133	  P	  0.1	  0.7	0.000	0.000	0.000
134	  N	  0.0	  0.7	0.000	0.000	0.000
135	  T	  1.6	  0.8	0.000	0.000	0.000
136	  M	  4.4	  0.1	0.000	0.000	0.000
137	  D	  5.4	  0.1	0.000	0.000	0.000
138	  I	  8.3	  0.1	0.000	0.000	0.000
139	  V	  7.5	  0.0	0.000	0.000	0.000
140	  A	  6.4	  0.3	0.000	0.000	0.000
141	  S	  2.1	  0.3	0.142	0.000	0.000
142	  D	  0.5	  0.3	0.142	0.000	0.000
143	  W	  1.7	  0.3	0.142	0.000	0.000
144	  T	  1.8	  0.3	0.142	0.000	0.000
145	  N	  1.2	  0.6	0.142	0.000	0.000
146	  N	  0.1	  0.6	0.142	0.000	0.000
147	  G	  0.0	  0.5	0.000	0.300	0.300
148	  L	  0.4	  0.4	0.000	0.300	0.300
149	  L	  2.6	  0.1	0.000	0.300	0.300
150	  S	  4.8	  0.1	0.000	0.300	0.300
151	  F	  5.6	  0.1	0.000	0.300	0.300
152	  H	  3.7	  0.4	0.000	0.000	0.000
153	  Q	  1.6	  0.4	0.000	0.000	0.000
154	  D	  0.6	  0.5	0.297	0.000	0.000
155	  Q	  0.5	  0.6	0.297	0.000	0.000
156	  R	  0.5	  0.3	0.297	0.000	0.000
157	  T	  0.4	  0.4	0.297	0.000	0.000
158	  S	  0.2	  0.3	0.297	0.000	0.000
159	  G	  0.1	  0.3	0.297	0.579	0.579
160	  V	  4.5	  0.2	0.000	1.853	1.853
161	  V	  8.9	  0.1	0.000	1.853	1.853
162	  S	  9.0	  0.3	0.173	1.853	1.853
163	  L	  4.7	  0.5	0.173	1.853	1.853
164	  G	  0.3	  0.6	0.173	1.274	1.274
165	  S	  0.2	  0.8	0.173	0.696	0.696
166	  A	  0.2	  0.5	0.173	0.878	0.878
167	  L	  0.2	  0.3	0.173	1.008	1.008
168	  G	  0.1	  0.3	0.306	0.656	0.656
169	  T	 11.7	  0.0	0.133	0.656	0.656
170	  I	 12.2	  0.1	0.133	0.656	0.656
171	  T	 12.3	  0.2	0.133	0.259	0.259
172	  N	  0.6	  2.0	0.133	0.000	0.000
173	  N	  0.1	  2.0	0.133	0.000	0.000
174	  G	  0.0	  2.0	0.000	0.000	0.000
175	  Q	  1.7	  1.8	0.000	0.000	0.000
176	  I	  6.9	  0.0	0.000	0.000	0.000
177	  K	  7.3	  0.0	0.000	0.000	0.000
178	  L	  5.7	  0.2	0.000	0.000	0.000
179	  S	  0.5	  0.2	0.000	0.000	0.000
180	  N	  0.2	  0.2	0.128	0.000	0.000
181	  Q	  1.2	  0.2	0.128	0.000	0.000
182	  V	  5.4	  0.0	0.128	0.000	0.000
183	  Y	  7.0	  0.0	0.128	0.000	0.000
184	  Q	  6.1	  0.1	0.128	0.000	0.000
185	  Q	  2.1	  0.1	0.128	0.000	0.000
186	  R	  0.6	  0.1	0.000	0.000	0.000
187	  T	  1.1	  0.1	0.000	0.000	0.000
188	  Q	  1.8	  0.0	0.000	0.000	0.000
189	  I	  2.8	  0.2	0.000	0.000	0.000
190	  S	  2.3	  2.0	0.000	0.000	0.000
191	  G	  1.5	  2.5	0.000	0.000	0.000
192	  S	  0.3	  3.4	0.000	0.154	0.154
193	  G	  0.1	  3.2	0.000	1.490	1.490
194	  C	  2.3	  1.4	0.127	16.521	16.521
195	  F	  4.7	  0.9	0.127	23.566	23.566
196	  V	  7.7	  0.0	0.127	23.844	23.844
197	  A	  5.8	  0.1	0.127	23.844	23.844
198	  I	  3.6	  0.1	0.127	23.737	23.737
199	  N	  0.5	  0.3	0.946	8.711	8.711
200	  N	  0.3	  0.4	0.819	5.617	5.617
201	  S	  0.6	  0.3	0.819	7.607	7.607
202	  T	  3.2	  0.3	0.819	9.538	9.538
203	  I	  4.0	  0.1	0.819	9.668	9.668
204	  Y	  4.5	  0.0	0.819	9.581	9.581
205	  I	  1.9	  0.1	0.247	9.272	9.272
206	  S	  1.1	  0.4	0.247	2.833	2.833
207	  N	  0.1	  0.4	0.000	0.130	0.130
208	  S	  0.5	  0.4	0.000	0.000	0.000
209	  L	  0.5	  0.3	0.000	0.000	0.000
210	  L	  0.5	  0.0	0.000	0.000	0.000
211	  P	  0.1	  0.0	0.000	0.000	0.000
212	  V	  3.6	  0.0	0.000	0.124	0.124
213	  Q	  5.4	  0.0	0.000	0.124	0.124
214	  I	  9.4	  0.0	0.000	0.579	0.579
215	  T	  8.0	  0.1	0.000	0.579	0.579
216	  Q	  6.9	  0.1	0.000	0.579	0.579
217	  S	  4.0	  0.1	0.000	1.303	1.303
218	  F	  2.9	  0.1	0.000	1.303	1.303
219	  Y	  2.6	  0.0	0.000	1.303	1.303
220	  L	  1.5	  0.3	0.000	1.303	1.303
221	  A	  0.6	  0.3	0.000	0.933	0.933
222	  D	  0.1	  0.6	0.000	0.000	0.000
223	  S	  2.0	  0.8	0.000	0.000	0.000
224	  T	  3.1	  0.6	0.000	0.166	0.166
225	  S	  3.2	  0.5	0.000	0.822	0.822
226	  S	  1.9	  0.3	0.000	0.822	0.822
227	  I	  6.6	  0.1	0.000	0.822	0.822
228	  I	  7.1	  0.0	0.000	0.822	0.822
229	  V	  7.4	  0.1	0.000	0.822	0.822
230	  D	  1.9	  0.1	0.000	0.000	0.000
231	  S	 20.6	  0.2	0.000	0.000	0.000
232	  F	 22.8	  0.2	0.000	0.000	0.000
233	  S	 22.9	  0.2	0.000	0.000	0.000
234	  A	  4.6	  0.2	0.000	0.000	0.000
235	  T	  1.3	  0.2	0.000	0.000	0.000
236	  Q	  1.5	  0.2	0.000	0.000	0.000
237	  T	  9.8	  0.1	0.000	1.648	1.648
238	  F	 14.2	  0.0	0.000	3.361	3.361
239	  N	 16.8	  0.0	0.000	3.474	3.474
240	  V	  9.5	  0.1	0.000	3.727	3.727
241	  Y	  4.7	  0.1	0.000	3.727	3.727
242	  G	  1.0	  0.2	0.000	2.962	2.962
243	  F	  0.2	  5.5	0.000	2.848	2.848
244	  G	  0.1	  5.7	0.000	0.385	0.385
245	  N	  0.1	  6.4	0.000	0.000	0.000
246	  G	  0.0	  6.3	0.000	0.000	0.000
247	  N	  0.4	  1.0	0.000	0.000	0.000
248	  M	  0.5	  0.7	0.000	0.259	0.259
249	  I	  0.7	  0.2	0.000	0.259	0.259
250	  G	  0.4	  0.2	0.000	0.259	0.259
251	  L	  4.9	  0.2	0.000	0.259	0.259
252	  T	  4.9	  0.2	0.000	0.259	0.259
253	  L	  4.9	  0.0	0.000	0.000	0.000
254	  P	  0.2	  0.0	0.000	0.000	0.000
255	  L	  0.2	  0.0	0.000	4.655	4.655
256	  V	  0.2	  4.9	0.000	5.251	5.251
257	  G	  0.2	  4.9	0.000	5.251	5.251
258	  N	  1.4	  4.9	0.000	5.251	5.251
259	  Y	  2.2	  4.9	0.000	7.010	7.010
260	  W	  3.2	  0.0	0.000	7.393	7.393
261	  Y	  3.0	  0.1	0.000	6.939	6.939
262	  S	  2.3	  0.1	0.000	2.913	2.913
263	  S	  8.0	  0.1	0.000	2.488	2.488
264	  Y	 18.1	  0.1	0.000	2.278	2.278
265	  T	 24.0	  0.0	0.000	1.145	1.145
266	  Y	 18.4	  0.0	0.000	0.959	0.959
267	  D	  7.1	  0.2	0.307	0.000	0.000
268	  A	  0.8	  0.2	0.307	5.631	5.631
269	  T	  0.2	  0.3	0.651	12.407	12.407
270	  T	  0.2	  0.4	0.651	14.410	14.410
271	  G	  0.1	  0.2	0.785	16.239	16.239
272	  I	  2.2	  0.1	0.785	16.621	16.621
273	  L	  3.4	  0.1	0.785	16.621	16.621
274	  I	  5.8	  0.0	0.785	16.621	16.621
275	  M	  3.9	  0.1	0.785	10.141	10.141
276	  R	  2.9	  0.1	0.336	0.382	0.382
277	  N	  4.4	  0.1	0.238	0.382	0.382
278	  V	  7.5	  0.1	0.238	0.382	0.382
279	  F	  7.8	  0.0	0.694	0.382	0.382
280	  L	  4.0	  0.1	0.694	0.382	0.382
281	  E	  0.9	  0.1	0.694	0.382	0.382
282	  Q	  0.9	  0.1	0.694	0.000	0.000
283	  K	  1.6	  0.1	0.555	0.000	0.000
284	  F	  6.2	  0.0	0.456	0.000	0.000
285	  N	  5.6	  0.0	0.354	0.000	0.000
286	  I	  5.0	  0.1	0.175	0.116	0.116
287	  G	  0.2	  0.3	0.175	0.116	0.116
288	  L	  0.3	  0.3	0.000	0.116	0.116
289	  G	  0.3	  0.3	0.000	0.116	0.116
290	  Y	  0.5	  0.1	0.000	0.116	0.116
291	  N	  0.4	  1.9	0.149	0.000	0.000
292	  P	  0.2	  2.0	0.149	0.000	0.000
293	  S	  0.3	  2.0	0.149	0.207	0.207
294	  L	  0.5	  2.0	0.149	2.519	2.519
295	  F	  2.3	  0.1	0.149	2.807	2.807
296	  K	  3.5	  0.0	0.149	2.807	2.807
297	  I	  7.4	  0.0	0.000	2.807	2.807
298	  V	  7.0	  0.0	0.000	2.807	2.807
299	  T	  5.9	  0.0	0.000	2.807	2.807
300	  D	  1.7	  0.5	0.000	2.807	2.807
301	  W	  0.4	  0.7	0.000	2.423	2.423
302	  G	  0.1	  1.0	0.000	0.275	0.275
303	  A	  0.2	  1.0	0.000	0.126	0.126
304	  G	  0.1	  0.6	0.000	0.000	0.000
305	  I	  0.1	  0.5	0.000	0.000	0.000
306	  P	  0.0	  0.2	0.000	0.000	0.000
307	  S	  0.5	  0.2	0.000	0.000	0.000
308	  T	  3.0	  0.2	0.000	0.157	0.157
309	  I	  4.0	  0.1	0.000	0.534	0.534
310	  L	  3.6	  0.3	0.000	0.534	0.534
311	  G	  1.1	  0.3	0.000	0.534	0.534
312	  S	  4.4	  0.6	0.000	0.534	0.534
313	  L	  6.3	  0.6	0.000	0.534	0.534
314	  S	 25.8	  0.9	0.000	0.116	0.116
315	  Y	 22.7	  1.1	0.000	0.116	0.116
316	  S	 20.9	  1.0	0.000	0.000	0.000
317	  G	  1.4	  1.0	0.000	0.000	0.000
318	  C	  0.2	  0.5	0.000	0.000	0.000
319	  V	  0.2	  0.4	0.000	0.000	0.000
320	  P	  0.2	  0.3	0.000	0.000	0.000
321	  S	  0.5	  0.3	0.000	0.000	0.000
322	  R	  1.3	  0.3	0.000	0.000	0.000
323	  R	  1.4	  0.1	0.000	0.000	0.000
324	  L	  0.9	  0.3	0.000	0.000	0.000
325	  P	  0.1	  0.3	0.000	0.000	0.000
326	  S	  0.5	  0.3	0.000	0.000	0.000
327	  I	  1.1	  0.3	0.000	0.000	0.000
328	  C	  2.5	  0.0	0.000	0.000	0.000
329	  Q	  3.9	  0.0	0.000	0.000	0.000
330	  I	  3.5	  0.0	0.000	0.000	0.000
331	  D	  2.2	  0.0	0.000	0.000	0.000
332	  P	  0.3	  0.0	0.000	0.000	0.000
333	  I	  0.6	  0.1	0.000	0.000	0.000
334	  S	  0.7	  0.1	0.000	0.000	0.000
335	  S	  1.7	  0.1	0.000	0.000	0.000
336	  L	  3.4	  0.1	0.000	0.000	0.000
337	  E	  3.5	  0.1	0.000	0.000	0.000
338	  I	  2.5	  0.5	0.000	0.000	0.000
339	  P	  0.1	  0.6	0.000	0.000	0.000
340	  G	  0.1	  0.6	0.000	0.000	0.000
341	  T	  0.2	  0.6	0.000	0.000	0.000
342	  K	  0.2	  0.3	0.000	0.000	0.000
343	  P	  0.2	  0.2	0.000	0.000	0.000
344	  T	  2.3	  0.2	0.000	0.901	0.901
345	  Q	  5.2	  0.2	0.000	3.056	3.056
346	  F	  7.9	  0.1	0.000	55.558	55.558
347	  T	  6.5	  0.1	0.000	59.322	59.322
348	  S	  4.3	  0.1	0.000	59.706	59.706
349	  V	  7.1	  0.1	0.000	60.323	60.323
350	  F	  7.7	  0.0	0.000	60.323	60.323
351	  V	  7.7	  0.1	0.000	56.386	56.386
352	  S	  2.7	  0.7	0.000	4.732	4.732
353	  T	  1.3	  0.9	0.000	1.427	1.427
354	  D	  0.5	  4.1	0.000	0.000	0.000
355	  D	  0.1	  4.9	0.299	0.000	0.000
356	  S	  0.1	  5.0	0.299	0.000	0.000
357	  G	  0.1	  5.5	0.299	0.000	0.000
358	  R	  0.1	  6.2	0.299	0.000	0.000
359	  N	  0.0	  5.3	0.299	0.000	0.000
360	  G	  0.1	  4.6	0.299	0.136	0.136
361	  Q	  1.5	  3.9	0.299	0.409	0.409
362	  Y	  2.1	  0.2	0.000	7.012	7.012
363	  V	  2.3	  0.3	0.000	7.012	7.012
364	  G	  0.9	  0.3	0.653	7.012	7.012
365	  L	  0.4	  0.3	0.653	7.012	7.012
366	  F	  8.6	  0.1	0.653	7.012	7.012
367	  E	 10.0	  0.0	0.653	0.000	0.000
368	  V	 10.9	  0.0	0.653	0.006	0.006
369	  A	  2.7	  0.1	0.653	0.006	0.006
370	  T	  1.3	  0.1	0.653	0.006	0.006
371	  N	  0.3	  1.2	0.653	0.008	0.008
372	  K	  0.4	  1.2	0.321	0.073	0.073
373	  N	  2.6	  1.2	0.000	0.073	0.073
374	  Y	  5.8	  1.1	0.000	0.073	0.073
375	  E	  5.8	  0.0	0.000	0.073	0.073
376	  W	  4.2	  0.0	0.000	55.062	55.062
377	  V	  2.6	  0.0	0.000	67.965	67.965
378	  S	  2.7	  0.0	0.000	70.479	70.479
379	  A	  2.8	  0.0	0.000	89.569	89.569
380	  V	  7.6	  0.0	0.000	98.750	98.750
381	  I	 12.1	  0.0	0.000	98.824	98.824
382	  I	 15.1	  0.0	0.000	98.536	98.536
383	  I	 11.0	  0.0	0.000	95.099	95.099
384	  T	  6.6	  0.0	0.000	44.256	44.256
385	  S	  2.7	  0.0	0.000	5.602	5.602
386	  I	  0.6	  0.0	0.000	0.677	0.677
387	  P	  0.1	  0.0	0.000	0.319	0.319
388	  T	  9.9	  0.0	0.000	0.000	0.000
389	  V	 18.3	  0.0	0.000	0.000	0.000
390	  T	 21.8	  0.0	0.000	0.000	0.000
391	  I	 16.9	  0.0	0.000	0.000	0.000
392	  E	  8.1	  0.0	0.000	0.000	0.000
393	  L	  4.6	  0.0	0.000	0.000	0.000
394	  P	  0.0	  0.3	0.000	0.000	0.000
395	  P	  0.0	  0.3	0.000	0.000	0.000
396	  T	  2.8	  0.3	0.196	0.000	0.000
397	  L	  5.0	  0.3	0.196	0.000	0.000
398	  T	  6.0	  0.0	0.539	0.000	0.000
399	  L	  3.4	  0.0	0.539	0.000	0.000
400	  E	  1.3	  0.0	0.539	0.000	0.000
401	  A	  0.5	  0.0	0.539	0.000	0.000
402	  Q	  1.6	  0.0	0.539	0.000	0.000
403	  W	  1.6	  0.0	0.343	0.000	0.000
404	  L	  1.3	  0.2	0.191	0.000	0.000
405	  P	  0.1	  0.2	0.000	0.000	0.000
406	  T	 17.4	  0.2	0.000	0.356	0.356
407	  V	 17.9	  0.3	0.000	0.947	0.947
408	  S	 17.9	  0.2	0.000	0.947	0.947
409	  G	  0.6	  0.2	0.000	0.947	0.947
410	  V	  2.0	  0.1	0.000	0.947	0.947
411	  L	  2.2	  0.0	0.000	0.947	0.947
412	  H	  2.7	  0.1	0.000	0.000	0.000
413	  T	  1.9	  0.2	0.000	0.000	0.000
414	  S	  1.9	  0.2	0.000	0.000	0.000
415	  S	  1.8	  0.2	0.173	0.000	0.000
416	  T	 11.9	  0.2	0.173	0.000	0.000
417	  I	 15.4	  0.1	0.173	0.000	0.000
418	  T	 16.8	  0.1	0.274	0.000	0.000
419	  Q	  6.0	  0.1	0.274	0.000	0.000
420	  S	  2.4	  0.1	0.274	0.000	0.000
421	  T	  1.2	  0.1	0.101	0.000	0.000
422	  K	  1.3	  0.1	0.101	0.000	0.000
423	  I	  1.2	  0.1	0.101	6.727	6.727
424	  G	  0.5	  0.1	0.191	7.192	7.192
425	  L	  0.4	  0.1	0.091	21.044	21.044
426	  L	  0.4	  0.1	0.091	22.091	22.091
427	  T	  2.2	  0.0	0.091	22.246	22.246
428	  T	 19.8	  0.0	0.091	21.820	21.820
429	  V	 23.3	  0.0	0.091	21.564	21.564
430	  S	 22.0	  0.0	0.091	11.067	11.067
431	  L	  5.3	  0.0	0.000	9.632	9.632
432	  V	  0.6	  0.0	0.000	1.015	1.015
433	  P	  0.1	  0.0	0.000	0.450	0.450
434	  V	  0.7	  0.0	0.000	0.000	0.000
435	  A	  0.7	  0.1	0.091	0.000	0.000
436	  E	  0.8	  0.1	0.091	0.000	0.000
437	  T	  1.0	  0.1	0.332	0.000	0.000
438	  Q	  1.1	  0.1	0.332	0.000	0.000
439	  L	  1.1	  0.1	0.332	0.000	0.000
440	  A	  0.3	  0.2	0.332	0.000	0.000
441	  S	  0.4	  0.2	0.332	0.000	0.000
442	  R	  1.2	  0.2	0.242	0.000	0.000
443	  T	 31.0	  0.1	0.000	3.465	3.465
444	  F	 33.2	  0.1	0.000	3.465	3.465
445	  S	 32.7	  0.0	0.000	3.465	3.465
446	  I	  6.1	  0.0	0.000	3.465	3.465
447	  V	  2.5	  0.0	0.000	3.465	3.465
448	  G	  2.0	  0.0	0.000	0.000	0.000
449	  P	  0.0	  0.0	0.000	0.000	0.000
450	  P	  0.0	  0.0	0.000	0.000	0.000
451	  I	  0.0	  0.4	0.000	0.000	0.000
452	  P	  0.0	  0.4	0.000	0.000	0.000
453	  D	  0.2	  0.5	0.000	0.000	0.000
454	  T	  3.0	  0.5	0.000	0.000	0.000
455	  T	  3.5	  0.2	0.119	0.000	0.000
456	  S	  4.3	  0.1	0.354	0.000	0.000
457	  L	  2.1	  0.1	0.354	0.000	0.000
458	  E	  1.6	  0.1	0.354	0.000	0.000
459	  L	  3.5	  0.0	0.354	0.000	0.000
460	  V	  3.4	  0.0	0.354	0.000	0.000
461	  V	  3.3	  0.1	0.354	0.000	0.000
462	  P	  0.5	  0.1	0.000	0.000	0.000
463	  T	  3.2	  0.3	0.000	0.000	0.000
464	  K	  3.4	  0.3	0.000	0.000	0.000
465	  S	  3.5	  0.3	0.000	0.000	0.000
466	  E	  0.3	  0.3	0.000	0.000	0.000
467	  T	  1.0	  0.2	0.000	0.000	0.000
468	  R	  3.1	  0.1	0.000	0.000	0.000
469	  V	  5.9	  0.0	0.000	0.000	0.000
470	  V	  5.7	  0.0	0.000	0.000	0.000
471	  T	  3.7	  0.1	0.000	0.000	0.000
472	  E	  1.0	  0.1	0.000	0.000	0.000
473	  S	  0.7	  0.1	0.000	0.000	0.000
474	  T	  9.3	  0.1	0.000	0.000	0.000
475	  V	  9.7	  0.0	0.000	0.000	0.000
476	  V	  9.3	  0.0	0.000	0.000	0.000
477	  P	  0.6	  0.0	0.000	0.000	0.000
478	  V	  0.1	  0.0	0.000	0.000	0.000
479	  L	  0.0	  0.0	0.000	0.000	0.000
480	  P	  0.0	  0.2	0.000	0.000	0.000
481	  P	  0.0	  0.2	0.000	0.000	0.000
482	  K	  5.0	  0.2	0.000	0.000	0.000
483	  V	  9.2	  0.2	0.000	0.000	0.000
484	  T	 11.9	  0.0	0.000	0.000	0.000
485	  H	  9.9	  0.0	0.000	0.000	0.000
486	  F	  7.4	  0.1	0.000	0.000	0.000
487	  T	  5.3	  0.1	0.000	0.000	0.000
488	  N	  2.5	  0.9	0.101	0.000	0.000
489	  S	  1.1	  1.0	0.101	0.000	0.000
490	  S	  2.3	  1.3	0.101	0.000	0.000
491	  T	  2.3	  1.5	0.284	0.000	0.000
492	  S	  2.0	  0.7	0.284	0.000	0.000
493	  N	  0.1	  0.6	0.284	0.000	0.000
494	  R	  0.9	  0.3	0.183	0.000	0.000
495	  R	  1.9	  0.1	0.183	0.000	0.000
496	  Y	  3.3	  0.1	0.183	0.000	0.000
497	  S	  2.6	  0.2	0.000	0.000	0.000
498	  S	  1.8	  1.1	0.000	0.000	0.000
499	  E	  0.3	  1.1	0.000	0.000	0.000
500	  S	  0.6	  1.0	0.000	0.000	0.000
501	  M	  1.1	  0.9	0.000	0.000	0.000
502	  V	  1.2	  0.0	0.000	0.000	0.000
503	  D	  0.8	  0.1	0.000	0.000	0.000
504	  E	  0.2	  0.1	0.000	0.000	0.000
505	  E	  0.1	  0.1	0.000	0.000	0.000
506	  F	  0.1	  0.5	0.000	0.000	0.000
507	  P	  0.1	  0.4	0.000	0.000	0.000
508	  S	  0.0	  0.4	0.000	0.000	0.000
509	  E	  0.0	  0.4	0.000	0.000	0.000
510	  P	  0.0	  0.0	0.000	0.000	0.000
511	  F	  1.1	  0.1	0.000	0.000	0.000
512	  M	  1.1	  0.3	0.000	0.000	0.000
513	  S	  1.1	  0.4	0.000	0.000	0.000
514	  D	  0.1	  0.4	0.000	0.000	0.000
515	  E	  2.6	  0.3	0.000	0.000	0.000
516	  V	  5.7	  0.1	0.000	0.000	0.000
517	  S	  7.2	  0.0	0.000	0.000	0.000
518	  I	 12.1	  0.0	0.000	0.000	0.000
519	  E	 10.4	  0.0	0.000	0.000	0.000
520	  V	 11.6	  0.0	0.000	0.000	0.000
521	  Y	  5.3	  0.1	0.000	0.000	0.000
522	  E	  3.9	  0.1	0.000	0.000	0.000
523	  S	  8.3	  0.1	0.000	0.000	0.000
524	  Y	  8.7	  0.2	0.000	0.000	0.000
525	  T	  8.6	  0.1	0.000	0.000	0.000
526	  D	  1.5	  2.7	0.000	0.000	0.000
527	  E	  0.2	  2.8	0.000	0.000	0.000
528	  S	  1.6	  2.7	0.000	0.000	0.000
529	  C	  3.3	  2.7	0.000	0.000	0.000
530	  V	  7.1	  0.0	0.000	0.000	0.000
531	  I	  6.6	  0.0	0.000	0.000	0.000
532	  S	  5.3	  0.5	0.000	0.000	0.000
533	  T	  1.6	  0.5	0.000	0.000	0.000
534	  D	  1.2	  0.5	0.000	0.000	0.000
535	  F	  5.2	  0.5	0.000	0.000	0.000
536	  S	  8.8	  0.3	0.000	0.000	0.000
537	  V	 15.9	  0.3	0.000	0.000	0.000
538	  D	 12.2	  0.6	0.000	0.000	0.000
539	  V	 10.0	  0.6	0.000	0.000	0.000
540	  D	  2.8	  0.6	0.000	0.000	0.000
541	  Y	  3.4	  0.8	0.000	0.000	0.000
542	  S	  1.9	  2.3	0.000	0.000	0.000
543	  S	  1.4	  2.3	0.000	0.000	0.000
544	  D	  0.2	  2.2	0.000	0.000	0.000
545	  L	  1.9	  2.1	0.000	0.000	0.000
546	  S	  5.0	  1.2	0.000	0.000	0.000
547	  M	  6.7	  1.1	0.000	0.000	0.000
548	  N	  5.9	  0.9	0.157	0.000	0.000
549	  F	  3.2	  0.9	0.157	0.000	0.000
550	  Q	  2.1	  0.1	0.157	0.000	0.000
551	  T	  8.4	  0.1	0.157	0.000	0.000
552	  Y	  8.5	  0.2	0.157	0.000	0.000
553	  D	  7.7	  0.2	0.157	0.000	0.000
554	  T	  1.9	  0.3	0.000	0.000	0.000
555	  L	  1.5	  0.3	0.000	0.000	0.000
556	  D	  1.7	  0.2	0.179	0.000	0.000
557	  T	  0.7	  0.2	0.179	0.000	0.000
558	  T	  0.6	  0.1	0.179	0.000	0.000
559	  E	  0.5	  0.1	0.179	0.000	0.000
560	  M	  0.7	  0.0	0.179	0.000	0.000
561	  F	  1.5	  0.1	0.179	0.000	0.000
562	  N	  2.2	  0.1	0.000	0.000	0.000
563	  T	  8.2	  0.1	0.000	0.000	0.000
564	  V	  8.4	  0.3	0.000	0.000	0.000
565	  E	  7.6	  0.3	0.000	0.000	0.000
566	  N	  3.3	  0.3	0.000	0.000	0.000
567	  F	  2.7	  0.4	0.000	0.000	0.000
568	  E	  2.8	  0.1	0.000	0.000	0.000
569	  T	  7.7	  0.1	0.000	0.000	0.000
570	  Y	  7.9	  0.2	0.000	0.000	0.000
571	  D	  9.2	  0.1	0.000	0.000	0.000
572	  T	  3.0	  0.2	0.000	0.000	0.000
573	  F	  2.5	  0.5	0.000	0.000	0.000
574	  G	  1.0	  0.4	0.000	0.000	0.000
575	  T	  3.8	  0.4	0.000	0.000	0.000
576	  I	  4.2	  0.5	0.000	0.000	0.000
577	  E	  4.3	  0.2	0.000	0.000	0.000
578	  S	  7.8	  0.4	0.000	0.000	0.000
579	  F	 10.3	  0.4	0.000	0.000	0.000
580	  D	 11.2	  0.2	0.000	0.000	0.000
581	  I	  5.0	  0.2	0.000	0.000	0.000
582	  F	  2.3	  0.1	0.000	0.000	0.000
583	  E	  1.2	  0.1	0.000	0.000	0.000
584	  T	  1.4	  0.1	0.000	0.000	0.000
585	  S	  1.3	  0.2	0.000	0.000	0.000
586	  Q	  2.0	  0.2	0.000	0.000	0.000
587	  T	 11.0	  0.1	0.000	0.000	0.000
588	  F	 11.8	  0.2	0.000	0.000	0.000
589	  E	 11.2	  0.1	0.000	0.000	0.000
590	  S	  6.8	  0.1	0.799	0.000	0.000
591	  Y	  6.1	  0.2	0.799	0.000	0.000
592	  E	  6.1	  0.1	0.799	0.000	0.000
593	  T	  9.0	  0.1	0.799	0.000	0.000
594	  F	  8.9	  0.1	0.799	0.000	0.000
595	  N	  8.7	  0.2	0.799	0.000	0.000
596	  E	  0.4	  0.2	0.205	0.000	0.000
597	  T	  0.1	  0.5	0.000	0.000	0.000
598	  S	  0.1	  0.5	0.000	0.000	0.000
599	  D	  0.2	  0.6	0.000	0.000	0.000
600	  L	  1.9	  0.6	0.000	0.214	0.214
601	  S	  2.2	  0.3	0.000	0.214	0.214
602	  M	  2.8	  0.3	0.000	0.394	0.394
603	  F	  4.1	  0.0	0.000	0.394	0.394
604	  S	  5.3	  0.0	0.000	0.394	0.394
605	  L	  5.0	  0.1	0.000	0.394	0.394
606	  T	  2.2	  0.1	0.000	0.179	0.179
607	  S	  0.6	  1.0	0.000	0.000	0.000
608	  E	  0.4	  1.0	0.000	0.000	0.000
609	  S	 21.0	  1.1	0.000	0.000	0.000
610	  F	 21.1	  1.6	0.000	0.000	0.000
611	  S	 21.0	  0.7	0.000	0.000	0.000
612	  D	  0.3	  0.7	0.000	0.000	0.000
613	  L	  0.0	  0.6	0.000	0.000	0.000
614	  P	  0.0	  0.0	0.000	0.000	0.000
615	  P	  0.0	  0.1	0.000	0.000	0.000
616	  P	  0.0	  0.1	0.000	0.000	0.000
617	  L	  0.3	  0.1	0.000	0.000	0.000
618	  V	  0.7	  0.2	0.000	0.000	0.000
619	  Q	  0.8	  0.1	0.000	0.000	0.000
620	  T	  1.1	  0.1	0.000	0.000	0.000
621	  D	  0.7	  0.1	0.000	0.000	0.000
622	  T	  0.7	  0.0	0.000	0.000	0.000
623	  P	  0.0	  0.0	0.000	0.000	0.000
624	  V	  4.1	  0.0	0.000	0.000	0.000
625	  S	 17.7	  0.0	0.000	0.000	0.000
626	  F	 17.9	  0.0	0.000	0.000	0.000
627	  N	 14.3	  0.0	0.000	0.000	0.000
628	  P	  0.2	  0.0	0.000	0.000	0.000
629	  V	  0.0	  0.2	0.000	0.000	0.000
630	  P	  0.0	  0.2	0.000	0.000	0.000
631	  S	  0.3	  0.4	0.000	0.000	0.000
632	  R	  0.8	  0.4	0.000	0.000	0.000
633	  T	  1.0	  0.2	0.000	0.000	0.000
634	  N	  1.0	  0.7	0.000	0.000	0.000
635	  M	  0.5	  0.6	0.000	0.000	0.000
636	  S	  0.4	  0.7	0.761	0.000	0.000
637	  E	  0.4	  0.7	0.761	0.000	0.000
638	  K	  1.1	  0.2	0.761	0.000	0.000
639	  T	  3.6	  0.1	0.761	0.000	0.000
640	  I	  4.6	  0.0	0.761	0.000	0.000
641	  M	  3.9	  0.0	0.761	0.000	0.000
642	  W	  6.2	  0.0	0.290	0.000	0.000
643	  E	  9.6	  0.0	0.163	0.000	0.000
644	  V	 11.1	  0.0	0.000	0.000	0.000
645	  T	  7.4	  0.1	0.000	0.000	0.000
646	  N	  2.5	  0.5	0.000	0.000	0.000
647	  S	  0.9	  1.0	0.000	0.000	0.000
648	  Q	  0.1	  1.1	0.000	0.000	0.000
649	  G	  0.1	  1.1	0.000	0.000	0.000
650	  S	  0.6	  0.7	0.198	0.000	0.000
651	  I	  5.0	  0.1	0.198	0.000	0.000
652	  I	  5.6	  0.0	0.198	0.000	0.000
653	  T	  5.3	  0.5	0.198	0.000	0.000
654	  E	  0.9	  0.5	0.198	0.000	0.000
655	  S	  0.3	  0.6	0.198	1.889	1.889
656	  G	  0.1	  0.6	0.125	15.818	15.818
657	  I	  5.9	  0.1	0.125	35.840	35.840
658	  I	  7.9	  0.0	0.125	35.981	35.981
659	  L	  8.2	  0.0	0.125	35.981	35.981
660	  I	  3.7	  0.1	0.125	35.837	35.837
661	  S	  1.6	  0.5	0.125	20.950	20.950
662	  G	  1.2	  0.5	0.000	1.765	1.765
663	  E	  1.2	  0.5	0.000	0.000	0.000
664	  Y	  1.6	  0.4	0.000	0.757	0.757
665	  Q	  1.7	  0.0	0.000	0.973	0.973
666	  T	  2.4	  0.0	0.000	9.968	9.968
667	  T	 12.0	  0.0	0.000	25.077	25.077
668	  V	 13.4	  0.0	0.000	49.406	49.406
669	  T	 14.7	  0.0	0.000	49.406	49.406
670	  T	  7.5	  0.0	0.000	49.406	49.406
671	  F	  6.8	  0.0	0.000	49.406	49.406
672	  L	  3.8	  0.2	0.000	48.385	48.385
673	  R	  1.1	  0.2	0.000	0.000	0.000
674	  D	  0.3	  1.5	0.000	0.000	0.000
675	  L	  0.3	  1.5	0.000	0.000	0.000
676	  D	  0.3	  1.4	0.309	0.000	0.000
677	  Q	  1.6	  1.3	0.309	0.000	0.000
678	  M	  1.5	  0.8	0.309	0.000	0.000
679	  E	  1.5	  0.7	0.309	0.000	0.000
680	  G	  0.2	  0.7	0.400	0.000	0.000
681	  Y	  4.0	  0.8	0.400	0.000	0.000
682	  T	  5.2	  0.0	0.092	0.000	0.000
683	  K	  7.7	  0.0	0.092	0.000	0.000
684	  Y	  7.4	  0.0	0.092	0.000	0.000
685	  T	  7.3	  0.0	0.092	0.000	0.000
686	  K	  5.1	  0.0	0.092	0.000	0.000
687	  T	  8.5	  0.0	0.000	0.000	0.000
688	  W	 11.5	  0.0	0.000	0.000	0.000
689	  E	 15.3	  0.0	0.000	0.000	0.000
690	  V	 10.3	  0.0	0.000	0.000	0.000
691	  T	  6.6	  0.1	0.000	0.000	0.000
692	  N	  2.2	  6.3	0.000	0.000	0.000
693	  S	  0.7	  6.7	0.000	0.000	0.000
694	  N	  0.0	  6.7	0.000	0.000	0.000
695	  G	  0.0	  6.7	0.000	0.000	0.000
696	  S	  0.8	  0.5	0.125	0.000	0.000
697	  V	  3.5	  0.1	0.125	0.000	0.000
698	  V	  4.2	  0.0	0.125	0.000	0.000
699	  T	  3.6	  0.5	0.125	0.000	0.000
700	  E	  1.0	  0.6	0.125	0.000	0.000
701	  S	  0.3	  0.6	0.125	0.000	0.000
702	  G	  0.1	  0.6	0.000	0.000	0.000
703	  I	  0.9	  0.1	0.000	0.000	0.000
704	  I	  1.0	  0.1	0.000	0.000	0.000
705	  D	  0.9	  5.6	0.000	0.000	0.000
706	  E	  0.1	  5.8	0.000	0.000	0.000
707	  S	  0.2	  7.2	0.000	0.000	0.000
708	  G	  0.3	  7.2	0.000	0.000	0.000
709	  S	  2.2	  1.6	0.000	0.000	0.000
710	  Y	  2.5	  1.4	0.000	0.000	0.000
711	  H	  3.0	  0.0	0.000	0.000	0.000
712	  T	  3.0	  0.0	0.000	0.000	0.000
713	  T	 12.3	  0.0	0.000	0.000	0.000
714	  V	 13.4	  0.1	0.000	0.000	0.000
715	  T	 16.6	  0.0	0.000	0.000	0.000
716	  T	  7.4	  0.0	0.000	0.000	0.000
717	  F	  5.8	  0.2	0.000	0.000	0.000
718	  P	  0.7	  0.3	0.000	0.000	0.000
719	  Q	  0.1	  0.4	0.000	0.000	0.000
720	  K	  0.2	  0.5	0.000	0.000	0.000
721	  D	  0.2	  1.4	0.345	0.000	0.000
722	  Q	  0.7	  1.3	0.345	0.000	0.000
723	  N	  2.4	  1.1	1.010	0.000	0.000
724	  W	  4.2	  1.1	1.402	0.000	0.000
725	  E	  3.9	  0.0	1.402	0.000	0.000
726	  W	  2.5	  0.0	1.402	0.000	0.000
727	  A	  0.6	  0.2	1.402	0.000	0.000
728	  A	  0.4	  0.2	1.402	0.000	0.000
729	  N	  0.8	  0.2	1.402	0.000	0.000
730	  T	  7.0	  0.2	0.000	1.029	1.029
731	  V	 10.3	  0.0	0.000	2.860	2.860
732	  E	 11.5	  0.0	0.000	2.973	2.973
733	  Y	  9.1	  0.0	0.000	2.973	2.973
734	  T	  7.2	  0.0	0.000	2.973	2.973
735	  K	  5.3	  0.0	0.000	2.973	2.973
736	  T	  3.2	  0.0	0.000	25.151	25.151
737	  W	  2.7	  0.0	0.000	25.768	25.768
738	  I	  6.1	  0.0	0.000	25.768	25.768
739	  V	  6.2	  0.0	0.000	25.647	25.647
740	  T	  5.4	  0.0	0.000	23.348	23.348
741	  N	  1.7	  8.4	0.000	0.988	0.988
742	  E	  0.0	  8.6	0.000	0.000	0.000
743	  D	  0.0	  8.6	0.000	0.000	0.000
744	  G	  0.0	  8.6	0.000	0.000	0.000
745	  S	  0.6	  0.2	0.226	0.000	0.000
746	  I	  4.6	  0.1	0.226	0.000	0.000
747	  I	  5.2	  0.0	0.226	0.000	0.000
748	  T	  4.9	  0.5	0.226	0.000	0.000
749	  E	  0.9	  0.6	0.226	0.000	0.000
750	  S	  0.3	  0.6	0.226	0.000	0.000
751	  G	  0.1	  0.6	0.000	0.000	0.000
752	  I	  3.1	  0.1	0.000	0.000	0.000
753	  V	  3.1	  0.3	0.000	0.000	0.000
754	  G	  3.1	  0.9	0.000	0.000	0.000
755	  E	  0.1	  0.9	0.000	0.000	0.000
756	  S	  0.0	  1.1	0.000	0.000	0.000
757	  G	  0.0	  0.8	0.000	0.000	0.000
758	  L	  0.2	  0.2	0.000	0.368	0.368
759	  Y	  0.6	  0.2	0.000	0.368	0.368
760	  Q	  0.7	  0.0	0.000	0.368	0.368
761	  T	  2.4	  0.0	0.000	0.368	0.368
762	  T	 12.2	  0.0	0.000	0.368	0.368
763	  V	 13.7	  0.0	0.000	0.368	0.368
764	  T	 16.8	  0.0	0.000	0.138	0.138
765	  T	  7.4	  0.0	0.000	0.000	0.000
766	  F	  5.8	  0.2	0.000	0.000	0.000
767	  P	  0.7	  0.2	0.000	0.000	0.000
768	  H	  0.3	  0.3	0.000	0.000	0.000
769	  E	  0.6	  0.3	0.000	0.000	0.000
770	  L	  0.8	  0.3	0.000	1.080	1.080
771	  S	  0.8	  0.3	0.169	1.206	1.206
772	  S	  7.6	  0.2	0.169	3.578	3.578
773	  F	 15.4	  0.2	0.169	3.911	3.911
774	  T	 17.4	  0.0	0.169	3.911	3.911
775	  I	 11.7	  0.0	0.169	3.911	3.911
776	  Y	  4.7	  0.1	0.169	3.673	3.673
777	  Q	  2.4	  0.1	0.000	0.332	0.332
778	  S	  1.4	  0.2	0.111	0.000	0.000
779	  E	  0.1	  0.2	0.111	0.000	0.000
780	  E	  0.5	  0.2	0.111	0.000	0.000
781	  A	  0.6	  0.1	0.111	0.000	0.000
782	  H	  0.6	  0.0	0.111	0.000	0.000
783	  S	  0.1	  1.8	0.111	0.000	0.000
784	  P	  0.0	  1.8	0.000	0.000	0.000
785	  G	  0.0	  1.8	0.000	0.000	0.000
786	  V	  5.9	  1.8	0.000	0.000	0.000
787	  I	  6.8	  0.0	0.000	0.000	0.000
788	  N	  6.7	  0.8	0.284	0.000	0.000
789	  A	  0.9	  1.2	0.284	0.000	0.000
790	  G	  0.0	  1.2	0.284	0.000	0.000
791	  D	  1.6	  1.2	0.284	0.000	0.000
792	  I	  2.2	  0.4	0.284	0.000	0.000
793	  E	  2.4	  0.1	0.284	0.000	0.000
794	  S	  0.8	  0.1	0.284	0.000	0.000
795	  T	  0.3	  0.2	0.128	0.000	0.000
796	  P	  0.1	  0.2	0.128	0.000	0.000
797	  L	  0.1	  0.2	0.128	0.000	0.000
798	  A	  0.2	  0.2	0.128	0.000	0.000
799	  T	  1.6	  0.2	0.128	0.000	0.000
800	  S	  2.4	  0.9	0.128	0.000	0.000
801	  S	  2.3	  0.9	0.000	0.000	0.000
802	  S	  1.3	  0.8	0.000	0.444	0.444
803	  I	  1.6	  0.7	0.000	4.872	4.872
804	  Y	  2.8	  0.2	0.000	5.181	5.181
805	  Q	  2.8	  0.2	0.000	5.181	5.181
806	  S	  2.7	  0.2	0.000	5.181	5.181
807	  V	  8.3	  0.2	0.000	5.181	5.181
808	  I	  9.5	  0.0	0.000	5.030	5.030
809	  I	  8.6	  0.1	0.000	4.299	4.299
810	  E	  1.7	  0.2	0.000	0.000	0.000
811	  D	  0.2	  0.2	0.000	0.000	0.000
812	  E	  0.1	  0.2	0.000	0.000	0.000
813	  F	  0.1	  0.5	0.000	0.000	0.000
814	  P	  0.1	  0.5	0.000	0.000	0.000
815	  S	  0.0	  0.5	0.000	0.000	0.000
816	  S	  0.0	  1.4	0.000	0.000	0.000
817	  P	  0.0	  2.3	0.000	0.000	0.000
818	  G	  0.0	  2.4	0.000	0.000	0.000
819	  N	  2.6	  2.4	0.000	0.000	0.000
820	  T	 19.8	  1.4	0.000	0.000	0.000
821	  Y	 21.0	  0.1	0.000	0.000	0.000
822	  T	 18.9	  0.1	0.000	0.000	0.000
823	  D	  3.5	  0.1	0.000	0.000	0.000
824	  V	  8.4	  0.1	0.000	0.000	0.000
825	  F	  8.5	  0.0	0.000	0.000	0.000
826	  S	  6.8	  0.3	0.000	0.000	0.000
827	  P	  0.4	  0.4	0.000	0.000	0.000
828	  T	  0.1	  0.5	0.000	0.000	0.000
829	  T	  0.1	  0.7	0.000	0.000	0.000
830	  G	  0.1	  0.4	0.000	0.000	0.000
831	  H	  0.2	  0.4	0.000	0.000	0.000
832	  D	  0.3	  1.0	0.000	0.000	0.000
833	  L	  2.3	  0.9	0.000	0.000	0.000
834	  D	  2.2	  0.8	0.000	0.000	0.000
835	  L	  2.1	  1.5	0.000	0.000	0.000
836	  P	  0.0	  0.9	0.000	0.000	0.000
837	  D	  0.0	  0.9	0.000	0.000	0.000
838	  D	  0.1	  1.0	0.000	0.000	0.000
839	  T	  3.0	  0.2	0.000	0.000	0.000
840	  T	 30.7	  0.1	0.000	0.000	0.000
841	  F	 31.0	  0.0	0.000	0.000	0.000
842	  T	 28.5	  0.3	0.000	0.000	0.000
843	  P	  0.5	  0.3	0.000	0.000	0.000
844	  S	  1.1	  0.8	0.000	0.000	0.000
845	  Q	  1.2	  0.9	0.000	0.000	0.000
846	  S	  2.0	  1.2	0.000	0.000	0.000
847	  S	  1.2	  1.3	0.000	0.000	0.000
848	  S	  1.8	  0.8	0.000	0.000	0.000
849	  T	  4.4	  0.8	0.000	0.000	0.000
850	  T	  4.7	  0.1	0.000	0.000	0.000
851	  V	  4.1	  0.0	0.000	0.000	0.000
852	  P	  0.7	  0.0	0.000	0.000	0.000
853	  I	  0.6	  0.1	0.000	0.000	0.000
854	  E	  0.5	  0.1	0.000	0.000	0.000
855	  S	  0.6	  0.1	0.000	0.000	0.000
856	  E	  0.1	  0.1	0.000	0.000	0.000
857	  Y	  1.1	  0.0	0.000	0.000	0.000
858	  I	  1.2	  0.0	0.000	0.000	0.000
859	  S	  1.3	  0.8	0.000	0.000	0.000
860	  E	  0.4	  0.8	0.000	0.000	0.000
861	  S	  0.8	  0.8	0.000	0.000	0.000
862	  I	  6.3	  0.8	0.000	0.000	0.000
863	  I	  6.7	  0.1	0.000	0.000	0.000
864	  L	  6.3	  0.1	0.000	0.000	0.000
865	  D	  0.6	  1.5	0.000	0.000	0.000
866	  A	  0.2	  1.9	0.000	0.000	0.000
867	  G	  0.0	  2.0	0.000	0.000	0.000
868	  S	  0.2	  2.0	0.000	0.000	0.000
869	  S	 10.5	  0.7	0.000	0.000	0.000
870	  V	 11.2	  0.3	0.000	0.782	0.782
871	  S	 11.2	  0.1	0.000	0.782	0.782
872	  T	  1.6	  0.1	0.000	0.782	0.782
873	  M	  1.6	  0.0	0.000	0.782	0.782
874	  I	  1.7	  0.0	0.000	0.782	0.782
875	  S	  1.2	  0.3	0.165	0.000	0.000
876	  P	  0.2	  0.3	0.165	0.000	0.000
877	  T	  0.8	  0.4	0.165	0.000	0.000
878	  T	  3.6	  0.4	0.165	0.000	0.000
879	  L	  3.9	  0.1	0.165	0.000	0.000
880	  T	  3.6	  0.1	0.165	0.000	0.000
881	  T	  1.7	  0.1	0.165	0.000	0.000
882	  N	  1.5	  0.1	0.165	0.000	0.000
883	  F	  1.0	  0.1	0.165	0.000	0.000
884	  P	  0.1	  0.0	0.000	0.000	0.000
885	  I	  0.3	  0.0	0.000	0.000	0.000
886	  F	  1.1	  0.1	0.000	0.000	0.000
887	  D	  1.1	  2.1	0.000	0.000	0.000
888	  S	  1.0	  4.5	0.119	0.000	0.000
889	  S	  0.1	  5.4	0.119	0.000	0.000
890	  D	  0.1	  5.4	0.119	0.000	0.000
891	  N	  1.1	  3.3	0.119	0.000	0.000
892	  Q	  2.9	  1.0	0.119	0.000	0.000
893	  F	  3.3	  0.2	0.119	0.000	0.000
894	  K	  2.5	  0.1	0.000	0.000	0.000
895	  H	  2.2	  0.1	0.000	0.000	0.000
896	  V	  6.2	  0.1	0.000	0.000	0.000
897	  S	  6.2	  0.0	0.000	0.000	0.000
898	  L	  4.9	  0.1	0.000	0.000	0.000
899	  W	  1.0	  0.1	0.000	0.000	0.000
900	  D	  0.8	  0.2	0.000	0.000	0.000
901	  S	  0.8	  0.2	0.000	0.000	0.000
902	  R	  1.5	  0.1	0.000	0.000	0.000
903	  V	  2.7	  0.1	0.000	0.000	0.000
904	  S	  2.8	  0.1	0.000	0.000	0.000
905	  S	  2.8	  0.5	0.000	0.000	0.000
906	  R	  2.0	  0.5	0.000	0.000	0.000
907	  S	  2.2	  0.5	0.000	18.503	18.503
908	  I	  8.1	  0.4	0.000	83.765	83.765
909	  V	 20.6	  0.0	0.000	83.877	83.877
910	  I	 22.6	  0.0	0.000	83.877	83.877
911	  V	 17.2	  0.1	0.000	83.877	83.877
912	  S	  3.8	  0.1	0.000	73.549	73.549
913	  S	  1.2	  0.1	0.000	8.284	8.284
914	  E	  0.2	  0.1	0.000	0.000	0.000
915	  F	  0.1	  0.3	0.000	0.000	0.000
916	  P	  0.1	  0.5	0.000	0.000	0.000
917	  E	  0.0	  0.6	0.000	0.000	0.000
918	  S	  0.0	  0.6	0.000	0.000	0.000
919	  D	  0.0	  0.4	0.000	0.000	0.000
920	  A	  0.0	  0.2	0.000	0.000	0.000
921	  P	  0.0	  0.0	0.000	0.000	0.000
922	  L	  1.2	  0.0	0.000	0.000	0.000
923	  I	  2.0	  0.0	0.000	0.000	0.000
924	  L	  2.2	  0.0	0.000	0.000	0.000
925	  A	  1.0	  0.0	0.000	0.000	0.000
926	  S	  0.3	  7.1	0.000	0.000	0.000
927	  P	  0.0	  7.3	0.000	0.000	0.000
928	  N	  0.0	  8.1	0.000	0.000	0.000
929	  D	  0.0	  8.6	0.000	0.000	0.000
930	  G	  0.0	  1.8	0.000	0.000	0.000
931	  S	  0.1	  2.9	0.000	0.000	0.000
932	  S	  0.1	  2.2	0.000	0.000	0.000
933	  N	  0.2	  1.7	0.000	0.000	0.000
934	  Q	  0.2	  1.6	0.000	0.000	0.000
935	  T	  1.0	  0.2	0.000	0.000	0.000
936	  S	  1.5	  0.2	0.000	0.000	0.000
937	  T	  1.9	  0.1	0.000	0.000	0.000
938	  T	  3.3	  0.2	0.000	0.139	0.139
939	  A	  3.0	  0.1	0.000	0.371	0.371
940	  S	  4.9	  0.1	0.000	0.371	0.371
941	  I	 19.5	  0.1	0.000	0.371	0.371
942	  T	 23.5	  0.1	0.000	0.371	0.371
943	  V	 21.6	  0.1	0.000	0.371	0.371
944	  N	  5.4	  1.1	0.000	0.000	0.000
945	  D	  0.4	  1.2	0.102	0.000	0.000
946	  N	  0.1	  1.7	0.548	0.000	0.000
947	  Q	  0.3	  1.7	0.548	0.000	0.000
948	  N	  1.9	  1.2	0.548	0.000	0.000
949	  I	  2.1	  1.1	0.548	0.000	0.000
950	  N	  1.9	  0.5	0.548	0.000	0.000
951	  N	  0.3	  0.8	0.548	0.000	0.000
952	  P	  0.0	  0.2	0.000	0.000	0.000
953	  E	  1.3	  0.2	0.000	0.000	0.000
954	  F	  3.2	  0.4	0.000	0.000	0.000
955	  Q	  3.2	  0.4	0.000	0.000	0.000
956	  Q	  1.8	  0.4	0.000	0.000	0.000
957	  G	  0.1	  0.5	0.000	0.000	0.000
958	  E	  0.1	  0.3	0.000	0.000	0.000
959	  A	  1.1	  0.1	0.000	0.000	0.000
960	  V	  5.2	  0.0	0.000	0.000	0.000
961	  I	  5.7	  0.1	0.000	0.000	0.000
962	  S	  5.5	  0.7	0.000	0.000	0.000
963	  S	  1.5	  0.7	0.000	0.000	0.000
964	  S	  3.5	  1.0	0.000	0.000	0.000
965	  I	  3.3	  1.0	0.000	0.000	0.000
966	  D	  3.2	  0.9	0.000	0.000	0.000
967	  S	  0.8	  0.9	0.000	0.000	0.000
968	  S	 10.3	  0.7	0.000	0.131	0.131
969	  V	 12.3	  0.7	0.000	3.247	3.247
970	  S	 12.3	  0.2	0.000	3.452	3.452
971	  H	  2.9	  0.2	0.000	5.091	5.091
972	  L	  1.1	  0.0	0.000	6.345	6.345
973	  Y	  2.0	  0.0	0.000	6.345	6.345
974	  Y	  2.5	  0.0	0.000	6.345	6.345
975	  I	  2.2	  0.0	0.000	5.834	5.834
976	  S	  1.2	  0.1	0.356	1.385	1.385
977	  E	  0.2	  0.2	0.356	0.000	0.000
978	  E	  0.1	  0.2	0.356	0.000	0.000
979	  T	  0.5	  0.2	0.497	0.000	0.000
980	  S	  0.7	  0.1	0.497	0.000	0.000
981	  I	  1.7	  0.1	0.497	0.000	0.000
982	  A	  1.4	  0.4	0.497	0.000	0.000
983	  S	  1.1	  1.8	0.497	0.000	0.000
984	  N	  0.0	  2.2	0.284	0.000	0.000
985	  N	  0.0	  2.6	0.000	0.000	0.000
986	  G	  0.0	  2.3	0.000	0.000	0.000
987	  D	  0.1	  1.8	0.000	0.000	0.000
988	  L	  0.2	  1.7	0.000	0.000	0.000
989	  S	  0.2	  2.4	0.000	0.000	0.000
990	  D	  0.0	  2.5	0.000	0.000	0.000
991	  D	  0.2	  1.6	0.000	0.000	0.000
992	  L	  1.8	  1.3	0.000	0.000	0.000
993	  E	  6.5	  0.1	0.000	0.000	0.000
994	  V	  8.0	  0.0	0.000	0.000	0.000
995	  D	  6.9	  0.0	0.126	0.000	0.000
996	  F	  3.2	  0.0	0.126	52.309	52.309
997	  I	  4.1	  0.0	0.126	53.519	53.519
998	  L	  3.8	  0.0	0.126	53.696	53.696
999	  L	  3.5	  0.0	0.126	53.696	53.696
1000	  T	  1.2	  0.1	0.126	53.696	53.696
1001	  S	  1.5	  0.1	0.126	17.172	17.172
1002	  L	  1.1	  0.1	0.000	12.246	12.246
1003	  H	  0.8	  0.2	0.000	0.117	0.117
1004	  D	  0.9	  0.1	0.186	0.000	0.000
1005	  T	 13.8	  0.1	0.593	0.000	0.000
1006	  I	 15.0	  0.1	0.593	0.000	0.000
1007	  S	 14.6	  0.1	0.697	0.000	0.000
1008	  A	  1.8	  0.1	0.697	0.000	0.000
1009	  K	  0.7	  0.1	0.697	0.000	0.000
1010	  A	  0.6	  0.2	0.511	0.000	0.000
1011	  T	  1.0	  0.1	0.233	0.000	0.000
1012	  S	  0.7	  0.6	0.233	0.000	0.000
1013	  A	  0.5	  0.6	0.000	0.000	0.000
1014	  G	  0.2	  0.6	0.176	0.000	0.000
1015	  Y	  5.4	  0.5	0.176	0.000	0.000
1016	  S	  6.4	  0.0	0.176	0.000	0.000
1017	  W	  7.1	  0.0	0.176	0.000	0.000
1018	  K	  2.3	  0.0	0.176	0.000	0.000
1019	  F	  1.4	  0.0	0.176	0.000	0.000
1020	  Y	  0.6	  0.2	0.176	0.000	0.000
1021	  P	  0.2	  0.4	0.000	0.000	0.000
1022	  E	  0.0	  0.6	0.000	0.000	0.000
1023	  S	  0.0	  0.6	0.000	0.000	0.000
1024	  D	  0.1	  0.4	0.000	0.000	0.000
1025	  E	  0.7	  0.2	0.000	0.000	0.000
1026	  I	  1.8	  0.1	0.000	0.000	0.000
1027	  Q	  2.8	  0.0	0.000	0.000	0.000
1028	  I	  3.2	  0.0	0.000	0.000	0.000
1029	  D	  2.1	  0.5	0.000	0.000	0.000
1030	  Q	  1.1	  0.6	0.000	0.000	0.000
1031	  T	  0.1	  2.6	0.000	0.000	0.000
1032	  G	  0.0	  2.6	0.000	0.000	0.000
1033	  D	  0.5	  2.4	0.000	0.000	0.000
1034	  Y	  3.7	  2.4	0.000	0.000	0.000
1035	  N	  4.7	  0.5	0.263	0.000	0.000
1036	  Y	  7.1	  0.6	0.263	0.000	0.000
1037	  S	  4.1	  0.2	0.574	0.000	0.000
1038	  L	  3.1	  0.5	0.574	0.000	0.000
1039	  A	  0.2	  0.4	0.574	0.000	0.000
1040	  G	  0.0	  0.4	0.574	0.000	0.000
1041	  A	  0.1	  0.5	0.420	0.000	0.000
1042	  K	  0.5	  0.2	0.311	0.000	0.000
1043	  T	  2.7	  0.1	0.000	0.000	0.000
1044	  H	  6.8	  0.1	0.000	0.000	0.000
1045	  I	  6.9	  0.0	0.000	0.000	0.000
1046	  H	  4.8	  0.3	0.000	0.000	0.000
1047	  E	  0.7	  0.3	0.000	0.000	0.000
1048	  S	  0.4	  0.3	0.414	0.000	0.000
1049	  A	  0.6	  0.3	0.414	0.000	0.000
1050	  Y	  4.5	  0.0	0.414	0.000	0.000
1051	  T	  5.9	  0.1	0.606	0.000	0.000
1052	  Q	  5.6	  0.2	0.606	0.000	0.000
1053	  Q	  1.8	  0.2	0.606	0.000	0.000
1054	  D	  0.2	  1.7	0.903	0.000	0.000
1055	  A	  0.2	  1.7	0.903	0.000	0.000
1056	  S	  0.5	  1.6	0.903	0.000	0.000
1057	  T	  2.3	  1.7	0.710	0.000	0.000
1058	  Q	  2.2	  0.5	0.710	0.000	0.000
1059	  K	  1.8	  0.6	0.710	0.000	0.000
1060	  G	  0.0	  0.8	0.129	0.000	0.000
1061	  A	  0.5	  0.6	0.000	0.000	0.000
1062	  S	  1.8	  0.3	0.000	0.000	0.000
1063	  V	  3.2	  0.2	0.000	0.000	0.000
1064	  Q	  3.0	  0.0	0.000	0.000	0.000
1065	  Q	  1.7	  0.1	0.000	0.000	0.000
1066	  E	  0.4	  0.1	0.000	0.000	0.000
1067	  T	  0.5	  0.1	0.000	0.000	0.000
1068	  S	  0.8	  0.1	0.000	0.000	0.000
1069	  I	  1.1	  0.0	0.000	0.000	0.000
1070	  Q	  0.9	  0.1	0.000	0.000	0.000
1071	  Q	  1.1	  0.0	0.000	0.000	0.000
1072	  R	  2.0	  0.0	0.000	0.000	0.000
1073	  V	  2.6	  0.1	0.000	0.000	0.000
1074	  S	  2.4	  0.1	0.000	0.000	0.000
1075	  T	  2.3	  0.1	0.000	0.000	0.000
1076	  K	  1.6	  0.1	0.000	0.000	0.000
1077	  Q	  1.4	  0.1	0.000	0.000	0.000
1078	  E	  0.4	  0.1	0.000	0.000	0.000
1079	  T	 19.4	  0.1	0.000	0.000	0.000
1080	  Y	 22.7	  0.1	0.000	0.000	0.000
1081	  T	 22.9	  0.1	0.000	0.000	0.000
1082	  Q	  4.2	  0.3	0.000	0.000	0.000
1083	  E	  0.4	  0.4	0.000	0.000	0.000
1084	  G	  0.0	  0.4	0.000	0.000	0.000
1085	  T	  1.6	  0.4	0.000	0.000	0.000
1086	  Q	  1.9	  0.2	0.000	0.000	0.000
1087	  Q	  2.5	  0.1	0.000	0.000	0.000
1088	  V	  2.6	  0.0	0.000	0.000	0.000
1089	  T	  3.0	  0.1	0.000	0.000	0.000
1090	  R	  2.6	  0.1	0.000	0.000	0.000
1091	  T	  1.3	  0.1	0.000	0.000	0.000
1092	  Q	  0.8	  0.2	0.000	0.000	0.000
1093	  E	  0.6	  0.1	0.000	0.000	0.000
1094	  K	  1.7	  0.1	0.000	0.000	0.000
1095	  V	  2.9	  0.1	0.000	0.000	0.000
1096	  Q	  2.9	  0.3	0.000	0.000	0.000
1097	  Q	  1.4	  0.4	0.000	0.000	0.000
1098	  G	  0.0	  0.6	0.000	0.000	0.000
1099	  A	  0.4	  0.6	0.000	0.000	0.000
1100	  S	  1.7	  0.6	0.000	0.000	0.000
1101	  H	  1.8	  0.6	0.000	0.000	0.000
1102	  S	  2.1	  0.4	0.000	0.000	0.000
1103	  T	  1.3	  0.4	0.000	0.000	0.000
1104	  T	  1.9	  0.3	0.000	0.000	0.000
1105	  N	  1.3	  0.2	0.000	0.000	0.000
1106	  S	  1.4	  0.2	0.000	0.000	0.000
1107	  H	  4.2	  0.1	0.000	0.000	0.000
1108	  F	  4.4	  0.4	0.000	0.000	0.000
1109	  E	  3.9	  0.6	0.000	0.000	0.000
1110	  G	  0.4	  0.6	0.000	0.150	0.150
1111	  T	  2.3	  0.6	0.000	0.150	0.150
1112	  F	  3.2	  0.3	0.000	0.150	0.150
1113	  I	  3.8	  0.0	0.000	0.150	0.150
1114	  S	  2.1	  0.1	0.000	0.150	0.150
1115	  K	  1.5	  0.2	0.000	0.000	0.000
1116	  T	  5.8	  0.2	0.000	0.000	0.000
1117	  A	  5.3	  0.1	0.000	0.000	0.000
1118	  S	  5.0	  0.5	0.000	0.000	0.000
1119	  P	  0.0	  0.6	0.000	0.000	0.000
1120	  T	  0.1	  0.7	0.000	0.000	0.000
1121	  N	  0.1	  1.0	0.000	0.000	0.000
1122	  N	  0.2	  0.5	0.000	0.000	0.000
1123	  D	  0.7	  0.4	0.000	0.000	0.000
1124	  F	  4.7	  0.3	0.000	0.802	0.802
1125	  T	  9.2	  0.0	0.000	0.802	0.802
1126	  L	 10.5	  0.0	0.000	0.802	0.802
1127	  S	 20.8	  0.0	0.000	0.802	0.802
1128	  F	 16.7	  0.0	0.000	0.802	0.802
1129	  E	 14.8	  0.1	0.000	0.000	0.000
1130	  P	  0.6	  0.5	0.000	0.000	0.000
1131	  K	  0.0	  0.6	0.000	0.000	0.000
1132	  D	  0.0	  0.6	0.000	0.000	0.000
1133	  N	  0.1	  0.8	0.000	0.000	0.000
1134	  A	  0.1	  0.5	0.000	0.000	0.000
1135	  T	  0.4	  0.4	0.000	0.000	0.000
1136	  D	  0.9	  0.7	0.000	0.000	0.000
1137	  I	  0.9	  0.6	0.000	0.000	0.000
1138	  S	  0.8	  0.8	0.000	0.000	0.000
1139	  N	  1.1	  0.8	0.000	0.000	0.000
1140	  S	  2.2	  0.4	0.000	1.010	1.010
1141	  F	  3.6	  0.3	0.000	11.084	11.084
1142	  F	  3.2	  0.2	0.000	11.709	11.709
1143	  A	  2.3	  0.2	0.000	11.709	11.709
1144	  H	  1.4	  0.2	0.000	11.709	11.709
1145	  L	  2.4	  0.2	0.000	12.276	12.276
1146	  S	  2.8	  0.0	0.000	11.806	11.806
1147	  I	  5.0	  0.0	0.000	11.942	11.942
1148	  V	  3.5	  1.6	0.000	11.276	11.276
1149	  G	  3.0	  1.7	0.000	1.576	1.576
1150	  N	  0.2	  1.7	0.000	0.398	0.398
1151	  S	  0.5	  1.7	0.000	0.398	0.398
1152	  T	  6.2	  0.1	0.000	0.398	0.398
1153	  V	  9.2	  0.1	0.000	0.398	0.398
1154	  F	  9.2	  0.1	0.000	0.398	0.398
1155	  E	  3.7	  0.2	0.000	0.000	0.000
1156	  T	  0.8	  0.2	0.000	0.000	0.000
1157	  D	  1.1	  0.2	0.000	0.000	0.000
1158	  Y	  2.6	  0.1	0.000	0.000	0.000
1159	  T	  2.6	  0.1	0.000	0.000	0.000
1160	  D	  2.4	  0.2	0.000	0.000	0.000
1161	  F	  7.1	  0.2	0.000	5.242	5.242
1162	  S	  7.5	  0.1	0.000	5.242	5.242
1163	  F	  8.4	  0.1	0.000	5.242	5.242
1164	  I	  2.4	  0.1	0.000	5.242	5.242
1165	  A	  1.6	  0.1	0.000	5.242	5.242
1166	  N	  0.2	  1.6	0.101	0.204	0.204
1167	  S	  0.1	  1.6	0.101	0.000	0.000
1168	  N	  2.8	  1.5	0.101	0.000	0.000
1169	  T	 14.8	  1.5	0.101	0.000	0.000
1170	  F	 15.5	  0.2	0.101	0.000	0.000
1171	  K	 12.8	  0.5	0.101	0.000	0.000
1172	  S	  1.0	  0.5	0.000	0.000	0.000
1173	  D	  0.0	 10.8	0.000	0.000	0.000
1174	  A	  0.0	 13.1	0.000	0.000	0.000
1175	  N	  0.0	 12.7	0.000	0.000	0.000
1176	  G	  0.1	 12.8	0.000	0.000	0.000
1177	  V	  1.0	  2.5	0.000	0.000	0.000
1178	  D	  1.0	  0.3	0.000	0.000	0.000
1179	  S	  2.9	  0.5	0.000	0.000	0.000
1180	  T	  2.1	  0.6	0.000	0.000	0.000
1181	  S	  2.0	  0.6	0.079	0.000	0.000
1182	  N	  0.1	  0.4	0.079	0.000	0.000
1183	  Q	  0.7	  0.2	0.079	0.000	0.000
1184	  T	 31.4	  0.1	0.079	0.000	0.000
1185	  Y	 34.0	  0.1	0.079	0.000	0.000
1186	  S	 33.4	  0.4	0.079	0.000	0.000
1187	  A	  4.3	  0.4	0.000	0.000	0.000
1188	  G	  0.1	  0.5	0.000	0.000	0.000
1189	  V	  0.1	  0.9	0.000	0.000	0.000
1190	  G	  0.1	  1.3	0.000	0.000	0.000
1191	  G	  0.1	  1.5	0.000	0.000	0.000
1192	  S	  0.0	  1.4	0.000	0.000	0.000
1193	  N	  1.5	  1.7	0.000	0.000	0.000
1194	  V	  2.1	  1.1	0.000	0.232	0.232
1195	  S	  2.0	  0.8	0.000	0.232	0.232
1196	  G	  0.6	  0.8	0.000	0.232	0.232
1197	  L	  0.5	  0.1	0.000	0.232	0.232
1198	  I	  1.1	  0.1	0.000	0.232	0.232
1199	  S	  3.3	  0.7	0.000	0.000	0.000
1200	  K	  3.1	  0.8	0.000	0.000	0.000
1201	  S	  2.7	  1.5	0.342	0.000	0.000
1202	  E	  0.4	  1.5	0.342	0.000	0.000
1203	  S	  1.0	  0.8	0.955	0.950	0.950
1204	  V	  8.3	  0.7	0.955	0.968	0.968
1205	  V	 11.7	  0.0	0.955	0.968	0.968
1206	  L	 11.7	  0.0	0.955	0.968	0.968
1207	  L	  4.8	  0.0	0.955	0.968	0.968
1208	  I	  1.5	  0.0	0.955	0.019	0.019
1209	  R	  0.7	  0.0	0.955	0.000	0.000
1210	  P	  0.4	  0.0	0.000	1.197	1.197
1211	  V	  3.1	  0.0	0.000	97.187	97.187
1212	  M	  3.7	  0.0	0.000	98.674	98.674
1213	  I	  5.1	  0.0	0.000	99.886	99.886
1214	  F	  3.6	  0.0	0.000	99.991	99.991
1215	  V	  6.3	  0.0	0.000	99.999	99.999
1216	  F	  5.5	  0.0	0.000	100.000	100.000
1217	  L	  4.2	  0.0	0.000	100.000	100.000
1218	  A	  1.0	  0.0	0.000	99.998	99.998
1219	  I	  1.5	  0.0	0.000	99.996	99.996
1220	  C	  3.1	  0.0	0.000	99.977	99.977
1221	  V	  9.9	  0.0	0.000	99.973	99.973
1222	  V	 16.1	  0.0	0.000	99.932	99.932
1223	  I	 17.1	  0.0	0.000	99.428	99.428
1224	  M	 10.4	  0.0	0.000	74.928	74.928
1225	  L	  3.1	  0.0	0.000	0.001	0.001
