res	aa	Beta	Turn	Helix	Aggregation	Conc-Stab_Aggregation
01	  M	  0.3	  0.0	0.000	0.008	0.008
02	  F	  0.9	  0.2	0.000	5.701	5.701
03	  A	  1.4	  0.2	0.000	5.877	5.877
04	  S	  1.5	  0.2	0.399	6.247	6.247
05	  Y	  1.4	  0.2	0.399	9.201	9.201
06	  L	  1.6	  0.0	0.399	9.602	9.602
07	  L	  1.9	  0.0	0.399	9.669	9.669
08	  L	  2.8	  0.0	0.399	9.679	9.679
09	  V	  3.0	  0.0	0.399	9.677	9.677
10	  L	  2.7	  0.0	0.399	9.648	9.648
11	  W	  1.2	  0.0	0.235	9.468	9.468
12	  I	  0.3	  0.0	0.000	7.852	7.852
13	  I	  0.0	  0.0	0.000	0.000	0.000
14	  R	  0.0	  0.0	0.000	0.000	0.000
15	  L	  0.0	  0.0	-1.#IO	0.000	0.000
16	  V	  0.0	  0.0	-1.#IO	0.000	0.000
17	  P	  0.0	  0.0	-1.#IO	0.000	0.000
18	  T	  0.0	  0.0	-1.#IO	0.000	0.000
19	  T	  0.0	  0.0	-1.#IO	0.000	0.000
20	  H	  0.0	  0.0	-1.#IO	0.000	0.000
21	  A	  0.0	  0.0	-1.#IO	0.000	0.000
22	  H	  0.0	  0.0	-1.#IO	0.000	0.000
23	  T	  0.0	  0.0	-1.#IO	0.000	0.000
24	  G	  0.0	  0.0	-1.#IO	0.000	0.000
25	  N	  0.0	  0.0	-1.#IO	0.000	0.000
26	  D	  0.0	  0.0	-1.#IO	0.000	0.000
27	  A	  0.0	  0.0	-1.#IO	0.000	0.000
28	  E	  0.0	  0.0	-1.#IO	0.000	0.000
29	  Y	  0.0	  0.0	-1.#IO	0.000	0.000
30	  L	  0.0	  0.0	-1.#IO	0.000	0.000
31	  L	  0.0	  0.0	-1.#IO	0.000	0.000
32	  N	  0.0	  0.0	-1.#IO	0.000	0.000
33	  T	  0.0	  0.0	-1.#IO	0.000	0.000
34	  V	  0.0	  0.0	-1.#IO	0.000	0.000
35	  L	  0.0	  0.0	-1.#IO	0.000	0.000
36	  K	  0.0	  0.0	-1.#IO	0.000	0.000
37	  R	  0.0	  0.0	-1.#IO	0.000	0.000
38	  D	  0.0	  0.0	-1.#IO	0.000	0.000
39	  A	  0.0	  0.0	-1.#IO	0.000	0.000
40	  T	  0.0	  0.0	0.000	0.000	0.000
41	  S	  0.0	  0.0	0.000	0.000	0.000
42	  L	  0.1	  0.1	0.000	0.000	0.000
43	  S	  0.4	  1.4	0.000	0.000	0.000
44	  R	  0.4	  1.4	0.000	0.000	0.000
45	  N	  0.5	  1.4	0.000	0.000	0.000
46	  A	  0.5	  1.3	0.000	0.000	0.000
47	  Y	  1.4	  0.1	0.000	0.000	0.000
48	  L	  1.5	  0.2	0.000	0.000	0.000
49	  D	  1.2	  0.4	0.000	0.000	0.000
50	  S	  0.3	  0.4	0.840	0.000	0.000
51	  E	  0.3	  0.3	0.840	0.000	0.000
52	  A	  0.4	  0.3	0.840	0.000	0.000
53	  T	  0.4	  0.4	0.840	0.000	0.000
54	  S	  0.3	  1.1	1.103	0.000	0.000
55	  G	  0.1	  1.3	1.103	0.000	0.000
56	  A	  0.1	  1.3	0.426	0.000	0.000
57	  T	  0.6	  1.0	0.262	0.000	0.000
58	  N	  1.5	  0.2	0.262	0.000	0.000
59	  Y	  3.7	  0.1	0.262	0.000	0.000
60	  C	  3.2	  1.0	0.000	0.000	0.000
61	  S	  2.4	  1.0	0.000	0.000	0.000
62	  D	  0.3	  2.3	0.000	0.000	0.000
63	  C	  0.4	  2.6	0.000	0.000	0.000
64	  D	  0.3	  2.4	0.000	0.000	0.000
65	  N	  0.1	  2.3	0.000	0.000	0.000
66	  D	  0.0	  1.1	0.000	0.000	0.000
67	  E	  0.3	  0.7	0.000	0.000	0.000
68	  V	 11.9	  0.0	0.000	35.913	35.913
69	  I	 15.2	  0.0	0.000	35.913	35.913
70	  V	 30.7	  0.0	0.000	35.913	35.913
71	  T	 22.7	  0.1	0.000	35.913	35.913
72	  V	 19.5	  0.4	0.000	35.913	35.913
73	  D	  3.9	  0.5	0.000	0.000	0.000
74	  G	  0.2	  0.6	0.000	0.065	0.065
75	  T	  0.7	  0.5	0.000	1.031	1.031
76	  S	  1.1	  0.2	0.000	4.853	4.853
77	  T	  3.1	  0.1	0.104	35.226	35.226
78	  I	  3.3	  0.1	0.104	82.788	82.788
79	  W	  7.9	  0.0	0.104	86.313	86.313
80	  T	  8.4	  0.0	0.104	86.313	86.313
81	  I	 10.1	  0.0	0.104	86.294	86.294
82	  L	  5.5	  0.1	0.104	84.275	84.275
83	  L	  3.2	  0.1	0.104	72.333	72.333
84	  D	  0.6	  0.2	0.104	0.000	0.000
85	  S	  0.7	  0.2	0.000	0.019	0.019
86	  T	 13.5	  0.1	0.000	1.851	1.851
87	  I	 14.3	  0.1	0.000	9.202	9.202
88	  S	 14.0	  0.1	0.000	9.479	9.479
89	  T	  2.1	  0.1	0.000	10.815	10.815
90	  L	  1.4	  0.0	0.000	11.798	11.798
91	  V	  3.0	  0.0	0.000	11.798	11.798
92	  T	  3.7	  0.0	0.000	7.630	7.630
93	  T	  6.2	  0.1	0.000	4.960	4.960
94	  T	  5.2	  0.1	0.000	2.518	2.518
95	  S	  3.8	  0.1	0.000	0.278	0.278
96	  T	  1.2	  0.2	0.000	0.278	0.278
97	  E	  0.7	  0.2	0.000	0.000	0.000
98	  K	  1.4	  0.1	0.000	0.000	0.000
99	  T	  1.9	  0.1	0.000	0.000	0.000
100	  T	  4.4	  0.1	0.000	0.000	0.000
101	  L	  4.0	  0.1	0.000	0.000	0.000
102	  T	  5.3	  0.2	0.000	0.000	0.000
103	  S	  3.6	  0.2	0.000	0.000	0.000
104	  C	  3.3	  0.2	0.000	0.000	0.000
105	  G	  1.2	  0.3	0.000	0.000	0.000
106	  Q	  0.7	  0.2	0.000	0.000	0.000
107	  S	  7.8	  0.2	0.000	0.000	0.000
108	  C	 11.1	  0.2	0.000	0.000	0.000
109	  T	 13.4	  0.2	0.000	0.000	0.000
110	  K	  6.8	  0.2	0.000	0.000	0.000
111	  S	  3.8	  1.9	0.000	0.000	0.000
112	  K	  0.9	  1.9	0.000	0.000	0.000
113	  D	  0.5	  3.5	0.000	0.000	0.000
114	  A	  0.2	  3.5	0.000	0.000	0.000
115	  S	  0.3	  1.8	0.000	0.000	0.000
116	  S	 10.2	  2.0	0.000	0.000	0.000
117	  V	 11.2	  0.3	0.000	0.000	0.000
118	  S	 11.8	  0.9	0.000	0.000	0.000
119	  S	  2.7	  1.7	0.000	0.000	0.000
120	  S	  1.6	  1.6	0.000	0.000	0.000
121	  S	  3.6	  2.6	0.000	0.000	0.000
122	  A	  3.0	  2.0	0.000	0.000	0.000
123	  S	  3.7	  1.8	0.109	0.000	0.000
124	  S	  1.2	  1.8	0.109	0.000	0.000
125	  S	  3.0	  1.1	0.109	0.000	0.000
126	  T	  2.7	  1.0	0.109	0.000	0.000
127	  S	  3.9	  1.0	0.248	0.000	0.000
128	  R	  2.5	  0.9	0.248	0.000	0.000
129	  S	  2.3	  0.7	0.139	0.000	0.000
130	  L	  1.3	  0.6	0.139	0.000	0.000
131	  I	  2.2	  0.0	0.139	0.000	0.000
132	  F	  2.4	  0.1	0.139	0.000	0.000
133	  R	  2.0	  0.1	0.000	0.000	0.000
134	  T	  1.3	  0.2	0.000	0.000	0.000
135	  S	  1.1	  0.2	0.000	0.000	0.000
136	  T	  2.3	  0.2	0.000	0.000	0.000
137	  K	  2.3	  0.2	0.000	0.000	0.000
138	  T	 12.6	  0.1	0.000	0.000	0.000
139	  V	 12.6	  0.1	0.000	0.000	0.000
140	  T	 12.2	  0.1	0.000	0.000	0.000
141	  D	  1.9	  0.1	0.000	0.000	0.000
142	  T	  2.0	  0.1	0.000	0.000	0.000
143	  T	  3.2	  0.1	0.000	0.000	0.000
144	  T	  3.2	  0.1	0.000	0.000	0.000
145	  L	  1.7	  0.2	0.000	0.000	0.000
146	  P	  0.2	  0.2	0.000	0.000	0.000
147	  T	 10.4	  0.2	0.000	0.000	0.000
148	  V	 11.0	  0.2	0.000	0.000	0.000
149	  T	 11.1	  0.0	0.000	0.000	0.000
150	  E	  3.4	  0.0	0.000	0.000	0.000
151	  I	  4.3	  0.0	0.000	0.000	0.000
152	  N	  6.7	  0.0	0.000	0.000	0.000
153	  T	 22.1	  0.0	0.000	0.000	0.000
154	  F	 21.9	  0.0	0.000	0.000	0.000
155	  T	 20.7	  0.0	0.000	0.000	0.000
156	  T	  3.1	  0.1	0.000	0.000	0.000
157	  T	  2.0	  0.2	0.000	0.000	0.000
158	  D	  0.7	  0.2	0.000	0.000	0.000
159	  S	  1.2	  0.2	0.000	0.137	0.137
160	  H	  7.9	  0.1	0.000	1.235	1.235
161	  I	 15.4	  0.1	0.000	91.622	91.622
162	  V	 20.0	  0.0	0.000	94.576	94.576
163	  L	 14.2	  0.0	0.000	94.576	94.576
164	  V	  9.0	  0.0	0.000	94.576	94.576
165	  Y	  4.7	  0.1	0.000	94.416	94.416
166	  T	  3.8	  0.1	0.000	37.332	37.332
167	  D	  2.4	  0.7	0.000	0.000	0.000
168	  I	  2.2	  0.7	0.000	0.000	0.000
169	  N	  2.0	  0.7	0.000	0.000	0.000
170	  S	  1.3	  1.3	0.000	0.000	0.000
171	  E	  0.3	  0.8	0.000	0.000	0.000
172	  S	  0.7	  0.8	0.096	0.000	0.000
173	  T	 11.9	  0.7	0.096	0.000	0.000
174	  I	 13.8	  0.1	0.096	0.000	0.000
175	  T	 13.4	  1.7	0.096	0.000	0.000
176	  G	  2.1	  1.7	0.096	0.000	0.000
177	  D	  0.6	  1.7	0.096	0.000	0.000
178	  Y	 12.7	  1.6	0.000	0.000	0.000
179	  T	 14.7	  0.0	0.101	0.000	0.000
180	  F	 15.1	  0.0	0.101	0.000	0.000
181	  I	  3.4	  0.1	0.101	0.000	0.000
182	  K	  1.4	  0.1	0.101	0.000	0.000
183	  N	  0.3	  1.7	0.101	0.000	0.000
184	  K	  0.4	  1.7	0.101	0.000	0.000
185	  N	  0.9	  1.7	0.000	0.000	0.000
186	  T	  1.4	  1.7	0.000	0.069	0.069
187	  R	  1.7	  0.1	0.000	0.654	0.654
188	  T	  4.3	  0.1	0.000	45.623	45.623
189	  V	 10.5	  0.0	0.000	45.623	45.623
190	  I	 13.9	  0.0	0.000	45.623	45.623
191	  I	 11.2	  0.1	0.000	45.623	45.623
192	  T	  4.9	  0.1	0.000	45.623	45.623
193	  D	  1.0	  0.1	0.000	0.654	0.654
194	  Y	  1.4	  0.1	0.000	0.981	0.981
195	  V	  3.8	  0.0	0.000	1.148	1.148
196	  T	  4.2	  0.1	0.000	0.806	0.806
197	  S	  3.9	  0.1	0.000	0.642	0.642
198	  T	  1.7	  0.1	0.000	0.642	0.642
199	  V	  1.0	  1.2	0.000	0.642	0.642
200	  G	  0.5	  1.4	0.000	0.000	0.000
201	  G	  0.1	  1.5	0.000	0.000	0.000
202	  E	  0.1	  1.5	0.000	0.000	0.000
203	  T	  0.8	  0.3	0.000	0.000	0.000
204	  Q	  2.2	  0.1	0.000	0.000	0.000
205	  I	  6.2	  0.0	0.000	1.710	1.710
206	  V	  8.9	  0.0	0.000	1.710	1.710
207	  T	  8.1	  0.0	0.000	1.710	1.710
208	  Q	  4.2	  0.1	0.000	1.710	1.710
209	  T	  2.4	  0.1	0.000	2.066	2.066
210	  T	  4.2	  0.1	0.000	2.699	2.699
211	  T	  4.9	  0.1	0.000	3.682	3.682
212	  S	  4.2	  0.0	0.000	3.682	3.682
213	  V	  4.9	  0.0	0.000	3.682	3.682
214	  V	  7.1	  0.0	0.000	3.682	3.682
215	  Y	  8.1	  0.1	0.000	3.168	3.168
216	  E	  4.9	  0.1	0.000	0.000	0.000
217	  L	  3.4	  0.1	0.000	0.000	0.000
218	  V	  4.1	  0.1	0.000	0.000	0.000
219	  V	 14.1	  0.0	0.000	0.000	0.000
220	  T	 13.0	  0.0	0.000	0.000	0.000
221	  C	 10.5	  1.8	0.000	0.000	0.000
222	  P	  0.3	  1.9	0.000	0.000	0.000
223	  D	  0.0	  2.2	0.000	0.000	0.000
224	  H	  0.3	  2.2	0.000	0.000	0.000
225	  D	  0.4	  0.5	0.123	0.000	0.000
226	  F	  0.7	  0.4	0.123	1.078	1.078
227	  A	  0.5	  0.0	0.123	1.078	1.078
228	  T	  1.2	  0.0	0.123	1.078	1.078
229	  T	  3.8	  0.1	0.123	1.078	1.078
230	  L	  3.8	  0.3	0.123	1.078	1.078
231	  T	  3.1	  0.6	0.000	0.405	0.405
232	  G	  0.3	  0.6	0.000	0.000	0.000
233	  S	  0.2	  0.7	0.000	0.000	0.000
234	  E	  0.2	  0.6	0.000	0.000	0.000
235	  T	  8.3	  0.2	0.000	0.000	0.000
236	  F	  8.2	  0.2	0.000	0.000	0.000
237	  V	  8.0	  0.0	0.000	0.000	0.000
238	  P	  0.0	  0.2	0.000	0.000	0.000
239	  P	  0.0	  0.3	0.000	0.000	0.000
240	  T	  1.6	  0.3	0.000	0.000	0.000
241	  T	  1.7	  0.3	0.000	0.000	0.000
242	  A	  1.7	  0.0	0.000	0.000	0.000
243	  P	  0.2	  0.0	0.000	0.000	0.000
244	  K	  0.0	  0.0	0.000	0.000	0.000
245	  P	  0.0	  0.0	0.000	0.000	0.000
246	  V	  1.1	  0.0	0.000	0.000	0.000
247	  E	  1.1	  0.0	0.000	0.000	0.000
248	  T	  1.1	  0.0	0.000	0.000	0.000
249	  P	  0.1	  0.0	0.000	0.000	0.000
250	  S	  0.1	  0.0	0.000	0.000	0.000
251	  P	  0.0	  0.0	0.000	0.000	0.000
252	  E	  0.0	  0.2	0.000	0.000	0.000
253	  P	  0.0	  0.3	0.000	0.000	0.000
254	  S	  0.7	  0.3	0.000	0.611	0.611
255	  T	  1.7	  0.3	0.000	1.480	1.480
256	  T	  4.3	  0.1	0.117	2.924	2.924
257	  I	  5.0	  0.0	0.117	2.924	2.924
258	  L	  5.4	  0.0	0.117	2.924	2.924
259	  S	  3.6	  0.0	0.117	2.924	2.924
260	  I	  3.6	  0.1	0.117	2.924	2.924
261	  K	  2.3	  0.1	0.117	0.000	0.000
262	  S	  1.7	  1.1	0.000	0.000	0.000
263	  E	  0.5	  1.1	0.000	0.000	0.000
264	  S	  0.5	  1.1	0.000	0.000	0.000
265	  S	  0.5	  1.0	0.000	0.000	0.000
266	  V	  0.5	  0.3	0.000	0.000	0.000
267	  P	  0.2	  0.2	0.000	0.000	0.000
268	  S	  0.8	  0.4	0.000	0.000	0.000
269	  A	  0.9	  0.4	0.000	0.000	0.000
270	  T	  3.7	  0.2	0.000	0.000	0.000
271	  T	  3.8	  0.2	0.000	0.000	0.000
272	  S	  4.2	  0.1	0.000	0.000	0.000
273	  V	  4.0	  0.1	0.000	0.000	0.000
274	  L	  3.2	  0.1	0.000	0.000	0.000
275	  D	  2.8	  0.2	0.000	0.000	0.000
276	  T	  0.6	  0.2	0.000	0.000	0.000
277	  S	  3.1	  0.2	0.000	0.000	0.000
278	  I	 13.1	  0.2	0.000	0.000	0.000
279	  T	 13.7	  0.0	0.000	0.000	0.000
280	  L	 11.1	  0.1	0.000	0.000	0.000
281	  E	  1.2	  0.1	0.000	0.000	0.000
282	  T	  1.3	  0.2	0.000	0.000	0.000
283	  S	  2.1	  1.0	0.000	0.000	0.000
284	  S	  2.8	  1.6	0.000	0.000	0.000
285	  S	  1.8	  1.6	0.000	0.000	0.000
286	  S	  2.6	  1.5	0.000	0.000	0.000
287	  I	  4.4	  0.7	0.000	0.000	0.000
288	  E	  5.5	  0.0	0.000	0.000	0.000
289	  F	  4.8	  0.1	0.000	0.000	0.000
290	  S	  4.1	  0.3	0.000	0.000	0.000
291	  T	  3.5	  0.3	0.000	0.000	0.000
292	  S	  3.1	  0.3	0.000	0.000	0.000
293	  T	  1.6	  0.3	0.000	0.000	0.000
294	  Q	  0.8	  0.2	0.000	0.000	0.000
295	  E	  0.5	  0.2	0.000	0.000	0.000
296	  S	  1.0	  0.9	0.000	0.000	0.000
297	  S	  1.1	  0.9	0.000	0.000	0.000
298	  S	  1.2	  0.8	0.000	0.000	0.000
299	  I	  0.3	  0.9	0.000	0.000	0.000
300	  G	  0.2	  0.7	0.000	0.000	0.000
301	  P	  0.0	  0.9	0.000	0.000	0.000
302	  S	  0.9	  1.7	0.000	0.000	0.000
303	  S	  1.8	  2.4	0.000	0.000	0.000
304	  S	  2.6	  2.5	0.000	0.000	0.000
305	  S	  1.9	  2.3	0.000	0.000	0.000
306	  S	  1.2	  1.7	0.000	0.000	0.000
307	  I	  0.3	  1.4	0.000	0.000	0.000
308	  G	  0.3	  0.8	0.000	0.000	0.000
309	  S	  7.6	  0.8	0.000	0.000	0.000
310	  C	  8.8	  0.6	0.000	0.000	0.000
311	  T	  9.9	  0.2	0.000	0.000	0.000
312	  S	  3.3	  0.8	0.000	0.000	0.000
313	  S	  2.1	  0.8	0.000	0.000	0.000
314	  S	  6.5	  0.8	0.000	0.000	0.000
315	  I	  6.6	  0.8	0.000	0.000	0.000
316	  S	  6.6	  0.2	0.000	0.000	0.000
317	  T	  1.1	  0.2	0.000	0.000	0.000
318	  E	  0.2	  0.2	0.000	0.000	0.000
319	  E	  0.1	  0.2	0.000	0.000	0.000
320	  S	  5.3	  0.4	0.234	0.000	0.000
321	  L	  5.5	  0.4	0.234	0.000	0.000
322	  S	  6.1	  0.4	0.326	0.000	0.000
323	  T	  3.3	  0.4	0.326	0.000	0.000
324	  T	  3.9	  0.1	0.326	0.000	0.000
325	  K	  3.7	  0.1	0.326	0.000	0.000
326	  L	  1.5	  0.1	0.092	0.000	0.000
327	  S	  1.4	  1.0	0.092	0.000	0.000
328	  S	  1.3	  0.9	0.092	0.000	0.000
329	  S	  8.1	  0.9	0.000	0.000	0.000
330	  F	  9.9	  0.9	0.000	0.000	0.000
331	  T	 10.0	  0.1	0.000	0.000	0.000
332	  S	  8.0	  0.2	0.000	0.000	0.000
333	  I	  5.8	  0.3	0.000	0.000	0.000
334	  S	  5.7	  0.3	0.000	0.000	0.000
335	  S	  5.3	  0.3	0.000	0.000	0.000
336	  W	  5.1	  0.3	0.000	0.000	0.000
337	  E	  4.9	  0.2	0.000	0.000	0.000
338	  E	  0.7	  0.2	0.000	0.000	0.000
339	  L	  0.6	  0.2	0.000	0.000	0.000
340	  S	  1.4	  1.0	0.000	0.000	0.000
341	  S	  1.3	  1.0	0.000	0.000	0.000
342	  S	  8.3	  1.0	0.000	0.000	0.000
343	  F	 11.2	  0.9	0.000	0.000	0.000
344	  T	 12.8	  0.1	0.000	0.000	0.000
345	  Q	  5.8	  0.1	0.000	0.000	0.000
346	  S	  2.7	  0.1	0.000	0.000	0.000
347	  T	  3.4	  0.2	0.000	0.000	0.000
348	  T	  4.5	  0.3	0.000	0.000	0.000
349	  S	  4.0	  2.1	0.000	0.000	0.000
350	  S	  1.4	  2.0	0.000	0.000	0.000
351	  N	  0.2	  2.0	0.000	0.000	0.000
352	  A	  0.2	  1.8	0.000	0.000	0.000
353	  E	  0.2	  0.3	0.000	0.000	0.000
354	  P	  0.0	  0.4	0.000	0.000	0.000
355	  S	  0.9	  1.4	0.000	0.000	0.000
356	  S	  1.2	  1.4	0.000	0.000	0.000
357	  S	  1.7	  1.2	0.128	0.000	0.000
358	  F	  1.1	  1.0	0.128	0.000	0.000
359	  A	  0.9	  0.1	0.128	0.000	0.000
360	  E	  0.5	  0.1	0.128	0.000	0.000
361	  S	  7.9	  0.1	0.128	0.000	0.000
362	  F	  9.3	  0.2	0.128	0.000	0.000
363	  T	  9.4	  0.0	0.000	0.000	0.000
364	  T	  2.0	  0.2	0.000	0.000	0.000
365	  E	  0.5	  0.2	0.000	0.000	0.000
366	  S	  5.4	  0.5	0.000	0.000	0.000
367	  L	  5.5	  0.6	0.000	0.000	0.000
368	  S	  5.8	  0.5	0.000	0.000	0.000
369	  S	  1.0	  0.5	0.000	0.000	0.000
370	  T	  4.6	  0.2	0.000	0.000	0.000
371	  I	  5.2	  0.1	0.000	0.000	0.000
372	  E	  5.0	  0.0	0.000	0.000	0.000
373	  A	  1.3	  0.0	0.000	0.000	0.000
374	  T	  1.6	  0.2	0.000	0.000	0.000
375	  S	  1.5	  0.2	0.000	0.000	0.000
376	  S	  2.5	  0.2	0.175	0.000	0.000
377	  M	  1.3	  0.4	0.175	0.000	0.000
378	  E	  1.2	  0.2	0.175	0.000	0.000
379	  D	  0.7	  0.6	0.175	0.000	0.000
380	  I	  0.7	  0.8	0.175	0.000	0.000
381	  S	  0.7	  1.0	0.175	0.000	0.000
382	  N	  0.1	  1.1	0.175	0.000	0.000
383	  N	  0.3	  0.7	0.000	0.000	0.000
384	  S	  0.8	  0.5	0.219	0.304	0.304
385	  V	  2.4	  0.1	0.219	3.500	3.500
386	  L	  2.6	  0.0	0.219	3.702	3.702
387	  T	  3.4	  0.1	0.219	3.702	3.702
388	  S	  1.9	  0.1	0.219	3.702	3.702
389	  S	  1.7	  0.1	0.219	3.702	3.702
390	  I	  1.5	  0.1	0.000	3.702	3.702
391	  F	  1.9	  0.1	0.000	3.255	3.255
392	  S	  1.7	  0.2	0.364	0.306	0.306
393	  E	  0.8	  0.2	0.364	0.000	0.000
394	  T	  1.9	  0.2	0.364	0.000	0.000
395	  T	  2.3	  0.2	0.364	0.000	0.000
396	  T	  2.2	  0.1	0.364	0.000	0.000
397	  N	  0.6	  1.3	0.364	0.000	0.000
398	  E	  0.1	  1.3	0.176	0.000	0.000
399	  S	  0.9	  2.2	0.000	0.000	0.000
400	  S	  1.1	  2.2	0.000	0.000	0.000
401	  S	  8.6	  1.0	0.000	0.000	0.000
402	  Y	  9.3	  1.0	0.000	0.000	0.000
403	  T	  9.1	  0.1	0.000	0.000	0.000
404	  D	  1.7	  0.1	0.000	0.000	0.000
405	  E	  0.1	  0.3	0.000	0.000	0.000
406	  P	  0.0	  0.4	0.000	0.000	0.000
407	  S	  0.9	  1.1	0.000	0.000	0.000
408	  S	  0.9	  1.2	0.082	0.000	0.000
409	  S	  1.0	  1.1	0.208	0.000	0.000
410	  E	  0.1	  0.9	0.208	0.000	0.000
411	  E	  2.8	  0.2	0.208	0.000	0.000
412	  I	  3.2	  0.1	0.208	0.000	0.000
413	  T	  3.6	  0.0	0.208	0.000	0.000
414	  N	  3.4	  0.0	0.208	0.000	0.000
415	  T	 25.0	  0.0	0.000	0.000	0.000
416	  Y	 25.0	  0.0	0.000	0.000	0.000
417	  E	 22.7	  0.2	0.000	0.000	0.000
418	  P	  0.5	  0.3	0.000	0.000	0.000
419	  S	  0.7	  0.8	0.000	0.000	0.000
420	  S	  1.0	  0.9	0.000	0.000	0.000
421	  S	  1.2	  0.8	0.000	0.000	0.000
422	  T	  0.8	  0.8	0.000	0.000	0.000
423	  E	  0.5	  0.3	0.000	0.000	0.000
424	  S	  0.6	  0.3	0.000	0.000	0.000
425	  S	  1.1	  0.3	0.000	0.000	0.000
426	  T	  1.4	  0.3	0.000	0.000	0.000
427	  T	  1.4	  0.3	0.000	0.000	0.000
428	  D	  1.4	  0.2	0.000	0.000	0.000
429	  Q	  3.3	  0.1	0.000	0.000	0.000
430	  F	  4.4	  0.4	0.000	0.174	0.174
431	  S	  3.9	  0.4	0.107	0.174	0.174
432	  S	  1.8	  0.4	0.107	0.174	0.174
433	  L	  0.7	  0.4	0.107	0.174	0.174
434	  L	  0.9	  0.2	0.107	0.174	0.174
435	  S	  1.6	  1.0	0.107	0.000	0.000
436	  S	  1.4	  1.0	0.107	0.000	0.000
437	  S	  1.2	  1.0	0.000	0.000	0.000
438	  L	  0.3	  0.9	0.000	0.000	0.000
439	  P	  0.1	  0.0	0.000	0.000	0.000
440	  V	  2.7	  0.0	0.000	0.000	0.000
441	  T	  3.5	  0.1	0.000	0.000	0.000
442	  S	  5.4	  0.3	0.000	0.000	0.000
443	  T	  3.9	  0.4	0.000	0.000	0.000
444	  S	  3.3	  0.4	0.000	0.000	0.000
445	  S	  2.0	  0.4	0.000	0.000	0.000
446	  T	  1.8	  0.2	0.000	0.000	0.000
447	  T	 14.4	  0.1	0.000	0.000	0.000
448	  I	 14.3	  0.1	0.000	0.000	0.000
449	  S	 13.5	  0.1	0.000	0.000	0.000
450	  S	  1.8	  0.1	0.000	0.000	0.000
451	  A	  1.2	  0.1	0.000	0.000	0.000
452	  T	  1.1	  0.0	0.000	0.000	0.000
453	  P	  0.0	  0.0	0.000	0.177	0.177
454	  I	  3.4	  0.0	0.000	19.826	19.826
455	  T	  5.4	  0.0	0.000	20.207	20.207
456	  T	  8.9	  0.0	0.000	20.716	20.716
457	  V	  8.2	  0.0	0.000	21.303	21.303
458	  L	  6.3	  0.1	0.000	21.303	21.303
459	  S	  4.6	  0.2	0.000	6.913	6.913
460	  T	  2.3	  0.2	0.000	4.978	4.978
461	  S	  4.9	  0.2	0.000	3.658	3.658
462	  I	  5.4	  0.2	0.000	3.524	3.524
463	  T	  6.1	  0.1	0.000	1.274	1.274
464	  S	  3.9	  1.1	0.000	0.000	0.000
465	  Q	  1.8	  1.1	0.000	0.000	0.000
466	  D	  0.8	  2.4	0.000	0.000	0.000
467	  T	  0.7	  2.4	0.000	0.000	0.000
468	  N	  2.3	  1.4	0.000	0.000	0.000
469	  C	  5.6	  1.4	0.000	0.000	0.000
470	  E	  5.3	  0.0	0.000	0.000	0.000
471	  A	  4.3	  0.0	0.000	0.000	0.000
472	  T	 12.0	  0.0	0.000	0.000	0.000
473	  I	 12.2	  0.0	0.000	0.000	0.000
474	  T	 11.9	  0.0	0.000	0.000	0.000
475	  N	  1.9	  0.2	0.000	0.000	0.000
476	  I	  2.2	  0.2	0.000	0.000	0.000
477	  S	  2.5	  0.5	0.000	0.000	0.000
478	  T	  2.0	  0.6	0.000	0.000	0.000
479	  N	  1.2	  0.4	0.000	0.000	0.000
480	  T	  1.1	  0.4	0.000	0.000	0.000
481	  L	  0.6	  0.0	0.000	0.000	0.000
482	  I	  0.9	  0.0	0.000	0.000	0.000
483	  E	  0.5	  0.0	0.000	0.000	0.000
484	  T	 10.5	  0.0	0.000	0.000	0.000
485	  I	 25.7	  0.0	0.000	0.000	0.000
486	  T	 29.7	  0.1	0.000	0.000	0.000
487	  V	 20.8	  1.2	0.000	0.000	0.000
488	  N	  4.9	  2.8	0.000	0.000	0.000
489	  G	  0.2	  2.8	0.000	0.000	0.000
490	  N	  0.3	  2.8	0.000	0.000	0.000
491	  T	  1.3	  1.6	0.000	0.222	0.222
492	  T	  3.9	  0.0	0.000	0.222	0.222
493	  I	  4.9	  0.0	0.000	0.222	0.222
494	  Y	  5.0	  0.0	0.000	0.222	0.222
495	  T	  2.6	  0.1	0.000	0.222	0.222
496	  E	  1.3	  0.1	0.000	0.000	0.000
497	  T	  1.1	  0.1	0.000	0.000	0.000
498	  Q	  1.7	  0.1	0.000	0.000	0.000
499	  L	  1.7	  0.2	0.000	0.864	0.864
500	  S	  1.5	  0.2	0.000	0.864	0.864
501	  T	  4.1	  0.2	0.111	0.864	0.864
502	  Y	  4.4	  0.2	0.111	0.864	0.864
503	  L	  4.2	  0.0	0.111	0.864	0.864
504	  T	  1.0	  0.2	0.111	0.325	0.325
505	  S	  0.6	  0.2	0.111	0.000	0.000
506	  N	  0.3	  0.4	0.111	0.000	0.000
507	  T	  0.6	  0.3	0.000	0.000	0.000
508	  S	  4.1	  0.6	0.000	0.000	0.000
509	  I	 10.1	  0.6	0.000	0.000	0.000
510	  N	  9.8	  0.5	0.000	0.000	0.000
511	  C	  6.4	  1.7	0.000	0.000	0.000
512	  P	  0.1	  1.2	0.000	0.000	0.000
513	  N	  0.2	  1.8	0.000	0.000	0.000
514	  T	  0.9	  1.8	0.000	0.000	0.000
515	  N	  1.0	  0.7	0.000	0.000	0.000
516	  S	  1.5	  0.8	0.000	0.000	0.000
517	  A	  0.9	  0.2	0.000	0.000	0.000
518	  T	  2.5	  0.2	0.000	0.000	0.000
519	  T	  3.4	  0.2	0.000	0.000	0.000
520	  T	  4.9	  0.1	0.000	0.000	0.000
521	  T	  5.6	  0.1	0.000	0.000	0.000
522	  T	  4.7	  0.1	0.000	0.000	0.000
523	  Q	  3.5	  0.0	0.000	0.000	0.000
524	  V	  1.8	  0.0	0.000	0.000	0.000
525	  I	  1.1	  0.1	0.000	0.000	0.000
526	  P	  0.6	  0.1	0.000	0.000	0.000
527	  T	  1.2	  0.1	0.000	0.000	0.000
528	  A	  1.3	  0.2	0.000	0.000	0.000
529	  T	  1.6	  0.0	0.000	0.000	0.000
530	  T	  0.6	  0.1	0.000	0.000	0.000
531	  E	  0.4	  0.1	0.000	0.000	0.000
532	  Q	  0.9	  0.1	0.000	0.000	0.000
533	  I	  2.0	  0.1	0.000	0.000	0.000
534	  H	  2.6	  0.0	0.000	0.000	0.000
535	  T	  3.5	  0.1	0.000	0.000	0.000
536	  T	  3.1	  0.1	0.000	0.000	0.000
537	  T	  4.1	  0.4	0.000	0.118	0.118
538	  L	  2.6	  1.3	0.000	0.313	0.313
539	  N	  1.8	  1.3	0.000	0.313	0.313
540	  G	  0.1	  1.3	0.000	1.231	1.231
541	  S	  0.6	  1.0	0.000	3.464	3.464
542	  I	  8.0	  0.1	0.000	17.363	17.363
543	  I	 10.8	  0.0	0.000	18.315	18.315
544	  V	 11.0	  0.0	0.000	18.315	18.315
545	  S	  3.9	  0.1	0.899	17.163	17.163
546	  T	  1.1	  0.1	1.210	16.670	16.670
547	  E	  0.3	  0.1	1.210	14.007	14.007
548	  T	  1.3	  0.2	1.210	14.007	14.007
549	  A	  1.6	  0.2	1.210	14.007	14.007
550	  T	  4.4	  0.1	1.210	14.007	14.007
551	  L	  3.4	  0.2	1.210	14.007	14.007
552	  K	  3.7	  0.1	1.083	14.007	14.007
553	  T	  2.7	  0.1	0.000	29.156	29.156
554	  T	  5.5	  0.1	0.000	39.654	39.654
555	  V	 11.2	  0.0	0.000	39.997	39.997
556	  I	 13.2	  0.0	0.000	39.997	39.997
557	  I	 12.3	  0.0	0.000	39.310	39.310
558	  T	  8.5	  0.0	0.000	21.810	21.810
559	  H	  4.6	  0.0	0.000	0.453	0.453
560	  C	  2.6	  0.6	0.000	0.000	0.000
561	  P	  0.1	  0.7	0.000	0.000	0.000
562	  E	  1.0	  0.7	0.000	0.000	0.000
563	  C	  1.9	  0.8	0.000	0.000	0.000
564	  T	  1.9	  0.2	0.000	0.000	0.000
565	  N	  1.0	  1.4	0.000	0.000	0.000
566	  E	  0.1	  1.5	0.000	0.000	0.000
567	  S	  0.4	  1.5	0.000	0.000	0.000
568	  S	  2.3	  1.7	0.000	0.000	0.000
569	  T	  2.4	  0.4	0.000	0.000	0.000
570	  S	  2.1	  0.4	0.000	0.000	0.000
571	  E	  1.5	  0.3	0.000	0.000	0.000
572	  Y	  2.9	  0.2	0.000	0.000	0.000
573	  S	  3.7	  1.0	0.343	0.000	0.000
574	  S	  2.4	  1.1	0.521	0.000	0.000
575	  S	  1.5	  1.1	0.705	0.000	0.000
576	  L	  0.9	  1.0	0.705	0.000	0.000
577	  K	  1.1	  0.1	0.705	0.000	0.000
578	  A	  0.6	  0.2	0.705	0.000	0.000
579	  E	  0.4	  0.2	0.594	0.000	0.000
580	  S	  0.3	  0.3	0.183	0.000	0.000
581	  S	  0.5	  0.4	0.000	0.000	0.000
582	  Q	  0.6	  0.3	0.000	0.000	0.000
583	  Q	  0.6	  0.2	0.000	0.000	0.000
584	  S	  0.4	  0.1	0.000	0.000	0.000
585	  I	  0.3	  0.1	0.000	0.000	0.000
586	  P	  0.1	  0.0	0.000	0.000	0.000
587	  T	  4.2	  0.0	0.000	0.000	0.000
588	  I	  4.7	  0.1	0.000	0.000	0.000
589	  E	  4.7	  0.2	0.000	0.000	0.000
590	  S	  0.6	  0.2	0.000	0.000	0.000
591	  N	  0.3	  0.6	0.134	0.000	0.000
592	  L	  0.3	  0.6	0.134	0.000	0.000
593	  S	  0.3	  0.5	0.228	0.000	0.000
594	  E	  0.4	  0.5	0.228	0.000	0.000
595	  L	  2.2	  0.1	0.228	0.000	0.000
596	  S	 12.0	  0.2	0.228	0.000	0.000
597	  V	 12.8	  0.2	0.094	0.148	0.148
598	  S	 11.4	  0.3	0.094	0.148	0.148
599	  S	  1.6	  0.3	0.000	0.148	0.148
600	  T	  5.3	  0.2	0.000	0.931	0.931
601	  L	  6.7	  0.1	0.000	0.931	0.931
602	  S	  6.9	  0.0	0.000	0.931	0.931
603	  L	  2.3	  0.0	0.000	0.931	0.931
604	  V	  1.8	  0.1	0.000	0.931	0.931
605	  E	  1.6	  0.1	0.000	0.000	0.000
606	  S	  1.6	  0.1	0.136	0.000	0.000
607	  T	  3.0	  0.7	0.136	0.000	0.000
608	  A	  2.9	  1.0	0.136	0.000	0.000
609	  S	  2.8	  1.1	0.136	0.000	0.000
610	  G	  0.1	  1.2	0.136	0.000	0.000
611	  K	  0.6	  0.6	0.136	0.000	0.000
612	  C	  0.9	  0.5	0.000	0.000	0.000
613	  S	  0.9	  0.5	0.000	0.000	0.000
614	  G	  0.4	  0.4	0.000	0.395	0.395
615	  L	  0.3	  0.4	0.000	7.303	7.303
616	  T	  1.6	  0.2	0.000	8.231	8.231
617	  T	  2.9	  0.0	0.000	9.989	9.989
618	  T	  5.6	  0.0	0.000	12.912	12.912
619	  T	 22.3	  0.0	0.000	17.774	17.774
620	  F	 23.3	  0.1	0.000	25.448	25.448
621	  T	 20.7	  0.1	0.000	24.995	24.995
622	  S	  3.4	  0.1	0.000	24.723	24.723
623	  I	  3.1	  0.1	0.000	24.847	24.847
624	  V	  3.6	  0.0	0.000	23.841	23.841
625	  S	  3.9	  0.1	0.000	4.145	4.145
626	  T	  3.2	  0.1	0.000	1.728	1.728
627	  T	  2.6	  0.1	0.000	0.335	0.335
628	  T	  2.1	  0.2	0.000	0.000	0.000
629	  E	  0.5	  0.1	0.000	0.000	0.000
630	  S	  0.5	  0.1	0.000	1.382	1.382
631	  I	  1.5	  0.1	0.000	5.722	5.722
632	  Y	  9.8	  0.0	0.000	5.722	5.722
633	  T	 20.2	  0.0	0.000	5.722	5.722
634	  I	 21.0	  0.0	0.000	5.722	5.722
635	  T	 13.4	  0.2	0.000	4.856	4.856
636	  S	  2.2	  0.2	0.000	0.218	0.218
637	  N	  0.1	  1.0	0.000	0.000	0.000
638	  E	  0.1	  1.0	0.000	0.000	0.000
639	  S	  0.7	  0.9	0.000	0.000	0.000
640	  T	 11.3	  0.8	0.000	0.000	0.000
641	  F	 13.3	  0.0	0.000	0.000	0.000
642	  E	 13.2	  0.0	0.000	0.000	0.000
643	  M	  3.1	  0.0	0.000	1.005	1.005
644	  T	  2.2	  0.0	0.000	1.825	1.825
645	  T	  3.6	  0.0	0.000	5.050	5.050
646	  T	 13.9	  0.0	0.000	10.438	10.438
647	  V	 14.1	  0.0	0.000	19.362	19.362
648	  T	 12.5	  0.0	0.000	20.096	20.096
649	  N	  2.1	  0.2	0.077	21.315	21.315
650	  I	  0.4	  0.2	0.077	51.498	51.498
651	  G	  0.1	  0.2	0.077	53.973	53.973
652	  T	  4.5	  0.2	0.077	67.102	67.102
653	  I	 11.5	  0.1	0.077	75.298	75.298
654	  V	 15.0	  0.0	0.077	75.266	75.266
655	  I	 13.9	  0.0	0.077	73.005	73.005
656	  T	  9.2	  0.0	0.077	45.678	45.678
657	  T	  5.7	  0.0	0.077	22.285	22.285
658	  C	  2.7	  0.3	0.077	0.000	0.000
659	  P	  0.2	  0.3	0.000	0.000	0.000
660	  T	 17.9	  0.3	0.000	0.000	0.000
661	  I	 18.5	  0.3	0.000	0.000	0.000
662	  T	 18.5	  0.0	0.000	0.000	0.000
663	  P	  0.7	  0.0	0.000	0.000	0.000
664	  V	  0.9	  0.0	0.000	0.000	0.000
665	  S	  1.6	  0.8	0.000	0.000	0.000
666	  S	  1.8	  0.8	0.000	0.000	0.000
667	  S	 21.1	  1.0	0.000	0.000	0.000
668	  Y	 21.6	  1.0	0.000	0.000	0.000
669	  S	 22.0	  0.8	0.000	0.000	0.000
670	  S	  2.3	  0.9	0.000	0.000	0.000
671	  S	  0.9	  1.5	0.000	0.000	0.000
672	  E	  0.2	  1.4	0.000	0.000	0.000
673	  S	  4.9	  1.1	0.000	0.000	0.000
674	  L	  5.1	  1.2	0.000	0.000	0.000
675	  S	  5.8	  1.0	0.000	0.000	0.000
676	  S	  1.2	  1.0	0.000	0.000	0.000
677	  S	 10.5	  0.8	0.000	0.000	0.000
678	  V	 10.6	  0.8	0.000	0.000	0.000
679	  S	 12.3	  0.4	0.000	0.000	0.000
680	  T	  3.1	  0.4	0.000	0.000	0.000
681	  S	  2.4	  0.3	0.360	0.000	0.000
682	  L	  0.8	  0.3	0.360	0.000	0.000
683	  L	  0.4	  0.1	0.360	0.000	0.000
684	  T	  0.5	  0.2	0.360	0.000	0.000
685	  E	  0.3	  0.3	0.360	0.000	0.000
686	  S	  0.3	  0.5	0.360	0.000	0.000
687	  N	  0.2	  0.5	0.000	0.000	0.000
688	  S	  0.6	  0.3	0.000	0.000	0.000
689	  T	 13.5	  0.2	0.000	0.000	0.000
690	  I	 14.2	  0.1	0.000	0.000	0.000
691	  S	 14.9	  0.4	0.114	0.000	0.000
692	  Q	  2.2	  0.4	0.114	0.000	0.000
693	  S	  1.6	  0.4	0.114	0.000	0.000
694	  T	 17.5	  0.4	0.114	0.000	0.000
695	  V	 18.1	  0.1	0.114	0.000	0.000
696	  S	 18.2	  0.5	0.114	0.000	0.000
697	  T	  1.5	  0.6	0.000	0.000	0.000
698	  D	  0.6	  1.8	0.000	0.000	0.000
699	  K	  0.3	  1.9	0.000	0.000	0.000
700	  S	  0.2	  1.5	0.000	0.000	0.000
701	  S	  1.8	  1.4	0.000	0.000	0.000
702	  L	  2.0	  0.2	0.000	0.000	0.000
703	  T	  2.0	  0.2	0.000	0.000	0.000
704	  N	  0.4	  1.5	0.000	0.000	0.000
705	  D	  0.1	  1.5	0.000	0.000	0.000
706	  N	  0.4	  1.5	0.000	0.000	0.000
707	  Q	  1.1	  1.4	0.000	0.000	0.000
708	  I	  1.9	  0.0	0.000	0.000	0.000
709	  S	  1.9	  0.0	0.000	0.000	0.000
710	  T	 18.8	  0.0	0.000	0.000	0.000
711	  V	 18.7	  0.1	0.000	0.000	0.000
712	  S	 18.6	  0.1	0.000	0.000	0.000
713	  T	  1.2	  0.1	0.000	0.000	0.000
714	  E	  0.3	  0.0	0.000	0.000	0.000
715	  T	  0.1	  0.1	0.000	0.000	0.000
716	  P	  0.0	  0.1	0.000	0.000	0.000
717	  L	  0.4	  0.1	0.000	9.898	9.898
718	  T	  0.7	  0.1	0.000	11.590	11.590
719	  S	  3.4	  0.0	0.000	14.174	14.174
720	  I	 15.7	  0.0	0.000	14.174	14.174
721	  T	 17.5	  0.0	0.000	14.174	14.174
722	  I	 16.3	  0.0	0.000	14.013	14.013
723	  I	  4.0	  0.0	0.000	13.098	13.098
724	  E	  1.9	  0.0	0.000	0.000	0.000
725	  T	  3.3	  0.1	0.000	0.000	0.000
726	  T	  4.1	  0.1	0.000	0.000	0.000
727	  S	  4.6	  0.2	0.286	0.000	0.000
728	  K	  2.7	  0.2	0.286	0.000	0.000
729	  T	  1.8	  0.2	0.286	0.000	0.000
730	  T	  1.4	  0.3	0.286	0.000	0.000
731	  E	  0.5	  0.2	0.286	0.000	0.000
732	  S	  0.5	  0.2	0.286	0.000	0.000
733	  L	  0.6	  0.2	0.151	0.000	0.000
734	  Y	  2.2	  0.0	0.151	0.000	0.000
735	  T	  3.6	  0.0	0.000	0.000	0.000
736	  T	  6.0	  0.1	0.000	0.000	0.000
737	  T	  4.5	  0.4	0.000	0.000	0.000
738	  S	  2.9	  0.9	0.000	0.000	0.000
739	  N	  0.1	  1.4	0.000	0.000	0.000
740	  D	  0.1	  1.6	0.000	0.000	0.000
741	  S	  0.5	  1.3	0.000	0.000	0.000
742	  T	  2.6	  0.8	0.000	0.115	0.115
743	  H	  5.6	  0.2	0.000	0.570	0.570
744	  I	  6.5	  0.0	0.000	56.265	56.265
745	  F	  5.9	  0.0	0.000	61.057	61.057
746	  T	  4.3	  0.0	0.000	61.349	61.349
747	  T	  3.9	  0.0	0.000	61.349	61.349
748	  T	  4.6	  0.0	0.113	61.349	61.349
749	  I	  3.9	  0.0	0.113	60.632	60.632
750	  I	  9.4	  0.0	0.113	55.850	55.850
751	  D	  7.8	  0.0	0.113	0.000	0.000
752	  V	  7.5	  0.0	0.113	0.000	0.000
753	  Q	  1.2	  0.1	0.113	0.000	0.000
754	  T	  0.9	  0.1	0.000	0.117	0.117
755	  N	  1.6	  0.1	0.000	0.233	0.233
756	  T	  5.9	  0.0	0.000	0.233	0.233
757	  I	  9.3	  0.0	0.000	0.233	0.233
758	  V	 18.0	  0.0	0.000	0.233	0.233
759	  T	 14.0	  0.0	0.000	0.117	0.117
760	  C	 10.2	  0.3	0.000	0.000	0.000
761	  P	  0.3	  0.3	0.000	0.000	0.000
762	  T	  1.5	  0.4	0.000	0.000	0.000
763	  T	  4.3	  0.4	0.000	0.000	0.000
764	  T	  5.0	  0.1	0.000	0.000	0.000
765	  S	  3.7	  0.1	0.161	0.000	0.000
766	  T	  3.6	  0.1	0.161	0.000	0.000
767	  L	  3.3	  0.1	0.161	0.000	0.000
768	  T	  4.4	  0.2	0.161	0.000	0.000
769	  S	  2.0	  0.2	0.161	0.000	0.000
770	  S	  2.6	  0.3	0.161	0.000	0.000
771	  H	  2.0	  0.3	0.000	0.000	0.000
772	  T	  1.8	  0.6	0.000	0.000	0.000
773	  S	  0.7	  1.5	0.000	0.000	0.000
774	  D	  0.1	  1.6	0.000	0.000	0.000
775	  N	  0.0	  1.5	0.000	0.000	0.000
776	  E	  0.1	  1.1	0.000	0.000	0.000
777	  K	  0.1	  0.1	0.000	0.000	0.000
778	  P	  0.0	  0.2	0.000	0.000	0.000
779	  A	  0.4	  0.2	0.000	0.000	0.000
780	  S	  5.8	  0.6	0.000	0.000	0.000
781	  L	  6.1	  0.7	0.000	0.000	0.000
782	  S	  6.5	  1.3	0.000	0.000	0.000
783	  S	  2.0	  2.1	0.000	0.000	0.000
784	  S	  1.7	  1.8	0.000	0.000	0.000
785	  S	  1.2	  1.7	0.000	0.000	0.000
786	  L	  0.5	  0.9	0.000	0.000	0.000
787	  I	  0.9	  0.1	0.000	0.000	0.000
788	  E	  0.6	  0.3	0.000	0.000	0.000
789	  S	  0.5	  0.3	0.000	0.000	0.000
790	  D	  0.3	  0.3	0.000	0.000	0.000
791	  H	  4.9	  0.2	0.000	0.000	0.000
792	  I	  5.0	  0.6	0.000	0.000	0.000
793	  A	  4.7	  0.7	0.000	0.000	0.000
794	  D	  0.1	  1.0	0.000	0.000	0.000
795	  G	  0.0	  1.1	0.000	0.000	0.000
796	  T	  1.7	  0.5	0.000	0.000	0.000
797	  T	  3.9	  0.4	0.000	0.000	0.000
798	  T	  4.5	  0.1	0.000	0.000	0.000
799	  S	  3.4	  0.1	0.000	0.000	0.000
800	  T	  4.1	  0.1	0.000	0.000	0.000
801	  T	 21.9	  0.1	0.000	0.000	0.000
802	  F	 22.5	  0.1	0.000	0.000	0.000
803	  Q	 19.8	  0.1	0.000	0.000	0.000
804	  S	  3.1	  0.2	0.000	0.000	0.000
805	  T	  2.3	  0.3	0.000	0.000	0.000
806	  S	  2.8	  0.2	0.000	0.000	0.000
807	  T	  2.8	  0.2	0.000	0.000	0.000
808	  T	  4.3	  0.1	0.000	0.000	0.000
809	  T	  8.0	  0.1	0.000	0.000	0.000
810	  V	  7.2	  0.1	0.000	0.000	0.000
811	  D	  5.2	  0.1	0.000	0.000	0.000
812	  H	  1.4	  0.1	0.000	0.000	0.000
813	  H	  1.5	  0.1	0.000	0.000	0.000
814	  C	  2.0	  0.4	0.000	0.000	0.000
815	  S	  1.9	  0.4	0.000	0.000	0.000
816	  S	 20.6	  0.6	0.000	0.000	0.000
817	  C	 20.3	  0.6	0.000	0.000	0.000
818	  S	 19.8	  0.3	0.365	0.000	0.000
819	  E	  0.5	  0.2	0.365	0.000	0.000
820	  I	  2.5	  0.1	0.365	0.921	0.921
821	  L	  2.9	  0.0	0.365	0.921	0.921
822	  L	  2.9	  0.1	0.365	0.921	0.921
823	  S	  2.6	  0.3	0.365	0.921	0.921
824	  T	  3.4	  0.4	0.000	0.921	0.921
825	  S	  4.0	  1.1	0.000	0.186	0.186
826	  S	  2.3	  1.0	0.000	0.186	0.186
827	  S	  1.6	  0.8	0.000	0.186	0.186
828	  I	  2.6	  0.7	0.000	0.186	0.186
829	  I	  2.5	  1.3	0.000	0.186	0.186
830	  G	  1.9	  1.3	0.000	0.000	0.000
831	  N	  0.0	  2.1	0.000	0.000	0.000
832	  K	  0.6	  2.2	0.000	0.000	0.000
833	  S	  2.5	  1.1	0.000	0.000	0.000
834	  T	  3.2	  1.1	0.000	0.000	0.000
835	  S	  4.5	  0.5	0.000	0.000	0.000
836	  T	  3.0	  0.4	0.000	0.000	0.000
837	  S	  7.6	  0.4	0.000	0.000	0.000
838	  I	  6.3	  0.4	0.000	0.000	0.000
839	  S	  6.1	  0.2	0.000	0.000	0.000
840	  S	  2.3	  0.2	0.255	0.000	0.000
841	  I	  2.1	  0.1	0.255	0.000	0.000
842	  E	  2.1	  0.1	0.255	0.000	0.000
843	  T	  0.9	  0.1	0.255	0.000	0.000
844	  S	  3.4	  1.1	0.255	0.000	0.000
845	  A	  3.4	  1.2	0.255	0.000	0.000
846	  S	  3.9	  2.1	0.122	0.000	0.000
847	  S	  1.2	  2.1	0.000	0.000	0.000
848	  S	  3.2	  1.1	0.000	0.000	0.000
849	  Y	  3.0	  1.0	0.000	0.000	0.000
850	  H	  2.8	  0.3	0.000	0.000	0.000
851	  S	  0.9	  0.3	0.000	0.000	0.000
852	  S	  0.3	  0.3	0.000	0.000	0.000
853	  E	  0.3	  0.2	0.000	0.000	0.000
854	  P	  0.0	  0.0	0.000	0.000	0.000
855	  E	  0.5	  0.0	0.000	0.000	0.000
856	  V	  3.7	  0.0	0.000	0.000	0.000
857	  M	  4.0	  0.1	0.000	0.000	0.000
858	  S	  4.4	  0.9	0.000	0.000	0.000
859	  S	  2.0	  1.7	0.000	0.000	0.000
860	  S	  2.5	  2.3	0.000	0.000	0.000
861	  S	  2.0	  2.3	0.000	0.000	0.000
862	  S	  3.1	  1.7	0.000	0.000	0.000
863	  T	  2.6	  0.9	0.000	0.000	0.000
864	  S	  3.0	  0.3	0.000	0.000	0.000
865	  I	  2.3	  0.2	0.000	0.000	0.000
866	  K	  2.0	  0.1	0.000	0.000	0.000
867	  Q	  1.3	  0.2	0.000	0.000	0.000
868	  S	  0.2	  2.2	0.000	0.000	0.000
869	  S	  0.2	  2.6	0.000	0.000	0.000
870	  D	  0.4	  2.5	0.000	0.000	0.000
871	  S	  0.4	  2.4	0.000	0.000	0.000
872	  I	  0.4	  0.6	0.000	0.000	0.000
873	  P	  0.1	  0.2	0.000	0.000	0.000
874	  S	  2.0	  0.4	0.000	0.000	0.000
875	  T	  3.1	  0.5	0.000	0.000	0.000
876	  S	  3.4	  0.4	0.000	0.000	0.000
877	  Q	  1.6	  0.4	0.000	0.000	0.000
878	  T	  2.1	  0.2	0.000	0.000	0.000
879	  H	  3.3	  0.1	0.000	0.000	0.000
880	  V	  4.0	  0.1	0.000	0.000	0.000
881	  S	  3.0	  0.1	0.000	0.000	0.000
882	  T	  4.0	  0.1	0.000	0.000	0.000
883	  T	  4.3	  0.2	0.000	0.000	0.000
884	  S	  4.4	  0.8	0.000	0.000	0.000
885	  S	  2.1	  0.8	0.000	0.000	0.000
886	  S	 11.0	  0.9	0.000	0.000	0.000
887	  V	 11.3	  0.8	0.000	0.000	0.000
888	  S	 11.2	  0.2	0.000	0.000	0.000
889	  S	  2.2	  0.2	0.000	0.000	0.000
890	  L	  1.0	  0.1	0.000	0.000	0.000
891	  E	  1.1	  0.1	0.000	0.000	0.000
892	  T	  1.8	  0.1	0.000	0.000	0.000
893	  T	  3.5	  0.1	0.000	0.000	0.000
894	  T	  5.0	  0.1	0.000	0.000	0.000
895	  T	  5.0	  0.1	0.000	0.000	0.000
896	  T	  3.6	  0.1	0.000	0.000	0.000
897	  T	  2.0	  0.3	0.000	0.000	0.000
898	  E	  0.4	  0.3	0.000	0.000	0.000
899	  N	  0.1	  0.3	0.000	0.000	0.000
900	  S	  0.1	  0.7	0.000	0.000	0.000
901	  P	  0.0	  0.5	0.000	0.000	0.000
902	  T	  0.1	  1.4	0.000	0.000	0.000
903	  S	  0.1	  1.6	0.000	0.000	0.000
904	  N	  0.1	  1.2	0.000	0.000	0.000
905	  G	  0.1	  1.2	0.000	0.000	0.000
906	  F	  1.6	  0.4	0.000	0.000	0.000
907	  S	  2.4	  0.9	0.000	0.000	0.000
908	  S	  3.2	  1.6	0.000	0.000	0.000
909	  S	  1.8	  1.6	0.000	0.110	0.110
910	  S	  1.5	  1.4	0.000	0.991	0.991
911	  I	  3.9	  0.6	0.000	8.307	8.307
912	  V	  5.8	  0.0	0.000	8.307	8.307
913	  T	  6.0	  0.0	0.000	8.307	8.307
914	  S	  7.4	  0.2	0.000	8.307	8.307
915	  V	 21.7	  0.2	0.000	8.307	8.307
916	  N	 21.1	  0.2	0.000	0.284	0.284
917	  V	 17.1	  1.2	0.000	0.000	0.000
918	  P	  0.2	  1.0	0.000	0.000	0.000
919	  D	  0.3	  1.0	0.000	0.000	0.000
920	  Y	  1.7	  1.0	0.000	0.000	0.000
921	  V	  2.9	  0.1	0.000	0.000	0.000
922	  S	  3.3	  0.7	0.000	0.000	0.000
923	  S	  2.1	  0.7	0.000	0.000	0.000
924	  S	 10.8	  0.8	0.000	0.000	0.000
925	  V	 11.2	  0.8	0.000	0.000	0.000
926	  S	 11.3	  0.3	0.000	0.000	0.000
927	  S	  3.3	  0.5	0.000	0.000	0.000
928	  T	  3.1	  0.4	0.000	0.000	0.000
929	  S	  3.2	  0.5	0.000	0.000	0.000
930	  S	  2.1	  0.4	0.000	0.000	0.000
931	  T	  3.7	  0.2	0.000	0.000	0.000
932	  T	  5.7	  0.2	0.000	0.000	0.000
933	  S	  5.1	  0.1	0.000	0.000	0.000
934	  S	  2.4	  2.2	0.118	0.000	0.000
935	  P	  0.1	  2.2	0.118	0.000	0.000
936	  S	  0.2	  2.3	0.118	0.000	0.000
937	  T	  0.4	  2.4	0.118	0.000	0.000
938	  E	  0.5	  0.3	0.118	0.000	0.000
939	  S	  1.1	  1.3	0.118	0.000	0.000
940	  S	  1.0	  6.5	0.000	0.000	0.000
941	  S	  0.9	  7.0	0.000	0.000	0.000
942	  N	  0.1	  7.0	0.000	0.000	0.000
943	  G	  0.0	  5.9	0.000	0.136	0.136
944	  L	  0.6	  0.7	0.000	2.549	2.549
945	  V	  1.4	  0.0	0.000	2.708	2.708
946	  S	  1.8	  0.0	0.101	2.708	2.708
947	  T	 12.0	  0.0	0.101	2.708	2.708
948	  V	 11.9	  0.0	0.101	2.708	2.708
949	  T	 11.8	  0.1	0.101	1.066	1.066
950	  E	  1.0	  0.2	0.101	0.000	0.000
951	  S	  0.6	  0.3	0.101	0.000	0.000
952	  S	  0.5	  0.3	0.000	0.000	0.000
953	  T	  0.6	  0.5	0.000	0.000	0.000
954	  A	  0.4	  0.5	0.000	0.000	0.000
955	  N	  0.3	  2.3	0.128	0.000	0.000
956	  E	  0.1	  2.3	0.128	0.000	0.000
957	  N	  0.3	  2.2	0.128	0.000	0.000
958	  T	  0.5	  2.2	0.128	0.000	0.000
959	  S	  0.4	  0.3	0.128	0.000	0.000
960	  E	  3.5	  0.3	0.128	0.000	0.000
961	  I	  6.8	  0.1	0.000	0.000	0.000
962	  T	  7.7	  0.0	0.000	0.000	0.000
963	  T	  8.5	  0.1	0.000	0.000	0.000
964	  I	  5.3	  0.1	0.000	0.000	0.000
965	  D	  4.3	  0.2	0.000	0.000	0.000
966	  N	  0.3	  0.3	0.000	0.000	0.000
967	  T	  0.6	  0.2	0.000	0.000	0.000
968	  S	  3.5	  0.2	0.000	0.000	0.000
969	  I	  5.6	  0.1	0.000	0.000	0.000
970	  T	  5.4	  0.1	0.000	0.000	0.000
971	  S	  2.5	  0.2	0.000	0.000	0.000
972	  E	  0.2	  0.2	0.000	0.000	0.000
973	  K	  5.4	  0.1	0.000	0.000	0.000
974	  V	  6.1	  0.1	0.000	0.000	0.000
975	  T	  6.1	  0.4	0.000	0.000	0.000
976	  G	  0.8	  0.4	0.000	0.000	0.000
977	  T	  0.9	  0.5	0.000	0.000	0.000
978	  N	  0.8	  0.5	0.000	0.000	0.000
979	  S	  0.8	  0.1	0.000	0.000	0.000
980	  N	  0.0	  0.4	0.353	0.000	0.000
981	  P	  0.0	  0.4	0.353	0.000	0.000
982	  K	  0.2	  0.4	0.353	0.000	0.000
983	  T	  0.3	  0.5	0.353	0.000	0.000
984	  S	  0.4	  0.2	0.522	0.000	0.000
985	  E	  0.4	  0.1	0.522	0.000	0.000
986	  I	  2.1	  0.1	0.287	0.000	0.000
987	  I	  2.2	  0.1	0.287	0.000	0.000
988	  K	  2.1	  0.1	0.287	0.000	0.000
989	  D	  0.3	  0.2	0.170	0.000	0.000
990	  A	  0.8	  0.2	0.000	0.308	0.308
991	  T	 12.1	  0.1	0.000	0.308	0.308
992	  I	 15.2	  0.1	0.000	0.308	0.308
993	  T	 16.9	  0.1	0.000	0.308	0.308
994	  T	  5.8	  0.2	0.000	0.308	0.308
995	  S	  2.6	  0.7	0.000	0.000	0.000
996	  G	  0.1	  0.7	0.000	0.000	0.000
997	  N	  4.1	  0.6	0.000	0.000	0.000
998	  V	  5.5	  0.6	0.000	0.000	0.000
999	  E	  5.5	  0.1	0.000	0.000	0.000
1000	  S	  2.0	  0.1	0.000	0.000	0.000
1001	  L	  0.7	  0.1	0.000	0.000	0.000
1002	  H	  0.8	  0.2	0.000	0.000	0.000
1003	  S	  1.4	  0.1	0.000	0.000	0.000
1004	  T	  1.4	  0.1	0.000	0.000	0.000
1005	  T	  1.3	  0.1	0.000	0.000	0.000
1006	  P	  0.2	  0.0	0.000	0.000	0.000
1007	  I	  0.6	  0.0	0.000	0.000	0.000
1008	  S	  0.9	  0.2	0.000	0.000	0.000
1009	  S	  2.9	  0.3	0.000	0.000	0.000
1010	  T	  2.6	  0.4	0.000	0.000	0.000
1011	  S	  2.9	  0.3	0.000	0.000	0.000
1012	  I	  2.9	  0.2	0.000	0.235	0.235
1013	  I	  3.5	  0.1	0.000	0.235	0.235
1014	  S	  3.5	  0.5	0.153	0.235	0.235
1015	  T	  1.6	  0.6	0.153	0.235	0.235
1016	  N	  0.8	  0.5	0.153	0.235	0.235
1017	  A	  0.5	  0.5	0.153	0.235	0.235
1018	  I	  1.1	  0.1	0.153	0.235	0.235
1019	  S	  1.8	  1.2	0.153	0.000	0.000
1020	  S	  1.5	  2.6	0.000	0.000	0.000
1021	  S	  0.9	  2.7	0.000	0.000	0.000
1022	  D	  0.3	  2.6	0.000	0.000	0.000
1023	  T	  1.6	  1.5	0.000	0.343	0.343
1024	  T	  2.3	  0.1	0.000	0.913	0.913
1025	  T	  4.5	  0.1	0.000	2.284	2.284
1026	  L	  6.6	  0.0	0.000	3.278	3.278
1027	  T	 16.6	  0.0	0.000	3.278	3.278
1028	  I	 14.7	  0.0	0.000	3.400	3.400
1029	  T	 11.7	  0.0	0.000	2.830	2.830
1030	  N	  0.9	  0.0	0.085	1.635	1.635
1031	  T	  2.1	  0.0	0.085	1.899	1.899
1032	  L	  4.7	  0.0	0.085	2.343	2.343
1033	  T	 33.2	  0.0	0.085	2.028	2.028
1034	  Y	 33.8	  0.0	0.085	1.909	1.909
1035	  S	 33.0	  0.2	0.085	1.113	1.113
1036	  I	  5.9	  0.2	0.000	1.113	1.113
1037	  D	  2.6	  0.3	0.310	0.000	0.000
1038	  S	  3.2	  0.2	0.664	0.000	0.000
1039	  I	  6.0	  0.0	0.664	0.000	0.000
1040	  T	  6.7	  0.0	0.664	0.000	0.000
1041	  T	  7.3	  0.0	0.664	0.000	0.000
1042	  M	  4.2	  0.1	0.664	0.000	0.000
1043	  K	  3.6	  0.1	0.483	0.000	0.000
1044	  T	  1.5	  0.2	0.000	0.000	0.000
1045	  S	  1.5	  0.2	0.000	0.000	0.000
1046	  S	  4.2	  0.1	0.000	0.000	0.000
1047	  I	  6.6	  0.1	0.000	0.000	0.000
1048	  T	  7.9	  0.0	0.000	0.000	0.000
1049	  T	  5.0	  0.0	0.000	0.000	0.000
1050	  A	  1.5	  0.0	0.000	0.000	0.000
1051	  P	  0.0	  0.0	0.000	0.000	0.000
1052	  P	  0.0	  0.0	0.000	0.000	0.000
1053	  P	  0.0	  0.2	0.000	0.000	0.000
1054	  P	  0.0	  0.3	0.000	0.000	0.000
1055	  Q	  0.3	  0.3	0.000	0.000	0.000
1056	  Q	  0.7	  0.4	0.000	0.000	0.000
1057	  K	  0.8	  0.2	0.000	0.000	0.000
1058	  E	  0.6	  0.3	0.000	0.000	0.000
1059	  S	  1.0	  1.0	0.000	0.000	0.000
1060	  S	  1.1	  0.9	0.000	0.000	0.000
1061	  S	  1.5	  0.8	0.000	0.721	0.721
1062	  V	  3.5	  0.7	0.000	7.208	7.208
1063	  L	  3.7	  0.1	0.000	7.684	7.684
1064	  S	  4.0	  0.9	0.000	7.684	7.684
1065	  S	  1.2	  1.0	0.000	8.349	8.349
1066	  S	  1.2	  1.0	0.000	8.563	8.563
1067	  L	  1.8	  0.9	0.000	8.777	8.777
1068	  I	  2.7	  0.1	0.000	8.777	8.777
1069	  I	  3.5	  0.0	0.000	8.277	8.277
1070	  N	  2.2	  0.9	0.000	0.661	0.661
1071	  S	  1.7	  0.9	0.000	0.214	0.214
1072	  S	  0.6	  0.9	0.000	0.000	0.000
1073	  T	  0.6	  1.1	0.000	0.000	0.000
1074	  P	  0.1	  0.2	0.000	0.000	0.000
1075	  T	  4.0	  0.2	0.000	0.000	0.000
1076	  I	  4.4	  0.2	0.000	0.000	0.000
1077	  I	  4.4	  0.0	0.000	0.000	0.000
1078	  P	  0.4	  0.0	0.000	0.000	0.000
1079	  T	  5.0	  0.0	0.000	0.000	0.000
1080	  I	 15.5	  0.0	0.000	0.000	0.000
1081	  N	 15.6	  0.0	0.000	0.000	0.000
1082	  I	 11.0	  0.0	0.000	0.000	0.000
1083	  P	  0.2	  0.0	0.000	0.000	0.000
1084	  I	 13.6	  0.0	0.000	0.000	0.000
1085	  T	 22.6	  0.0	0.000	0.000	0.000
1086	  F	 22.8	  0.2	0.000	0.000	0.000
1087	  E	 10.0	  1.1	0.000	0.000	0.000
1088	  G	  0.3	  1.1	0.000	0.000	0.000
1089	  N	  0.0	  3.7	0.000	0.000	0.000
1090	  A	  0.1	  3.5	0.000	0.000	0.000
1091	  N	  0.1	  2.9	0.115	0.000	0.000
1092	  S	  0.2	  2.9	0.115	0.000	0.000
1093	  L	  0.2	  0.3	0.115	0.000	0.000
1094	  G	  0.2	  0.3	0.115	0.000	0.000
1095	  L	  0.3	  0.7	0.115	0.000	0.000
1096	  K	  0.2	  1.6	0.115	0.000	0.000
1097	  N	  0.2	  3.5	0.000	0.000	0.000
1098	  G	  0.0	  3.7	0.000	0.000	0.000
1099	  D	  0.0	  3.2	0.000	0.000	0.000
1100	  N	  0.8	  2.3	0.000	0.155	0.155
1101	  S	  1.4	  0.4	0.000	4.073	4.073
1102	  W	  2.1	  0.2	0.000	78.194	78.194
1103	  I	  3.2	  0.0	0.000	95.268	95.268
1104	  I	  2.9	  0.2	0.000	96.737	96.737
1105	  G	  2.2	  0.2	0.233	96.861	96.861
1106	  I	  3.9	  0.2	0.233	98.050	98.050
1107	  M	  4.7	  0.2	0.233	97.502	97.502
1108	  M	  4.8	  0.0	0.233	96.604	96.604
1109	  I	  1.5	  0.1	0.233	95.436	95.436
1110	  G	  0.3	  0.1	0.233	81.448	81.448
1111	  L	  1.2	  0.1	0.117	80.171	80.171
1112	  L	  2.4	  0.1	0.000	72.800	72.800
1113	  M	  2.4	  0.0	0.000	54.877	54.877
1114	  I	  1.4	  0.0	0.000	0.020	0.020
