res	aa	Beta	Turn	Helix	Aggregation	Conc-Stab_Aggregation
01	  M	  0.2	  0.0	0.000	0.000	0.000
02	  Y	  0.3	  0.3	0.000	0.000	0.000
03	  G	  0.4	  0.3	0.000	0.000	0.000
04	  A	  0.3	  0.5	0.000	0.000	0.000
05	  A	  0.5	  0.6	0.000	0.000	0.000
06	  S	  1.8	  0.4	0.000	0.000	0.000
07	  H	  1.8	  0.6	0.000	0.000	0.000
08	  S	  1.6	  0.5	0.000	0.000	0.000
09	  Q	  0.2	  0.8	0.000	0.000	0.000
10	  A	  0.1	  0.8	0.000	0.000	0.000
11	  G	  0.1	  0.6	0.000	0.000	0.000
12	  H	  0.1	  1.2	0.000	0.000	0.000
13	  S	  0.0	  1.6	0.000	0.000	0.000
14	  N	  0.1	  1.5	0.409	0.000	0.000
15	  N	  0.2	  1.4	1.151	0.000	0.000
16	  C	  0.7	  0.9	1.289	0.000	0.000
17	  A	  0.7	  0.2	1.289	0.000	0.000
18	  R	  0.7	  0.2	1.289	0.000	0.000
19	  A	  0.3	  0.3	1.289	0.000	0.000
20	  H	  0.2	  1.2	1.164	0.000	0.000
21	  N	  0.1	  3.0	0.697	0.000	0.000
22	  G	  0.0	  3.0	0.126	0.000	0.000
23	  N	  0.0	  2.9	0.000	0.000	0.000
24	  N	  0.1	  2.0	0.000	0.000	0.000
25	  K	  0.9	  0.2	0.000	0.000	0.000
26	  T	  2.5	  0.2	0.000	0.000	0.000
27	  T	  4.2	  0.2	0.000	0.000	0.000
28	  T	  6.1	  0.0	0.000	0.000	0.000
29	  T	  4.6	  0.0	0.000	0.000	0.000
30	  T	  2.9	  0.2	0.000	0.000	0.000
31	  P	  0.2	  0.2	0.000	0.000	0.000
32	  T	  2.5	  0.3	0.000	0.000	0.000
33	  T	  4.0	  0.3	0.000	0.000	0.000
34	  K	  4.7	  0.1	0.000	0.000	0.000
35	  C	  3.7	  0.1	0.000	0.000	0.000
36	  V	  5.5	  0.0	0.000	0.000	0.000
37	  S	  6.3	  0.0	0.940	0.000	0.000
38	  I	  5.4	  0.0	0.940	0.000	0.000
39	  E	  2.2	  0.0	0.940	0.000	0.000
40	  K	  3.0	  0.0	0.940	0.000	0.000
41	  I	  3.8	  0.1	0.940	0.000	0.000
42	  K	  4.0	  0.1	0.940	0.000	0.000
43	  T	  2.2	  0.1	0.409	0.000	0.000
44	  S	  2.0	  0.4	0.409	0.000	0.000
45	  H	  1.9	  1.9	0.150	0.000	0.000
46	  S	  1.3	  3.3	0.000	0.000	0.000
47	  N	  0.0	  3.3	0.000	0.000	0.000
48	  G	  0.0	  3.1	0.000	1.030	1.030
49	  H	  2.8	  1.4	0.000	12.682	12.682
50	  F	  5.1	  0.0	0.000	63.698	63.698
51	  C	  6.7	  0.0	0.000	67.597	67.597
52	  V	  7.9	  0.0	0.000	77.884	77.884
53	  I	  6.2	  0.1	0.000	78.724	78.724
54	  S	  5.1	  0.1	0.000	77.166	77.166
55	  H	  2.6	  0.1	0.000	77.047	77.047
56	  Y	  2.6	  0.1	0.000	78.233	78.233
57	  L	  2.4	  0.0	0.000	77.863	77.863
58	  Y	  2.0	  0.0	0.000	73.781	73.781
59	  A	  1.5	  0.0	0.000	56.432	56.432
60	  C	  4.4	  0.0	0.000	41.669	41.669
61	  T	 15.8	  0.0	0.231	37.683	37.683
62	  I	 18.9	  0.0	0.231	35.261	35.261
63	  S	 16.1	  0.0	1.008	7.301	7.301
64	  M	  4.2	  0.0	1.008	3.808	3.808
65	  M	  2.0	  0.0	1.008	1.914	1.914
66	  R	  2.4	  0.0	1.008	0.000	0.000
67	  M	  2.9	  0.0	1.008	35.152	35.152
68	  I	  3.6	  0.0	0.874	59.436	59.436
69	  A	  3.5	  0.0	0.874	62.821	62.821
70	  I	  4.3	  0.0	0.758	66.741	66.741
71	  L	  2.1	  0.0	0.758	67.009	67.009
72	  T	  1.6	  0.2	0.257	60.536	60.536
73	  G	  0.4	  0.2	0.257	53.378	53.378
74	  I	 10.3	  0.2	0.000	52.667	52.667
75	  T	 11.3	  0.1	0.000	43.652	43.652
76	  M	 11.5	  0.0	0.000	38.088	38.088
77	  Y	  8.3	  0.0	0.000	31.309	31.309
78	  N	  7.4	  2.0	0.000	4.863	4.863
79	  C	  7.1	  2.5	0.000	0.850	0.850
80	  D	  0.5	  2.5	0.000	0.000	0.000
81	  G	  0.1	  2.6	0.491	0.000	0.000
82	  E	  0.3	  0.6	0.491	0.000	0.000
83	  K	  1.2	  0.2	0.491	0.000	0.000
84	  T	  3.8	  0.1	0.794	0.000	0.000
85	  T	  4.2	  0.1	1.035	0.000	0.000
86	  K	  3.4	  0.1	1.035	0.000	0.000
87	  E	  0.8	  0.1	0.814	0.000	0.000
88	  A	  0.3	  0.1	0.643	0.000	0.000
89	  C	  0.3	  0.2	0.643	0.000	0.000
90	  E	  0.7	  0.2	0.392	0.000	0.000
91	  T	  1.6	  0.2	0.787	0.000	0.000
92	  K	  1.7	  0.3	0.787	0.000	0.000
93	  K	  1.5	  0.2	0.509	0.000	0.000
94	  E	  0.7	  0.2	0.394	0.000	0.000
95	  K	  1.5	  0.2	0.394	0.000	0.000
96	  C	  1.4	  0.1	0.394	0.000	0.000
97	  D	  1.1	  0.0	0.118	0.000	0.000
98	  P	  0.1	  0.0	0.000	0.000	0.000
99	  V	  0.9	  0.0	0.000	0.000	0.000
100	  C	  2.4	  0.0	0.000	0.000	0.000
101	  Q	  2.4	  0.0	0.000	0.000	0.000
102	  V	  1.5	  0.0	0.000	0.000	0.000
