res	aa	Beta	Turn	Helix	Aggregation	Conc-Stab_Aggregation
01	  M	  0.1	  0.0	0.000	0.000	0.000
02	  K	  0.2	  0.1	0.000	0.000	0.000
03	  K	  0.4	  0.1	0.000	0.000	0.000
04	  L	  0.9	  0.1	0.000	0.000	0.000
05	  Y	  0.9	  0.0	0.000	0.000	0.000
06	  L	  0.6	  0.0	0.000	0.000	0.000
07	  L	  0.0	  0.0	0.000	0.000	0.000
08	  Y	  0.0	  0.0	0.000	0.000	0.000
09	  L	  0.0	  0.0	-1.#IO	0.000	0.000
10	  L	  0.0	  0.0	-1.#IO	0.000	0.000
11	  A	  0.0	  0.0	-1.#IO	0.000	0.000
12	  S	  0.0	  0.0	-1.#IO	0.000	0.000
13	  F	  0.0	  0.0	-1.#IO	0.000	0.000
14	  T	  0.0	  0.0	-1.#IO	0.000	0.000
15	  T	  0.0	  0.0	-1.#IO	0.000	0.000
16	  V	  0.0	  0.0	-1.#IO	0.000	0.000
17	  I	  0.0	  0.0	-1.#IO	0.000	0.000
18	  S	  0.0	  0.0	-1.#IO	0.000	0.000
19	  K	  0.0	  0.0	-1.#IO	0.000	0.000
20	  E	  0.0	  0.0	-1.#IO	0.000	0.000
21	  V	  0.0	  0.0	-1.#IO	0.000	0.000
22	  T	  0.0	  0.0	0.000	0.000	0.000
23	  G	  0.0	  0.0	0.000	0.000	0.000
24	  V	  3.5	  0.0	0.000	0.306	0.306
25	  F	  5.0	  0.0	0.000	0.306	0.306
26	  N	  6.0	  0.0	0.000	0.306	0.306
27	  Q	  4.5	  0.0	0.000	0.306	0.306
28	  F	  4.3	  0.1	0.000	1.977	1.977
29	  N	  3.2	  0.1	0.000	1.881	1.881
30	  S	  1.6	  0.1	0.000	3.535	3.535
31	  L	  0.6	  0.1	0.000	15.529	15.529
32	  I	  1.1	  0.1	0.000	15.961	15.961
33	  W	  3.7	  0.0	0.000	15.807	15.807
34	  S	  9.1	  0.0	0.000	15.043	15.043
35	  Y	  8.6	  0.0	0.000	14.806	14.806
36	  T	  5.9	  0.0	0.000	3.397	3.397
37	  Y	  0.0	  0.0	0.000	0.000	0.000
38	  R	  0.0	  0.0	0.000	0.000	0.000
39	  A	  0.0	  0.0	-1.#IO	0.000	0.000
40	  R	  0.0	  0.0	-1.#IO	0.000	0.000
41	  Y	  0.0	  0.0	-1.#IO	0.000	0.000
42	  E	  0.0	  0.0	-1.#IO	0.000	0.000
43	  E	  0.0	  0.0	-1.#IO	0.000	0.000
44	  I	  0.0	  0.0	-1.#IO	0.000	0.000
45	  S	  0.0	  0.0	-1.#IO	0.000	0.000
46	  T	  0.0	  0.0	-1.#IO	0.000	0.000
47	  L	  0.0	  0.0	-1.#IO	0.000	0.000
48	  T	  0.0	  0.0	-1.#IO	0.000	0.000
49	  A	  0.0	  0.0	-1.#IO	0.000	0.000
50	  K	  0.0	  0.0	-1.#IO	0.000	0.000
51	  A	  0.0	  0.0	-1.#IO	0.000	0.000
52	  Q	  0.0	  0.0	-1.#IO	0.000	0.000
53	  L	  0.0	  0.0	-1.#IO	0.000	0.000
54	  E	  0.0	  0.0	-1.#IO	0.000	0.000
55	  W	  0.0	  0.0	-1.#IO	0.000	0.000
56	  A	  0.0	  0.0	-1.#IO	0.000	0.000
57	  L	  0.0	  0.0	-1.#IO	0.000	0.000
58	  D	  0.0	  0.0	-1.#IO	0.000	0.000
59	  G	  0.0	  0.0	-1.#IO	0.000	0.000
60	  T	  0.0	  0.0	-1.#IO	0.000	0.000
61	  I	  0.0	  0.0	-1.#IO	0.000	0.000
62	  A	  0.0	  0.0	-1.#IO	0.000	0.000
63	  S	  0.0	  0.0	-1.#IO	0.000	0.000
64	  P	  0.0	  0.0	-1.#IO	0.000	0.000
65	  G	  0.0	  0.0	-1.#IO	0.000	0.000
66	  D	  0.0	  0.0	-1.#IO	0.000	0.000
67	  T	  0.0	  0.0	-1.#IO	0.000	0.000
68	  F	  0.0	  0.0	0.000	0.000	0.000
69	  T	  0.0	  0.0	0.000	0.000	0.000
70	  L	  3.2	  0.0	0.000	0.000	0.000
71	  V	  3.6	  0.0	0.000	0.000	0.000
72	  M	  3.6	  0.0	0.000	0.000	0.000
73	  P	  0.4	  0.0	0.000	0.000	0.000
74	  C	  0.8	  0.0	0.000	0.000	0.000
75	  V	  1.9	  0.0	0.000	0.259	0.259
76	  Y	  3.0	  0.0	0.000	0.259	0.259
77	  K	  2.5	  0.0	0.000	0.259	0.259
78	  F	  1.8	  0.0	0.000	0.259	0.259
79	  M	  5.0	  0.0	0.000	0.259	0.259
80	  T	 14.9	  0.0	0.000	0.259	0.259
81	  Y	 14.8	  0.1	0.000	0.259	0.259
82	  E	 10.7	  0.1	0.000	0.259	0.259
83	  T	  1.2	  0.1	0.000	0.124	0.124
84	  S	  1.9	  0.1	0.407	0.124	0.124
85	  V	  6.3	  0.0	0.515	0.124	0.124
86	  Q	  6.4	  0.0	0.515	0.000	0.000
87	  L	  6.0	  0.0	0.515	0.000	0.000
88	  T	  1.9	  0.3	0.515	0.000	0.000
89	  A	  1.0	  0.4	0.515	0.000	0.000
90	  N	  0.6	  0.4	0.515	0.000	0.000
91	  S	  0.6	  0.4	0.000	0.210	0.210
92	  I	  2.4	  0.0	0.000	0.633	0.633
93	  A	  2.2	  0.0	0.000	0.633	0.633
94	  Y	  2.2	  0.2	0.000	0.633	0.633
95	  A	  0.7	  0.2	0.000	0.633	0.633
96	  T	  2.5	  0.3	0.000	0.423	0.423
97	  C	  2.6	  0.3	0.000	0.000	0.000
98	  D	  2.7	  0.7	0.000	0.000	0.000
99	  F	  1.6	  0.8	0.000	0.000	0.000
100	  D	  1.2	  1.8	0.000	0.000	0.000
101	  A	  0.8	  2.0	0.000	0.000	0.000
102	  G	  0.0	  1.6	0.559	0.000	0.000
103	  E	  0.1	  1.5	0.559	0.000	0.000
104	  D	  0.2	  0.4	0.559	0.000	0.000
105	  T	  2.8	  0.4	0.559	0.000	0.000
106	  K	  3.1	  0.2	0.559	0.000	0.000
107	  S	 22.8	  0.3	0.559	0.000	0.000
108	  F	 21.4	  0.5	0.213	0.000	0.000
109	  S	 21.1	  0.4	0.000	0.000	0.000
110	  S	  1.9	  0.4	0.000	0.000	0.000
111	  L	  1.9	  0.3	0.000	0.000	0.000
112	  K	  4.2	  0.1	0.000	0.000	0.000
113	  C	  8.6	  0.0	0.000	0.000	0.000
114	  T	 17.2	  0.0	0.000	0.000	0.000
115	  V	 16.1	  0.0	0.000	0.000	0.000
116	  T	 11.5	  0.1	0.000	0.000	0.000
117	  D	  1.4	  0.2	0.300	0.000	0.000
118	  E	  0.6	  0.2	0.300	0.000	0.000
119	  L	  0.6	  0.1	0.300	0.000	0.000
120	  T	  0.6	  0.4	0.300	0.000	0.000
121	  E	  0.2	  0.3	0.300	0.000	0.000
122	  D	  0.2	  0.5	0.300	0.000	0.000
123	  T	  1.1	  0.5	0.000	0.172	0.172
124	  S	  1.9	  0.2	0.000	0.847	0.847
125	  V	  2.6	  0.3	0.000	15.752	15.752
126	  F	  1.8	  0.8	0.000	16.814	16.814
127	  G	  1.0	  0.8	0.000	16.814	16.814
128	  S	  1.2	  0.8	0.000	16.814	16.814
129	  V	 15.0	  0.7	0.000	16.814	16.814
130	  I	 15.3	  0.0	0.000	15.698	15.698
131	  L	 14.3	  0.0	0.000	0.964	0.964
132	  P	  0.3	  0.0	0.000	0.513	0.513
133	  I	  1.5	  0.0	0.000	3.974	3.974
134	  A	  1.7	  0.0	0.000	3.974	3.974
135	  F	  6.9	  0.0	0.000	3.974	3.974
136	  N	  5.5	  0.2	0.000	3.974	3.974
137	  V	  5.3	  0.7	0.000	3.974	3.974
138	  G	  0.1	  1.4	0.000	0.326	0.326
139	  G	  0.1	  1.8	0.000	0.000	0.000
140	  S	  0.3	  2.2	0.000	0.000	0.000
141	  G	  0.3	  1.8	0.000	0.000	0.000
142	  S	  2.3	  1.7	0.000	0.000	0.000
143	  K	  2.6	  1.3	0.000	0.000	0.000
144	  S	  3.0	  0.7	0.152	0.000	0.000
145	  T	 12.4	  0.6	0.152	0.000	0.000
146	  I	 12.2	  0.1	0.152	0.000	0.000
147	  T	 12.2	  0.1	0.152	0.000	0.000
148	  D	  1.0	  0.3	0.152	0.000	0.000
149	  S	  1.0	  0.4	0.152	0.000	0.000
150	  K	  1.2	  0.4	0.000	0.000	0.000
151	  C	  4.7	  0.3	0.000	0.000	0.000
152	  F	  5.7	  0.5	0.000	0.208	0.208
153	  S	  5.2	  0.7	0.000	0.208	0.208
154	  S	  1.6	  0.7	0.000	0.208	0.208
155	  G	  0.2	  0.8	0.000	0.406	0.406
156	  Y	  0.8	  0.4	0.000	2.777	2.777
157	  N	  1.5	  0.1	0.204	3.396	3.396
158	  T	 11.3	  0.1	0.204	18.770	18.770
159	  V	 18.0	  0.0	0.204	18.770	18.770
160	  T	 22.7	  0.0	0.204	18.770	18.770
161	  F	 14.6	  0.1	0.204	18.770	18.770
162	  F	  7.1	  0.3	0.204	18.600	18.600
163	  D	  1.6	  1.8	0.000	0.000	0.000
164	  G	  0.3	  1.9	0.000	0.000	0.000
165	  N	  0.0	  1.8	0.000	0.000	0.000
166	  N	  0.1	  1.7	0.000	0.000	0.000
167	  Q	  0.8	  0.2	0.000	0.000	0.000
168	  L	  0.9	  0.1	0.000	0.000	0.000
169	  S	  1.6	  0.1	0.000	0.000	0.000
170	  T	  1.5	  0.1	0.000	0.000	0.000
171	  T	  1.6	  0.5	0.000	0.000	0.000
172	  A	  1.0	  0.5	0.000	0.000	0.000
173	  N	  0.4	  0.4	0.000	0.000	0.000
174	  F	  0.3	  0.4	0.000	0.000	0.000
175	  L	  0.3	  0.2	0.000	0.000	0.000
176	  P	  0.1	  0.2	1.347	0.000	0.000
177	  R	  0.1	  0.2	1.461	0.000	0.000
178	  R	  0.2	  0.3	1.461	0.000	0.000
179	  E	  0.2	  0.1	1.461	0.000	0.000
180	  L	  0.4	  0.1	1.461	79.811	79.811
181	  A	  0.4	  0.0	1.461	83.730	83.730
182	  F	  0.5	  0.1	1.304	90.100	90.100
183	  G	  0.3	  0.1	0.471	90.124	90.124
184	  L	  1.9	  0.1	0.000	90.136	90.136
185	  V	  6.1	  0.1	0.000	89.660	89.660
186	  V	  7.9	  0.0	0.000	83.722	83.722
187	  S	  6.7	  0.1	0.172	5.784	5.784
188	  Q	  2.6	  0.1	0.172	0.241	0.241
189	  R	  1.2	  0.1	0.172	0.000	0.000
190	  L	  2.3	  0.1	0.172	0.000	0.000
191	  S	  8.1	  0.4	0.172	0.000	0.000
192	  M	  9.7	  0.4	0.172	0.000	0.000
193	  S	 10.1	  1.0	0.187	0.000	0.000
194	  L	  4.4	  1.0	0.187	0.000	0.000
195	  D	  2.3	  0.6	0.683	0.000	0.000
196	  T	  3.2	  0.6	0.683	0.000	0.000
197	  M	  3.3	  0.2	0.683	0.273	0.273
198	  T	  3.8	  0.1	0.683	0.563	0.563
199	  N	  1.5	  0.1	0.683	0.563	0.563
200	  F	  2.8	  0.1	0.683	0.563	0.563
201	  V	  5.5	  0.0	0.000	0.563	0.563
202	  M	  5.2	  0.0	0.000	0.440	0.440
203	  S	  3.7	  0.0	0.000	0.000	0.000
204	  T	  0.4	  0.2	0.000	0.000	0.000
205	  P	  0.1	  0.2	0.000	0.000	0.000
206	  C	  1.8	  0.2	0.000	0.000	0.000
207	  F	  2.5	  0.3	0.000	0.000	0.000
208	  M	  2.7	  0.1	0.000	0.000	0.000
209	  G	  1.0	  0.1	0.000	0.000	0.000
210	  Y	  1.7	  0.4	0.000	0.000	0.000
211	  Q	  1.5	  0.6	0.000	0.000	0.000
212	  S	  1.5	  0.8	0.000	0.000	0.000
213	  G	  0.0	  1.0	0.000	0.000	0.000
214	  K	  0.1	  0.7	0.000	0.000	0.000
215	  L	  0.2	  0.4	0.000	0.000	0.000
216	  G	  0.3	  0.2	0.000	0.000	0.000
217	  F	  3.1	  0.0	0.000	0.000	0.000
218	  T	  3.1	  0.4	0.000	0.000	0.000
219	  S	  3.0	  1.0	0.000	0.000	0.000
220	  N	  0.1	  3.0	0.000	0.000	0.000
221	  D	  0.0	  4.1	0.000	0.000	0.000
222	  D	  0.1	  3.8	0.000	0.000	0.000
223	  D	  1.3	  3.2	0.000	0.000	0.000
224	  F	  6.4	  1.2	0.000	0.000	0.000
225	  E	  9.0	  0.0	0.000	0.000	0.000
226	  I	 10.4	  0.1	0.000	0.000	0.000
227	  D	  5.9	  0.4	0.391	0.000	0.000
228	  C	  3.5	  0.6	0.391	0.000	0.000
229	  S	  1.0	  0.6	0.391	0.000	0.000
230	  S	  1.4	  0.6	0.391	0.000	0.000
231	  I	  4.2	  0.2	0.391	0.000	0.000
232	  H	  4.4	  0.2	0.391	0.000	0.000
233	  V	  4.1	  0.3	0.285	0.000	0.000
234	  G	  1.0	  0.3	0.285	0.000	0.000
235	  I	  1.2	  0.4	0.000	0.000	0.000
236	  T	  0.9	  0.2	0.000	0.000	0.000
237	  N	  0.6	  0.0	0.000	0.000	0.000
238	  E	  3.6	  0.1	0.000	0.000	0.000
239	  I	  3.7	  0.1	0.000	0.000	0.000
240	  N	  3.7	  0.1	0.000	0.000	0.000
241	  D	  0.6	  0.3	0.000	0.000	0.000
242	  W	  4.2	  0.3	0.000	0.000	0.000
243	  S	  4.2	  0.2	0.000	0.000	0.000
244	  M	  3.8	  0.2	0.000	0.000	0.000
245	  P	  0.1	  0.0	0.000	0.000	0.000
246	  V	  1.3	  0.1	0.000	0.000	0.000
247	  S	  1.6	  0.1	0.000	0.000	0.000
248	  S	  1.7	  0.1	0.000	0.000	0.000
249	  V	  0.5	  0.1	0.000	0.000	0.000
250	  P	  0.2	  0.1	0.000	0.000	0.000
251	  F	  0.5	  0.1	0.000	0.000	0.000
252	  D	  0.5	  0.1	0.000	0.000	0.000
253	  H	  3.5	  0.1	0.000	0.000	0.000
254	  T	  9.7	  0.1	0.000	0.000	0.000
255	  I	 13.3	  0.0	0.000	0.000	0.000
256	  R	 11.8	  0.0	0.000	0.000	0.000
257	  C	  6.5	  0.1	0.000	0.000	0.000
258	  T	  3.1	  0.1	0.365	0.000	0.000
259	  S	  1.8	  0.1	0.612	0.000	0.000
260	  R	  0.7	  0.1	0.612	0.000	0.000
261	  A	  0.3	  0.1	0.612	0.000	0.000
262	  L	  0.9	  0.0	0.612	0.130	0.130
263	  Y	  1.7	  0.0	0.612	0.130	0.130
264	  I	  4.4	  0.0	0.384	0.130	0.130
265	  E	  6.7	  0.0	0.384	0.130	0.130
266	  F	  6.1	  0.1	0.384	0.130	0.130
267	  K	  4.8	  0.1	0.384	0.130	0.130
268	  T	  2.2	  0.1	0.000	0.000	0.000
269	  I	  1.9	  0.3	0.000	0.000	0.000
270	  P	  0.5	  0.5	0.000	0.000	0.000
271	  A	  0.0	  0.5	0.000	0.000	0.000
272	  G	  0.1	  0.5	0.000	0.000	0.000
273	  Y	  0.5	  0.4	0.000	0.000	0.000
274	  R	  0.5	  0.0	0.000	0.000	0.000
275	  P	  0.4	  0.0	0.000	0.000	0.000
276	  F	  1.3	  0.1	0.000	0.000	0.000
277	  V	  1.8	  0.1	0.000	0.000	0.000
278	  D	  1.9	  0.1	0.000	0.000	0.000
279	  A	  1.2	  0.1	0.000	0.000	0.000
280	  I	  4.0	  0.0	0.000	0.000	0.000
281	  V	 10.1	  0.0	0.000	0.000	0.000
282	  Q	  9.7	  0.0	0.000	0.000	0.000
283	  I	  6.5	  0.0	0.000	0.000	0.000
284	  P	  0.1	  0.0	0.000	0.000	0.000
285	  T	  0.7	  0.0	0.000	0.000	0.000
286	  T	  0.7	  0.0	0.000	0.000	0.000
287	  E	  0.7	  0.0	0.000	0.000	0.000
288	  P	  0.0	  0.0	0.000	0.000	0.000
289	  F	  1.3	  0.0	0.000	0.188	0.188
290	  F	  3.3	  0.0	0.000	0.188	0.188
291	  V	  6.5	  0.0	0.000	0.188	0.188
292	  K	  8.1	  0.0	0.000	0.188	0.188
293	  Y	  8.0	  0.1	0.000	0.188	0.188
294	  T	  5.0	  0.1	0.000	0.188	0.188
295	  N	  2.0	  0.1	0.223	0.188	0.188
296	  E	  0.4	  0.1	0.223	0.188	0.188
297	  F	  1.7	  0.0	0.223	0.188	0.188
298	  A	  1.8	  0.0	0.223	0.188	0.188
299	  C	  3.0	  0.3	0.223	0.188	0.188
300	  V	  2.0	  3.7	0.223	0.188	0.188
301	  N	  1.9	  3.8	0.223	0.000	0.000
302	  G	  0.4	  3.8	0.000	0.000	0.000
303	  I	  1.5	  3.5	0.000	0.000	0.000
304	  Y	  4.3	  0.1	0.000	0.000	0.000
305	  T	  4.9	  0.1	0.000	0.000	0.000
306	  S	  3.6	  0.1	0.000	0.000	0.000
307	  I	  0.7	  0.1	0.000	0.000	0.000
308	  P	  0.1	  0.0	0.000	0.116	0.116
309	  F	  2.9	  0.0	0.000	10.571	10.571
310	  T	  4.3	  0.0	0.000	10.571	10.571
311	  S	  5.4	  0.0	0.000	10.571	10.571
312	  F	  4.7	  0.0	0.000	10.571	10.571
313	  F	  7.3	  0.0	0.000	10.571	10.571
314	  S	  6.4	  0.0	0.000	1.164	1.164
315	  Q	  4.2	  0.0	0.000	0.000	0.000
316	  P	  0.1	  0.0	0.000	0.000	0.000
317	  I	  1.5	  0.0	0.000	0.000	0.000
318	  L	  1.9	  0.0	0.000	0.000	0.000
319	  Y	  2.1	  0.0	0.000	0.000	0.000
320	  D	  0.6	  0.1	1.044	0.000	0.000
321	  E	  0.2	  0.1	1.044	0.000	0.000
322	  A	  0.1	  0.1	1.044	0.000	0.000
323	  L	  0.4	  0.0	1.044	0.000	0.000
324	  A	  0.5	  0.1	1.044	0.000	0.000
325	  I	  0.5	  0.5	1.044	0.000	0.000
326	  G	  0.2	  1.0	1.300	0.000	0.000
327	  A	  0.1	  1.0	0.682	0.000	0.000
328	  D	  0.2	  0.9	0.427	0.000	0.000
329	  L	  0.4	  0.5	0.257	0.000	0.000
330	  V	  1.0	  0.0	0.257	0.000	0.000
331	  R	  1.1	  0.0	0.257	0.000	0.000
332	  T	  3.7	  0.1	0.000	0.000	0.000
333	  T	  3.8	  0.1	0.000	0.166	0.166
334	  S	  3.9	  0.1	0.000	0.166	0.166
335	  T	  4.5	  0.1	0.000	0.624	0.624
336	  V	  4.6	  0.1	0.000	1.385	1.385
337	  I	  4.2	  0.3	0.000	1.385	1.385
338	  G	  1.0	  0.3	0.000	1.219	1.219
339	  S	  2.9	  0.3	0.000	1.219	1.219
340	  I	  6.6	  0.3	0.000	1.219	1.219
341	  T	  7.1	  0.1	0.000	0.458	0.458
342	  R	  4.6	  0.1	0.000	0.000	0.000
343	  T	  2.5	  0.1	0.000	0.000	0.000
344	  T	  3.5	  0.1	0.000	0.000	0.000
345	  T	  3.5	  0.0	0.000	0.000	0.000
346	  L	  1.9	  0.0	0.000	0.000	0.000
347	  P	  0.2	  0.0	0.241	0.000	0.000
348	  F	  1.0	  0.0	0.241	0.000	0.000
349	  I	  2.0	  0.1	0.241	0.000	0.000
350	  S	  2.1	  0.1	0.241	0.000	0.000
351	  R	  1.5	  0.1	0.241	0.000	0.000
352	  L	  0.7	  0.1	0.241	0.000	0.000
353	  Q	  0.8	  0.1	0.241	0.000	0.000
354	  K	  1.1	  0.1	0.124	0.000	0.000
355	  T	  2.3	  0.1	0.000	0.000	0.000
356	  K	  2.8	  0.1	0.000	0.000	0.000
357	  T	  4.6	  0.1	0.000	80.685	80.685
358	  I	  6.3	  0.1	0.000	80.685	80.685
359	  L	  7.4	  0.0	0.000	80.685	80.685
360	  V	  8.2	  0.0	0.000	80.685	80.685
361	  L	  5.2	  0.0	0.000	80.685	80.685
362	  E	  3.3	  0.0	0.000	0.000	0.000
363	  P	  0.1	  0.0	0.000	0.000	0.000
364	  I	  0.0	  0.0	0.000	0.000	0.000
365	  P	  0.0	  0.0	0.000	0.000	0.000
366	  T	  1.5	  0.0	0.000	0.000	0.000
367	  T	  3.4	  0.0	0.000	0.000	0.000
368	  T	 13.8	  0.0	0.000	0.000	0.000
369	  V	 13.9	  0.0	0.000	0.000	0.000
370	  T	 14.5	  0.0	0.000	0.000	0.000
371	  T	  4.7	  0.1	0.000	0.000	0.000
372	  S	  3.5	  0.2	0.000	0.000	0.000
373	  H	  1.2	  0.6	0.000	0.000	0.000
374	  H	  0.7	  0.5	0.000	0.000	0.000
375	  G	  0.4	  0.5	0.258	0.000	0.000
376	  F	  0.8	  0.4	0.258	0.000	0.000
377	  D	  2.0	  0.1	0.258	0.000	0.000
378	  T	  6.3	  0.0	0.258	5.291	5.291
379	  W	  6.4	  0.0	0.258	5.291	5.291
380	  Y	  6.2	  0.0	0.258	5.291	5.291
381	  Y	  5.7	  0.0	0.140	5.291	5.291
382	  T	  5.8	  0.1	0.000	5.291	5.291
383	  K	  4.9	  0.1	0.000	0.000	0.000
384	  K	  1.5	  0.1	0.000	0.000	0.000
385	  A	  1.3	  0.1	0.000	0.000	0.000
386	  T	  1.5	  0.2	0.000	0.000	0.000
387	  I	  1.1	  4.1	0.000	0.000	0.000
388	  G	  0.4	  4.2	0.000	0.000	0.000
389	  D	  0.0	  4.2	0.429	0.000	0.000
390	  T	  1.1	  4.1	0.429	5.552	5.552
391	  A	  1.7	  0.1	0.429	14.032	14.032
392	  T	  6.6	  0.0	0.429	14.032	14.032
393	  V	  7.8	  0.0	0.429	14.032	14.032
394	  F	  8.2	  0.1	0.429	14.032	14.032
395	  I	 12.8	  0.1	0.000	13.588	13.588
396	  D	 10.6	  0.1	0.000	0.000	0.000
397	  V	  9.7	  0.1	0.000	0.000	0.000
398	  P	  0.1	  0.0	0.000	0.000	0.000
399	  Q	  0.4	  0.1	0.000	0.000	0.000
400	  H	  1.1	  0.1	0.000	0.000	0.000
401	  T	  2.3	  0.1	0.000	0.376	0.376
402	  A	  2.0	  0.0	0.000	1.127	1.127
403	  T	  2.0	  0.0	0.000	1.918	1.918
404	  T	  3.4	  0.0	0.000	3.232	3.232
405	  L	  3.5	  0.1	0.000	4.971	4.971
406	  T	  6.1	  0.0	0.000	4.971	4.971
407	  T	  8.9	  0.0	0.000	4.971	4.971
408	  Y	  9.9	  0.0	0.000	4.971	4.971
409	  W	  7.2	  0.0	0.000	4.418	4.418
410	  Q	  2.1	  0.1	0.000	0.000	0.000
411	  E	  0.7	  0.2	0.000	0.000	0.000
412	  S	  0.4	  0.3	0.000	0.000	0.000
413	  S	  0.5	  0.3	0.000	0.000	0.000
414	  T	  1.5	  0.2	0.000	0.000	0.000
415	  A	  1.3	  0.2	0.000	0.000	0.000
416	  T	  2.8	  0.0	0.000	0.000	0.000
417	  T	  5.0	  0.0	0.000	0.000	0.000
418	  T	 11.2	  0.0	0.000	0.000	0.000
419	  Y	 11.0	  0.1	0.000	0.000	0.000
420	  F	  7.9	  0.4	0.000	0.000	0.000
421	  D	  1.8	  0.4	0.105	0.000	0.000
422	  D	  1.0	  0.7	0.105	0.000	0.000
423	  I	  3.5	  0.6	0.105	0.000	0.000
424	  D	  3.6	  0.3	0.219	0.000	0.000
425	  L	  3.3	  0.3	0.219	2.145	2.145
426	  V	  1.3	  0.1	0.219	2.474	2.474
427	  D	  1.5	  0.0	0.363	2.474	2.474
428	  T	  3.8	  0.0	0.348	2.474	2.474
429	  V	 15.7	  0.0	0.348	2.474	2.474
430	  I	 17.6	  0.0	0.348	2.474	2.474
431	  V	 25.0	  0.0	0.348	2.474	2.474
432	  K	 12.6	  0.0	0.348	2.474	2.474
433	  I	 10.3	  0.0	0.090	0.257	0.257
434	  P	  0.2	  0.0	0.000	0.121	0.121
435	  Y	  0.0	  0.0	0.000	0.000	0.000
436	  P	  0.0	  0.0	0.000	0.000	0.000
437	  N	  0.0	  0.2	0.000	0.000	0.000
438	  P	  0.0	  0.2	0.000	0.000	0.000
439	  T	  2.3	  0.2	0.000	6.173	6.173
440	  I	  6.3	  0.2	0.000	13.937	13.937
441	  I	  9.5	  0.0	0.000	14.576	14.576
442	  T	  9.4	  0.0	0.000	14.576	14.576
443	  T	  7.5	  0.0	0.000	14.576	14.576
444	  Q	  6.5	  0.0	0.000	13.015	13.015
445	  F	  5.9	  0.1	0.000	12.907	12.907
446	  W	  4.0	  0.5	0.000	10.570	10.570
447	  S	  1.7	  0.9	0.000	0.504	0.504
448	  G	  0.2	  0.9	0.000	0.000	0.000
449	  K	  0.3	  0.8	0.000	0.000	0.000
450	  Y	  0.7	  0.4	0.000	0.000	0.000
451	  L	  0.9	  0.0	0.000	0.000	0.000
452	  T	  1.0	  0.0	0.000	0.000	0.000
453	  T	  0.7	  0.1	0.000	0.000	0.000
454	  E	  0.9	  0.1	0.000	0.000	0.000
455	  T	  3.6	  0.1	0.000	0.000	0.000
456	  H	  4.3	  0.1	0.000	0.000	0.000
457	  K	  3.8	  0.0	0.000	0.000	0.000
458	  E	  0.8	  0.0	0.000	0.000	0.000
459	  P	  0.0	  0.5	0.000	0.000	0.000
460	  P	  0.0	  0.5	0.000	0.000	0.000
461	  L	  0.0	  0.7	0.000	0.000	0.000
462	  G	  0.0	  0.8	0.000	0.000	0.000
463	  T	  0.5	  0.3	0.000	0.000	0.000
464	  D	  0.7	  0.3	0.000	0.000	0.000
465	  S	  1.7	  0.2	0.357	0.000	0.000
466	  V	  8.2	  0.1	0.357	0.000	0.000
467	  I	  9.7	  0.0	0.357	0.000	0.000
468	  I	 10.3	  0.0	0.357	0.000	0.000
469	  K	  3.5	  0.0	0.357	0.000	0.000
470	  E	  1.8	  0.1	0.357	0.000	0.000
471	  P	  0.1	  0.1	0.000	0.000	0.000
472	  H	  0.1	  0.1	0.000	0.000	0.000
473	  N	  0.0	  0.4	0.000	0.000	0.000
474	  P	  0.0	  0.2	0.000	0.000	0.000
475	  T	 10.9	  0.2	0.000	0.000	0.000
476	  V	 12.5	  0.2	0.000	0.000	0.000
477	  T	 14.0	  0.0	0.000	0.000	0.000
478	  T	  3.5	  0.0	0.000	0.000	0.000
479	  T	  2.0	  0.0	0.000	0.000	0.000
480	  E	  0.8	  0.0	0.000	0.000	0.000
481	  F	  2.1	  0.0	0.000	0.000	0.000
482	  W	  2.3	  0.1	0.000	0.000	0.000
483	  S	  2.1	  1.2	0.000	0.000	0.000
484	  E	  0.7	  1.2	0.000	0.000	0.000
485	  S	  0.9	  1.2	0.000	0.000	0.000
486	  F	  1.1	  1.1	0.000	0.000	0.000
487	  A	  1.0	  0.0	0.000	0.000	0.000
488	  T	  0.7	  0.0	0.191	0.000	0.000
489	  T	  0.5	  0.1	0.521	0.000	0.000
490	  E	  0.4	  0.1	0.521	0.000	0.000
491	  T	 11.9	  0.1	0.521	0.000	0.000
492	  I	 12.3	  0.1	0.521	0.000	0.000
493	  T	 12.4	  0.0	0.521	0.000	0.000
494	  N	  0.7	  0.0	0.521	0.000	0.000
495	  N	  0.1	  1.3	0.521	0.000	0.000
496	  P	  0.0	  1.7	0.000	0.000	0.000
497	  E	  0.0	  1.9	0.000	0.000	0.000
498	  G	  0.0	  2.0	0.000	0.000	0.000
499	  T	  0.5	  0.8	0.000	0.000	0.000
500	  D	  0.6	  0.5	0.000	0.000	0.000
501	  S	  1.7	  0.2	0.355	0.000	0.000
502	  V	  8.2	  0.1	0.355	0.000	0.000
503	  I	  9.7	  0.0	0.355	0.000	0.000
504	  I	 10.3	  0.0	0.355	0.000	0.000
505	  K	  3.5	  0.0	0.355	0.000	0.000
506	  E	  1.8	  0.1	0.355	0.000	0.000
507	  P	  0.1	  0.1	0.000	0.000	0.000
508	  H	  0.1	  0.1	0.000	0.000	0.000
509	  N	  0.0	  0.3	0.000	0.000	0.000
510	  P	  0.0	  0.2	0.000	0.000	0.000
511	  T	 10.6	  0.2	0.000	0.000	0.000
512	  V	 12.1	  0.2	0.000	0.000	0.000
513	  T	 13.6	  0.0	0.000	0.000	0.000
514	  T	  5.5	  0.0	0.000	0.000	0.000
515	  T	  4.9	  0.0	0.000	0.000	0.000
516	  K	  3.7	  0.0	0.000	0.000	0.000
517	  F	  2.8	  0.0	0.000	0.000	0.000
518	  W	  2.1	  0.1	0.000	0.000	0.000
519	  S	  2.0	  1.2	0.000	0.000	0.000
520	  E	  0.7	  1.2	0.000	0.000	0.000
521	  S	  0.9	  1.2	0.000	0.000	0.000
522	  F	  1.1	  1.1	0.000	0.000	0.000
523	  A	  1.0	  0.0	0.000	0.000	0.000
524	  T	  0.7	  0.0	0.000	0.000	0.000
525	  T	  0.5	  0.1	0.000	0.000	0.000
526	  E	  0.4	  0.1	0.000	0.000	0.000
527	  T	 11.8	  0.1	0.000	0.000	0.000
528	  I	 15.0	  0.1	0.000	0.000	0.000
529	  T	 15.0	  0.0	0.000	0.000	0.000
530	  T	  3.5	  0.1	0.000	0.000	0.000
531	  G	  0.1	  0.6	0.000	0.000	0.000
532	  P	  0.0	  0.6	0.000	0.000	0.000
533	  L	  0.0	  0.8	0.000	0.000	0.000
534	  G	  0.0	  0.8	0.000	0.000	0.000
535	  T	  0.5	  0.3	0.000	0.000	0.000
536	  D	  0.7	  0.3	0.000	0.000	0.000
537	  S	  1.2	  0.2	0.000	0.000	0.000
538	  I	  8.4	  0.1	0.000	0.000	0.000
539	  V	 11.8	  0.0	0.000	0.000	0.000
540	  I	 11.6	  0.0	0.000	0.000	0.000
541	  H	  4.1	  0.0	0.000	0.000	0.000
542	  D	  0.3	  0.3	0.535	0.000	0.000
543	  P	  0.0	  0.3	0.535	0.000	0.000
544	  L	  0.0	  0.4	0.535	0.000	0.000
545	  E	  0.0	  0.5	0.535	0.000	0.000
546	  E	  0.1	  0.2	0.535	0.000	0.000
547	  S	  1.0	  1.1	0.535	0.000	0.000
548	  S	  1.8	  1.7	0.104	0.000	0.000
549	  S	  2.1	  1.7	0.000	0.000	0.000
550	  S	  1.3	  1.7	0.000	0.000	0.000
551	  T	  0.8	  0.8	0.111	0.000	0.000
552	  A	  0.7	  0.1	0.111	0.000	0.000
553	  I	  1.1	  0.1	0.111	0.000	0.000
554	  E	  0.7	  0.2	0.111	0.000	0.000
555	  S	  0.6	  2.1	0.111	0.000	0.000
556	  S	  0.2	  2.8	0.111	0.000	0.000
557	  D	  0.1	  3.9	0.000	0.000	0.000
558	  S	  0.1	  3.8	0.000	0.000	0.000
559	  N	  1.2	  2.1	0.000	0.000	0.000
560	  I	  1.8	  1.4	0.000	0.000	0.000
561	  S	  2.6	  1.2	0.000	0.000	0.000
562	  S	  1.5	  1.2	0.000	0.000	0.000
563	  S	  1.2	  1.2	0.000	0.000	0.000
564	  A	  0.4	  1.3	0.000	0.000	0.000
565	  Q	  0.4	  0.5	0.000	0.000	0.000
566	  D	  0.2	  1.9	0.000	0.000	0.000
567	  S	  1.0	  2.6	0.000	0.000	0.000
568	  S	  1.7	  3.1	0.000	0.000	0.000
569	  S	  1.8	  3.0	0.000	0.000	0.000
570	  S	  4.4	  1.5	0.000	0.000	0.000
571	  V	  4.6	  0.7	0.000	0.000	0.000
572	  E	  4.5	  0.1	0.000	0.000	0.000
573	  Q	  1.9	  0.1	0.000	0.000	0.000
574	  S	  8.0	  0.1	0.000	0.000	0.000
575	  F	 10.7	  0.1	0.000	0.000	0.000
576	  T	 10.3	  0.1	0.000	0.000	0.000
577	  S	  3.5	  2.1	0.000	0.000	0.000
578	  A	  0.7	  2.1	0.000	0.000	0.000
579	  D	  0.3	  2.3	0.000	0.000	0.000
580	  E	  0.1	  2.3	0.000	0.000	0.000
581	  T	  1.3	  0.4	0.000	0.000	0.000
582	  S	  1.4	  0.4	0.000	0.000	0.000
583	  S	  1.9	  0.1	0.193	0.000	0.000
584	  I	  3.4	  0.1	0.193	0.000	0.000
585	  V	  7.5	  0.0	0.193	0.000	0.000
586	  E	  7.3	  0.0	0.193	0.000	0.000
587	  L	  4.9	  0.1	0.193	0.000	0.000
588	  S	  1.5	  0.9	0.193	0.000	0.000
589	  S	  1.9	  2.0	0.000	0.000	0.000
590	  S	  1.7	  3.5	0.000	0.000	0.000
591	  S	  0.9	  3.4	0.000	0.000	0.000
592	  D	  0.2	  2.6	0.000	0.000	0.000
593	  I	  0.1	  1.7	0.000	0.000	0.000
594	  P	  0.1	  0.3	0.000	0.000	0.000
595	  S	  0.9	  1.1	0.000	0.000	0.000
596	  S	  1.0	  1.1	0.000	0.000	0.000
597	  S	  1.2	  0.9	0.000	0.000	0.000
598	  I	  0.5	  0.9	0.000	0.000	0.000
599	  G	  0.5	  0.2	0.000	0.000	0.000
600	  L	  0.8	  0.2	0.000	0.000	0.000
601	  T	  1.9	  0.3	0.000	0.000	0.000
602	  S	  1.9	  0.2	0.000	0.000	0.000
603	  S	  1.6	  1.0	0.000	0.000	0.000
604	  E	  0.3	  1.0	0.000	0.000	0.000
605	  S	  0.4	  1.0	0.000	0.000	0.000
606	  S	  0.7	  0.9	0.000	0.000	0.000
607	  T	 17.0	  0.1	0.000	0.000	0.000
608	  V	 17.8	  0.2	0.000	0.000	0.000
609	  S	 17.6	  0.1	0.000	0.000	0.000
610	  S	  6.5	  0.4	0.000	0.000	0.000
611	  Y	  5.9	  0.5	0.000	0.000	0.000
612	  D	  6.1	  0.5	0.000	0.000	0.000
613	  S	 20.0	  0.6	0.000	0.000	0.000
614	  Y	 20.6	  0.4	0.000	0.000	0.000
615	  S	 20.8	  0.8	0.000	0.000	0.000
616	  S	  2.4	  0.8	0.000	0.000	0.000
617	  S	  2.5	  0.9	0.000	0.000	0.000
618	  T	  1.9	  0.8	0.000	0.000	0.000
619	  S	  1.9	  1.3	0.000	0.000	0.000
620	  E	  0.4	  1.2	0.000	0.000	0.000
621	  S	  0.4	  1.1	0.110	0.000	0.000
622	  S	  0.5	  1.0	0.110	0.000	0.000
623	  I	  1.4	  0.1	0.110	0.000	0.000
624	  A	  1.4	  0.2	0.110	0.000	0.000
625	  S	  1.3	  0.2	0.110	0.000	0.000
626	  S	  6.2	  0.5	0.110	0.000	0.000
627	  Y	  6.8	  0.5	0.000	0.000	0.000
628	  D	  7.0	  0.5	0.000	0.000	0.000
629	  S	 20.2	  0.7	0.000	0.000	0.000
630	  Y	 20.7	  0.4	0.000	0.000	0.000
631	  S	 20.9	  1.0	0.000	0.000	0.000
632	  S	  2.8	  1.4	0.000	0.000	0.000
633	  S	  1.5	  1.3	0.000	0.000	0.000
634	  S	  2.4	  1.2	0.000	0.000	0.000
635	  I	  2.2	  0.6	0.000	0.000	0.000
636	  E	  2.2	  0.1	0.000	0.000	0.000
637	  S	  0.8	  0.2	0.000	0.000	0.000
638	  S	  0.5	  0.2	0.000	0.000	0.000
639	  T	  5.7	  0.2	0.000	0.000	0.000
640	  L	  5.7	  0.2	0.000	0.000	0.000
641	  S	  6.4	  1.2	0.697	0.000	0.000
642	  S	  1.2	  3.0	0.697	0.000	0.000
643	  S	  0.9	  3.0	0.697	0.000	0.000
644	  D	  0.1	  2.9	0.697	0.000	0.000
645	  R	  1.0	  1.9	0.697	0.000	0.000
646	  Y	  2.4	  0.2	0.697	0.000	0.000
647	  S	  3.1	  0.8	0.142	0.000	0.000
648	  S	  2.4	  0.8	0.000	0.000	0.000
649	  S	  6.4	  1.0	0.000	0.000	0.000
650	  I	  5.6	  0.9	0.000	0.000	0.000
651	  S	  5.5	  0.4	0.000	0.000	0.000
652	  D	  0.2	  0.4	0.000	0.000	0.000
653	  T	  2.9	  0.2	0.000	0.000	0.000
654	  T	  4.4	  0.2	0.000	0.000	0.000
655	  S	  5.1	  0.1	0.000	0.000	0.000
656	  F	  3.4	  0.1	0.000	0.000	0.000
657	  W	  2.4	  0.1	0.000	0.000	0.000
658	  D	  1.5	  1.7	0.000	0.000	0.000
659	  S	  1.4	  2.5	0.000	0.000	0.000
660	  S	  1.7	  3.5	0.000	0.000	0.000
661	  S	  1.7	  5.3	0.000	0.000	0.000
662	  S	  0.9	  3.8	0.000	0.000	0.000
663	  D	  0.3	  3.0	0.000	0.000	0.000
664	  L	  0.3	  2.0	0.000	0.000	0.000
665	  E	  0.4	  0.1	0.000	0.000	0.000
666	  S	  1.6	  0.2	0.000	0.000	0.000
667	  T	  1.7	  0.2	0.000	0.000	0.000
668	  S	  3.7	  0.2	0.000	0.000	0.000
669	  I	 14.1	  0.1	0.000	0.000	0.000
670	  T	 33.2	  0.0	0.000	0.000	0.000
671	  W	 31.7	  0.1	0.000	0.000	0.000
672	  S	 22.2	  0.5	0.000	0.000	0.000
673	  S	  1.6	  0.5	0.168	0.000	0.000
674	  S	  2.9	  0.8	0.168	0.000	0.000
675	  I	  3.0	  0.8	0.168	0.000	0.000
676	  D	  2.9	  0.6	0.168	0.000	0.000
677	  A	  0.7	  0.6	0.168	0.000	0.000
678	  Q	  0.2	  0.4	0.168	0.000	0.000
679	  S	  0.4	  0.5	0.000	0.000	0.000
680	  S	  0.5	  0.3	0.000	0.000	0.000
681	  H	  1.1	  0.2	0.000	0.000	0.000
682	  L	  1.1	  0.1	0.000	0.255	0.255
683	  V	  2.0	  0.0	0.000	0.255	0.255
684	  Q	  1.6	  0.0	0.000	0.255	0.255
685	  S	 11.2	  0.2	0.000	0.255	0.255
686	  V	 10.4	  0.3	0.000	0.255	0.255
687	  S	 10.2	  0.4	0.000	0.000	0.000
688	  N	  0.6	  0.4	0.000	0.000	0.000
689	  S	  5.4	  0.4	0.092	0.000	0.000
690	  I	  6.2	  0.3	0.092	0.000	0.000
691	  S	  7.8	  0.3	0.092	0.000	0.000
692	  T	  3.9	  0.4	0.092	0.000	0.000
693	  S	  3.2	  0.3	0.092	0.000	0.000
694	  Q	  1.4	  0.3	0.092	0.000	0.000
695	  E	  1.6	  0.1	0.000	0.000	0.000
696	  I	  1.9	  0.1	0.000	0.000	0.000
697	  S	  2.7	  0.9	0.000	0.000	0.000
698	  S	  2.3	  1.7	0.000	0.000	0.000
699	  S	  2.6	  2.5	0.000	0.000	0.000
700	  S	  1.8	  2.5	0.000	0.000	0.000
701	  S	  1.0	  1.8	0.000	0.000	0.000
702	  E	  0.1	  1.0	0.000	0.000	0.000
703	  E	  0.1	  0.3	0.000	0.000	0.000
704	  S	  0.4	  0.4	0.000	0.000	0.000
705	  S	  2.4	  0.5	0.000	0.000	0.000
706	  T	  2.7	  0.5	0.000	0.000	0.000
707	  S	  3.2	  0.6	0.106	0.000	0.000
708	  A	  1.2	  0.6	0.106	0.000	0.000
709	  T	  0.9	  0.3	0.233	0.000	0.000
710	  D	  0.1	  0.3	0.233	0.000	0.000
711	  A	  0.3	  0.1	0.233	0.000	0.000
712	  L	  0.9	  0.0	0.233	0.000	0.000
713	  V	  2.2	  0.1	0.233	0.000	0.000
714	  S	  2.0	  2.2	0.233	0.000	0.000
715	  S	  1.3	  2.2	0.000	0.000	0.000
716	  D	  0.1	  4.2	0.000	0.000	0.000
717	  A	  0.2	  4.3	0.000	0.000	0.000
718	  S	  0.3	  2.1	0.000	0.000	0.000
719	  S	  0.5	  2.1	0.000	0.000	0.000
720	  I	  1.7	  0.1	0.000	0.000	0.000
721	  L	  1.9	  0.2	0.000	0.000	0.000
722	  S	  1.7	  1.6	0.000	0.000	0.000
723	  S	  0.4	  1.7	0.000	0.000	0.000
724	  D	  0.2	  2.1	0.000	0.000	0.000
725	  T	  1.4	  2.1	0.000	0.000	0.000
726	  S	  1.7	  0.7	0.000	0.000	0.000
727	  S	  3.3	  0.6	0.000	0.000	0.000
728	  Y	  2.2	  0.2	0.000	0.000	0.000
729	  Y	  2.0	  0.3	0.000	0.000	0.000
730	  P	  0.2	  0.4	0.000	0.000	0.000
731	  S	  0.2	  0.5	0.000	0.000	0.000
732	  S	  0.6	  0.5	0.000	0.000	0.000
733	  T	 21.5	  0.2	0.000	0.000	0.000
734	  I	 21.4	  0.1	0.000	0.000	0.000
735	  S	 21.1	  3.0	0.000	0.000	0.000
736	  P	  0.3	  3.4	0.000	0.000	0.000
737	  S	  0.0	  4.6	0.000	0.000	0.000
738	  D	  0.1	  4.6	0.000	0.000	0.000
739	  D	  0.1	  1.5	0.000	0.000	0.000
740	  F	  0.1	  1.3	0.000	0.000	0.000
741	  P	  0.0	  0.2	0.000	0.000	0.000
742	  H	  3.2	  0.2	0.000	0.000	0.000
743	  T	  5.9	  0.2	0.000	0.000	0.000
744	  I	  7.1	  0.2	0.000	0.000	0.000
745	  A	  3.9	  0.3	0.000	0.000	0.000
746	  G	  1.2	  0.6	0.000	0.000	0.000
747	  E	  0.0	  0.7	0.000	0.000	0.000
748	  S	  0.1	  0.9	0.000	0.000	0.000
749	  D	  0.1	  0.9	0.000	0.000	0.000
750	  S	  1.3	  1.2	0.000	0.000	0.000
751	  Q	  2.0	  1.1	0.000	0.000	0.000
752	  S	 22.0	  0.8	0.000	2.991	2.991
753	  F	 25.7	  0.7	0.000	14.620	14.620
754	  S	 25.6	  0.1	0.000	14.846	14.846
755	  F	  7.5	  0.1	0.000	16.797	16.797
756	  I	  2.9	  0.0	0.000	16.937	16.937
757	  T	  2.8	  0.1	0.000	15.371	15.371
758	  S	  2.7	  0.1	0.000	6.888	6.888
759	  T	  7.3	  0.1	0.000	5.825	5.825
760	  V	 13.4	  0.1	0.000	5.436	5.436
761	  E	 14.2	  0.0	0.000	0.000	0.000
762	  I	  8.7	  0.1	0.000	0.000	0.000
763	  S	  1.9	  1.5	0.000	0.000	0.000
764	  S	  0.6	  1.9	0.000	0.000	0.000
765	  D	  0.2	  1.9	0.000	0.000	0.000
766	  S	 10.4	  2.0	0.000	0.000	0.000
767	  V	 14.5	  0.6	0.000	0.000	0.000
768	  S	 15.7	  0.2	0.000	0.000	0.000
769	  L	  6.5	  0.2	0.000	0.000	0.000
770	  T	  2.1	  0.0	0.000	0.000	0.000
771	  S	  0.5	  0.0	0.000	0.000	0.000
772	  D	  0.1	  0.3	0.164	0.000	0.000
773	  P	  0.0	  0.4	0.164	0.000	0.000
774	  A	  0.1	  0.6	0.164	0.000	0.000
775	  S	  0.4	  0.6	0.164	0.000	0.000
776	  S	  7.7	  0.6	0.164	0.000	0.000
777	  F	  8.4	  0.5	0.164	0.000	0.000
778	  D	  8.1	  1.8	0.000	0.000	0.000
779	  S	  1.7	  2.6	0.000	0.000	0.000
780	  S	  1.1	  2.4	0.100	0.000	0.000
781	  S	  1.1	  2.4	0.100	0.000	0.000
782	  R	  2.6	  0.9	0.100	0.000	0.000
783	  L	  2.8	  0.2	0.100	0.000	0.000
784	  N	  2.7	  2.5	0.100	0.000	0.000
785	  S	  0.5	  3.0	0.100	0.000	0.000
786	  D	  0.1	  4.5	0.000	0.000	0.000
787	  S	  1.0	  5.3	0.000	0.000	0.000
788	  S	  2.4	  2.8	0.000	0.000	0.000
789	  S	  2.4	  2.3	0.000	0.000	0.000
790	  S	  1.6	  3.0	0.123	0.000	0.000
791	  P	  0.1	  2.3	0.123	0.000	0.000
792	  S	  0.5	  2.8	0.123	0.000	0.000
793	  T	  0.8	  2.8	0.123	0.000	0.000
794	  D	  1.0	  0.8	0.123	0.000	0.000
795	  Q	  0.6	  0.8	0.123	0.000	0.000
796	  R	  0.5	  0.3	0.000	0.000	0.000
797	  D	  0.4	  0.3	0.192	0.000	0.000
798	  I	  2.0	  0.1	0.192	0.451	0.451
799	  L	  2.1	  0.0	0.192	0.451	0.451
800	  T	  3.1	  0.1	0.192	0.451	0.451
801	  S	  2.1	  0.9	0.192	0.451	0.451
802	  S	  2.0	  0.9	0.192	0.451	0.451
803	  S	 21.2	  1.0	0.184	0.658	0.658
804	  F	 21.2	  1.0	0.184	2.310	2.310
805	  S	 21.0	  0.2	0.298	2.165	2.165
806	  T	  1.4	  0.2	0.298	2.165	2.165
807	  L	  0.8	  0.2	0.298	2.165	2.165
808	  I	  2.0	  0.1	0.298	2.165	2.165
809	  K	  1.7	  0.1	0.298	0.000	0.000
810	  S	  1.5	  0.2	0.114	0.000	0.000
811	  S	  0.4	  1.2	0.000	0.000	0.000
812	  E	  0.3	  1.2	0.000	0.000	0.000
813	  S	  0.3	  1.2	0.000	0.000	0.000
814	  R	  0.2	  1.2	0.000	0.000	0.000
815	  E	  0.2	  0.3	0.000	0.000	0.000
816	  S	  0.9	  3.0	0.000	0.000	0.000
817	  S	  1.0	  3.2	0.000	0.000	0.000
818	  S	  1.0	  3.2	0.000	0.000	0.000
819	  G	  0.2	  3.1	0.000	0.000	0.000
820	  T	  2.7	  0.4	0.000	0.000	0.000
821	  I	  4.0	  0.1	0.000	0.000	0.000
822	  L	  4.0	  0.0	0.000	0.000	0.000
823	  S	  1.4	  0.1	0.000	0.000	0.000
824	  E	  0.1	  0.2	0.000	0.000	0.000
825	  E	  0.1	  0.3	0.000	0.000	0.000
826	  S	  0.2	  2.3	0.000	0.000	0.000
827	  S	  0.2	  2.6	0.000	0.000	0.000
828	  D	  0.4	  2.5	0.000	0.000	0.000
829	  S	  0.4	  2.4	0.000	0.000	0.000
830	  I	  0.4	  0.5	0.000	0.000	0.000
831	  P	  0.1	  0.0	0.000	0.000	0.000
832	  T	  2.8	  0.0	0.000	0.000	0.000
833	  T	 32.4	  0.0	0.000	0.000	0.000
834	  F	 32.9	  0.1	0.000	0.000	0.000
835	  S	 30.9	  0.1	0.000	0.000	0.000
836	  T	  1.9	  0.1	0.000	0.000	0.000
837	  R	  1.7	  0.1	0.000	0.000	0.000
838	  Y	  3.8	  0.0	0.000	0.000	0.000
839	  W	  3.4	  0.0	0.000	0.000	0.000
840	  S	  2.8	  8.8	0.000	0.000	0.000
841	  P	  0.2	  9.1	0.000	0.000	0.000
842	  S	  0.0	  9.2	0.000	0.000	0.000
843	  G	  0.0	  9.2	0.000	0.000	0.000
844	  M	  0.4	  0.4	0.000	0.000	0.000
845	  S	  0.6	  0.2	0.000	0.000	0.000
846	  S	  0.8	  0.3	0.000	0.000	0.000
847	  R	  2.1	  0.3	0.000	0.000	0.000
848	  H	  5.0	  0.2	0.000	0.000	0.000
849	  Y	  6.8	  0.1	0.000	0.000	0.000
850	  T	  5.9	  0.1	0.000	0.000	0.000
851	  N	  2.9	  0.2	0.000	0.000	0.000
852	  S	  1.1	  0.2	0.000	0.000	0.000
853	  T	  0.4	  0.3	0.000	0.000	0.000
854	  E	  0.3	  0.2	0.000	0.000	0.000
855	  T	  1.0	  0.1	0.000	0.000	0.000
856	  S	 10.9	  0.3	0.000	0.000	0.000
857	  V	 11.0	  0.3	0.000	0.000	0.000
858	  S	 10.3	  0.3	0.000	0.000	0.000
859	  D	  1.2	  0.3	0.000	0.000	0.000
860	  V	  4.9	  0.1	0.000	0.000	0.000
861	  V	  6.2	  0.1	0.000	0.000	0.000
862	  S	  6.1	  0.8	0.000	0.000	0.000
863	  S	  2.3	  0.8	0.000	0.000	0.000
864	  S	  1.6	  0.8	0.000	0.000	0.000
865	  V	  1.3	  0.9	0.000	0.000	0.000
866	  A	  1.1	  0.9	0.000	0.000	0.000
867	  G	  0.6	  0.9	0.000	0.000	0.000
868	  D	  0.0	  1.2	0.000	0.000	0.000
869	  E	  0.1	  1.0	0.000	0.000	0.000
870	  T	  0.2	  0.4	0.000	0.000	0.000
871	  S	  0.3	  1.1	0.000	0.000	0.000
872	  E	  0.3	  0.9	0.000	0.000	0.000
873	  S	  0.3	  0.9	0.000	0.000	0.000
874	  S	 10.2	  0.9	0.000	0.000	0.000
875	  V	 17.9	  0.2	0.000	0.000	0.000
876	  S	 20.8	  0.1	0.000	0.000	0.000
877	  V	 13.9	  0.1	0.000	0.000	0.000
878	  T	  5.8	  0.1	0.000	0.000	0.000
879	  S	  2.5	  0.9	0.000	0.000	0.000
880	  E	  0.3	  0.9	0.000	0.000	0.000
881	  S	  0.3	  1.0	0.000	0.000	0.000
882	  S	  0.3	  1.8	0.000	0.000	0.000
883	  E	  0.3	  1.0	0.000	0.000	0.000
884	  S	  3.8	  0.9	0.000	0.000	0.000
885	  V	  6.2	  0.8	0.000	0.000	0.000
886	  T	  6.3	  0.1	0.000	0.000	0.000
887	  S	  2.9	  0.9	0.000	0.000	0.000
888	  E	  0.3	  0.9	0.000	0.000	0.000
889	  S	  0.8	  0.8	0.000	0.000	0.000
890	  V	  2.8	  0.8	0.000	0.000	0.000
891	  A	  2.8	  0.1	0.000	0.000	0.000
892	  S	  2.4	  0.8	0.000	0.000	0.000
893	  E	  0.2	  0.8	0.000	0.000	0.000
894	  S	  3.8	  0.8	0.000	0.000	0.000
895	  V	  6.1	  0.8	0.000	0.000	0.000
896	  T	  6.2	  0.1	0.000	0.000	0.000
897	  S	  2.9	  0.8	0.000	0.000	0.000
898	  E	  0.3	  0.8	0.000	0.000	0.000
899	  S	  3.7	  0.8	0.000	0.000	0.000
900	  V	  6.5	  0.8	0.000	0.000	0.000
901	  T	  7.2	  0.0	0.000	0.000	0.000
902	  A	  4.2	  0.0	0.000	0.000	0.000
903	  V	  1.5	  0.1	0.000	0.000	0.000
904	  S	  0.7	  0.1	0.000	0.000	0.000
905	  D	  0.9	  0.5	0.000	0.000	0.000
906	  I	  0.7	  0.6	0.000	0.000	0.000
907	  S	  0.7	  0.6	0.000	0.000	0.000
908	  D	  0.3	  0.6	0.000	0.000	0.000
909	  L	  0.6	  0.2	0.000	0.000	0.000
910	  Y	  2.2	  0.1	0.000	0.000	0.000
911	  T	  4.7	  0.1	0.000	0.000	0.000
912	  T	  4.5	  0.1	0.000	0.000	0.000
913	  S	  3.0	  0.2	0.000	0.000	0.000
914	  E	  0.2	  0.2	0.000	0.000	0.000
915	  E	  2.8	  0.2	0.000	0.000	0.000
916	  V	  3.7	  0.1	0.000	0.000	0.000
917	  S	  5.5	  0.3	0.000	0.000	0.000
918	  T	  2.8	  0.6	0.000	0.000	0.000
919	  S	  2.0	  1.3	0.000	0.000	0.000
920	  D	  0.1	  4.3	0.000	0.000	0.000
921	  S	  0.1	  4.7	0.000	0.000	0.000
922	  N	  0.1	  4.7	0.000	0.000	0.000
923	  S	  0.1	  4.0	0.000	0.000	0.000
924	  G	  0.0	  1.0	0.000	0.000	0.000
925	  M	  0.7	  0.3	0.000	0.000	0.000
926	  S	  0.7	  0.0	0.000	0.000	0.000
927	  S	  0.7	  0.0	0.000	0.000	0.000
928	  P	  0.0	  0.0	0.000	0.000	0.000
929	  I	  0.0	  0.2	0.000	0.000	0.000
930	  P	  0.0	  0.4	0.000	0.000	0.000
931	  S	  0.1	  0.4	0.000	0.000	0.000
932	  S	  0.1	  0.6	0.124	0.000	0.000
933	  E	  0.2	  0.4	0.124	0.000	0.000
934	  Q	  0.3	  0.3	0.124	0.000	0.000
935	  R	  0.5	  0.3	0.124	0.000	0.000
936	  S	  0.7	  0.2	0.124	0.000	0.000
937	  S	  0.5	  0.2	0.124	0.000	0.000
938	  I	  0.4	  0.1	0.000	0.000	0.000
939	  P	  0.1	  0.0	0.000	0.000	0.000
940	  I	  1.6	  0.0	0.000	0.000	0.000
941	  M	  1.9	  0.1	0.000	0.000	0.000
942	  S	  2.7	  1.2	0.000	0.000	0.000
943	  S	  1.3	  2.9	0.000	0.000	0.000
944	  S	  0.9	  3.0	0.000	0.000	0.000
945	  D	  0.1	  4.6	0.000	0.000	0.000
946	  E	  0.1	  3.6	0.000	0.000	0.000
947	  S	  0.2	  2.0	0.372	0.000	0.000
948	  S	  0.3	  2.9	0.372	0.000	0.000
949	  E	  0.3	  1.2	0.372	0.000	0.000
950	  S	  0.3	  1.2	0.372	0.000	0.000
951	  R	  0.2	  1.2	0.372	0.000	0.000
952	  E	  0.2	  0.3	0.372	0.000	0.000
953	  S	  0.2	  0.3	0.164	0.000	0.000
954	  S	  0.4	  0.3	0.466	0.000	0.000
955	  I	  0.4	  0.3	0.466	1.080	1.080
956	  G	  0.3	  0.3	0.466	1.080	1.080
957	  T	  2.8	  0.2	0.466	1.080	1.080
958	  I	  4.1	  0.1	0.466	1.080	1.080
959	  L	  4.1	  0.0	0.466	1.080	1.080
960	  S	  1.4	  0.1	0.466	0.000	0.000
961	  E	  0.1	  0.2	0.271	0.000	0.000
962	  E	  0.1	  0.3	0.000	0.000	0.000
963	  S	  0.2	  2.3	0.000	0.000	0.000
964	  S	  0.2	  2.6	0.000	0.000	0.000
965	  D	  0.4	  2.5	0.000	0.000	0.000
966	  S	  0.4	  2.4	0.000	0.000	0.000
967	  I	  0.4	  0.5	0.000	0.000	0.000
968	  P	  0.1	  0.0	0.000	0.000	0.000
969	  T	  2.8	  0.0	0.000	0.000	0.000
970	  T	 32.4	  0.0	0.000	0.000	0.000
971	  F	 32.9	  0.1	0.000	0.000	0.000
972	  S	 30.9	  0.1	0.000	0.000	0.000
973	  T	  1.9	  0.1	0.000	0.000	0.000
974	  R	  1.7	  0.1	0.000	0.000	0.000
975	  Y	  3.8	  0.0	0.000	0.000	0.000
976	  W	  3.4	  0.0	0.000	0.000	0.000
977	  S	  2.8	  8.8	0.000	0.000	0.000
978	  P	  0.2	  9.1	0.000	0.000	0.000
979	  S	  0.0	  9.2	0.000	0.000	0.000
980	  G	  0.0	  9.2	0.000	0.000	0.000
981	  M	  0.4	  0.4	0.000	0.000	0.000
982	  S	  0.6	  0.2	0.000	0.000	0.000
983	  S	  0.8	  0.3	0.000	0.000	0.000
984	  R	  2.1	  0.3	0.000	0.000	0.000
985	  H	  5.0	  0.2	0.000	0.000	0.000
986	  Y	  6.8	  0.1	0.000	0.000	0.000
987	  T	  5.9	  0.1	0.000	0.000	0.000
988	  N	  2.9	  0.2	0.000	0.000	0.000
989	  S	  1.1	  0.2	0.000	0.000	0.000
990	  T	  0.4	  0.3	0.000	0.000	0.000
991	  E	  0.3	  0.2	0.000	0.000	0.000
992	  T	  1.0	  0.1	0.000	0.000	0.000
993	  S	 10.9	  0.3	0.000	0.000	0.000
994	  V	 11.0	  0.3	0.000	0.000	0.000
995	  S	 10.3	  0.3	0.000	0.000	0.000
996	  D	  1.2	  0.3	0.000	0.000	0.000
997	  V	  4.9	  0.1	0.000	0.000	0.000
998	  V	  6.2	  0.1	0.000	0.000	0.000
999	  S	  6.1	  0.8	0.000	0.000	0.000
1000	  S	  2.3	  0.8	0.000	0.000	0.000
1001	  S	  1.6	  0.8	0.000	0.000	0.000
1002	  V	  1.3	  0.9	0.000	0.000	0.000
1003	  A	  1.1	  0.9	0.000	0.000	0.000
1004	  G	  0.6	  0.9	0.000	0.000	0.000
1005	  D	  0.0	  1.2	0.000	0.000	0.000
1006	  E	  0.1	  1.0	0.000	0.000	0.000
1007	  T	  0.2	  0.4	0.000	0.000	0.000
1008	  S	  0.4	  1.1	0.000	0.000	0.000
1009	  E	  0.3	  0.9	0.000	0.000	0.000
1010	  S	  0.3	  0.9	0.000	0.000	0.000
1011	  S	 10.3	  1.0	0.000	0.290	0.290
1012	  V	 17.8	  0.2	0.000	0.975	0.975
1013	  S	 18.6	  0.1	0.000	0.975	0.975
1014	  V	 12.9	  0.1	0.000	0.975	0.975
1015	  I	  4.7	  0.0	0.000	0.975	0.975
1016	  S	  3.8	  0.8	0.000	0.686	0.686
1017	  E	  0.4	  0.9	0.000	0.000	0.000
1018	  S	  0.3	  1.0	0.000	0.000	0.000
1019	  S	  0.3	  1.8	0.000	0.000	0.000
1020	  E	  0.3	  1.0	0.000	0.000	0.000
1021	  S	  3.8	  0.9	0.000	0.000	0.000
1022	  V	  6.2	  0.8	0.000	0.000	0.000
1023	  T	  6.3	  0.1	0.000	0.000	0.000
1024	  S	  2.9	  0.9	0.000	0.000	0.000
1025	  E	  0.3	  0.9	0.000	0.000	0.000
1026	  S	  0.8	  0.8	0.000	0.000	0.000
1027	  V	  2.8	  0.8	0.000	0.000	0.000
1028	  A	  2.8	  0.1	0.000	0.000	0.000
1029	  S	  2.4	  0.8	0.000	0.000	0.000
1030	  E	  0.2	  0.8	0.000	0.000	0.000
1031	  S	  3.7	  0.8	0.000	0.000	0.000
1032	  V	  6.5	  0.8	0.000	0.000	0.000
1033	  T	  7.3	  0.0	0.000	0.000	0.000
1034	  A	  4.2	  0.0	0.000	0.000	0.000
1035	  V	  1.5	  0.1	0.000	0.000	0.000
1036	  S	  0.7	  0.1	0.000	0.000	0.000
1037	  D	  0.9	  0.5	0.000	0.000	0.000
1038	  I	  0.7	  0.6	0.000	0.000	0.000
1039	  S	  0.7	  0.6	0.000	0.000	0.000
1040	  D	  0.3	  0.6	0.000	0.000	0.000
1041	  L	  0.6	  0.2	0.000	0.000	0.000
1042	  Y	  2.2	  0.1	0.000	0.000	0.000
1043	  T	  4.6	  0.0	0.000	0.000	0.000
1044	  T	  4.5	  0.1	0.000	0.000	0.000
1045	  S	  3.0	  0.1	0.000	0.000	0.000
1046	  E	  0.7	  0.1	0.000	0.000	0.000
1047	  V	  4.9	  0.1	0.000	0.000	0.000
1048	  V	  5.7	  0.0	0.000	0.000	0.000
1049	  S	  7.1	  0.3	0.000	0.000	0.000
1050	  T	  2.9	  0.6	0.000	0.000	0.000
1051	  S	  2.1	  1.2	0.000	0.000	0.000
1052	  D	  0.2	  1.2	0.000	0.000	0.000
1053	  S	  0.5	  0.9	0.000	0.000	0.000
1054	  K	  2.8	  0.7	0.000	0.000	0.000
1055	  I	  3.3	  0.1	0.000	0.000	0.000
1056	  V	  3.0	  0.2	0.000	0.000	0.000
1057	  P	  0.6	  0.2	0.000	0.000	0.000
1058	  S	  2.0	  0.4	0.000	0.000	0.000
1059	  T	  3.4	  0.4	0.000	0.000	0.000
1060	  S	  3.6	  0.3	0.000	0.000	0.000
1061	  V	  1.6	  0.4	0.000	0.000	0.000
1062	  P	  0.2	  0.3	0.000	0.000	0.000
1063	  S	  0.1	  0.4	0.000	0.000	0.000
1064	  S	  0.1	  0.5	0.124	0.000	0.000
1065	  E	  0.2	  0.4	0.124	0.000	0.000
1066	  Q	  0.3	  0.3	0.124	0.000	0.000
1067	  R	  0.5	  0.3	0.124	0.000	0.000
1068	  S	  0.7	  0.2	0.124	0.000	0.000
1069	  S	  0.5	  0.2	0.124	0.000	0.000
1070	  I	  0.4	  0.1	0.000	0.000	0.000
1071	  P	  0.1	  0.0	0.000	0.000	0.000
1072	  I	  1.6	  0.0	0.000	0.000	0.000
1073	  M	  1.9	  0.1	0.000	0.000	0.000
1074	  S	  2.7	  1.2	0.000	0.000	0.000
1075	  S	  1.3	  2.9	0.000	0.000	0.000
1076	  S	  0.9	  3.0	0.000	0.000	0.000
1077	  D	  0.1	  4.6	0.000	0.000	0.000
1078	  E	  0.1	  3.6	0.000	0.000	0.000
1079	  S	  0.2	  2.0	0.361	0.000	0.000
1080	  S	  0.3	  2.9	0.361	0.000	0.000
1081	  E	  0.3	  1.1	0.361	0.000	0.000
1082	  S	  0.3	  1.1	0.361	0.000	0.000
1083	  R	  0.2	  1.2	0.361	0.000	0.000
1084	  E	  0.2	  0.3	0.361	0.000	0.000
1085	  S	  0.9	  3.0	0.160	0.000	0.000
1086	  S	  1.0	  3.2	0.000	0.000	0.000
1087	  S	  0.9	  3.2	0.000	0.000	0.000
1088	  G	  0.2	  3.1	0.000	0.000	0.000
1089	  T	  2.7	  0.4	0.000	0.000	0.000
1090	  I	  4.0	  0.1	0.000	0.000	0.000
1091	  L	  4.0	  0.0	0.000	0.000	0.000
1092	  S	  1.4	  0.2	0.000	0.000	0.000
1093	  E	  0.1	  0.3	0.000	0.000	0.000
1094	  E	  0.1	  0.4	0.000	0.000	0.000
1095	  N	  0.1	  3.0	0.000	0.000	0.000
1096	  S	  0.1	  3.3	0.000	0.000	0.000
1097	  D	  0.3	  3.1	0.000	0.000	0.000
1098	  S	  0.4	  3.1	0.000	0.000	0.000
1099	  I	  0.4	  0.5	0.000	0.000	0.000
1100	  P	  0.1	  0.0	0.000	0.000	0.000
1101	  T	  2.8	  0.0	0.000	0.000	0.000
1102	  T	 32.4	  0.0	0.000	0.000	0.000
1103	  F	 33.0	  0.1	0.000	0.000	0.000
1104	  S	 30.9	  0.1	0.000	0.000	0.000
1105	  T	  1.8	  0.1	0.000	0.000	0.000
1106	  R	  1.4	  0.1	0.000	0.000	0.000
1107	  Y	  2.3	  0.0	0.000	32.508	32.508
1108	  V	 10.2	  0.0	0.000	41.638	41.638
1109	  S	 18.7	  0.1	0.000	41.757	41.757
1110	  V	 21.1	  0.1	0.000	42.802	42.802
1111	  S	 15.3	  0.1	0.000	42.802	42.802
1112	  L	  8.2	  0.1	0.000	42.680	42.680
1113	  T	  4.6	  0.1	0.815	41.775	41.775
1114	  V	  3.3	  0.3	0.815	41.231	41.231
1115	  G	  0.5	  0.3	1.031	3.396	3.396
1116	  E	  0.4	  0.3	1.031	0.000	0.000
1117	  L	  1.0	  0.2	1.031	0.000	0.000
1118	  S	  1.2	  0.1	1.031	0.000	0.000
1119	  A	  0.9	  0.0	1.031	0.000	0.000
1120	  L	  0.3	  0.4	0.700	0.000	0.000
1121	  P	  0.0	  0.4	0.000	0.000	0.000
1122	  S	  0.1	  0.4	0.000	0.000	0.000
1123	  L	  0.1	  2.4	0.000	0.000	0.000
1124	  P	  0.1	  2.1	0.000	0.000	0.000
1125	  G	  0.0	  2.1	0.000	0.000	0.000
1126	  K	  0.5	  2.1	0.000	0.000	0.000
1127	  L	  1.1	  0.2	0.000	0.000	0.000
1128	  S	  1.5	  0.1	0.000	0.000	0.000
1129	  H	  1.1	  0.1	0.000	0.000	0.000
1130	  L	  0.4	  0.4	0.000	0.000	0.000
1131	  P	  0.1	  0.5	0.000	0.000	0.000
1132	  S	  0.1	  0.6	0.000	0.000	0.000
1133	  S	  5.6	  0.9	0.000	0.000	0.000
1134	  L	  5.6	  0.6	0.000	0.000	0.000
1135	  S	  5.6	  0.5	0.000	0.000	0.000
1136	  E	  0.1	  0.5	0.000	0.000	0.000
1137	  T	  0.5	  0.2	0.000	0.000	0.000
1138	  S	  0.6	  0.4	0.000	0.000	0.000
1139	  I	  0.7	  0.3	0.000	0.000	0.000
1140	  G	  0.5	  0.2	0.000	0.000	0.000
1141	  M	  0.8	  0.2	0.000	0.000	0.000
1142	  T	  3.8	  0.2	0.000	0.000	0.000
1143	  K	  4.1	  0.2	0.000	0.000	0.000
1144	  S	  4.0	  2.4	0.000	0.000	0.000
1145	  A	  0.9	  2.4	0.000	0.000	0.000
1146	  N	  1.0	  2.2	0.000	0.000	0.000
1147	  L	  0.6	  2.2	0.000	0.000	0.000
1148	  S	  0.5	  0.4	0.000	0.000	0.000
1149	  P	  0.1	  0.4	0.000	0.000	0.000
1150	  Q	  3.0	  0.4	0.000	0.000	0.000
1151	  F	  5.0	  0.4	0.000	0.504	0.504
1152	  F	  5.8	  0.1	0.000	0.504	0.504
1153	  S	  4.8	  0.3	0.000	0.504	0.504
1154	  T	  3.4	  0.3	0.000	0.504	0.504
1155	  S	  6.7	  0.6	0.000	0.504	0.504
1156	  V	  5.8	  0.6	0.000	0.504	0.504
1157	  D	  5.0	  0.4	0.292	0.000	0.000
1158	  S	  1.1	  0.4	0.292	0.000	0.000
1159	  A	  0.4	  0.1	0.292	0.940	0.940
1160	  L	  2.5	  0.0	0.292	2.294	2.294
1161	  S	  3.3	  0.0	0.292	2.294	2.294
1162	  Y	  4.1	  0.0	0.292	2.294	2.294
1163	  W	  2.4	  0.5	0.000	2.294	2.294
1164	  A	  1.6	  0.8	0.000	1.785	1.785
1165	  S	  0.7	  2.0	0.000	0.149	0.149
1166	  G	  0.3	  2.2	0.000	0.000	0.000
1167	  S	  1.1	  2.6	0.000	0.000	0.000
1168	  S	  0.9	  2.4	0.000	0.000	0.000
1169	  S	  1.3	  3.8	0.000	0.000	0.000
1170	  A	  0.5	  3.6	0.000	0.000	0.000
1171	  D	  0.4	  2.7	0.000	0.000	0.000
1172	  H	  0.3	  2.9	0.000	0.000	0.000
1173	  Q	  0.4	  0.4	0.000	0.000	0.000
1174	  S	  0.4	  0.4	0.000	0.000	0.000
1175	  S	  0.9	  0.6	0.000	0.000	0.000
1176	  A	  1.1	  0.4	0.000	0.000	0.000
1177	  T	  3.0	  0.3	0.000	0.000	0.000
1178	  C	  3.7	  0.3	0.000	0.000	0.000
1179	  D	  4.2	  0.3	0.000	0.000	0.000
1180	  V	  2.6	  0.3	0.000	0.000	0.000
1181	  S	  1.3	  1.2	0.000	0.000	0.000
1182	  E	  0.6	  1.2	0.000	0.000	0.000
1183	  S	  0.4	  1.0	0.000	0.000	0.000
1184	  S	  3.9	  1.0	0.000	0.000	0.000
1185	  V	  4.0	  0.2	0.000	0.000	0.000
1186	  E	  3.9	  1.6	0.000	0.000	0.000
1187	  G	  0.2	  1.7	0.145	0.000	0.000
1188	  N	  0.2	  2.2	1.784	0.000	0.000
1189	  L	  0.8	  2.1	1.898	0.216	0.216
1190	  S	  0.9	  0.5	3.785	0.216	0.216
1191	  A	  0.8	  0.5	3.785	0.216	0.216
1192	  M	  0.6	  0.2	3.785	0.216	0.216
1193	  A	  0.5	  0.3	3.785	0.216	0.216
1194	  L	  0.5	  0.3	3.673	0.216	0.216
1195	  G	  0.2	  0.4	3.471	0.000	0.000
1196	  M	  0.2	  0.4	1.339	0.000	0.000
1197	  S	  0.2	  0.6	0.173	0.000	0.000
1198	  N	  0.1	  3.9	0.000	0.000	0.000
1199	  S	  0.1	  7.7	0.000	0.000	0.000
1200	  D	  0.0	  7.7	0.000	0.000	0.000
1201	  D	  0.0	  7.5	0.000	0.000	0.000
1202	  G	  0.0	  4.2	0.000	0.000	0.000
1203	  L	  0.0	  0.3	0.000	0.000	0.000
1204	  S	  0.1	  1.7	2.413	0.000	0.000
1205	  E	  0.1	  1.7	2.413	0.000	0.000
1206	  D	  0.4	  1.7	2.413	0.000	0.000
1207	  T	  2.5	  1.7	2.413	0.000	0.000
1208	  R	  2.6	  0.3	2.413	0.000	0.000
1209	  S	  3.1	  1.0	2.413	0.000	0.000
1210	  S	  1.2	  0.9	0.857	0.000	0.000
1211	  S	  1.5	  0.8	0.314	0.000	0.000
1212	  V	  1.3	  1.0	0.106	0.000	0.000
1213	  A	  1.2	  0.4	0.106	0.000	0.000
1214	  G	  0.6	  0.4	0.106	0.000	0.000
1215	  K	  0.2	  0.5	0.106	0.000	0.000
1216	  E	  0.2	  0.2	0.000	0.000	0.000
1217	  E	  1.0	  0.1	0.000	0.000	0.000
1218	  I	  3.6	  0.1	0.000	0.000	0.000
1219	  E	  4.1	  0.0	0.000	0.000	0.000
1220	  L	  3.9	  0.0	0.000	0.000	0.000
1221	  T	  2.0	  0.1	0.000	0.000	0.000
1222	  S	  1.9	  0.6	0.000	0.000	0.000
1223	  T	  2.2	  0.6	0.000	0.000	0.000
1224	  N	  1.7	  0.6	0.000	0.000	0.000
1225	  S	  1.4	  0.7	0.000	0.000	0.000
1226	  V	  0.6	  0.3	0.000	0.000	0.000
1227	  G	  0.4	  0.3	0.665	0.000	0.000
1228	  E	  3.3	  0.2	0.665	0.000	0.000
1229	  I	 11.1	  0.1	0.665	6.861	6.861
1230	  T	 11.4	  0.0	0.742	7.286	7.286
1231	  L	  8.6	  0.0	0.742	7.495	7.495
1232	  I	  4.3	  0.0	0.742	7.495	7.495
1233	  S	 21.8	  0.2	0.742	7.495	7.495
1234	  Y	 22.7	  0.3	0.409	6.123	6.123
1235	  S	 20.5	  0.9	0.160	0.821	0.821
1236	  S	  3.4	  0.9	0.000	0.000	0.000
1237	  S	  1.9	  0.7	0.000	0.000	0.000
1238	  S	  1.3	  1.0	0.000	0.000	0.000
1239	  P	  0.0	  0.3	0.000	0.000	0.000
1240	  T	  1.3	  0.4	0.000	0.000	0.000
1241	  T	  2.0	  0.4	0.000	0.000	0.000
1242	  H	  2.1	  0.4	0.000	0.000	0.000
1243	  D	  0.8	  1.9	0.000	0.000	0.000
1244	  H	  0.1	  2.0	0.000	0.000	0.000
1245	  G	  0.1	  1.9	0.000	0.000	0.000
1246	  R	  1.3	  1.6	0.000	0.000	0.000
1247	  V	  2.1	  0.1	0.000	0.000	0.000
1248	  S	  4.3	  0.8	0.000	0.000	0.000
1249	  K	  3.3	  0.8	0.000	0.000	0.000
1250	  S	  2.8	  1.0	0.000	0.000	0.000
1251	  M	  0.6	  1.1	0.000	0.000	0.000
1252	  G	  0.5	  0.3	0.000	0.000	0.000
1253	  A	  0.2	  0.3	0.000	0.000	0.000
1254	  A	  0.1	  0.2	0.000	0.000	0.000
1255	  P	  0.0	  0.1	0.000	0.000	0.000
1256	  L	  0.3	  0.2	0.000	1.735	1.735
1257	  S	  0.4	  0.3	0.000	1.879	1.879
1258	  S	  0.6	  0.2	0.000	3.787	3.787
1259	  L	  0.8	  0.2	0.000	13.721	13.721
1260	  F	  5.2	  0.1	0.000	15.316	15.316
1261	  S	 14.6	  0.1	0.000	14.956	14.956
1262	  V	 21.5	  0.1	0.000	14.956	14.956
1263	  S	 18.9	  0.1	0.000	13.651	13.651
1264	  V	 12.9	  0.1	0.000	12.893	12.893
1265	  H	  4.9	  0.0	0.000	0.000	0.000
1266	  A	  3.5	  0.1	0.000	0.000	0.000
1267	  P	  0.1	  0.1	0.000	0.000	0.000
1268	  L	  0.4	  0.1	0.000	0.557	0.557
1269	  V	  1.1	  0.1	0.000	0.557	0.557
1270	  T	  1.1	  0.1	0.000	0.557	0.557
1271	  G	  0.7	  0.1	0.000	0.557	0.557
1272	  L	  0.1	  0.3	0.000	0.557	0.557
1273	  S	  0.1	  1.0	0.000	0.000	0.000
1274	  D	  0.1	  3.7	0.000	0.000	0.000
1275	  S	  0.1	  3.8	0.000	0.000	0.000
1276	  D	  2.7	  3.6	0.000	0.000	0.000
1277	  T	  3.5	  2.8	0.000	0.000	0.000
1278	  F	  3.4	  0.5	0.000	0.000	0.000
1279	  P	  0.8	  0.5	0.000	0.000	0.000
1280	  S	  0.1	  2.3	0.000	0.000	0.000
1281	  E	  0.1	  2.3	0.000	0.000	0.000
1282	  N	  0.1	  4.1	0.161	0.000	0.000
1283	  S	  0.1	  4.1	0.284	0.000	0.000
1284	  N	  0.0	  3.1	0.398	0.000	0.000
1285	  R	  0.3	  3.1	0.398	0.000	0.000
1286	  S	  1.8	  1.6	0.398	0.000	0.000
1287	  R	  3.3	  1.6	0.398	0.000	0.000
1288	  S	  4.5	  0.8	0.237	0.000	0.000
1289	  F	  3.7	  0.8	0.114	0.000	0.000
1290	  K	  2.2	  0.1	0.000	0.000	0.000
1291	  E	  0.9	  0.2	0.000	0.000	0.000
1292	  S	  0.6	  0.8	0.000	0.000	0.000
1293	  T	  0.6	  0.8	0.000	0.000	0.000
1294	  D	  0.5	  0.8	0.000	0.000	0.000
1295	  N	  1.1	  0.7	0.000	0.000	0.000
1296	  T	 13.3	  0.1	0.000	0.000	0.000
1297	  I	 15.6	  0.0	0.000	0.000	0.000
1298	  S	 19.3	  0.1	0.000	0.000	0.000
1299	  I	  8.4	  0.2	0.000	0.000	0.000
1300	  S	  6.0	  0.2	1.914	0.000	0.000
1301	  R	  1.0	  0.3	2.057	0.000	0.000
1302	  E	  0.1	  0.3	2.057	0.000	0.000
1303	  S	  0.2	  0.2	2.057	0.000	0.000
1304	  L	  0.2	  0.2	2.057	0.000	0.000
1305	  G	  0.2	  0.1	2.057	0.000	0.000
1306	  N	  0.0	  0.3	1.913	0.000	0.000
1307	  P	  0.0	  0.3	0.000	0.000	0.000
1308	  Y	  1.4	  0.5	0.000	0.000	0.000
1309	  S	  1.6	  0.5	0.000	0.000	0.000
1310	  S	  7.0	  0.4	0.000	0.000	0.000
1311	  I	  6.7	  0.4	0.000	0.000	0.000
1312	  S	  6.5	  0.2	0.000	0.000	0.000
1313	  S	  1.1	  3.6	0.000	0.000	0.000
1314	  P	  0.1	  3.8	0.000	0.000	0.000
1315	  S	  0.0	  3.8	0.000	0.000	0.000
1316	  D	  0.4	  4.2	0.117	0.000	0.000
1317	  Y	  3.6	  0.7	0.117	0.000	0.000
1318	  D	  4.7	  0.3	0.117	0.000	0.000
1319	  V	  6.9	  0.4	0.117	0.000	0.000
1320	  K	  4.1	  0.1	0.117	0.000	0.000
1321	  S	  9.9	  0.1	0.117	0.000	0.000
1322	  F	  8.8	  0.2	0.117	0.000	0.000
1323	  T	 11.0	  0.1	0.000	0.000	0.000
1324	  T	  4.6	  0.1	0.000	0.000	0.000
1325	  S	  3.2	  0.2	0.107	0.000	0.000
1326	  R	  0.7	  0.2	0.107	0.000	0.000
1327	  E	  0.2	  0.1	0.107	0.000	0.000
1328	  L	  0.8	  0.1	0.107	0.000	0.000
1329	  V	  2.1	  0.1	0.107	0.000	0.000
1330	  S	  2.1	  0.1	0.107	0.000	0.000
1331	  S	  1.6	  0.9	0.000	0.000	0.000
1332	  E	  0.3	  0.9	0.000	0.000	0.000
1333	  S	  0.8	  0.9	0.000	0.000	0.000
1334	  I	  0.9	  0.8	0.000	0.000	0.000
1335	  L	  0.9	  0.0	0.000	0.000	0.000
1336	  P	  0.3	  0.0	0.000	0.000	0.000
1337	  F	  0.3	  0.6	0.000	0.000	0.000
1338	  S	  0.3	  0.6	0.000	0.000	0.000
1339	  D	  0.3	  0.6	0.000	0.000	0.000
1340	  V	  3.1	  0.6	0.000	0.000	0.000
1341	  M	  3.3	  0.0	0.000	0.000	0.000
1342	  D	  3.2	  5.2	0.000	0.000	0.000
1343	  A	  0.3	  5.2	0.000	0.000	0.000
1344	  N	  0.0	  5.2	0.000	0.000	0.000
1345	  D	  0.0	  5.2	0.000	0.000	0.000
1346	  M	  0.0	  0.3	0.000	0.000	0.000
1347	  P	  0.0	  0.4	0.000	0.000	0.000
1348	  T	  0.1	  0.7	0.000	0.000	0.000
1349	  S	  0.3	  2.5	0.000	0.000	0.000
1350	  G	  0.3	  2.6	0.000	0.000	0.000
1351	  S	  0.3	  2.5	0.000	0.000	0.000
1352	  N	  0.1	  2.1	0.000	0.000	0.000
1353	  L	  0.2	  0.4	0.000	0.279	0.279
1354	  H	  0.4	  0.0	0.000	0.279	0.279
1355	  S	  0.6	  0.0	0.000	5.193	5.193
1356	  M	  1.8	  0.0	0.000	44.160	44.160
1357	  V	  5.7	  0.0	0.000	71.118	71.118
1358	  F	  8.6	  0.0	0.000	73.300	73.300
1359	  S	 12.5	  0.1	0.149	73.432	73.432
1360	  I	 12.5	  0.1	0.149	73.741	73.741
1361	  S	 10.0	  0.1	0.149	68.931	68.931
1362	  V	  5.1	  0.1	0.149	67.864	67.864
1363	  L	  1.0	  0.1	0.149	54.429	54.429
1364	  G	  0.5	  0.2	0.149	17.030	17.030
1365	  E	  0.2	  0.2	0.149	0.132	0.132
1366	  K	  1.0	  0.2	0.000	0.132	0.132
1367	  F	  2.1	  0.1	0.000	0.132	0.132
1368	  N	  2.0	  1.1	0.142	0.000	0.000
1369	  A	  1.3	  1.1	0.142	0.000	0.000
1370	  N	  3.0	  1.1	0.583	0.000	0.000
1371	  I	  3.6	  1.1	0.699	0.000	0.000
1372	  E	  4.0	  0.1	0.699	0.000	0.000
1373	  K	  1.4	  0.1	0.699	0.000	0.000
1374	  H	  1.0	  0.5	0.557	0.000	0.000
1375	  K	  0.8	  0.5	0.557	0.000	0.000
1376	  N	  0.7	  2.3	0.440	0.000	0.000
1377	  T	  0.5	  3.4	0.000	0.000	0.000
1378	  N	  0.2	  3.1	0.000	0.000	0.000
1379	  G	  0.1	  3.0	0.000	0.000	0.000
1380	  H	  3.4	  1.1	0.000	0.000	0.000
1381	  Y	  4.8	  0.3	0.000	1.684	1.684
1382	  S	  4.9	  0.2	0.000	2.099	2.099
1383	  S	  1.8	  0.2	0.000	5.222	5.222
1384	  M	  1.4	  0.2	0.000	25.169	25.169
1385	  V	  3.4	  0.0	0.000	25.815	25.815
1386	  F	 14.2	  0.0	0.000	25.815	25.815
1387	  T	 30.3	  0.0	0.000	25.221	25.221
1388	  Y	 29.4	  0.1	0.000	24.279	24.279
1389	  Q	 19.4	  0.1	0.000	1.634	1.634
1390	  S	  1.5	  0.3	0.000	0.099	0.099
1391	  A	  0.1	  0.4	0.000	0.000	0.000
1392	  G	  0.1	  0.3	0.000	0.000	0.000
1393	  L	  0.1	  0.3	0.000	0.000	0.000
1394	  E	  0.1	  0.2	0.000	0.000	0.000
1395	  E	  0.1	  0.3	0.000	0.000	0.000
1396	  S	  0.1	  0.4	0.123	0.000	0.000
1397	  D	  0.2	  0.4	0.123	0.000	0.000
1398	  Q	  0.5	  0.3	0.123	0.000	0.000
1399	  R	  2.2	  0.1	0.123	0.000	0.000
1400	  I	  5.5	  0.0	0.123	0.000	0.000
1401	  A	  5.5	  0.0	0.123	0.000	0.000
1402	  V	  5.6	  0.0	0.000	0.000	0.000
1403	  T	  2.7	  0.0	0.000	0.000	0.000
1404	  N	  2.7	  0.1	0.000	0.000	0.000
1405	  T	  2.2	  0.1	0.000	0.000	0.000
1406	  K	  2.3	  0.0	0.000	0.000	0.000
1407	  F	  2.8	  0.1	0.000	0.000	0.000
1408	  D	  1.7	  2.5	0.376	0.000	0.000
1409	  Q	  1.1	  2.5	0.376	0.000	0.000
1410	  N	  0.3	  2.5	0.376	0.000	0.000
1411	  K	  1.4	  2.5	0.376	0.000	0.000
1412	  I	  2.5	  0.1	0.376	0.000	0.000
1413	  D	  2.6	  0.1	0.376	0.000	0.000
1414	  T	  2.5	  0.1	0.000	0.000	0.000
1415	  T	  5.3	  0.1	0.000	0.000	0.000
1416	  I	  5.8	  0.1	0.000	0.000	0.000
1417	  D	  4.8	  2.2	0.000	0.000	0.000
1418	  S	  0.7	  2.2	0.000	0.000	0.000
1419	  N	  2.8	  2.2	0.000	0.000	0.000
1420	  T	  7.5	  2.1	0.000	0.439	0.439
1421	  F	  8.2	  0.0	0.000	0.439	0.439
1422	  V	  8.1	  0.0	0.000	0.439	0.439
1423	  T	  4.2	  0.0	0.000	0.439	0.439
1424	  S	  3.5	  0.0	0.000	0.439	0.439
1425	  L	  1.1	  0.0	0.000	0.000	0.000
1426	  P	  0.1	  0.0	0.000	0.000	0.000
1427	  F	  0.3	  0.0	0.000	0.609	0.609
1428	  A	  0.4	  0.0	0.000	0.609	0.609
1429	  T	  1.3	  0.0	0.000	0.609	0.609
1430	  T	  2.7	  0.2	0.000	0.609	0.609
1431	  L	  2.7	  0.2	0.000	0.609	0.609
1432	  N	  1.9	  0.2	0.000	0.000	0.000
1433	  D	  0.4	  0.2	0.000	0.000	0.000
1434	  Q	  1.3	  0.1	0.000	0.000	0.000
1435	  I	  2.3	  0.1	0.000	0.000	0.000
1436	  D	  2.1	  0.1	0.000	0.000	0.000
1437	  Q	  1.5	  0.0	0.000	0.000	0.000
1438	  A	  0.5	  0.0	0.000	0.000	0.000
1439	  V	  0.5	  0.0	0.000	0.000	0.000
1440	  P	  0.1	  0.0	0.000	0.000	0.000
1441	  I	  8.9	  0.0	0.000	0.000	0.000
1442	  K	  9.0	  0.0	0.000	0.000	0.000
1443	  I	  9.0	  0.0	0.000	0.000	0.000
1444	  P	  0.2	  0.2	0.000	0.000	0.000
1445	  A	  0.1	  0.3	0.000	0.000	0.000
1446	  S	  0.4	  0.4	0.000	0.000	0.000
1447	  S	  0.6	  0.5	0.000	0.000	0.000
1448	  T	  0.5	  0.7	0.000	0.191	0.191
1449	  A	  0.2	  0.6	0.000	0.191	0.191
1450	  G	  0.1	  0.5	0.000	0.191	0.191
1451	  F	  1.6	  0.5	0.000	0.191	0.191
1452	  V	  1.8	  0.1	0.000	0.191	0.191
1453	  S	  1.8	  0.1	0.000	0.000	0.000
1454	  D	  0.3	  0.1	0.000	0.000	0.000
1455	  V	  2.4	  0.1	0.000	0.000	0.000
1456	  L	  2.5	  0.0	0.000	0.000	0.000
1457	  K	  2.4	  1.7	0.000	0.000	0.000
1458	  P	  0.1	  1.7	0.000	0.000	0.000
1459	  D	  0.5	  2.1	0.000	0.000	0.000
1460	  Y	  2.7	  2.1	0.000	0.000	0.000
1461	  S	  4.9	  1.1	0.000	0.000	0.000
1462	  K	  4.8	  1.1	0.000	0.000	0.000
1463	  S	  4.1	  0.7	0.121	0.000	0.000
1464	  V	  2.8	  0.7	0.121	0.000	0.000
1465	  Q	  2.6	  0.0	0.121	0.000	0.000
1466	  A	  1.3	  0.1	0.121	0.000	0.000
1467	  E	  0.3	  0.1	0.121	0.000	0.000
1468	  S	  1.4	  0.1	0.121	0.000	0.000
1469	  V	  1.8	  0.2	0.000	0.000	0.000
1470	  Q	  1.8	  0.1	0.000	0.000	0.000
1471	  T	  0.9	  0.1	0.000	0.000	0.000
1472	  D	  0.5	  0.2	0.000	0.000	0.000
1473	  S	  0.9	  0.2	0.000	0.000	0.000
1474	  T	  3.3	  0.2	0.000	0.000	0.000
1475	  T	 32.8	  0.1	0.209	0.000	0.000
1476	  Y	 32.7	  0.1	0.209	0.000	0.000
1477	  S	 30.2	  0.1	0.439	0.000	0.000
1478	  E	  0.7	  0.1	0.439	0.000	0.000
1479	  M	  0.5	  0.1	0.439	0.000	0.000
1480	  M	  0.8	  0.1	0.439	0.000	0.000
1481	  S	  0.9	  0.2	0.580	0.000	0.000
1482	  S	  1.2	  0.3	0.785	0.000	0.000
1483	  K	  1.0	  0.5	0.593	0.000	0.000
1484	  R	  0.9	  0.4	0.346	0.000	0.000
1485	  N	  0.2	  2.5	0.346	0.000	0.000
1486	  K	  0.1	  2.5	0.346	0.000	0.000
1487	  N	  0.1	  2.6	0.205	0.000	0.000
1488	  S	  0.1	  2.6	0.000	0.000	0.000
1489	  G	  0.0	  0.5	0.000	0.000	0.000
1490	  F	  0.1	  1.0	0.000	0.000	0.000
1491	  G	  0.1	  0.8	0.000	0.000	0.000
1492	  T	  1.3	  0.9	0.000	0.000	0.000
1493	  S	  1.3	  0.8	0.136	0.000	0.000
1494	  S	  4.2	  0.9	0.136	0.000	0.000
1495	  L	  4.4	  0.9	0.136	0.000	0.000
1496	  N	  4.8	  0.8	0.136	0.000	0.000
1497	  L	  2.1	  0.7	0.136	0.000	0.000
1498	  K	  0.6	  0.1	0.136	0.000	0.000
1499	  P	  0.1	  0.1	0.000	0.000	0.000
1500	  T	 10.1	  0.1	0.000	8.647	8.647
1501	  I	 25.2	  0.1	0.000	21.438	21.438
1502	  T	 29.3	  0.0	0.087	21.438	21.438
1503	  V	 22.1	  0.0	0.087	21.438	21.438
1504	  V	  7.8	  0.0	0.087	21.438	21.438
1505	  T	  5.7	  0.1	0.087	16.037	16.037
1506	  K	  4.0	  0.1	0.087	0.000	0.000
1507	  S	  5.5	  0.3	0.087	0.000	0.000
1508	  I	  4.3	  0.4	0.000	0.000	0.000
1509	  D	  4.2	  0.3	0.000	0.000	0.000
1510	  T	  3.2	  0.3	0.000	0.000	0.000
1511	  K	  3.5	  0.1	0.000	0.000	0.000
1512	  V	  4.4	  0.1	0.000	0.000	0.000
1513	  N	  2.8	  0.0	0.000	0.000	0.000
1514	  T	  4.5	  0.0	0.121	0.000	0.000
1515	  M	  3.4	  0.2	0.121	0.000	0.000
1516	  K	  3.4	  0.4	0.121	0.000	0.000
1517	  E	  0.1	  1.8	0.121	0.000	0.000
1518	  G	  0.0	  1.8	0.121	0.000	0.000
1519	  G	  0.0	  1.6	0.121	0.000	0.000
1520	  V	  0.9	  1.4	0.000	0.000	0.000
1521	  S	  1.1	  0.1	0.000	0.000	0.000
1522	  K	  1.2	  0.1	0.000	0.000	0.000
1523	  Q	  0.8	  0.1	0.000	0.000	0.000
1524	  V	  1.4	  0.1	0.000	1.577	1.577
1525	  S	  1.8	  0.1	0.000	1.577	1.577
1526	  T	  3.4	  0.1	0.000	1.577	1.577
1527	  T	 13.2	  0.1	0.000	1.577	1.577
1528	  V	 13.2	  0.0	0.000	1.577	1.577
1529	  T	 11.4	  0.1	0.000	0.592	0.592
1530	  E	  0.9	  0.1	0.000	0.000	0.000
1531	  Q	  1.7	  0.1	0.000	0.000	0.000
1532	  Y	  2.0	  0.1	0.000	0.000	0.000
1533	  D	  2.0	  0.3	0.000	0.000	0.000
1534	  T	  1.1	  0.4	0.000	0.000	0.000
1535	  S	  1.2	  0.3	0.000	0.000	0.000
1536	  T	 29.8	  0.3	0.000	0.000	0.000
1537	  Y	 29.7	  0.1	0.000	0.000	0.000
1538	  T	 29.2	  0.0	0.106	0.000	0.000
1539	  P	  0.5	  0.1	0.106	0.000	0.000
1540	  A	  0.3	  0.2	0.106	1.228	1.228
1541	  S	  0.5	  0.2	0.106	1.388	1.388
1542	  L	  1.3	  0.2	0.106	1.388	1.388
1543	  L	  1.7	  0.0	0.106	1.388	1.388
1544	  V	  1.7	  0.2	0.000	1.388	1.388
1545	  S	  0.9	  1.1	0.000	0.296	0.296
1546	  D	  0.2	  2.3	0.000	0.000	0.000
1547	  N	  0.0	  2.8	0.000	0.000	0.000
1548	  S	  0.2	  2.8	0.000	0.000	0.000
1549	  G	  0.2	  1.9	0.167	0.000	0.000
1550	  S	  7.6	  0.8	1.050	0.000	0.000
1551	  V	  8.0	  0.3	1.443	0.039	0.039
1552	  S	  8.1	  0.1	20.272	0.042	0.042
1553	  K	  1.1	  0.1	21.062	0.067	0.067
1554	  Y	  2.3	  0.0	21.373	57.964	57.964
1555	  S	  2.3	  0.0	33.565	65.669	65.669
1556	  L	  2.2	  0.0	34.052	93.313	93.313
1557	  W	  0.8	  0.0	35.500	98.166	98.166
1558	  M	  0.8	  0.0	35.708	98.687	98.687
1559	  M	  0.7	  0.0	35.612	99.108	99.108
1560	  A	  0.5	  0.0	35.460	99.448	99.448
1561	  F	  1.0	  0.0	35.370	99.829	99.829
1562	  Y	  1.3	  0.0	34.508	99.802	99.802
1563	  M	  1.6	  0.0	31.273	99.509	99.509
1564	  L	  1.0	  0.0	28.541	99.143	99.143
1565	  F	  0.6	  0.1	26.984	97.022	97.022
1566	  G	  0.2	  0.1	25.222	69.318	69.318
1567	  L	  0.1	  0.1	1.429	64.809	64.809
1568	  F	  0.0	  0.1	0.544	0.073	0.073
