res	aa	Beta	Turn	Helix	Aggregation	Conc-Stab_Aggregation
01	  M	  0.2	  0.0	0.000	0.001	0.001
02	  L	  0.3	  0.1	0.000	1.086	1.086
03	  Q	  1.4	  0.1	0.000	1.161	1.161
04	  Q	  4.3	  0.1	0.000	4.393	4.393
05	  F	  8.5	  0.1	0.000	82.209	82.209
06	  T	  8.2	  0.0	1.789	88.208	88.208
07	  L	  5.6	  0.0	1.789	98.052	98.052
08	  L	  1.8	  0.0	1.789	99.692	99.692
09	  F	  1.7	  0.0	1.789	99.903	99.903
10	  L	  1.9	  0.0	1.789	99.750	99.750
11	  Y	  2.2	  0.1	1.789	98.709	98.709
12	  L	  3.1	  0.1	1.363	94.586	94.586
13	  S	  2.8	  0.1	1.756	70.428	70.428
14	  I	  2.9	  0.1	1.370	67.393	67.393
15	  A	  1.5	  0.0	1.370	32.483	32.483
16	  S	  1.3	  0.0	1.186	2.892	2.892
17	  A	  0.4	  0.1	0.870	1.329	1.329
18	  K	  1.0	  0.1	0.762	0.004	0.004
19	  T	 12.1	  0.1	0.000	0.512	0.512
20	  I	 14.3	  0.1	0.000	11.647	11.647
21	  T	 13.6	  0.0	0.000	11.647	11.647
22	  G	  2.4	  0.0	0.000	11.647	11.647
23	  V	  2.6	  0.1	0.000	11.647	11.647
24	  F	  3.3	  0.1	0.000	11.610	11.610
25	  D	  3.8	  0.1	0.000	0.004	0.004
26	  S	  9.6	  0.3	0.000	0.000	0.000
27	  F	  9.7	  0.3	0.000	0.000	0.000
28	  N	  9.3	  0.3	0.374	0.000	0.000
29	  S	  2.2	  0.3	0.374	0.000	0.000
30	  L	  3.8	  0.1	0.374	0.000	0.000
31	  T	 25.7	  0.0	0.374	0.000	0.000
32	  W	 24.7	  0.2	0.374	0.000	0.000
33	  S	 22.4	  0.2	0.705	0.000	0.000
34	  N	  0.2	  0.2	0.799	0.000	0.000
35	  A	  0.0	  0.5	0.799	0.000	0.000
36	  A	  0.1	  0.3	0.799	0.000	0.000
37	  N	  0.2	  0.3	1.167	0.000	0.000
38	  Y	  1.0	  0.3	1.167	0.000	0.000
39	  A	  1.2	  0.0	0.975	0.000	0.000
40	  F	  1.4	  0.0	0.875	0.000	0.000
41	  K	  0.6	  0.0	0.468	0.000	0.000
42	  G	  0.3	  0.0	0.368	0.000	0.000
43	  P	  0.0	  0.0	0.000	0.000	0.000
44	  G	  0.0	  0.0	0.000	0.000	0.000
45	  Y	  0.0	  0.0	0.000	0.000	0.000
46	  P	  0.0	  0.0	-1.#IO	0.000	0.000
47	  T	  0.0	  0.0	-1.#IO	0.000	0.000
48	  W	  0.0	  0.0	-1.#IO	0.000	0.000
49	  N	  0.0	  0.0	-1.#IO	0.000	0.000
50	  A	  0.0	  0.0	-1.#IO	0.000	0.000
51	  V	  0.0	  0.0	-1.#IO	0.000	0.000
52	  L	  0.0	  0.0	-1.#IO	0.000	0.000
53	  G	  0.0	  0.0	-1.#IO	0.000	0.000
54	  W	  0.0	  0.0	-1.#IO	0.000	0.000
55	  S	  0.0	  0.0	-1.#IO	0.000	0.000
56	  L	  0.0	  0.0	-1.#IO	0.000	0.000
57	  D	  0.0	  0.0	-1.#IO	0.000	0.000
58	  G	  0.0	  0.0	-1.#IO	0.000	0.000
59	  T	  0.0	  0.0	0.000	0.000	0.000
60	  S	  0.0	  0.0	0.000	0.000	0.000
61	  A	  0.0	  0.0	0.000	0.000	0.000
62	  N	  0.0	  2.6	0.000	0.000	0.000
63	  P	  0.0	  4.0	0.000	0.000	0.000
64	  G	  0.0	  4.0	0.000	0.000	0.000
65	  D	  1.3	  4.0	0.413	0.000	0.000
66	  T	 19.1	  1.4	0.509	0.000	0.000
67	  F	 22.7	  0.1	0.509	0.000	0.000
68	  T	 22.8	  0.1	0.509	0.000	0.000
69	  L	  7.9	  0.1	0.509	0.000	0.000
70	  N	  3.9	  0.1	0.509	0.000	0.000
71	  M	  2.5	  0.1	0.378	0.000	0.000
72	  P	  0.1	  0.0	0.000	0.000	0.000
73	  C	  0.7	  0.0	0.000	0.000	0.000
74	  V	  1.8	  0.0	0.000	0.000	0.000
75	  F	  3.1	  0.0	0.000	0.000	0.000
76	  K	  5.4	  0.0	0.000	0.000	0.000
77	  Y	  5.8	  0.0	0.000	0.000	0.000
78	  T	  7.2	  0.0	0.000	0.000	0.000
79	  T	  5.3	  0.1	0.000	0.000	0.000
80	  S	  4.0	  0.2	0.000	0.000	0.000
81	  Q	  1.4	  0.2	0.000	0.000	0.000
82	  T	  1.2	  0.1	0.000	0.000	0.000
83	  S	  5.0	  0.5	0.000	0.000	0.000
84	  V	  7.1	  0.4	0.000	0.000	0.000
85	  D	  6.5	  0.4	0.000	0.000	0.000
86	  L	  3.1	  0.4	0.000	0.000	0.000
87	  T	  1.1	  1.2	0.000	0.000	0.000
88	  A	  0.9	  1.6	0.000	0.000	0.000
89	  D	  0.2	  1.6	0.000	0.000	0.000
90	  G	  0.1	  1.6	0.000	0.000	0.000
91	  V	  3.0	  0.4	0.000	0.000	0.000
92	  K	  3.5	  0.0	0.000	0.000	0.000
93	  Y	  3.7	  0.1	0.000	0.000	0.000
94	  A	  1.1	  0.1	0.000	0.000	0.000
95	  T	  6.0	  0.1	0.000	0.000	0.000
96	  C	  6.7	  0.1	0.000	0.000	0.000
97	  Q	  9.3	  0.0	0.000	0.000	0.000
98	  F	  6.0	  0.1	0.000	0.000	0.000
99	  Y	  6.1	  0.3	0.000	0.000	0.000
100	  S	  3.4	  0.5	0.000	0.000	0.000
101	  G	  1.3	  0.5	0.000	0.000	0.000
102	  E	  0.1	  0.4	0.000	0.000	0.000
103	  E	  1.7	  0.2	0.000	0.000	0.000
104	  F	  2.8	  0.1	0.000	0.428	0.428
105	  T	  5.5	  0.0	0.000	0.428	0.428
106	  T	 31.5	  0.0	0.000	0.738	0.738
107	  F	 30.9	  0.1	0.000	1.054	1.054
108	  S	 28.6	  0.1	0.000	1.054	1.054
109	  T	  2.7	  0.1	0.000	1.054	1.054
110	  L	  4.9	  0.1	0.000	1.180	1.180
111	  T	 10.4	  0.0	0.000	0.719	0.719
112	  C	 13.2	  0.0	0.000	0.249	0.249
113	  T	 14.8	  0.1	0.271	0.249	0.249
114	  V	  9.8	  0.1	0.271	0.249	0.249
115	  N	  5.2	  0.1	1.576	0.000	0.000
116	  D	  0.4	  0.3	2.058	0.000	0.000
117	  A	  0.2	  0.2	2.058	0.000	0.000
118	  L	  0.5	  0.3	2.058	0.000	0.000
119	  K	  0.6	  0.3	2.058	0.000	0.000
120	  S	  0.6	  0.2	1.999	0.000	0.000
121	  S	  1.1	  0.2	1.069	0.000	0.000
122	  I	  2.4	  0.1	0.329	0.000	0.000
123	  K	  2.4	  0.0	0.329	0.000	0.000
124	  A	  1.6	  0.0	0.107	0.189	0.189
125	  F	  0.2	  0.3	0.107	0.323	0.323
126	  G	  0.1	  0.2	0.000	0.323	0.323
127	  T	 10.7	  0.2	0.000	0.323	0.323
128	  V	 23.1	  0.2	0.000	0.323	0.323
129	  T	 23.2	  0.0	0.000	0.134	0.134
130	  L	 13.6	  0.0	0.000	0.000	0.000
131	  P	  0.2	  0.0	0.000	0.000	0.000
132	  I	  1.5	  0.0	0.000	3.991	3.991
133	  A	  1.7	  0.0	0.000	3.991	3.991
134	  F	  6.9	  0.0	0.000	3.991	3.991
135	  N	  5.5	  0.2	0.000	3.991	3.991
136	  V	  5.3	  1.0	0.000	3.991	3.991
137	  G	  0.1	  1.3	0.000	0.328	0.328
138	  G	  0.1	  1.5	0.000	0.000	0.000
139	  T	  0.2	  2.0	0.000	0.000	0.000
140	  G	  0.2	  1.3	0.000	0.000	0.000
141	  S	  0.5	  1.2	0.000	0.000	0.000
142	  S	  0.8	  1.6	0.000	0.000	0.000
143	  T	  0.9	  0.9	0.000	0.000	0.000
144	  D	  0.8	  0.7	0.000	0.000	0.000
145	  L	  0.4	  0.8	0.000	0.000	0.000
146	  E	  0.3	  0.3	0.000	0.000	0.000
147	  D	  0.2	  0.6	0.000	0.000	0.000
148	  S	  0.7	  0.6	0.000	0.000	0.000
149	  K	  1.2	  0.4	0.000	0.000	0.000
150	  C	  2.1	  0.3	0.000	0.000	0.000
151	  F	  6.9	  0.1	0.000	0.000	0.000
152	  T	  6.4	  0.3	0.000	0.000	0.000
153	  A	  5.4	  0.5	0.000	0.000	0.000
154	  G	  0.1	  0.5	0.000	0.000	0.000
155	  T	  0.5	  0.5	0.000	0.000	0.000
156	  N	  1.2	  0.3	0.000	0.000	0.000
157	  T	 10.9	  0.1	0.000	0.000	0.000
158	  V	 18.0	  0.0	0.000	0.000	0.000
159	  T	 24.7	  0.0	0.000	0.000	0.000
160	  F	 15.8	  0.2	0.000	0.000	0.000
161	  N	  8.0	  0.7	0.000	0.000	0.000
162	  D	  0.4	  1.3	0.000	0.000	0.000
163	  G	  0.0	  1.3	0.000	0.000	0.000
164	  D	  0.0	  2.3	0.000	0.000	0.000
165	  K	  0.2	  1.9	0.000	0.000	0.000
166	  D	  0.8	  1.4	0.000	0.000	0.000
167	  I	  3.1	  1.3	0.000	0.000	0.000
168	  S	  5.6	  0.4	0.000	0.000	0.000
169	  I	 11.3	  0.4	0.000	0.000	0.000
170	  D	 11.0	  0.3	0.000	0.000	0.000
171	  V	 11.4	  0.3	0.000	0.000	0.000
172	  E	  6.2	  0.0	0.000	0.000	0.000
173	  F	  5.4	  0.1	0.000	0.000	0.000
174	  E	  2.6	  0.1	0.000	0.000	0.000
175	  K	  2.3	  0.1	0.000	0.000	0.000
176	  S	  1.0	  0.1	0.000	0.000	0.000
177	  T	  8.1	  0.1	0.000	0.000	0.000
178	  V	  7.8	  0.0	0.000	0.000	0.000
179	  D	  7.4	 14.7	0.000	0.000	0.000
180	  P	  0.2	 14.9	0.000	0.000	0.000
181	  S	  0.0	 14.9	0.000	0.000	0.000
182	  G	  0.0	 14.9	0.000	0.120	0.120
183	  Y	  0.6	  0.2	0.000	0.287	0.287
184	  L	  0.9	  0.0	0.000	0.287	0.287
185	  Y	  1.6	  0.2	0.000	0.287	0.287
186	  A	  1.2	  0.2	0.000	0.287	0.287
187	  S	  1.1	  0.2	0.000	0.167	0.167
188	  R	  3.7	  0.2	0.000	0.000	0.000
189	  V	  4.0	  0.0	0.000	0.000	0.000
190	  M	  3.8	  0.4	0.000	0.000	0.000
191	  P	  0.5	  0.4	0.000	0.000	0.000
192	  S	  2.6	  1.1	0.000	0.000	0.000
193	  L	  2.7	  1.1	0.000	0.000	0.000
194	  N	  2.8	  0.7	0.273	0.000	0.000
195	  K	  5.4	  0.7	0.273	0.000	0.000
196	  V	  6.8	  0.0	0.273	50.899	50.899
197	  T	  7.5	  0.0	0.273	54.734	54.734
198	  T	  3.3	  0.0	0.273	54.916	54.916
199	  L	  2.3	  0.0	0.273	55.084	55.084
200	  F	  7.2	  0.0	0.176	55.084	55.084
201	  V	  6.7	  0.0	0.000	51.250	51.250
202	  A	  6.1	  0.3	0.000	0.991	0.991
203	  P	  0.4	  0.4	0.000	0.661	0.661
204	  Q	  1.9	  0.4	0.000	0.000	0.000
205	  C	  2.5	  2.0	0.000	0.000	0.000
206	  E	  2.5	  5.2	0.000	0.000	0.000
207	  N	  0.6	  5.2	0.000	0.000	0.000
208	  G	  0.2	  5.2	0.000	0.000	0.000
209	  Y	  3.0	  3.6	0.000	0.000	0.000
210	  T	  3.1	  0.3	0.000	0.000	0.000
211	  S	  3.0	  0.8	0.000	0.000	0.000
212	  G	  0.1	  0.8	0.000	0.000	0.000
213	  T	  0.3	  0.8	0.000	0.000	0.000
214	  M	  0.4	  0.6	0.000	0.000	0.000
215	  G	  0.5	  0.2	0.000	0.000	0.000
216	  F	  1.7	  0.3	0.000	0.000	0.000
217	  S	  2.4	  1.2	0.000	0.000	0.000
218	  S	  2.4	  6.3	0.000	0.000	0.000
219	  S	  1.0	  6.6	0.000	0.000	0.000
220	  N	  0.1	  6.6	0.000	0.000	0.000
221	  G	  0.0	  5.5	0.000	0.000	0.000
222	  D	  0.2	  0.4	0.000	0.000	0.000
223	  V	  3.2	  0.1	0.000	0.000	0.000
224	  A	  3.4	  0.0	0.000	0.000	0.000
225	  I	  6.1	  0.0	0.000	0.000	0.000
226	  D	  3.4	  0.5	0.000	0.000	0.000
227	  C	  3.3	  0.9	0.000	0.000	0.000
228	  S	  0.5	  0.9	0.000	0.000	0.000
229	  N	  0.6	  0.9	0.000	0.000	0.000
230	  I	  6.6	  0.4	0.000	0.000	0.000
231	  H	  7.6	  0.2	0.000	0.000	0.000
232	  I	  7.4	  0.4	0.000	0.000	0.000
233	  G	  1.6	  0.4	0.000	0.000	0.000
234	  I	  2.8	  0.4	0.000	0.000	0.000
235	  T	  2.6	  0.5	0.000	0.000	0.000
236	  K	  2.3	  0.3	0.000	0.000	0.000
237	  G	  0.2	  0.5	0.000	0.000	0.000
238	  L	  0.2	  0.6	0.000	0.000	0.000
239	  N	  0.3	  0.4	0.000	0.000	0.000
240	  D	  0.5	  0.8	0.000	0.000	0.000
241	  W	  3.6	  0.6	0.000	0.000	0.000
242	  N	  3.6	  0.5	0.000	0.000	0.000
243	  Y	  3.2	  0.5	0.000	0.000	0.000
244	  P	  0.1	  0.0	0.000	0.000	0.000
245	  V	  1.0	  0.0	0.000	0.000	0.000
246	  S	  1.1	  0.1	0.000	0.000	0.000
247	  S	  1.2	  0.9	0.000	0.000	0.000
248	  E	  0.3	  0.9	0.000	0.000	0.000
249	  S	 19.1	  1.0	0.000	0.000	0.000
250	  F	 23.9	  0.9	0.000	0.000	0.000
251	  S	 29.2	  0.1	0.000	0.000	0.000
252	  Y	 14.6	  0.1	0.000	0.000	0.000
253	  T	  9.6	  0.1	0.000	0.000	0.000
254	  K	  4.4	  0.1	0.000	0.000	0.000
255	  T	  7.2	  0.1	0.000	0.000	0.000
256	  C	  7.4	  0.2	0.000	0.000	0.000
257	  T	  6.9	  0.9	0.000	0.000	0.000
258	  S	  1.4	  1.9	0.000	0.000	0.000
259	  N	  0.1	  2.0	0.000	0.000	0.000
260	  G	  0.1	  1.9	0.118	0.000	0.000
261	  I	  1.1	  1.1	0.118	0.000	0.000
262	  Q	  2.8	  0.0	0.118	0.000	0.000
263	  I	  5.6	  0.0	0.118	0.000	0.000
264	  K	  5.4	  0.0	0.118	0.000	0.000
265	  Y	  5.4	  0.3	0.118	0.000	0.000
266	  Q	  3.3	  0.3	0.000	0.000	0.000
267	  N	  2.5	  0.3	0.000	0.000	0.000
268	  V	  1.0	  0.5	0.000	0.000	0.000
269	  P	  0.2	  0.5	0.000	0.000	0.000
270	  A	  0.0	  0.5	0.000	0.000	0.000
271	  G	  0.1	  0.5	0.000	0.000	0.000
272	  Y	  0.5	  0.4	0.000	0.000	0.000
273	  R	  0.5	  0.0	0.000	0.000	0.000
274	  P	  0.4	  0.0	0.000	0.000	0.000
275	  F	  1.1	  0.1	0.000	0.000	0.000
276	  I	  1.8	  0.1	0.000	0.000	0.000
277	  D	  1.9	  0.1	0.000	0.000	0.000
278	  A	  1.1	  0.1	0.000	0.000	0.000
279	  Y	  1.4	  0.0	0.000	0.000	0.000
280	  I	  2.7	  0.0	0.000	0.000	0.000
281	  S	  3.1	  0.2	0.707	0.000	0.000
282	  A	  2.3	  0.3	0.707	0.000	0.000
283	  T	  1.2	  0.3	0.707	0.000	0.000
284	  D	  1.2	  0.7	0.707	0.000	0.000
285	  V	  2.7	  0.5	0.707	0.000	0.000
286	  N	  3.3	  0.5	3.910	0.000	0.000
287	  Q	  5.5	  0.5	3.705	0.000	0.000
288	  Y	  8.2	  0.0	3.458	2.632	2.632
289	  T	  7.5	  0.0	3.204	2.782	2.782
290	  L	  4.8	  0.0	3.204	2.782	2.782
291	  A	  0.9	  0.0	3.204	2.782	2.782
292	  Y	  2.1	  0.1	2.514	2.782	2.782
293	  T	  1.9	  0.1	0.363	0.684	0.684
294	  N	  1.7	  0.1	0.449	0.000	0.000
295	  D	  0.8	  0.1	0.295	0.000	0.000
296	  Y	 18.0	  0.1	0.206	0.000	0.000
297	  T	 19.3	  0.0	0.206	0.000	0.000
298	  C	 18.8	  0.8	0.206	0.000	0.000
299	  A	  1.8	  1.2	0.206	0.000	0.000
300	  G	  0.2	  1.2	0.206	0.000	0.000
301	  S	  1.5	  1.8	0.115	0.000	0.000
302	  R	  1.8	  1.0	0.000	0.000	0.000
303	  S	  3.3	  1.3	0.000	0.000	0.000
304	  Q	  2.3	  1.3	0.000	0.000	0.000
305	  S	  2.0	  0.7	0.000	0.000	0.000
306	  K	  0.5	  0.7	0.000	0.000	0.000
307	  P	  0.1	  0.0	0.000	0.000	0.000
308	  F	  4.6	  0.0	0.000	0.000	0.000
309	  T	  6.8	  0.0	0.000	0.000	0.000
310	  L	  7.9	  0.0	0.000	0.000	0.000
311	  R	  4.6	  0.0	0.000	0.000	0.000
312	  W	  2.4	  0.1	0.000	0.000	0.000
313	  T	  1.4	  0.1	0.000	0.000	0.000
314	  G	  0.3	  0.1	0.000	0.000	0.000
315	  Y	  0.6	  0.3	0.000	0.000	0.000
316	  K	  0.6	  0.3	0.000	0.000	0.000
317	  N	  0.6	  3.1	0.000	0.000	0.000
318	  S	  0.1	  3.2	0.000	0.000	0.000
319	  D	  0.0	  4.5	0.000	0.000	0.000
320	  A	  0.0	  5.2	0.000	0.000	0.000
321	  G	  0.0	  3.1	0.000	0.000	0.000
322	  S	  0.0	  3.9	0.000	0.062	0.062
323	  N	  0.0	  2.4	0.000	0.608	0.608
324	  G	  0.1	  1.7	0.000	13.625	13.625
325	  I	  7.1	  0.9	0.000	92.355	92.355
326	  V	 20.1	  0.0	0.000	94.334	94.334
327	  I	 23.7	  0.0	0.000	94.396	94.396
328	  V	 18.2	  0.0	0.000	94.376	94.376
329	  A	  5.0	  0.0	0.000	88.168	88.168
330	  T	  1.8	  0.0	0.000	26.977	26.977
331	  T	  1.5	  0.1	0.000	10.208	10.208
332	  R	  2.0	  0.1	0.000	0.052	0.052
333	  T	 11.9	  0.1	0.000	0.052	0.052
334	  V	 12.7	  0.1	0.000	0.052	0.052
335	  T	 12.6	  0.1	0.000	0.052	0.052
336	  D	  2.0	  0.2	0.000	0.052	0.052
337	  S	  1.2	  0.3	0.000	0.022	0.022
338	  T	  1.3	  0.3	0.000	0.022	0.022
339	  T	  2.0	  0.2	0.000	0.162	0.162
340	  A	  1.8	  0.0	0.000	0.162	0.162
341	  V	  3.0	  0.0	0.000	0.162	0.162
342	  T	  3.9	  0.0	0.000	0.148	0.148
343	  T	  3.7	  0.0	0.000	0.140	0.140
344	  L	  1.9	  0.0	0.000	0.000	0.000
345	  P	  0.2	  0.0	0.000	0.000	0.000
346	  F	  0.2	  0.0	0.000	0.000	0.000
347	  N	  0.2	  1.6	0.000	0.000	0.000
348	  P	  0.2	  1.6	0.000	0.000	0.000
349	  S	  4.1	  2.0	0.000	0.000	0.000
350	  V	  4.3	  2.0	0.000	0.000	0.000
351	  D	  4.3	  0.6	0.155	0.000	0.000
352	  K	  0.8	  0.6	0.155	0.000	0.000
353	  T	  2.0	  0.3	0.502	0.000	0.000
354	  K	  2.7	  0.3	0.502	0.000	0.000
355	  T	  6.0	  0.1	0.692	0.000	0.000
356	  I	  8.7	  0.1	0.692	0.000	0.000
357	  E	  8.1	  0.0	0.692	0.000	0.000
358	  I	  7.2	  0.0	0.692	0.000	0.000
359	  L	  3.1	  0.0	0.692	0.000	0.000
360	  Q	  2.9	  0.0	0.593	0.000	0.000
361	  P	  0.1	  0.0	0.000	0.000	0.000
362	  I	  0.0	  0.0	0.000	0.000	0.000
363	  P	  0.0	  0.0	0.000	0.000	0.000
364	  T	  1.5	  0.0	0.000	0.828	0.828
365	  T	  2.4	  0.0	0.000	2.202	2.202
366	  T	 13.4	  0.0	0.000	4.609	4.609
367	  I	 15.1	  0.0	0.000	8.716	8.716
368	  T	 16.6	  0.0	0.000	8.936	8.936
369	  T	  7.0	  0.0	0.000	9.240	9.240
370	  S	  4.6	  0.0	0.000	9.859	9.859
371	  Y	  2.7	  0.2	0.000	12.791	12.791
372	  V	  1.7	  0.2	0.000	13.157	13.157
373	  G	  1.1	  0.2	0.000	10.414	10.414
374	  V	  1.8	  0.2	0.000	10.410	10.410
375	  T	  3.7	  0.1	0.000	6.912	6.912
376	  T	  5.0	  0.0	0.000	3.365	3.365
377	  S	 23.4	  0.2	0.106	1.068	1.068
378	  Y	 21.8	  0.2	0.106	0.955	0.955
379	  S	 20.8	  0.2	0.106	0.000	0.000
380	  T	  2.3	  0.3	0.106	0.000	0.000
381	  K	  2.1	  0.1	0.106	0.000	0.000
382	  T	  2.0	  0.1	0.106	0.000	0.000
383	  A	  0.9	  0.1	0.106	0.000	0.000
384	  P	  0.2	  0.2	0.000	0.000	0.000
385	  I	  0.0	  0.6	0.000	0.000	0.000
386	  G	  0.0	  0.8	0.000	0.000	0.000
387	  E	  0.1	  0.8	0.000	0.000	0.000
388	  T	  1.1	  0.6	0.000	5.379	5.379
389	  A	  1.6	  0.1	0.000	13.629	13.629
390	  T	  4.3	  0.0	0.000	13.629	13.629
391	  V	 15.9	  0.0	0.000	13.629	13.629
392	  I	 16.1	  0.0	0.000	13.629	13.629
393	  V	 24.4	  0.0	0.000	13.218	13.218
394	  D	 11.8	  0.0	0.000	0.000	0.000
395	  V	 11.1	  0.0	0.000	0.000	0.000
396	  P	  0.1	  0.0	0.000	0.000	0.000
397	  Y	  0.6	  0.0	0.000	0.000	0.000
398	  H	  1.2	  0.0	0.000	0.000	0.000
399	  T	  2.7	  0.1	0.000	0.000	0.000
400	  T	  3.5	  0.1	0.000	0.000	0.000
401	  T	  4.9	  0.1	0.000	0.000	0.000
402	  T	 13.8	  0.0	0.000	0.000	0.000
403	  V	 14.6	  0.0	0.000	0.000	0.000
404	  T	 12.8	  0.0	0.000	0.000	0.000
405	  S	  2.6	  0.0	0.000	0.000	0.000
406	  E	  1.5	  0.0	0.000	0.000	0.000
407	  W	  1.5	  0.1	0.000	0.000	0.000
408	  T	  1.6	  0.1	0.000	0.000	0.000
409	  G	  0.3	  0.1	0.000	0.000	0.000
410	  T	 11.2	  0.1	0.000	0.000	0.000
411	  I	 14.3	  0.1	0.000	0.000	0.000
412	  T	 15.7	  0.0	0.000	0.000	0.000
413	  T	  6.2	  0.0	0.000	0.000	0.000
414	  T	  4.4	  0.1	0.000	0.000	0.000
415	  T	  4.0	  0.1	0.000	0.000	0.000
416	  T	  3.1	  0.1	0.000	0.000	0.000
417	  R	  2.5	  0.1	0.000	0.000	0.000
418	  T	  1.4	  0.1	0.000	0.000	0.000
419	  N	  0.8	  0.8	0.000	0.000	0.000
420	  P	  0.0	  0.8	0.000	0.000	0.000
421	  T	  0.5	  0.9	0.000	0.000	0.000
422	  D	  0.7	  0.9	0.000	0.000	0.000
423	  S	  3.2	  0.4	0.159	0.000	0.000
424	  I	  3.7	  0.3	0.159	0.000	0.000
425	  D	  4.0	  0.3	0.249	0.000	0.000
426	  T	  6.2	  0.2	0.249	1.152	1.152
427	  V	 15.8	  0.0	0.249	1.416	1.416
428	  V	 18.7	  0.0	0.249	1.416	1.416
429	  V	 19.7	  0.0	0.249	1.416	1.416
430	  Q	  9.1	  0.0	0.249	1.416	1.416
431	  V	  5.7	  0.0	0.000	0.264	0.264
432	  P	  0.1	  0.0	0.000	0.117	0.117
433	  S	  0.0	  0.0	0.000	0.000	0.000
434	  P	  0.0	  0.0	0.000	0.000	0.000
435	  N	  0.0	  0.2	0.000	0.000	0.000
436	  P	  0.0	  0.2	0.000	0.000	0.000
437	  T	 17.9	  0.2	0.000	0.000	0.000
438	  V	 18.6	  0.2	0.000	0.000	0.000
439	  S	 19.2	  0.1	0.000	0.000	0.000
440	  T	  1.8	  0.1	0.000	0.000	0.000
441	  T	  1.0	  0.1	0.000	0.000	0.000
442	  E	  0.8	  0.0	0.000	0.000	0.000
443	  Y	  2.1	  0.0	0.000	0.000	0.000
444	  W	  3.1	  0.1	0.000	0.000	0.000
445	  S	  4.3	  0.8	0.000	0.000	0.000
446	  Q	  3.6	  0.8	0.000	0.000	0.000
447	  S	  3.0	  0.8	0.000	0.000	0.000
448	  Y	  1.8	  0.7	0.000	0.469	0.469
449	  A	  1.0	  0.0	0.000	0.469	0.469
450	  T	  1.8	  0.0	0.000	0.469	0.469
451	  T	  2.9	  0.0	0.000	0.469	0.469
452	  T	  4.7	  0.0	0.000	0.469	0.469
453	  T	 13.6	  0.0	0.000	0.469	0.469
454	  V	 18.2	  0.0	0.000	0.469	0.469
455	  T	 16.3	  0.0	0.000	0.175	0.175
456	  A	  6.4	  0.0	0.000	0.000	0.000
457	  P	  0.0	  1.1	0.000	0.000	0.000
458	  P	  0.0	  1.3	0.000	0.000	0.000
459	  G	  0.0	  1.4	0.000	0.000	0.000
460	  G	  0.0	  1.5	0.000	0.000	0.000
461	  T	  0.4	  0.4	0.000	0.000	0.000
462	  D	  0.8	  0.3	0.000	0.000	0.000
463	  T	  4.0	  0.1	0.336	0.000	0.000
464	  V	 10.5	  0.0	0.336	0.000	0.000
465	  I	 13.8	  0.0	0.336	0.000	0.000
466	  I	 11.4	  0.0	0.336	0.000	0.000
467	  R	  4.7	  0.0	0.336	0.000	0.000
468	  E	  0.7	  0.0	0.336	0.000	0.000
469	  P	  0.0	  0.9	0.000	0.000	0.000
470	  P	  0.0	  0.9	0.000	0.000	0.000
471	  N	  0.1	  0.9	0.000	0.000	0.000
472	  H	  2.4	  0.9	0.000	0.000	0.000
473	  T	 13.0	  0.0	0.000	0.000	0.000
474	  V	 14.4	  0.0	0.000	0.000	0.000
475	  T	 13.7	  0.0	0.000	0.000	0.000
476	  T	  3.4	  0.0	0.000	0.000	0.000
477	  T	  1.9	  0.0	0.000	0.000	0.000
478	  E	  0.8	  0.0	0.000	0.000	0.000
479	  Y	  2.1	  0.0	0.000	0.000	0.000
480	  W	  3.1	  0.1	0.000	0.000	0.000
481	  S	  4.3	  0.8	0.000	0.000	0.000
482	  Q	  3.6	  0.8	0.000	0.000	0.000
483	  S	  3.0	  0.8	0.000	0.134	0.134
484	  F	  1.8	  0.7	0.000	1.977	1.977
485	  A	  1.0	  0.0	0.000	1.977	1.977
486	  T	  1.8	  0.0	0.000	1.977	1.977
487	  T	  2.9	  0.0	0.000	1.977	1.977
488	  T	  4.7	  0.0	0.000	1.977	1.977
489	  T	 13.6	  0.0	0.000	1.831	1.831
490	  V	 18.1	  0.0	0.000	1.831	1.831
491	  T	 16.2	  0.0	0.000	0.630	0.630
492	  A	  6.4	  0.0	0.000	0.000	0.000
493	  P	  0.0	  1.7	0.000	0.000	0.000
494	  P	  0.0	  1.8	0.000	0.000	0.000
495	  G	  0.0	  2.0	0.000	0.000	0.000
496	  E	  0.1	  2.0	0.000	0.000	0.000
497	  T	  0.4	  0.4	0.000	0.000	0.000
498	  D	  0.9	  0.2	0.000	0.000	0.000
499	  T	  4.0	  0.1	0.336	0.000	0.000
500	  V	 10.5	  0.0	0.336	0.000	0.000
501	  I	 13.8	  0.0	0.336	0.000	0.000
502	  I	 11.4	  0.0	0.336	0.000	0.000
503	  R	  4.7	  0.0	0.336	0.000	0.000
504	  E	  0.7	  0.0	0.336	0.000	0.000
505	  P	  0.0	  0.9	0.000	0.000	0.000
506	  P	  0.0	  0.9	0.000	0.000	0.000
507	  N	  0.1	  0.9	0.000	0.000	0.000
508	  H	  2.4	  0.9	0.000	0.000	0.000
509	  T	 13.0	  0.0	0.000	0.000	0.000
510	  V	 14.4	  0.0	0.000	0.000	0.000
511	  T	 13.7	  0.0	0.000	0.000	0.000
512	  T	  3.4	  0.0	0.000	0.000	0.000
513	  T	  1.9	  0.0	0.000	0.000	0.000
514	  E	  0.8	  0.0	0.000	0.000	0.000
515	  Y	  2.1	  0.0	0.000	0.000	0.000
516	  W	  3.1	  0.1	0.000	0.000	0.000
517	  S	  4.3	  0.8	0.000	0.000	0.000
518	  Q	  3.6	  0.8	0.000	0.000	0.000
519	  S	  3.0	  0.8	0.000	0.000	0.000
520	  Y	  1.8	  0.7	0.000	0.469	0.469
521	  A	  1.0	  0.0	0.000	0.469	0.469
522	  T	  1.8	  0.0	0.000	0.469	0.469
523	  T	  2.9	  0.0	0.000	0.469	0.469
524	  T	  4.7	  0.0	0.000	0.469	0.469
525	  T	 13.6	  0.0	0.000	0.469	0.469
526	  V	 18.2	  0.0	0.000	0.469	0.469
527	  T	 16.3	  0.0	0.000	0.175	0.175
528	  A	  6.4	  0.0	0.000	0.000	0.000
529	  P	  0.0	  1.1	0.000	0.000	0.000
530	  P	  0.0	  1.3	0.000	0.000	0.000
531	  G	  0.0	  1.4	0.000	0.000	0.000
532	  G	  0.0	  1.5	0.116	0.000	0.000
533	  T	  0.4	  0.4	0.116	0.000	0.000
534	  D	  0.9	  0.3	0.249	0.000	0.000
535	  T	  4.6	  0.1	0.662	0.000	0.000
536	  V	  7.0	  0.0	0.662	0.000	0.000
537	  L	  6.7	  0.0	0.662	0.000	0.000
538	  I	  3.8	  0.0	0.662	0.000	0.000
539	  R	  0.9	  0.0	0.662	0.000	0.000
540	  E	  0.8	  0.0	0.413	0.000	0.000
541	  P	  0.0	  0.9	0.000	0.000	0.000
542	  P	  0.0	  1.0	0.000	0.000	0.000
543	  N	  0.1	  1.0	0.000	0.000	0.000
544	  H	  2.4	  1.0	0.000	0.000	0.000
545	  T	 13.0	  0.0	0.000	0.000	0.000
546	  V	 14.4	  0.0	0.000	0.000	0.000
547	  T	 13.7	  0.0	0.000	0.000	0.000
548	  T	  3.4	  0.0	0.000	0.000	0.000
549	  T	  1.9	  0.0	0.000	0.000	0.000
550	  E	  0.8	  0.0	0.000	0.000	0.000
551	  Y	  2.1	  0.0	0.000	0.000	0.000
552	  W	  3.1	  0.1	0.000	0.000	0.000
553	  S	  4.3	  0.8	0.000	0.000	0.000
554	  Q	  3.6	  0.8	0.000	0.000	0.000
555	  S	  3.0	  0.8	0.000	0.000	0.000
556	  Y	  1.8	  0.7	0.000	0.469	0.469
557	  A	  1.0	  0.0	0.000	0.469	0.469
558	  T	  1.8	  0.0	0.000	0.469	0.469
559	  T	  2.9	  0.0	0.000	0.469	0.469
560	  T	  4.7	  0.0	0.000	0.469	0.469
561	  T	 13.6	  0.0	0.000	0.469	0.469
562	  V	 18.2	  0.0	0.000	0.469	0.469
563	  T	 16.3	  0.0	0.000	0.175	0.175
564	  A	  6.4	  0.0	0.000	0.000	0.000
565	  P	  0.0	  1.1	0.000	0.000	0.000
566	  P	  0.0	  1.3	0.000	0.000	0.000
567	  G	  0.0	  1.4	0.000	0.000	0.000
568	  G	  0.0	  1.5	0.000	0.000	0.000
569	  T	  0.4	  0.4	0.000	0.000	0.000
570	  D	  0.8	  0.3	0.000	0.000	0.000
571	  T	  4.0	  0.1	0.336	0.000	0.000
572	  V	 10.5	  0.0	0.336	0.000	0.000
573	  I	 13.8	  0.0	0.336	0.000	0.000
574	  I	 11.4	  0.0	0.336	0.000	0.000
575	  R	  4.6	  0.0	0.336	0.000	0.000
576	  E	  0.7	  0.0	0.336	0.000	0.000
577	  P	  0.0	  0.9	0.000	0.000	0.000
578	  P	  0.0	  0.9	0.000	0.000	0.000
579	  N	  1.2	  0.9	0.000	0.000	0.000
580	  Y	 11.0	  0.9	0.000	0.387	0.387
581	  T	 20.7	  0.0	0.000	0.387	0.387
582	  V	 20.9	  0.0	0.000	0.387	0.387
583	  T	 13.0	  0.0	0.000	0.387	0.387
584	  T	  3.1	  0.0	0.000	0.387	0.387
585	  T	  1.8	  0.0	0.000	0.145	0.145
586	  E	  0.8	  0.0	0.000	0.000	0.000
587	  Y	  2.1	  0.0	0.000	0.000	0.000
588	  W	  3.1	  0.1	0.000	0.000	0.000
589	  S	  4.3	  0.8	0.000	0.000	0.000
590	  Q	  3.6	  0.8	0.000	0.000	0.000
591	  S	  3.0	  0.8	0.000	0.000	0.000
592	  Y	  1.8	  0.7	0.000	0.445	0.445
593	  A	  1.0	  0.0	0.000	0.445	0.445
594	  T	  1.8	  0.0	0.000	0.445	0.445
595	  T	  2.9	  0.0	0.000	0.445	0.445
596	  T	  3.6	  0.0	0.000	0.445	0.445
597	  T	 13.2	  0.0	0.000	0.445	0.445
598	  I	 20.1	  0.0	0.000	0.445	0.445
599	  T	 19.2	  0.0	0.000	0.165	0.165
600	  A	  8.7	  0.0	0.000	0.000	0.000
601	  P	  0.0	  1.6	0.000	0.000	0.000
602	  P	  0.0	  1.8	0.000	0.000	0.000
603	  G	  0.0	  1.9	0.000	0.000	0.000
604	  E	  0.1	  2.0	0.000	0.000	0.000
605	  T	  0.4	  0.4	0.000	0.000	0.000
606	  D	  0.9	  0.2	0.000	0.000	0.000
607	  T	  4.0	  0.1	0.336	0.000	0.000
608	  V	 10.5	  0.0	0.336	0.000	0.000
609	  I	 13.8	  0.0	0.336	0.000	0.000
610	  I	 11.4	  0.0	0.336	0.000	0.000
611	  R	  4.7	  0.0	0.336	0.000	0.000
612	  E	  0.7	  0.0	0.336	0.000	0.000
613	  P	  0.0	  0.9	0.000	0.000	0.000
614	  P	  0.0	  0.9	0.000	0.000	0.000
615	  N	  0.1	  0.9	0.000	0.000	0.000
616	  H	  2.4	  0.9	0.000	0.000	0.000
617	  T	 13.0	  0.0	0.000	0.000	0.000
618	  V	 14.4	  0.0	0.000	0.000	0.000
619	  T	 13.7	  0.0	0.000	0.000	0.000
620	  T	  3.4	  0.0	0.000	0.000	0.000
621	  T	  1.9	  0.0	0.000	0.000	0.000
622	  E	  0.8	  0.0	0.000	0.000	0.000
623	  Y	  2.1	  0.0	0.000	0.000	0.000
624	  W	  3.1	  0.1	0.000	0.000	0.000
625	  S	  4.3	  0.8	0.000	0.000	0.000
626	  Q	  3.6	  0.8	0.000	0.000	0.000
627	  S	  3.0	  0.8	0.000	0.000	0.000
628	  Y	  1.8	  0.7	0.000	0.469	0.469
629	  A	  1.0	  0.0	0.000	0.469	0.469
630	  T	  1.8	  0.0	0.000	0.469	0.469
631	  T	  2.9	  0.0	0.000	0.469	0.469
632	  T	  4.7	  0.0	0.000	0.469	0.469
633	  T	 13.6	  0.0	0.000	0.469	0.469
634	  V	 18.2	  0.0	0.000	0.469	0.469
635	  T	 16.3	  0.0	0.000	0.175	0.175
636	  A	  6.4	  0.0	0.000	0.000	0.000
637	  P	  0.0	  1.1	0.000	0.000	0.000
638	  P	  0.0	  1.3	0.000	0.000	0.000
639	  G	  0.0	  1.4	0.000	0.000	0.000
640	  G	  0.0	  1.5	0.116	0.000	0.000
641	  T	  0.4	  0.4	0.116	0.000	0.000
642	  D	  0.9	  0.3	0.249	0.000	0.000
643	  T	  4.6	  0.1	0.662	0.000	0.000
644	  V	  7.0	  0.0	0.662	0.000	0.000
645	  L	  6.7	  0.0	0.662	0.000	0.000
646	  I	  3.8	  0.0	0.662	0.000	0.000
647	  R	  0.9	  0.0	0.662	0.000	0.000
648	  E	  0.8	  0.0	0.413	0.000	0.000
649	  P	  0.0	  0.9	0.000	0.000	0.000
650	  P	  0.0	  1.0	0.000	0.000	0.000
651	  N	  0.1	  1.0	0.000	0.000	0.000
652	  H	  2.4	  1.0	0.000	0.000	0.000
653	  T	 13.0	  0.0	0.000	0.000	0.000
654	  V	 14.4	  0.0	0.000	0.000	0.000
655	  T	 13.7	  0.0	0.000	0.000	0.000
656	  T	  3.4	  0.0	0.000	0.000	0.000
657	  T	  1.9	  0.0	0.000	0.000	0.000
658	  E	  0.8	  0.0	0.000	0.000	0.000
659	  Y	  2.1	  0.0	0.000	0.000	0.000
660	  W	  3.1	  0.1	0.000	0.000	0.000
661	  S	  4.3	  0.8	0.000	0.000	0.000
662	  Q	  3.6	  0.8	0.000	0.000	0.000
663	  S	  3.0	  0.8	0.000	0.000	0.000
664	  Y	  1.8	  0.7	0.000	0.469	0.469
665	  A	  1.0	  0.0	0.000	0.469	0.469
666	  T	  1.8	  0.0	0.000	0.469	0.469
667	  T	  2.9	  0.0	0.000	0.469	0.469
668	  T	  4.7	  0.0	0.000	0.469	0.469
669	  T	 13.6	  0.0	0.000	0.469	0.469
670	  V	 18.2	  0.0	0.000	0.469	0.469
671	  T	 16.3	  0.0	0.000	0.175	0.175
672	  A	  6.4	  0.0	0.000	0.000	0.000
673	  P	  0.0	  1.1	0.000	0.000	0.000
674	  P	  0.0	  1.3	0.000	0.000	0.000
675	  G	  0.0	  1.4	0.000	0.000	0.000
676	  G	  0.0	  1.5	0.116	0.000	0.000
677	  T	  0.4	  0.4	0.116	0.000	0.000
678	  D	  0.9	  0.3	0.249	0.000	0.000
679	  T	  4.6	  0.1	0.662	0.000	0.000
680	  V	  7.0	  0.0	0.662	0.000	0.000
681	  L	  6.7	  0.0	0.662	0.000	0.000
682	  I	  3.8	  0.0	0.662	0.000	0.000
683	  R	  0.9	  0.0	0.662	0.000	0.000
684	  E	  0.8	  0.0	0.413	0.000	0.000
685	  P	  0.0	  0.9	0.000	0.000	0.000
686	  P	  0.0	  1.0	0.000	0.000	0.000
687	  N	  0.1	  1.0	0.000	0.000	0.000
688	  H	  2.4	  1.0	0.000	0.000	0.000
689	  T	 13.0	  0.0	0.000	0.000	0.000
690	  V	 14.4	  0.0	0.000	0.000	0.000
691	  T	 13.7	  0.0	0.000	0.000	0.000
692	  T	  3.4	  0.0	0.000	0.000	0.000
693	  T	  1.9	  0.0	0.000	0.000	0.000
694	  E	  0.8	  0.0	0.000	0.000	0.000
695	  Y	  2.1	  0.0	0.000	0.000	0.000
696	  W	  3.1	  0.1	0.000	0.000	0.000
697	  S	  4.3	  0.8	0.000	0.000	0.000
698	  Q	  3.6	  0.8	0.000	0.000	0.000
699	  S	  3.0	  0.8	0.000	0.000	0.000
700	  Y	  1.8	  0.7	0.000	0.469	0.469
701	  A	  1.0	  0.0	0.000	0.469	0.469
702	  T	  1.8	  0.0	0.000	0.469	0.469
703	  T	  2.9	  0.0	0.000	0.469	0.469
704	  T	  4.7	  0.0	0.000	0.469	0.469
705	  T	 13.6	  0.0	0.000	0.469	0.469
706	  V	 18.2	  0.0	0.000	0.469	0.469
707	  T	 16.3	  0.0	0.000	0.175	0.175
708	  A	  6.4	  0.0	0.000	0.000	0.000
709	  P	  0.0	  1.1	0.000	0.000	0.000
710	  P	  0.0	  1.3	0.000	0.000	0.000
711	  G	  0.0	  1.4	0.000	0.000	0.000
712	  G	  0.0	  1.5	0.000	0.000	0.000
713	  T	  0.4	  0.4	0.000	0.000	0.000
714	  D	  0.8	  0.3	0.000	0.000	0.000
715	  T	  4.0	  0.1	0.336	0.000	0.000
716	  V	 10.5	  0.0	0.336	0.000	0.000
717	  I	 13.8	  0.0	0.336	0.000	0.000
718	  I	 11.4	  0.0	0.336	0.000	0.000
719	  R	  4.7	  0.0	0.336	0.000	0.000
720	  E	  0.7	  0.0	0.336	0.000	0.000
721	  P	  0.0	  0.9	0.000	0.000	0.000
722	  P	  0.0	  0.9	0.000	0.000	0.000
723	  N	  0.1	  0.9	0.000	0.000	0.000
724	  H	  2.4	  0.9	0.000	0.000	0.000
725	  T	 13.0	  0.0	0.000	0.000	0.000
726	  V	 14.4	  0.0	0.000	0.000	0.000
727	  T	 13.7	  0.0	0.000	0.000	0.000
728	  T	  3.4	  0.0	0.000	0.000	0.000
729	  T	  1.9	  0.0	0.000	0.000	0.000
730	  E	  0.8	  0.0	0.000	0.000	0.000
731	  Y	  2.1	  0.0	0.000	0.000	0.000
732	  W	  3.1	  0.1	0.000	0.000	0.000
733	  S	  4.3	  0.8	0.000	0.000	0.000
734	  Q	  3.6	  0.8	0.000	0.000	0.000
735	  S	  3.0	  0.8	0.000	0.000	0.000
736	  Y	  1.8	  0.7	0.000	0.469	0.469
737	  A	  1.0	  0.0	0.000	0.469	0.469
738	  T	  1.8	  0.0	0.000	0.469	0.469
739	  T	  2.9	  0.0	0.000	0.469	0.469
740	  T	  4.7	  0.0	0.000	0.469	0.469
741	  T	 13.6	  0.0	0.000	0.469	0.469
742	  V	 18.2	  0.0	0.000	0.469	0.469
743	  T	 16.3	  0.0	0.000	0.175	0.175
744	  A	  6.4	  0.0	0.000	0.000	0.000
745	  P	  0.0	  1.1	0.000	0.000	0.000
746	  P	  0.0	  1.3	0.000	0.000	0.000
747	  G	  0.0	  1.4	0.000	0.000	0.000
748	  G	  0.0	  1.5	0.000	0.000	0.000
749	  T	  0.4	  0.4	0.000	0.000	0.000
750	  D	  0.8	  0.3	0.000	0.000	0.000
751	  T	  4.0	  0.1	0.336	0.000	0.000
752	  V	 10.5	  0.0	0.336	0.000	0.000
753	  I	 13.8	  0.0	0.336	0.000	0.000
754	  I	 11.4	  0.0	0.336	0.000	0.000
755	  R	  4.6	  0.0	0.336	0.000	0.000
756	  E	  0.7	  0.0	0.336	0.000	0.000
757	  P	  0.0	  0.9	0.000	0.000	0.000
758	  P	  0.0	  0.9	0.000	0.000	0.000
759	  N	  1.2	  0.9	0.000	0.000	0.000
760	  Y	 11.0	  0.9	0.000	0.387	0.387
761	  T	 20.7	  0.0	0.000	0.387	0.387
762	  V	 20.9	  0.0	0.000	0.387	0.387
763	  T	 13.0	  0.0	0.000	0.387	0.387
764	  T	  3.1	  0.0	0.000	0.387	0.387
765	  T	  1.8	  0.0	0.000	0.145	0.145
766	  E	  0.8	  0.0	0.000	0.000	0.000
767	  Y	  2.1	  0.0	0.000	0.000	0.000
768	  W	  3.1	  0.1	0.000	0.000	0.000
769	  S	  4.3	  0.8	0.000	0.000	0.000
770	  Q	  3.6	  0.8	0.000	0.000	0.000
771	  S	  3.0	  0.8	0.000	0.134	0.134
772	  F	  1.8	  0.7	0.000	1.981	1.981
773	  A	  1.0	  0.0	0.000	1.981	1.981
774	  T	  1.8	  0.0	0.000	1.981	1.981
775	  T	  2.9	  0.0	0.000	1.981	1.981
776	  T	  4.7	  0.0	0.000	1.981	1.981
777	  T	 13.6	  0.0	0.000	1.834	1.834
778	  V	 18.2	  0.0	0.000	1.834	1.834
779	  T	 16.3	  0.0	0.000	0.634	0.634
780	  A	  6.4	  0.0	0.000	0.000	0.000
781	  P	  0.0	  1.1	0.000	0.000	0.000
782	  P	  0.0	  1.3	0.000	0.000	0.000
783	  G	  0.0	  1.4	0.000	0.000	0.000
784	  G	  0.0	  1.5	0.000	0.000	0.000
785	  T	  0.4	  0.4	0.000	0.000	0.000
786	  D	  0.8	  0.3	0.000	0.000	0.000
787	  T	  4.0	  0.1	0.000	27.270	27.270
788	  V	 10.5	  0.0	0.000	27.270	27.270
789	  I	 11.9	  0.0	0.000	27.270	27.270
790	  I	  9.4	  0.0	0.000	27.270	27.270
791	  Y	  3.6	  0.2	0.000	27.270	27.270
792	  E	  1.8	  0.2	0.000	0.000	0.000
793	  S	  7.0	  0.7	0.000	0.000	0.000
794	  M	  6.3	  0.8	0.000	0.000	0.000
795	  S	  7.1	  1.4	0.000	0.000	0.000
796	  S	  1.3	  1.4	0.000	0.000	0.000
797	  S	  1.3	  1.0	0.000	0.000	0.000
798	  K	  1.1	  0.9	0.000	0.000	0.000
799	  I	  1.9	  0.1	0.000	0.000	0.000
800	  S	  3.6	  0.3	0.000	0.000	0.000
801	  T	  4.1	  0.4	0.000	0.000	0.000
802	  S	  3.3	  2.5	0.000	0.000	0.000
803	  S	  1.4	  2.8	0.000	0.000	0.000
804	  N	  0.2	  2.6	0.000	0.000	0.000
805	  D	  1.4	  2.5	0.000	0.000	0.000
806	  I	  3.8	  0.4	0.000	0.000	0.000
807	  T	  4.1	  0.0	0.000	0.000	0.000
808	  S	  3.5	  0.0	0.000	0.000	0.000
809	  I	  1.5	  0.0	0.000	0.000	0.000
810	  I	  1.2	  0.4	0.000	0.000	0.000
811	  P	  0.3	  0.4	0.000	0.000	0.000
812	  S	 20.9	  0.5	0.000	0.000	0.000
813	  F	 23.5	  0.5	0.000	0.000	0.000
814	  S	 23.5	  0.1	0.000	0.000	0.000
815	  R	  3.4	  0.3	0.000	0.000	0.000
816	  P	  0.0	  0.2	0.000	0.000	0.000
817	  H	  2.1	  0.2	0.000	0.000	0.000
818	  Y	  3.7	  0.2	0.000	0.000	0.000
819	  V	  5.2	  0.1	0.000	0.000	0.000
820	  N	  3.2	  0.2	0.000	0.000	0.000
821	  S	  2.3	  0.2	0.000	0.000	0.000
822	  T	  3.6	  0.2	0.000	0.000	0.000
823	  T	  3.5	  0.5	0.000	0.000	0.000
824	  S	  2.8	  0.4	0.000	0.000	0.000
825	  D	  0.2	  0.8	0.103	0.000	0.000
826	  L	  0.3	  0.9	0.103	0.000	0.000
827	  S	  0.9	  0.6	0.103	0.000	0.000
828	  T	 11.4	  0.6	0.103	0.000	0.000
829	  F	 12.3	  0.3	0.103	0.000	0.000
830	  E	 11.8	  0.2	0.103	0.000	0.000
831	  S	  2.0	  0.9	0.000	0.000	0.000
832	  S	  0.9	  0.9	0.000	0.000	0.000
833	  S	  4.0	  1.4	0.000	0.000	0.000
834	  M	  3.8	  1.4	0.000	0.000	0.000
835	  N	  3.8	  0.6	0.000	0.000	0.000
836	  T	  0.7	  0.9	0.000	0.000	0.000
837	  P	  0.1	  0.3	0.000	0.000	0.000
838	  T	  0.4	  0.3	0.000	0.000	0.000
839	  S	  5.8	  0.4	0.000	0.000	0.000
840	  I	  6.3	  0.3	0.000	0.000	0.000
841	  S	  6.1	  6.0	0.000	0.000	0.000
842	  S	  0.6	  6.4	0.142	0.000	0.000
843	  D	  0.1	  6.3	0.142	0.000	0.000
844	  G	  0.0	  6.2	0.291	0.000	0.000
845	  M	  1.0	  0.4	0.291	0.165	0.165
846	  L	  1.4	  0.0	0.291	0.677	0.677
847	  L	  1.7	  0.1	0.291	0.677	0.677
848	  S	  1.0	  0.2	0.291	0.677	0.677
849	  S	  1.3	  0.2	0.149	0.677	0.677
850	  T	  1.8	  0.2	0.000	1.073	1.073
851	  T	  2.7	  0.1	0.000	1.073	1.073
852	  L	  2.4	  0.0	0.000	1.073	1.073
853	  V	  2.3	  0.0	0.000	1.073	1.073
854	  T	  1.3	  0.1	0.000	0.588	0.588
855	  E	  1.0	  0.2	0.000	0.000	0.000
856	  S	  0.3	  0.3	0.000	0.000	0.000
857	  E	  0.2	  0.3	0.000	0.000	0.000
858	  T	  1.9	  0.2	0.000	0.000	0.000
859	  T	  2.2	  0.2	0.000	0.000	0.000
860	  T	  2.3	  0.2	0.000	0.000	0.000
861	  E	  0.5	  0.2	0.000	0.000	0.000
862	  S	  0.7	  0.1	0.000	0.000	0.000
863	  I	  1.1	  0.1	0.000	0.000	0.000
864	  C	  1.1	  1.9	0.000	0.000	0.000
865	  S	  0.7	  2.5	0.000	0.000	0.000
866	  D	  0.1	  2.6	0.000	0.000	0.000
867	  G	  0.0	  2.7	0.000	0.000	0.000
868	  K	  0.2	  0.9	0.000	0.000	0.000
869	  E	  0.8	  0.2	0.000	0.000	0.000
870	  C	  1.5	  0.3	0.000	0.000	0.000
871	  S	  1.3	  0.2	0.000	0.000	0.000
872	  R	  1.2	  0.2	0.000	0.000	0.000
873	  L	  0.8	  0.3	0.000	0.000	0.000
874	  S	  1.6	  1.0	0.000	0.000	0.000
875	  S	  2.0	  3.5	0.000	0.000	0.000
876	  S	  1.7	  3.7	0.000	0.000	0.000
877	  S	  0.9	  3.7	0.000	0.000	0.000
878	  G	  0.1	  2.9	0.000	0.000	0.000
879	  I	  3.9	  0.2	0.000	0.000	0.000
880	  V	  6.4	  0.0	0.000	0.000	0.000
881	  T	  6.3	  0.0	0.000	0.000	0.000
882	  N	  2.6	  7.8	0.000	0.000	0.000
883	  P	  0.0	  7.9	0.000	0.000	0.000
884	  D	  0.0	 10.4	0.000	0.000	0.000
885	  S	  0.0	 10.5	0.000	0.000	0.000
886	  N	  0.0	  3.8	0.000	0.000	0.000
887	  E	  0.1	  3.7	0.000	0.000	0.000
888	  S	  0.2	  1.2	0.000	0.000	0.000
889	  S	  0.7	  1.2	0.000	0.000	0.000
890	  I	  4.8	  0.1	0.000	0.389	0.389
891	  V	  7.3	  0.0	0.000	0.389	0.389
892	  T	  7.5	  0.1	0.000	0.389	0.389
893	  S	  4.1	  0.1	0.000	0.389	0.389
894	  T	  2.1	  0.1	0.000	0.389	0.389
895	  V	  1.3	  0.2	0.000	0.000	0.000
896	  P	  0.6	  0.1	0.000	0.000	0.000
897	  T	  2.6	  0.3	0.000	0.000	0.000
898	  A	  2.7	  0.3	0.000	0.000	0.000
899	  S	  2.9	  0.2	0.000	0.000	0.000
900	  T	  6.0	  0.2	0.000	0.000	0.000
901	  M	  6.0	  0.3	0.000	0.000	0.000
902	  S	  5.9	  0.8	0.000	0.000	0.000
903	  D	  0.1	  0.9	0.000	0.000	0.000
904	  S	  5.1	  1.2	0.000	0.000	0.000
905	  L	  5.4	  1.0	0.000	0.000	0.000
906	  S	  5.6	  0.7	0.000	0.000	0.000
907	  S	  1.1	  2.2	0.000	0.000	0.000
908	  T	  0.8	  2.0	0.000	0.000	0.000
909	  D	  0.5	  2.0	0.000	0.000	0.000
910	  G	  0.1	  1.9	0.000	0.000	0.000
911	  I	  1.5	  0.2	0.000	0.000	0.000
912	  S	  2.2	  0.2	0.000	0.000	0.000
913	  A	  2.3	  0.2	0.000	0.000	0.000
914	  T	  2.2	  0.4	0.000	0.000	0.000
915	  S	  1.5	  2.6	0.000	0.000	0.000
916	  S	  1.3	  3.4	0.000	0.000	0.000
917	  D	  0.1	  3.3	0.000	0.000	0.000
918	  N	  1.4	  3.4	0.000	0.000	0.000
919	  V	  2.2	  1.1	0.000	0.000	0.000
920	  S	  4.2	  2.6	0.000	0.000	0.000
921	  K	  2.9	  2.7	0.000	0.000	0.000
922	  S	  2.1	  2.5	0.000	0.000	0.000
923	  G	  0.1	  2.5	0.000	0.143	0.143
924	  V	  8.6	  0.2	0.000	0.313	0.313
925	  S	 11.9	  0.0	0.000	0.313	0.313
926	  V	 13.4	  0.0	0.000	0.313	0.313
927	  T	  5.7	  0.0	0.000	0.313	0.313
928	  T	  1.9	  0.1	0.000	0.170	0.170
929	  E	  0.4	  0.1	0.000	0.000	0.000
930	  T	  1.0	  0.1	0.000	0.000	0.000
931	  S	  4.4	  0.1	0.204	0.167	0.167
932	  V	  6.0	  0.0	0.204	0.298	0.298
933	  T	  6.2	  0.0	0.204	0.298	0.298
934	  T	  6.7	  0.0	0.204	0.298	0.298
935	  I	  5.1	  0.0	0.204	0.298	0.298
936	  Q	  4.3	  0.0	0.204	0.131	0.131
937	  T	  0.6	  0.0	0.000	0.000	0.000
938	  T	  0.4	  0.0	0.000	0.000	0.000
939	  P	  0.2	  0.0	0.000	0.000	0.000
940	  N	  0.0	  0.3	0.000	0.000	0.000
941	  P	  0.0	  0.3	0.000	0.000	0.000
942	  L	  0.3	  0.4	0.000	0.000	0.000
943	  S	  1.1	  1.1	0.000	0.000	0.000
944	  S	  1.3	  0.8	0.110	0.000	0.000
945	  S	  4.6	  0.8	0.110	0.000	0.000
946	  V	  6.3	  0.7	0.110	0.196	0.196
947	  T	  6.6	  0.0	0.110	0.196	0.196
948	  S	  4.6	  0.0	0.110	0.196	0.196
949	  L	  2.3	  0.1	0.110	0.196	0.196
950	  T	  2.7	  0.1	0.000	0.196	0.196
951	  Q	  1.9	  0.0	0.000	0.000	0.000
952	  L	  1.9	  0.1	0.000	0.000	0.000
953	  S	  1.2	  0.1	0.000	0.000	0.000
954	  S	  0.6	  0.1	0.000	0.000	0.000
955	  I	  0.3	  0.2	0.000	0.000	0.000
956	  P	  0.1	  0.2	0.000	0.000	0.000
957	  S	 10.4	  0.3	0.000	0.000	0.000
958	  V	 10.7	  0.3	0.000	0.000	0.000
959	  S	 10.9	  0.9	0.158	0.000	0.000
960	  E	  0.5	  0.9	0.158	0.000	0.000
961	  S	  0.3	  1.5	0.158	0.000	0.000
962	  E	  0.4	  1.5	0.158	0.000	0.000
963	  S	  0.7	  0.8	0.158	0.000	0.000
964	  K	  4.7	  0.7	0.158	0.000	0.000
965	  V	 11.7	  0.0	0.000	0.179	0.179
966	  T	 28.2	  0.0	0.000	0.179	0.179
967	  F	 26.4	  0.0	0.000	0.179	0.179
968	  T	 19.6	  0.6	0.000	0.179	0.179
969	  S	  2.6	  0.9	0.000	0.179	0.179
970	  N	  0.1	  2.4	0.000	0.000	0.000
971	  G	  0.0	  2.5	0.000	0.000	0.000
972	  D	  0.0	  2.0	0.000	0.000	0.000
973	  N	  0.1	  4.5	0.000	0.000	0.000
974	  Q	  0.1	  3.1	0.000	0.000	0.000
975	  S	  0.2	  3.4	0.000	0.000	0.000
976	  G	  0.1	  3.4	0.000	0.000	0.000
977	  T	  0.7	  0.7	0.000	0.000	0.000
978	  H	  0.8	  0.7	0.000	0.000	0.000
979	  D	  0.8	  0.4	0.000	0.000	0.000
980	  S	  1.7	  0.9	0.000	0.000	0.000
981	  Q	  1.7	  0.9	0.000	0.000	0.000
982	  S	  3.6	  0.9	0.000	0.000	0.000
983	  T	  2.9	  0.8	0.000	0.000	0.000
984	  S	  2.9	  0.3	0.000	0.000	0.000
985	  T	  1.1	  0.3	0.000	0.000	0.000
986	  E	  1.0	  0.1	0.000	0.000	0.000
987	  I	  4.9	  0.0	0.000	0.000	0.000
988	  E	  5.0	  0.0	0.000	0.000	0.000
989	  I	  8.3	  0.0	0.000	0.284	0.284
990	  V	  5.9	  0.0	0.000	0.284	0.284
991	  T	  8.2	  0.0	0.000	0.284	0.284
992	  T	  5.5	  0.1	0.000	0.284	0.284
993	  S	  4.1	  0.3	0.000	0.284	0.284
994	  S	  1.8	  0.3	0.000	0.117	0.117
995	  T	  2.3	  0.2	0.000	0.000	0.000
996	  K	  3.9	  0.1	0.000	0.000	0.000
997	  V	  3.6	  0.0	0.000	0.000	0.000
998	  L	  1.9	  0.0	0.000	0.000	0.000
999	  P	  0.0	  0.0	0.000	0.000	0.000
1000	  P	  0.0	  0.0	0.000	0.000	0.000
1001	  V	  4.5	  0.0	0.000	0.000	0.000
1002	  V	  5.8	  0.1	0.000	0.000	0.000
1003	  S	  5.8	  1.3	0.000	0.000	0.000
1004	  S	  1.4	  1.4	0.000	0.000	0.000
1005	  N	  0.2	  1.7	0.000	0.000	0.000
1006	  T	  0.3	  1.6	0.000	0.000	0.000
1007	  D	  0.4	  0.4	0.000	0.000	0.000
1008	  L	  0.8	  0.4	0.000	0.000	0.000
1009	  T	  1.1	  0.0	0.000	0.000	0.000
1010	  S	  0.9	  0.0	0.000	0.000	0.000
1011	  E	  0.4	  0.2	0.000	0.000	0.000
1012	  P	  0.0	  0.3	0.000	0.000	0.000
1013	  T	  0.6	  0.3	0.000	0.000	0.000
1014	  N	  1.2	  0.3	0.000	0.000	0.000
1015	  T	  1.4	  0.2	0.000	0.000	0.000
1016	  R	  0.8	  0.1	0.000	0.000	0.000
1017	  E	  0.2	  0.1	0.000	0.000	0.000
1018	  Q	  0.1	  0.2	0.000	0.000	0.000
1019	  P	  0.0	  0.2	0.000	0.000	0.000
1020	  T	  0.8	  0.2	0.000	0.000	0.000
1021	  T	  6.1	  0.2	0.000	0.000	0.000
1022	  L	  6.3	  0.1	0.000	0.000	0.000
1023	  S	  6.2	  0.1	0.000	0.000	0.000
1024	  T	  3.5	  0.2	0.000	0.000	0.000
1025	  T	  3.3	  0.4	0.000	0.000	0.000
1026	  S	  2.8	  0.5	0.000	0.000	0.000
1027	  N	  0.4	  0.5	0.106	0.000	0.000
1028	  S	  3.3	  0.4	0.106	0.000	0.000
1029	  I	  3.8	  0.2	0.106	0.000	0.000
1030	  T	  3.6	  0.3	0.106	0.000	0.000
1031	  E	  0.7	  0.3	0.106	0.000	0.000
1032	  D	  1.3	  0.3	0.316	0.000	0.000
1033	  I	  4.8	  0.3	0.209	0.000	0.000
1034	  T	  7.6	  0.0	0.209	0.000	0.000
1035	  T	  8.5	  0.0	0.209	0.000	0.000
1036	  S	  5.1	  0.0	0.209	0.000	0.000
1037	  Q	  2.3	  0.6	0.209	0.000	0.000
1038	  P	  0.1	  0.7	0.000	0.000	0.000
1039	  T	  0.0	  2.9	0.000	0.000	0.000
1040	  G	  0.0	  3.6	0.000	0.000	0.000
1041	  D	  0.0	  4.0	0.000	0.000	0.000
1042	  N	  0.0	  5.7	0.000	0.000	0.000
1043	  G	  0.0	  3.7	0.000	0.000	0.000
1044	  D	  0.0	  3.0	0.000	0.000	0.000
1045	  N	  0.3	  2.4	0.000	0.000	0.000
1046	  T	  1.5	  0.6	0.000	0.000	0.000
1047	  S	  1.8	  0.6	0.000	0.000	0.000
1048	  S	  2.6	  0.6	0.000	0.000	0.000
1049	  T	  1.3	  0.3	0.000	0.000	0.000
1050	  N	  1.0	  0.2	0.000	0.000	0.000
1051	  P	  0.0	  0.0	0.000	0.000	0.000
1052	  V	  0.0	  0.0	0.000	0.000	0.000
1053	  P	  0.0	  0.0	0.000	0.000	0.000
1054	  T	  4.0	  0.0	0.000	0.000	0.000
1055	  V	  5.0	  0.0	0.000	0.306	0.306
1056	  A	  5.2	  0.0	0.000	0.306	0.306
1057	  T	  2.0	  0.1	0.000	0.306	0.306
1058	  S	  1.1	  0.1	0.000	0.306	0.306
1059	  T	  1.3	  0.1	0.000	0.306	0.306
1060	  L	  0.7	  0.2	0.000	0.306	0.306
1061	  A	  0.7	  0.2	0.000	0.141	0.141
1062	  S	  3.3	  1.2	0.000	0.000	0.000
1063	  A	  3.2	  1.2	0.000	0.000	0.000
1064	  S	  3.1	  1.2	0.806	0.000	0.000
1065	  E	  0.1	  1.4	0.806	0.000	0.000
1066	  E	  0.1	  0.5	0.806	0.000	0.000
1067	  D	  0.1	  0.5	0.806	0.000	0.000
1068	  N	  0.1	  4.0	0.806	0.000	0.000
1069	  K	  0.1	  4.1	0.806	0.000	0.000
1070	  S	  0.4	  5.2	0.466	0.000	0.000
1071	  G	  0.3	  5.2	0.120	0.000	0.000
1072	  S	  0.9	  1.6	0.000	0.000	0.000
1073	  H	  0.8	  1.6	0.000	0.000	0.000
1074	  E	  0.8	  0.4	0.000	0.000	0.000
1075	  S	  3.1	  1.2	0.393	0.000	0.000
1076	  A	  3.1	  1.2	0.393	0.000	0.000
1077	  S	  5.0	  1.1	0.393	0.000	0.000
1078	  T	  2.5	  1.2	0.393	0.000	0.000
1079	  S	  3.4	  0.3	0.393	0.000	0.000
1080	  L	  1.6	  0.3	0.393	0.000	0.000
1081	  K	  1.1	  0.4	0.154	0.000	0.000
1082	  P	  0.1	  0.4	0.000	0.000	0.000
1083	  S	  0.3	  0.7	0.000	0.000	0.000
1084	  M	  0.3	  0.9	0.000	0.000	0.000
1085	  G	  0.3	  0.9	0.000	0.000	0.000
1086	  E	  0.1	  0.9	0.000	0.000	0.000
1087	  N	  0.1	  0.8	0.000	0.000	0.000
1088	  S	  0.1	  0.8	0.000	0.000	0.000
1089	  G	  0.1	  0.4	0.000	0.000	0.000
1090	  L	  0.4	  0.3	0.000	0.000	0.000
1091	  T	  3.2	  0.2	0.000	0.000	0.000
1092	  T	  4.0	  0.1	0.000	0.000	0.000
1093	  S	  3.9	  0.1	0.000	0.000	0.000
1094	  T	  1.2	  0.1	0.000	0.000	0.000
1095	  E	  1.1	  0.1	0.000	0.000	0.000
1096	  I	  1.8	  0.0	0.000	0.000	0.000
1097	  E	  1.8	  0.0	0.000	0.000	0.000
1098	  A	  1.2	  0.0	0.000	0.000	0.000
1099	  T	  2.1	  0.0	0.000	0.000	0.000
1100	  T	  6.9	  0.0	0.000	0.000	0.000
1101	  T	  6.9	  0.0	0.000	0.000	0.000
1102	  S	  5.2	  0.4	0.000	0.000	0.000
1103	  P	  0.1	  0.4	0.000	0.000	0.000
1104	  T	  0.1	  0.4	0.000	0.000	0.000
1105	  E	  0.1	  0.4	0.000	0.000	0.000
1106	  A	  0.1	  0.0	0.000	0.000	0.000
1107	  P	  0.0	  0.0	0.000	0.000	0.000
1108	  S	  0.0	  0.1	0.000	0.000	0.000
1109	  P	  0.0	  0.1	0.000	0.000	0.000
1110	  A	  0.5	  0.1	0.000	0.000	0.000
1111	  V	  1.9	  0.3	0.000	0.000	0.000
1112	  S	  1.9	  0.4	0.000	0.000	0.000
1113	  S	  1.4	  0.8	0.000	0.000	0.000
1114	  G	  0.1	  0.9	0.000	0.000	0.000
1115	  T	  0.5	  0.7	0.000	0.000	0.000
1116	  D	  1.6	  0.5	0.000	0.000	0.000
1117	  V	  3.3	  0.1	0.000	0.000	0.000
1118	  T	  3.6	  0.0	0.000	0.000	0.000
1119	  T	  2.6	  0.0	0.000	0.000	0.000
1120	  E	  0.8	  0.2	0.000	0.000	0.000
1121	  P	  0.0	  0.3	0.000	0.000	0.000
1122	  T	  0.4	  0.3	0.000	0.000	0.000
1123	  D	  0.7	  0.4	0.000	0.000	0.000
1124	  T	  0.9	  0.2	0.000	0.000	0.000
1125	  R	  0.6	  0.1	0.000	0.000	0.000
1126	  E	  0.2	  0.1	0.000	0.000	0.000
1127	  Q	  0.1	  0.2	0.000	0.000	0.000
1128	  P	  0.0	  0.2	0.000	0.000	0.000
1129	  T	  0.8	  0.2	0.000	0.000	0.000
1130	  T	  6.1	  0.2	0.000	0.000	0.000
1131	  L	  6.2	  0.1	0.000	0.000	0.000
1132	  S	  6.1	  0.1	0.000	0.000	0.000
1133	  T	  3.5	  0.2	0.000	0.000	0.000
1134	  T	  4.5	  0.2	0.000	0.000	0.000
1135	  S	  4.5	  0.3	0.000	0.000	0.000
1136	  K	  2.0	  0.3	0.000	0.000	0.000
1137	  T	  1.5	  0.3	0.000	0.000	0.000
1138	  N	  1.0	  0.4	0.000	0.000	0.000
1139	  S	  1.0	  1.0	0.000	0.000	0.000
1140	  E	  0.3	  1.0	0.000	0.000	0.000
1141	  S	  0.8	  1.0	0.494	0.000	0.000
1142	  V	  1.7	  0.8	0.494	0.000	0.000
1143	  A	  1.8	  0.0	0.494	0.000	0.000
1144	  T	  3.5	  0.0	0.494	0.000	0.000
1145	  T	  2.9	  0.1	0.494	0.000	0.000
1146	  Q	  2.9	  0.1	0.494	0.000	0.000
1147	  A	  0.6	  0.1	0.101	0.000	0.000
1148	  T	  0.3	  0.1	0.000	0.000	0.000
1149	  N	  0.1	  8.0	0.000	0.000	0.000
1150	  E	  0.1	  8.6	0.000	0.000	0.000
1151	  N	  0.0	  9.6	0.000	0.000	0.000
1152	  G	  0.0	  9.7	0.000	0.000	0.000
1153	  G	  0.0	  1.7	0.000	0.000	0.000
1154	  K	  0.1	  1.2	0.000	0.000	0.000
1155	  S	  0.1	  2.4	0.000	0.000	0.000
1156	  P	  0.1	  2.4	0.000	0.000	0.000
1157	  S	  0.5	  2.9	0.000	0.000	0.000
1158	  T	  0.6	  3.0	0.000	0.000	0.000
1159	  D	  0.8	  0.7	0.000	0.000	0.000
1160	  L	  0.8	  0.6	0.000	0.000	0.000
1161	  T	  2.0	  0.2	0.000	0.000	0.000
1162	  S	  1.9	  0.2	0.000	0.000	0.000
1163	  S	  3.0	  0.2	0.000	0.000	0.000
1164	  L	  2.0	  0.2	0.000	0.000	0.000
1165	  T	  2.0	  0.2	0.000	0.000	0.000
1166	  T	  0.4	  0.4	0.000	0.000	0.000
1167	  G	  0.2	  0.4	0.000	0.000	0.000
1168	  T	  0.5	  0.4	0.000	0.000	0.000
1169	  S	  3.3	  1.1	0.104	0.000	0.000
1170	  A	  3.4	  1.0	0.104	0.000	0.000
1171	  S	  5.0	  1.2	0.104	0.000	0.000
1172	  T	  2.4	  1.2	0.104	0.000	0.000
1173	  S	  2.7	  2.4	0.104	0.000	0.000
1174	  A	  0.9	  2.4	0.104	0.000	0.000
1175	  N	  0.5	  2.2	0.000	0.000	0.000
1176	  S	  0.1	  2.2	0.000	0.000	0.000
1177	  E	  0.1	  0.1	0.000	0.000	0.000
1178	  L	  0.4	  0.1	0.000	0.000	0.000
1179	  V	  3.1	  0.1	0.000	0.000	0.000
1180	  T	  3.1	  0.4	0.000	0.000	0.000
1181	  S	  3.0	  0.7	0.000	0.000	0.000
1182	  G	  0.3	  0.7	0.000	0.000	0.000
1183	  S	  3.9	  0.6	0.000	0.000	0.000
1184	  V	  4.3	  0.3	0.000	0.000	0.000
1185	  T	  4.3	  0.2	0.000	0.000	0.000
1186	  G	  0.7	  0.3	0.000	0.000	0.000
1187	  G	  0.0	  0.3	0.000	0.000	0.000
1188	  A	  0.4	  0.2	0.000	0.000	0.000
1189	  V	  2.6	  0.0	0.000	0.000	0.000
1190	  A	  2.7	  0.0	0.000	0.000	0.000
1191	  S	  5.3	  1.4	0.000	0.000	0.000
1192	  A	  3.1	  1.7	0.000	0.000	0.000
1193	  S	  3.0	  2.1	0.000	0.000	0.000
1194	  N	  0.0	  2.2	0.000	0.000	0.000
1195	  D	  0.1	  2.0	0.000	0.000	0.000
1196	  Q	  0.2	  1.7	0.000	0.000	0.000
1197	  S	  1.5	  1.4	0.000	0.000	0.000
1198	  H	  1.5	  1.5	0.000	0.000	0.000
1199	  S	  3.2	  0.5	0.000	0.000	0.000
1200	  T	  2.8	  0.5	0.000	0.000	0.000
1201	  S	  6.2	  0.3	0.000	0.000	0.000
1202	  V	  6.0	  0.2	0.000	0.000	0.000
1203	  T	  5.9	  0.1	0.000	0.000	0.000
1204	  N	  2.5	  2.1	0.000	0.000	0.000
1205	  S	  0.9	  2.3	0.000	0.000	0.000
1206	  N	  0.4	  2.3	0.000	0.000	0.000
1207	  S	  0.9	  2.2	0.000	0.000	0.000
1208	  I	  3.9	  0.2	0.000	0.000	0.000
1209	  V	  3.8	  0.1	0.000	0.000	0.000
1210	  S	  3.3	  0.1	0.000	0.000	0.000
1211	  N	  0.4	  0.1	0.000	0.000	0.000
1212	  T	  0.1	  0.3	0.000	0.000	0.000
1213	  P	  0.1	  0.2	0.000	0.000	0.000
1214	  Q	  0.2	  0.2	0.000	0.000	0.000
1215	  T	  1.0	  0.3	0.000	0.000	0.000
1216	  T	  6.4	  0.1	0.000	0.000	0.000
1217	  L	  6.5	  0.1	0.000	0.000	0.000
1218	  S	  5.9	  0.1	0.000	0.000	0.000
1219	  Q	  0.7	  0.1	0.000	0.000	0.000
1220	  Q	  1.1	  0.1	0.000	0.000	0.000
1221	  V	  3.5	  0.1	0.000	0.000	0.000
1222	  T	  4.6	  0.1	0.000	0.000	0.000
1223	  S	  5.5	  0.1	0.000	0.000	0.000
1224	  S	  2.9	  0.1	0.000	0.000	0.000
1225	  S	  1.7	  2.2	0.000	0.000	0.000
1226	  P	  0.1	  2.2	0.000	0.000	0.000
1227	  S	  0.6	  2.5	0.000	0.000	0.000
1228	  T	  1.1	  2.5	0.000	0.130	0.130
1229	  N	  4.0	  0.5	0.000	0.311	0.311
1230	  T	  5.7	  0.3	0.000	1.503	1.503
1231	  F	  6.5	  0.0	0.000	2.582	2.582
1232	  I	  4.5	  0.1	0.000	2.582	2.582
1233	  A	  2.4	  0.1	0.000	2.453	2.453
1234	  S	  1.7	  0.1	0.000	2.271	2.271
1235	  T	  8.0	  0.4	0.000	1.715	1.715
1236	  Y	  8.2	  0.6	0.000	1.337	1.337
1237	  D	  7.6	  1.4	0.000	0.000	0.000
1238	  G	  0.4	  1.8	0.000	0.000	0.000
1239	  S	  0.2	  1.9	0.000	0.000	0.000
1240	  G	  0.3	  1.6	0.000	0.000	0.000
1241	  S	  0.9	  0.8	0.000	0.005	0.005
1242	  I	  1.9	  0.3	0.000	0.287	0.287
1243	  I	  2.0	  0.0	0.000	0.311	0.311
1244	  Q	  1.6	  0.0	0.000	0.313	0.313
1245	  H	  0.4	  0.2	0.000	0.364	0.364
1246	  S	  0.8	  0.2	0.000	4.699	4.699
1247	  T	  2.9	  0.2	0.000	39.285	39.285
1248	  W	  3.2	  0.2	0.123	89.644	89.644
1249	  L	  2.8	  0.0	0.123	95.051	95.051
1250	  Y	  0.7	  0.1	0.123	95.985	95.985
1251	  G	  0.3	  0.1	3.064	96.245	96.245
1252	  L	  0.5	  0.1	3.064	99.110	99.110
1253	  I	 10.3	  0.1	3.064	99.538	99.538
1254	  T	 10.9	  0.0	3.337	99.196	99.196
1255	  L	 11.0	  0.0	3.337	99.027	99.027
1256	  L	  2.6	  0.1	3.337	97.685	97.685
1257	  S	  2.1	  0.1	2.707	89.705	89.705
1258	  L	  3.0	  0.1	1.530	88.701	88.701
1259	  F	  1.5	  0.1	1.058	86.037	86.037
1260	  I	  1.3	  0.0	0.000	0.030	0.030
