res	aa	Beta	Turn	Helix	Aggregation	Conc-Stab_Aggregation
01	  M	  0.4	  0.0	1.395	0.088	0.088
02	  I	  4.1	  0.0	2.800	79.605	79.605
03	  T	  4.5	  0.0	8.593	82.369	82.369
04	  A	  4.5	  0.0	8.911	90.401	90.401
05	  I	  3.4	  0.0	9.146	98.925	98.925
06	  L	  3.8	  0.0	9.396	99.266	99.266
07	  L	  4.1	  0.0	9.653	99.031	99.031
08	  L	  2.0	  0.0	9.653	97.626	97.626
09	  I	  1.7	  0.0	9.275	88.733	88.733
10	  A	  1.0	  0.0	9.275	41.087	41.087
11	  K	  0.6	  0.0	8.028	0.353	0.353
12	  Q	  0.8	  0.0	3.814	0.353	0.353
13	  V	  1.3	  0.1	0.000	0.353	0.353
14	  T	  1.2	  0.0	0.151	0.353	0.353
15	  G	  0.7	  0.0	0.151	0.353	0.353
16	  V	  4.8	  0.1	0.151	0.353	0.353
17	  E	  5.9	  0.0	0.151	0.353	0.353
18	  L	  6.3	  0.0	0.151	0.301	0.301
19	  H	  2.7	  0.1	0.151	0.002	0.002
20	  H	  1.8	  0.1	0.000	0.000	0.000
21	  H	  1.9	  0.1	0.000	0.000	0.000
22	  H	  1.5	  0.3	0.000	0.000	0.000
23	  K	  1.0	  0.2	0.000	0.000	0.000
24	  H	  0.7	  0.6	0.000	0.000	0.000
25	  A	  0.5	  0.8	0.000	0.000	0.000
26	  S	  0.4	  0.6	0.000	0.000	0.000
27	  N	  2.4	  0.6	0.159	0.000	0.000
28	  I	  5.5	  0.2	0.159	2.387	2.387
29	  T	  6.2	  0.0	0.159	2.578	2.578
30	  T	  8.9	  0.0	0.159	2.578	2.578
31	  L	  7.3	  0.0	0.159	2.578	2.578
32	  S	 10.9	  0.0	0.159	2.578	2.578
33	  I	  6.8	  0.0	0.000	2.387	2.387
34	  T	  5.3	  0.3	0.163	0.000	0.000
35	  P	  0.7	  0.3	0.163	0.000	0.000
36	  T	  1.2	  0.3	0.337	0.000	0.000
37	  L	  2.0	  0.3	0.337	0.000	0.000
38	  V	  3.0	  0.0	0.337	0.000	0.000
39	  A	  1.9	  0.2	0.337	0.000	0.000
40	  R	  1.1	  0.2	0.337	0.000	0.000
41	  D	  0.1	  0.5	0.600	0.000	0.000
42	  A	  0.1	  0.5	0.426	0.000	0.000
43	  T	  0.1	  0.7	0.426	0.000	0.000
44	  E	  0.1	  0.7	0.426	0.000	0.000
45	  D	  0.1	  0.4	0.426	0.000	0.000
46	  A	  0.1	  0.4	0.426	0.000	0.000
47	  M	  0.0	  0.2	0.426	0.000	0.000
48	  P	  0.0	  0.2	0.000	0.000	0.000
49	  T	  5.5	  0.3	0.000	0.000	0.000
50	  L	  5.7	  0.5	0.000	0.000	0.000
51	  S	  5.8	  0.4	0.000	0.000	0.000
52	  T	  0.3	  0.4	0.000	0.000	0.000
53	  G	  0.1	  0.4	0.000	0.000	0.000
54	  E	  0.1	  0.3	0.000	0.000	0.000
55	  P	  0.0	  0.2	0.000	0.000	0.000
56	  T	  5.2	  0.2	0.000	0.000	0.000
57	  L	  6.7	  0.2	0.000	0.000	0.000
58	  S	  9.4	  0.0	0.000	0.000	0.000
59	  I	  6.5	  0.0	0.000	0.000	0.000
60	  T	  8.4	  0.0	0.000	0.000	0.000
61	  H	  6.2	  0.0	0.000	0.000	0.000
62	  I	  4.2	  0.0	0.000	0.000	0.000
63	  P	  0.7	  0.0	0.000	0.000	0.000
64	  V	  0.9	  0.0	0.000	0.000	0.000
65	  S	  1.9	  0.0	0.000	0.000	0.000
66	  K	  1.9	  0.0	0.000	0.000	0.000
67	  N	  1.0	  0.2	0.000	0.000	0.000
68	  P	  0.0	  0.1	0.000	0.000	0.000
69	  Y	  0.6	  0.1	0.000	0.144	0.144
70	  I	  1.7	  0.1	0.000	0.144	0.144
71	  Y	  3.2	  0.2	0.000	0.144	0.144
72	  S	  2.6	  1.9	0.000	0.144	0.144
73	  S	  1.6	  1.9	0.000	0.144	0.144
74	  N	  0.1	  1.9	0.000	0.000	0.000
75	  L	  0.1	  2.1	0.000	0.000	0.000
76	  P	  0.0	  0.7	0.000	0.000	0.000
77	  S	  0.0	  0.7	0.000	0.021	0.021
78	  N	  0.3	  0.7	0.375	0.368	0.368
79	  L	  1.4	  0.3	0.375	58.712	58.712
80	  V	  3.7	  0.0	0.375	90.473	90.473
81	  F	  5.0	  0.0	0.375	99.245	99.245
82	  I	 11.0	  0.0	0.375	99.923	99.923
83	  V	  9.5	  0.0	1.663	99.982	99.982
84	  I	  8.1	  0.1	1.663	99.985	99.985
85	  G	  0.9	  0.1	3.149	99.960	99.960
86	  A	  0.5	  0.1	3.364	99.963	99.963
87	  I	  1.3	  0.1	6.439	99.966	99.966
88	  L	  1.3	  0.0	6.739	99.944	99.944
89	  G	  0.9	  0.0	13.149	99.816	99.816
90	  A	  0.5	  0.0	13.470	99.805	99.805
91	  I	  2.7	  0.0	14.152	99.796	99.796
92	  L	  3.0	  0.0	14.681	99.683	99.683
93	  L	  3.8	  0.0	14.681	99.033	99.033
94	  S	  2.0	  0.0	15.170	95.286	95.286
95	  I	  5.9	  0.0	14.414	94.816	94.816
96	  I	  5.7	  0.0	14.414	89.438	89.438
97	  L	  5.4	  0.0	14.414	30.250	30.250
98	  Y	  5.8	  0.0	13.561	6.680	6.680
99	  R	  9.2	  0.0	7.375	0.000	0.000
100	  I	 12.2	  0.0	2.101	0.000	0.000
101	  T	  8.3	  0.1	2.247	0.000	0.000
102	  A	  4.0	  0.1	2.247	0.000	0.000
103	  H	  2.5	  0.1	2.120	0.000	0.000
104	  F	  3.3	  0.1	0.370	0.000	0.000
105	  K	  3.7	  0.0	0.146	0.000	0.000
106	  Y	  2.5	  0.0	0.146	0.000	0.000
107	  N	  1.3	  0.1	0.835	0.000	0.000
108	  R	  0.7	  0.1	0.835	0.000	0.000
109	  Q	  0.4	  0.1	0.835	0.000	0.000
110	  A	  0.5	  0.1	0.835	0.000	0.000
111	  M	  0.4	  0.0	0.835	0.000	0.000
112	  N	  0.2	  0.1	1.095	0.000	0.000
113	  E	  0.1	  0.1	0.784	0.000	0.000
114	  K	  0.3	  0.2	0.634	0.000	0.000
115	  E	  0.5	  0.2	0.261	0.000	0.000
116	  T	  6.7	  0.1	0.261	0.000	0.000
117	  Y	  7.5	  0.1	0.261	0.000	0.000
118	  Y	  9.2	  0.1	0.106	0.000	0.000
119	  T	  3.1	  0.1	0.119	0.000	0.000
120	  N	  2.3	  0.1	3.317	0.000	0.000
121	  L	  0.5	  0.2	3.317	0.000	0.000
122	  T	  0.4	  0.0	4.083	0.000	0.000
123	  E	  0.4	  0.0	4.083	0.000	0.000
124	  I	  0.8	  0.1	4.083	0.000	0.000
125	  L	  0.9	  0.1	4.083	0.000	0.000
126	  N	  0.9	  0.3	4.083	0.000	0.000
127	  Q	  0.4	  0.5	3.553	0.000	0.000
128	  K	  0.2	  0.5	1.240	0.000	0.000
129	  G	  0.1	  0.5	0.178	0.000	0.000
130	  T	  0.1	  0.4	0.000	0.000	0.000
131	  P	  0.0	  0.2	0.000	0.000	0.000
132	  Y	  1.7	  0.2	0.000	0.000	0.000
133	  S	  1.9	  1.5	0.000	0.000	0.000
134	  R	  2.0	  1.3	0.000	0.000	0.000
135	  N	  0.5	  1.8	0.000	0.000	0.000
136	  S	  0.3	  1.7	0.000	0.000	0.000
137	  S	  0.5	  0.5	0.185	0.000	0.000
138	  I	  0.9	  0.5	0.185	0.000	0.000
139	  L	  1.7	  0.1	0.185	0.000	0.000
140	  D	  1.5	  0.9	0.185	0.000	0.000
141	  L	  1.2	  1.1	0.185	0.000	0.000
142	  S	  0.3	  1.3	0.185	0.000	0.000
143	  N	  0.1	  4.1	0.000	0.000	0.000
144	  S	  0.1	  3.9	0.000	0.000	0.000
145	  N	  0.0	  4.1	0.000	0.000	0.000
146	  N	  0.1	  3.9	0.000	0.000	0.000
147	  N	  0.4	  1.1	0.000	0.000	0.000
148	  T	  0.8	  0.6	0.000	0.000	0.000
149	  T	  0.9	  0.2	0.000	0.000	0.000
150	  D	  0.7	  0.8	0.000	0.000	0.000
151	  L	  0.6	  0.8	0.000	0.000	0.000
152	  S	  1.3	  1.6	0.000	0.000	0.000
153	  S	  2.0	  2.2	0.000	0.000	0.000
154	  S	  2.0	  1.7	0.000	0.000	0.000
155	  S	  3.1	  1.8	0.000	0.000	0.000
156	  T	  3.5	  1.1	0.000	0.000	0.000
157	  S	  3.3	  1.9	0.000	0.000	0.000
158	  S	  1.4	  1.9	0.000	0.000	0.000
159	  N	  0.1	  2.4	0.000	0.000	0.000
160	  Q	  0.0	  2.4	0.000	0.000	0.000
161	  G	  0.0	  1.1	0.000	0.000	0.000
162	  R	  1.6	  1.0	0.000	0.000	0.000
163	  S	  8.0	  0.3	0.000	0.000	0.000
164	  Y	  8.6	  0.3	0.000	0.000	0.000
165	  R	  7.1	  0.2	0.000	0.000	0.000
166	  D	  0.9	  0.2	0.000	0.000	0.000
167	  S	  0.7	  0.2	0.000	0.000	0.000
168	  V	  1.2	  0.1	0.000	0.000	0.000
169	  L	  1.1	  1.6	0.000	0.000	0.000
170	  G	  0.6	  1.7	0.000	0.000	0.000
171	  N	  0.0	  1.7	0.000	0.000	0.000
172	  N	  0.0	  1.7	0.000	0.000	0.000
173	  K	  0.0	  0.1	0.000	0.000	0.000
174	  P	  0.0	  0.0	0.000	0.000	0.000
175	  M	  0.3	  0.0	0.000	0.000	0.000
176	  M	  0.7	  0.1	0.000	0.000	0.000
177	  T	  1.2	  0.1	0.000	0.000	0.000
178	  N	  0.9	  0.1	0.000	0.000	0.000
179	  K	  0.6	  0.4	0.000	0.000	0.000
180	  P	  0.0	  0.4	0.000	0.000	0.000
181	  S	  0.3	  1.7	0.000	0.000	0.000
182	  R	  0.4	  1.7	0.000	0.000	0.000
183	  N	  0.4	  1.3	0.000	0.000	0.000
184	  S	  0.4	  1.2	0.000	0.000	0.000
185	  M	  1.1	  0.0	0.000	0.000	0.000
186	  F	  2.8	  0.0	0.000	0.000	0.000
187	  I	  2.7	  0.0	0.000	0.000	0.000
188	  S	  2.0	  0.4	0.136	0.000	0.000
189	  P	  0.2	  0.4	0.136	0.000	0.000
190	  T	  1.6	  0.5	0.136	0.000	0.000
191	  M	  2.6	  0.6	0.136	0.000	0.000
192	  D	  2.8	  0.2	1.750	0.000	0.000
193	  L	  1.3	  0.3	1.750	0.000	0.000
194	  K	  0.8	  0.2	1.750	0.000	0.000
195	  T	 11.1	  0.1	1.615	0.000	0.000
196	  F	 15.0	  0.1	1.615	0.000	0.000
197	  E	 14.6	  0.0	1.615	0.000	0.000
198	  L	  4.5	  0.3	0.503	0.000	0.000
199	  P	  0.0	  0.3	0.291	0.000	0.000
200	  L	  0.2	  0.3	0.291	0.000	0.000
201	  Y	  2.1	  0.3	0.291	0.000	0.000
202	  Q	  2.4	  0.1	0.291	0.000	0.000
203	  K	  2.3	  0.1	0.291	0.000	0.000
204	  Q	  0.5	  0.1	0.291	0.000	0.000
205	  H	  0.3	  0.3	0.157	0.000	0.000
206	  S	  2.1	  0.4	0.000	0.000	0.000
207	  T	  3.2	  0.5	0.000	0.000	0.000
208	  S	  3.2	  0.6	0.123	0.000	0.000
209	  S	  4.2	  1.4	0.438	0.137	0.137
210	  A	  3.3	  1.2	0.438	1.227	1.227
211	  S	  3.5	  1.1	1.756	1.227	1.227
212	  L	  1.9	  1.1	1.756	1.227	1.227
213	  I	  3.5	  0.1	1.756	1.227	1.227
214	  L	  4.4	  0.0	1.756	1.227	1.227
215	  R	  7.4	  0.0	1.756	0.000	0.000
216	  Y	  5.8	  0.1	1.633	0.000	0.000
217	  N	  4.7	  0.7	0.293	0.000	0.000
218	  N	  0.5	  1.3	0.000	0.000	0.000
219	  D	  0.1	  2.4	0.000	0.000	0.000
220	  S	  0.3	  2.5	0.000	0.000	0.000
221	  S	  0.7	  1.9	0.000	0.000	0.000
222	  T	  5.5	  1.2	0.000	1.297	1.297
223	  I	  8.1	  0.1	0.000	2.807	2.807
224	  V	  8.5	  0.0	0.000	2.919	2.919
225	  S	  3.8	  0.1	0.000	2.919	2.919
226	  T	  1.7	  0.1	0.000	2.919	2.919
227	  A	  1.0	  0.1	0.000	2.525	2.525
228	  F	  1.1	  0.1	0.000	2.150	2.150
229	  D	  0.4	  0.2	0.000	0.000	0.000
230	  E	  0.4	  0.3	0.000	0.000	0.000
231	  K	  0.4	  0.3	0.000	0.000	0.000
232	  S	  0.7	  0.3	0.000	0.000	0.000
233	  R	  6.3	  0.1	0.000	0.000	0.000
234	  I	  9.5	  0.0	0.000	0.212	0.212
235	  T	 10.7	  0.0	0.000	0.212	0.212
236	  T	  7.3	  0.0	0.000	0.212	0.212
237	  T	  4.7	  0.1	0.000	0.212	0.212
238	  S	  3.8	  0.1	0.000	0.212	0.212
239	  T	  3.3	  0.1	0.000	0.212	0.212
240	  T	  7.0	  0.3	0.000	0.212	0.212
241	  V	  6.6	  0.4	0.000	0.212	0.212
242	  D	  4.6	  1.0	0.000	0.000	0.000
243	  G	  0.2	  1.1	0.000	0.000	0.000
244	  N	  0.0	  2.1	0.103	0.000	0.000
245	  E	  0.1	  1.9	0.103	0.000	0.000
246	  S	  0.2	  1.3	0.103	0.000	0.000
247	  S	  3.7	  2.2	0.103	0.000	0.000
248	  I	  4.5	  2.3	0.103	0.000	0.000
249	  N	  4.4	  3.2	0.575	0.000	0.000
250	  G	  0.9	  3.2	0.472	0.000	0.000
251	  S	  0.4	  2.3	0.472	0.000	0.000
252	  T	  5.5	  1.1	0.472	0.000	0.000
253	  I	  6.4	  1.6	0.472	0.000	0.000
254	  N	  6.0	  1.8	0.472	0.000	0.000
255	  G	  1.0	  1.8	0.213	0.000	0.000
256	  S	  0.5	  1.7	0.358	0.000	0.000
257	  Y	  1.1	  0.3	0.241	0.000	0.000
258	  L	  1.1	  0.7	0.241	0.000	0.000
259	  E	  0.7	  7.7	0.241	0.000	0.000
260	  N	  0.1	  7.8	0.241	0.000	0.000
261	  G	  0.0	  7.8	0.241	0.000	0.000
262	  K	  0.7	  7.1	0.098	0.000	0.000
263	  L	  0.7	  0.1	0.000	0.000	0.000
264	  A	  0.7	  0.1	0.000	0.000	0.000
265	  P	  0.0	  0.0	0.000	0.000	0.000
266	  P	  0.0	  0.0	0.000	0.000	0.000
267	  P	  0.0	  0.2	0.000	0.000	0.000
268	  P	  0.0	  0.3	0.000	0.000	0.000
269	  K	  0.5	  0.3	0.000	0.000	0.000
270	  R	  2.6	  0.3	0.000	0.000	0.000
271	  V	  5.3	  0.1	0.000	0.000	0.000
272	  V	  7.5	  0.0	0.000	0.000	0.000
273	  R	  5.4	  0.0	0.000	0.000	0.000
274	  A	  2.8	  0.4	0.000	0.000	0.000
275	  P	  0.0	  0.5	0.000	0.000	0.000
276	  S	  0.3	  0.5	0.630	0.000	0.000
277	  L	  1.0	  0.5	0.816	0.000	0.000
278	  Y	  1.6	  0.1	2.524	0.000	0.000
279	  L	  1.4	  0.3	2.651	0.000	0.000
280	  E	  0.7	  0.3	2.651	0.000	0.000
281	  D	  0.1	  0.3	2.766	0.000	0.000
282	  L	  0.4	  0.4	2.766	0.000	0.000
283	  L	  0.5	  0.2	2.766	0.000	0.000
284	  N	  0.5	  0.2	3.500	0.000	0.000
285	  D	  0.1	  1.9	1.751	0.000	0.000
286	  K	  0.5	  1.8	1.062	0.000	0.000
287	  S	  0.9	  4.2	0.735	0.000	0.000
288	  K	  0.9	  4.5	0.735	0.000	0.000
289	  D	  0.5	  2.9	1.263	0.000	0.000
290	  D	  0.1	  3.0	0.869	0.000	0.000
291	  K	  0.2	  0.6	0.647	0.000	0.000
292	  E	  0.2	  0.4	0.528	0.000	0.000
293	  E	  0.2	  0.5	0.528	0.000	0.000
294	  E	  0.0	  0.4	0.528	0.000	0.000
295	  G	  0.0	  0.3	0.167	0.000	0.000
296	  V	  0.0	  0.2	0.000	0.000	0.000
