res	aa	Beta	Turn	Helix	Aggregation	Conc-Stab_Aggregation
01	  M	  1.0	  0.0	0.000	0.000	0.000
02	  K	  1.2	  0.0	0.000	0.000	0.000
03	  Y	  1.6	  0.1	0.000	44.590	44.590
04	  L	  2.7	  0.1	0.000	67.382	67.382
05	  T	  3.2	  0.1	0.246	76.413	76.413
06	  L	  3.0	  0.1	0.246	90.327	90.327
07	  L	  4.2	  0.0	0.246	91.501	91.501
08	  T	  7.1	  0.0	0.246	91.186	91.186
09	  V	  9.6	  0.0	0.246	91.004	91.004
10	  L	  6.5	  0.1	0.246	84.834	84.834
11	  S	  3.1	  0.1	0.336	42.094	42.094
12	  T	  0.7	  0.1	0.223	36.584	36.584
13	  A	  0.6	  0.1	0.223	33.249	33.249
14	  L	  0.6	  0.0	0.223	30.399	30.399
15	  A	  0.2	  0.0	0.223	13.979	13.979
16	  T	  0.1	  0.1	0.223	0.069	0.069
17	  P	  0.0	  0.1	0.000	0.032	0.032
18	  L	  0.5	  0.2	0.000	0.000	0.000
19	  Q	  1.0	  0.2	0.000	0.000	0.000
20	  H	  1.4	  0.2	0.000	0.000	0.000
21	  Q	  1.2	  0.2	0.000	0.000	0.000
22	  H	  1.5	  0.2	0.000	0.000	0.000
23	  H	  1.7	  0.2	0.000	0.000	0.000
24	  H	  2.1	  0.1	0.000	0.000	0.000
25	  H	  1.8	  0.1	0.000	0.000	0.000
26	  H	  1.5	  0.3	0.358	0.000	0.000
27	  E	  0.9	  0.2	0.358	0.000	0.000
28	  H	  0.7	  0.4	0.514	0.000	0.000
29	  A	  0.5	  0.4	0.514	0.000	0.000
30	  R	  0.5	  0.2	0.514	0.000	0.000
31	  R	  0.3	  0.2	0.514	0.000	0.000
32	  A	  0.4	  0.1	0.324	0.618	0.618
33	  E	  5.1	  0.0	0.324	2.494	2.494
34	  V	  6.6	  0.0	0.000	2.494	2.494
35	  T	  7.9	  0.0	0.000	2.494	2.494
36	  K	  4.7	  0.0	0.000	2.494	2.494
37	  V	  6.3	  0.0	0.000	9.065	9.065
38	  V	 10.1	  0.0	0.000	9.065	9.065
39	  Y	  9.9	  0.1	0.000	9.065	9.065
40	  V	  7.2	  1.5	0.000	8.921	8.921
41	  N	  1.8	  3.4	0.000	6.571	6.571
42	  G	  0.3	  3.6	0.000	0.654	0.654
43	  N	  0.0	  4.2	0.000	0.121	0.121
44	  G	  0.0	  2.8	0.000	0.000	0.000
45	  D	  0.0	  1.0	0.000	0.000	0.000
46	  E	  2.6	  0.8	0.000	0.000	0.000
47	  V	  3.7	  0.1	0.000	0.000	0.000
48	  Q	  3.9	  0.1	0.000	0.000	0.000
49	  S	  1.5	  0.1	1.044	0.000	0.000
50	  Q	  1.0	  0.1	1.044	0.000	0.000
51	  V	  1.5	  0.1	1.044	0.000	0.000
52	  T	  1.4	  0.3	1.044	0.000	0.000
53	  E	  0.8	  0.3	1.044	0.000	0.000
54	  N	  0.1	  1.8	1.044	0.000	0.000
55	  A	  0.2	  2.2	0.299	0.000	0.000
56	  S	  0.2	  2.3	0.193	0.000	0.000
57	  S	  0.2	  2.7	0.000	0.000	0.000
58	  G	  0.1	  1.4	0.000	0.000	0.000
59	  A	  0.2	  1.5	0.000	0.000	0.000
60	  S	  0.2	  1.5	0.000	0.000	0.000
61	  S	  0.2	  1.6	0.126	0.000	0.000
62	  G	  0.1	  1.5	0.126	0.000	0.000
63	  E	  0.1	  1.2	0.126	0.000	0.000
64	  T	  0.4	  0.7	0.499	0.000	0.000
65	  A	  0.4	  0.2	0.499	0.000	0.000
66	  E	  0.4	  0.1	0.499	0.000	0.000
67	  T	  4.1	  0.1	0.731	0.000	0.000
68	  I	  4.3	  0.1	0.731	0.000	0.000
69	  Q	  4.4	  0.0	0.731	0.000	0.000
70	  T	  2.3	  0.1	0.541	0.000	0.000
71	  R	  2.3	  0.2	0.541	0.000	0.000
72	  S	  3.1	  1.3	0.541	0.000	0.000
73	  S	  1.1	  2.8	0.000	0.000	0.000
74	  S	  0.9	  2.8	0.000	0.000	0.000
75	  D	  0.8	  2.9	0.000	0.000	0.000
76	  V	  2.0	  1.9	0.000	0.000	0.000
77	  S	  2.8	  1.1	0.000	0.000	0.000
78	  S	  2.9	  2.2	0.000	0.000	0.000
79	  S	  1.8	  3.8	0.000	0.000	0.000
80	  S	  1.0	  4.5	0.000	0.000	0.000
81	  D	  0.1	  3.7	0.000	0.000	0.000
82	  S	  0.1	  2.6	0.000	0.000	0.000
83	  N	  0.0	  0.7	0.000	0.000	0.000
84	  P	  0.0	  0.0	0.000	0.000	0.000
85	  V	  2.3	  0.0	0.000	1.065	1.065
86	  A	  2.7	  0.0	0.000	1.065	1.065
87	  S	  3.0	  0.0	0.000	1.065	1.065
88	  I	  1.8	  0.1	0.000	1.182	1.182
89	  A	  1.5	  0.2	0.000	1.182	1.182
90	  S	  1.3	  0.2	0.000	0.393	0.393
91	  S	  0.9	  0.2	0.000	0.393	0.393
92	  V	  2.9	  0.1	0.000	0.393	0.393
93	  A	  2.9	  0.1	0.000	0.126	0.126
94	  S	  2.4	  0.2	0.000	0.000	0.000
95	  S	  3.2	  1.2	0.000	0.000	0.000
96	  A	  3.1	  1.3	0.000	0.000	0.000
97	  S	  3.2	  1.2	0.000	0.000	0.000
98	  S	  0.5	  1.2	0.000	0.000	0.000
99	  I	  1.7	  0.1	0.000	0.000	0.000
100	  L	  1.6	  0.2	0.000	0.000	0.000
101	  S	  1.4	  0.2	0.000	0.000	0.000
102	  N	  2.9	  0.2	0.000	0.000	0.000
103	  I	  3.2	  0.4	0.000	0.000	0.000
104	  E	  3.2	  1.9	0.000	0.000	0.000
105	  G	  0.3	  2.0	0.164	0.000	0.000
106	  D	  0.1	  2.7	0.164	0.000	0.000
107	  L	  0.7	  2.5	0.164	0.000	0.000
108	  S	  0.9	  0.8	0.164	0.000	0.000
109	  A	  1.3	  0.8	0.164	0.000	0.000
110	  F	  3.3	  0.1	0.164	0.000	0.000
111	  S	  3.1	  0.0	0.000	0.000	0.000
112	  S	  2.7	  3.0	0.141	0.000	0.000
113	  P	  0.1	  3.1	0.141	0.000	0.000
114	  S	  0.1	  3.2	0.141	0.000	0.000
115	  K	  0.2	  3.2	0.141	0.000	0.000
116	  K	  3.5	  0.2	0.141	0.000	0.000
117	  F	  4.1	  1.1	0.141	0.000	0.000
118	  E	  4.0	  1.5	0.000	0.000	0.000
119	  D	  0.7	  1.5	0.000	0.000	0.000
120	  G	  0.0	  1.5	0.000	0.000	0.000
121	  V	  3.1	  0.6	0.000	0.000	0.000
122	  Y	  8.1	  0.0	0.000	0.000	0.000
123	  D	  8.3	  1.0	0.000	0.000	0.000
124	  C	  5.7	  1.1	0.000	0.000	0.000
125	  D	  0.8	  1.1	0.000	0.000	0.000
126	  S	  0.7	  1.1	0.000	0.000	0.000
127	  V	  0.5	  0.1	0.000	0.000	0.000
128	  P	  0.2	  0.2	0.000	0.000	0.000
129	  V	  0.2	  0.4	0.000	0.000	0.000
130	  G	  0.1	  0.7	0.000	0.000	0.000
131	  Q	  0.1	  0.7	0.000	0.000	0.000
132	  G	  0.1	  0.4	0.000	0.367	0.367
133	  V	  1.1	  0.3	0.000	0.367	0.367
134	  I	  1.2	  0.0	0.000	0.367	0.367
135	  G	  1.3	  0.0	0.000	0.367	0.367
136	  V	  1.9	  0.0	0.000	0.367	0.367
137	  D	  2.0	  0.0	0.000	0.000	0.000
138	  W	  2.5	  0.0	0.000	0.000	0.000
139	  I	  2.1	  0.1	0.000	0.000	0.000
140	  S	  1.8	  0.2	0.000	0.000	0.000
141	  G	  1.3	  0.7	0.000	0.000	0.000
142	  L	  0.2	  1.3	0.000	0.000	0.000
143	  N	  0.2	  1.3	0.000	0.000	0.000
144	  G	  0.1	  1.2	0.000	0.000	0.000
145	  G	  0.1	  0.7	0.099	0.000	0.000
146	  W	  1.0	  0.1	0.099	0.536	0.536
147	  T	  2.0	  0.0	0.099	0.536	0.536
148	  T	  4.5	  0.0	0.099	0.536	0.536
149	  I	  4.2	  0.1	0.099	0.536	0.536
150	  M	  3.2	  0.1	0.099	0.536	0.536
151	  N	  0.6	  7.6	0.099	0.000	0.000
152	  E	  0.0	  8.2	0.000	0.000	0.000
153	  N	  0.0	 10.3	0.000	0.000	0.000
154	  G	  0.0	 10.3	0.000	0.000	0.000
155	  D	  0.1	  3.0	0.000	0.000	0.000
156	  T	  0.5	  2.4	0.000	0.000	0.000
157	  S	  3.3	  1.4	0.000	0.000	0.000
158	  L	  6.3	  1.3	0.000	0.000	0.000
159	  N	  6.2	  1.1	0.000	0.000	0.000
160	  C	  3.8	  2.7	0.000	0.000	0.000
161	  K	  0.5	  2.3	0.000	0.000	0.000
162	  D	  0.2	  2.3	0.000	0.000	0.000
163	  G	  0.1	  2.3	0.000	0.000	0.000
164	  Y	  4.6	  0.7	0.000	0.000	0.000
165	  Y	  6.7	  0.0	0.000	0.000	0.000
166	  C	  7.9	  0.0	0.000	0.000	0.000
167	  S	  4.0	  0.0	0.000	0.000	0.000
168	  Y	  3.1	  0.0	0.000	0.000	0.000
169	  A	  1.9	  0.0	0.000	0.000	0.000
170	  C	  3.7	  0.1	0.000	0.000	0.000
171	  Q	  2.4	  0.4	0.000	0.000	0.000
172	  A	  2.3	  0.4	0.000	0.000	0.000
173	  G	  0.1	  0.4	0.000	0.000	0.000
174	  M	  0.4	  0.4	0.000	0.000	0.000
175	  S	  0.9	  0.1	0.000	0.000	0.000
176	  K	  1.3	  0.1	0.000	0.000	0.000
177	  T	  4.5	  0.1	0.000	0.000	0.000
178	  Q	  4.0	  0.1	0.000	0.000	0.000
179	  W	  3.7	  0.4	0.000	0.000	0.000
180	  P	  0.2	  0.4	0.000	0.000	0.000
181	  S	  0.0	  0.4	0.000	0.000	0.000
182	  E	  0.0	  0.4	0.000	0.000	0.000
183	  Q	  0.1	  0.5	0.000	0.000	0.000
184	  P	  0.0	  1.4	0.000	0.000	0.000
185	  S	  0.0	  1.9	0.000	0.000	0.000
186	  N	  0.0	  1.9	0.000	0.000	0.000
187	  G	  0.0	  1.5	0.000	0.000	0.000
188	  M	  2.0	  0.5	0.000	0.000	0.000
189	  S	  2.2	  0.2	0.000	0.000	0.000
190	  I	  2.2	  0.9	0.000	0.000	0.000
191	  G	  0.3	  0.9	0.000	0.000	0.000
192	  G	  0.1	  0.9	0.000	0.000	0.000
193	  L	  1.5	  0.8	0.000	0.000	0.000
194	  Y	  2.6	  0.0	0.000	0.000	0.000
195	  C	  2.7	  1.4	0.000	0.000	0.000
196	  K	  1.2	 10.4	0.000	0.000	0.000
197	  N	  0.2	 10.4	0.000	0.000	0.000
198	  G	  0.0	 10.5	0.000	0.000	0.000
199	  K	  0.2	  9.1	0.000	0.000	0.000
200	  L	  0.3	  0.1	0.000	0.000	0.000
201	  Y	  2.1	  0.2	0.000	0.000	0.000
202	  R	  2.0	  0.3	0.000	0.000	0.000
203	  S	  2.0	  0.3	0.000	0.000	0.000
204	  N	  0.4	  1.2	0.000	0.000	0.000
205	  T	  0.2	  1.3	0.000	0.000	0.000
206	  D	  0.2	  1.7	0.000	0.000	0.000
207	  N	  0.2	  1.6	0.152	0.000	0.000
208	  D	  0.1	  0.7	0.484	0.000	0.000
209	  Y	  2.0	  0.5	0.484	0.000	0.000
210	  L	  2.0	  0.0	0.484	0.000	0.000
211	  C	  3.1	  0.3	0.484	0.000	0.000
212	  E	  1.3	  0.4	0.484	0.000	0.000
213	  W	  1.2	  0.7	0.484	0.000	0.000
214	  G	  0.1	  0.8	0.484	0.000	0.000
215	  S	  0.6	  2.0	0.111	0.000	0.000
216	  K	  0.7	  1.9	0.000	0.000	0.000
217	  D	  1.4	  2.0	0.000	0.000	0.000
218	  V	  3.8	  1.9	0.000	0.598	0.598
219	  N	  4.2	  0.3	0.000	0.598	0.598
220	  F	  5.0	  0.3	0.000	0.598	0.598
221	  V	  2.5	  0.0	0.000	0.598	0.598
222	  S	  1.9	  0.0	0.000	0.598	0.598
223	  E	  1.7	  0.0	0.000	0.000	0.000
224	  I	  1.5	  0.1	0.000	0.000	0.000
225	  S	  1.5	  1.9	0.342	0.000	0.000
226	  E	  0.2	  1.9	0.342	0.000	0.000
227	  D	  0.3	  1.9	0.488	0.000	0.000
228	  V	  3.4	  1.8	0.488	0.000	0.000
229	  A	  3.5	  0.0	0.488	0.000	0.000
230	  I	  4.2	  0.0	0.488	0.000	0.000
231	  C	  1.1	  0.1	0.488	0.000	0.000
232	  R	  1.4	  0.3	0.272	0.000	0.000
233	  T	  1.1	  0.3	0.000	0.000	0.000
234	  D	  1.0	  0.3	0.000	0.000	0.000
235	  Y	  0.6	  2.1	0.000	0.000	0.000
236	  P	  0.0	  2.2	0.000	0.000	0.000
237	  G	  0.0	  2.3	0.000	0.000	0.000
238	  S	  0.1	  4.0	0.000	0.000	0.000
239	  E	  0.1	  2.0	0.000	0.000	0.000
240	  N	  0.4	  2.2	0.000	0.000	0.000
241	  M	  7.5	  2.1	0.000	0.000	0.000
242	  N	  7.7	  0.4	0.818	0.000	0.000
243	  I	  7.4	  0.5	0.818	0.000	0.000
244	  P	  0.2	  0.1	0.818	0.000	0.000
245	  T	  0.7	  0.1	1.038	0.131	0.131
246	  L	  1.1	  0.1	1.038	0.131	0.131
247	  L	  1.7	  0.1	1.038	0.131	0.131
248	  S	  1.1	  0.5	1.038	0.131	0.131
249	  A	  0.7	  2.2	0.784	0.131	0.131
250	  G	  0.1	  2.3	0.608	0.000	0.000
251	  G	  0.2	  2.2	0.318	0.000	0.000
252	  K	  0.2	  1.8	0.000	0.000	0.000
253	  A	  0.2	  0.2	0.000	0.000	0.000
254	  P	  0.0	  0.1	0.000	0.000	0.000
255	  C	  2.2	  0.1	0.000	0.000	0.000
256	  S	  3.0	  0.1	0.000	0.000	0.000
257	  V	  6.6	  0.1	0.000	0.000	0.000
258	  V	  4.7	  0.2	0.000	0.000	0.000
259	  D	  3.8	  2.3	0.190	0.000	0.000
260	  G	  0.2	  2.3	0.190	0.000	0.000
261	  D	  1.5	  2.3	0.190	0.000	0.000
262	  T	  7.8	  2.1	0.657	0.000	0.000
263	  Y	  9.0	  0.1	0.657	0.000	0.000
264	  F	  8.5	  0.0	0.657	0.000	0.000
265	  K	  2.8	  0.0	0.467	0.000	0.000
266	  W	  1.6	  0.2	0.467	0.000	0.000
267	  Q	  0.6	  1.3	0.467	0.000	0.000
268	  G	  0.1	  1.5	0.268	0.000	0.000
269	  G	  0.0	  1.6	0.112	0.000	0.000
270	  K	  0.2	  1.5	0.000	0.000	0.000
271	  T	  1.0	  0.4	0.000	0.000	0.000
272	  S	  1.3	  0.2	0.000	0.000	0.000
273	  T	  3.4	  0.1	0.000	0.238	0.238
274	  Q	  5.6	  0.1	0.000	0.238	0.238
275	  Y	  6.6	  0.0	0.000	0.238	0.238
276	  Y	  5.9	  0.1	0.000	0.238	0.238
277	  V	  3.5	  0.1	0.000	0.238	0.238
278	  N	  2.2	  0.1	0.000	0.000	0.000
279	  N	  0.6	  0.4	0.000	0.000	0.000
280	  A	  0.0	  0.3	0.000	0.000	0.000
281	  G	  0.1	  0.3	0.000	0.000	0.000
282	  V	  9.0	  0.3	0.000	0.000	0.000
283	  S	 12.5	  0.0	0.000	0.000	0.000
284	  V	 13.2	  0.4	0.000	0.000	0.000
285	  E	  4.8	  0.7	0.000	0.000	0.000
286	  D	  0.8	  0.7	0.000	0.000	0.000
287	  G	  0.1	  0.7	0.000	0.000	0.000
288	  C	  0.8	  0.3	0.000	0.000	0.000
289	  I	  1.4	  0.1	0.000	0.000	0.000
290	  W	  1.4	  0.1	0.000	0.000	0.000
291	  G	  0.7	  0.2	0.000	0.000	0.000
292	  T	  0.0	  0.8	0.000	0.000	0.000
293	  E	  0.0	  2.3	0.000	0.000	0.000
294	  G	  0.0	  2.5	0.000	0.000	0.000
295	  S	  0.0	  2.5	0.000	0.000	0.000
296	  G	  0.0	  1.8	0.000	0.000	0.000
297	  V	  0.1	  0.3	0.000	0.000	0.000
298	  G	  0.1	  0.1	0.000	0.000	0.000
299	  N	  0.3	  0.0	0.000	0.000	0.000
300	  W	  0.3	  0.0	0.000	0.000	0.000
301	  A	  0.3	  0.0	0.000	0.000	0.000
302	  P	  0.1	  0.0	0.000	0.000	0.000
303	  V	  7.7	  0.0	0.000	0.597	0.597
304	  V	  8.3	  0.0	0.000	0.597	0.597
305	  L	  8.3	  0.7	0.000	0.597	0.597
306	  G	  0.6	  0.9	0.000	0.597	0.597
307	  S	  0.1	  1.7	0.000	0.597	0.597
308	  G	  0.1	  1.8	0.000	0.000	0.000
309	  T	  0.2	  1.1	0.000	0.000	0.000
310	  T	  0.1	  1.8	0.000	0.000	0.000
311	  G	  0.1	  1.3	0.000	0.000	0.000
312	  G	  0.0	  1.3	0.000	0.000	0.000
313	  K	  0.6	  1.2	0.000	0.000	0.000
314	  T	  3.9	  0.3	0.000	0.234	0.234
315	  Y	  4.8	  0.2	0.000	0.234	0.234
316	  L	  5.9	  0.1	0.000	0.234	0.234
317	  S	  3.2	  0.1	0.000	0.234	0.234
318	  L	  2.3	  0.1	0.000	0.234	0.234
319	  I	  0.6	  0.0	0.000	0.000	0.000
320	  P	  0.1	  0.0	0.000	0.000	0.000
321	  N	  0.0	  9.2	0.000	0.000	0.000
322	  P	  0.0	  9.3	0.000	0.000	0.000
323	  N	  0.0	  9.3	0.000	0.000	0.000
324	  N	  0.0	 11.9	0.000	0.000	0.000
325	  K	  0.1	  2.7	0.000	0.000	0.000
326	  D	  0.1	  2.6	0.000	0.000	0.000
327	  K	  0.1	  3.3	0.000	0.000	0.000
328	  P	  0.0	  0.7	0.000	0.000	0.000
329	  N	  0.8	  0.9	0.000	0.000	0.000
330	  Y	  5.2	  0.9	0.000	0.000	0.000
331	  N	  6.9	  0.2	0.000	0.000	0.000
332	  I	 10.9	  0.2	0.000	0.000	0.000
333	  K	  7.9	  0.0	0.000	0.000	0.000
334	  I	  8.7	  0.0	0.000	0.000	0.000
335	  V	  4.1	  1.5	0.000	0.000	0.000
336	  G	  2.6	  1.7	0.000	0.000	0.000
337	  D	  0.1	  1.7	0.000	0.000	0.000
338	  D	  0.8	  3.6	0.000	0.000	0.000
339	  V	  1.1	  3.0	0.000	0.000	0.000
340	  N	  1.1	  3.5	0.000	0.000	0.000
341	  G	  0.3	  3.5	0.000	0.000	0.000
342	  D	  0.2	  1.7	0.000	0.000	0.000
343	  C	  0.4	  0.7	0.000	0.000	0.000
344	  K	  3.7	  0.0	0.000	0.000	0.000
345	  Y	  4.3	  0.8	0.000	0.000	0.000
346	  E	  4.1	  5.0	0.000	0.000	0.000
347	  N	  0.8	  5.0	0.000	0.000	0.000
348	  G	  0.0	  5.0	0.000	0.000	0.000
349	  Q	  1.9	  4.4	0.000	0.000	0.000
350	  Y	  2.3	  2.2	0.000	0.000	0.000
351	  N	  2.3	  3.0	0.000	0.000	0.000
352	  G	  0.5	  3.4	0.000	0.000	0.000
353	  S	  0.3	  4.3	0.000	0.000	0.000
354	  G	  0.3	  3.3	0.000	0.000	0.000
355	  S	  0.2	  3.0	0.000	0.000	0.000
356	  D	  0.0	  3.1	0.000	0.000	0.000
357	  G	  0.1	  2.0	0.000	0.000	0.000
358	  C	  3.9	  1.0	0.000	0.267	0.267
359	  T	 13.2	  0.5	0.000	0.388	0.388
360	  V	 28.8	  0.0	0.000	0.388	0.388
361	  T	 29.1	  0.0	0.000	0.388	0.388
362	  V	 21.9	  0.1	0.000	0.388	0.388
363	  N	  5.6	  0.6	0.101	0.122	0.122
364	  S	  1.3	  1.1	0.101	0.000	0.000
365	  G	  0.3	  1.1	0.101	0.000	0.000
366	  S	  0.5	  1.2	0.101	0.000	0.000
367	  A	  0.5	  0.7	0.101	0.197	0.197
368	  K	  0.8	  0.2	0.101	0.430	0.430
369	  F	  2.3	  0.1	0.101	0.430	0.430
370	  V	  5.1	  0.0	0.000	0.430	0.430
371	  F	  4.6	  0.0	0.000	0.430	0.430
372	  Y	  3.0	  0.0	0.000	0.430	0.430
