res	aa	Beta	Turn	Helix	Aggregation	Conc-Stab_Aggregation
01	  M	  0.4	  0.1	0.000	0.000	0.000
02	  S	  0.7	  0.2	0.000	0.000	0.000
03	  S	  2.7	  0.4	0.000	0.000	0.000
04	  T	  3.2	  0.4	0.000	0.000	0.000
05	  S	  3.4	  0.3	0.000	0.000	0.000
06	  V	  2.4	  0.2	0.000	0.147	0.147
07	  A	  1.7	  0.0	0.000	0.147	0.147
08	  T	  2.8	  0.0	0.000	0.147	0.147
09	  T	  3.4	  0.0	0.000	0.147	0.147
10	  T	  4.9	  0.1	0.000	0.147	0.147
11	  T	  6.1	  0.0	0.000	0.000	0.000
12	  T	  4.6	  0.0	0.000	0.000	0.000
13	  T	  3.0	  0.6	0.000	0.000	0.000
14	  P	  0.2	  0.8	0.000	0.000	0.000
15	  S	  0.1	  1.0	0.000	0.000	0.000
16	  N	  0.2	  1.2	0.000	0.000	0.000
17	  S	  2.2	  0.8	0.000	0.000	0.000
18	  T	  2.5	  0.5	0.000	0.000	0.000
19	  S	  2.8	  0.4	0.000	0.000	0.000
20	  I	  1.4	  0.2	0.000	0.000	0.000
21	  C	  1.7	  0.2	0.000	0.000	0.000
22	  S	  1.5	  0.3	0.000	0.000	0.000
23	  S	  2.9	  0.5	0.000	0.000	0.000
24	  T	  2.6	  0.5	0.000	0.000	0.000
25	  S	  2.8	  0.3	0.000	0.000	0.000
26	  I	  1.4	  0.2	0.000	0.000	0.000
27	  C	  2.4	  0.0	0.000	0.000	0.000
28	  S	  2.5	  0.0	0.000	0.000	0.000
29	  M	  2.5	  0.0	0.000	0.000	0.000
30	  C	  1.2	  0.0	0.000	0.000	0.000
31	  N	  0.6	  9.1	0.000	0.000	0.000
32	  P	  0.1	  9.2	0.000	0.000	0.000
33	  N	  0.0	  9.5	0.000	0.000	0.000
34	  N	  0.1	  9.6	0.000	0.000	0.000
35	  S	  1.1	  0.5	0.000	0.000	0.000
36	  H	  1.7	  0.5	0.000	0.000	0.000
37	  T	  2.9	  0.4	0.000	0.000	0.000
38	  S	  1.9	  2.1	0.000	0.000	0.000
39	  S	  1.3	  2.1	0.000	0.000	0.000
40	  N	  1.8	  2.1	0.000	0.000	0.000
41	  F	  3.7	  1.9	0.000	0.000	0.000
42	  Y	  3.8	  0.0	0.000	0.000	0.000
43	  L	  2.2	  0.2	0.000	0.000	0.000
44	  P	  0.1	  0.2	0.000	0.000	0.000
45	  T	  1.1	  0.2	0.896	0.000	0.000
46	  L	  1.2	  0.2	0.896	0.000	0.000
47	  Y	  3.4	  0.1	0.896	0.000	0.000
48	  E	  2.4	  0.1	0.896	0.000	0.000
49	  L	  2.3	  0.1	0.896	0.000	0.000
50	  L	  0.4	  0.1	0.896	0.000	0.000
51	  E	  1.0	  0.1	0.780	0.000	0.000
52	  H	  1.5	  0.1	0.370	0.000	0.000
53	  T	  1.7	  0.2	0.000	0.000	0.000
54	  T	  1.3	  0.2	0.000	0.000	0.000
55	  N	  0.9	  1.2	0.000	0.000	0.000
56	  L	  0.7	  1.2	0.000	0.000	0.000
57	  D	  0.6	  1.4	0.000	0.000	0.000
58	  S	  0.7	  1.4	0.000	0.000	0.000
59	  H	  0.8	  0.7	0.000	0.000	0.000
60	  K	  0.8	  0.8	0.000	0.000	0.000
61	  S	  0.5	  0.6	0.000	0.000	0.000
62	  N	  0.1	  0.9	0.000	0.000	0.000
63	  Q	  0.3	  0.6	0.000	0.000	0.000
64	  S	  0.5	  0.5	0.000	0.183	0.183
65	  L	  0.8	  0.5	0.000	0.183	0.183
66	  L	  2.7	  0.1	0.000	0.183	0.183
67	  S	  4.7	  0.1	0.870	0.183	0.183
68	  F	  5.3	  0.1	0.870	0.183	0.183
69	  H	  3.7	  0.1	0.870	0.000	0.000
70	  E	  1.6	  0.1	0.870	0.000	0.000
71	  Y	  1.4	  0.1	0.870	0.000	0.000
72	  L	  1.3	  0.1	0.870	0.000	0.000
73	  M	  1.4	  0.0	0.753	0.000	0.000
74	  S	  0.8	  0.2	0.459	0.000	0.000
75	  R	  0.4	  0.2	0.261	0.000	0.000
76	  H	  1.3	  0.2	0.132	0.000	0.000
77	  C	  1.3	  0.3	0.000	0.000	0.000
78	  S	  1.3	  2.0	0.466	0.000	0.000
79	  E	  0.3	  2.0	0.466	0.000	0.000
80	  N	  0.3	  2.0	3.875	0.136	0.136
81	  L	  1.6	  1.8	3.875	5.095	5.095
82	  Q	  2.0	  0.0	3.875	5.757	5.757
83	  F	  3.0	  0.0	3.875	22.783	22.783
84	  I	  2.3	  0.0	3.651	24.032	24.032
85	  I	  6.9	  0.0	3.651	24.032	24.032
86	  D	  6.5	  0.6	4.468	20.541	20.541
87	  I	  6.1	  0.6	4.115	20.541	20.541
88	  N	  1.4	  0.6	4.115	20.541	20.541
89	  K	  0.7	  0.6	2.756	20.541	20.541
90	  Y	  1.0	  0.0	2.117	20.636	20.636
91	  L	  1.1	  0.0	1.265	20.503	20.503
92	  F	  4.8	  0.0	0.889	19.733	19.733
93	  T	  4.9	  0.1	0.146	7.580	7.580
94	  H	  4.8	  0.1	0.146	0.272	0.272
95	  N	  1.1	  0.3	0.000	0.000	0.000
96	  S	  0.8	  0.7	0.000	0.000	0.000
97	  T	  1.4	  0.7	0.000	0.000	0.000
98	  N	  1.3	  2.4	0.000	0.000	0.000
99	  S	  1.4	  2.3	0.000	0.000	0.000
100	  S	  8.7	  2.3	0.000	0.000	0.000
101	  C	  9.1	  2.5	0.000	0.000	0.000
102	  N	  8.5	  0.8	0.000	0.019	0.019
103	  S	  0.6	  0.7	0.000	0.559	0.559
104	  G	  0.0	  0.3	0.232	5.341	5.341
105	  L	  0.6	  0.1	0.232	58.477	58.477
106	  V	  4.0	  0.0	0.232	67.627	67.627
107	  N	  4.4	  0.0	1.586	68.372	68.372
108	  L	  4.0	  0.1	1.586	87.012	87.012
109	  W	  2.6	  0.1	1.586	90.182	90.182
110	  N	  2.9	  0.1	1.586	89.741	89.741
111	  F	  3.2	  0.1	1.471	90.208	90.208
112	  I	  2.2	  0.0	1.471	89.961	89.961
113	  Y	  3.2	  0.1	1.471	88.242	88.242
114	  E	  2.8	  0.1	1.280	11.238	11.238
115	  K	  2.2	  0.1	0.980	11.238	11.238
116	  Y	  0.8	  0.1	0.303	11.197	11.197
117	  L	  4.2	  0.0	0.000	10.790	10.790
118	  T	 11.1	  0.0	0.000	8.414	8.414
119	  F	 11.4	  0.0	0.000	7.822	7.822
120	  D	  7.9	  1.8	0.000	0.000	0.000
121	  A	  0.8	  1.9	0.000	0.000	0.000
122	  D	  0.2	  1.9	0.175	0.000	0.000
123	  L	  1.5	  1.8	0.175	0.000	0.000
124	  E	  4.9	  0.0	0.175	0.000	0.000
125	  I	 12.5	  0.0	0.175	0.000	0.000
126	  N	 11.4	  0.0	0.175	0.000	0.000
127	  L	  8.0	  0.0	0.175	0.000	0.000
128	  P	  0.1	  0.0	0.363	0.000	0.000
129	  C	  1.0	  0.1	0.533	0.000	0.000
130	  R	  1.3	  0.1	0.533	0.000	0.000
131	  L	  1.7	  0.1	0.533	0.000	0.000
132	  K	  0.9	  0.2	0.533	0.000	0.000
133	  S	  0.7	  0.2	1.062	0.000	0.000
134	  Q	  1.3	  0.2	0.914	0.000	0.000
135	  L	  2.4	  0.1	0.640	0.000	0.000
136	  K	  3.0	  0.1	0.640	0.000	0.000
137	  L	  2.3	  0.1	0.530	0.000	0.000
138	  N	  1.0	  0.1	0.530	0.000	0.000
139	  Q	  0.4	  0.0	0.195	0.000	0.000
140	  L	  0.2	  0.2	0.000	0.000	0.000
141	  P	  0.1	  0.2	0.000	0.000	0.000
142	  E	  0.9	  0.2	0.000	0.000	0.000
143	  L	  3.9	  0.2	0.000	0.000	0.000
144	  N	  4.1	  0.1	0.110	0.000	0.000
145	  V	  4.3	  0.0	0.110	0.000	0.000
146	  L	  1.4	  0.3	0.110	0.000	0.000
147	  K	  1.4	  0.3	0.110	0.000	0.000
148	  N	  0.9	  0.3	0.110	0.000	0.000
149	  C	  2.1	  0.4	0.110	0.000	0.000
150	  Q	  2.5	  0.1	0.000	0.000	0.000
151	  K	  2.5	  0.1	0.000	0.397	0.397
152	  Y	  1.7	  0.1	0.000	0.516	0.516
153	  I	  1.3	  0.0	0.000	0.516	0.516
154	  Y	  1.2	  0.4	0.000	0.516	0.516
155	  D	  0.6	  0.4	0.917	0.516	0.516
156	  N	  0.4	  0.4	2.656	2.257	2.257
157	  L	  0.8	  0.4	2.656	46.484	46.484
158	  L	  1.2	  0.0	2.656	57.242	57.242
159	  I	  4.7	  0.0	2.656	57.242	57.242
160	  S	  4.2	  0.0	3.217	57.185	57.185
161	  L	  3.9	  0.0	3.008	57.185	57.185
162	  Y	  0.9	  0.1	3.008	39.051	39.051
163	  R	  0.7	  0.0	2.360	0.787	0.787
164	  E	  2.8	  0.0	1.684	0.669	0.669
165	  F	  6.3	  0.1	1.506	0.669	0.669
166	  T	  9.1	  0.1	2.119	0.251	0.251
167	  K	  7.1	  0.1	2.119	0.000	0.000
168	  S	  3.8	  0.1	2.168	0.000	0.000
169	  M	  0.8	  0.2	1.893	0.000	0.000
170	  K	  0.7	  0.1	1.893	0.000	0.000
171	  Q	  1.3	  0.1	1.650	0.000	0.000
172	  Q	  2.8	  0.1	1.518	0.000	0.000
173	  Y	  3.0	  0.1	1.449	0.000	0.000
174	  D	  2.0	  0.1	4.446	0.000	0.000
175	  K	  0.5	  0.1	4.645	0.000	0.000
176	  E	  1.5	  0.1	5.007	0.000	0.000
177	  M	  1.5	  0.1	5.007	0.000	0.000
178	  K	  1.5	  0.1	5.007	0.000	0.000
179	  K	  0.2	  0.1	4.773	0.000	0.000
180	  K	  0.2	  0.2	3.988	0.000	0.000
181	  K	  0.2	  0.2	2.055	0.000	0.000
182	  Q	  0.5	  0.1	1.040	0.000	0.000
183	  Q	  0.7	  0.1	0.365	0.000	0.000
184	  Q	  0.9	  0.1	0.121	0.000	0.000
185	  Q	  0.6	  0.1	0.000	0.000	0.000
186	  E	  0.4	  0.1	0.136	0.000	0.000
187	  Q	  0.2	  0.2	0.136	0.000	0.000
188	  E	  0.1	  0.1	0.136	0.000	0.000
189	  Q	  0.2	  0.2	0.136	0.000	0.000
190	  E	  0.2	  0.2	0.556	0.000	0.000
191	  E	  0.4	  0.1	0.556	0.000	0.000
192	  K	  0.4	  0.2	0.556	0.000	0.000
193	  Q	  0.5	  0.2	0.556	0.000	0.000
194	  S	  0.5	  0.2	0.420	0.000	0.000
195	  K	  0.6	  0.2	0.420	0.000	0.000
196	  Q	  0.6	  0.2	0.285	0.000	0.000
197	  Q	  0.6	  0.2	0.129	0.000	0.000
198	  K	  0.9	  0.1	0.000	0.000	0.000
199	  S	  6.3	  0.2	0.000	0.000	0.000
200	  I	  6.3	  0.2	0.000	0.000	0.000
201	  S	  6.0	  0.3	0.000	0.000	0.000
202	  E	  0.3	  0.3	0.000	0.000	0.000
203	  Q	  0.2	  0.2	0.000	0.000	0.000
204	  S	  0.2	  0.2	0.000	0.000	0.000
205	  S	  0.2	  0.1	0.349	0.000	0.000
206	  P	  0.0	  0.0	0.349	0.000	0.000
207	  I	  0.4	  0.0	0.349	0.000	0.000
208	  N	  0.4	  2.8	0.349	0.000	0.000
209	  K	  0.4	  2.9	0.349	0.000	0.000
210	  N	  0.1	  3.6	0.349	0.000	0.000
211	  N	  0.0	  5.4	0.000	0.000	0.000
212	  N	  0.0	  3.1	0.000	0.000	0.000
213	  N	  0.0	  3.6	0.000	0.000	0.000
214	  G	  0.0	  3.0	0.000	0.000	0.000
215	  S	  0.8	  2.0	0.000	0.000	0.000
216	  S	  1.7	  2.3	0.000	0.000	0.000
217	  S	  2.5	  2.6	0.000	0.000	0.000
218	  S	  2.5	  3.4	0.000	0.000	0.000
219	  S	  1.8	  4.2	0.000	0.000	0.000
220	  S	  1.0	  3.6	0.000	0.000	0.000
221	  N	  0.3	  3.2	0.000	0.000	0.000
222	  S	  0.2	  2.4	0.000	0.000	0.000
223	  T	  0.3	  1.4	0.000	0.000	0.000
224	  G	  0.2	  1.3	0.000	0.000	0.000
225	  S	  7.4	  0.8	0.000	0.000	0.000
226	  F	 10.9	  0.6	0.000	0.000	0.000
227	  T	 13.6	  0.0	0.000	0.000	0.000
228	  H	  8.1	  0.0	0.000	0.000	0.000
229	  F	  4.8	  0.1	0.000	0.000	0.000
230	  K	  2.1	  0.1	0.000	0.000	0.000
231	  H	  0.6	  0.1	0.000	0.000	0.000
232	  S	  5.4	  0.5	0.127	0.000	0.000
233	  L	  6.9	  0.5	0.127	0.000	0.000
234	  S	  9.5	  1.1	0.127	0.000	0.000
235	  L	  7.3	  1.0	0.127	0.000	0.000
236	  N	  5.6	  0.7	0.127	0.000	0.000
237	  L	  2.9	  0.8	0.127	0.000	0.000
238	  P	  0.0	  0.2	0.000	0.000	0.000
239	  R	  0.7	  0.4	0.000	0.000	0.000
240	  R	  0.7	  0.4	0.000	0.000	0.000
241	  N	  0.7	  2.8	0.000	0.000	0.000
242	  S	  0.1	  2.7	0.000	0.000	0.000
243	  N	  0.2	  2.6	0.169	0.000	0.000
244	  K	  0.8	  2.5	0.169	0.000	0.000
245	  I	  0.9	  0.1	0.169	0.000	0.000
246	  C	  1.0	  0.2	0.169	0.000	0.000
247	  N	  0.4	  0.2	0.169	0.000	0.000
248	  N	  0.2	  2.9	0.169	0.000	0.000
249	  K	  0.1	  2.9	0.000	0.000	0.000
250	  N	  0.1	  2.8	0.000	0.000	0.000
251	  N	  0.1	  2.8	0.000	0.000	0.000
252	  Q	  0.6	  0.1	0.000	0.000	0.000
253	  H	  6.0	  0.1	0.000	0.000	0.000
254	  I	  6.4	  0.1	0.000	0.000	0.000
255	  K	  6.4	  0.0	0.000	0.000	0.000
256	  H	  5.8	  0.2	0.000	0.000	0.000
257	  I	  5.4	  0.3	0.000	0.000	0.000
258	  D	  4.9	  3.2	0.000	0.000	0.000
259	  D	  0.1	  5.2	0.000	0.000	0.000
260	  D	  0.0	  5.2	0.114	0.000	0.000
261	  D	  0.0	  6.6	0.114	0.000	0.000
262	  E	  0.0	  3.7	0.114	0.000	0.000
263	  D	  0.6	  1.7	0.114	0.000	0.000
264	  I	  0.7	  1.5	0.114	0.000	0.000
265	  C	  0.7	  0.0	0.114	0.000	0.000
266	  P	  0.1	  0.0	0.000	0.000	0.000
267	  I	  0.6	  0.0	0.000	0.000	0.000
268	  S	  1.0	  0.0	0.000	0.000	0.000
269	  K	  2.6	  0.1	0.000	0.000	0.000
270	  V	  3.2	  0.1	0.000	0.000	0.000
271	  N	  3.0	  0.1	0.000	0.000	0.000
272	  T	  1.7	  0.1	0.000	0.000	0.000
273	  S	  6.1	  0.2	0.000	0.000	0.000
274	  I	  6.8	  0.3	0.000	0.000	0.000
275	  S	  6.7	  0.2	0.000	0.000	0.000
276	  T	  1.4	  0.2	0.686	0.000	0.000
277	  E	  0.5	  0.1	0.686	0.000	0.000
278	  K	  0.5	  0.2	2.039	0.000	0.000
279	  E	  0.2	  0.2	2.039	0.000	0.000
280	  E	  0.3	  0.2	2.039	0.000	0.000
281	  E	  0.5	  0.2	2.148	0.000	0.000
282	  K	  0.7	  0.1	2.121	0.000	0.000
283	  K	  0.8	  0.1	1.933	0.000	0.000
284	  E	  0.4	  0.3	1.130	0.000	0.000
285	  E	  0.2	  0.3	0.649	0.000	0.000
286	  T	  0.0	  0.6	0.406	0.000	0.000
287	  G	  0.0	  0.5	0.406	0.000	0.000
288	  N	  0.7	  0.4	0.406	0.000	0.000
289	  V	  3.5	  0.4	0.000	0.000	0.000
290	  H	  4.1	  0.0	0.000	0.000	0.000
291	  H	  3.8	  0.1	0.000	0.000	0.000
292	  R	  1.1	  0.2	0.000	0.000	0.000
293	  K	  0.6	  0.2	0.000	0.000	0.000
294	  Q	  1.8	  0.2	0.000	0.000	0.000
295	  H	  4.2	  0.1	0.000	0.212	0.212
296	  F	  4.4	  0.2	0.000	0.212	0.212
297	  I	  3.1	  0.1	0.000	0.212	0.212
298	  G	  0.6	  0.2	0.000	0.212	0.212
299	  Y	  2.2	  0.2	0.000	0.212	0.212
300	  D	  2.9	  0.1	0.000	0.000	0.000
301	  Y	  3.8	  0.1	0.000	0.000	0.000
302	  Y	 15.6	  0.0	0.000	0.000	0.000
303	  T	 15.2	  0.0	0.000	0.000	0.000
304	  I	 14.2	  0.0	0.000	0.000	0.000
305	  P	  0.5	  0.0	0.000	0.000	0.000
306	  T	  3.5	  0.0	0.000	0.000	0.000
307	  I	  4.0	  0.0	0.000	0.000	0.000
308	  E	  4.1	  0.1	0.000	0.000	0.000
309	  S	  2.5	  0.3	0.000	0.000	0.000
310	  T	  3.2	  0.4	0.000	0.000	0.000
311	  S	  3.9	  1.2	0.000	0.000	0.000
312	  S	  2.9	  1.9	0.000	0.000	0.000
313	  S	  2.5	  2.4	0.000	0.000	0.000
314	  S	  2.4	  3.1	0.000	0.000	0.000
315	  S	  2.4	  3.1	0.000	0.000	0.000
316	  S	  2.4	  3.1	0.000	0.000	0.000
317	  S	  2.4	  3.1	0.000	0.000	0.000
318	  S	  2.5	  3.1	0.000	0.000	0.000
319	  S	  2.5	  3.1	0.000	0.000	0.000
320	  S	  3.1	  2.3	0.000	0.000	0.000
321	  S	  2.3	  1.6	0.000	0.000	0.000
322	  S	  1.5	  1.2	0.000	0.000	0.000
323	  P	  0.0	  0.5	0.000	0.000	0.000
324	  T	  6.5	  0.5	0.000	0.000	0.000
325	  Y	  7.9	  0.5	0.000	0.000	0.000
326	  F	  8.2	  0.2	0.000	0.000	0.000
327	  D	  1.9	  0.3	0.000	0.000	0.000
328	  N	  0.4	  1.9	0.143	0.000	0.000
329	  Q	  0.2	  1.9	0.143	0.000	0.000
330	  N	  0.2	  2.3	0.143	0.000	0.000
331	  H	  0.2	  2.4	0.143	0.000	0.000
332	  N	  0.1	  1.0	0.143	0.000	0.000
333	  N	  0.2	  1.2	0.143	0.000	0.000
334	  S	  0.6	  0.6	0.000	0.000	0.000
335	  T	  2.0	  0.5	0.000	0.000	0.000
336	  H	  2.6	  0.3	0.000	0.000	0.000
337	  H	  2.8	  0.1	0.000	0.000	0.000
338	  H	  1.8	  0.2	0.000	0.000	0.000
339	  H	  1.2	  0.2	0.000	0.000	0.000
340	  N	  0.6	  0.7	0.000	0.000	0.000
341	  H	  0.3	  0.8	0.000	0.000	0.000
342	  N	  0.2	  1.1	0.000	0.000	0.000
343	  H	  0.2	  1.1	0.000	0.000	0.000
344	  N	  0.1	  0.7	0.000	0.000	0.000
345	  E	  0.2	  0.7	0.000	0.000	0.000
346	  E	  0.3	  0.5	0.000	0.000	0.000
347	  K	  0.5	  0.5	0.000	0.000	0.000
348	  D	  1.5	  0.3	0.000	0.000	0.000
349	  C	  3.5	  0.3	0.000	0.905	0.905
350	  F	  5.4	  0.0	0.000	0.905	0.905
351	  V	  9.8	  0.0	0.000	0.905	0.905
352	  I	  7.8	  0.1	0.000	0.905	0.905
353	  N	  5.7	  1.8	0.000	0.905	0.905
354	  D	  0.1	  2.2	0.000	0.000	0.000
355	  N	  0.1	  2.1	0.000	0.000	0.000
356	  N	  1.4	  2.1	0.253	0.274	0.274
357	  Y	  2.3	  0.4	0.253	10.642	10.642
358	  F	  3.3	  0.0	0.253	10.782	10.782
359	  T	  4.4	  0.0	0.253	10.782	10.782
360	  T	 25.0	  0.0	0.253	10.782	10.782
361	  W	 25.3	  0.0	0.253	10.782	10.782
362	  S	 25.5	  0.6	0.253	1.895	1.895
363	  M	  4.7	  0.6	0.090	0.681	0.681
364	  N	  2.5	  2.2	0.000	0.000	0.000
365	  R	  0.2	  2.2	0.000	0.000	0.000
366	  N	  0.1	  1.8	0.000	0.000	0.000
367	  N	  0.2	  2.9	0.000	0.000	0.000
368	  S	  0.9	  2.2	0.000	0.000	0.000
369	  S	  1.7	  4.8	0.000	0.000	0.000
370	  S	  1.7	  4.8	0.000	0.000	0.000
371	  S	  0.9	  4.4	0.000	0.000	0.000
372	  G	  0.2	  3.6	0.000	0.000	0.000
373	  T	  2.8	  1.1	0.000	0.000	0.000
374	  T	  2.8	  1.0	0.000	0.000	0.000
375	  S	  2.8	  1.0	0.000	0.000	0.000
376	  G	  0.2	  1.0	0.000	0.000	0.000
377	  T	  1.8	  1.0	0.000	0.000	0.000
378	  T	  2.8	  0.8	0.000	0.000	0.000
379	  T	  3.4	  0.1	0.000	0.000	0.000
380	  R	  2.2	  0.2	0.000	0.000	0.000
381	  T	  1.9	  0.2	0.000	0.000	0.000
382	  N	  1.4	  0.3	0.000	0.000	0.000
383	  S	  2.9	  0.4	0.148	0.000	0.000
384	  T	  2.9	  0.4	0.148	0.000	0.000
385	  S	  3.4	  0.4	0.148	0.000	0.000
386	  T	  2.1	  0.3	0.148	0.000	0.000
387	  R	  2.4	  0.2	0.148	0.000	0.000
388	  H	  1.9	  0.2	0.148	0.000	0.000
389	  N	  1.4	  1.2	0.000	0.000	0.000
390	  S	  1.0	  3.8	0.000	0.000	0.000
391	  S	  0.9	  3.9	0.000	0.000	0.000
392	  S	  0.9	  6.5	0.000	0.000	0.000
393	  G	  0.1	  5.5	0.000	0.000	0.000
394	  N	  0.1	  6.4	0.000	0.000	0.000
395	  S	  0.1	  6.7	0.000	0.000	0.000
396	  S	  0.4	  5.2	0.000	0.000	0.000
397	  G	  0.3	  5.4	0.000	0.000	0.000
398	  S	  0.3	  3.9	0.000	0.000	0.000
399	  S	  0.1	  3.8	0.108	0.000	0.000
400	  N	  0.1	  2.6	0.108	0.000	0.000
401	  N	  0.3	  2.7	0.108	0.000	0.000
402	  T	  0.8	  0.9	0.108	0.000	0.000
403	  S	  0.8	  1.0	0.108	0.000	0.000
404	  R	  0.6	  1.1	0.108	0.000	0.000
405	  G	  0.1	  0.9	0.000	0.000	0.000
406	  S	  0.2	  0.7	0.000	0.000	0.000
407	  S	  0.3	  0.6	0.000	0.000	0.000
408	  I	  0.4	  0.7	0.000	1.162	1.162
409	  G	  0.3	  0.6	0.000	1.162	1.162
410	  S	  0.4	  0.6	0.000	1.162	1.162
411	  I	  1.8	  0.3	0.000	1.162	1.162
412	  F	  2.8	  0.2	0.000	1.162	1.162
413	  M	  2.6	  0.3	0.000	0.640	0.640
414	  D	  1.2	  0.5	0.000	0.000	0.000
415	  N	  0.4	  0.5	0.000	0.000	0.000
416	  S	  0.7	  0.3	0.225	0.000	0.000
417	  I	  2.0	  0.2	0.225	0.000	0.000
418	  Q	  4.7	  0.0	0.225	0.000	0.000
419	  Y	  6.1	  0.0	0.225	0.000	0.000
420	  F	  5.3	  0.1	0.225	0.000	0.000
421	  N	  2.4	  0.1	0.668	0.000	0.000
422	  N	  0.5	  0.1	1.235	0.000	0.000
423	  K	  1.1	  0.1	1.117	0.000	0.000
424	  M	  1.2	  0.1	1.010	0.000	0.000
425	  K	  1.3	  0.1	1.010	0.000	0.000
426	  K	  1.2	  0.1	1.010	0.000	0.000
427	  F	  2.4	  0.1	0.824	0.000	0.000
428	  K	  2.5	  0.2	0.118	0.000	0.000
429	  F	  1.7	  2.3	0.000	0.000	0.000
430	  G	  0.4	  2.3	0.000	0.000	0.000
431	  S	  0.2	  2.3	0.000	0.000	0.000
432	  N	  0.0	  2.2	0.000	0.000	0.000
