res	aa	Beta	Turn	Helix	Aggregation	Conc-Stab_Aggregation
01	  M	  0.6	  0.0	0.000	0.000	0.000
02	  L	  0.8	  0.0	0.000	0.000	0.000
03	  F	  1.7	  0.1	0.000	0.000	0.000
04	  K	  1.3	  0.1	0.000	0.000	0.000
05	  S	  1.8	  0.1	0.081	9.259	9.259
06	  F	  1.5	  0.1	0.081	82.447	82.447
07	  V	  8.0	  0.0	0.081	95.792	95.792
08	  T	 24.5	  0.0	0.081	96.814	96.814
09	  F	 31.8	  0.0	0.081	97.745	97.745
10	  T	 28.1	  0.0	0.156	97.673	97.673
11	  V	 12.6	  0.0	0.156	97.216	97.216
12	  L	  3.5	  0.2	0.156	90.313	90.313
13	  A	  0.8	  0.2	0.156	50.104	50.104
14	  N	  0.0	  0.3	0.156	15.371	15.371
15	  A	  0.1	  0.3	0.074	13.968	13.968
16	  L	  0.3	  0.1	0.074	12.776	12.776
17	  A	  0.3	  0.1	0.074	5.900	5.900
18	  A	  0.2	  0.2	0.074	0.071	0.071
19	  P	  0.0	  0.2	0.000	0.041	0.041
20	  L	  0.1	  0.2	0.000	0.000	0.000
21	  A	  0.3	  0.2	0.000	0.000	0.000
22	  H	  0.7	  0.1	0.000	0.000	0.000
23	  Q	  0.9	  0.1	0.000	0.000	0.000
24	  H	  1.3	  0.2	0.000	0.000	0.000
25	  H	  1.3	  0.3	0.000	0.000	0.000
26	  Q	  1.4	  0.2	0.000	0.000	0.000
27	  H	  1.2	  0.3	0.000	0.000	0.000
28	  K	  0.9	  0.3	0.000	0.000	0.000
29	  E	  0.6	  0.2	0.000	0.000	0.000
30	  E	  0.4	  0.2	0.000	0.000	0.000
31	  K	  0.4	  0.1	0.000	0.000	0.000
32	  R	  0.5	  0.1	0.000	0.000	0.000
33	  A	  1.2	  0.0	0.000	1.029	1.029
34	  V	  9.7	  0.0	0.000	3.912	3.912
35	  H	 11.4	  0.0	0.000	4.469	4.469
36	  V	 13.2	  0.0	0.000	53.307	53.307
37	  V	  6.3	  0.0	0.000	57.339	57.339
38	  T	  5.4	  0.0	0.000	57.697	57.697
39	  T	  3.2	  0.1	0.000	58.293	58.293
40	  T	  2.2	  0.1	0.000	59.284	59.284
41	  N	  2.3	  0.1	0.000	60.909	60.909
42	  V	 12.5	  0.0	0.000	96.889	96.889
43	  V	 21.7	  0.0	0.000	99.637	99.637
44	  V	 22.4	  0.0	0.000	99.613	99.613
45	  V	 20.0	  0.0	0.000	99.085	99.085
46	  T	  9.8	  0.0	0.000	92.510	92.510
47	  I	  7.6	  2.8	0.000	85.896	85.896
48	  G	  0.3	  3.0	0.000	7.306	7.306
49	  N	  0.0	  3.7	0.000	0.208	0.208
50	  G	  0.0	  3.7	0.000	0.016	0.016
51	  D	  0.0	  1.0	0.000	0.000	0.000
52	  Q	  0.2	  0.8	0.000	0.000	0.000
53	  T	  1.8	  0.2	0.000	0.000	0.000
54	  T	  5.2	  0.2	0.000	0.000	0.000
55	  T	  8.6	  0.0	0.000	0.000	0.000
56	  F	  8.5	  0.0	0.000	0.000	0.000
57	  A	  5.1	  0.0	0.000	0.000	0.000
58	  A	  1.7	  0.3	0.000	0.000	0.000
59	  P	  0.0	  0.3	0.000	0.000	0.000
60	  S	  0.6	  0.3	0.130	0.000	0.000
61	  V	  1.8	  0.3	0.130	0.000	0.000
62	  A	  1.8	  0.0	0.130	0.000	0.000
63	  A	  1.3	  0.1	0.130	0.000	0.000
64	  E	  0.1	  0.1	0.130	0.000	0.000
65	  S	  0.2	  0.1	0.130	0.000	0.000
66	  S	  8.7	  0.2	0.000	0.000	0.000
67	  V	 16.1	  0.1	0.000	1.744	1.744
68	  S	 24.4	  0.2	0.000	1.744	1.744
69	  V	 23.5	  0.2	0.000	1.744	1.744
70	  S	 20.1	  0.3	0.000	1.744	1.744
71	  V	 12.1	  0.3	0.000	1.744	1.744
72	  N	  5.5	  0.2	0.000	0.000	0.000
73	  T	  1.4	  0.2	0.000	0.000	0.000
74	  E	  0.4	  0.0	0.000	0.000	0.000
75	  P	  0.0	  0.3	0.000	0.000	0.000
76	  P	  0.0	  0.6	0.000	0.000	0.000
77	  Q	  0.2	  0.6	0.000	0.000	0.000
78	  N	  0.2	  0.6	0.000	0.000	0.000
79	  H	  0.2	  0.7	0.000	0.000	0.000
80	  P	  0.0	  0.5	0.000	0.000	0.000
81	  T	  1.7	  0.5	0.000	0.000	0.000
82	  T	  1.7	  0.5	0.000	0.000	0.000
83	  T	  1.7	  0.0	0.000	0.000	0.000
84	  Q	  0.0	  0.0	0.000	0.000	0.000
85	  D	  0.0	  0.0	0.000	0.000	0.000
86	  V	  0.0	  0.0	-1.#IO	0.000	0.000
87	  A	  0.0	  0.0	-1.#IO	0.000	0.000
88	  S	  0.0	  0.0	-1.#IO	0.000	0.000
89	  A	  0.0	  0.0	-1.#IO	0.000	0.000
90	  S	  0.0	  0.0	-1.#IO	0.000	0.000
91	  T	  0.0	  0.0	-1.#IO	0.000	0.000
92	  Y	  0.0	  0.0	-1.#IO	0.000	0.000
93	  P	  0.0	  0.0	-1.#IO	0.000	0.000
94	  S	  0.0	  0.0	-1.#IO	0.000	0.000
95	  S	  0.0	  0.0	-1.#IO	0.000	0.000
96	  T	  0.0	  0.0	-1.#IO	0.000	0.000
97	  D	  0.0	  0.0	-1.#IO	0.000	0.000
98	  G	  0.0	  0.0	-1.#IO	0.000	0.000
99	  S	  0.0	  0.0	0.000	0.000	0.000
100	  A	  0.0	  0.0	0.000	0.000	0.000
101	  A	  0.1	  0.1	0.000	0.000	0.000
102	  S	  1.0	  1.1	0.164	0.000	0.000
103	  S	  1.1	  1.1	0.656	0.000	0.000
104	  S	  1.0	  1.1	1.070	0.000	0.000
105	  A	  0.2	  1.0	1.070	0.000	0.000
106	  A	  0.2	  0.2	1.070	0.000	0.000
107	  A	  0.3	  0.3	1.070	0.000	0.000
108	  S	  1.1	  1.1	1.070	0.000	0.000
109	  S	  1.9	  1.9	0.537	0.000	0.000
110	  S	  1.9	  1.9	0.107	0.000	0.000
111	  S	  1.1	  1.8	0.000	0.000	0.000
112	  Q	  0.3	  1.4	0.000	0.000	0.000
113	  A	  0.1	  0.9	0.000	0.000	0.000
114	  G	  0.0	  0.8	0.000	0.000	0.000
115	  S	  0.0	  0.7	0.000	0.000	0.000
116	  E	  0.0	  1.1	0.000	0.000	0.000
117	  P	  0.0	  1.0	0.000	0.000	0.000
118	  S	  0.0	  1.7	0.000	0.000	0.000
119	  G	  0.0	  1.7	0.000	0.000	0.000
120	  G	  0.0	  1.2	0.000	0.000	0.000
121	  V	  0.1	  2.2	0.000	0.000	0.000
122	  G	  0.1	  1.7	0.000	0.000	0.000
123	  S	  0.2	  2.0	0.000	0.000	0.000
124	  G	  0.0	  1.8	0.000	0.000	0.000
125	  G	  0.0	  0.7	0.000	0.000	0.000
126	  A	  0.0	  0.6	0.000	0.000	0.000
127	  K	  0.0	  0.4	0.000	0.000	0.000
128	  G	  0.2	  0.3	0.000	0.000	0.000
129	  I	 12.9	  0.2	0.000	0.000	0.000
130	  T	 51.9	  0.0	0.000	0.000	0.000
131	  Y	 51.9	  0.0	0.000	0.000	0.000
132	  S	 42.7	  0.1	0.000	0.000	0.000
133	  P	  0.3	  0.1	0.000	0.000	0.000
134	  Y	  0.1	  0.3	0.000	0.000	0.000
135	  S	  0.1	  3.9	0.000	0.000	0.000
136	  D	  0.1	  4.7	0.000	0.000	0.000
137	  N	  0.0	  4.8	0.000	0.000	0.000
138	  G	  0.0	  4.8	0.000	0.000	0.000
139	  G	  0.0	  1.2	0.000	0.000	0.000
140	  C	  0.4	  0.5	0.000	0.000	0.000
141	  K	  0.6	  0.5	0.000	0.000	0.000
142	  S	  0.8	  1.1	0.000	0.000	0.000
143	  E	  0.5	  1.2	0.000	0.000	0.000
144	  S	  0.6	  1.0	0.299	0.000	0.000
145	  Q	  0.8	  0.9	0.299	0.000	0.000
146	  I	  1.7	  0.0	0.299	0.000	0.000
147	  A	  1.4	  0.0	0.299	0.000	0.000
148	  S	  1.1	  0.1	1.090	0.000	0.000
149	  E	  0.8	  0.1	1.090	0.000	0.000
150	  I	  1.6	  0.1	0.932	0.000	0.000
151	  A	  1.8	  0.0	0.932	0.000	0.000
152	  Q	  1.8	  0.1	0.932	0.000	0.000
153	  L	  1.1	  0.6	0.791	0.000	0.000
154	  S	  0.8	  0.6	0.824	0.000	0.000
155	  G	  0.2	  0.6	0.656	0.000	0.000
156	  F	  3.4	  0.5	0.557	1.253	1.253
157	  D	  5.0	  0.0	2.498	1.253	1.253
158	  V	  8.1	  0.0	2.498	1.253	1.253
159	  I	  8.8	  0.0	2.498	1.253	1.253
160	  R	  7.5	  0.0	2.498	1.253	1.253
161	  L	  4.6	  0.0	2.498	1.253	1.253
162	  Y	  0.9	  0.1	2.498	1.046	1.046
163	  G	  0.3	  0.1	0.494	0.307	0.307
164	  V	  2.4	  0.1	0.000	0.307	0.307
165	  D	  2.6	  0.5	0.915	0.000	0.000
166	  C	  4.1	  0.6	1.773	0.000	0.000
167	  S	  2.0	  0.5	6.686	0.000	0.000
168	  Q	  3.2	  0.5	7.383	0.000	0.000
169	  V	  3.0	  0.1	7.726	0.000	0.000
170	  E	  2.9	  0.0	8.283	0.000	0.000
171	  A	  2.2	  0.0	8.394	0.000	0.000
172	  V	  1.8	  0.0	8.394	0.000	0.000
173	  L	  2.0	  0.0	8.394	0.000	0.000
174	  K	  1.5	  0.0	8.169	0.000	0.000
175	  A	  0.6	  0.1	6.931	0.000	0.000
176	  K	  0.5	  0.1	4.237	0.000	0.000
177	  T	  1.4	  0.2	0.267	0.000	0.000
178	  S	  1.5	  0.3	0.267	0.000	0.000
179	  S	  1.6	  0.3	0.119	0.000	0.000
180	  Q	  0.6	  0.3	0.000	0.000	0.000
181	  K	  0.8	  0.2	0.000	0.478	0.478
182	  I	  1.3	  0.1	0.000	69.275	69.275
183	  F	  1.5	  0.6	0.000	74.829	74.829
184	  A	  1.2	  0.6	0.000	74.829	74.829
185	  G	  0.5	  0.6	0.000	74.829	74.829
186	  I	  0.4	  0.6	0.000	74.829	74.829
187	  F	  3.8	  0.1	0.000	69.895	69.895
188	  D	  4.5	  0.3	0.000	0.478	0.478
189	  V	  5.4	  0.3	0.000	0.478	0.478
190	  S	  2.1	  0.3	0.136	0.140	0.140
191	  S	  4.2	  0.3	0.136	0.098	0.098
192	  I	  5.3	  0.1	0.136	0.098	0.098
193	  T	  5.2	  0.2	0.136	0.037	0.037
194	  S	  2.5	  0.3	0.136	0.000	0.000
195	  G	  0.2	  0.3	0.407	0.000	0.000
196	  I	  0.6	  0.3	0.271	0.000	0.000
197	  E	  0.6	  0.2	0.401	0.000	0.000
198	  S	  0.6	  0.1	2.780	0.000	0.000
199	  L	  0.1	  0.1	2.780	0.000	0.000
200	  A	  0.1	  0.0	2.780	0.000	0.000
201	  E	  0.1	  0.0	2.780	0.000	0.000
202	  A	  0.7	  0.0	2.780	0.000	0.000
203	  V	  3.6	  0.1	2.780	0.000	0.000
204	  K	  4.6	  0.2	2.780	0.000	0.000
205	  S	  4.9	  0.2	1.068	0.000	0.000
206	  C	  2.2	  0.2	0.485	0.000	0.000
207	  G	  1.2	  0.1	0.000	0.000	0.000
208	  S	  5.2	  0.6	0.000	0.000	0.000
209	  W	  5.2	  0.9	0.000	0.000	0.000
210	  D	  5.2	  0.8	0.000	0.000	0.000
211	  D	  1.0	  0.8	0.189	0.000	0.000
212	  I	  1.9	  0.2	0.189	5.010	5.010
213	  Y	 11.2	  0.0	0.189	5.927	5.927
214	  T	 26.3	  0.0	0.189	5.927	5.927
215	  V	 27.8	  0.0	0.189	5.927	5.927
216	  S	 19.6	  0.0	0.189	5.927	5.927
217	  I	  3.4	  0.9	0.000	5.540	5.540
218	  G	  0.1	  0.9	0.000	0.169	0.169
219	  N	  0.0	  1.0	0.000	0.000	0.000
220	  E	  0.1	  1.0	0.000	0.000	0.000
221	  L	  0.7	  0.1	0.000	0.000	0.000
222	  V	  1.5	  0.0	0.000	0.000	0.000
223	  N	  1.5	  1.2	0.000	0.000	0.000
224	  A	  0.8	  1.5	0.000	0.000	0.000
225	  G	  0.1	  1.5	0.000	0.000	0.000
226	  S	  1.4	  1.5	0.000	0.000	0.000
227	  A	  1.4	  0.3	0.000	0.000	0.000
228	  T	  1.3	  0.4	0.000	0.000	0.000
229	  P	  0.1	  0.5	0.000	0.000	0.000
230	  S	  0.3	  0.5	0.357	0.000	0.000
231	  Q	  2.0	  0.5	0.357	0.000	0.000
232	  I	  3.4	  0.1	0.357	0.000	0.000
233	  K	  3.2	  0.0	0.357	0.000	0.000
234	  A	  1.8	  0.0	0.357	0.000	0.000
235	  Y	  2.3	  0.0	0.357	0.000	0.000
236	  V	  2.7	  0.1	1.310	0.000	0.000
237	  E	  2.4	  0.4	3.460	0.000	0.000
238	  E	  0.5	  0.6	3.460	0.000	0.000
239	  G	  0.0	  0.7	4.653	0.000	0.000
240	  R	  0.1	  0.6	4.653	0.000	0.000
241	  K	  0.2	  0.3	4.653	0.000	0.000
242	  A	  0.4	  0.1	4.546	0.000	0.000
243	  L	  0.6	  0.0	4.546	0.000	0.000
244	  K	  0.6	  0.0	3.762	0.000	0.000
245	  A	  0.5	  0.3	2.575	0.000	0.000
246	  A	  0.2	  0.3	2.100	0.000	0.000
247	  G	  0.2	  0.3	1.646	0.000	0.000
248	  Y	  1.5	  0.3	0.604	0.000	0.000
249	  T	  1.5	  0.0	0.000	0.000	0.000
250	  G	  1.4	  0.0	0.000	0.000	0.000
251	  P	  0.0	  0.0	0.000	0.000	0.000
252	  V	  4.1	  0.0	0.000	0.000	0.000
253	  V	 12.4	  0.0	0.000	0.000	0.000
254	  S	 15.9	  0.2	0.591	0.000	0.000
255	  V	 12.8	  0.3	0.591	0.000	0.000
256	  D	  6.1	  0.3	0.842	0.000	0.000
257	  T	  3.9	  0.3	1.056	34.831	34.831
258	  F	  4.6	  0.1	1.056	88.178	88.178
259	  I	  6.4	  0.0	1.056	88.557	88.557
260	  A	  5.5	  0.0	1.056	88.557	88.557
261	  V	  9.4	  0.0	1.056	88.557	88.557
262	  I	  6.5	  0.0	1.056	85.858	85.858
263	  N	  5.5	  0.0	1.056	3.698	3.698
264	  N	  0.2	  4.0	0.921	0.000	0.000
265	  P	  0.0	  4.0	0.000	0.000	0.000
266	  D	  0.1	  4.0	0.000	0.000	0.000
267	  L	  0.3	  4.2	0.000	0.000	0.000
268	  C	  0.7	  0.2	0.000	0.000	0.000
269	  D	  1.2	  0.7	0.592	0.000	0.000
270	  Y	  1.2	  1.0	0.592	0.000	0.000
271	  S	  0.8	  0.8	1.494	0.000	0.000
272	  D	  0.3	  0.8	2.550	0.000	0.000
273	  Y	  0.7	  0.3	2.550	0.000	0.000
274	  M	  1.1	  0.0	2.550	0.000	0.000
275	  A	  1.4	  0.0	2.550	0.000	0.000
276	  V	  1.6	  0.0	2.550	0.000	0.000
277	  N	  1.2	  0.2	2.666	0.000	0.000
278	  A	  0.9	  0.2	0.973	0.000	0.000
279	  H	  0.5	  0.2	0.863	0.000	0.000
280	  A	  0.7	  0.2	0.117	0.000	0.000
281	  F	  2.2	  0.2	0.117	0.000	0.000
282	  F	  2.1	  0.9	0.117	0.000	0.000
283	  D	  1.9	  0.9	0.000	0.000	0.000
284	  G	  0.3	  0.9	0.000	0.000	0.000
285	  H	  2.2	  0.7	0.000	0.000	0.000
286	  V	  6.4	  0.0	0.000	0.000	0.000
287	  V	  7.1	  0.0	0.000	0.000	0.000
288	  A	  5.0	  0.3	0.000	0.000	0.000
289	  E	  0.7	  0.3	0.000	0.000	0.000
290	  N	  0.1	  0.8	0.000	0.000	0.000
291	  S	  0.1	  0.8	0.000	0.000	0.000
292	  G	  0.0	  0.6	0.452	1.415	1.415
293	  A	  0.2	  0.5	0.452	2.199	2.199
294	  W	  1.1	  0.0	0.452	2.354	2.354
295	  V	  3.5	  0.0	0.716	2.354	2.354
296	  L	  3.4	  0.0	0.716	2.354	2.354
297	  Q	  2.6	  0.0	0.716	0.939	0.939
298	  Q	  1.0	  0.0	0.716	0.286	0.286
299	  I	  1.3	  0.0	0.588	0.286	0.286
300	  Q	  1.6	  0.0	0.588	0.000	0.000
301	  R	  3.1	  0.0	0.235	0.000	0.000
302	  V	  4.5	  0.0	0.000	0.616	0.616
303	  W	  6.9	  0.0	0.000	0.616	0.616
304	  T	  5.3	  0.2	0.000	0.616	0.616
305	  A	  3.5	  0.2	0.000	0.616	0.616
306	  C	  0.6	  3.4	0.000	0.616	0.616
307	  G	  0.1	  3.5	0.000	0.000	0.000
308	  G	  0.1	  3.4	0.000	0.000	0.000
309	  K	  0.1	  3.6	0.000	0.000	0.000
310	  K	  0.3	  0.3	0.000	0.000	0.000
311	  N	  0.5	  0.2	0.000	1.184	1.184
312	  V	  3.4	  0.2	0.000	1.184	1.184
313	  L	  3.5	  0.0	0.000	1.184	1.184
314	  I	  4.0	  0.0	0.000	1.184	1.184
315	  T	  1.2	  0.3	0.000	1.184	1.184
316	  E	  0.8	  0.3	0.000	0.000	0.000
317	  T	  0.2	  0.3	0.000	0.000	0.000
318	  G	  0.1	  0.3	0.000	0.000	0.000
319	  W	  0.1	  0.4	0.000	0.000	0.000
320	  P	  0.0	  0.6	0.000	0.000	0.000
321	  S	  0.1	  0.9	0.000	0.000	0.000
322	  R	  0.1	  1.6	0.000	0.000	0.000
323	  G	  0.1	  1.3	0.000	0.000	0.000
324	  D	  0.1	  9.7	0.000	0.000	0.000
325	  S	  0.0	 11.1	0.000	0.000	0.000
326	  N	  0.0	 10.3	0.000	0.000	0.000
327	  G	  0.2	 10.2	0.000	0.000	0.000
328	  V	  9.6	  1.7	0.000	0.000	0.000
329	  A	  9.7	  0.0	0.000	0.000	0.000
330	  V	  9.5	  0.2	0.000	0.000	0.000
331	  P	  0.1	  0.3	0.000	0.000	0.000
332	  S	  2.1	  1.2	0.000	0.000	0.000
333	  K	  2.1	  1.4	0.000	0.000	0.000
334	  S	  2.1	  1.2	0.000	0.000	0.000
335	  N	  0.2	  1.3	0.278	0.000	0.000
336	  Q	  0.2	  0.3	0.278	0.000	0.000
337	  Q	  0.2	  0.2	0.278	0.000	0.000
338	  A	  0.3	  0.1	0.278	0.000	0.000
339	  A	  0.6	  0.0	0.278	0.000	0.000
340	  I	  1.1	  0.0	0.278	0.000	0.000
341	  S	  1.1	  0.1	0.278	0.000	0.000
342	  S	  1.6	  0.1	0.112	0.000	0.000
343	  I	  2.2	  0.1	0.000	0.000	0.000
344	  K	  2.2	  0.2	0.000	0.000	0.000
345	  S	  2.1	  0.4	0.000	0.000	0.000
346	  S	  2.0	  0.4	0.000	0.031	0.031
347	  C	  2.2	  0.5	0.000	0.076	0.076
348	  G	  1.5	  0.6	0.131	0.446	0.446
349	  A	  0.5	  0.4	0.131	4.718	4.718
350	  S	  0.4	  0.4	0.131	10.088	10.088
351	  A	  0.9	  0.3	0.131	44.431	44.431
352	  I	  2.2	  0.0	0.131	78.890	78.890
353	  L	  2.3	  0.0	0.131	81.434	81.434
354	  F	  7.1	  0.0	0.131	81.369	81.369
355	  T	  6.4	  0.0	0.113	79.382	79.382
356	  A	  6.3	  0.1	0.113	73.032	73.032
357	  F	  1.5	  0.2	0.113	62.502	62.502
358	  N	  0.6	  0.2	0.443	2.491	2.491
359	  D	  0.6	  0.2	0.609	0.078	0.078
360	  L	  0.4	  0.2	0.609	0.078	0.078
361	  W	  1.0	  0.0	0.609	0.078	0.078
362	  K	  0.8	  1.9	0.609	0.078	0.078
363	  A	  0.7	  1.9	0.496	0.025	0.025
364	  D	  0.1	  2.0	0.305	0.000	0.000
365	  G	  0.0	  2.2	0.000	0.000	0.000
366	  P	  0.0	  0.3	0.000	0.000	0.000
367	  Y	  1.2	  0.3	0.000	0.000	0.000
368	  N	  1.3	  0.5	0.454	0.000	0.000
369	  A	  1.3	  0.3	0.454	0.000	0.000
370	  E	  0.3	  0.3	0.454	0.000	0.000
371	  K	  0.5	  0.3	0.454	0.000	0.000
372	  Y	  1.1	  0.3	0.454	17.189	17.189
373	  W	  1.1	  0.3	0.454	18.474	18.474
374	  G	  0.9	  0.3	0.291	18.474	18.474
375	  I	  1.3	  0.3	0.000	18.474	18.474
376	  Y	  3.0	  0.1	0.000	18.474	18.474
377	  S	  3.0	  0.0	0.000	5.376	5.376
378	  N	  1.9	  0.0	0.000	0.000	0.000
