res	aa	Beta	Turn	Helix	Aggregation	Conc-Stab_Aggregation
01	  M	  3.6	  0.0	0.000	0.000	0.000
02	  S	  3.8	  0.0	0.000	0.000	0.000
03	  V	  3.8	  0.0	0.000	0.000	0.000
04	  P	  0.2	  0.0	0.000	0.000	0.000
05	  T	  2.3	  0.0	0.000	0.000	0.000
06	  T	  4.1	  0.1	0.000	0.000	0.000
07	  Q	  4.1	  0.1	0.000	0.000	0.000
08	  K	  2.1	  0.1	0.000	0.163	0.163
09	  A	  1.3	  0.1	0.000	0.163	0.163
10	  V	  3.3	  0.0	0.000	0.163	0.163
11	  I	  3.9	  0.0	0.000	0.163	0.163
12	  F	  3.3	  0.1	0.000	0.163	0.163
13	  E	  1.3	  0.2	0.000	0.163	0.163
14	  T	  0.5	  0.5	0.000	0.000	0.000
15	  N	  0.1	  1.5	0.000	0.000	0.000
16	  G	  0.0	  1.5	0.000	0.000	0.000
17	  G	  0.0	  1.5	0.000	0.000	0.000
18	  K	  1.5	  1.2	0.000	0.000	0.000
19	  L	  2.2	  0.1	0.000	0.000	0.000
20	  E	  5.2	  0.0	0.000	0.000	0.000
21	  Y	  4.2	  0.5	0.000	0.000	0.000
22	  K	  3.8	  0.5	0.000	0.000	0.000
23	  D	  0.9	  0.5	0.000	0.000	0.000
24	  I	  0.5	  0.5	0.000	0.000	0.000
25	  P	  0.2	  0.0	0.000	0.000	0.000
26	  V	  0.1	  0.0	0.000	0.000	0.000
27	  P	  0.0	  0.0	0.000	0.000	0.000
28	  K	  0.0	  0.2	0.000	0.000	0.000
29	  P	  0.0	  0.2	0.000	0.000	0.000
30	  K	  0.1	  0.4	0.134	0.000	0.000
31	  A	  0.1	  0.4	0.253	0.000	0.000
32	  N	  0.1	  0.3	2.769	0.000	0.000
33	  E	  0.0	  0.3	2.871	0.000	0.000
34	  L	  0.7	  0.1	2.871	21.834	21.834
35	  L	  1.2	  0.0	2.871	21.834	21.834
36	  I	 10.4	  0.0	2.871	21.834	21.834
37	  N	 11.8	  0.0	2.871	21.834	21.834
38	  V	 14.0	  0.0	1.857	21.834	21.834
39	  K	  5.7	  0.0	1.857	0.000	0.000
40	  Y	  4.4	  0.4	0.402	0.000	0.000
41	  S	  1.8	  0.4	0.000	0.000	0.000
42	  G	  1.2	  0.4	0.000	0.000	0.000
43	  V	  1.1	  0.4	0.000	0.000	0.000
44	  C	  1.5	  0.1	0.000	0.000	0.000
45	  H	  1.8	  0.2	0.000	0.000	0.000
46	  T	  0.9	  0.2	0.000	0.000	0.000
47	  D	  0.5	  0.2	0.260	0.000	0.000
48	  L	  0.5	  0.2	0.260	0.000	0.000
49	  H	  0.7	  0.2	0.260	0.000	0.000
50	  A	  0.9	  0.1	0.260	0.000	0.000
51	  W	  0.6	  0.6	0.260	0.000	0.000
52	  K	  0.2	  0.6	0.260	0.000	0.000
53	  G	  0.1	  0.5	0.000	0.000	0.000
54	  D	  0.0	  0.5	0.000	0.000	0.000
55	  W	  0.1	  0.2	0.000	0.000	0.000
56	  P	  0.0	  0.1	0.247	0.000	0.000
57	  L	  0.1	  0.1	0.247	0.000	0.000
58	  A	  0.3	  0.2	0.247	0.000	0.000
59	  T	  2.1	  0.0	0.247	0.000	0.000
60	  K	  2.1	  0.0	0.247	0.000	0.000
61	  L	  1.9	  0.0	0.247	0.000	0.000
62	  P	  0.1	  0.0	0.000	0.000	0.000
63	  L	  0.2	  0.0	0.000	0.000	0.000
64	  V	  0.2	  1.6	0.000	0.000	0.000
65	  G	  0.2	  1.7	0.000	0.000	0.000
66	  G	  0.1	  1.7	0.000	0.000	0.000
67	  H	  0.0	  2.6	0.000	0.000	0.000
68	  E	  0.0	  1.4	0.000	0.000	0.000
69	  G	  0.0	  1.7	0.000	0.372	0.372
70	  A	  0.0	  1.6	0.000	4.088	4.088
71	  G	  0.0	  0.8	0.000	11.935	11.935
72	  V	 11.9	  0.3	0.000	75.177	75.177
73	  V	 15.7	  0.0	0.000	75.610	75.610
74	  V	 18.6	  0.0	0.000	75.610	75.610
75	  A	  7.1	  0.0	0.000	74.606	74.606
76	  L	  3.0	  0.2	0.000	71.605	71.605
77	  G	  0.1	  0.5	0.272	6.298	6.298
78	  E	  0.0	  0.5	0.272	0.000	0.000
79	  N	  2.4	  0.5	0.272	0.000	0.000
80	  V	  2.9	  0.9	0.272	0.000	0.000
81	  K	  2.9	  0.6	0.272	0.000	0.000
82	  G	  0.6	  0.6	0.272	0.000	0.000
83	  W	  1.4	  0.6	0.147	0.000	0.000
84	  K	  1.8	  0.0	0.000	0.000	0.000
85	  V	  1.8	  5.3	0.000	0.000	0.000
86	  G	  0.4	  5.3	0.000	0.000	0.000
87	  D	  0.1	  5.3	0.000	0.000	0.000
88	  Y	  0.4	  5.9	0.000	0.000	0.000
89	  A	  0.5	  0.6	0.000	0.000	0.000
90	  G	  0.4	  0.6	0.000	0.000	0.000
91	  V	  2.7	  0.6	0.000	0.000	0.000
92	  K	  2.8	  0.0	0.000	0.000	0.000
93	  W	  3.4	  0.3	0.000	0.000	0.000
94	  L	  0.9	  1.3	0.000	0.000	0.000
95	  N	  0.7	  1.5	0.000	0.000	0.000
96	  G	  0.1	  1.6	0.000	0.000	0.000
97	  S	  1.1	  1.3	0.000	0.000	0.000
98	  C	  2.8	  0.6	0.000	0.000	0.000
99	  L	  6.0	  0.4	0.000	0.000	0.000
100	  N	  6.8	  0.3	0.000	0.000	0.000
101	  C	  6.4	  0.5	0.000	0.000	0.000
102	  E	  3.9	  0.2	0.000	0.000	0.000
103	  Y	  3.8	  0.2	0.000	0.000	0.000
104	  C	  3.1	  0.7	0.000	0.000	0.000
105	  Q	  2.5	  0.8	0.000	0.000	0.000
106	  S	  0.6	  1.0	0.000	0.000	0.000
107	  G	  0.0	  1.0	0.000	0.000	0.000
108	  A	  0.0	  0.4	0.000	0.000	0.000
109	  E	  0.0	  1.1	0.000	0.000	0.000
110	  P	  0.0	  0.8	0.000	0.000	0.000
111	  N	  0.1	  0.8	0.133	0.000	0.000
112	  C	  0.4	  1.0	0.260	0.000	0.000
113	  A	  0.5	  0.2	0.260	0.000	0.000
114	  E	  0.4	  0.4	0.260	0.000	0.000
115	  A	  0.1	  0.5	0.260	0.000	0.000
116	  D	  0.3	  2.4	0.260	0.000	0.000
117	  L	  0.3	  2.7	0.127	0.000	0.000
118	  S	  0.3	  2.5	0.127	0.000	0.000
119	  G	  0.3	  2.5	0.127	0.000	0.000
120	  Y	  4.0	  0.4	0.000	0.000	0.000
121	  T	  4.6	  0.2	0.000	0.000	0.000
122	  H	  4.5	  0.9	0.000	0.000	0.000
123	  D	  0.7	  1.2	0.000	0.000	0.000
124	  G	  0.1	  1.2	0.000	0.000	0.000
125	  S	  3.1	  1.0	0.000	0.000	0.000
126	  F	  4.9	  0.3	0.000	0.000	0.000
127	  Q	  6.0	  0.1	0.000	0.000	0.000
128	  Q	  3.4	  0.1	0.000	0.000	0.000
129	  Y	  1.9	  0.1	0.000	0.000	0.000
130	  A	  0.8	  0.0	0.000	0.000	0.000
131	  T	  0.6	  0.5	0.720	0.000	0.000
132	  A	  0.3	  0.5	0.720	0.000	0.000
133	  D	  0.3	  0.5	1.125	0.000	0.000
134	  A	  0.5	  0.5	1.125	0.000	0.000
135	  V	  1.6	  0.0	1.125	0.000	0.000
136	  Q	  1.6	  0.0	1.125	0.000	0.000
137	  A	  1.2	  0.0	0.935	0.000	0.000
138	  A	  1.2	  0.0	0.935	0.000	0.000
139	  R	  1.6	  0.0	0.615	0.000	0.000
140	  I	  1.6	  0.1	0.000	0.000	0.000
141	  P	  0.4	  0.4	0.000	0.000	0.000
142	  A	  0.0	  0.6	0.000	0.000	0.000
143	  G	  0.0	  0.7	0.000	0.000	0.000
144	  T	  0.2	  0.6	0.000	0.000	0.000
145	  D	  0.2	  0.3	0.206	0.000	0.000
146	  L	  0.2	  0.4	0.206	0.000	0.000
147	  A	  0.2	  0.3	0.206	0.000	0.000
148	  N	  1.1	  0.2	0.206	0.000	0.000
149	  V	  1.5	  0.2	0.206	0.000	0.000
150	  A	  1.4	  0.0	0.206	0.000	0.000
151	  P	  0.5	  0.0	0.000	0.000	0.000
152	  I	  1.8	  0.0	0.000	10.667	10.667
153	  L	  2.1	  0.0	0.000	11.501	11.501
154	  C	  2.2	  0.5	0.000	11.613	11.613
155	  A	  0.5	  0.5	0.000	12.475	12.475
156	  G	  0.2	  0.5	0.000	13.264	13.264
157	  V	 18.2	  0.5	0.000	13.264	13.264
158	  T	 22.9	  0.0	0.518	12.578	12.578
159	  V	 23.8	  0.0	0.518	12.169	12.169
160	  Y	  7.2	  0.0	0.518	9.633	9.633
161	  K	  1.9	  0.0	0.518	0.000	0.000
162	  A	  1.1	  0.0	0.518	0.000	0.000
163	  L	  0.4	  0.1	0.518	0.000	0.000
164	  K	  0.7	  0.1	0.710	0.000	0.000
165	  T	  0.8	  0.1	1.394	0.000	0.000
166	  A	  0.8	  0.1	1.394	0.000	0.000
167	  E	  0.5	  0.0	1.394	0.000	0.000
168	  L	  0.4	  0.1	1.394	0.000	0.000
169	  E	  0.3	  0.4	1.394	0.000	0.000
170	  A	  0.2	  0.4	1.394	0.000	0.000
171	  G	  0.0	  0.4	1.161	0.000	0.000
172	  Q	  1.0	  0.3	0.586	1.454	1.454
173	  W	  2.4	  0.0	0.000	6.246	6.246
174	  V	  5.6	  0.0	0.000	6.246	6.246
175	  A	  5.0	  0.0	0.000	6.246	6.246
176	  I	  4.7	  0.1	0.000	6.246	6.246
177	  S	  1.6	  0.3	0.000	4.954	4.954
178	  G	  1.2	  0.5	0.000	0.897	0.897
179	  A	  0.1	  0.8	0.000	0.547	0.547
180	  A	  0.1	  1.0	0.000	0.251	0.251
181	  G	  0.0	  0.8	0.000	0.000	0.000
182	  G	  0.0	  0.9	0.000	0.000	0.000
183	  L	  0.0	  1.0	0.000	0.241	0.241
184	  G	  0.0	  0.7	0.602	0.241	0.241
185	  S	  0.1	  0.6	2.269	0.241	0.241
186	  L	  0.4	  0.4	2.269	0.670	0.670
187	  A	  0.9	  0.1	2.383	0.670	0.670
188	  V	  4.0	  0.0	2.514	0.670	0.670
189	  Q	  4.1	  0.0	2.768	0.429	0.429
190	  Y	  4.2	  0.0	2.559	0.429	0.429
191	  A	  1.0	  0.0	2.389	0.197	0.197
192	  K	  0.6	  0.0	2.253	0.000	0.000
193	  A	  0.2	  0.1	1.818	0.000	0.000
194	  M	  0.3	  0.1	1.818	0.000	0.000
195	  G	  0.3	  0.1	1.592	0.000	0.000
196	  Y	  4.2	  0.1	0.610	0.000	0.000
197	  R	  5.5	  0.0	0.115	0.000	0.000
198	  V	  6.5	  0.0	0.000	0.000	0.000
199	  L	  3.0	  0.0	0.000	0.000	0.000
200	  A	  1.6	  0.2	0.000	0.000	0.000
201	  I	  1.2	  0.3	0.000	0.000	0.000
202	  D	  0.9	  1.5	0.000	0.000	0.000
203	  G	  0.6	  1.6	0.000	0.000	0.000
204	  G	  0.0	  1.9	0.000	0.000	0.000
205	  E	  0.1	  1.8	0.000	0.000	0.000
206	  D	  0.1	  2.0	0.000	0.000	0.000
207	  K	  0.1	  2.0	0.000	0.000	0.000
208	  G	  0.0	  1.5	0.000	0.000	0.000
209	  E	  0.2	  1.4	0.000	0.000	0.000
210	  F	  2.2	  0.1	0.000	0.000	0.000
211	  V	  5.1	  0.1	0.000	0.000	0.000
212	  K	  5.1	  0.2	0.000	0.000	0.000
213	  S	  3.3	  0.3	0.000	0.000	0.000
214	  L	  0.4	  0.4	0.000	0.000	0.000
215	  G	  0.2	  0.4	0.000	0.000	0.000
216	  A	  0.0	  0.4	0.000	0.000	0.000
217	  E	  0.2	  0.2	0.000	0.000	0.000
218	  T	  2.4	  0.1	0.000	0.000	0.000
219	  F	  3.4	  0.2	0.000	0.000	0.000
220	  I	  6.2	  0.1	0.000	0.000	0.000
221	  D	  4.7	  0.1	0.000	0.000	0.000
222	  F	  7.6	  0.1	0.000	0.000	0.000
223	  T	  5.4	  0.1	0.000	0.000	0.000
224	  K	  4.8	  0.1	0.000	0.000	0.000
225	  E	  1.1	  0.3	0.000	0.000	0.000
226	  K	  0.6	  0.2	0.000	0.000	0.000
227	  D	  1.4	  0.2	2.027	0.000	0.000
228	  V	  5.1	  0.1	2.027	0.157	0.157
229	  V	  6.4	  0.0	2.497	0.157	0.157
230	  E	  5.4	  0.0	2.656	0.157	0.157
231	  A	  2.2	  0.0	2.656	0.157	0.157
232	  V	  1.3	  0.0	2.656	0.157	0.157
233	  K	  1.3	  0.0	2.656	0.157	0.157
234	  K	  1.1	  0.0	1.863	0.000	0.000
235	  A	  0.6	  0.2	1.013	0.000	0.000
236	  T	  0.6	  0.4	0.112	0.000	0.000
237	  N	  0.1	  0.4	0.112	0.000	0.000
238	  G	  0.0	  0.5	0.000	0.000	0.000
239	  G	  0.0	  1.2	0.000	0.000	0.000
240	  P	  0.0	  1.2	0.000	0.000	0.000
241	  H	  0.1	  1.2	0.000	0.000	0.000
242	  G	  0.1	  1.1	0.000	0.774	0.774
243	  V	  4.8	  0.2	0.000	6.008	6.008
244	  I	 12.5	  0.0	0.000	6.376	6.376
245	  N	 13.5	  0.0	0.000	6.376	6.376
246	  V	 17.1	  0.0	0.000	6.376	6.376
247	  S	 17.4	  0.1	0.798	6.031	6.031
248	  V	 16.5	  0.1	0.798	5.558	5.558
249	  S	  9.8	  0.2	1.851	2.002	2.002
250	  E	  0.5	  0.2	1.851	0.000	0.000
251	  R	  0.4	  0.1	1.851	0.000	0.000
252	  A	  0.4	  0.3	1.851	0.000	0.000
253	  I	  0.4	  0.3	1.613	0.000	0.000
254	  G	  0.2	  0.4	1.765	0.000	0.000
255	  Q	  0.2	  0.4	1.198	0.000	0.000
256	  S	  0.3	  0.3	0.576	0.000	0.000
257	  T	  0.5	  0.2	1.638	0.000	0.000
258	  E	  0.5	  0.1	1.738	0.000	0.000
259	  Y	  1.9	  0.0	1.738	0.000	0.000
260	  V	  2.4	  0.0	1.586	0.000	0.000
261	  R	  2.5	  0.1	1.586	0.000	0.000
262	  T	  1.1	  0.2	1.737	0.000	0.000
263	  L	  0.4	  0.2	1.737	0.000	0.000
264	  G	  0.1	  0.2	1.875	0.000	0.000
265	  K	  1.7	  0.2	0.944	0.000	0.000
266	  V	  9.2	  0.0	0.424	21.278	21.278
267	  V	 15.0	  0.0	0.424	21.278	21.278
268	  L	 13.5	  0.0	0.424	21.278	21.278
269	  V	  6.9	  0.0	0.424	21.278	21.278
270	  G	  0.7	  0.0	0.424	21.278	21.278
271	  L	  0.5	  0.2	0.000	1.536	1.536
272	  P	  0.0	  0.7	0.118	0.817	0.817
273	  A	  0.0	  0.8	0.118	0.000	0.000
274	  G	  0.0	  0.8	0.118	0.000	0.000
275	  A	  0.4	  0.6	0.118	0.000	0.000
276	  K	  1.1	  0.1	0.118	0.000	0.000
277	  I	  2.6	  0.0	0.118	0.000	0.000
278	  S	  2.3	  0.0	0.118	0.000	0.000
279	  T	  1.6	  0.0	0.000	0.000	0.000
280	  P	  0.1	  0.0	0.000	0.000	0.000
281	  V	  3.0	  0.0	0.000	11.164	11.164
282	  F	  3.8	  0.0	0.000	11.927	11.927
283	  D	  3.8	  0.0	0.788	11.927	11.927
284	  A	  1.8	  0.0	0.788	11.927	11.927
285	  V	  3.3	  0.0	0.788	11.927	11.927
286	  I	  4.7	  0.0	0.788	11.927	11.927
287	  K	  4.5	  0.0	0.788	11.927	11.927
288	  T	  6.0	  0.0	0.788	10.812	10.812
289	  I	  5.7	  0.0	0.788	10.141	10.141
290	  Q	  6.6	  0.0	0.788	1.804	1.804
291	  I	  3.7	  0.3	0.335	1.670	1.670
292	  K	  2.6	  0.7	0.335	0.000	0.000
293	  G	  1.0	  0.7	0.000	0.000	0.000
294	  S	  0.9	  0.7	0.000	0.000	0.000
295	  Y	  1.6	  0.4	0.000	0.000	0.000
296	  V	  1.6	  1.3	0.000	0.000	0.000
297	  G	  0.7	  1.3	0.000	0.000	0.000
298	  N	  0.1	  1.4	0.000	0.000	0.000
299	  R	  0.5	  1.8	0.000	0.000	0.000
300	  K	  0.7	  0.6	0.000	0.000	0.000
301	  D	  0.7	  0.6	0.000	0.000	0.000
302	  T	  0.6	  0.5	0.108	0.000	0.000
303	  A	  0.4	  0.1	0.108	0.000	0.000
304	  E	  0.4	  0.0	0.108	0.000	0.000
305	  A	  0.3	  0.1	0.108	0.294	0.294
306	  V	  2.2	  0.1	0.108	0.640	0.640
307	  D	  3.1	  0.1	0.489	0.640	0.640
308	  F	  4.0	  0.1	0.380	0.640	0.640
309	  F	  5.1	  0.0	0.380	0.640	0.640
310	  T	  4.2	  0.1	0.772	0.640	0.640
311	  R	  3.1	  0.1	0.772	0.640	0.640
312	  G	  0.2	  0.1	0.772	0.640	0.640
313	  L	  0.4	  0.1	0.510	0.640	0.640
314	  I	  5.9	  0.0	0.392	0.640	0.640
315	  K	  6.0	  0.0	0.392	0.000	0.000
316	  C	  5.7	  0.0	0.494	0.000	0.000
317	  P	  0.1	  0.0	0.102	0.000	0.000
318	  I	  4.9	  0.0	0.102	0.000	0.000
319	  K	  6.4	  0.0	0.102	0.000	0.000
320	  I	  9.3	  0.0	0.102	1.402	1.402
321	  V	  4.7	  0.1	0.102	1.402	1.402
322	  G	  3.2	  0.1	0.102	1.402	1.402
323	  L	  0.3	  0.1	0.000	1.402	1.402
324	  S	  0.1	  0.1	0.000	1.402	1.402
325	  E	  0.1	  0.0	0.000	0.000	0.000
326	  L	  0.1	  0.2	0.126	0.000	0.000
327	  P	  0.0	  0.1	1.387	0.000	0.000
328	  E	  1.8	  0.1	1.931	0.000	0.000
329	  V	  2.9	  0.1	1.931	0.000	0.000
330	  Y	  4.2	  0.1	1.931	0.000	0.000
331	  K	  2.7	  0.1	1.931	0.000	0.000
332	  L	  1.6	  0.1	1.931	0.000	0.000
333	  M	  0.4	  0.3	1.928	0.000	0.000
334	  E	  0.1	  0.6	1.988	0.000	0.000
335	  E	  0.0	  0.7	1.737	0.000	0.000
336	  G	  0.0	  0.7	1.869	0.000	0.000
337	  K	  0.6	  0.5	0.966	0.000	0.000
338	  I	  1.7	  0.1	0.611	0.000	0.000
339	  L	  1.7	  0.6	0.611	0.000	0.000
340	  G	  1.1	  0.6	0.838	0.000	0.000
341	  R	  0.8	  0.6	0.838	0.000	0.000
342	  Y	  2.4	  0.6	0.226	0.000	0.000
343	  V	  5.0	  0.1	0.226	0.000	0.000
344	  L	  4.3	  0.2	0.226	0.000	0.000
345	  D	  2.8	  1.3	0.226	0.000	0.000
346	  N	  0.1	  1.3	0.226	0.000	0.000
347	  D	  0.0	  1.2	0.000	0.000	0.000
348	  K	  0.0	  1.0	0.000	0.000	0.000
