res	aa	Beta	Turn	Helix	Aggregation	Conc-Stab_Aggregation
01	  M	  0.2	  0.0	0.000	0.000	0.000
02	  F	  1.5	  0.0	0.000	0.002	0.002
03	  K	  2.0	  0.0	0.000	0.002	0.002
04	  F	  3.9	  0.0	0.000	91.273	91.273
05	  V	  4.5	  0.0	0.000	98.422	98.422
06	  I	  5.1	  0.0	0.000	99.834	99.834
07	  Y	  3.6	  0.0	0.000	99.958	99.958
08	  L	  2.0	  0.0	0.000	99.993	99.993
09	  F	 12.8	  0.0	0.000	99.995	99.995
10	  T	 14.3	  0.0	0.107	99.948	99.948
11	  F	 15.3	  0.0	0.107	99.920	99.920
12	  I	  5.0	  0.0	0.107	99.543	99.543
13	  A	  3.0	  0.0	0.107	95.208	95.208
14	  F	  1.9	  0.3	0.107	91.533	91.533
15	  A	  0.4	  0.4	0.107	43.951	43.951
16	  N	  0.3	  1.5	0.107	3.611	3.611
17	  A	  0.1	  1.5	0.107	1.981	1.981
18	  N	  1.1	  1.2	0.203	0.569	0.569
19	  Y	  2.3	  1.2	0.096	0.513	0.513
20	  T	  4.7	  0.0	0.096	0.317	0.317
21	  T	 25.7	  0.0	0.096	0.200	0.200
22	  W	 25.8	  0.1	0.096	0.129	0.129
23	  S	 23.8	  0.1	0.202	0.008	0.008
24	  L	  2.6	  0.1	0.106	0.005	0.005
25	  V	  1.6	  0.1	0.106	0.004	0.004
26	  T	  1.7	  0.1	0.245	0.001	0.001
27	  D	  2.0	  0.1	1.863	0.000	0.000
28	  Y	  2.3	  0.1	1.863	0.000	0.000
29	  T	  5.1	  0.0	1.757	0.000	0.000
30	  T	 17.2	  0.0	1.757	0.000	0.000
31	  Y	 16.0	  0.0	1.757	0.000	0.000
32	  C	 13.0	  0.4	1.757	0.000	0.000
33	  P	  0.2	  0.4	0.000	0.000	0.000
34	  Q	  0.1	  0.5	0.000	0.000	0.000
35	  S	  0.3	  0.5	0.125	0.000	0.000
36	  T	  0.4	  0.1	0.331	0.000	0.000
37	  E	  3.3	  0.1	0.331	0.000	0.000
38	  I	 20.3	  0.0	0.331	0.448	0.448
39	  T	 24.7	  0.0	0.331	0.448	0.448
40	  V	 22.3	  0.1	0.331	0.544	0.544
41	  N	  5.6	  0.1	0.331	0.544	0.544
42	  N	  0.7	  0.1	0.000	0.857	0.857
43	  S	  0.6	  0.1	0.000	8.614	8.614
44	  I	  4.2	  0.1	0.000	31.960	31.960
45	  I	 16.4	  0.0	0.000	31.960	31.960
46	  T	 25.8	  0.0	0.000	31.960	31.960
47	  I	 24.4	  0.0	0.000	31.960	31.960
48	  T	 13.0	  0.1	0.000	26.547	26.547
49	  G	  2.1	  0.3	0.000	0.000	0.000
50	  P	  0.0	  0.3	0.000	0.000	0.000
51	  T	  0.7	  0.3	0.000	1.111	1.111
52	  T	  3.2	  0.2	0.000	1.484	1.484
53	  L	  6.6	  0.0	0.000	1.484	1.484
54	  T	 16.9	  0.0	0.000	1.484	1.484
55	  I	 16.7	  0.0	0.000	1.484	1.484
56	  T	 13.4	  0.1	0.000	0.599	0.599
57	  G	  2.3	  0.2	0.098	0.000	0.000
58	  E	  0.9	  0.2	0.098	0.000	0.000
59	  C	  3.0	  0.1	0.098	0.000	0.000
60	  T	  4.3	  0.2	0.098	0.000	0.000
61	  L	  4.6	  0.2	0.098	0.000	0.000
62	  D	  2.8	  0.2	0.098	0.000	0.000
63	  Y	  3.7	  0.1	0.000	2.846	2.846
64	  V	  3.6	  0.0	0.000	2.846	2.846
65	  A	  3.9	  0.0	0.000	2.846	2.846
66	  T	  8.2	  0.0	0.000	2.846	2.846
67	  V	  8.7	  0.0	0.000	2.846	2.846
68	  E	  8.2	  0.0	0.000	0.000	0.000
69	  A	  1.7	  0.0	0.000	0.000	0.000
70	  A	  0.1	  0.4	0.000	0.000	0.000
71	  P	  0.0	  0.5	0.000	0.000	0.000
72	  S	  0.3	  0.5	0.000	0.000	0.000
73	  S	  0.4	  0.5	0.000	0.000	0.000
74	  I	  0.4	  0.3	0.000	0.000	0.000
75	  P	  0.1	  0.4	0.000	0.000	0.000
76	  S	  0.0	  0.4	0.000	0.132	0.132
77	  N	  1.7	  0.4	0.000	1.184	1.184
78	  V	 19.6	  0.2	0.000	1.184	1.184
79	  T	 22.3	  0.0	0.000	1.184	1.184
80	  V	 23.3	  0.0	0.000	1.184	1.184
81	  I	  6.1	  0.1	0.000	1.184	1.184
82	  E	  3.0	  0.4	0.000	0.000	0.000
83	  S	  0.4	  1.2	0.000	0.000	0.000
84	  N	  0.0	  1.4	0.000	0.000	0.000
85	  G	  0.0	  1.5	0.000	0.000	0.000
86	  A	  0.2	  1.2	0.000	0.000	0.000
87	  S	  0.3	  0.6	0.285	0.000	0.000
88	  K	  1.0	  0.4	0.285	0.000	0.000
89	  L	  2.3	  0.1	0.285	0.000	0.000
90	  N	  2.7	  0.1	3.842	0.000	0.000
91	  L	  2.6	  0.1	3.842	0.001	0.001
92	  R	  1.6	  0.1	3.842	0.001	0.001
93	  S	  1.1	  0.1	3.557	1.355	1.355
94	  L	  0.6	  0.4	3.557	12.162	12.162
95	  A	  0.1	  0.6	3.557	12.528	12.528
96	  G	  0.0	  0.8	3.259	12.959	12.959
97	  A	  0.0	  0.8	1.773	17.746	17.746
98	  G	  0.0	  0.5	1.645	23.392	23.392
99	  L	  0.9	  0.3	0.973	86.059	86.059
100	  V	  2.1	  0.0	0.973	96.934	96.934
101	  A	  2.2	  0.0	0.973	97.826	97.826
102	  A	  1.6	  0.0	0.973	98.796	98.796
103	  I	  1.3	  0.0	0.973	99.906	99.906
104	  F	  2.7	  0.0	0.973	99.867	99.867
105	  I	  4.2	  0.0	0.000	99.294	99.294
106	  A	  4.0	  0.0	0.000	92.629	92.629
107	  F	  2.5	  0.0	0.000	89.880	89.880
108	  I	  0.7	  0.0	0.000	0.032	0.032
