res	aa	Beta	Turn	Helix	Aggregation	Conc-Stab_Aggregation
01	  M	  0.1	  0.3	0.000	0.000	0.000
02	  E	  0.1	  0.3	0.000	0.000	0.000
03	  D	  0.1	  0.3	0.000	0.000	0.000
04	  R	  0.3	  0.3	0.000	0.000	0.000
05	  A	  0.8	  0.0	0.000	0.000	0.000
06	  I	  2.1	  0.0	0.000	0.000	0.000
07	  H	  3.0	  0.0	0.000	0.000	0.000
08	  T	  2.6	  0.0	0.000	0.000	0.000
09	  S	  1.3	  0.4	0.000	0.000	0.000
10	  P	  0.1	  0.4	0.000	0.000	0.000
11	  T	  0.7	  0.4	0.246	0.000	0.000
12	  R	  1.1	  0.4	0.246	0.000	0.000
13	  W	  1.4	  0.0	0.246	0.699	0.699
14	  L	  2.1	  0.0	0.246	0.699	0.699
15	  H	  3.8	  0.0	0.246	0.699	0.699
16	  Y	  5.6	  0.0	0.246	0.699	0.699
17	  Y	  5.7	  0.1	0.246	0.699	0.699
18	  S	  4.0	  0.2	0.125	0.000	0.000
19	  S	  2.4	  0.2	0.000	0.000	0.000
20	  T	  1.4	  0.3	0.000	0.000	0.000
21	  T	  1.5	  0.3	0.000	0.000	0.000
22	  D	  0.8	  0.2	0.000	0.000	0.000
23	  T	  0.7	  0.5	0.000	0.000	0.000
24	  A	  0.3	  0.5	0.000	0.000	0.000
25	  N	  0.3	  0.6	0.000	0.000	0.000
26	  S	  0.0	  0.6	0.000	0.000	0.000
27	  G	  0.0	  0.3	0.000	0.000	0.000
28	  L	  0.2	  0.2	0.000	0.000	0.000
29	  Q	  0.8	  0.1	0.000	0.000	0.000
30	  K	  2.2	  0.1	0.000	0.000	0.000
31	  V	  2.8	  0.1	0.000	0.000	0.000
32	  D	  2.6	  0.1	0.000	0.000	0.000
33	  T	  1.8	  0.1	0.000	0.000	0.000
34	  R	  1.7	  0.0	0.000	0.000	0.000
35	  W	  1.5	  0.2	0.000	0.000	0.000
36	  S	  0.9	  0.2	0.854	0.000	0.000
37	  N	  0.2	  0.3	0.854	0.000	0.000
38	  K	  0.6	  0.3	0.854	0.000	0.000
39	  T	 10.9	  0.1	0.854	0.000	0.000
40	  Y	 11.0	  0.1	0.854	0.000	0.000
41	  F	 10.5	  0.2	0.854	0.000	0.000
42	  P	  0.2	  0.2	0.109	0.000	0.000
43	  K	  0.1	  0.2	0.109	0.000	0.000
44	  Q	  0.2	  0.2	0.109	0.000	0.000
45	  A	  0.4	  0.1	0.109	0.000	0.000
46	  I	  1.6	  0.0	0.109	0.000	0.000
47	  Q	  2.8	  0.0	0.109	0.000	0.000
48	  L	  2.8	  0.3	0.000	0.000	0.000
49	  E	  1.6	  0.3	0.000	0.000	0.000
50	  S	  6.8	  0.3	0.000	0.000	0.000
51	  F	  7.0	  0.7	0.000	0.000	0.000
52	  E	  6.8	  3.2	0.000	0.000	0.000
53	  G	  0.3	  3.4	0.000	0.000	0.000
54	  D	  0.0	  3.4	0.000	0.000	0.000
55	  N	  0.3	  2.9	0.922	0.000	0.000
56	  L	  0.7	  0.2	0.922	0.000	0.000
57	  I	  4.8	  0.0	0.922	0.000	0.000
58	  T	  6.6	  0.1	0.922	0.000	0.000
59	  Q	  6.7	  0.1	0.922	0.000	0.000
60	  S	  2.8	  0.1	0.922	0.000	0.000
61	  K	  0.5	  0.4	0.172	0.000	0.000
62	  P	  0.1	  0.3	0.000	0.000	0.000
63	  S	  0.3	  0.3	0.555	0.000	0.000
64	  M	  1.0	  0.3	0.555	0.000	0.000
65	  F	  2.7	  0.1	0.555	0.000	0.000
66	  S	  2.4	  0.2	0.959	0.000	0.000
67	  R	  2.1	  0.2	0.959	0.000	0.000
68	  L	  0.9	  0.2	0.959	0.000	0.000
69	  L	  1.1	  0.2	0.959	0.000	0.000
70	  S	  0.9	  0.1	1.082	0.000	0.000
71	  K	  1.3	  0.1	0.798	0.000	0.000
72	  F	  2.9	  0.3	0.123	0.000	0.000
73	  R	  3.4	  0.2	0.123	0.000	0.000
74	  S	  2.8	  0.5	0.123	0.000	0.000
75	  I	  0.9	  0.7	0.123	0.000	0.000
76	  G	  0.2	  0.5	0.123	0.000	0.000
77	  K	  0.3	  0.6	0.000	0.000	0.000
78	  K	  0.6	  0.3	0.000	0.000	0.000
79	  E	  1.1	  0.1	0.000	0.000	0.000
80	  I	  0.9	  0.0	0.000	0.000	0.000
81	  V	  0.5	  0.0	0.000	0.000	0.000
82	  P	  0.0	  1.2	0.000	0.000	0.000
83	  P	  0.0	  1.2	0.000	0.000	0.000
84	  N	  2.0	  1.2	0.000	0.000	0.000
85	  Y	  3.8	  1.2	0.000	0.000	0.000
86	  R	  4.0	  0.2	0.000	0.000	0.000
87	  S	  2.9	  0.9	0.000	0.000	0.000
88	  S	  1.2	  0.9	0.000	0.000	0.000
89	  S	  1.2	  0.8	0.000	0.000	0.000
90	  I	  1.8	  0.7	0.000	0.000	0.000
91	  L	  1.7	  0.1	0.000	0.000	0.000
92	  S	  1.4	  0.1	0.295	0.000	0.000
93	  E	  0.1	  0.1	0.295	0.000	0.000
94	  K	  1.0	  0.1	0.295	0.000	0.000
95	  I	  1.6	  0.1	0.295	0.000	0.000
96	  H	  1.8	  0.5	0.295	0.000	0.000
97	  K	  0.8	  0.5	0.295	0.000	0.000
98	  N	  0.3	  0.6	0.164	0.000	0.000
99	  H	  0.3	  0.6	0.000	0.000	0.000
100	  S	 10.8	  0.3	0.000	0.129	0.129
101	  V	 12.5	  0.3	0.000	0.129	0.129
102	  S	 12.5	  0.2	0.000	0.129	0.129
103	  A	  2.7	  0.2	0.000	0.129	0.129
104	  F	  0.8	  0.0	0.000	0.129	0.129
105	  F	  0.6	  0.3	0.000	0.000	0.000
106	  P	  0.2	  0.4	0.000	0.000	0.000
107	  S	  0.7	  0.4	0.000	0.000	0.000
108	  T	  3.6	  0.5	0.000	0.000	0.000
109	  T	  4.8	  0.2	0.000	0.000	0.000
110	  S	  4.6	  0.2	0.000	0.000	0.000
111	  K	  2.1	  0.2	0.000	0.000	0.000
112	  E	  0.8	  0.1	0.000	0.000	0.000
113	  T	  0.3	  0.2	0.000	0.000	0.000
114	  P	  0.0	  0.2	0.000	0.000	0.000
115	  Y	  0.9	  0.6	0.000	0.000	0.000
116	  E	  0.9	  0.6	0.000	0.000	0.000
117	  N	  3.0	  0.5	0.000	0.000	0.000
118	  I	  3.9	  0.5	0.000	0.000	0.000
119	  F	  4.3	  0.0	0.000	0.000	0.000
120	  S	  2.2	  2.4	0.000	0.000	0.000
121	  P	  0.4	  2.4	0.000	0.000	0.000
122	  S	  4.1	  2.8	0.000	0.000	0.000
123	  V	  4.6	  2.8	0.000	0.000	0.000
124	  D	  4.6	  0.4	0.000	0.000	0.000
125	  K	  0.5	  0.4	0.000	0.000	0.000
126	  P	  0.0	  0.1	0.000	0.000	0.000
127	  M	  0.2	  0.2	0.000	0.000	0.000
128	  D	  0.9	  0.2	0.000	0.000	0.000
129	  T	  5.1	  0.2	0.000	0.000	0.000
130	  I	  6.2	  0.1	0.000	0.000	0.000
131	  D	  6.2	  0.1	0.000	0.000	0.000
132	  T	  5.9	  0.1	0.000	0.000	0.000
133	  I	  4.7	  0.0	0.000	0.000	0.000
134	  Q	  4.1	  0.3	0.000	0.000	0.000
135	  E	  0.2	  0.3	0.000	0.000	0.000
136	  N	  0.1	  0.3	0.347	0.000	0.000
137	  N	  0.9	  0.3	0.462	0.113	0.113
138	  C	  3.2	  0.1	0.462	0.610	0.610
139	  T	  3.7	  0.0	0.621	3.571	3.571
140	  M	  3.1	  0.0	0.621	3.571	3.571
141	  A	  1.1	  0.0	0.621	3.571	3.571
142	  F	  1.8	  0.0	0.621	3.571	3.571
143	  I	  1.9	  0.0	0.481	3.571	3.571
144	  K	  1.7	  0.2	0.481	0.000	0.000
145	  H	  0.8	  0.3	0.000	0.000	0.000
146	  D	  1.1	  0.3	0.812	0.000	0.000
147	  C	  1.2	  0.3	0.812	0.000	0.000
148	  R	  0.9	  0.2	0.812	0.000	0.000
149	  T	  0.5	  0.3	0.812	0.000	0.000
150	  E	  0.3	  0.5	0.812	0.000	0.000
151	  S	  0.3	  0.4	0.812	0.000	0.000
152	  N	  1.8	  0.3	0.304	0.000	0.000
153	  F	  3.9	  0.2	0.143	0.000	0.000
154	  F	  5.3	  0.2	0.000	0.000	0.000
155	  S	  3.7	  2.3	0.000	0.000	0.000
156	  S	  1.5	  2.3	0.000	0.000	0.000
157	  D	  1.0	  2.3	0.000	0.000	0.000
158	  F	  2.7	  2.1	0.000	0.000	0.000
159	  F	  3.3	  0.2	0.000	0.000	0.000
160	  R	  2.4	  0.3	0.000	0.000	0.000
161	  D	  0.8	  0.3	0.000	0.000	0.000
162	  S	  6.8	  0.3	0.000	0.000	0.000
163	  V	  7.1	  0.1	0.000	0.000	0.000
164	  R	  7.0	  0.0	0.000	0.000	0.000
165	  P	  0.4	  0.0	0.000	0.000	0.000
166	  V	  4.5	  0.1	0.000	0.000	0.000
167	  I	  7.4	  0.1	0.000	0.000	0.000
168	  D	  7.8	  0.8	0.000	0.000	0.000
169	  Y	  3.6	  0.8	0.000	0.000	0.000
170	  D	  0.6	  2.2	0.000	0.000	0.000
171	  E	  0.2	  2.3	0.000	0.000	0.000
172	  S	  0.1	  1.5	0.000	0.000	0.000
173	  E	  3.7	  1.5	0.000	0.000	0.000
174	  I	  4.5	  0.0	0.000	0.000	0.000
175	  T	  4.5	  0.0	0.000	0.000	0.000
176	  D	  0.8	  0.0	0.000	0.000	0.000
