res	aa	Beta	Turn	Helix	Aggregation	Conc-Stab_Aggregation
01	  M	  0.3	  0.0	0.000	0.003	0.003
02	  N	  1.5	  0.0	0.885	2.335	2.335
03	  T	  4.1	  0.0	1.283	25.495	25.495
04	  I	  5.8	  0.0	1.283	93.007	93.007
05	  L	  5.8	  0.0	1.283	98.877	98.877
06	  I	  4.7	  0.0	1.283	99.896	99.896
07	  L	  3.3	  0.0	1.283	99.985	99.985
08	  F	  2.8	  0.0	1.167	99.999	99.999
09	  L	  1.9	  0.0	0.747	99.994	99.994
10	  F	  2.2	  0.0	0.747	99.959	99.959
11	  F	  1.8	  0.2	0.393	99.503	99.503
12	  L	  1.4	  0.2	0.393	93.594	93.594
13	  G	  0.5	  0.2	0.393	59.563	59.563
14	  I	  4.3	  0.2	0.000	56.498	56.498
15	  S	  4.9	  0.2	0.000	21.338	21.338
16	  Y	  4.9	  0.1	0.000	16.934	16.934
17	  G	  0.8	  0.2	0.000	1.400	1.400
18	  G	  0.1	  0.4	0.000	0.001	0.001
19	  P	  0.0	  0.2	0.000	0.000	0.000
20	  L	  0.0	  0.9	0.000	0.000	0.000
21	  E	  0.0	  1.3	0.000	0.000	0.000
22	  G	  0.0	  1.1	0.000	0.000	0.000
23	  C	  0.0	  1.1	0.000	0.000	0.000
24	  K	  0.0	  0.4	0.000	0.000	0.000
25	  F	  0.0	  0.0	0.000	0.000	0.000
26	  D	  0.0	  0.0	0.000	0.000	0.000
27	  R	  0.0	  0.0	-1.#IO	0.000	0.000
28	  S	  0.0	  0.0	-1.#IO	0.000	0.000
29	  Y	  0.0	  0.0	-1.#IO	0.000	0.000
30	  V	  0.0	  0.0	-1.#IO	0.000	0.000
31	  N	  0.0	  0.0	-1.#IO	0.000	0.000
32	  G	  0.0	  0.0	-1.#IO	0.000	0.000
33	  F	  0.0	  0.0	-1.#IO	0.000	0.000
34	  G	  0.0	  0.0	-1.#IO	0.000	0.000
35	  T	  0.0	  0.0	-1.#IO	0.000	0.000
36	  T	  0.0	  0.0	-1.#IO	0.000	0.000
37	  I	  0.0	  0.0	-1.#IO	0.000	0.000
38	  Y	  0.0	  0.0	-1.#IO	0.000	0.000
39	  N	  0.0	  0.0	-1.#IO	0.000	0.000
40	  Y	  0.0	  0.0	0.000	0.000	0.000
41	  T	  0.0	  0.0	0.000	0.000	0.000
42	  L	  0.0	  0.4	0.000	0.000	0.000
43	  G	  0.0	  0.4	0.000	0.000	0.000
44	  S	  2.2	  2.9	0.000	0.000	0.000
45	  L	  2.3	  3.4	0.000	0.000	0.000
46	  D	  2.3	  3.1	0.000	0.000	0.000
47	  G	  0.1	  3.0	0.000	0.000	0.000
48	  W	  0.3	  0.5	0.000	0.000	0.000
49	  Q	  0.3	  1.2	0.000	0.000	0.000
50	  P	  0.2	  1.2	0.000	0.000	0.000
51	  G	  0.0	  1.2	0.000	0.000	0.000
52	  F	  2.4	  1.2	0.000	0.000	0.000
53	  F	  2.7	  0.3	0.000	0.000	0.000
54	  E	  2.6	  1.6	0.000	0.000	0.000
55	  G	  0.3	  1.6	0.000	0.000	0.000
56	  G	  0.2	  1.6	0.000	0.000	0.000
57	  Y	  0.7	  1.5	0.000	0.000	0.000
58	  A	  0.7	  0.5	0.000	0.000	0.000
59	  K	  0.6	  1.3	0.000	0.000	0.000
60	  G	  0.0	  1.4	0.000	0.000	0.000
61	  G	  0.0	  1.2	0.000	1.038	1.038
62	  A	  0.2	  0.9	0.000	25.998	25.998
63	  F	  1.0	  0.3	0.000	39.647	39.647
64	  A	  1.3	  0.1	0.000	39.647	39.647
65	  Y	  2.7	  0.1	0.000	39.647	39.647
66	  I	  1.9	  0.1	0.000	39.647	39.647
67	  A	  1.6	  0.0	0.000	25.733	25.733
68	  N	  0.1	  0.0	0.000	0.519	0.519
69	  L	  0.0	  0.0	0.000	0.000	0.000
70	  D	  0.0	  0.0	0.000	0.000	0.000
71	  I	  0.0	  0.0	-1.#IO	0.000	0.000
72	  T	  0.0	  0.0	-1.#IO	0.000	0.000
73	  T	  0.0	  0.0	-1.#IO	0.000	0.000
74	  F	  0.0	  0.0	-1.#IO	0.000	0.000
75	  S	  0.0	  0.0	-1.#IO	0.000	0.000
76	  F	  0.0	  0.0	-1.#IO	0.000	0.000
77	  T	  0.0	  0.0	-1.#IO	0.000	0.000
78	  P	  0.0	  0.0	-1.#IO	0.000	0.000
79	  D	  0.0	  0.0	-1.#IO	0.000	0.000
80	  D	  0.0	  0.0	-1.#IO	0.000	0.000
81	  L	  0.0	  0.0	-1.#IO	0.000	0.000
82	  E	  0.0	  0.0	-1.#IO	0.000	0.000
83	  I	  0.0	  0.0	-1.#IO	0.000	0.000
84	  V	  0.0	  0.0	-1.#IO	0.000	0.000
85	  N	  0.0	  0.0	-1.#IO	0.000	0.000
86	  T	  0.0	  0.0	-1.#IO	0.000	0.000
87	  F	  0.0	  0.0	-1.#IO	0.000	0.000
88	  G	  0.0	  0.0	-1.#IO	0.000	0.000
89	  I	  0.0	  0.0	-1.#IO	0.000	0.000
90	  R	  0.0	  0.0	-1.#IO	0.000	0.000
91	  M	  0.0	  0.0	-1.#IO	0.000	0.000
92	  H	  0.0	  0.0	-1.#IO	0.000	0.000
93	  R	  0.0	  0.0	-1.#IO	0.000	0.000
94	  S	  0.0	  0.0	0.000	0.000	0.000
95	  N	  0.0	  0.0	0.000	0.000	0.000
96	  F	 11.8	  0.0	0.000	66.164	66.164
97	  T	 16.1	  0.0	0.000	66.164	66.164
98	  F	 17.5	  0.0	0.000	66.164	66.164
99	  V	  8.6	  0.0	0.000	66.164	66.164
100	  F	  4.1	  0.0	0.000	66.164	66.164
101	  D	  2.6	  0.0	0.000	0.000	0.000
102	  G	  0.0	  0.0	0.000	0.000	0.000
103	  Y	  0.0	  0.0	0.000	0.000	0.000
104	  F	  0.0	  0.0	-1.#IO	0.000	0.000
105	  L	  0.0	  0.0	-1.#IO	0.000	0.000
106	  A	  0.0	  0.0	-1.#IO	0.000	0.000
107	  P	  0.0	  0.0	-1.#IO	0.000	0.000
108	  E	  0.0	  0.0	-1.#IO	0.000	0.000
109	  S	  0.0	  0.0	-1.#IO	0.000	0.000
110	  G	  0.0	  0.0	-1.#IO	0.000	0.000
111	  E	  0.0	  0.0	-1.#IO	0.000	0.000
112	  Y	  0.0	  0.0	-1.#IO	0.000	0.000
113	  T	  0.0	  0.0	-1.#IO	0.000	0.000
114	  F	  0.0	  0.0	-1.#IO	0.000	0.000
115	  R	  0.0	  0.0	-1.#IO	0.000	0.000
116	  A	  0.0	  0.0	-1.#IO	0.000	0.000
117	  R	  0.0	  0.0	0.000	0.000	0.000
118	  T	  0.0	  0.0	0.000	0.000	0.000
119	  M	  0.5	  0.0	0.000	0.000	0.000
120	  N	  0.5	  0.1	0.000	0.000	0.000
121	  S	  1.1	  0.1	0.000	0.000	0.000
122	  L	  2.0	  0.1	0.000	0.000	0.000
123	  Q	  5.7	  0.1	0.000	0.000	0.000
124	  F	  8.8	  0.0	0.000	0.000	0.000
125	  Q	  7.5	  0.1	0.000	0.000	0.000
126	  I	  3.9	  1.3	0.000	0.000	0.000
127	  G	  0.1	  2.2	0.000	0.000	0.000
128	  S	  0.1	  2.5	0.000	0.000	0.000
129	  N	  0.0	  2.7	0.000	0.000	0.000
130	  G	  0.1	  1.6	0.000	0.000	0.000
131	  S	 10.8	  0.7	0.000	0.000	0.000
132	  C	 16.0	  0.5	0.000	0.000	0.000
133	  C	 16.2	  0.2	0.000	0.000	0.000
134	  D	  5.7	  0.2	0.000	0.000	0.000
135	  N	  0.2	  0.2	0.000	0.000	0.000
136	  P	  0.0	  0.0	0.000	0.000	0.000
137	  K	  0.0	  0.0	0.000	0.000	0.000
138	  E	  0.0	  0.0	0.000	0.000	0.000
139	  H	  0.0	  0.0	0.000	0.000	0.000
140	  M	  0.0	  0.0	-1.#IO	0.000	0.000
141	  G	  0.0	  0.0	-1.#IO	0.000	0.000
142	  E	  0.0	  0.0	-1.#IO	0.000	0.000
143	  K	  0.0	  0.0	-1.#IO	0.000	0.000
144	  T	  0.0	  0.0	-1.#IO	0.000	0.000
145	  I	  0.0	  0.0	-1.#IO	0.000	0.000
146	  M	  0.0	  0.0	-1.#IO	0.000	0.000
147	  T	  0.0	  0.0	-1.#IO	0.000	0.000
148	  I	  0.0	  0.0	-1.#IO	0.000	0.000
149	  M	  0.0	  0.0	-1.#IO	0.000	0.000
150	  N	  0.0	  0.0	-1.#IO	0.000	0.000
151	  K	  0.0	  0.0	-1.#IO	0.000	0.000
152	  P	  0.0	  0.0	-1.#IO	0.000	0.000
153	  G	  0.0	  0.0	-1.#IO	0.000	0.000
154	  E	  0.0	  0.0	-1.#IO	0.000	0.000
155	  H	  0.0	  0.0	-1.#IO	0.000	0.000
156	  V	  0.0	  0.0	0.000	0.000	0.000
157	  K	  0.0	  0.0	0.000	0.000	0.000
158	  L	  0.0	  0.2	0.000	0.000	0.000
159	  A	  0.0	  0.2	0.000	0.000	0.000
160	  D	  0.6	  0.2	1.107	0.000	0.000
161	  T	 11.5	  0.2	1.485	0.000	0.000
162	  I	 16.2	  0.1	1.485	0.000	0.000
163	  K	 16.2	  0.0	1.485	0.000	0.000
164	  L	  7.1	  0.0	1.485	0.000	0.000
165	  N	  2.2	  0.0	1.695	0.000	0.000
166	  L	  1.8	  0.1	1.264	0.000	0.000
167	  K	  0.6	  0.4	0.977	0.000	0.000
168	  A	  0.4	  0.4	0.315	0.000	0.000
169	  G	  0.1	  0.4	0.210	0.000	0.000
170	  M	  1.2	  0.3	0.210	0.000	0.000
171	  Y	  1.3	  0.0	0.000	0.000	0.000
172	  Y	  1.3	  0.0	0.000	0.000	0.000
173	  P	  0.2	  0.0	0.000	0.000	0.000
174	  I	  5.2	  0.0	0.000	0.000	0.000
175	  K	  5.7	  0.0	0.000	0.000	0.000
176	  L	  6.7	  0.0	0.000	1.738	1.738
177	  V	  2.9	  0.0	0.000	1.738	1.738
178	  W	  3.4	  0.0	0.000	1.738	1.738
179	  F	  3.8	  0.0	0.000	1.738	1.738
180	  N	  2.8	  0.3	0.000	1.738	1.738
181	  Q	  1.8	  0.4	0.000	0.000	0.000
182	  R	  0.4	  0.5	0.000	0.000	0.000
183	  G	  0.1	  0.5	0.000	0.000	0.000
184	  E	  0.1	  0.2	0.000	0.000	0.000
185	  F	  0.9	  0.0	0.000	0.426	0.426
186	  L	  1.0	  0.0	0.000	0.426	0.426
187	  I	  1.3	  0.0	0.000	0.426	0.426
188	  E	  0.9	  0.0	0.000	0.426	0.426
189	  T	  2.3	  0.0	0.000	0.426	0.426
190	  K	  6.9	  0.0	0.000	0.426	0.426
191	  V	 19.1	  0.0	0.000	0.426	0.426
192	  T	 18.3	  0.0	0.000	0.160	0.160
193	  F	 13.7	  1.2	0.000	0.000	0.000
194	  P	  0.7	  1.4	0.000	0.000	0.000
195	  S	  0.1	  1.9	0.000	0.000	0.000
196	  G	  0.1	  1.9	0.000	0.000	0.000
197	  R	  2.2	  0.8	0.000	0.000	0.000
198	  H	  7.2	  0.5	0.000	0.000	0.000
199	  I	 12.0	  0.0	0.245	0.000	0.000
200	  D	 10.1	  0.0	1.906	0.000	0.000
201	  I	  5.6	  0.0	1.906	0.000	0.000
202	  A	  0.7	  0.0	1.906	0.000	0.000
203	  K	  0.7	  0.1	1.906	0.000	0.000
204	  R	  1.8	  0.1	1.906	0.000	0.000
205	  S	  3.2	  0.1	1.791	0.000	0.000
206	  F	  5.4	  0.1	0.666	0.000	0.000
207	  K	  5.5	  0.0	0.103	0.000	0.000
208	  V	  4.6	  0.1	0.000	0.000	0.000
209	  N	  2.2	  0.1	0.000	0.000	0.000
210	  N	  1.1	  0.1	0.101	0.000	0.000
211	  H	  3.9	  0.0	0.101	0.000	0.000
212	  F	  6.0	  0.1	0.101	0.000	0.000
213	  E	  5.6	  0.0	0.101	0.000	0.000
214	  A	  2.3	  0.0	0.101	0.000	0.000
215	  N	  0.2	  6.4	0.101	0.000	0.000
216	  P	  0.0	  6.3	0.000	0.000	0.000
217	  S	  0.4	  6.3	0.000	0.000	0.000
218	  C	  0.4	  6.3	0.000	0.000	0.000
219	  P	  0.4	  0.0	0.000	0.000	0.000
220	  V	  0.0	  0.0	0.000	0.000	0.000
221	  P	  0.0	  0.3	0.000	0.000	0.000
222	  P	  0.0	  0.4	0.000	0.000	0.000
223	  T	  1.2	  0.5	0.000	0.000	0.000
224	  S	  1.3	  0.5	0.000	0.000	0.000
225	  S	  1.8	  0.3	0.000	0.000	0.000
226	  K	  1.4	  0.3	0.000	0.000	0.000
227	  T	 11.9	  0.1	0.000	0.000	0.000
228	  V	 14.0	  0.1	0.000	0.000	0.000
229	  T	 13.5	  0.3	0.000	0.000	0.000
230	  A	  3.1	  0.3	0.000	0.000	0.000
231	  D	  0.9	  0.3	0.000	0.000	0.000
232	  V	  1.4	  0.3	0.000	0.000	0.000
233	  Q	  1.3	  0.0	0.000	0.000	0.000
234	  T	  0.7	  0.0	0.000	0.000	0.000
235	  P	  0.0	  0.0	0.000	0.000	0.000
236	  I	  3.4	  0.0	0.000	0.000	0.000
237	  T	  5.0	  0.0	0.000	0.000	0.000
238	  T	  6.5	  0.0	0.000	0.000	0.000
239	  T	  4.6	  0.0	0.000	0.000	0.000
240	  T	  5.7	  0.0	0.000	0.000	0.000
241	  T	  9.2	  0.1	0.000	0.000	0.000
242	  W	  8.9	  0.1	0.000	0.000	0.000
243	  D	  7.4	  0.1	0.000	0.000	0.000
244	  F	  3.0	  0.1	0.000	0.000	0.000
245	  T	  1.7	  0.0	0.000	0.000	0.000
246	  P	  0.5	  0.0	0.000	0.000	0.000
247	  V	  5.3	  0.0	0.000	0.000	0.000
248	  E	  5.5	  0.0	0.000	0.000	0.000
249	  I	  9.1	  0.0	0.000	0.000	0.000
250	  V	 28.6	  0.0	0.000	0.000	0.000
251	  T	 28.8	  0.0	0.000	0.000	0.000
252	  V	 25.8	  0.1	0.000	0.000	0.000
253	  P	  0.5	  0.2	0.000	0.000	0.000
254	  T	  0.3	  0.2	0.000	0.000	0.000
255	  D	  1.0	  0.2	0.141	0.000	0.000
256	  Y	  6.2	  0.1	0.141	0.873	0.873
257	  T	  6.7	  0.0	0.141	0.873	0.873
258	  A	  6.7	  0.0	0.141	0.873	0.873
259	  V	  5.8	  0.0	0.141	0.873	0.873
260	  H	  5.4	  0.0	0.141	0.873	0.873
261	  L	  4.8	  0.0	0.000	0.873	0.873
262	  T	  2.4	  0.1	0.000	0.328	0.328
263	  R	  2.1	  0.1	0.000	0.000	0.000
264	  S	  2.5	  0.1	0.000	0.000	0.000
265	  T	 16.4	  0.1	0.000	1.104	1.104
266	  F	 17.1	  0.1	0.000	1.365	1.365
267	  T	 17.8	  0.0	0.000	1.365	1.365
268	  T	  4.9	  0.0	0.000	1.365	1.365
269	  T	 19.2	  0.0	0.000	1.365	1.365
270	  Y	 19.4	  0.1	0.000	1.365	1.365
271	  T	 17.0	  0.2	0.000	0.221	0.221
272	  D	  1.5	  0.5	0.098	0.000	0.000
273	  D	  0.0	  1.6	0.098	0.000	0.000
274	  K	  0.0	  1.6	0.098	0.000	0.000
275	  G	  0.0	  1.4	0.098	0.000	0.000
276	  A	  0.2	  1.2	0.098	0.000	0.000
277	  L	  0.3	  0.2	0.098	0.000	0.000
278	  Q	  0.3	  0.1	0.000	0.000	0.000
279	  T	  0.7	  0.4	0.000	0.000	0.000
280	  D	  0.6	  0.7	0.000	0.000	0.000
281	  S	  0.6	  0.6	0.000	1.142	1.142
282	  G	  0.0	  0.6	0.000	10.035	10.035
283	  V	  2.8	  0.3	0.000	85.592	85.592
284	  L	  4.1	  0.0	0.000	88.304	88.304
285	  I	  8.2	  0.0	0.000	88.398	88.398
286	  V	  7.2	  0.0	0.000	88.370	88.370
287	  T	  7.3	  0.1	0.000	85.337	85.337
288	  T	  3.3	  0.2	0.000	40.796	40.796
289	  T	  1.7	  0.4	0.000	11.851	11.851
290	  G	  0.2	  0.5	0.000	0.971	0.971
291	  K	  0.5	  0.5	0.000	0.000	0.000
292	  S	  0.9	  0.3	0.000	0.153	0.153
293	  I	  5.0	  0.1	0.000	2.008	2.008
294	  V	  6.3	  0.0	0.000	2.129	2.129
295	  T	  7.4	  0.0	0.000	2.129	2.129
296	  T	  4.9	  0.0	0.000	2.129	2.129
297	  T	  4.0	  0.0	0.000	1.976	1.976
298	  T	  4.3	  0.0	0.000	1.181	1.181
299	  M	  2.8	  0.0	0.000	0.705	0.705
300	  F	  2.0	  0.6	0.000	0.000	0.000
301	  P	  0.1	  0.6	0.000	0.000	0.000
302	  H	  0.6	  0.6	0.000	0.000	0.000
303	  L	  0.7	  0.6	0.000	0.000	0.000
304	  T	  2.5	  0.1	0.000	0.000	0.000
305	  R	  2.2	  0.1	0.000	0.000	0.000
306	  S	  2.6	  0.1	0.000	0.000	0.000
307	  T	 19.4	  0.1	0.000	0.000	0.000
308	  F	 20.4	  0.1	0.000	0.000	0.000
309	  T	 22.1	  0.0	0.000	0.000	0.000
310	  T	  4.6	  0.1	0.000	0.000	0.000
311	  S	  3.3	  0.1	0.000	0.000	0.000
312	  S	  3.9	  0.9	0.000	0.000	0.000
313	  M	  3.4	  0.9	0.000	0.000	0.000
314	  N	  3.3	  8.5	0.000	0.000	0.000
315	  S	  0.5	  9.0	0.000	0.000	0.000
316	  D	  0.0	  8.3	0.000	0.000	0.000
317	  G	  0.0	  8.3	0.000	0.000	0.000
318	  S	  2.1	  0.6	0.000	0.000	0.000
319	  W	  2.3	  0.1	0.000	0.000	0.000
320	  Q	  2.3	  0.1	0.000	0.000	0.000
321	  T	  0.8	  0.4	0.000	0.000	0.000
322	  D	  0.5	  0.6	0.000	0.000	0.000
323	  S	  0.5	  0.5	0.000	1.047	1.047
324	  G	  0.0	  0.5	0.000	8.998	8.998
325	  V	  6.8	  0.2	0.000	89.570	89.570
326	  V	 20.2	  0.0	0.000	89.826	89.826
327	  I	 23.6	  0.0	0.000	89.826	89.826
328	  V	 18.0	  0.1	0.000	89.775	89.775
329	  T	  4.5	  0.3	0.000	84.266	84.266
330	  G	  0.6	  0.4	0.000	3.482	3.482
331	  S	  0.2	  1.8	0.000	0.168	0.168
332	  E	  0.1	  1.8	0.000	0.000	0.000
333	  D	  1.6	  1.6	0.000	0.000	0.000
334	  T	 11.9	  1.5	0.000	0.000	0.000
335	  F	 12.2	  0.1	0.000	0.000	0.000
336	  E	 10.8	  0.1	0.000	0.000	0.000
337	  T	  2.0	  0.1	0.000	0.000	0.000
338	  T	  3.1	  0.1	0.000	0.000	0.000
339	  T	  3.8	  0.0	0.000	0.000	0.000
340	  T	  4.3	  0.0	0.000	0.000	0.000
341	  M	  2.9	  0.0	0.000	0.000	0.000
342	  F	  2.0	  0.6	0.000	0.000	0.000
343	  P	  0.1	  0.6	0.000	0.000	0.000
344	  H	  0.6	  0.6	0.000	0.000	0.000
345	  L	  0.7	  0.6	0.000	0.000	0.000
346	  T	  2.5	  0.1	0.000	0.000	0.000
347	  R	  2.2	  0.1	0.000	0.000	0.000
348	  S	  2.6	  0.1	0.000	0.000	0.000
349	  T	 19.4	  0.1	0.000	0.000	0.000
350	  F	 20.4	  0.1	0.000	0.000	0.000
351	  T	 22.1	  0.0	0.000	0.000	0.000
352	  T	  4.6	  0.1	0.000	0.000	0.000
353	  S	  3.3	  0.1	0.000	0.000	0.000
354	  S	  3.9	  0.9	0.000	0.000	0.000
355	  M	  3.4	  0.9	0.000	0.000	0.000
356	  N	  3.3	  8.5	0.000	0.000	0.000
357	  S	  0.5	  9.0	0.000	0.000	0.000
358	  D	  0.0	  8.3	0.000	0.000	0.000
359	  G	  0.0	  8.3	0.000	0.000	0.000
360	  S	  2.1	  0.6	0.166	0.000	0.000
361	  W	  2.3	  0.1	0.166	0.000	0.000
362	  Q	  2.3	  0.1	0.166	0.000	0.000
363	  T	  1.0	  0.2	0.166	0.050	0.050
364	  N	  0.8	  0.4	0.166	0.134	0.134
365	  S	  0.8	  0.3	0.166	2.339	2.339
366	  G	  0.0	  0.2	0.000	19.107	19.107
367	  V	  6.8	  0.2	0.000	90.743	90.743
368	  V	 20.3	  0.0	0.000	90.970	90.970
369	  I	 23.6	  0.0	0.000	90.970	90.970
370	  V	 18.0	  0.1	0.000	90.864	90.864
371	  T	  4.5	  0.3	0.000	79.172	79.172
372	  G	  0.6	  0.4	0.000	3.262	3.262
373	  S	  0.2	  1.8	0.000	0.162	0.162
374	  E	  0.1	  1.8	0.000	0.000	0.000
375	  D	  1.6	  1.6	0.000	0.000	0.000
376	  T	 11.9	  1.5	0.000	0.000	0.000
377	  F	 12.2	  0.1	0.000	0.000	0.000
378	  E	 10.8	  0.1	0.000	0.000	0.000
379	  T	  2.0	  0.1	0.000	0.000	0.000
380	  T	  3.1	  0.1	0.000	0.000	0.000
381	  T	  3.8	  0.0	0.000	0.000	0.000
382	  T	  4.3	  0.0	0.000	0.000	0.000
383	  M	  2.9	  0.0	0.000	0.000	0.000
384	  F	  2.0	  0.6	0.000	0.000	0.000
385	  P	  0.1	  0.6	0.000	0.000	0.000
386	  H	  0.6	  0.6	0.000	0.000	0.000
387	  L	  0.7	  0.6	0.000	0.000	0.000
388	  T	  2.5	  0.1	0.000	0.000	0.000
389	  R	  2.2	  0.1	0.000	0.000	0.000
390	  S	  2.6	  0.1	0.000	0.000	0.000
391	  T	 19.8	  0.1	0.000	0.000	0.000
392	  F	 20.8	  0.1	0.000	0.000	0.000
393	  T	 21.6	  0.1	0.000	0.000	0.000
394	  T	  2.9	  0.1	0.000	0.000	0.000
395	  T	  1.5	  0.4	0.000	0.000	0.000
396	  G	  0.1	  0.5	0.000	0.000	0.000
397	  T	  0.8	  0.4	0.000	0.000	0.000
398	  N	  0.8	  8.4	0.000	0.000	0.000
399	  S	  0.8	  8.5	0.000	0.000	0.000
400	  D	  0.0	  8.5	0.000	0.000	0.000
401	  G	  0.0	  8.4	0.000	0.000	0.000
402	  E	  0.5	  0.4	0.000	0.000	0.000
403	  V	  3.2	  0.0	0.000	0.000	0.000
404	  V	  4.7	  0.0	0.000	0.000	0.000
405	  T	  4.6	  0.3	0.000	0.000	0.000
406	  D	  2.0	  0.5	0.000	0.000	0.000
407	  S	  0.5	  0.5	0.000	1.047	1.047
408	  G	  0.0	  0.4	0.000	8.997	8.997
409	  V	  6.8	  0.2	0.000	89.530	89.530
410	  V	 20.2	  0.0	0.000	89.786	89.786
411	  I	 23.6	  0.0	0.000	89.786	89.786
412	  V	 18.0	  0.1	0.000	89.735	89.735
413	  T	  4.4	  0.3	0.000	84.225	84.225
414	  G	  0.6	  0.4	0.000	3.480	3.480
415	  S	  0.2	  2.5	0.000	0.168	0.168
416	  E	  0.1	  2.5	0.000	0.000	0.000
417	  D	  0.6	  2.2	0.000	0.000	0.000
418	  S	  1.4	  2.1	0.000	0.000	0.000
419	  F	  2.1	  0.1	0.000	1.731	1.731
420	  V	  3.2	  0.0	0.000	1.731	1.731
421	  T	  3.9	  0.0	0.000	1.731	1.731
422	  T	  4.7	  0.0	0.000	1.731	1.731
423	  T	  4.8	  0.1	0.000	1.731	1.731
424	  T	  8.5	  0.1	0.000	0.849	0.849
425	  T	  7.7	  0.0	0.000	0.319	0.319
426	  F	  6.2	  0.3	0.000	0.000	0.000
427	  P	  0.8	  0.2	0.000	0.000	0.000
428	  H	  2.1	  0.2	0.000	0.000	0.000
429	  W	  3.5	  0.2	0.000	0.000	0.000
430	  T	  5.2	  0.1	0.000	0.000	0.000
431	  R	  3.5	  0.1	0.000	0.000	0.000
432	  S	  2.6	  0.1	0.000	0.000	0.000
433	  T	 19.1	  0.1	0.000	0.000	0.000
434	  F	 20.1	  0.1	0.000	0.000	0.000
435	  T	 21.8	  0.0	0.000	0.000	0.000
436	  T	  4.6	  0.1	0.000	0.000	0.000
437	  S	  3.3	  0.1	0.000	0.000	0.000
438	  S	  3.9	  0.9	0.000	0.000	0.000
439	  M	  3.4	  0.9	0.000	0.000	0.000
440	  N	  3.3	  8.5	0.000	0.000	0.000
441	  S	  0.5	  9.0	0.000	0.000	0.000
442	  D	  0.0	  8.3	0.000	0.000	0.000
443	  G	  0.0	  8.3	0.000	0.000	0.000
444	  S	  2.1	  0.6	0.000	0.000	0.000
445	  W	  2.3	  0.1	0.000	0.000	0.000
446	  Q	  2.3	  0.1	0.000	0.000	0.000
447	  T	  0.8	  0.4	0.000	0.000	0.000
448	  D	  0.5	  0.6	0.000	0.000	0.000
449	  S	  0.5	  0.5	0.000	1.046	1.046
450	  G	  0.0	  0.5	0.000	8.996	8.996
451	  V	  6.8	  0.2	0.000	89.527	89.527
452	  V	 20.2	  0.0	0.000	89.783	89.783
453	  I	 23.6	  0.0	0.000	89.783	89.783
454	  V	 18.0	  0.1	0.000	89.732	89.732
455	  T	  4.4	  0.3	0.000	84.223	84.223
456	  G	  0.6	  0.4	0.000	3.480	3.480
457	  S	  0.2	  2.4	0.000	0.168	0.168
458	  E	  0.1	  2.4	0.000	0.000	0.000
459	  D	  0.6	  2.1	0.000	0.000	0.000
460	  S	  7.1	  2.0	0.000	0.000	0.000
461	  F	  7.4	  0.1	0.000	0.000	0.000
462	  E	  7.1	  0.1	0.000	0.000	0.000
463	  T	  2.1	  0.1	0.000	0.000	0.000
464	  T	  3.3	  0.1	0.000	0.000	0.000
465	  T	  4.0	  0.0	0.000	0.000	0.000
466	  T	  4.4	  0.0	0.000	0.000	0.000
467	  M	  2.9	  0.0	0.000	0.000	0.000
468	  F	  2.0	  0.6	0.000	0.000	0.000
469	  P	  0.1	  0.6	0.000	0.000	0.000
470	  H	  0.6	  0.6	0.000	0.000	0.000
471	  L	  0.7	  0.6	0.000	0.000	0.000
472	  T	  2.5	  0.1	0.000	0.000	0.000
473	  R	  2.2	  0.1	0.000	0.000	0.000
474	  S	  2.6	  0.1	0.000	0.000	0.000
475	  T	 19.4	  0.1	0.000	0.000	0.000
476	  F	 20.4	  0.1	0.000	0.000	0.000
477	  T	 22.1	  0.0	0.000	0.000	0.000
478	  T	  4.6	  0.1	0.000	0.000	0.000
479	  S	  3.3	  0.1	0.000	0.000	0.000
480	  S	  3.9	  0.9	0.000	0.000	0.000
481	  M	  3.4	  0.9	0.000	0.000	0.000
482	  N	  3.3	  8.5	0.000	0.000	0.000
483	  S	  0.5	  9.0	0.000	0.000	0.000
484	  D	  0.0	  8.3	0.000	0.000	0.000
485	  G	  0.0	  8.3	0.000	0.000	0.000
486	  S	  2.1	  0.6	0.000	0.000	0.000
487	  W	  2.3	  0.1	0.000	0.000	0.000
488	  Q	  2.3	  0.1	0.000	0.000	0.000
489	  T	  0.8	  0.4	0.000	0.000	0.000
490	  D	  0.5	  0.6	0.000	0.000	0.000
491	  S	  0.5	  0.5	0.000	1.047	1.047
492	  G	  0.0	  0.5	0.000	8.997	8.997
493	  V	  6.8	  0.2	0.000	89.551	89.551
494	  V	 20.2	  0.0	0.000	89.807	89.807
495	  I	 23.6	  0.0	0.000	89.807	89.807
496	  V	 18.0	  0.1	0.000	89.757	89.757
497	  T	  4.4	  0.3	0.000	84.248	84.248
498	  G	  0.6	  0.4	0.000	3.481	3.481
499	  S	  0.2	  2.2	0.000	0.168	0.168
500	  E	  0.1	  2.1	0.000	0.000	0.000
501	  D	  2.3	  1.8	0.000	0.000	0.000
502	  V	  5.3	  1.7	0.000	0.000	0.000
503	  F	  5.7	  0.1	0.000	0.000	0.000
504	  E	  3.7	  0.1	0.000	0.000	0.000
505	  T	  2.1	  0.1	0.000	0.000	0.000
506	  T	  3.4	  0.1	0.000	0.000	0.000
507	  T	  4.1	  0.0	0.000	0.000	0.000
508	  T	  4.4	  0.0	0.000	0.000	0.000
509	  M	  2.9	  0.0	0.000	0.000	0.000
510	  F	  2.0	  0.6	0.000	0.000	0.000
511	  P	  0.1	  0.6	0.000	0.000	0.000
512	  H	  0.6	  0.6	0.000	0.000	0.000
513	  L	  0.7	  0.6	0.000	0.000	0.000
514	  T	  2.5	  0.1	0.000	0.000	0.000
515	  R	  2.2	  0.1	0.000	0.000	0.000
516	  S	  2.6	  0.1	0.000	0.000	0.000
517	  T	 19.4	  0.1	0.000	0.000	0.000
518	  F	 20.4	  0.1	0.000	0.000	0.000
519	  T	 22.1	  0.0	0.000	0.000	0.000
520	  T	  4.6	  0.1	0.000	0.000	0.000
521	  S	  3.3	  0.1	0.000	0.000	0.000
522	  S	  3.9	  0.9	0.000	0.000	0.000
523	  M	  3.4	  0.9	0.000	0.000	0.000
524	  N	  3.3	  8.5	0.000	0.000	0.000
525	  S	  0.5	  9.0	0.000	0.000	0.000
526	  D	  0.0	  8.3	0.000	0.000	0.000
527	  G	  0.0	  8.3	0.000	0.000	0.000
528	  S	  2.1	  0.6	0.000	0.000	0.000
529	  W	  2.3	  0.1	0.000	0.000	0.000
530	  Q	  2.3	  0.1	0.000	0.000	0.000
531	  T	  0.8	  0.4	0.000	0.000	0.000
532	  D	  0.5	  0.6	0.000	0.000	0.000
533	  S	  0.5	  0.5	0.000	1.047	1.047
534	  G	  0.0	  0.5	0.000	8.998	8.998
535	  V	  6.8	  0.2	0.000	89.570	89.570
536	  V	 20.2	  0.0	0.000	89.826	89.826
537	  I	 23.6	  0.0	0.000	89.826	89.826
538	  V	 18.0	  0.1	0.000	89.775	89.775
539	  T	  4.5	  0.3	0.000	84.266	84.266
540	  G	  0.6	  0.4	0.000	3.482	3.482
541	  S	  0.2	  1.8	0.000	0.168	0.168
542	  E	  0.1	  1.8	0.000	0.000	0.000
543	  D	  1.6	  1.6	0.000	0.000	0.000
544	  T	 11.9	  1.5	0.000	0.000	0.000
545	  F	 12.2	  0.1	0.000	0.000	0.000
546	  E	 10.8	  0.1	0.000	0.000	0.000
547	  T	  2.0	  0.1	0.000	0.000	0.000
548	  T	  3.1	  0.1	0.000	0.000	0.000
549	  T	  3.8	  0.0	0.000	0.000	0.000
550	  T	  4.3	  0.0	0.000	0.000	0.000
551	  M	  2.9	  0.0	0.000	0.000	0.000
552	  F	  2.0	  0.6	0.000	0.000	0.000
553	  P	  0.1	  0.6	0.000	0.000	0.000
554	  H	  0.6	  0.6	0.000	0.000	0.000
555	  L	  0.7	  0.6	0.000	0.000	0.000
556	  T	  2.5	  0.1	0.000	0.000	0.000
557	  R	  2.2	  0.1	0.000	0.000	0.000
558	  S	  2.6	  0.1	0.000	0.000	0.000
559	  T	 19.4	  0.1	0.000	0.000	0.000
560	  F	 20.4	  0.1	0.000	0.000	0.000
561	  T	 22.1	  0.0	0.000	0.000	0.000
562	  T	  4.6	  0.1	0.000	0.000	0.000
563	  S	  3.3	  0.1	0.000	0.000	0.000
564	  S	  3.9	  0.9	0.000	0.000	0.000
565	  M	  3.4	  0.9	0.000	0.000	0.000
566	  N	  3.3	  8.5	0.000	0.000	0.000
567	  S	  0.5	  9.0	0.000	0.000	0.000
568	  D	  0.0	  8.3	0.000	0.000	0.000
569	  G	  0.0	  8.3	0.000	0.000	0.000
570	  S	  2.1	  0.6	0.000	0.000	0.000
571	  W	  2.3	  0.1	0.000	0.000	0.000
572	  Q	  2.3	  0.1	0.000	0.000	0.000
573	  T	  0.8	  0.4	0.000	0.000	0.000
574	  D	  0.5	  0.6	0.000	0.000	0.000
575	  S	  0.5	  0.5	0.000	1.047	1.047
576	  G	  0.0	  0.5	0.000	8.998	8.998
577	  V	  6.8	  0.2	0.000	89.570	89.570
578	  V	 20.2	  0.0	0.000	89.826	89.826
579	  I	 23.6	  0.0	0.000	89.826	89.826
580	  V	 18.0	  0.1	0.000	89.775	89.775
581	  T	  4.5	  0.3	0.000	84.266	84.266
582	  G	  0.6	  0.4	0.000	3.482	3.482
583	  S	  0.2	  1.8	0.000	0.168	0.168
584	  E	  0.1	  1.8	0.000	0.000	0.000
585	  D	  1.6	  1.6	0.000	0.000	0.000
586	  T	 11.9	  1.5	0.000	0.000	0.000
587	  F	 12.2	  0.1	0.000	0.000	0.000
588	  E	 10.8	  0.1	0.000	0.000	0.000
589	  T	  2.0	  0.1	0.000	0.000	0.000
590	  T	  3.1	  0.1	0.000	0.000	0.000
591	  T	  3.8	  0.0	0.000	0.000	0.000
592	  T	  4.3	  0.0	0.000	0.000	0.000
593	  M	  2.9	  0.0	0.000	0.000	0.000
594	  F	  2.0	  0.6	0.000	0.000	0.000
595	  P	  0.1	  0.6	0.000	0.000	0.000
596	  H	  0.6	  0.6	0.000	0.000	0.000
597	  L	  0.7	  0.6	0.000	0.000	0.000
598	  T	  2.5	  0.1	0.000	0.000	0.000
599	  R	  2.2	  0.1	0.000	0.000	0.000
600	  S	  2.6	  0.1	0.000	0.000	0.000
601	  T	 19.8	  0.1	0.000	0.000	0.000
602	  F	 20.8	  0.1	0.000	0.000	0.000
603	  T	 21.6	  0.1	0.000	0.000	0.000
604	  T	  2.9	  0.1	0.000	0.000	0.000
605	  T	  1.5	  0.4	0.000	0.000	0.000
606	  G	  0.1	  0.5	0.000	0.000	0.000
607	  T	  0.8	  0.4	0.000	0.000	0.000
608	  N	  0.8	  8.3	0.000	0.000	0.000
609	  S	  0.8	  8.5	0.000	0.000	0.000
610	  D	  0.0	  8.5	0.000	0.000	0.000
611	  G	  0.0	  8.5	0.000	0.000	0.000
612	  D	  1.0	  0.5	0.000	0.000	0.000
613	  V	  3.6	  0.1	0.000	0.000	0.000
614	  V	  5.1	  0.0	0.000	0.000	0.000
615	  T	  4.6	  0.3	0.000	0.000	0.000
616	  D	  2.0	  0.5	0.000	0.000	0.000
617	  S	  0.5	  0.5	0.000	1.046	1.046
618	  G	  0.0	  0.4	0.000	8.994	8.994
619	  V	  6.8	  0.2	0.000	89.544	89.544
620	  V	 20.2	  0.0	0.000	89.799	89.799
621	  I	 23.5	  0.0	0.000	89.799	89.799
622	  V	 17.9	  0.1	0.000	89.749	89.749
623	  T	  4.4	  0.6	0.000	84.243	84.243
624	  G	  0.6	  1.0	0.000	3.478	3.478
625	  S	  0.1	  2.2	0.000	0.168	0.168
626	  D	  0.0	  2.7	0.000	0.000	0.000
627	  D	  0.5	  2.2	0.000	0.000	0.000
628	  S	  2.0	  1.8	0.000	0.000	0.000
629	  F	  2.3	  0.6	0.000	0.000	0.000
630	  K	  2.6	  0.1	0.000	0.000	0.000
631	  T	  2.8	  0.1	0.000	0.000	0.000
632	  T	  4.1	  0.1	0.000	0.000	0.000
633	  T	  4.1	  0.0	0.000	0.000	0.000
634	  T	  4.4	  0.0	0.000	0.000	0.000
635	  M	  2.9	  0.0	0.000	0.000	0.000
636	  F	  2.0	  0.5	0.000	0.000	0.000
637	  P	  0.1	  0.5	0.000	0.000	0.000
638	  H	  0.5	  0.5	0.000	0.000	0.000
639	  L	  0.9	  0.5	0.000	0.000	0.000
640	  T	  2.2	  0.1	0.000	0.000	0.000
641	  S	 21.8	  0.2	0.000	0.000	0.000
642	  F	 22.6	  0.3	0.000	0.000	0.000
643	  S	 22.1	  0.8	0.000	0.000	0.000
644	  S	  2.9	  1.3	0.173	0.000	0.000
645	  S	  1.6	  1.3	0.173	0.000	0.000
646	  S	  1.2	  1.3	0.173	0.000	0.000
647	  T	  3.7	  0.7	0.173	0.000	0.000
648	  K	  4.1	  0.3	0.173	0.000	0.000
649	  S	  4.4	  0.2	0.173	0.000	0.000
650	  T	  2.4	  0.2	0.000	0.000	0.000
651	  R	  1.7	  0.1	0.000	0.000	0.000
652	  T	  1.1	  0.2	0.000	0.000	0.000
653	  P	  0.0	  0.2	0.000	0.000	0.000
654	  W	  1.8	  0.2	0.000	0.000	0.000
655	  H	  4.9	  0.2	0.000	0.000	0.000
656	  F	  6.8	  0.1	0.000	0.000	0.000
657	  T	  5.8	  0.1	0.000	0.000	0.000
658	  N	  2.8	  1.2	0.000	0.000	0.000
659	  S	  1.7	  2.1	0.000	0.000	0.000
660	  S	  1.0	  2.1	0.000	0.000	0.000
661	  S	  1.5	  2.1	0.000	0.000	0.000
662	  K	  0.9	  1.0	0.000	0.000	0.000
663	  V	  0.8	  0.3	0.000	0.000	0.000
664	  P	  0.2	  0.3	0.000	0.000	0.000
665	  S	  0.4	  0.3	0.000	0.000	0.000
666	  S	  0.4	  0.3	0.000	0.000	0.000
667	  Q	  0.4	  0.3	0.000	0.000	0.000
668	  P	  0.1	  0.2	0.000	0.000	0.000
669	  T	  5.5	  0.2	0.000	0.000	0.000
670	  L	  5.5	  0.4	0.000	0.000	0.000
671	  S	  5.6	  0.3	0.000	0.000	0.000
672	  D	  0.2	  0.4	0.000	0.000	0.000
673	  T	  0.6	  0.5	0.000	0.000	0.000
674	  S	  0.9	  0.3	0.000	0.000	0.000
675	  L	  1.5	  0.2	0.000	0.000	0.000
676	  V	  2.3	  0.1	0.000	0.000	0.000
677	  S	  2.0	  2.4	0.000	0.000	0.000
678	  S	  1.3	  3.9	0.000	0.000	0.000
679	  D	  0.1	  4.7	0.000	0.000	0.000
680	  N	  0.0	  5.4	0.000	0.000	0.000
681	  D	  0.1	  3.2	0.000	0.000	0.000
682	  S	  0.3	  3.0	0.000	0.000	0.000
683	  R	  0.4	  2.1	0.000	0.000	0.000
684	  D	  0.4	  1.3	0.755	0.000	0.000
685	  Q	  0.8	  1.2	0.755	0.000	0.000
686	  V	  8.1	  0.0	0.755	0.000	0.000
687	  T	  9.4	  0.1	0.755	0.000	0.000
688	  M	  9.1	  0.2	0.755	0.000	0.000
689	  D	  2.0	  0.4	0.755	0.000	0.000
690	  S	  1.8	  0.5	0.000	0.000	0.000
691	  T	  2.5	  0.5	0.000	0.000	0.000
692	  S	  3.1	  1.1	0.000	0.000	0.000
693	  S	  1.9	  1.0	0.000	0.000	0.000
694	  S	 20.3	  0.9	0.000	0.000	0.000
695	  F	 23.5	  0.8	0.000	0.511	0.511
696	  S	 25.7	  0.1	0.000	0.511	0.511
697	  V	  8.6	  0.1	0.000	0.828	0.828
698	  T	  4.2	  0.0	0.000	0.828	0.828
699	  N	  2.3	  0.0	0.000	0.828	0.828
700	  T	 16.2	  0.0	0.000	0.828	0.828
701	  V	 17.1	  0.0	0.000	0.828	0.828
702	  K	 16.4	  0.1	0.000	0.000	0.000
703	  E	  1.6	  0.2	0.000	0.000	0.000
704	  S	  0.2	  0.3	0.000	0.000	0.000
705	  T	  0.2	  0.4	0.000	0.215	0.215
706	  G	  0.2	  0.3	0.000	0.215	0.215
707	  I	  0.7	  0.2	0.000	0.923	0.923
708	  S	  0.8	  0.2	0.241	0.923	0.923
709	  S	  1.1	  0.1	0.241	0.923	0.923
710	  I	  0.8	  0.1	0.241	0.923	0.923
711	  F	  1.3	  0.1	0.241	0.923	0.923
712	  K	  1.1	  0.1	0.241	0.000	0.000
713	  Q	  0.8	  0.2	0.241	0.000	0.000
714	  S	  1.0	  1.1	0.000	0.000	0.000
715	  S	  1.0	  1.0	0.000	0.000	0.000
716	  S	  1.3	  0.9	0.000	0.000	0.000
717	  M	  1.1	  0.8	0.000	0.000	0.000
718	  I	  2.9	  0.0	0.000	0.000	0.000
719	  A	  2.6	  0.0	0.000	0.000	0.000
720	  S	  1.9	  3.3	0.000	0.000	0.000
721	  P	  0.0	  4.0	0.000	0.000	0.000
722	  G	  0.0	  4.1	0.000	0.000	0.000
723	  S	  2.0	  4.9	0.000	0.000	0.000
724	  T	  2.0	  1.7	0.000	0.000	0.000
725	  S	  2.0	  1.1	0.000	0.000	0.000
726	  G	  0.1	  1.0	0.000	0.000	0.000
727	  I	  1.4	  0.3	0.000	0.000	0.000
728	  L	  1.8	  0.1	0.000	0.000	0.000
729	  S	  1.8	  0.0	0.000	0.000	0.000
730	  Q	  0.5	  0.2	0.000	0.000	0.000
731	  P	  0.1	  0.2	0.000	0.000	0.000
732	  T	  0.1	  1.3	0.000	0.000	0.000
733	  S	  0.1	  1.5	0.000	0.000	0.000
734	  D	  0.1	  3.4	0.000	0.000	0.000
735	  G	  0.0	  3.4	0.000	0.000	0.000
736	  N	  0.3	  2.4	0.169	0.000	0.000
737	  T	  1.0	  2.3	0.169	0.000	0.000
738	  Q	  1.2	  0.1	0.169	0.000	0.000
739	  T	  6.0	  0.1	0.169	0.000	0.000
740	  H	  5.4	  0.1	0.169	0.000	0.000
741	  Q	  5.2	  0.2	0.169	0.000	0.000
742	  P	  0.1	  0.2	0.000	0.000	0.000
743	  S	  2.7	  0.2	0.000	0.000	0.000
744	  I	  5.1	  0.3	0.000	0.000	0.000
745	  T	  5.5	  0.0	2.330	0.000	0.000
746	  S	  3.1	  0.2	3.050	0.000	0.000
747	  A	  0.8	  0.2	3.050	0.000	0.000
748	  E	  0.4	  0.2	3.050	0.000	0.000
749	  A	  0.2	  0.2	3.050	0.000	0.000
750	  E	  0.3	  0.0	3.050	0.000	0.000
751	  F	  0.2	  0.0	2.323	0.000	0.000
752	  P	  0.1	  0.0	0.000	0.000	0.000
753	  S	  0.0	  0.4	0.000	0.000	0.000
754	  P	  0.0	  0.4	0.000	0.000	0.000
755	  H	  0.1	  0.7	0.000	0.000	0.000
756	  S	  0.2	  0.8	0.000	0.000	0.000
757	  S	  0.8	  0.5	0.000	0.000	0.000
758	  K	  0.9	  0.5	0.000	0.000	0.000
759	  T	  1.3	  0.2	0.000	10.874	10.874
760	  L	  2.1	  0.1	0.000	18.484	18.484
761	  I	  5.9	  0.0	0.000	19.027	19.027
762	  V	  7.0	  0.0	0.000	19.027	19.027
763	  T	  6.7	  0.0	0.000	19.027	19.027
764	  T	  4.1	  0.0	0.000	12.735	12.735
765	  H	  4.0	  0.0	0.000	2.651	2.651
766	  V	 11.1	  0.0	0.000	2.651	2.651
767	  S	 11.0	  0.0	0.000	1.033	1.033
768	  V	 12.2	  0.0	0.000	1.033	1.033
769	  K	  4.2	  0.1	0.000	0.000	0.000
770	  S	  2.7	  0.1	0.147	0.000	0.000
771	  S	  2.8	  0.9	0.147	0.000	0.000
772	  M	  5.4	  0.8	0.147	0.000	0.000
773	  D	  5.4	  0.7	0.536	0.000	0.000
774	  I	  4.5	  0.7	0.536	0.531	0.531
775	  L	  2.0	  0.0	0.536	0.531	0.531
776	  T	  2.5	  0.0	0.389	0.531	0.531
777	  T	  1.0	  0.7	0.389	0.531	0.531
778	  A	  0.7	  0.7	0.389	0.531	0.531
779	  G	  0.1	  0.8	0.239	0.000	0.000
780	  Q	  0.1	  0.9	0.118	0.000	0.000
781	  S	  1.0	  0.9	0.000	0.000	0.000
782	  S	  1.3	  1.3	0.000	0.000	0.000
783	  S	  1.2	  1.3	0.000	0.000	0.000
784	  T	  0.4	  2.2	0.000	0.000	0.000
785	  G	  0.1	  1.5	0.000	0.000	0.000
786	  D	  0.0	  1.3	0.103	0.000	0.000
787	  K	  0.9	  1.1	0.103	0.000	0.000
788	  T	  1.9	  0.2	0.103	0.871	0.871
789	  T	  4.2	  0.2	0.103	1.144	1.144
790	  I	  5.3	  0.0	0.103	1.144	1.144
791	  I	  4.8	  0.1	0.103	1.144	1.144
792	  S	  3.3	  0.8	0.103	1.144	1.144
793	  S	  1.5	  0.8	0.103	0.273	0.273
794	  S	  4.9	  1.1	0.000	0.273	0.273
795	  V	  4.7	  1.1	0.000	0.273	0.273
796	  D	  4.5	  1.1	0.000	0.000	0.000
797	  A	  1.0	  1.1	0.000	0.000	0.000
798	  S	  2.0	  0.8	0.523	0.000	0.000
799	  I	  2.5	  0.8	0.523	0.000	0.000
800	  E	  2.2	  0.0	0.523	0.000	0.000
801	  T	  1.6	  0.0	0.523	0.000	0.000
802	  Q	  1.9	  0.0	0.523	0.000	0.000
803	  M	  1.9	  0.0	0.523	0.000	0.000
804	  S	  0.9	  0.0	0.145	0.000	0.000
805	  E	  0.1	  0.0	0.000	0.000	0.000
806	  P	  0.0	  0.0	0.000	0.000	0.000
807	  A	  0.0	  0.0	0.000	0.000	0.000
808	  E	  0.0	  0.2	0.000	0.000	0.000
809	  P	  0.0	  0.3	0.000	0.000	0.000
810	  T	  0.2	  0.3	0.000	0.000	0.000
811	  N	  0.8	  0.3	0.000	0.000	0.000
812	  L	  1.4	  0.2	0.000	0.000	0.000
813	  R	  1.4	  0.2	0.000	0.000	0.000
814	  S	  1.0	  0.3	0.000	0.000	0.000
815	  S	  0.9	  0.3	0.000	0.000	0.000
816	  T	  2.3	  0.3	0.113	0.000	0.000
817	  Q	  2.3	  0.2	0.113	0.000	0.000
818	  Q	  2.0	  0.1	0.113	0.000	0.000
819	  K	  0.8	  0.1	0.113	0.000	0.000
820	  A	  0.7	  0.1	0.113	0.000	0.000
821	  T	  3.3	  0.2	0.113	0.000	0.000
822	  A	  2.9	  0.2	0.113	0.000	0.000
823	  S	  2.9	  1.2	0.113	0.000	0.000
824	  E	  0.3	  1.2	0.000	0.000	0.000
825	  S	  0.4	  1.2	0.000	0.000	0.000
826	  S	  0.4	  1.2	0.000	0.000	0.000
827	  H	  0.4	  0.8	0.000	0.000	0.000
828	  A	  0.3	  0.8	0.000	0.000	0.000
829	  D	  0.2	  0.6	0.000	0.000	0.000
830	  T	  0.1	  0.7	0.000	0.000	0.000
831	  P	  0.1	  0.2	0.000	0.000	0.000
832	  K	  0.1	  0.3	0.000	0.000	0.000
833	  E	  0.1	  0.3	0.000	0.000	0.000
834	  N	  2.3	  0.2	0.000	0.000	0.000
835	  T	 30.8	  0.1	0.000	0.000	0.000
836	  F	 34.6	  0.0	0.000	0.000	0.000
837	  S	 38.5	  0.0	0.000	0.000	0.000
838	  W	 12.2	  0.0	0.000	0.000	0.000
839	  T	  6.7	  0.2	0.000	0.000	0.000
840	  P	  0.2	  0.3	0.000	0.000	0.000
841	  S	  0.2	  0.3	0.000	0.000	0.000
842	  T	  1.3	  0.4	0.000	0.000	0.000
843	  L	  1.4	  0.2	0.000	0.000	0.000
844	  D	  1.4	  0.1	0.000	0.000	0.000
845	  T	  3.3	  0.1	0.000	0.000	0.000
846	  T	 21.8	  0.1	0.000	0.000	0.000
847	  Y	 22.9	  0.0	0.000	0.000	0.000
848	  T	 21.0	  0.0	0.000	0.000	0.000
849	  T	  2.6	  0.3	0.000	0.000	0.000
850	  R	  1.1	  0.4	0.000	0.000	0.000
851	  D	  0.2	  0.4	0.000	0.000	0.000
852	  N	  0.1	  0.4	0.000	0.000	0.000
853	  H	  0.2	  0.4	0.000	0.000	0.000
854	  L	  0.2	  0.4	0.000	0.000	0.000
855	  G	  0.2	  0.5	0.000	0.000	0.000
856	  T	  0.4	  0.4	0.000	0.000	0.000
857	  D	  0.6	  0.4	0.000	0.000	0.000
858	  T	  1.9	  0.2	0.000	0.000	0.000
859	  T	  3.5	  0.2	0.000	0.000	0.000
860	  H	  3.4	  0.2	0.000	0.000	0.000
861	  S	  2.3	  0.2	0.000	0.000	0.000
862	  A	  0.4	  0.2	0.000	0.000	0.000
863	  K	  0.8	  0.2	0.000	0.000	0.000
864	  A	  2.0	  0.1	0.000	0.000	0.000
865	  T	  2.5	  0.0	0.000	0.000	0.000
866	  I	  2.0	  0.0	0.000	0.000	0.000
867	  P	  0.6	  0.0	0.000	0.000	0.000
868	  A	  0.0	  0.3	0.000	0.000	0.000
869	  A	  0.1	  0.3	0.000	0.000	0.000
870	  D	  0.1	  0.3	0.000	0.000	0.000
871	  Q	  0.1	  1.0	0.000	0.000	0.000
872	  P	  0.0	  0.7	0.000	0.000	0.000
873	  N	  0.1	  0.7	0.000	0.000	0.000
874	  A	  1.0	  0.7	0.000	0.000	0.000
875	  T	  1.2	  0.0	0.000	0.000	0.000
876	  M	  1.2	  0.1	0.000	0.000	0.000
877	  P	  0.2	  0.3	0.000	0.000	0.000
878	  E	  0.0	  0.3	0.000	0.000	0.000
879	  S	 10.2	  0.4	0.000	0.000	0.000
880	  V	 18.0	  0.2	0.000	0.000	0.000
881	  S	 21.2	  0.5	0.000	0.000	0.000
882	  V	 12.3	  0.5	0.000	0.000	0.000
883	  D	  4.1	  0.4	0.000	0.000	0.000
884	  N	  3.9	  0.4	0.000	0.000	0.000
885	  V	  7.7	  0.0	0.000	0.000	0.000
886	  Y	  9.1	  0.1	0.000	0.000	0.000
887	  S	  5.8	  0.2	0.000	0.000	0.000
888	  S	  1.7	  0.2	0.197	0.000	0.000
889	  Q	  0.4	  0.2	0.197	0.000	0.000
890	  A	  0.3	  0.4	0.197	0.000	0.000
891	  E	  0.3	  0.3	0.197	0.000	0.000
892	  D	  0.1	  0.3	0.197	0.000	0.000
893	  Q	  0.1	  0.3	0.197	0.000	0.000
894	  P	  0.0	  0.0	0.000	0.000	0.000
895	  A	  0.0	  0.2	0.000	0.000	0.000
896	  P	  0.0	  0.2	0.000	0.000	0.000
897	  T	  0.3	  0.2	0.000	0.000	0.000
898	  T	  0.5	  0.4	0.000	0.000	0.000
899	  E	  0.6	  0.2	0.000	0.000	0.000
900	  S	  0.9	  0.2	0.000	0.000	0.000
901	  L	  2.2	  0.2	0.000	0.000	0.000
902	  Q	  3.0	  0.0	0.000	0.000	0.000
903	  L	  2.6	  0.1	0.000	0.000	0.000
904	  T	  1.4	  0.1	0.000	0.000	0.000
905	  D	  0.8	  0.2	0.000	0.000	0.000
906	  I	  0.7	  0.3	0.000	0.000	0.000
907	  Q	  0.4	  0.4	0.000	0.000	0.000
908	  G	  0.2	  0.4	0.000	0.000	0.000
909	  S	  3.0	  0.3	0.000	0.000	0.000
910	  I	  6.5	  0.1	0.000	0.000	0.000
911	  T	  6.8	  0.0	0.000	0.000	0.000
912	  T	  4.0	  0.0	0.000	0.000	0.000
913	  E	  0.4	  0.0	0.000	0.000	0.000
914	  A	  0.1	  0.6	0.000	0.000	0.000
915	  P	  0.0	  0.9	0.000	0.000	0.000
916	  E	  0.0	  2.0	0.000	0.000	0.000
917	  G	  0.0	  2.0	0.000	0.000	0.000
918	  N	  0.0	  4.6	0.248	0.000	0.000
919	  E	  0.0	  4.4	0.248	0.000	0.000
920	  N	  0.0	  3.3	0.248	0.000	0.000
921	  N	  0.0	  4.6	0.248	0.000	0.000
922	  A	  0.0	  1.3	0.248	0.000	0.000
923	  G	  0.0	  1.3	0.248	0.000	0.000
924	  Q	  0.7	  1.3	0.113	0.000	0.000
925	  V	  1.3	  0.0	0.000	0.000	0.000
926	  Q	  1.3	  0.1	0.000	0.000	0.000
927	  E	  0.6	  0.1	0.000	0.000	0.000
928	  S	  0.9	  0.1	0.000	0.000	0.000
929	  I	  2.1	  0.1	0.000	0.000	0.000
930	  K	  2.2	  0.2	0.000	0.000	0.000
931	  S	  2.2	  0.8	0.000	0.000	0.000
932	  S	  1.1	  0.9	0.000	0.000	0.000
933	  S	  4.5	  0.8	0.000	0.584	0.584
934	  V	  6.5	  0.7	0.000	1.169	1.169
935	  T	  7.2	  0.0	0.000	1.169	1.169
936	  A	  4.2	  0.0	0.000	1.169	1.169
937	  V	  2.7	  0.0	0.000	1.169	1.169
938	  S	  2.0	  0.0	0.000	0.584	0.584
939	  T	  1.5	  0.1	0.000	0.000	0.000
940	  P	  0.1	  0.1	0.000	0.000	0.000
941	  L	  0.3	  0.1	0.000	0.911	0.911
942	  I	  3.6	  0.1	0.000	0.911	0.911
943	  T	  6.7	  0.0	0.000	0.911	0.911
944	  T	 16.3	  0.0	0.000	0.911	0.911
945	  Y	 13.8	  0.8	0.000	0.911	0.911
946	  E	 10.6	  0.9	0.000	0.000	0.000
947	  D	  0.7	  3.0	0.300	0.000	0.000
948	  G	  0.0	  3.1	0.300	0.000	0.000
949	  G	  0.0	  2.5	0.300	0.000	0.000
950	  R	  0.0	  2.9	0.300	0.000	0.000
951	  K	  0.1	  0.9	0.300	0.000	0.000
952	  G	  0.1	  0.8	0.300	0.109	0.109
953	  S	  5.1	  0.9	0.300	2.976	2.976
954	  V	  5.9	  0.4	0.000	7.149	7.149
955	  N	  6.1	  0.3	0.000	7.491	7.491
956	  A	  1.2	  0.3	0.000	15.998	15.998
957	  F	  0.7	  0.6	0.000	26.010	26.010
958	  A	  0.6	  0.6	0.000	26.782	26.782
959	  G	  0.5	  0.6	0.000	27.681	27.681
960	  I	  1.0	  0.6	0.000	37.810	37.810
961	  C	  1.1	  0.1	0.000	38.658	38.658
962	  G	  1.0	  0.0	0.167	42.765	42.765
963	  L	  1.0	  0.0	0.167	88.380	88.380
964	  L	  1.5	  0.0	0.167	96.896	96.896
965	  V	  6.0	  0.0	0.167	98.307	98.307
966	  S	  5.5	  0.0	0.167	98.006	98.006
967	  L	  5.3	  0.0	0.167	97.967	97.967
968	  I	  2.7	  0.0	0.167	97.443	97.443
969	  F	  2.3	  0.0	0.167	94.558	94.558
970	  L	  1.8	  0.0	0.000	0.009	0.009
