res	aa	Beta	Turn	Helix	Aggregation	Conc-Stab_Aggregation
01	  M	  0.4	  0.0	0.000	0.000	0.000
02	  A	  0.7	  0.0	0.000	0.424	0.424
03	  I	  8.3	  0.0	0.000	0.625	0.625
04	  N	  7.9	  0.0	0.000	0.625	0.625
05	  I	  7.9	  0.2	0.000	0.625	0.625
06	  G	  0.5	  0.4	0.000	0.625	0.625
07	  I	  1.4	  2.1	0.000	0.625	0.625
08	  N	  1.2	  2.1	0.000	0.000	0.000
09	  G	  0.9	  1.9	0.000	0.000	0.000
10	  F	  0.0	  1.7	0.000	0.000	0.000
11	  G	  0.0	  0.0	0.000	0.000	0.000
12	  R	  0.0	  0.0	0.000	0.000	0.000
13	  I	  0.0	  0.0	-1.#IO	0.000	0.000
14	  G	  0.0	  0.0	-1.#IO	0.000	0.000
15	  R	  0.0	  0.0	-1.#IO	0.000	0.000
16	  L	  0.0	  0.0	-1.#IO	0.000	0.000
17	  V	  0.0	  0.0	-1.#IO	0.000	0.000
18	  L	  0.0	  0.0	-1.#IO	0.000	0.000
19	  R	  0.0	  0.0	-1.#IO	0.000	0.000
20	  V	  0.0	  0.0	-1.#IO	0.000	0.000
21	  A	  0.0	  0.0	-1.#IO	0.000	0.000
22	  L	  0.0	  0.0	-1.#IO	0.000	0.000
23	  T	  0.0	  0.0	-1.#IO	0.000	0.000
24	  R	  0.0	  0.0	-1.#IO	0.000	0.000
25	  K	  0.0	  0.0	-1.#IO	0.000	0.000
26	  D	  0.0	  0.0	0.000	0.000	0.000
27	  I	  0.0	  0.0	0.000	0.000	0.000
28	  N	  1.6	  0.0	0.163	0.448	0.448
29	  V	  5.5	  0.0	0.163	1.511	1.511
30	  V	 11.4	  0.0	0.163	1.511	1.511
31	  A	 10.1	  0.0	0.163	1.511	1.511
32	  V	  7.3	  0.0	0.163	1.511	1.511
33	  N	  1.1	  0.0	0.163	1.063	1.063
34	  D	  0.8	  0.0	0.000	0.000	0.000
35	  P	  0.0	  0.0	0.000	0.000	0.000
36	  F	  3.6	  0.0	0.000	0.000	0.000
37	  I	  3.6	  0.0	0.000	0.000	0.000
38	  A	  3.6	  0.0	0.000	0.000	0.000
39	  P	  0.0	  0.0	0.000	0.000	0.000
40	  D	  0.0	  0.0	0.000	0.000	0.000
41	  Y	  0.0	  0.0	-1.#IO	0.000	0.000
42	  A	  0.0	  0.0	-1.#IO	0.000	0.000
43	  S	  0.0	  0.0	-1.#IO	0.000	0.000
44	  Y	  0.0	  0.0	-1.#IO	0.000	0.000
45	  M	  0.0	  0.0	-1.#IO	0.000	0.000
46	  F	  0.0	  0.0	-1.#IO	0.000	0.000
47	  K	  0.0	  0.0	-1.#IO	0.000	0.000
48	  Y	  0.0	  0.0	-1.#IO	0.000	0.000
49	  D	  0.0	  0.0	-1.#IO	0.000	0.000
50	  S	  0.0	  0.0	-1.#IO	0.000	0.000
51	  T	  0.0	  0.0	-1.#IO	0.000	0.000
52	  H	  0.0	  0.0	-1.#IO	0.000	0.000
53	  G	  0.0	  0.0	-1.#IO	0.000	0.000
54	  Q	  0.0	  0.0	0.000	0.000	0.000
55	  Y	  0.0	  0.0	0.000	0.000	0.000
56	  N	  0.0	  0.1	0.000	0.000	0.000
57	  G	  0.0	  0.1	0.000	0.000	0.000
58	  D	  1.3	  0.1	0.000	0.000	0.000
59	  V	  2.7	  0.2	0.000	0.000	0.000
60	  K	  2.8	  0.4	0.000	0.000	0.000
61	  T	  1.6	  0.7	0.000	0.000	0.000
62	  D	  0.2	  2.4	0.000	0.000	0.000
63	  G	  0.0	  2.6	0.000	0.000	0.000
64	  D	  0.0	  2.2	0.000	0.000	0.000
65	  N	  0.3	  2.0	0.000	0.000	0.000
66	  L	  2.5	  0.2	0.000	0.000	0.000
67	  V	  7.2	  0.1	0.000	0.000	0.000
68	  I	  7.5	  0.7	0.000	0.000	0.000
69	  D	  5.3	  0.8	0.000	0.000	0.000
70	  G	  0.6	  0.8	0.000	0.000	0.000
71	  H	  1.3	  0.7	0.000	0.000	0.000
72	  K	  2.6	  0.1	0.000	0.000	0.000
73	  I	  6.0	  0.0	0.000	7.701	7.701
74	  A	  5.3	  0.0	0.000	7.701	7.701
75	  V	  5.0	  0.0	0.000	7.701	7.701
76	  F	  1.6	  0.2	0.000	7.701	7.701
77	  G	  1.0	  0.3	0.000	7.701	7.701
78	  E	  0.5	  0.3	0.000	0.000	0.000
79	  K	  0.4	  0.3	0.000	0.000	0.000
80	  D	  0.4	  0.4	0.000	0.000	0.000
81	  P	  0.0	  0.3	0.000	0.000	0.000
82	  A	  0.3	  0.3	0.000	0.000	0.000
83	  A	  0.3	  0.3	0.000	0.000	0.000
84	  I	  0.4	  0.2	0.000	0.000	0.000
85	  P	  0.1	  0.5	0.000	0.000	0.000
86	  W	  0.1	  0.7	0.000	0.000	0.000
87	  G	  0.1	  1.2	0.000	0.000	0.000
88	  K	  0.2	  1.2	0.000	0.000	0.000
89	  S	  0.1	  0.9	0.000	0.000	0.000
90	  G	  0.2	  0.8	0.000	0.000	0.000
91	  V	  2.0	  0.3	0.000	0.000	0.000
92	  D	  2.3	  0.1	0.000	0.000	0.000
93	  Y	  4.4	  0.1	0.000	0.000	0.000
94	  V	  5.7	  0.0	0.000	0.000	0.000
95	  I	  5.8	  0.0	0.000	0.000	0.000
96	  E	  3.8	  0.2	0.000	0.000	0.000
97	  S	  0.7	  0.3	0.000	0.164	0.164
98	  T	  0.2	  0.3	0.000	0.953	0.953
99	  G	  0.1	  0.3	0.000	0.953	0.953
100	  V	  2.8	  0.1	0.000	0.953	0.953
101	  F	  6.8	  0.0	0.000	0.953	0.953
102	  T	  7.6	  0.1	0.000	0.789	0.789
103	  K	  5.5	  0.7	0.000	0.000	0.000
104	  L	  1.5	  0.9	0.000	0.000	0.000
105	  D	  0.6	  1.0	0.129	0.000	0.000
106	  G	  0.1	  1.0	0.321	0.000	0.000
107	  A	  0.1	  0.5	0.321	0.000	0.000
108	  Q	  0.2	  0.3	0.321	0.000	0.000
109	  K	  0.8	  0.2	0.321	0.000	0.000
110	  H	  6.0	  0.4	0.321	0.000	0.000
111	  I	  6.5	  0.5	0.191	0.000	0.000
112	  D	  6.0	  1.3	0.191	0.000	0.000
113	  G	  0.7	  1.3	0.000	0.000	0.000
114	  G	  0.0	  1.0	0.000	0.000	0.000
115	  A	  0.1	  0.9	0.000	0.000	0.000
116	  K	  0.2	  0.1	0.000	0.000	0.000
117	  K	  2.2	  0.0	0.000	0.000	0.000
118	  V	  8.5	  0.0	0.000	0.000	0.000
119	  I	 12.2	  0.0	0.000	0.000	0.000
120	  I	 18.6	  0.0	0.000	0.000	0.000
121	  T	 12.5	  0.0	0.000	0.000	0.000
122	  A	  8.6	  0.4	0.000	0.000	0.000
123	  P	  0.1	  0.4	0.000	0.000	0.000
124	  S	  0.3	  3.0	0.000	0.000	0.000
125	  A	  0.4	  3.0	0.000	0.000	0.000
126	  D	  0.4	  2.6	0.000	0.000	0.000
127	  A	  0.0	  2.6	0.000	0.000	0.000
128	  P	  0.0	  0.0	0.000	0.474	0.474
129	  M	  0.8	  0.0	0.000	34.575	34.575
130	  F	  3.0	  0.0	0.000	58.160	58.160
131	  V	  4.0	  0.0	0.000	58.160	58.160
132	  V	  3.6	  0.0	0.000	58.160	58.160
133	  G	  1.5	  0.0	0.000	57.833	57.833
134	  V	  0.7	  0.0	0.000	52.332	52.332
135	  N	  0.3	  3.1	0.528	0.874	0.874
136	  E	  0.3	  3.1	0.528	0.000	0.000
137	  D	  0.1	  3.2	0.528	0.000	0.000
138	  K	  0.9	  3.4	0.528	0.000	0.000
139	  Y	  1.3	  5.0	0.528	0.000	0.000
140	  N	  1.2	  5.2	0.528	0.000	0.000
141	  G	  0.5	  5.2	0.223	0.000	0.000
142	  E	  0.0	  5.0	0.101	0.000	0.000
143	  T	  4.7	  0.3	0.000	0.000	0.000
144	  I	  7.4	  0.1	0.000	0.000	0.000
145	  V	  7.6	  0.1	0.000	0.000	0.000
146	  S	  3.0	  0.1	0.000	0.000	0.000
147	  N	  0.3	  2.4	0.000	0.000	0.000
148	  A	  0.5	  2.4	0.000	0.000	0.000
149	  S	  8.0	  2.3	0.000	0.000	0.000
150	  C	  8.3	  2.3	0.000	0.000	0.000
151	  T	  8.4	  0.2	0.000	0.000	0.000
152	  T	  1.3	  0.2	0.000	0.000	0.000
153	  N	  1.0	  0.2	0.000	0.000	0.000
154	  C	  5.8	  0.1	0.000	0.000	0.000
155	  L	  5.3	  0.0	0.000	0.000	0.000
156	  A	  5.3	  0.1	0.000	0.000	0.000
157	  P	  0.0	  0.1	0.000	0.000	0.000
158	  L	  0.1	  0.1	0.000	0.000	0.000
159	  A	  0.3	  0.1	0.000	0.000	0.000
160	  K	  2.2	  0.0	0.000	0.000	0.000
161	  V	  6.7	  0.0	0.000	0.000	0.000
162	  V	  6.8	  0.1	0.000	0.000	0.000
163	  N	  5.0	  0.1	0.000	0.000	0.000
164	  D	  2.1	  0.1	0.000	0.000	0.000
165	  T	  2.6	  0.2	0.000	0.000	0.000
166	  F	  2.9	  0.3	0.000	0.000	0.000
167	  G	  1.4	  0.2	0.000	0.000	0.000
168	  I	  0.6	  0.3	0.000	0.000	0.000
169	  E	  0.3	  0.3	0.000	0.000	0.000
170	  E	  0.2	  0.3	0.000	0.000	0.000
171	  G	  0.0	  0.3	0.144	0.000	0.000
172	  L	  0.2	  0.2	0.144	0.861	0.861
173	  M	  0.6	  0.1	0.144	0.861	0.861
174	  T	  2.6	  0.0	0.144	0.861	0.861
175	  T	  7.9	  0.0	0.144	0.861	0.861
176	  V	  8.5	  0.0	0.144	0.861	0.861
177	  H	  6.7	  0.0	0.144	0.000	0.000
178	  S	  3.8	  0.0	0.000	0.000	0.000
179	  I	  6.7	  0.0	0.000	0.000	0.000
180	  T	  7.6	  0.0	0.100	0.000	0.000
181	  A	  5.2	  0.0	0.100	0.000	0.000
182	  T	  3.1	  0.0	0.207	0.000	0.000
183	  Q	  2.1	  0.1	0.207	0.000	0.000
184	  K	  2.6	  0.1	0.207	0.000	0.000
185	  T	  5.5	  0.3	0.207	0.000	0.000
186	  V	  5.5	  0.2	0.207	0.000	0.000
187	  D	  4.8	  0.3	0.207	0.000	0.000
188	  G	  0.2	  0.9	0.000	0.000	0.000
189	  P	  0.0	  0.8	0.000	0.000	0.000
190	  S	  0.3	  0.8	0.000	0.000	0.000
191	  H	  0.5	  1.3	0.000	0.000	0.000
192	  K	  0.6	  0.8	0.000	0.000	0.000
193	  D	  1.0	  0.8	0.000	0.000	0.000
194	  W	  1.0	  0.9	0.000	0.000	0.000
195	  R	  1.0	  1.7	0.000	0.000	0.000
196	  G	  0.2	  2.1	0.000	0.000	0.000
197	  G	  0.0	  2.0	0.000	0.000	0.000
198	  R	  0.1	  1.9	0.000	0.000	0.000
199	  T	  2.7	  1.0	0.000	0.000	0.000
200	  A	  2.8	  0.7	0.000	0.000	0.000
201	  S	  2.7	  1.5	0.000	0.000	0.000
202	  G	  0.1	  1.5	0.000	0.000	0.000
203	  N	  4.6	  0.9	0.000	0.000	0.000
204	  I	  4.9	  0.8	0.000	0.000	0.000
205	  I	  4.9	  0.2	0.000	0.000	0.000
206	  P	  0.4	  0.3	0.000	0.000	0.000
207	  S	  0.3	  0.7	0.000	0.000	0.000
208	  S	  0.4	  0.9	0.391	0.000	0.000
209	  T	  0.4	  0.8	0.924	0.000	0.000
210	  G	  0.1	  0.7	1.592	0.000	0.000
211	  A	  0.1	  0.3	1.592	0.000	0.000
212	  A	  0.2	  0.2	1.592	0.000	0.000
213	  K	  0.3	  0.0	1.592	0.000	0.000
214	  A	  0.4	  0.2	1.592	0.000	0.000
215	  V	  0.4	  0.3	1.314	0.000	0.000
216	  G	  0.2	  0.2	1.314	0.000	0.000
217	  K	  4.0	  0.2	0.126	0.000	0.000
218	  V	  4.5	  0.0	0.000	0.000	0.000
219	  I	  4.5	  0.0	0.000	0.000	0.000
220	  P	  0.6	  0.1	0.000	0.000	0.000
221	  E	  0.8	  0.2	0.000	0.000	0.000
222	  L	  0.8	  7.4	0.000	0.000	0.000
223	  N	  0.9	  7.5	0.000	0.000	0.000
224	  G	  0.1	  7.4	0.307	0.000	0.000
225	  K	  1.7	  7.3	0.307	0.000	0.000
226	  L	  1.9	  0.2	0.307	0.000	0.000
227	  T	  1.9	  0.1	0.307	0.000	0.000
228	  G	  0.2	  0.1	0.307	0.000	0.000
229	  M	  2.1	  0.1	0.307	0.000	0.000
230	  S	  4.0	  0.0	0.000	0.000	0.000
231	  L	  7.1	  0.0	0.000	0.000	0.000
232	  R	  5.3	  0.0	0.000	0.000	0.000
233	  V	  3.4	  0.0	0.000	0.000	0.000
234	  P	  0.2	  0.0	0.000	0.000	0.000
235	  T	  3.9	  0.0	0.000	0.000	0.000
236	  V	 10.9	  0.0	0.000	0.000	0.000
237	  D	 11.5	  0.1	0.085	0.000	0.000
238	  V	 14.7	  0.1	0.085	1.438	1.438
239	  S	  8.2	  0.1	4.238	1.438	1.438
240	  V	 10.1	  0.1	4.324	1.558	1.558
241	  V	  5.0	  0.0	4.650	1.558	1.558
242	  D	  4.4	  0.0	7.623	1.558	1.558
243	  L	  4.6	  0.0	7.623	1.558	1.558
244	  T	  9.3	  0.0	8.980	1.558	1.558
245	  V	 12.0	  0.0	8.980	1.558	1.558
246	  R	  9.5	  0.0	8.980	1.558	1.558
247	  L	  3.4	  0.0	8.716	1.138	1.138
248	  K	  0.4	  0.1	8.431	0.000	0.000
249	  K	  0.4	  0.1	4.569	0.000	0.000
250	  S	  0.9	  0.3	1.116	0.000	0.000
251	  A	  1.6	  0.2	0.070	0.000	0.000
252	  T	 11.4	  0.2	1.500	0.000	0.000
253	  Y	 11.4	  0.2	1.500	0.000	0.000
254	  E	 10.7	  0.1	1.833	0.000	0.000
255	  E	  1.7	  0.1	2.158	0.000	0.000
256	  I	  2.4	  0.1	2.275	3.963	3.963
257	  S	  2.4	  0.0	5.714	3.963	3.963
258	  A	  1.5	  0.0	5.599	3.963	3.963
259	  A	  0.6	  0.0	5.599	3.963	3.963
260	  I	  0.9	  0.0	5.454	3.963	3.963
261	  K	  0.9	  0.0	5.454	0.000	0.000
262	  K	  0.6	  0.1	4.439	0.000	0.000
263	  A	  0.2	  0.3	1.957	0.000	0.000
264	  S	  0.1	  1.0	5.556	0.000	0.000
265	  E	  0.0	  1.2	4.865	0.000	0.000
266	  G	  0.0	  1.1	5.137	0.000	0.000
267	  E	  1.2	  0.9	5.108	0.000	0.000
268	  L	  1.2	  0.6	5.108	0.000	0.000
269	  K	  1.3	  0.5	5.108	0.000	0.000
270	  G	  0.1	  0.4	5.108	0.275	0.275
271	  I	  1.1	  0.4	1.908	1.053	1.053
272	  L	  1.1	  0.0	1.908	1.053	1.053
273	  G	  1.3	  0.0	1.616	1.053	1.053
274	  Y	  1.3	  0.0	1.332	1.053	1.053
275	  T	  1.3	  0.4	0.000	0.778	0.778
276	  E	  1.2	  0.4	0.000	0.000	0.000
277	  D	  0.1	  0.4	0.000	0.000	0.000
278	  A	  0.8	  0.4	0.000	0.000	0.000
279	  V	  5.2	  0.0	0.000	0.000	0.000
280	  V	  6.0	  0.1	0.000	0.000	0.000
281	  S	  5.8	  0.7	0.000	0.000	0.000
282	  T	  1.7	  0.7	0.000	0.000	0.000
283	  D	  0.9	  0.6	0.000	0.000	0.000
284	  F	  0.7	  0.8	0.000	0.000	0.000
285	  L	  0.4	  0.9	0.000	0.000	0.000
286	  G	  0.4	  1.2	0.000	0.000	0.000
287	  S	  0.0	  1.2	0.000	0.000	0.000
288	  N	  0.3	  1.5	0.000	0.000	0.000
289	  L	  0.6	  0.9	0.000	0.369	0.369
290	  S	  0.7	  0.6	0.000	0.369	0.369
291	  S	  0.7	  0.6	0.000	0.369	0.369
292	  I	  0.7	  0.1	0.000	0.369	0.369
293	  F	  1.5	  0.1	0.000	0.369	0.369
294	  D	  1.3	  0.2	0.107	0.000	0.000
295	  Q	  1.1	  0.3	0.107	0.000	0.000
296	  K	  0.2	  0.4	0.107	0.000	0.000
297	  A	  0.2	  0.4	0.107	0.801	0.801
298	  G	  0.1	  0.3	0.107	0.801	0.801
299	  I	  3.1	  0.2	0.107	0.801	0.801
300	  L	  3.8	  0.1	0.107	0.801	0.801
301	  L	  3.8	  0.0	0.107	0.801	0.801
302	  S	  0.9	  0.4	0.107	0.000	0.000
303	  P	  0.1	  0.4	0.000	0.000	0.000
304	  T	  4.8	  0.4	0.095	0.511	0.511
305	  F	  6.6	  0.4	0.095	1.361	1.361
306	  V	 13.1	  0.0	0.095	1.361	1.361
307	  K	  8.9	  0.0	0.095	1.361	1.361
308	  L	  7.4	  0.0	0.095	30.797	30.797
309	  I	  4.1	  0.0	0.095	30.797	30.797
310	  S	  4.3	  0.0	0.095	30.797	30.797
311	  W	  4.8	  0.1	0.000	30.797	30.797
312	  Y	  1.9	  0.2	0.000	30.797	30.797
313	  D	  1.2	  0.2	0.000	1.361	1.361
314	  N	  0.4	  0.5	0.000	0.000	0.000
315	  E	  0.1	  0.4	0.000	0.000	0.000
316	  F	  0.3	  0.3	0.000	0.000	0.000
317	  G	  0.3	  0.2	0.000	0.000	0.000
318	  Y	  1.1	  0.1	0.000	0.000	0.000
319	  S	  1.5	  0.1	0.102	0.000	0.000
320	  T	  2.3	  0.1	0.102	0.000	0.000
321	  R	  3.6	  0.1	0.102	0.000	0.000
322	  V	  6.7	  0.0	0.102	0.000	0.000
323	  V	  8.0	  0.0	0.102	0.000	0.000
324	  D	  5.9	  0.0	0.220	0.000	0.000
325	  L	  2.3	  0.0	0.220	0.000	0.000
326	  L	  0.4	  0.1	0.220	0.000	0.000
327	  E	  0.4	  0.1	0.220	0.000	0.000
328	  H	  2.0	  0.1	0.118	0.000	0.000
329	  V	  2.4	  0.1	0.118	0.000	0.000
330	  A	  2.3	  0.0	0.118	0.000	0.000
331	  K	  0.8	  0.0	0.118	0.000	0.000
332	  N	  0.1	  0.0	0.000	0.000	0.000
