

TREE # 1

  0  0.0000   9544.781929  x:  0.13749   0.06015   0.00000   0.03502   0.10673   0.11990   0.03054   0.01560   0.07598   0.07525   0.06736   0.08912   0.07216   0.17269   0.46650   0.33922   0.32767  
  1 99.0000   7565.754942  x:  0.63436   0.55702   4.87756   0.63677   0.38472   0.53662   0.55398   0.92779   0.43581   0.49414   0.41586   0.49577   0.63146   0.70963   0.67648   0.27554   0.33220  
  2 16976.4946   7493.231978  x:  0.65529   0.57795   4.87664   0.62225   0.39948   0.56061   0.53893   0.91125   0.43464   0.49188   0.40775   0.50404   0.63660   0.73421   0.72649   0.14449   0.28969  
  3 676.4387   7310.047163  x:  0.77649   0.69915   4.83987   0.56512   0.48647   0.69185   0.47933   0.84238   0.44627   0.49609   0.37984   0.56326   0.67799   0.87566   0.91113   0.14864   0.02976  
  4 493.0536   7299.355584  x:  0.82301   0.74567   4.82330   0.53905   0.51496   0.74236   0.45409   0.81087   0.45158   0.49499   0.38394   0.58918   0.69519   0.94404   0.97745   0.15583   0.06645  
  5 366.1914   7231.632295  x:  0.98250   0.90516   4.75049   0.27396   0.31602   0.84721   0.25543   0.48658   0.53895   0.41132   1.14729   0.80224   0.81071   1.72569   0.86653   0.12397   0.05087  
  6 148.2487   7201.651511  x:  0.81969   0.74235   4.70104   0.35366   0.56959   0.90468   0.32108   0.31301   0.53070   0.42000   1.79946   0.71780   0.67512   2.15875   1.13195   0.13873   0.03488  
  7 101.4849   7198.027067  x:  0.84470   0.76736   4.62902   0.41937   0.56991   0.92515   0.32685   0.45702   0.53454   0.53279   1.93662   0.70145   0.70535   2.21410   1.17851   0.12789   0.03424  
  8 34.4780   7196.641537  x:  0.86880   0.79146   4.61447   0.45708   0.55778   0.93212   0.29776   0.50525   0.46090   0.50059   2.00476   0.69402   0.74026   2.19559   1.21248   0.13067   0.03350  
  9 19.7089   7193.944185  x:  0.94791   0.87057   4.60225   0.53247   0.59228   0.97048   0.15863   0.47592   0.49672   0.51436   2.16102   0.66962   0.79374   2.03949   1.23060   0.13258   0.03531  
 10 13.3601   7190.017776  x:  1.10152   1.02418   4.54364   0.63725   0.60797   1.03803   0.29893   0.43281   0.53282   0.48341   2.27623   0.80776   0.75460   1.92912   1.20317   0.12027   0.03397  
 11 10.1036   7184.234200  x:  1.20892   1.13158   4.52442   0.53368   0.51507   1.04329   0.36131   0.46701   0.59227   0.49105   2.32154   0.85422   0.67905   1.90139   1.28947   0.13789   0.02798  
 12 13.2121   7178.299105  x:  1.29268   1.21534   4.49266   0.39068   0.65552   1.11318   0.38900   0.55010   0.56951   0.49332   2.30740   0.81814   0.72011   1.97383   1.16576   0.13034   0.02148  
 13 23.2934   7177.077911  x:  1.31202   1.23468   4.48304   0.45557   0.65507   1.05127   0.39955   0.49104   0.54960   0.53732   2.25964   0.77738   0.80919   2.04766   1.15476   0.12887   0.02017  
 14 10.8379   7176.478268  x:  1.34055   1.26321   4.48087   0.51490   0.66015   1.02753   0.35201   0.49778   0.54646   0.53046   2.22669   0.75846   0.74868   2.11680   1.13104   0.12723   0.02022  
 15  3.9715   7174.482398  x:  1.30402   1.22668   4.45380   0.60475   0.69214   1.01563   0.23765   0.54571   0.58087   0.50818   2.15622   0.91214   0.76353   2.27464   1.12079   0.12278   0.02003  
 16  5.0641   7163.164201  x:  1.39317   1.31584   4.31853   0.61058   0.60710   1.41003   0.27735   0.56185   0.58360   0.56696   1.97168   0.87005   0.95985   3.00110   1.04470   0.10707   0.02967  
 17  7.4406   7161.033032  x:  1.48781   1.41048   4.28399   0.52681   0.70776   1.24438   0.33473   0.61419   0.65101   0.50525   1.99745   0.85919   1.02129   3.09774   1.07097   0.10345   0.03230  
 18 11.2070   7160.319441  x:  1.52050   1.44317   4.28049   0.48864   0.73377   1.21243   0.32698   0.59422   0.57903   0.58441   2.03308   0.90859   0.99668   3.12188   1.07723   0.10287   0.03308  
 19  2.7164   7154.132633  x:  1.69097   1.61364   4.15382   0.53187   0.69246   1.38531   0.32512   0.62708   0.61907   0.58555   2.28286   0.96419   1.03806   3.49610   1.19118   0.08456   0.03066  
 20  3.5120   7149.279058  x:  1.92904   1.85172   4.01549   0.56209   0.65961   1.52264   0.34778   0.65414   0.66771   0.58175   2.56492   1.05519   1.04264   3.85821   1.33543   0.08965   0.02431  
 21  0.5107   7145.991914  x:  2.25029   2.17297   3.81619   0.63429   0.80202   1.61557   0.41076   0.72555   0.71424   0.60275   2.71431   1.18597   1.13382   4.42087   1.31473   0.07189   0.02225  
 22  0.5963   7143.233036  x:  2.61029   2.53296   3.60157   0.71337   1.00682   1.68759   0.48080   0.79414   0.73960   0.65680   2.77351   1.31880   1.25945   5.05355   1.24097   0.06498   0.02525  
 23  0.4143   7142.383117  x:  2.82038   2.74305   3.45450   0.78254   1.06525   1.81985   0.51265   0.84896   0.77366   0.68356   2.88354   1.40093   1.33861   5.47053   1.25046   0.05750   0.02389  
 24  0.7225   7141.558138  x:  3.00029   2.92296   3.31449   0.85915   1.07756   2.00182   0.53182   0.90316   0.81022   0.71207   3.00749   1.46681   1.41778   5.86228   1.29353   0.05614   0.02094  
 25  0.4828   7140.956986  x:  3.25354   3.17621   3.11901   0.95286   1.15376   2.19433   0.56861   0.99251   0.85702   0.76587   3.04439   1.57171   1.55992   6.45741   1.30051   0.04981   0.02319  
 26  0.3955   7140.776416  x:  3.27023   3.19290   3.09785   0.96603   1.15724   2.22933   0.57107   1.01111   0.86487   0.77887   2.98826   1.58417   1.58869   6.54162   1.29730   0.05033   0.02410  
 27  0.1519   7140.505072  x:  3.51755   3.44021   2.90497   1.06233   1.23540   2.42987   0.61469   1.11812   0.92018   0.84027   2.88039   1.70794   1.73983   7.16478   1.28727   0.04508   0.02443  
 28  0.3953   7140.311703  x:  3.61224   3.53489   2.82821   1.09895   1.27966   2.50425   0.64027   1.18792   0.95532   0.87845   2.62003   1.78956   1.82598   7.47248   1.28597   0.04403   0.02569  
 29  0.1742   7140.160891  x:  3.79379   3.71644   2.69281   1.16238   1.35340   2.62659   0.67720   1.27642   1.00179   0.92807   2.41490   1.90349   1.94423   7.93981   1.29530   0.04056   0.02764  
 30  0.5609   7139.961179  x:  3.85747   3.78011   2.66276   1.17338   1.41458   2.62628   0.69581   1.31758   1.02477   0.95137   2.13284   1.98155   1.98877   8.08198   1.33078   0.03990   0.03185  
 31  0.1530   7139.876038  x:  3.86969   3.79232   2.67904   1.18647   1.44249   2.64823   0.68940   1.29704   1.01520   0.94386   2.12872   1.97334   1.96169   7.97433   1.31299   0.03956   0.03301  
 32  0.0315   7139.831700  x:  3.95240   3.87503   2.63253   1.22111   1.48647   2.72321   0.70309   1.32877   1.03448   0.96137   1.98550   2.02051   2.00128   8.11427   1.31332   0.03842   0.03428  
 33  0.2053   7139.793378  x:  3.95444   3.87706   2.64546   1.22494   1.48978   2.74846   0.69958   1.31674   1.03211   0.95298   1.99483   2.00800   1.98366   8.03073   1.31775   0.03899   0.03406  
 34  0.1031   7139.774801  x:  4.00793   3.93055   2.61316   1.24200   1.50462   2.80335   0.70700   1.32812   1.04141   0.95839   2.02471   2.01950   2.00212   8.09592   1.32706   0.03846   0.03383  
 35  0.1068   7139.768556  x:  4.05796   3.98058   2.58754   1.24110   1.53161   2.83332   0.72349   1.34603   1.05337   0.97032   1.98658   2.03297   2.03286   8.15978   1.32770   0.03797   0.03421  
 36  0.0239   7139.765742  x:  4.05905   3.98166   2.58908   1.23100   1.53323   2.82557   0.72731   1.34514   1.05340   0.97179   2.00783   2.02659   2.03635   8.14816   1.32679   0.03804   0.03411  
 37  0.0192   7139.764801  x:  4.07602   3.99863   2.57914   1.23609   1.53961   2.83488   0.72976   1.35124   1.05748   0.97756   1.99704   2.03659   2.04680   8.17940   1.32828   0.03781   0.03439  
 38  0.0129   7139.761892  x:  4.10404   4.02664   2.56610   1.25279   1.54458   2.85602   0.72875   1.35951   1.06556   0.98887   1.97790   2.05718   2.06291   8.22217   1.32877   0.03757   0.03478  
 39  0.0144   7139.760589  x:  4.12513   4.04773   2.55489   1.26112   1.54853   2.87269   0.73100   1.36550   1.07117   0.99264   1.98481   2.06543   2.07326   8.25497   1.32677   0.03734   0.03467  
 40  0.0227   7139.756424  x:  4.13507   4.05763   2.55829   1.26463   1.54857   2.86425   0.73294   1.36931   1.07765   0.98603   1.99058   2.07535   2.07325   8.27255   1.32495   0.03732   0.03446  
 41  0.0036   7139.751966  x:  4.18828   4.11080   2.54771   1.27705   1.56769   2.88018   0.74299   1.38329   1.09085   0.98485   1.98400   2.10347   2.08761   8.34035   1.32772   0.03690   0.03466  
 42  0.0454   7139.734124  x:  4.24203   4.16447   2.55994   1.27875   1.58574   2.91716   0.75446   1.38745   1.08169   0.99547   2.00686   2.11504   2.09663   8.38851   1.32998   0.03663   0.03450  
 43  0.0131   7139.705248  x:  4.38307   4.30523   2.59478   1.29670   1.61438   2.99360   0.78355   1.41935   1.07199   1.02606   2.04500   2.17452   2.14405   8.65214   1.32886   0.03556   0.03359  
 44  0.1359   7139.667065  x:  4.36288   4.28482   2.68480   1.29627   1.58204   2.95721   0.78129   1.42698   1.08240   1.01304   2.11015   2.18315   2.15317   8.74721   1.32484   0.03580   0.03200  
 45  0.0379   7139.586709  x:  4.55869   4.48010   2.77001   1.36152   1.63680   3.09571   0.81343   1.49694   1.14649   1.04587   2.14736   2.27680   2.27838   9.18010   1.32802   0.03355   0.03147  
 46  0.2046   7139.354907  x:  4.50151   4.42152   3.37640   1.34775   1.63052   3.18152   0.81644   1.47995   1.17179   1.00997   2.52668   2.18761   2.31508   9.29491   1.33397   0.03393   0.02529  
 47  0.2720   7139.200108  x:  4.61888   4.53781   3.77173   1.38846   1.71863   3.29896   0.82874   1.49100   1.20430   1.04557   2.69391   2.23205   2.38334   9.43900   1.34074   0.03276   0.02486  
 48  0.3365   7139.023913  x:  4.80186   4.71929   4.29842   1.43457   1.79493   3.43697   0.85949   1.51884   1.23836   1.07206   3.06097   2.29916   2.47022   9.78922   1.34148   0.03124   0.02052  
 49  1.7829   7138.925634  x:  4.76276   4.67947   4.63369   1.42856   1.79745   3.39871   0.84706   1.48984   1.22798   1.06854   3.30936   2.29215   2.44292   9.72093   1.33756   0.03176   0.01810  
 50  0.8702   7138.671983  x:  4.65856   4.57498   4.83514   1.42271   1.78028   3.20259   0.80612   1.44386   1.19150   1.08463   3.51214   2.34148   2.34391   9.43419   1.32431   0.03298   0.01785  
 51  0.4454   7138.541737  x:  4.72151   4.63653   5.38523   1.46684   1.83756   3.22845   0.80337   1.45792   1.22757   1.12468   3.88264   2.41631   2.39361   9.57119   1.32778   0.03201   0.01555  
 52  0.7394   7138.442160  x:  4.66041   4.57485   5.65320   1.47422   1.85916   3.23751   0.79201   1.46407   1.25025   1.14256   4.02990   2.40743   2.40812   9.49341   1.33882   0.03178   0.01568  
 53  0.2551   7138.360761  x:  4.44543   4.35892   6.18541   1.42929   1.83869   3.14145   0.76077   1.41475   1.21673   1.12263   4.37552   2.32573   2.31706   9.12360   1.33808   0.03316   0.01399  
 54  0.4747   7138.200801  x:  4.09049   4.00359   6.57495   1.30377   1.72440   2.96155   0.74319   1.35912   1.09830   1.02780   4.61980   2.15118   2.10118   8.50818   1.32340   0.03591   0.01356  
 55  0.3615   7138.088786  x:  4.05077   3.96270   7.09266   1.28687   1.67598   2.92264   0.75294   1.38198   1.08022   1.00078   4.97606   2.15673   2.06752   8.48479   1.32001   0.03625   0.01197  
 56  0.5134   7137.999828  x:  4.20995   4.12149   7.15532   1.32096   1.65199   3.00048   0.78522   1.45150   1.11801   1.00798   5.04098   2.22876   2.14892   8.77486   1.32306   0.03532   0.01200  
 57  0.4735   7137.911799  x:  4.15366   4.06355   7.89589   1.30521   1.62187   3.02009   0.78780   1.46925   1.12897   1.00859   5.55143   2.19042   2.15400   8.60235   1.32664   0.03553   0.01066  
 58  0.5630   7137.842839  x:  4.11691   4.02614   8.22649   1.27912   1.61123   2.99974   0.78328   1.44798   1.11326   1.00891   5.80092   2.14465   2.12450   8.35477   1.32616   0.03601   0.01063  
 59  0.3447   7137.784592  x:  4.09962   4.00740   8.89314   1.25637   1.58062   2.93578   0.77969   1.43008   1.08659   0.99887   6.27398   2.13294   2.07935   8.15314   1.32151   0.03660   0.00954  
 60  0.6417   7137.685955  x:  4.01604   3.92253   9.53633   1.23147   1.49076   2.76469   0.73046   1.34750   1.05478   0.95757   6.66182   2.07848   2.01643   7.92849   1.31845   0.03811   0.00907  
 61  0.2963   7137.637621  x:  3.90657   3.81206  10.05230   1.20188   1.44916   2.72104   0.69996   1.29258   1.03969   0.93268   6.93537   1.98601   1.98706   7.71130   1.31941   0.03916   0.00855  
 62  0.5983   7137.620820  x:  3.93806   3.84364   9.99246   1.21270   1.47156   2.76278   0.69986   1.28933   1.05067   0.94107   6.85007   1.98617   2.01631   7.79582   1.32064   0.03890   0.00873  
 63  0.3181   7137.601982  x:  3.85569   3.76067  10.30553   1.18561   1.46336   2.71507   0.68823   1.26245   1.02382   0.91951   6.94856   1.95435   1.97374   7.72316   1.31539   0.03963   0.00849  
 64  0.1350   7137.589998  x:  3.85251   3.75672  10.63131   1.19262   1.46980   2.71774   0.68684   1.27227   1.03350   0.92631   7.11361   1.97543   1.98095   7.74319   1.31495   0.03961   0.00820  
 65  0.2644   7137.580165  x:  3.79285   3.69654  10.88775   1.18201   1.45502   2.69543   0.68025   1.27025   1.02917   0.91873   7.25115   1.96332   1.95688   7.66291   1.31539   0.04002   0.00813  
 66  0.2785   7137.573583  x:  3.77859   3.68130  11.32827   1.16754   1.43873   2.68445   0.67862   1.25944   1.01890   0.91206   7.52239   1.94394   1.94057   7.57685   1.31524   0.04039   0.00779  
 67  0.3889   7137.571527  x:  3.78834   3.69082  11.42554   1.16591   1.43935   2.68267   0.68033   1.25669   1.02042   0.91264   7.58821   1.94299   1.94370   7.58757   1.31439   0.04038   0.00776  
 68  0.0747   7137.568752  x:  3.75903   3.66084  11.73093   1.15981   1.43173   2.66337   0.67596   1.24692   1.01895   0.90793   7.78179   1.93059   1.93205   7.56007   1.31290   0.04060   0.00754  
 69  0.1520   7137.563566  x:  3.79570   3.69733  11.76313   1.17777   1.44954   2.69945   0.68878   1.26129   1.02686   0.91839   7.88823   1.95038   1.94132   7.66864   1.31444   0.04010   0.00748  
 70  0.0589   7137.561921  x:  3.81872   3.72058  11.64920   1.18246   1.45646   2.70433   0.69143   1.26085   1.03116   0.92310   7.87044   1.95218   1.95192   7.69818   1.31531   0.03990   0.00752  
 71  0.0807   7137.560959  x:  3.81919   3.72130  11.53882   1.18261   1.45485   2.70487   0.69036   1.26384   1.02966   0.92030   7.83377   1.95252   1.95409   7.71032   1.31435   0.03991   0.00754  
 72  0.0323   7137.559563  x:  3.79870   3.70088  11.51634   1.17929   1.45335   2.69316   0.68142   1.25657   1.02419   0.91741   7.87309   1.94621   1.94577   7.67122   1.31402   0.04013   0.00754  
 73  0.0251   7137.559349  x:  3.79583   3.69782  11.59424   1.17664   1.44929   2.69032   0.68104   1.25516   1.02362   0.91594   7.93430   1.94301   1.94452   7.66015   1.31438   0.04021   0.00749  
 74  0.0855   7137.559333  x:  3.79597   3.69799  11.58314   1.17620   1.44888   2.68983   0.68157   1.25493   1.02350   0.91574   7.93171   1.94302   1.94454   7.65966   1.31429   0.04020   0.00749  
 75  0.0065   7137.559307  x:  3.79545   3.69746  11.58841   1.17562   1.44892   2.69013   0.68266   1.25389   1.02351   0.91571   7.93550   1.94371   1.94475   7.65852   1.31418   0.04021   0.00749  
 76  0.0021   7137.559304  x:  3.79529   3.69731  11.58520   1.17566   1.44882   2.69052   0.68276   1.25389   1.02361   0.91566   7.93219   1.94376   1.94501   7.65918   1.31430   0.04021   0.00749  
 77  0.0046   7137.559304  x:  3.79534   3.69736  11.58507   1.17566   1.44884   2.69051   0.68277   1.25390   1.02360   0.91566   7.93202   1.94380   1.94501   7.65924   1.31431   0.04020   0.00749  
 78  0.0002   7137.559304  x:  3.79546   3.69747  11.58561   1.17571   1.44890   2.69061   0.68276   1.25395   1.02362   0.91568   7.93232   1.94387   1.94513   7.65947   1.31431   0.04020   0.00749  
 79  0.0001   7137.559304  x:  3.79546   3.69747  11.58570   1.17571   1.44890   2.69061   0.68276   1.25396   1.02362   0.91568   7.93236   1.94387   1.94512   7.65948   1.31431   0.04020   0.00749  
 80  0.0001   7137.559304  x:  3.79546   3.69747  11.58569   1.17571   1.44890   2.69061   0.68276   1.25396   1.02362   0.91568   7.93235   1.94387   1.94512   7.65949   1.31431   0.04020   0.00749  
 81  0.0000   7137.559304  x:  3.79546   3.69748  11.58568   1.17571   1.44891   2.69061   0.68277   1.25396   1.02362   0.91568   7.93235   1.94388   1.94513   7.65949   1.31431   0.04020   0.00749  
 82  0.0000   7137.559304  x:  3.79546   3.69748  11.58568   1.17571   1.44891   2.69061   0.68277   1.25396   1.02362   0.91568   7.93235   1.94388   1.94513   7.65949   1.31431   0.04020   0.00749  
 83  0.0000   7137.559304  x:  3.79546   3.69748  11.58568   1.17571   1.44891   2.69061   0.68277   1.25396   1.02362   0.91568   7.93235   1.94388   1.94513   7.65949   1.31431   0.04020   0.00749  
 84  0.0010   7137.559304  x:  3.79546   3.69748  11.58568   1.17571   1.44891   2.69061   0.68277   1.25396   1.02362   0.91568   7.93235   1.94388   1.94513   7.65949   1.31431   0.04020   0.00749  
 85  0.0003   7137.559304  x:  3.79546   3.69748  11.58568   1.17571   1.44891   2.69061   0.68277   1.25396   1.02362   0.91568   7.93235   1.94388   1.94513   7.65949   1.31431   0.04020   0.00749  
 86  0.0009   7137.559304  x:  3.79546   3.69748  11.58568   1.17571   1.44891   2.69061   0.68277   1.25396   1.02362   0.91568   7.93235   1.94388   1.94513   7.65949   1.31431   0.04020   0.00749  
check convergence!
