res	aa	Beta	Turn	Helix	Aggregation	Conc-Stab_Aggregation
01	  M	  0.3	  0.0	0.309	0.000	0.000
02	  F	  1.2	  0.0	3.022	1.230	1.230
03	  N	  1.3	  0.0	32.400	1.264	1.264
04	  Q	  1.0	  0.0	33.835	2.943	2.943
05	  A	  0.3	  0.0	35.388	43.075	43.075
06	  L	  0.8	  0.0	35.907	88.527	88.527
07	  L	  1.2	  0.0	36.400	94.533	94.533
08	  L	  1.6	  0.0	36.772	95.298	95.298
09	  L	  1.2	  0.0	37.572	95.405	95.405
10	  L	  0.7	  0.1	37.266	93.703	93.703
11	  A	  0.4	  0.1	36.735	72.944	72.944
12	  S	  0.4	  0.1	35.552	53.749	53.749
13	  L	  0.4	  0.2	31.292	51.310	51.310
14	  L	  0.2	  0.1	30.727	37.233	37.233
15	  G	  0.1	  0.1	29.663	3.071	3.071
16	  K	  0.6	  0.1	13.363	0.000	0.000
17	  V	  1.3	  0.0	5.442	1.833	1.833
18	  L	  1.4	  0.0	5.442	1.970	1.970
19	  A	  1.3	  0.0	5.371	1.970	1.970
20	  F	  4.2	  0.0	5.070	1.970	1.970
21	  S	  6.7	  1.0	0.727	1.970	1.970
22	  A	  6.4	  1.1	0.062	1.032	1.032
23	  S	  3.1	  2.7	0.062	0.099	0.099
24	  S	  0.2	  2.7	0.000	0.000	0.000
25	  N	  0.1	  2.5	0.000	0.000	0.000
26	  K	  0.3	  2.4	0.000	0.000	0.000
27	  N	  0.6	  0.8	0.000	2.312	2.312
28	  V	  7.4	  0.8	0.000	54.617	54.617
29	  A	  7.7	  0.0	0.000	55.468	55.468
30	  V	  8.9	  0.0	0.000	55.468	55.468
31	  Y	  2.8	  0.2	0.000	55.468	55.468
32	  W	  2.2	  0.3	0.000	55.260	55.260
33	  G	  0.7	  0.5	0.000	5.504	5.504
34	  Q	  0.2	  0.5	0.000	0.179	0.179
35	  N	  1.1	  0.7	0.000	0.000	0.000
36	  S	  1.8	  0.6	0.000	0.000	0.000
37	  Y	  1.7	  2.3	0.000	0.000	0.000
38	  G	  0.8	  2.2	0.119	0.000	0.000
39	  N	  0.2	  2.0	0.549	0.000	0.000
40	  Q	  0.2	  2.0	0.549	0.000	0.000
41	  E	  0.3	  0.2	0.549	0.000	0.000
42	  R	  0.5	  0.2	0.549	0.000	0.000
43	  L	  2.5	  0.1	0.549	0.000	0.000
44	  S	  3.5	  0.0	0.549	0.000	0.000
45	  Y	  7.6	  0.0	0.393	0.000	0.000
46	  Y	  6.9	  0.1	0.000	0.000	0.000
47	  C	  6.0	  0.5	0.000	0.000	0.000
48	  D	  1.5	  1.6	0.000	0.000	0.000
49	  N	  0.1	  2.8	0.094	0.000	0.000
50	  D	  0.0	  2.9	0.399	0.000	0.000
51	  D	  0.1	  2.8	0.976	0.000	0.000
52	  T	  0.3	  1.7	1.557	0.000	0.000
53	  D	  1.6	  0.5	2.186	0.000	0.000
54	  I	  6.9	  0.3	2.186	88.450	88.450
55	  I	  9.3	  0.0	2.186	96.115	96.115
56	  L	  8.4	  0.1	2.186	97.616	97.616
57	  L	  5.1	  0.1	2.186	97.720	97.720
58	  S	  3.1	  0.1	2.817	97.720	97.720
59	  F	  3.5	  0.1	1.514	97.397	97.397
60	  V	  2.2	  0.1	0.860	92.858	92.858
61	  T	  1.5	  0.1	0.860	36.976	36.976
62	  G	  0.7	  0.1	0.860	3.227	3.227
63	  F	  0.1	  0.6	0.860	0.187	0.187
64	  P	  0.0	  0.5	0.506	0.084	0.084
65	  E	  0.4	  0.5	0.506	0.000	0.000
66	  L	  2.1	  0.6	0.506	0.000	0.000
67	  S	  4.9	  0.9	0.652	0.000	0.000
68	  L	  6.2	  0.8	0.652	0.000	0.000
69	  N	  4.7	  0.8	0.652	0.000	0.000
70	  F	  2.1	  1.1	0.346	0.000	0.000
71	  A	  0.4	  0.3	0.147	0.000	0.000
72	  N	  0.5	  0.5	0.147	0.000	0.000
73	  Q	  0.3	  0.5	0.000	0.000	0.000
74	  C	  0.3	  0.5	0.000	0.000	0.000
75	  G	  0.1	  0.9	0.000	0.000	0.000
76	  G	  0.1	  0.8	0.000	0.000	0.000
77	  S	 20.6	  0.9	0.000	0.000	0.000
78	  F	 20.8	  1.2	0.000	0.000	0.000
79	  S	 20.7	  2.3	0.134	0.000	0.000
80	  N	  0.3	  2.3	0.134	0.000	0.000
81	  G	  0.0	  2.2	0.134	0.000	0.000
82	  V	  2.4	  1.6	0.134	0.000	0.000
83	  L	  5.1	  0.0	0.134	0.000	0.000
84	  H	  5.2	  0.0	0.134	0.000	0.000
85	  C	  2.9	  0.4	0.134	0.000	0.000
86	  P	  0.1	  0.4	0.000	0.000	0.000
87	  Q	  0.1	  0.5	0.000	0.000	0.000
88	  I	  0.2	  0.6	0.000	0.000	0.000
89	  G	  0.2	  0.5	0.000	0.000	0.000
90	  Q	  0.2	  0.5	0.000	0.000	0.000
91	  D	  1.1	  0.3	1.115	0.000	0.000
92	  I	  2.5	  0.3	1.115	0.000	0.000
93	  K	  3.0	  0.1	1.115	0.000	0.000
94	  T	  7.8	  0.1	1.115	0.000	0.000
95	  C	  6.9	  0.2	1.115	0.000	0.000
96	  Q	  6.4	  0.3	1.115	0.000	0.000
97	  S	  0.9	  1.3	0.835	0.000	0.000
98	  K	  0.3	  1.4	0.624	0.000	0.000
99	  G	  0.1	  1.2	0.626	0.000	0.000
100	  K	  0.2	  1.1	0.626	0.000	0.000
101	  K	  0.7	  0.1	0.626	0.000	0.000
102	  I	  3.6	  0.1	0.626	3.214	3.214
103	  L	  3.9	  0.0	0.626	3.214	3.214
104	  L	  5.0	  0.1	0.626	3.214	3.214
105	  S	  2.2	  0.2	0.626	3.214	3.214
106	  L	  1.8	  0.8	0.305	3.214	3.214
107	  G	  0.2	  0.9	0.305	0.265	0.265
108	  G	  0.0	  1.5	0.305	0.000	0.000
109	  A	  0.1	  1.7	0.000	0.000	0.000
110	  S	  0.3	  2.8	0.000	0.000	0.000
111	  G	  0.4	  2.8	0.000	0.000	0.000
112	  S	  1.0	  2.3	0.000	0.000	0.000
113	  Y	  1.0	  2.0	0.000	0.000	0.000
114	  G	  1.0	  0.4	0.000	0.000	0.000
115	  F	  1.5	  0.2	0.000	0.000	0.000
116	  S	  1.3	  0.3	0.000	0.000	0.000
117	  G	  1.3	  1.4	0.000	0.000	0.000
118	  P	  0.0	  1.4	0.000	0.000	0.000
119	  N	  0.0	  4.5	0.000	0.000	0.000
120	  A	  0.0	  4.3	0.000	0.000	0.000
121	  D	  0.0	  6.8	0.140	0.000	0.000
122	  S	  0.0	  6.8	2.986	0.000	0.000
123	  D	  0.0	  5.8	3.636	0.000	0.000
124	  A	  0.2	  5.8	3.636	0.000	0.000
125	  S	  0.4	  2.2	3.977	0.000	0.000
126	  K	  0.9	  2.1	3.977	0.000	0.000
127	  F	  1.0	  0.1	3.837	0.000	0.000
128	  A	  0.8	  0.1	2.721	0.000	0.000
129	  E	  0.4	  0.1	2.547	0.000	0.000
130	  T	  0.9	  0.1	3.146	0.000	0.000
131	  L	  1.2	  0.1	3.146	0.000	0.000
132	  W	  1.5	  0.0	3.146	0.000	0.000
133	  N	  0.8	  0.2	2.854	0.000	0.000
134	  K	  0.7	  0.3	2.077	0.000	0.000
135	  F	  0.5	  1.2	1.232	0.000	0.000
136	  G	  0.4	  1.9	0.471	0.000	0.000
137	  A	  0.2	  2.2	0.127	0.000	0.000
138	  G	  0.0	  2.4	0.000	0.000	0.000
139	  S	  0.1	  2.1	0.000	0.000	0.000
140	  D	  0.1	  1.6	0.000	0.000	0.000
141	  S	  0.3	  1.1	0.000	0.000	0.000
142	  E	  0.3	  0.7	0.000	0.000	0.000
143	  R	  0.2	  0.3	0.000	0.000	0.000
144	  P	  0.0	  0.1	0.000	0.000	0.000
145	  F	  0.3	  0.3	0.000	0.000	0.000
146	  D	  0.3	  0.4	0.137	0.000	0.000
147	  D	  0.4	  0.2	0.137	0.000	0.000
148	  A	  0.7	  0.2	0.137	0.000	0.000
149	  I	  1.6	  0.1	0.137	0.000	0.000
150	  V	  1.7	  0.4	0.137	0.000	0.000
151	  D	  1.1	  0.4	0.137	0.000	0.000
152	  G	  0.3	  0.5	0.000	0.000	0.000
153	  F	  2.4	  0.4	0.000	0.000	0.000
154	  D	  2.7	  0.4	0.136	0.000	0.000
155	  F	  3.8	  0.4	0.136	0.000	0.000
156	  D	  1.8	  0.3	0.352	0.000	0.000
157	  L	  1.4	  0.6	0.352	0.000	0.000
158	  E	  0.4	  0.4	0.352	0.000	0.000
159	  N	  0.1	  0.3	0.352	0.000	0.000
160	  N	  0.1	  0.3	0.216	0.000	0.000
161	  N	  0.0	  0.7	0.216	0.000	0.000
162	  P	  0.0	  0.9	0.000	0.000	0.000
163	  A	  0.0	  1.0	0.000	0.000	0.000
164	  G	  0.0	  1.0	0.339	0.000	0.000
165	  T	  3.8	  0.3	0.614	0.117	0.117
166	  V	  6.9	  0.0	0.614	0.117	0.117
167	  A	  7.1	  0.0	0.614	0.117	0.117
168	  L	  3.7	  0.0	0.614	0.117	0.117
169	  S	  2.6	  0.8	1.495	0.117	0.117
170	  K	  2.5	  0.8	1.322	0.000	0.000
171	  S	  4.0	  0.8	0.881	0.000	0.000
172	  L	  2.2	  0.8	0.881	0.000	0.000
173	  R	  2.4	  0.1	0.881	0.000	0.000
174	  Q	  1.7	  0.1	0.881	0.000	0.000
175	  Q	  3.6	  0.1	0.432	0.000	0.000
176	  F	  5.4	  0.1	0.145	0.000	0.000
177	  S	  4.8	  1.8	0.000	0.000	0.000
178	  K	  2.6	  1.9	0.000	0.000	0.000
179	  D	  0.6	  3.5	0.000	0.000	0.000
180	  S	  0.2	  3.6	0.000	0.000	0.000
181	  S	  0.4	  1.9	0.000	0.000	0.000
182	  K	  0.5	  1.8	0.000	0.000	0.000
183	  Q	  3.4	  0.2	0.000	0.000	0.000
184	  Y	  4.2	  0.1	0.000	1.346	1.346
185	  Y	  4.6	  0.0	0.000	1.346	1.346
186	  L	  1.7	  0.0	0.000	1.346	1.346
187	  A	  0.8	  0.0	0.000	1.346	1.346
188	  A	  0.2	  0.0	0.000	1.346	1.346
189	  A	  0.1	  0.4	0.000	0.000	0.000
190	  P	  0.0	  0.4	0.000	0.000	0.000
191	  Q	  0.6	  0.4	0.000	0.000	0.000
192	  C	  1.8	  0.4	0.000	0.000	0.000
193	  V	  2.1	  0.0	0.000	0.000	0.000
194	  Y	  1.6	  1.0	0.000	0.000	0.000
195	  P	  0.3	  1.0	0.000	0.000	0.000
196	  D	  0.0	  3.1	0.000	0.000	0.000
197	  A	  0.2	  3.4	0.000	0.000	0.000
198	  S	  0.2	  2.9	0.128	0.000	0.000
199	  S	  0.2	  3.7	0.128	0.000	0.000
200	  G	  0.1	  1.7	0.273	0.000	0.000
201	  D	  0.1	  1.3	0.273	0.000	0.000
202	  I	  0.9	  0.9	0.273	0.000	0.000
203	  L	  0.9	  0.0	0.273	0.000	0.000
204	  A	  0.8	  0.1	0.273	0.000	0.000
205	  E	  0.1	  0.1	0.273	0.000	0.000
206	  T	  0.8	  0.1	0.000	0.000	0.000
207	  Q	  1.8	  0.1	0.000	0.000	0.000
208	  I	  4.6	  0.0	0.000	0.000	0.000
209	  D	  3.9	  0.0	3.018	0.000	0.000
210	  F	  3.8	  0.0	3.018	46.459	46.459
211	  A	  1.1	  0.0	3.018	49.972	49.972
212	  F	  1.5	  0.0	3.018	57.705	57.705
213	  I	  2.0	  0.0	3.018	57.705	57.705
214	  Q	  4.6	  0.0	3.018	57.705	57.705
215	  F	  5.9	  0.1	2.792	56.957	56.957
216	  Y	  5.2	  0.1	2.485	46.531	46.531
217	  N	  2.4	  0.1	2.059	2.011	2.011
218	  N	  1.5	  0.1	1.471	0.234	0.234
219	  Y	  2.5	  0.4	1.079	0.182	0.182
220	  C	  2.5	  0.3	0.787	0.000	0.000
221	  G	  1.7	  0.5	0.381	0.000	0.000
222	  L	  0.2	  2.0	0.000	0.000	0.000
223	  G	  0.0	  2.0	0.000	0.000	0.000
224	  D	  0.1	  1.9	0.000	0.000	0.000
225	  N	  0.9	  1.9	0.000	0.000	0.000
226	  F	  3.2	  0.4	0.000	0.000	0.000
227	  N	  3.5	  0.6	2.928	0.000	0.000
228	  W	  3.0	  0.6	2.928	0.000	0.000
229	  D	  1.9	  0.5	2.928	0.000	0.000
230	  T	 15.0	  0.5	3.329	0.000	0.000
231	  W	 15.6	  0.0	3.329	0.000	0.000
232	  Q	 15.0	  0.0	3.329	0.000	0.000
233	  K	  2.1	  0.0	2.374	0.000	0.000
234	  F	  1.3	  0.0	1.595	0.000	0.000
235	  A	  0.7	  0.1	1.012	0.000	0.000
236	  E	  0.4	  0.2	0.889	0.000	0.000
237	  Q	  0.3	  0.2	0.595	0.000	0.000
238	  D	  0.2	  0.2	0.000	0.000	0.000
239	  S	  0.2	  5.8	0.000	0.000	0.000
240	  P	  0.0	  5.7	0.000	0.000	0.000
241	  N	  0.0	  6.6	0.310	0.000	0.000
242	  K	  0.2	  6.6	0.310	0.000	0.000
243	  D	  1.2	  0.9	0.963	0.264	0.264
244	  I	  6.0	  0.9	0.963	0.264	0.264
245	  K	  6.0	  0.0	0.963	0.264	0.264
246	  L	  5.7	  0.0	0.963	0.264	0.264
247	  F	  1.5	  0.2	0.963	0.264	0.264
248	  V	  1.8	  0.1	0.787	0.264	0.264
249	  G	  1.2	  0.1	0.787	0.000	0.000
250	  L	  0.6	  1.4	0.117	0.000	0.000
251	  P	  0.0	  1.3	0.000	0.000	0.000
252	  G	  0.0	  1.3	0.000	0.000	0.000
253	  A	  0.0	  1.7	0.000	0.000	0.000
254	  P	  0.0	  0.6	0.000	0.000	0.000
255	  S	  0.1	  0.7	0.000	0.000	0.000
256	  S	  0.2	  1.6	0.000	0.000	0.000
257	  A	  0.2	  2.0	0.000	0.000	0.000
258	  G	  0.1	  2.1	0.000	0.000	0.000
259	  S	  0.0	  2.0	0.000	0.000	0.000
260	  G	  0.2	  1.2	0.000	0.000	0.000
261	  Y	  0.4	  1.0	0.000	0.000	0.000
262	  A	  0.4	  0.8	0.114	0.000	0.000
263	  D	  0.4	  2.4	2.069	0.000	0.000
264	  L	  0.2	  2.4	2.069	0.000	0.000
265	  D	  0.3	  1.6	2.703	0.000	0.000
266	  K	  4.1	  1.6	2.703	0.000	0.000
267	  V	  4.6	  0.0	2.703	0.000	0.000
268	  K	  4.6	  0.1	2.703	0.000	0.000
269	  K	  1.1	  0.1	1.856	0.000	0.000
270	  S	  0.8	  0.4	1.282	0.000	0.000
271	  V	  0.9	  1.1	0.000	0.000	0.000
272	  G	  0.5	  1.3	0.000	0.000	0.000
273	  S	  0.2	  1.3	0.214	0.000	0.000
274	  D	  0.1	  1.0	0.428	0.000	0.000
275	  I	  0.6	  0.4	0.428	0.000	0.000
276	  L	  0.8	  0.1	0.428	0.000	0.000
277	  N	  0.7	  0.2	0.428	0.000	0.000
278	  N	  0.2	  1.4	0.428	0.000	0.000
279	  K	  0.2	  1.3	0.215	0.000	0.000
280	  N	  0.2	  1.6	0.000	0.224	0.224
281	  F	  0.2	  1.8	0.000	7.082	7.082
282	  G	  0.1	  0.6	0.000	7.082	7.082
283	  G	  0.1	  0.6	0.000	7.936	7.936
284	  F	  0.8	  0.3	0.000	7.936	7.936
285	  M	  1.3	  0.0	0.000	7.936	7.936
286	  L	  1.6	  0.0	0.000	7.936	7.936
287	  W	  1.2	  0.0	0.000	6.640	6.640
288	  D	  0.7	  2.1	0.000	0.000	0.000
289	  A	  0.6	  2.5	0.000	0.000	0.000
290	  S	  0.2	  2.9	0.000	0.000	0.000
291	  S	  0.2	  3.3	0.000	0.000	0.000
292	  G	  0.1	  1.5	0.000	0.000	0.000
293	  A	  0.0	  1.4	0.000	0.000	0.000
294	  S	  0.0	  1.0	0.000	0.000	0.000
295	  N	  0.0	  3.4	0.000	0.000	0.000
296	  K	  0.1	  3.2	0.000	0.000	0.000
297	  N	  0.1	  3.0	0.000	0.000	0.000
298	  N	  0.0	  3.3	0.000	0.000	0.000
299	  E	  0.0	  0.5	0.000	0.000	0.000
300	  G	  0.0	  0.4	0.000	0.000	0.000
301	  V	  3.9	  0.3	0.000	0.000	0.000
302	  S	 10.9	  0.0	0.000	0.000	0.000
303	  F	 14.4	  0.0	0.000	0.000	0.000
304	  T	 12.2	  0.1	2.817	0.000	0.000
305	  Q	  5.3	  0.1	2.817	0.000	0.000
306	  Q	  2.5	  0.1	2.817	0.000	0.000
307	  L	  1.2	  0.2	2.817	0.000	0.000
308	  K	  0.9	  0.1	2.817	0.000	0.000
309	  K	  0.4	  0.1	2.817	0.000	0.000
310	  Y	  0.9	  0.1	1.981	0.000	0.000
311	  L	  1.0	  0.1	1.419	0.000	0.000
312	  L	  0.8	  0.6	1.245	0.000	0.000
313	  G	  0.1	  0.8	0.885	0.000	0.000
314	  S	  0.1	  6.7	0.363	0.000	0.000
315	  S	  0.1	  7.0	0.000	0.000	0.000
316	  D	  0.1	  6.7	0.000	0.000	0.000
317	  G	  0.0	  6.5	0.000	0.000	0.000
318	  D	  1.3	  0.6	0.000	0.000	0.000
319	  I	  3.6	  0.2	0.000	0.000	0.000
320	  T	  4.3	  0.1	0.000	0.000	0.000
321	  S	  5.0	  0.3	0.000	0.000	0.000
322	  T	  3.1	  0.4	0.000	0.000	0.000
323	  S	  3.0	  0.5	0.000	0.000	0.000
324	  A	  1.2	  0.4	0.000	0.000	0.000
325	  T	  3.2	  0.2	0.000	0.000	0.000
326	  T	  3.7	  0.1	0.000	0.000	0.000
327	  Q	  3.6	  0.0	0.000	0.000	0.000
328	  V	  1.3	  0.0	0.000	0.000	0.000
329	  P	  0.1	  0.0	0.000	0.000	0.000
330	  T	  0.1	  0.5	0.000	0.000	0.000
331	  P	  0.0	  0.6	0.000	0.000	0.000
332	  S	  0.4	  0.7	0.000	0.000	0.000
333	  S	  4.0	  0.7	0.000	0.000	0.000
334	  T	  4.1	  0.2	0.000	0.000	0.000
335	  S	  3.8	  0.2	0.000	0.000	0.000
336	  P	  0.1	  0.2	0.000	0.000	0.000
337	  A	  0.2	  0.3	0.000	0.000	0.000
338	  T	  1.0	  0.3	0.000	0.000	0.000
339	  S	  1.1	  0.2	0.000	0.000	0.000
340	  T	  1.8	  0.1	0.000	0.000	0.000
341	  A	  1.5	  0.1	0.000	0.000	0.000
342	  V	  2.2	  0.0	0.000	0.000	0.000
343	  S	  2.0	  0.1	0.000	0.000	0.000
344	  K	  2.4	  0.1	0.000	0.000	0.000
345	  T	  3.0	  0.1	0.000	0.000	0.000
346	  T	  2.5	  0.1	0.000	0.000	0.000
347	  A	  1.7	  0.1	0.000	0.000	0.000
348	  P	  0.1	  0.6	0.000	0.000	0.000
349	  A	  0.0	  0.6	0.000	0.000	0.000
350	  D	  0.0	  0.6	0.000	0.000	0.000
351	  K	  0.0	  0.6	0.000	0.000	0.000
352	  P	  0.0	  0.4	0.000	0.000	0.000
353	  E	  0.0	  0.5	0.000	0.000	0.000
354	  Q	  0.0	  1.7	0.000	0.000	0.000
355	  G	  0.0	  1.7	0.000	0.000	0.000
356	  N	  0.0	  2.1	0.198	0.000	0.000
357	  N	  0.0	  2.0	0.198	0.000	0.000
358	  N	  0.0	  0.8	0.198	0.000	0.000
359	  A	  0.1	  0.7	0.198	0.000	0.000
360	  A	  0.2	  0.0	0.198	0.000	0.000
361	  Q	  0.2	  0.6	0.198	0.000	0.000
362	  P	  0.0	  0.6	0.000	0.000	0.000
363	  N	  0.0	  0.6	0.000	0.000	0.000
364	  L	  0.0	  2.0	0.000	0.000	0.000
365	  P	  0.0	  1.9	0.000	0.000	0.000
366	  G	  0.0	  1.9	0.000	0.000	0.000
367	  D	  0.0	  2.2	0.000	0.000	0.000
368	  K	  0.2	  0.9	0.000	0.000	0.000
369	  T	  1.0	  0.4	0.000	0.000	0.000
370	  S	  3.0	  0.5	0.000	0.000	0.000
371	  T	  3.2	  0.3	0.000	0.000	0.000
372	  S	  2.7	  0.3	0.000	0.000	0.000
373	  I	  1.5	  0.2	0.000	0.000	0.000
374	  A	  1.2	  0.4	0.000	0.000	0.000
375	  A	  0.9	  0.4	0.000	0.000	0.000
376	  D	  0.1	  0.6	0.164	0.000	0.000
377	  A	  0.2	  0.6	0.164	0.000	0.000
378	  T	  1.9	  0.3	0.164	0.000	0.000
379	  T	  4.2	  0.3	0.164	0.000	0.000
380	  T	  6.2	  0.1	0.164	0.000	0.000
381	  Q	  4.6	  0.2	0.164	0.000	0.000
382	  S	  2.4	  0.3	0.110	0.000	0.000
383	  S	  0.2	  0.3	0.204	0.000	0.000
384	  E	  0.1	  0.3	0.204	0.000	0.000
385	  E	  0.0	  0.2	0.204	0.000	0.000
386	  E	  0.1	  0.1	0.204	0.000	0.000
387	  M	  0.4	  0.0	0.204	14.868	14.868
388	  V	  6.3	  0.0	0.094	41.372	41.372
389	  T	  8.5	  0.0	0.202	41.372	41.372
390	  L	 11.0	  0.0	0.202	41.372	41.372
391	  T	 19.2	  0.0	0.202	41.372	41.372
392	  V	 18.9	  0.0	0.202	40.218	40.218
393	  K	 16.2	  0.0	0.202	0.000	0.000
394	  N	  2.4	  2.0	0.107	0.000	0.000
395	  P	  0.0	  2.1	0.000	0.000	0.000
396	  S	  0.5	  2.1	0.000	0.000	0.000
397	  T	  3.3	  2.1	0.000	0.536	0.536
398	  T	 19.3	  0.1	0.000	1.425	1.425
399	  F	 19.9	  0.1	0.000	1.425	1.425
400	  T	 18.7	  0.0	0.065	1.425	1.425
401	  T	  7.5	  0.0	0.065	1.425	1.425
402	  V	 11.8	  0.0	0.065	1.425	1.425
403	  R	 11.2	  0.0	0.065	0.000	0.000
404	  V	 12.8	  0.0	0.065	0.000	0.000
405	  S	 23.4	  0.1	0.065	0.000	0.000
406	  C	 22.6	  0.3	0.000	0.000	0.000
407	  S	 17.8	  0.6	0.000	0.000	0.000
408	  T	  1.0	  0.7	0.000	0.000	0.000
409	  D	  0.8	  1.2	0.000	0.000	0.000
410	  S	  0.5	  1.1	0.000	0.000	0.000
411	  S	  2.5	  1.1	0.509	0.000	0.000
412	  L	  2.7	  1.1	0.509	0.000	0.000
413	  N	  3.7	  0.5	0.608	0.000	0.000
414	  T	  5.9	  0.6	0.608	0.000	0.000
415	  I	  6.4	  9.2	0.608	0.000	0.000
416	  N	  5.4	  9.2	0.608	0.000	0.000
417	  G	  0.8	  9.2	0.280	0.045	0.045
418	  K	  1.6	  9.1	0.280	0.709	0.709
419	  V	  4.0	  0.0	0.000	64.039	64.039
420	  V	  5.1	  0.0	0.000	69.265	69.265
421	  T	  3.7	  0.0	0.000	70.278	70.278
422	  D	  2.0	  0.0	0.000	71.996	71.996
423	  I	  4.3	  0.0	0.000	83.518	83.518
424	  V	 21.0	  0.0	0.000	83.518	83.518
425	  T	 28.4	  0.0	0.000	83.416	83.416
426	  V	 26.6	  0.0	0.000	83.354	83.354
427	  T	 11.3	  0.0	0.000	83.011	83.011
428	  R	  3.4	  0.0	0.000	71.287	71.287
429	  V	  5.8	  0.0	0.000	74.178	74.178
430	  V	  5.9	  0.0	0.000	73.616	73.616
431	  S	  4.8	  0.0	0.000	63.848	63.848
432	  T	  6.6	  0.0	0.000	62.675	62.675
433	  V	  7.5	  0.0	0.000	61.933	61.933
434	  Y	  7.4	  0.0	0.000	52.365	52.365
435	  A	  2.3	  0.0	0.000	19.089	19.089
436	  T	  1.9	  0.1	0.225	7.207	7.207
437	  K	  2.3	  0.1	0.225	0.000	0.000
438	  T	  5.8	  0.1	0.225	0.000	0.000
439	  V	  5.6	  0.1	0.225	0.000	0.000
440	  L	  4.9	  0.0	0.225	0.000	0.000
441	  A	  1.2	  0.0	0.225	0.000	0.000
442	  Q	  0.1	  0.4	0.225	0.000	0.000
443	  P	  0.0	  0.4	0.000	0.000	0.000
444	  S	  0.0	  0.4	0.000	0.000	0.000
445	  A	  0.0	  0.4	0.000	0.000	0.000
