res	aa	Beta	Turn	Helix	Aggregation	Conc-Stab_Aggregation
01	  M	  0.2	  0.0	0.000	0.000	0.000
02	  F	  2.0	  0.1	0.000	0.000	0.000
03	  R	  2.2	  0.2	0.000	0.000	0.000
04	  S	  2.2	  0.2	0.000	0.000	0.000
05	  S	  2.7	  0.2	0.000	0.000	0.000
06	  I	  2.7	  0.3	0.000	0.000	0.000
07	  R	  2.9	  0.2	0.000	0.000	0.000
08	  N	  1.6	  0.5	0.000	0.000	0.000
09	  F	  1.6	  0.7	0.000	0.000	0.000
10	  S	  1.4	  0.7	0.393	0.000	0.000
11	  N	  0.4	  0.8	0.795	0.000	0.000
12	  S	  0.8	  0.7	1.036	0.000	0.000
13	  A	  0.8	  0.4	1.036	0.000	0.000
14	  R	  1.0	  0.3	1.036	0.000	0.000
15	  A	  0.4	  0.3	1.036	0.000	0.000
16	  W	  0.4	  0.2	0.897	0.000	0.000
17	  G	  0.1	  0.3	0.355	0.000	0.000
18	  T	  1.8	  0.1	0.000	0.000	0.000
19	  K	  2.7	  0.1	0.000	0.000	0.000
20	  V	  5.2	  0.0	0.000	0.160	0.160
21	  F	  4.7	  0.0	0.000	0.160	0.160
22	  I	  4.6	  0.0	0.000	0.160	0.160
23	  T	  2.1	  0.4	0.000	0.160	0.160
24	  P	  0.8	  0.4	0.000	0.160	0.160
25	  S	  0.2	  0.5	0.000	0.000	0.000
26	  I	  0.3	  2.6	0.000	0.000	0.000
27	  G	  0.3	  2.3	0.000	0.000	0.000
28	  G	  0.1	  2.3	0.000	0.000	0.000
29	  V	  2.1	  2.2	0.000	0.000	0.000
30	  K	  2.3	  0.0	0.000	0.000	0.000
31	  Q	  2.3	  0.0	0.000	0.000	0.000
32	  N	  0.2	  0.0	0.000	0.000	0.000
33	  P	  0.0	  0.0	0.000	0.000	0.000
34	  I	  3.1	  0.0	0.000	0.000	0.000
35	  K	  6.5	  0.0	0.000	0.000	0.000
36	  F	  8.6	  0.1	0.000	0.000	0.000
37	  E	  5.9	  0.1	0.000	0.000	0.000
38	  L	  2.6	  0.1	0.000	0.000	0.000
39	  Y	  0.7	  0.1	0.000	0.000	0.000
40	  D	  0.5	  0.1	0.000	0.000	0.000
41	  E	  1.2	  0.1	0.000	0.000	0.000
42	  V	  1.5	  0.1	0.000	0.000	0.000
43	  V	  1.5	  0.0	0.000	0.000	0.000
44	  P	  0.6	  0.1	0.000	0.000	0.000
45	  K	  0.4	  0.1	0.000	0.000	0.000
46	  T	  0.7	  0.1	0.114	0.000	0.000
47	  A	  0.7	  0.4	0.114	0.000	0.000
48	  E	  0.4	  0.3	0.114	0.000	0.000
49	  N	  2.1	  0.3	0.114	0.000	0.000
50	  F	  3.8	  0.4	0.114	0.000	0.000
51	  R	  3.9	  0.0	0.114	0.000	0.000
52	  A	  2.0	  0.0	0.000	0.000	0.000
53	  L	  0.5	  0.0	0.000	0.000	0.000
54	  C	  0.7	  0.2	0.000	0.000	0.000
55	  T	  0.6	  0.4	0.000	0.000	0.000
56	  G	  0.4	  0.6	0.000	0.000	0.000
57	  E	  0.0	  0.9	0.000	0.000	0.000
58	  K	  0.0	  0.7	0.000	0.000	0.000
59	  G	  0.0	  0.8	0.000	0.000	0.000
60	  F	  0.2	  0.5	0.000	0.000	0.000
61	  G	  0.4	  0.2	0.000	0.000	0.000
62	  Y	  0.8	  0.7	0.000	0.139	0.139
63	  A	  0.6	  0.7	0.000	0.139	0.139
64	  G	  0.4	  0.7	0.000	0.139	0.139
65	  S	  0.3	  0.7	0.000	0.139	0.139
66	  I	  0.7	  0.2	0.000	0.139	0.139
67	  F	  2.0	  0.0	0.000	0.139	0.139
68	  H	  2.8	  0.0	0.000	0.000	0.000
69	  R	  7.4	  0.0	0.000	0.000	0.000
70	  V	  6.7	  0.0	0.000	0.000	0.000
71	  I	  5.6	  1.0	0.000	0.000	0.000
72	  P	  0.6	  1.0	0.000	0.000	0.000
73	  N	  0.1	  1.0	0.000	0.000	0.000
74	  F	  0.9	  1.0	0.000	0.000	0.000
75	  M	  1.1	  0.0	0.000	0.000	0.000
76	  L	  1.1	  0.2	0.000	0.000	0.000
77	  Q	  0.2	  0.3	0.000	0.000	0.000
78	  G	  0.0	  1.5	0.000	0.000	0.000
79	  G	  0.0	  1.5	0.000	0.000	0.000
80	  D	  1.4	  1.4	0.303	0.000	0.000
81	  F	  1.8	  1.5	0.303	0.000	0.000
82	  E	  1.8	  0.4	0.303	0.000	0.000
83	  T	  0.5	  0.7	0.303	0.000	0.000
84	  G	  0.1	  1.2	0.303	0.000	0.000
85	  K	  0.1	  0.9	0.303	0.000	0.000
86	  G	  0.0	  0.8	0.000	0.000	0.000
87	  Y	  0.1	  5.9	0.000	0.000	0.000
88	  G	  0.1	  5.5	0.000	0.000	0.000
89	  G	  0.1	  5.7	0.000	0.000	0.000
90	  K	  0.4	  5.7	0.000	0.000	0.000
91	  S	  0.7	  0.3	0.000	0.000	0.000
92	  I	  1.6	  0.1	0.000	0.000	0.000
93	  Y	  1.4	  0.3	0.000	0.000	0.000
94	  G	  1.1	  0.3	0.000	0.000	0.000
95	  A	  0.4	  0.3	0.000	0.000	0.000
96	  K	  0.3	  0.3	0.000	0.000	0.000
97	  F	  0.3	  0.9	0.000	0.000	0.000
98	  P	  0.1	  0.9	0.000	0.000	0.000
99	  D	  0.0	  2.7	0.412	0.000	0.000
100	  E	  0.1	  2.7	0.412	0.000	0.000
101	  N	  2.5	  1.9	2.936	0.000	0.000
102	  F	  4.4	  1.9	2.936	0.000	0.000
103	  E	  4.7	  0.1	2.936	0.000	0.000
104	  K	  2.3	  0.1	2.936	0.000	0.000
105	  K	  0.9	  0.1	2.809	0.000	0.000
106	  H	  2.4	  0.1	2.646	0.000	0.000
107	  T	  2.5	  0.1	0.275	0.000	0.000
108	  K	  2.0	  0.6	0.275	0.000	0.000
109	  P	  0.2	  0.6	0.000	0.000	0.000
110	  G	  0.0	  0.6	0.000	0.000	0.000
111	  L	  0.4	  0.6	0.000	0.282	0.282
112	  L	  2.3	  0.0	0.000	0.282	0.282
113	  S	  2.4	  0.0	1.044	0.282	0.282
114	  M	  2.0	  0.3	1.044	0.282	0.282
115	  A	  0.2	  0.3	1.044	0.282	0.282
116	  N	  0.1	  0.3	1.044	0.000	0.000
117	  A	  0.0	  0.5	1.044	0.000	0.000
118	  G	  0.0	  1.0	1.044	0.000	0.000
119	  P	  0.0	  1.0	0.000	0.000	0.000
120	  N	  0.2	  3.0	0.000	0.000	0.000
121	  T	  0.2	  3.2	0.000	0.000	0.000
122	  N	  0.2	  2.6	0.000	0.000	0.000
123	  G	  0.0	  2.7	0.000	0.000	0.000
124	  S	  0.4	  0.7	0.000	0.811	0.811
125	  Q	  3.2	  0.4	0.000	4.075	4.075
126	  F	  4.2	  0.1	0.000	36.938	36.938
127	  F	  4.5	  0.0	0.000	37.225	37.225
128	  I	  5.2	  0.0	0.000	37.225	37.225
129	  T	  7.5	  0.0	0.000	36.812	36.812
130	  T	  7.4	  0.0	0.000	34.579	34.579
131	  V	  4.1	  0.0	0.000	4.080	4.080
132	  P	  0.7	  0.0	0.000	1.774	1.774
133	  C	  0.0	  0.3	0.000	0.000	0.000
134	  P	  0.0	  0.3	0.000	0.000	0.000
135	  W	  0.5	  0.6	0.000	0.000	0.000
136	  L	  0.6	  0.9	0.000	0.000	0.000
137	  D	  0.6	  0.8	0.000	0.000	0.000
138	  G	  0.1	  0.8	0.000	0.000	0.000
139	  A	  0.3	  0.4	0.000	0.199	0.199
140	  H	  2.5	  0.2	0.000	0.199	0.199
141	  V	  6.0	  0.0	0.000	0.199	0.199
142	  V	  6.6	  0.0	0.000	0.199	0.199
143	  F	  4.6	  0.2	0.000	0.199	0.199
144	  G	  1.0	  0.2	0.000	0.000	0.000
145	  E	  0.5	  0.2	0.000	0.000	0.000
146	  V	  3.6	  0.2	0.000	0.000	0.000
147	  I	  3.9	  0.2	0.000	0.000	0.000
148	  E	  3.5	  0.2	0.000	0.000	0.000
149	  G	  0.4	  0.4	0.000	0.000	0.000
150	  M	  2.4	  0.4	0.000	0.000	0.000
151	  D	  3.4	  0.2	2.252	0.000	0.000
152	  V	  6.0	  0.2	2.252	0.000	0.000
153	  V	  5.7	  0.0	2.252	0.000	0.000
154	  K	  4.8	  0.0	2.364	0.000	0.000
155	  A	  2.4	  0.0	2.364	0.000	0.000
156	  I	  1.2	  0.0	2.364	0.000	0.000
157	  E	  1.0	  0.1	2.364	0.000	0.000
158	  A	  0.9	  0.7	1.863	0.000	0.000
159	  E	  0.0	  2.1	1.487	0.000	0.000
160	  G	  0.0	  2.5	0.447	0.000	0.000
161	  S	  0.3	  4.3	0.185	0.000	0.000
162	  G	  0.3	  4.2	0.000	0.000	0.000
163	  S	  0.3	  3.0	0.213	0.000	0.000
164	  G	  0.0	  2.6	0.213	0.000	0.000
165	  Q	  0.1	  0.8	0.213	0.000	0.000
166	  T	  2.1	  0.4	0.213	0.000	0.000
167	  R	  2.3	  0.2	0.213	0.000	0.000
168	  S	  2.4	  0.1	0.213	10.088	10.088
169	  A	  1.0	  0.1	0.000	10.088	10.088
170	  I	  8.4	  0.0	0.000	10.088	10.088
171	  V	 11.2	  0.0	0.000	10.088	10.088
172	  I	 10.8	  0.0	0.000	10.088	10.088
173	  E	  3.4	  0.2	0.000	0.000	0.000
174	  E	  0.2	  0.4	0.000	0.000	0.000
175	  S	  0.1	  0.4	0.000	0.000	0.000
176	  G	  0.1	  0.4	0.000	0.000	0.000
177	  E	 14.2	  0.2	0.000	0.000	0.000
178	  V	 15.5	  0.1	0.000	0.000	0.000
179	  K	 15.5	  0.0	0.000	0.000	0.000
180	  E	  1.5	  0.0	0.000	0.000	0.000
