res	aa	Beta	Turn	Helix	Aggregation	Conc-Stab_Aggregation
01	  M	  1.0	  0.0	0.000	0.000	0.000
02	  K	  1.2	  0.0	0.481	0.000	0.000
03	  Y	  1.8	  0.0	0.882	34.547	34.547
04	  L	  1.1	  0.0	1.070	52.178	52.178
05	  A	  1.0	  0.0	1.754	58.691	58.691
06	  L	  0.7	  0.0	1.754	62.805	62.805
07	  A	  0.6	  0.0	1.754	62.872	62.872
08	  L	  0.8	  0.0	1.754	62.469	62.469
09	  L	  0.6	  0.0	1.886	58.541	58.541
10	  A	  0.4	  0.1	2.067	33.010	33.010
11	  S	  0.3	  0.1	3.237	8.425	8.425
12	  T	  0.5	  0.1	3.535	5.281	5.281
13	  A	  0.4	  0.1	3.717	3.379	3.379
14	  A	  0.4	  0.0	3.717	1.808	1.808
15	  A	  0.2	  0.0	3.717	0.476	0.476
16	  Q	  0.9	  0.0	3.717	0.000	0.000
17	  R	  1.4	  0.0	2.619	0.000	0.000
18	  F	  2.1	  0.0	1.594	51.889	51.889
19	  M	  1.9	  0.0	0.392	51.889	51.889
20	  F	  2.4	  0.0	0.111	51.889	51.889
21	  W	  1.9	  0.0	0.000	51.889	51.889
22	  A	  1.3	  0.1	0.000	51.889	51.889
23	  E	  0.3	  0.1	0.000	0.000	0.000
24	  T	  0.2	  0.4	0.000	0.000	0.000
25	  S	  0.2	  0.8	0.000	0.000	0.000
26	  N	  0.1	  0.8	0.000	0.000	0.000
27	  D	  0.0	  0.9	0.296	0.000	0.000
28	  E	  2.0	  0.7	0.296	0.000	0.000
29	  Y	  2.5	 14.6	0.296	0.000	0.000
30	  N	  2.4	 14.7	0.296	0.000	0.000
31	  G	  0.4	 14.8	0.296	0.000	0.000
32	  K	  0.0	 14.8	0.296	0.000	0.000
33	  G	  0.0	  0.5	0.098	0.000	0.000
34	  L	  0.3	  0.3	0.000	0.000	0.000
35	  Y	  0.6	  0.4	0.000	0.000	0.000
36	  A	  0.6	  0.3	0.000	0.000	0.000
37	  N	  0.4	  0.5	0.123	0.000	0.000
38	  K	  0.2	  0.5	0.123	0.000	0.000
39	  E	  0.7	  0.2	0.123	0.000	0.000
40	  A	  0.7	  0.3	0.123	0.000	0.000
41	  H	  0.6	  0.4	0.123	0.000	0.000
42	  S	  0.1	  0.6	0.123	0.000	0.000
43	  G	  0.3	  0.6	0.000	0.000	0.000
44	  I	  3.3	  0.5	0.000	0.000	0.000
45	  D	  3.7	  0.2	0.000	0.000	0.000
46	  Y	  4.1	  0.1	0.000	33.222	33.222
47	  I	  2.5	  0.0	0.000	33.222	33.222
48	  F	  3.6	  0.0	0.000	33.222	33.222
49	  V	  3.2	  0.2	0.000	33.222	33.222
50	  S	  1.8	  0.2	0.416	33.222	33.222
51	  D	  0.2	  0.3	0.549	0.000	0.000
52	  R	  0.3	  0.2	0.549	0.000	0.000
53	  A	  0.4	  0.1	0.549	0.000	0.000
54	  I	  0.6	  0.1	0.549	0.000	0.000
55	  G	  0.3	  0.0	0.549	0.000	0.000
56	  L	  1.0	  0.0	0.321	0.000	0.000
57	  E	  2.7	  0.1	0.000	0.000	0.000
58	  Y	  2.8	  0.1	0.000	0.000	0.000
59	  D	  2.2	  0.3	0.517	0.000	0.000
60	  E	  0.4	  0.4	0.517	0.000	0.000
61	  R	  0.3	  0.4	0.517	0.000	0.000
62	  D	  0.3	  0.4	0.900	0.000	0.000
63	  Q	  0.2	  0.2	0.900	0.000	0.000
64	  E	  0.3	  0.1	0.900	0.000	0.000
65	  L	  0.2	  1.0	0.719	0.000	0.000
66	  E	  0.2	  1.0	0.603	0.000	0.000
67	  G	  0.1	  1.1	0.603	0.000	0.000
68	  W	  0.6	  1.1	0.169	0.000	0.000
69	  D	  0.6	  0.3	0.156	0.000	0.000
70	  S	  0.6	  0.3	0.653	0.000	0.000
71	  E	  0.1	  0.2	0.653	0.000	0.000
72	  M	  0.5	  0.1	0.653	1.183	1.183
73	  A	  1.2	  0.0	0.653	1.805	1.805
74	  I	  3.1	  0.0	0.653	2.468	2.468
75	  I	  2.7	  2.3	0.653	2.468	2.468
76	  G	  2.0	  2.4	0.653	2.468	2.468
77	  N	  0.0	  2.4	0.476	2.157	2.157
78	  S	  0.3	  2.4	0.270	2.381	2.381
79	  L	  2.4	  0.1	0.270	2.606	2.606
80	  V	  3.6	  0.0	0.270	2.606	2.606
81	  M	  3.4	  0.1	0.270	2.247	2.247
82	  A	  1.5	  0.3	0.270	1.699	1.699
83	  S	  0.4	  0.6	0.270	0.225	0.225
84	  R	  0.3	  1.5	0.116	0.000	0.000
85	  G	  0.1	  1.4	0.000	0.000	0.000
86	  D	  0.5	  2.4	0.000	0.000	0.000
87	  Y	  0.7	  2.3	0.000	0.000	0.000
88	  D	  0.7	  3.2	0.272	0.000	0.000
89	  D	  0.3	  3.4	0.272	0.000	0.000
90	  D	  0.1	  2.2	0.272	0.000	0.000
91	  T	  0.4	  2.0	0.272	0.000	0.000
92	  A	  1.0	  0.2	0.272	0.000	0.000
93	  I	  1.9	  0.1	0.272	0.000	0.000
94	  V	  1.7	  1.9	0.272	0.000	0.000
95	  D	  1.1	  1.9	0.272	0.000	0.000
96	  G	  0.2	  1.9	0.110	0.192	0.192
97	  Y	  1.0	  2.0	0.000	0.192	0.192
98	  L	  2.6	  0.1	0.000	0.192	0.192
99	  S	  4.4	  0.1	0.299	0.192	0.192
100	  L	  3.6	  0.2	0.299	0.192	0.192
101	  R	  2.2	  0.1	0.299	0.000	0.000
102	  T	  1.7	  0.1	0.299	0.000	0.000
103	  K	  2.1	  0.1	0.299	0.000	0.000
104	  T	  5.3	  0.0	0.299	0.000	0.000
105	  W	  5.0	  0.0	0.299	0.000	0.000
106	  V	  4.7	  0.0	0.099	0.000	0.000
107	  C	  2.2	  0.0	0.099	0.000	0.000
108	  K	  5.0	  0.0	0.000	0.000	0.000
109	  V	  7.4	  0.0	0.000	0.000	0.000
110	  T	  7.2	  0.0	0.000	0.000	0.000
111	  Q	  3.4	  0.0	0.000	0.000	0.000
112	  D	  0.8	 24.6	0.000	0.000	0.000
113	  P	  0.0	 25.3	0.000	0.000	0.000
114	  N	  0.0	 25.4	0.000	0.000	0.000
115	  G	  0.1	 25.4	0.000	0.000	0.000
116	  Y	  1.6	  0.8	0.000	0.000	0.000
117	  Q	  1.6	  0.2	0.000	0.000	0.000
118	  R	  1.7	  0.3	0.000	0.000	0.000
119	  D	  0.2	  0.3	0.000	0.000	0.000
120	  N	  0.3	  0.3	0.000	9.182	9.182
121	  L	  1.5	  0.2	0.000	24.428	24.428
122	  V	  7.3	  0.0	0.000	24.428	24.428
123	  Y	  7.9	  0.0	0.000	24.428	24.428
124	  V	  8.1	  0.1	0.000	24.428	24.428
125	  T	  2.3	  0.1	0.000	18.697	18.697
126	  D	  1.4	  0.1	0.000	0.000	0.000
127	  G	  0.0	  0.1	0.000	0.000	0.000
128	  P	  0.0	  0.4	0.000	0.000	0.000
129	  P	  0.0	  0.7	0.000	0.000	0.000
130	  Q	  0.0	  0.9	0.000	0.000	0.000
131	  D	  0.0	  1.0	0.000	0.000	0.000
132	  D	  0.4	  1.0	0.000	0.000	0.000
133	  C	  0.6	  0.8	0.555	0.000	0.000
134	  S	  0.6	  0.6	2.049	0.000	0.000
135	  E	  1.9	  0.5	2.049	0.000	0.000
136	  V	  3.8	  0.1	2.049	0.000	0.000
137	  R	  4.8	  0.0	2.049	0.000	0.000
138	  F	  4.9	  0.0	2.049	0.000	0.000
139	  R	  2.8	  0.0	1.885	0.000	0.000
140	  A	  1.8	  0.1	1.724	0.000	0.000
141	  E	  0.3	  0.5	1.551	0.000	0.000
142	  R	  0.2	  0.7	1.098	0.000	0.000
143	  D	  0.2	  1.0	0.580	0.000	0.000
144	  G	  0.0	  1.0	0.194	0.000	0.000
145	  T	  0.0	  0.7	0.000	0.000	0.000
146	  G	  0.0	  0.5	0.000	0.000	0.000
147	  G	  0.0	  0.8	0.000	0.000	0.000
148	  P	  0.0	  0.8	0.000	0.000	0.000
149	  S	  0.9	  1.6	0.000	0.000	0.000
150	  S	  1.7	  2.4	0.000	0.000	0.000
151	  S	  3.3	  1.8	0.000	0.000	0.000
152	  S	  2.5	  1.7	0.000	0.000	0.000
153	  S	  1.6	  3.0	0.112	0.000	0.000
154	  P	  0.1	  2.2	0.112	0.000	0.000
155	  S	  0.7	  2.3	0.112	0.000	0.000
156	  T	  2.8	  2.3	0.112	0.000	0.000
157	  T	  3.0	  0.1	0.112	0.000	0.000
158	  H	  2.3	  0.6	0.112	0.000	0.000
159	  P	  0.2	  0.6	0.000	0.000	0.000
160	  T	  1.3	  0.7	0.000	0.000	0.000
161	  S	  1.5	  0.7	0.000	0.000	0.000
162	  S	  1.6	  0.2	0.000	0.000	0.000
163	  L	  0.3	  0.4	0.000	0.000	0.000
164	  P	  0.1	  0.3	0.000	0.000	0.000
165	  T	  0.0	  0.5	0.000	0.000	0.000
166	  S	  0.0	  0.5	0.000	0.000	0.000
167	  D	  0.1	  0.3	0.000	0.000	0.000
168	  H	  2.3	  0.3	0.000	0.000	0.000
169	  T	 20.7	  0.1	0.000	0.000	0.000
170	  F	 32.3	  0.0	0.000	0.000	0.000
171	  T	 30.6	  0.0	0.000	0.000	0.000
172	  V	 14.2	  0.0	0.000	0.000	0.000
173	  P	  0.4	  0.0	0.000	0.000	0.000
174	  T	 11.0	  0.0	0.000	0.000	0.000
175	  I	 11.9	  0.0	0.000	0.000	0.000
176	  S	 11.9	  0.0	0.000	0.000	0.000
177	  H	  1.1	  1.7	0.000	0.000	0.000
178	  P	  0.1	  1.8	0.000	0.000	0.000
179	  T	  0.1	  1.8	0.000	0.000	0.000
180	  G	  0.1	  1.9	0.000	0.000	0.000
181	  W	  0.6	  0.2	0.000	0.000	0.000
182	  N	  0.8	  0.1	0.000	0.000	0.000
183	  T	  1.7	  0.1	0.000	0.000	0.000
184	  T	 12.5	  0.0	0.000	0.139	0.139
185	  I	 15.2	  0.0	0.000	0.508	0.508
186	  T	 15.8	  0.0	0.000	0.508	0.508
187	  T	  6.1	  0.0	0.000	0.508	0.508
188	  T	  3.6	  0.0	0.000	0.508	0.508
189	  T	  4.6	  0.0	0.000	0.508	0.508
190	  L	  3.4	  0.1	0.000	0.508	0.508
191	  T	  2.9	  0.0	0.000	0.139	0.139
192	  D	  1.6	  0.0	0.709	0.000	0.000
193	  I	  4.4	  0.1	0.709	0.000	0.000
194	  T	  7.3	  0.0	0.709	0.000	0.000
195	  T	 18.8	  0.0	0.709	0.000	0.000
196	  Y	 16.0	  0.0	0.709	0.000	0.000
197	  C	 12.9	  0.4	0.709	0.000	0.000
198	  P	  0.2	  0.4	0.000	0.000	0.000
199	  T	  0.1	  0.4	0.000	0.000	0.000
200	  E	  0.2	  0.4	0.000	0.000	0.000
201	  T	  0.9	  0.1	0.000	1.394	1.394
202	  T	 10.5	  0.1	0.000	2.483	2.483
203	  I	 21.6	  0.0	0.000	4.439	4.439
204	  T	 30.0	  0.0	0.000	4.439	4.439
205	  I	 23.6	  0.0	0.000	4.439	4.439
206	  T	 14.2	  0.0	0.000	3.702	3.702
207	  T	  4.5	  0.0	0.000	2.610	2.610
208	  C	  1.9	  0.1	0.000	0.342	0.342
209	  G	  0.3	  0.3	0.293	0.000	0.000
210	  P	  0.0	  0.4	0.293	0.000	0.000
211	  Q	  0.3	  0.4	0.293	0.000	0.000
212	  T	  4.2	  0.3	0.293	0.000	0.000
213	  C	  4.3	  0.1	0.293	0.000	0.000
214	  N	  4.0	  0.3	0.293	0.000	0.000
215	  P	  0.1	  0.3	0.000	0.000	0.000
216	  T	  0.7	  0.3	0.000	0.802	0.802
217	  T	  9.9	  0.3	0.000	0.970	0.970
218	  I	 25.4	  0.0	0.000	0.970	0.970
219	  T	 38.2	  0.0	0.000	0.970	0.970
220	  V	 30.4	  0.0	0.000	0.970	0.970
221	  S	 16.0	  0.0	0.000	0.167	0.167
222	  E	  0.8	  0.1	0.000	0.000	0.000
223	  P	  0.0	  0.1	0.000	0.000	0.000
224	  T	  1.4	  0.1	0.000	0.848	0.848
225	  T	 10.0	  0.1	0.000	1.234	1.234
226	  V	 25.6	  0.0	0.000	1.234	1.234
227	  T	 37.1	  0.0	0.000	1.234	1.234
228	  V	 30.4	  0.1	0.000	1.234	1.234
229	  S	 16.2	  0.1	0.000	0.386	0.386
230	  S	  4.8	  0.1	0.000	0.000	0.000
231	  C	  3.8	  0.1	0.000	0.000	0.000
232	  I	  3.3	  0.0	0.000	0.000	0.000
233	  P	  0.0	  0.3	0.000	0.000	0.000
234	  P	  0.0	  0.3	0.000	0.000	0.000
235	  T	  0.0	  0.3	0.000	0.000	0.000
236	  S	  0.0	  0.3	0.000	0.000	0.000
237	  P	  0.0	  0.0	0.000	0.000	0.000
238	  P	  0.0	  0.0	0.000	0.000	0.000
239	  P	  0.0	  1.2	0.000	0.000	0.000
240	  P	  0.0	  1.5	0.000	0.000	0.000
241	  G	  0.0	  1.5	0.000	0.000	0.000
242	  T	  2.9	  1.5	0.000	0.000	0.000
243	  T	  3.1	  0.3	0.000	0.000	0.000
244	  T	  3.0	  0.0	0.000	0.000	0.000
245	  P	  0.2	  0.1	0.000	0.000	0.000
246	  G	  0.0	  0.6	0.000	0.000	0.000
247	  P	  0.0	  0.8	0.000	0.000	0.000
248	  S	  0.2	  0.8	0.000	0.000	0.000
249	  S	  1.3	  0.7	0.000	0.000	0.000
250	  V	  1.7	  0.1	0.000	0.000	0.000
251	  L	  1.6	  0.2	0.000	0.000	0.000
252	  P	  0.4	  0.3	0.000	0.000	0.000
253	  T	  0.6	  0.3	0.000	0.000	0.000
254	  S	  0.9	  0.3	0.000	0.000	0.000
255	  H	  1.0	  0.1	0.000	0.000	0.000
256	  L	  0.4	  0.2	0.000	0.000	0.000
257	  P	  0.1	  0.2	0.000	0.000	0.000
258	  T	 16.3	  0.2	0.000	0.000	0.000
259	  V	 17.3	  0.2	0.000	0.000	0.000
260	  S	 17.4	  0.0	0.000	0.000	0.000
261	  S	  4.3	  0.2	0.000	0.000	0.000
262	  I	  9.3	  0.2	0.000	0.000	0.000
263	  N	  9.2	  0.4	0.000	0.000	0.000
264	  I	  6.5	  1.2	0.000	0.000	0.000
265	  G	  0.1	  1.1	0.000	0.000	0.000
266	  G	  0.2	  1.1	0.000	0.000	0.000
267	  T	  0.2	  1.3	0.000	0.155	0.155
268	  A	  0.2	  0.7	0.000	0.487	0.487
269	  G	  0.1	  0.9	0.000	0.880	0.880
270	  A	  0.6	  0.9	0.000	5.823	5.823
271	  S	  1.1	  0.5	0.000	11.531	11.531
272	  F	  1.7	  0.3	0.000	57.172	57.172
273	  L	  1.2	  0.2	0.000	60.617	60.617
274	  A	  0.7	  0.2	0.000	61.199	61.199
275	  G	  0.6	  0.2	0.000	61.781	61.781
276	  I	  1.7	  0.2	0.000	69.410	69.410
277	  A	  1.7	  0.1	0.000	68.750	68.750
278	  G	  1.2	  0.0	0.111	68.313	68.313
279	  L	  0.9	  0.0	0.111	74.698	74.698
280	  V	  4.5	  0.0	0.111	74.153	74.153
281	  A	  4.8	  0.0	0.111	66.421	66.421
282	  M	  4.3	  0.0	0.111	59.801	59.801
283	  L	  0.7	  0.0	0.111	56.374	56.374
284	  A	  0.4	  0.0	0.000	0.000	0.000
