res	aa	Beta	Turn	Helix	Aggregation	Conc-Stab_Aggregation
01	  M	  0.2	  0.0	0.000	0.000	0.000
02	  V	 18.2	  0.0	0.000	0.106	0.106
03	  E	 20.5	  0.0	0.000	0.106	0.106
04	  V	 23.9	  0.0	0.000	10.261	10.261
05	  S	  8.2	  0.0	0.000	10.261	10.261
06	  L	  7.7	  0.0	0.000	10.333	10.333
07	  T	  4.6	  0.2	0.000	10.333	10.333
08	  V	  3.3	  0.3	0.000	10.333	10.333
09	  G	  0.5	  0.4	0.133	1.227	1.227
10	  K	  0.6	  0.6	0.133	0.406	0.406
11	  L	  0.7	  0.4	0.133	0.406	0.406
12	  D	  0.8	  1.2	3.808	0.300	0.300
13	  A	  0.6	  1.2	3.909	7.410	7.410
14	  S	  0.5	  1.0	6.999	15.805	15.805
15	  L	  0.8	  1.0	6.866	56.517	56.517
16	  A	  0.6	  0.0	6.866	61.977	61.977
17	  L	  1.4	  0.0	6.866	61.977	61.977
18	  L	  1.3	  0.0	6.412	61.977	61.977
19	  L	  1.4	  0.0	6.007	61.603	61.603
20	  T	  1.0	  0.3	4.031	40.060	40.060
21	  K	  0.8	  0.4	3.722	0.000	0.000
22	  D	  0.5	  0.4	0.548	0.000	0.000
23	  H	  0.7	  0.4	0.000	0.000	0.000
24	  H	  1.5	  0.1	0.000	0.000	0.000
25	  L	  1.6	  0.0	0.000	0.000	0.000
26	  I	  5.3	  0.0	0.000	0.000	0.000
27	  E	  4.5	  0.0	0.000	0.000	0.000
28	  F	  4.4	  0.5	0.000	0.000	0.000
29	  P	  0.1	  0.5	0.000	0.000	0.000
30	  T	  2.5	  0.5	0.000	0.000	0.000
31	  I	  8.3	  0.5	0.000	0.000	0.000
32	  L	  8.3	  0.0	0.000	0.000	0.000
33	  L	  6.0	  2.0	0.000	0.000	0.000
34	  P	  0.1	  3.1	0.000	0.000	0.000
35	  N	  0.0	  3.1	0.000	0.000	0.000
36	  G	  0.1	  3.1	0.000	0.000	0.000
37	  V	  2.1	  1.1	0.000	0.000	0.000
38	  K	  2.2	  0.4	0.000	0.000	0.000
39	  A	  2.1	  0.6	0.000	0.000	0.000
40	  G	  0.1	  0.6	0.000	0.000	0.000
41	  S	  0.5	  0.5	0.117	0.000	0.000
42	  I	  3.0	  0.2	0.117	0.000	0.000
43	  V	  9.8	  0.0	0.117	0.000	0.000
44	  K	 10.5	  0.0	0.117	0.000	0.000
45	  I	 11.7	  0.0	0.117	0.000	0.000
46	  R	  7.3	  0.1	0.117	0.000	0.000
47	  C	  6.0	  0.2	0.000	0.000	0.000
48	  D	  2.4	  1.3	0.000	0.000	0.000
49	  R	  0.2	  1.3	0.000	0.000	0.000
50	  D	  0.2	  1.1	12.066	0.000	0.000
51	  L	  0.3	  1.1	12.066	0.000	0.000
52	  E	  0.2	  0.1	12.066	0.000	0.000
53	  T	  0.1	  0.1	12.940	0.000	0.000
54	  E	  0.2	  0.1	13.051	0.000	0.000
55	  L	  0.2	  0.1	13.363	0.000	0.000
56	  E	  0.3	  0.1	13.122	0.000	0.000
57	  E	  0.5	  0.1	12.447	0.000	0.000
58	  K	  0.5	  0.2	11.161	0.000	0.000
59	  K	  0.6	  0.1	8.784	0.000	0.000
60	  Q	  3.6	  0.1	5.785	0.000	0.000
61	  F	  5.7	  0.1	3.178	0.000	0.000
62	  Q	  5.6	  0.0	1.261	0.000	0.000
63	  A	  2.4	  0.0	0.843	0.000	0.000
64	  I	  0.3	  0.1	0.721	0.000	0.000
65	  Q	  0.3	  0.1	0.721	0.000	0.000
66	  D	  0.1	  0.1	0.628	0.000	0.000
67	  E	  0.3	  0.1	0.320	0.000	0.000
68	  I	  1.2	  0.0	0.115	2.941	2.941
69	  I	  3.3	  0.0	0.115	2.941	2.941
70	  N	  6.1	  0.0	0.115	2.941	2.941
71	  T	  6.1	  0.3	0.115	2.941	2.941
72	  F	  4.2	  0.9	0.115	2.941	2.941
73	  G	  1.1	  1.2	0.000	0.243	0.243
74	  K	  0.3	  1.2	0.000	0.000	0.000
75	  N	  0.2	  0.9	0.000	0.000	0.000
76	  L	  0.2	  0.5	0.000	0.000	0.000
77	  P	  0.0	  0.2	0.000	0.000	0.000
78	  K	  0.0	  0.2	0.000	0.000	0.000
79	  A	  0.0	  0.4	0.000	0.000	0.000
80	  P	  0.0	  0.3	0.000	0.000	0.000
81	  Q	  0.8	  0.3	0.000	0.000	0.000
82	  L	  2.8	  0.3	0.000	0.000	0.000
83	  R	  4.2	  0.0	0.000	0.000	0.000
84	  V	  5.1	  0.1	0.000	0.000	0.000
85	  K	  3.3	  0.1	0.000	0.000	0.000
86	  N	  3.8	  0.1	0.000	0.000	0.000
87	  V	  5.6	  0.1	0.000	0.000	0.000
88	  T	  6.0	  0.1	0.000	0.000	0.000
89	  Q	  4.2	  0.1	0.000	0.000	0.000
90	  T	  2.8	  0.1	0.000	0.000	0.000
91	  S	  3.4	  0.1	0.000	0.000	0.000
92	  C	  4.9	  0.1	0.000	0.000	0.000
93	  V	  4.3	  0.0	0.000	0.000	0.000
94	  L	  3.5	  0.0	0.000	0.000	0.000
95	  E	  3.2	  0.0	0.000	0.000	0.000
96	  W	  2.4	  0.1	0.000	0.000	0.000
97	  D	  1.8	  0.2	0.234	0.000	0.000
98	  Q	  1.2	  0.2	0.234	0.000	0.000
99	  L	  1.5	  0.3	0.234	0.000	0.000
100	  D	  1.5	  0.4	3.992	0.000	0.000
101	  L	  0.9	  0.3	3.992	0.000	0.000
102	  G	  0.1	  0.4	5.151	0.000	0.000
103	  T	  2.7	  0.5	5.829	0.000	0.000
104	  A	  3.1	  0.3	5.829	0.000	0.000
105	  S	  3.4	  0.2	7.067	0.000	0.000
106	  L	  1.0	  0.4	6.928	0.000	0.000
107	  K	  0.7	  0.2	6.076	0.000	0.000
108	  N	  0.5	  0.2	4.457	11.439	11.439
109	  L	  2.1	  0.2	3.422	11.439	11.439
110	  V	  3.5	  0.0	2.990	11.439	11.439
111	  L	  3.4	  0.0	2.990	11.439	11.439
112	  F	  2.2	  0.7	1.865	11.439	11.439
113	  R	  0.8	  1.6	1.135	0.000	0.000
114	  D	  0.7	  1.7	0.000	0.000	0.000
115	  G	  0.0	  1.8	0.000	0.000	0.000
116	  K	  0.1	  1.2	0.000	0.000	0.000
117	  K	  0.2	  0.3	0.000	0.000	0.000
118	  L	  0.2	  0.2	0.000	0.000	0.000
119	  G	  0.2	  0.2	0.000	0.000	0.000
120	  A	  0.1	  0.1	0.000	0.000	0.000
121	  I	  0.1	  0.2	0.193	0.000	0.000
122	  P	  0.1	  0.1	0.315	0.000	0.000
123	  Q	  0.2	  0.1	0.315	0.000	0.000
124	  A	  0.3	  0.1	0.315	0.000	0.000
125	  M	  0.7	  0.1	0.315	0.000	0.000
126	  T	  0.8	  0.1	0.315	0.000	0.000
127	  N	  0.7	  0.2	0.746	0.000	0.000
128	  K	  1.2	  0.2	0.746	0.000	0.000
129	  T	  3.6	  0.2	0.431	0.000	0.000
130	  T	  4.4	  0.2	0.431	0.000	0.000
131	  K	  3.9	  0.2	0.431	0.000	0.000
132	  L	  1.4	  0.3	0.431	0.000	0.000
133	  S	  0.6	  0.3	0.284	0.000	0.000
134	  G	  0.2	  0.2	0.112	0.000	0.000
135	  L	  0.1	  0.1	0.000	0.000	0.000
136	  P	  0.0	  0.0	0.000	0.000	0.000
137	  I	  0.2	  0.0	0.000	0.000	0.000
138	  D	  0.2	  0.1	0.000	0.000	0.000
139	  K	  0.8	  0.1	0.000	0.000	0.000
140	  T	 14.3	  0.1	0.000	0.000	0.000
141	  F	 15.4	  0.1	0.000	0.000	0.000
142	  K	 15.4	  0.0	0.000	0.000	0.000
143	  F	  3.3	  0.0	0.000	0.000	0.000
144	  H	  2.4	  0.0	0.000	0.000	0.000
145	  L	  3.3	  0.0	0.000	0.000	0.000
146	  R	  4.1	  0.2	0.000	0.000	0.000
147	  L	  3.6	  0.2	0.000	0.000	0.000
148	  D	  2.4	  0.3	0.000	0.000	0.000
149	  T	  1.0	  0.3	0.000	0.188	0.188
150	  T	  0.9	  0.4	0.000	0.500	0.500
151	  A	  0.7	  0.4	0.000	0.500	0.500
152	  G	  0.1	  0.4	0.000	0.500	0.500
153	  V	  1.3	  0.3	0.000	0.500	0.500
154	  Y	  2.2	  0.1	0.000	0.500	0.500
155	  K	  2.3	  0.1	0.000	0.000	0.000
156	  S	  1.1	  0.2	0.000	0.000	0.000
157	  E	  0.2	  0.2	0.000	0.000	0.000
158	  E	  1.8	  0.1	0.000	0.000	0.000
159	  V	 20.3	  0.1	0.000	0.000	0.000
160	  E	 24.3	  0.0	0.000	0.000	0.000
161	  V	 24.0	  0.0	0.000	0.000	0.000
162	  T	  8.2	  0.0	0.000	0.000	0.000
163	  T	  4.6	  0.0	0.000	0.000	0.000
164	  H	  3.8	  0.0	0.000	0.000	0.000
165	  K	  4.8	  0.0	0.000	0.000	0.000
166	  M	  2.9	  0.1	0.000	0.000	0.000
167	  T	  2.4	  0.1	0.000	0.000	0.000
168	  D	  0.5	  1.8	0.000	0.000	0.000
169	  L	  0.3	  1.9	0.000	1.307	1.307
170	  S	  0.3	  2.0	0.206	1.447	1.447
171	  G	  0.4	  2.0	0.206	5.433	5.433
172	  I	 17.2	  0.3	0.206	37.569	37.569
173	  T	 21.9	  0.2	0.206	37.800	37.800
174	  V	 24.4	  0.0	0.206	37.800	37.800
175	  Y	  8.4	  0.0	0.206	37.706	37.706
176	  L	  3.1	  0.3	0.000	36.281	36.281
177	  G	  0.3	  0.3	0.000	3.198	3.198
178	  D	  2.3	  0.3	0.000	0.000	0.000
179	  I	  3.1	  0.3	0.000	0.000	0.000
180	  T	  3.1	  1.0	0.100	0.000	0.000
181	  P	  0.8	  1.1	0.100	0.000	0.000
182	  N	  0.0	  1.1	0.100	0.000	0.000
183	  D	  0.5	  1.1	0.100	0.000	0.000
184	  Q	  3.2	  0.1	0.100	0.000	0.000
185	  F	 12.6	  0.0	0.100	0.000	0.000
186	  T	 17.8	  0.0	3.480	0.000	0.000
187	  V	 15.8	  0.1	3.480	0.000	0.000
188	  E	  6.6	  0.1	3.620	0.000	0.000
189	  D	  0.9	  0.1	5.540	0.000	0.000
190	  I	  0.5	  0.1	5.540	0.000	0.000
191	  Q	  0.7	  0.0	5.540	0.000	0.000
192	  A	  0.9	  0.0	5.148	0.000	0.000
193	  T	  3.4	  0.0	5.071	0.000	0.000
194	  L	  3.4	  0.2	5.071	0.000	0.000
195	  K	  3.1	  0.2	4.779	0.000	0.000
196	  N	  0.2	  0.5	2.724	0.000	0.000
197	  M	  0.1	  0.6	1.763	0.000	0.000
198	  G	  0.1	  0.6	1.075	0.000	0.000
199	  A	  0.5	  0.6	0.000	0.000	0.000
200	  H	  0.6	  0.3	0.000	0.000	0.000
201	  H	  0.6	  0.3	0.000	0.000	0.000
202	  P	  0.1	  0.2	0.000	0.000	0.000
203	  A	  0.0	  0.2	0.000	0.000	0.000
204	  Q	  0.0	  0.2	0.000	0.000	0.000
205	  E	  0.1	  0.1	0.000	0.000	0.000
206	  T	 15.4	  0.1	0.000	0.000	0.000
207	  V	 28.4	  0.0	0.000	0.000	0.000
208	  K	 29.3	  0.0	0.000	0.000	0.000
209	  V	 16.5	  0.1	0.000	0.000	0.000
210	  D	  2.1	  0.1	0.000	0.000	0.000
211	  T	  1.7	  0.1	0.000	0.000	0.000
212	  T	  3.7	  0.1	0.000	0.000	0.000
213	  H	  5.7	  0.1	0.000	0.184	0.184
214	  F	  5.4	  0.0	0.000	0.184	0.184
215	  I	 13.3	  0.0	0.000	0.184	0.184
216	  T	 13.4	  0.0	0.904	0.184	0.184
217	  M	 12.7	  0.1	1.024	0.184	0.184
218	  R	  2.8	  0.3	1.024	0.000	0.000
219	  E	  0.2	  0.3	1.024	0.000	0.000
220	  N	  0.2	  0.5	1.024	0.000	0.000
221	  K	  0.3	  0.4	1.024	0.000	0.000
222	  Q	  0.2	  0.2	0.706	0.000	0.000
223	  N	  0.2	  0.4	0.832	0.000	0.000
224	  P	  0.0	  0.2	0.540	0.000	0.000
225	  E	  0.1	  0.2	0.682	0.000	0.000
226	  Y	  2.2	  0.2	0.682	0.000	0.000
227	  V	  4.3	  0.0	0.682	0.000	0.000
228	  K	  4.2	  0.3	0.682	0.000	0.000
229	  A	  2.2	  0.4	0.682	0.000	0.000
230	  N	  0.1	  0.4	0.682	0.000	0.000
231	  D	  0.2	  0.9	0.000	0.000	0.000
232	  M	  7.0	  0.6	0.000	0.000	0.000
233	  N	  7.1	  0.5	0.000	0.000	0.000
234	  I	  7.0	  0.5	0.000	0.000	0.000
235	  P	  0.2	  0.0	0.000	0.000	0.000
236	  I	  7.7	  0.0	0.000	0.000	0.000
237	  I	  8.1	  0.0	0.000	0.000	0.000
238	  R	  8.1	  0.2	0.233	0.000	0.000
239	  P	  0.4	  0.2	0.233	0.000	0.000
240	  E	  0.1	  0.2	0.233	0.000	0.000
241	  W	  0.5	  0.2	0.233	0.000	0.000
242	  L	  0.8	  0.0	0.233	0.000	0.000
243	  K	  0.9	  0.0	1.306	0.000	0.000
244	  A	  0.5	  0.0	1.432	0.000	0.000
245	  C	  1.8	  0.1	2.792	0.000	0.000
246	  E	  1.7	  0.1	2.792	0.000	0.000
247	  R	  1.7	  0.2	2.688	0.000	0.000
248	  E	  0.2	  0.2	2.559	0.000	0.000
249	  R	  1.6	  0.1	2.403	0.000	0.000
250	  R	  5.9	  0.1	2.190	0.205	0.205
251	  I	  6.6	  0.0	0.840	0.205	0.205
252	  V	 13.1	  0.0	0.840	0.205	0.205
253	  D	 10.2	  0.0	1.133	0.205	0.205
254	  V	 10.1	  0.2	0.704	0.353	0.353
255	  R	  2.7	  0.2	0.704	0.148	0.148
256	  D	  1.7	  0.2	0.293	0.148	0.148
257	  F	  2.4	  0.2	0.293	0.148	0.148
258	  Y	  4.2	  0.0	0.293	0.148	0.148
259	  V	  4.7	  0.2	0.000	0.148	0.148
260	  K	  3.5	  0.2	0.000	0.000	0.000
261	  D	  1.8	  0.4	0.000	0.000	0.000
262	  C	  3.2	  0.4	0.000	0.000	0.000
263	  S	  3.2	  0.2	0.649	0.000	0.000
264	  L	  2.9	  0.8	0.649	0.000	0.000
265	  P	  0.1	  0.6	1.609	0.000	0.000
266	  D	  0.1	  0.6	2.266	0.000	0.000
267	  I	  0.9	  0.6	2.266	0.000	0.000
268	  L	  0.9	  0.0	2.266	0.000	0.000
269	  A	  0.9	  0.2	2.266	0.000	0.000
270	  R	  0.4	  0.2	2.266	0.000	0.000
271	  N	  1.8	  0.2	1.574	0.000	0.000
272	  Y	  2.6	  0.2	0.552	0.000	0.000
273	  W	  2.5	  0.1	0.000	0.000	0.000
274	  K	  1.1	  0.6	0.000	0.000	0.000
275	  K	  0.4	  0.6	0.000	0.000	0.000
276	  D	  0.1	  0.6	0.000	0.000	0.000
277	  A	  0.1	  0.5	0.000	0.000	0.000
278	  P	  0.0	  0.0	0.000	0.000	0.000
279	  A	  0.1	  0.1	0.000	0.000	0.000
280	  K	  0.8	  0.1	0.000	0.000	0.000
281	  S	  1.0	  0.2	0.000	0.000	0.000
282	  T	  0.9	  0.2	0.144	0.000	0.000
283	  E	  0.4	  0.1	0.144	0.000	0.000
284	  A	  0.4	  0.1	0.144	0.000	0.000
285	  S	  0.8	  1.6	1.032	0.000	0.000
286	  K	  0.9	  1.6	1.032	0.000	0.000
287	  D	  0.8	  1.6	1.032	0.000	0.000
288	  T	  1.3	  1.5	0.888	0.000	0.000
289	  L	  1.1	  0.1	0.888	0.000	0.000
290	  E	  1.0	  0.0	0.888	0.000	0.000
291	  G	  0.0	  0.0	0.500	0.000	0.000
292	  P	  0.0	  0.0	0.000	0.000	0.000
293	  P	  0.0	  0.0	0.000	0.000	0.000
294	  V	  3.8	  0.0	0.000	2.949	2.949
295	  V	  7.8	  0.0	0.000	2.949	2.949
296	  Q	  8.5	  0.0	0.000	2.949	2.949
297	  V	  9.3	  0.0	0.000	2.949	2.949
298	  T	  5.3	  0.0	0.000	2.949	2.949
299	  S	  4.7	  0.0	0.000	0.000	0.000
300	  P	  0.1	  0.0	0.000	0.000	0.000
301	  S	  0.1	  0.2	0.405	0.000	0.000
302	  P	  0.0	  0.3	0.405	0.000	0.000
303	  E	  0.2	  0.3	0.405	0.000	0.000
304	  T	  3.1	  0.4	0.405	0.000	0.000
305	  T	  4.3	  0.2	0.405	0.000	0.000
306	  S	  4.3	  0.2	0.514	0.000	0.000
307	  K	  1.6	  0.5	0.326	0.000	0.000
308	  Q	  0.4	  0.5	0.109	0.000	0.000
309	  D	  0.4	  1.6	0.109	0.000	0.000
310	  L	  0.3	  1.5	0.109	0.000	0.000
311	  N	  0.2	  1.4	0.225	0.000	0.000
312	  E	  0.2	  1.5	0.116	0.000	0.000
313	  K	  0.3	  0.4	0.116	0.000	0.000
314	  D	  0.3	  2.5	0.116	0.000	0.000
315	  E	  0.1	  2.6	0.116	0.000	0.000
316	  G	  0.0	  2.8	0.116	0.000	0.000
317	  K	  0.1	  2.9	0.116	0.000	0.000
318	  D	  0.1	  1.1	0.000	0.000	0.000
319	  S	  0.1	  0.9	0.000	0.000	0.000
320	  G	  0.0	  0.5	0.000	0.000	0.000
321	  V	  0.1	  0.5	0.000	0.000	0.000
322	  P	  0.0	  0.3	0.000	0.000	0.000
323	  S	  0.1	  0.5	0.000	0.000	0.000
324	  S	  0.1	  0.5	0.114	0.000	0.000
325	  E	  0.1	  0.3	0.114	0.000	0.000
326	  A	  0.3	  0.2	0.114	0.000	0.000
327	  V	  0.5	  0.1	0.114	0.000	0.000
328	  D	  0.4	  0.1	0.689	0.000	0.000
329	  E	  0.6	  0.1	0.689	0.000	0.000
330	  A	  0.5	  0.2	0.689	0.000	0.000
331	  K	  0.6	  0.3	0.689	0.000	0.000
332	  S	  0.3	  0.3	0.575	0.000	0.000
333	  S	  0.3	  1.8	0.575	0.000	0.000
334	  E	  0.3	  1.7	0.266	0.000	0.000
335	  N	  0.4	  2.6	0.122	0.000	0.000
336	  T	  0.4	  2.8	0.000	0.000	0.000
337	  S	  0.3	  1.4	0.000	0.000	0.000
338	  G	  0.1	  1.4	0.000	0.000	0.000
339	  E	  2.9	  0.3	0.000	0.000	0.000
340	  V	  3.2	  0.1	0.000	0.000	0.000
341	  S	  3.4	  1.0	0.968	0.000	0.000
342	  E	  0.6	  1.1	0.968	0.000	0.000
343	  S	  0.4	  1.1	1.124	0.000	0.000
344	  S	  0.3	  1.2	1.124	0.000	0.000
345	  K	  0.3	  0.3	1.124	0.000	0.000
346	  K	  0.4	  0.3	1.124	0.000	0.000
347	  S	  0.3	  0.3	0.841	0.000	0.000
348	  E	  0.4	  0.3	0.507	0.000	0.000
349	  K	  0.1	  0.5	0.208	0.000	0.000
350	  E	  0.1	  0.5	0.208	0.000	0.000
351	  G	  0.0	  0.5	0.208	0.000	0.000
352	  E	 14.0	  0.4	0.208	0.000	0.000
353	  V	 16.5	  0.1	0.000	0.000	0.000
354	  K	 16.5	  0.4	0.000	0.000	0.000
355	  S	  2.9	  0.5	0.000	0.000	0.000
356	  D	  0.0	  0.5	0.000	0.000	0.000
357	  E	  0.0	  0.4	0.000	0.000	0.000
358	  K	  0.0	  1.4	0.000	0.000	0.000
359	  P	  0.0	  1.4	0.000	0.000	0.000
360	  D	  0.0	  4.8	0.000	0.000	0.000
361	  E	  0.0	  4.8	0.000	0.000	0.000
362	  N	  0.1	  3.5	0.000	0.000	0.000
363	  A	  0.6	  3.4	0.000	0.000	0.000
364	  T	  5.0	  0.0	0.000	0.000	0.000
365	  V	 12.9	  0.0	0.000	0.000	0.000
366	  D	 13.2	  0.0	0.000	0.000	0.000
367	  V	 10.7	  0.0	0.000	0.000	0.000
368	  T	  3.2	  0.2	0.000	0.000	0.000
369	  K	  2.0	  0.2	0.000	0.000	0.000
370	  N	  0.5	  2.8	0.288	0.000	0.000
371	  E	  0.1	  2.8	0.288	0.000	0.000
372	  D	  0.0	  2.6	0.288	0.000	0.000
373	  E	  0.1	  2.6	0.288	0.000	0.000
374	  V	  0.2	  0.6	0.288	0.000	0.000
375	  G	  0.2	  0.7	0.288	0.000	0.000
376	  R	  0.5	  0.8	0.132	0.000	0.000
377	  T	  0.5	  0.9	0.000	0.000	0.000
378	  D	  0.4	  0.4	0.367	0.000	0.000
379	  E	  0.7	  0.4	0.367	0.000	0.000
380	  L	  0.8	  0.5	0.367	0.000	0.000
381	  D	  0.8	  0.4	1.239	0.000	0.000
382	  N	  0.1	  0.5	2.129	0.000	0.000
383	  A	  0.1	  0.4	2.129	0.000	0.000
384	  Q	  0.2	  0.3	2.129	0.000	0.000
385	  K	  0.3	  0.4	1.910	0.000	0.000
386	  A	  0.2	  0.2	1.762	0.000	0.000
387	  S	  0.2	  0.3	1.509	0.000	0.000
388	  E	  0.1	  0.3	0.591	0.000	0.000
389	  T	  0.6	  0.2	0.000	0.000	0.000
390	  S	  6.7	  0.6	0.250	0.000	0.000
391	  M	  8.7	  0.5	0.250	0.000	0.000
392	  S	  9.9	  0.5	0.658	0.000	0.000
393	  L	  4.0	  0.5	0.658	0.000	0.000
394	  R	  1.9	  0.1	0.782	0.000	0.000
395	  E	  0.1	  0.1	0.782	0.000	0.000
396	  E	  0.0	  0.2	0.750	0.000	0.000
397	  E	  0.2	  0.2	0.642	0.000	0.000
398	  S	  0.5	  0.2	0.466	0.000	0.000
399	  T	  1.8	  0.2	0.562	0.000	0.000
400	  K	  1.8	  0.2	0.562	0.000	0.000
401	  Q	  1.6	  0.1	0.562	0.000	0.000
402	  A	  0.5	  0.1	0.217	0.000	0.000
403	  I	  1.2	  0.0	0.217	0.000	0.000
404	  A	  1.1	  0.0	0.217	0.000	0.000
405	  E	  0.9	  0.1	0.217	0.000	0.000
406	  P	  0.0	  0.2	0.000	0.000	0.000
407	  T	  0.1	  0.2	0.000	0.000	0.000
408	  E	  0.1	  0.2	0.000	0.000	0.000
409	  Q	  0.8	  0.1	0.000	0.000	0.000
410	  V	  3.5	  0.1	0.000	0.000	0.000
411	  V	  5.0	  0.0	0.000	0.000	0.000
412	  T	  4.9	  0.1	0.000	0.000	0.000
413	  D	  2.1	  0.3	0.000	0.000	0.000
414	  S	  1.1	  0.4	0.221	0.000	0.000
415	  K	  0.8	  0.4	0.221	0.000	0.000
416	  E	  1.0	  0.3	0.221	0.000	0.000
417	  K	  0.7	  0.2	0.221	0.000	0.000
418	  T	  1.1	  0.2	0.221	0.000	0.000
419	  N	  0.9	  0.8	0.221	0.000	0.000
420	  T	  0.8	  0.8	0.000	0.000	0.000
421	  N	  0.3	  0.7	0.000	0.000	0.000
422	  A	  0.4	  0.7	0.000	0.000	0.000
423	  V	  0.6	  0.1	0.000	0.000	0.000
424	  E	  0.5	  0.2	0.000	0.000	0.000
425	  G	  0.2	  0.2	0.000	0.000	0.000
426	  T	  5.7	  0.2	0.152	0.000	0.000
427	  V	  6.5	  0.1	0.152	0.000	0.000
428	  N	  6.5	  0.0	0.517	0.000	0.000
429	  A	  0.9	  0.1	0.517	0.000	0.000
430	  A	  0.5	  0.1	0.517	0.000	0.000
431	  S	  0.7	  0.3	0.517	0.000	0.000
432	  I	  0.7	  0.5	0.365	0.000	0.000
433	  G	  0.3	  0.4	0.365	0.000	0.000
434	  T	  1.7	  0.4	0.000	0.000	0.000
435	  Q	  1.7	  0.3	0.000	0.000	0.000
436	  Q	  1.9	  0.1	0.000	0.000	0.000
437	  A	  0.3	  0.2	0.000	0.000	0.000
438	  E	  0.3	  0.1	0.000	0.000	0.000
439	  T	  0.5	  0.1	0.000	0.000	0.000
440	  S	  1.1	  0.1	0.000	0.000	0.000
441	  A	  1.0	  0.0	0.000	0.000	0.000
442	  Q	  0.6	  0.3	0.000	0.000	0.000
443	  P	  0.0	  0.2	0.000	0.000	0.000
444	  T	  0.3	  0.2	0.000	0.000	0.000
445	  A	  0.3	  0.3	0.000	0.000	0.000
446	  E	  0.3	  0.1	0.000	0.000	0.000
447	  E	  0.6	  0.1	0.000	0.000	0.000
448	  L	  0.6	  0.1	0.000	0.000	0.000
449	  T	  0.9	  0.0	3.845	0.000	0.000
450	  E	  5.0	  0.0	3.845	0.000	0.000
451	  V	  7.0	  0.1	3.845	0.000	0.000
452	  D	  6.9	  1.1	3.845	0.000	0.000
453	  L	  2.4	  1.1	3.845	0.000	0.000
454	  N	  0.2	  2.3	3.845	0.000	0.000
455	  E	  0.8	  2.3	1.739	0.000	0.000
456	  S	  0.8	  1.3	0.538	0.000	0.000
457	  H	  0.8	  1.7	0.150	0.000	0.000
458	  P	  0.1	  1.0	0.000	0.000	0.000
459	  E	  0.0	  1.1	0.000	0.000	0.000
460	  S	  0.0	  1.1	0.000	0.000	0.000
461	  G	  0.2	  0.7	0.000	0.000	0.000
462	  V	  0.9	  0.1	0.000	0.000	0.000
463	  A	  0.9	  0.1	0.000	0.000	0.000
464	  E	  0.9	  0.2	0.000	0.000	0.000
465	  S	  0.7	  0.7	0.000	0.000	0.000
466	  T	  0.9	  0.7	0.000	0.000	0.000
467	  D	  0.8	  0.6	0.000	0.000	0.000
468	  L	  0.3	  0.7	0.000	0.000	0.000
469	  P	  0.0	  0.2	0.000	0.000	0.000
470	  K	  0.2	  0.2	0.000	0.000	0.000
471	  K	  4.2	  0.2	0.000	0.000	0.000
472	  I	  4.7	  0.1	0.000	0.000	0.000
473	  E	  4.6	  0.1	0.000	0.000	0.000
474	  Q	  0.7	  0.1	0.000	0.000	0.000
475	  E	  0.1	  0.1	0.000	0.000	0.000
476	  E	  0.6	  0.1	0.000	0.000	0.000
477	  I	  0.7	  0.1	0.000	0.000	0.000
478	  Q	  1.0	  0.0	0.000	0.000	0.000
479	  E	 14.3	  0.0	0.000	0.000	0.000
480	  V	 15.5	  0.0	0.000	0.000	0.000
481	  K	 15.3	  0.6	0.000	0.000	0.000
482	  E	  1.6	  0.7	0.000	0.000	0.000
483	  D	  0.1	  0.7	0.000	0.000	0.000
484	  D	  0.7	  0.7	0.000	0.000	0.000
485	  T	  3.5	  0.1	0.166	0.000	0.000
486	  I	  3.8	  0.2	0.166	0.000	0.000
487	  A	  3.1	  0.6	0.166	0.000	0.000
488	  E	  0.3	  0.6	0.166	0.000	0.000
489	  G	  0.1	  1.2	0.166	0.000	0.000
490	  M	  0.1	  1.4	0.166	0.000	0.000
491	  D	  0.1	  1.6	0.000	0.000	0.000
492	  G	  0.1	  1.7	0.000	0.000	0.000
493	  D	  0.0	  2.4	0.000	0.000	0.000
494	  E	  0.0	  3.3	0.000	0.000	0.000
495	  G	  0.0	  2.6	0.000	0.000	0.000
496	  D	  0.0	  6.7	0.000	0.000	0.000
497	  E	  0.0	  5.4	0.000	0.000	0.000
498	  N	  0.0	  6.4	0.000	0.000	0.000
499	  D	  0.0	  9.1	0.000	0.000	0.000
500	  D	  0.0	  6.8	0.000	0.000	0.000
501	  D	  0.0	  6.9	0.000	0.000	0.000
502	  D	  0.0	  7.4	0.192	0.000	0.000
503	  E	  0.0	  4.6	0.192	0.000	0.000
504	  N	  0.0	  5.0	0.584	0.000	0.000
505	  E	  0.0	  4.9	0.584	0.000	0.000
506	  N	  0.0	 10.7	0.584	0.000	0.000
507	  A	  0.0	 14.9	0.584	0.000	0.000
508	  N	  0.0	 12.6	0.584	0.000	0.000
509	  G	  0.0	 12.7	0.482	0.000	0.000
510	  K	  0.2	  4.5	0.165	0.000	0.000
511	  E	  0.3	  0.2	0.000	0.000	0.000
512	  T	  0.7	  0.2	0.000	0.000	0.000
513	  T	  1.3	  0.1	0.000	0.000	0.000
514	  D	  1.2	  0.1	0.000	0.000	0.000
515	  Q	  0.8	  0.3	0.000	0.000	0.000
516	  P	  0.0	  0.7	0.000	0.000	0.000
517	  A	  0.0	  0.8	0.000	0.000	0.000
518	  G	  0.0	  1.0	0.255	0.000	0.000
519	  E	  0.4	  0.9	0.255	0.000	0.000
520	  S	  2.7	  1.3	1.789	0.000	0.000
521	  K	  3.2	  1.2	1.789	0.000	0.000
522	  S	  2.9	  1.1	1.789	0.000	0.000
523	  K	  0.7	  1.1	1.789	0.000	0.000
524	  K	  0.2	  0.4	1.652	0.000	0.000
525	  K	  0.2	  0.4	1.534	0.000	0.000
526	  N	  0.1	  0.4	0.743	0.000	0.000
527	  K	  0.2	  0.4	0.399	0.000	0.000
528	  K	  0.2	  0.2	0.183	0.000	0.000
529	  K	  0.2	  0.4	0.000	0.000	0.000
530	  K	  0.1	  1.8	0.000	0.000	0.000
531	  K	  0.1	  1.8	0.000	0.000	0.000
532	  G	  0.0	  1.7	0.000	0.000	0.000
533	  K	  0.0	  1.6	0.000	0.000	0.000
534	  K	  0.0	  0.1	0.000	0.000	0.000
