res	aa	Beta	Turn	Helix	Aggregation	Conc-Stab_Aggregation
01	  M	  1.0	  0.0	0.000	0.000	0.000
02	  L	  1.1	  0.0	0.000	0.000	0.000
03	  S	  1.1	  0.2	0.565	0.000	0.000
04	  P	  0.1	  0.2	0.565	1.162	1.162
05	  F	  0.7	  0.2	0.565	93.337	93.337
06	  L	  1.9	  0.2	0.565	99.525	99.525
07	  I	  5.1	  0.0	0.565	99.666	99.666
08	  L	  6.2	  0.0	0.565	99.668	99.668
09	  V	  7.7	  0.0	0.565	99.656	99.656
10	  L	  4.9	  0.1	0.565	87.422	87.422
11	  S	  3.8	  0.7	0.676	11.613	11.613
12	  S	  1.2	  0.7	0.542	2.000	2.000
13	  S	  1.7	  0.7	0.391	0.795	0.795
14	  I	  2.3	  0.7	0.391	0.732	0.732
15	  K	  2.2	  0.0	0.391	0.000	0.000
16	  A	  1.6	  0.0	0.391	0.000	0.000
17	  L	  5.7	  0.0	0.391	0.000	0.000
18	  T	  6.3	  0.0	0.000	0.000	0.000
19	  V	  6.1	  0.2	0.000	0.000	0.000
20	  P	  0.6	  0.2	0.000	0.000	0.000
21	  E	  1.3	  0.2	0.000	0.000	0.000
22	  Y	  2.8	  0.4	0.000	0.000	0.000
23	  S	  3.0	  0.2	0.357	0.000	0.000
24	  S	  1.8	  0.3	0.884	0.000	0.000
25	  Q	  0.3	  0.5	0.884	0.000	0.000
26	  A	  0.2	  0.4	0.884	0.000	0.000
27	  N	  0.2	  0.3	0.884	0.000	0.000
28	  A	  0.1	  0.3	0.884	0.000	0.000
29	  Q	  0.1	  0.0	0.884	0.000	0.000
30	  P	  0.0	  0.0	0.000	0.000	0.000
31	  F	  0.5	  0.0	0.000	0.000	0.000
32	  A	  0.6	  0.1	0.000	0.000	0.000
33	  Q	  0.6	  0.1	0.000	0.000	0.000
34	  T	  0.5	  0.1	0.000	0.000	0.000
35	  S	  0.8	  0.3	0.000	0.000	0.000
36	  A	  0.8	  0.2	0.000	0.000	0.000
37	  Q	  0.4	  0.2	0.000	0.000	0.000
38	  D	  0.1	  0.8	0.000	0.000	0.000
39	  P	  0.0	  0.7	0.000	0.000	0.000
40	  Q	  0.1	  0.7	0.000	0.000	0.000
41	  Q	  0.4	  0.9	0.000	0.000	0.000
42	  S	  0.4	  0.7	0.000	0.000	0.000
43	  Q	  0.3	  0.7	0.000	0.000	0.000
44	  G	  0.0	  0.6	0.000	0.000	0.000
45	  A	  0.0	  0.6	0.000	0.000	0.000
46	  P	  0.0	  0.2	0.000	0.000	0.000
47	  Q	  0.1	  0.3	0.000	0.000	0.000
48	  S	  0.3	  0.4	0.000	0.000	0.000
49	  S	  0.8	  0.2	0.000	0.000	0.000
50	  T	 31.3	  0.2	0.000	0.000	0.000
51	  F	 31.7	  0.2	0.000	0.000	0.000
52	  S	 31.4	  0.1	0.000	0.000	0.000
53	  T	  1.3	  0.1	0.000	0.000	0.000
54	  A	  0.3	  0.1	0.000	0.000	0.000
55	  P	  0.1	  0.0	0.000	0.000	0.000
56	  F	  1.5	  0.1	0.000	0.000	0.000
57	  S	  2.3	  0.9	0.000	0.000	0.000
58	  S	  3.2	  1.6	0.000	0.000	0.000
59	  S	  1.9	  1.6	0.000	0.000	0.000
60	  S	  5.8	  1.5	0.000	0.000	0.000
61	  I	  5.0	  0.7	0.000	0.000	0.000
62	  T	  4.8	  0.0	0.000	0.000	0.000
63	  P	  0.0	  0.2	0.000	0.000	0.000
64	  P	  0.0	  0.3	0.000	0.000	0.000
65	  Q	  0.2	  0.5	0.000	0.000	0.000
66	  Q	  0.2	  0.5	0.000	0.000	0.000
67	  N	  0.2	  0.2	0.000	0.000	0.000
68	  A	  0.1	  0.2	0.000	0.000	0.000
69	  P	  0.0	  0.1	0.000	0.000	0.000
70	  G	  0.0	  0.7	0.000	0.000	0.000
71	  P	  0.0	  0.8	0.000	0.000	0.000
72	  S	  0.2	  0.9	0.000	0.000	0.000
73	  S	  0.7	  0.8	0.000	0.000	0.000
74	  Q	  0.7	  0.2	0.000	0.000	0.000
75	  Q	  0.6	  0.3	0.000	0.000	0.000
76	  P	  0.1	  0.2	0.000	0.000	0.000
77	  E	  2.0	  0.2	0.000	0.000	0.000
78	  Y	  2.7	  0.2	0.000	0.000	0.000
79	  E	  2.7	  0.2	0.000	0.000	0.000
80	  P	  0.6	  0.4	0.000	0.000	0.000
81	  S	  0.9	  1.2	0.000	0.000	0.000
82	  S	  1.7	  2.0	0.000	0.000	0.000
83	  S	  2.5	  2.9	0.000	0.000	0.000
84	  S	  1.8	  4.8	0.000	0.000	0.000
85	  S	  0.9	  4.0	0.000	0.000	0.000
86	  D	  0.1	  3.2	0.244	0.000	0.000
87	  A	  0.3	  2.2	0.244	0.000	0.000
88	  W	  2.0	  0.1	0.244	0.000	0.000
89	  T	  3.1	  0.2	0.244	0.000	0.000
90	  S	  3.2	  0.2	0.244	0.000	0.000
91	  S	  5.0	  0.2	0.244	0.000	0.000
92	  T	  3.9	  0.2	0.000	0.000	0.000
93	  S	  3.6	  3.1	0.000	0.000	0.000
94	  P	  0.1	  3.0	0.000	0.000	0.000
95	  S	  0.2	  3.0	0.000	0.000	0.000
96	  W	  0.2	  3.4	0.000	0.000	0.000
97	  P	  0.2	  0.5	0.000	0.000	0.000
98	  S	  0.9	  1.4	0.000	0.000	0.000
99	  S	  1.7	  2.1	0.000	0.000	0.000
100	  S	  2.0	  1.7	0.000	0.000	0.000
101	  S	  1.1	  1.6	0.000	0.000	0.000
102	  E	  0.3	  0.8	0.000	0.000	0.000
103	  P	  0.0	  0.0	0.000	0.000	0.000
104	  F	  3.0	  0.0	0.000	0.000	0.000
105	  T	  4.2	  0.1	0.000	0.000	0.000
106	  S	  4.4	  0.2	0.000	0.000	0.000
107	  S	  1.5	  0.2	0.000	0.000	0.000
108	  Q	  1.3	  0.2	0.000	0.000	0.000
109	  V	  9.6	  0.1	0.000	0.000	0.000
110	  Y	  9.9	  0.0	0.000	0.000	0.000
111	  Q	  8.9	  0.3	0.000	0.000	0.000
112	  P	  0.4	  0.4	0.000	0.000	0.000
113	  S	  0.2	  0.5	0.000	0.000	0.000
114	  S	  0.4	  0.6	0.140	0.000	0.000
115	  Q	  0.5	  0.3	0.140	0.000	0.000
116	  Q	  0.5	  0.2	0.140	0.000	0.000
117	  A	  0.4	  0.2	0.140	0.000	0.000
118	  S	  1.1	  0.1	0.140	0.000	0.000
119	  Q	  1.0	  0.1	0.140	0.000	0.000
120	  E	  0.8	  0.2	0.000	0.000	0.000
121	  P	  0.0	  0.2	0.000	0.000	0.000
122	  T	  0.1	  0.5	0.000	0.000	0.000
123	  S	  0.1	  0.5	0.000	0.000	0.000
124	  D	  0.1	  0.5	0.000	0.000	0.000
125	  E	  1.0	  0.5	0.000	0.000	0.000
126	  W	  1.2	  0.4	0.000	0.000	0.000
127	  S	  1.2	  0.4	0.000	0.000	0.000
128	  G	  0.3	  0.3	0.000	0.000	0.000
129	  Y	  3.8	  0.3	0.000	0.000	0.000
130	  S	  4.0	  0.1	0.417	0.000	0.000
131	  A	  4.4	  0.0	0.417	0.000	0.000
132	  V	  4.3	  0.1	0.417	0.000	0.000
133	  R	  4.4	  0.0	0.417	0.000	0.000
134	  L	  4.0	  0.4	0.417	0.000	0.000
135	  E	  0.5	  0.5	0.417	0.000	0.000
136	  S	  0.2	  0.5	0.150	0.000	0.000
137	  G	  0.0	  0.5	0.000	0.000	0.000
138	  A	  0.0	  0.4	0.000	0.000	0.000
139	  P	  0.0	  0.2	0.000	0.000	0.000
140	  Q	  0.0	  0.2	0.000	0.000	0.000
141	  S	  0.1	  3.1	0.000	0.000	0.000
142	  P	  0.1	  3.0	0.000	0.000	0.000
143	  S	  0.7	  3.6	0.000	0.000	0.000
144	  S	  1.4	  4.3	0.000	0.000	0.000
145	  S	  2.0	  2.2	0.000	0.000	0.000
146	  S	  1.6	  2.1	0.000	0.000	0.000
147	  S	 20.5	  1.5	0.000	0.000	0.000
148	  F	 21.0	  1.0	0.000	0.000	0.000
149	  S	 22.0	  0.2	0.000	0.000	0.000
150	  S	  2.8	  0.2	0.000	0.000	0.000
151	  S	  1.3	  2.3	0.000	0.000	0.000
152	  P	  0.0	  2.4	0.000	0.000	0.000
153	  S	  1.5	  2.4	0.000	0.000	0.000
154	  S	  1.5	  2.4	0.000	0.000	0.000
155	  S	  1.6	  3.3	0.000	0.000	0.000
156	  P	  0.1	  3.2	0.000	0.000	0.000
157	  S	  0.4	  3.2	0.000	0.000	0.000
158	  A	  0.4	  3.2	0.000	0.000	0.000
159	  W	  0.4	  0.4	0.000	0.000	0.000
160	  P	  0.0	  0.6	0.000	0.000	0.000
161	  S	  0.1	  2.8	0.000	0.000	0.000
162	  S	  0.1	  2.8	0.000	0.000	0.000
163	  D	  0.1	  4.5	0.000	0.000	0.000
164	  A	  0.2	  4.4	0.000	0.000	0.000
165	  S	  0.3	  2.3	0.000	0.000	0.000
166	  S	  0.3	  2.3	0.000	0.000	0.000
167	  E	  0.1	  0.2	0.000	0.000	0.000
168	  Q	  0.1	  0.2	0.000	0.000	0.000
169	  P	  0.0	  0.3	0.000	0.000	0.000
170	  Q	  0.8	  0.3	0.000	0.000	0.000
171	  S	 16.4	  0.3	0.000	0.000	0.000
172	  F	 16.9	  0.1	0.000	0.000	0.000
173	  E	 16.1	  0.2	0.000	0.000	0.000
174	  P	  0.6	  0.3	0.000	0.000	0.000
175	  S	  0.1	  0.4	0.592	0.000	0.000
176	  S	  0.2	  0.5	1.430	0.000	0.000
177	  Q	  0.3	  0.3	1.430	0.000	0.000
178	  A	  0.2	  0.1	1.430	0.000	0.000
179	  A	  0.2	  0.0	1.430	0.000	0.000
180	  L	  0.3	  0.1	1.430	0.000	0.000
181	  E	  0.3	  0.2	1.291	0.000	0.000
182	  S	  1.1	  1.0	0.930	0.000	0.000
183	  S	  2.4	  1.0	0.294	0.000	0.000
184	  S	  2.4	  0.9	0.000	0.000	0.000
185	  S	  1.6	  3.6	0.000	0.000	0.000
186	  P	  0.1	  2.9	0.000	0.000	0.000
187	  S	  0.9	  5.6	0.000	0.000	0.000
188	  S	  0.9	  6.0	0.000	0.000	0.000
189	  S	  0.9	  3.2	0.000	0.000	0.000
190	  G	  0.2	  3.1	0.000	0.000	0.000
191	  F	  0.9	  0.6	0.000	0.000	0.000
192	  A	  1.0	  0.3	0.000	0.000	0.000
193	  S	  1.8	  1.3	0.000	0.000	0.000
194	  S	  1.2	  1.3	0.000	0.000	0.000
195	  S	  1.1	  1.1	0.000	0.000	0.000
196	  A	  0.3	  1.2	0.000	0.000	0.000
197	  P	  0.1	  0.3	0.000	0.000	0.000
198	  Q	  0.1	  0.4	0.000	0.000	0.000
199	  S	  1.0	  1.2	0.000	0.000	0.000
200	  S	  1.3	  1.0	0.000	0.000	0.000
201	  S	  1.3	  0.9	0.000	0.000	0.000
202	  V	  0.5	  0.8	0.000	0.000	0.000
203	  P	  0.2	  0.2	0.000	0.000	0.000
204	  A	  0.1	  0.3	0.000	0.000	0.000
205	  S	  0.3	  0.4	0.000	0.000	0.000
206	  S	  0.6	  0.5	0.000	0.000	0.000
207	  Q	  0.7	  0.3	0.000	0.000	0.000
208	  Q	  1.3	  0.2	0.000	0.000	0.000
209	  L	  1.3	  0.2	0.000	0.000	0.000
210	  S	  1.1	  0.2	0.000	0.000	0.000
211	  S	  0.5	  0.2	0.000	0.000	0.000
212	  A	  0.4	  0.2	0.000	0.000	0.000
213	  A	  0.4	  0.0	0.000	0.000	0.000
214	  I	  0.3	  0.4	0.000	0.000	0.000
215	  P	  0.1	  0.4	0.000	0.000	0.000
216	  N	  0.0	  0.4	0.000	0.000	0.000
217	  A	  0.0	  0.9	0.000	0.000	0.000
218	  P	  0.0	  0.6	0.000	0.000	0.000
219	  S	  0.9	  3.4	0.000	0.000	0.000
220	  S	  0.9	  3.4	0.000	0.000	0.000
221	  S	  0.9	  3.2	0.000	0.000	0.000
222	  G	  0.1	  3.1	0.000	0.000	0.000
223	  P	  0.0	  0.3	0.000	0.000	0.000
224	  F	  1.5	  0.7	0.000	0.000	0.000
225	  S	  1.5	  0.8	0.132	0.000	0.000
226	  S	  1.6	  0.7	0.132	0.000	0.000
227	  G	  0.5	  0.7	0.132	0.000	0.000
228	  I	  1.5	  0.3	0.132	0.000	0.000
229	  A	  1.7	  0.1	0.132	0.000	0.000
230	  S	  2.8	  0.7	0.132	0.000	0.000
231	  Q	  1.8	  0.8	0.132	0.000	0.000
232	  S	  1.7	  0.9	0.000	0.000	0.000
233	  S	  0.2	  0.9	0.000	0.000	0.000
234	  E	  0.2	  0.2	0.000	0.000	0.000
235	  A	  0.3	  0.3	0.000	0.000	0.000
236	  S	  0.4	  0.2	0.000	0.000	0.000
237	  S	  2.8	  0.2	0.000	0.000	0.000
238	  L	  2.7	  0.2	0.000	0.000	0.000
239	  E	  2.6	  0.1	0.000	0.000	0.000
240	  P	  0.1	  0.0	0.000	0.000	0.000
241	  V	  1.3	  0.2	0.000	0.000	0.000
242	  S	  1.3	  0.6	0.000	0.000	0.000
243	  S	  1.3	  1.3	0.000	0.000	0.000
244	  G	  0.1	  1.4	0.000	0.000	0.000
245	  A	  0.2	  1.3	0.000	0.000	0.000
246	  T	  2.4	  0.9	0.000	0.000	0.000
247	  S	  2.4	  0.2	0.000	0.000	0.000
248	  S	  2.3	  5.6	0.152	0.000	0.000
249	  P	  0.0	  5.6	0.152	0.000	0.000
250	  N	  0.4	  5.6	0.563	0.000	0.000
251	  L	  0.6	  5.6	0.563	0.000	0.000
252	  E	  0.7	  0.0	0.563	0.000	0.000
253	  A	  0.4	  0.0	0.563	0.000	0.000
254	  Q	  0.7	  0.0	0.563	0.000	0.000
255	  V	  1.9	  0.1	0.411	0.000	0.000
256	  S	  2.7	  0.9	0.411	0.000	0.000
257	  S	  3.1	  1.6	0.111	0.000	0.000
258	  S	  2.3	  1.6	0.000	0.000	0.000
259	  S	  1.5	  1.5	0.000	0.000	0.000
260	  T	  0.6	  0.8	0.000	0.000	0.000
261	  P	  0.1	  0.1	0.000	0.000	0.000
262	  L	  0.3	  0.2	0.000	0.000	0.000
263	  S	  1.2	  1.3	0.000	0.000	0.000
264	  S	  1.2	  3.1	0.000	0.000	0.000
265	  S	  0.9	  3.1	0.000	0.000	0.000
266	  N	  1.1	  3.3	0.000	0.000	0.000
267	  Y	  1.6	  2.3	0.000	0.000	0.000
268	  S	  1.6	  0.4	0.156	0.000	0.000
269	  E	  0.8	  0.4	0.156	0.000	0.000
270	  A	  0.3	  0.2	0.156	0.000	0.000
271	  S	  0.6	  0.2	0.156	0.000	0.000
272	  S	  0.5	  0.1	0.156	0.000	0.000
273	  Q	  0.4	  0.1	0.156	0.000	0.000
274	  P	  0.1	  0.0	0.000	0.000	0.000
275	  F	  0.8	  0.2	0.000	0.000	0.000
276	  A	  0.9	  0.3	0.000	0.000	0.000
277	  S	  1.2	  0.7	0.000	0.000	0.000
278	  S	  0.5	  0.8	0.000	0.000	0.000
279	  T	  0.4	  2.4	0.000	0.000	0.000
280	  G	  0.1	  2.4	0.000	0.000	0.000
281	  D	  0.1	  3.6	0.000	0.000	0.000
282	  S	  0.9	  4.2	0.000	0.000	0.000
283	  S	  1.0	  2.5	0.000	0.000	0.000
284	  S	  1.1	  2.4	0.000	0.000	0.000
285	  E	  0.4	  0.8	0.000	0.000	0.000
286	  V	  0.3	  0.3	0.000	0.000	0.000
287	  P	  0.2	  0.2	0.000	0.000	0.000
288	  S	  2.9	  1.3	0.000	0.000	0.000
289	  A	  3.0	  1.4	0.000	0.000	0.000
290	  S	  3.8	  2.1	0.000	0.000	0.000
291	  S	  1.0	  2.1	0.000	0.000	0.000
292	  S	  3.8	  1.9	0.124	0.000	0.000
293	  A	  3.4	  1.8	0.124	0.000	0.000
294	  S	  3.6	  0.9	0.124	0.000	0.000
295	  I	  1.8	  0.8	0.124	0.000	0.000
296	  A	  1.5	  0.1	0.124	0.000	0.000
297	  S	  1.5	  0.1	0.124	0.000	0.000
298	  Q	  0.5	  0.1	0.124	0.000	0.000
299	  E	  0.7	  0.1	0.000	0.000	0.000
300	  A	  0.4	  0.1	0.000	0.000	0.000
301	  H	  0.7	  0.0	0.000	0.000	0.000
302	  S	 17.6	  0.1	0.000	0.000	0.000
303	  F	 18.6	  0.2	0.000	0.000	0.000
304	  S	 18.6	  0.2	0.000	0.000	0.000
305	  S	 18.3	  0.3	0.000	0.000	0.000
306	  F	 17.2	  0.3	0.000	0.000	0.000
307	  S	 17.0	  0.3	0.000	0.000	0.000
308	  N	  0.6	  0.3	0.000	0.000	0.000
309	  T	  2.6	  0.2	0.000	0.000	0.000
310	  T	  2.9	  0.1	0.000	0.000	0.000
311	  S	  2.9	  0.1	0.239	0.166	0.166
312	  A	  1.0	  0.1	0.239	2.535	2.535
313	  V	  3.2	  0.0	0.239	5.021	5.021
314	  T	  3.5	  0.1	0.239	5.021	5.021
315	  S	  3.4	  0.1	0.567	5.021	5.021
316	  L	  1.2	  0.1	0.567	5.021	5.021
317	  V	  2.1	  0.0	0.327	4.761	4.761
318	  T	  3.3	  0.0	0.327	1.693	1.693
319	  K	  4.9	  0.0	0.327	0.000	0.000
320	  V	  7.1	  0.0	0.327	3.199	3.199
321	  I	 17.9	  0.0	0.327	3.199	3.199
322	  T	 16.3	  0.0	0.327	3.199	3.199
323	  I	 12.8	  0.3	0.327	3.199	3.199
324	  G	  0.4	  0.5	0.327	3.199	3.199
325	  G	  0.1	  0.7	0.000	1.072	1.072
326	  G	  0.0	  1.1	0.000	0.000	0.000
327	  E	  0.0	  1.2	0.000	0.000	0.000
328	  G	  0.0	  1.0	0.000	0.000	0.000
329	  G	  0.0	  0.8	0.000	0.000	0.000
330	  S	  0.0	  0.6	0.000	0.000	0.000
331	  P	  0.0	  0.3	0.000	0.000	0.000
332	  T	  2.0	  0.3	0.000	1.025	1.025
333	  T	  7.4	  0.3	0.000	1.370	1.370
334	  V	 10.1	  0.0	0.000	1.370	1.370
335	  V	  9.7	  0.0	0.000	1.370	1.370
336	  T	  4.6	  0.0	0.371	1.370	1.370
337	  T	  1.9	  0.1	0.454	0.553	0.553
338	  E	  0.3	  0.1	0.454	0.000	0.000
339	  E	  4.8	  0.1	0.454	0.143	0.143
340	  V	  6.2	  0.1	0.454	0.143	0.143
341	  T	  7.7	  0.0	0.454	0.143	0.143
342	  K	  4.9	  0.0	0.454	0.143	0.143
343	  V	  7.0	  0.0	0.330	1.234	1.234
344	  I	 14.9	  0.0	0.330	1.234	1.234
345	  T	 13.1	  0.0	0.330	1.234	1.234
346	  L	  9.6	  1.3	0.330	1.234	1.234
347	  G	  0.1	  1.4	0.229	1.091	1.091
348	  N	  0.0	  2.0	0.000	0.000	0.000
349	  N	  0.0	  2.0	0.000	0.000	0.000
350	  N	  0.0	  3.3	0.000	0.000	0.000
351	  A	  0.1	  3.2	0.000	0.000	0.000
352	  N	  0.2	  2.7	0.959	0.000	0.000
353	  Q	  0.2	  2.9	0.959	0.000	0.000
354	  E	  0.2	  0.3	0.959	0.000	0.000
355	  T	  0.1	  1.2	0.959	0.000	0.000
356	  G	  0.0	  1.1	0.959	0.000	0.000
357	  N	  0.0	  0.9	0.959	0.000	0.000
358	  A	  0.0	  0.9	0.000	0.000	0.000
359	  A	  0.0	  1.1	0.000	0.000	0.000
360	  P	  0.0	  1.1	0.000	0.000	0.000
361	  D	  0.0	  1.2	0.159	0.000	0.000
362	  A	  0.0	  1.2	0.159	0.000	0.000
363	  A	  0.1	  0.3	0.159	0.000	0.000
364	  A	  0.1	  0.3	0.159	0.000	0.000
365	  T	  0.6	  0.2	0.159	0.000	0.000
366	  D	  0.7	  0.2	0.159	0.000	0.000
367	  V	  1.3	  0.2	0.000	0.000	0.000
368	  A	  0.8	  0.3	0.000	0.000	0.000
369	  G	  0.6	  0.4	0.000	0.000	0.000
370	  T	  0.1	  0.6	0.000	0.000	0.000
371	  D	  0.1	  0.6	0.000	0.000	0.000
372	  N	  0.1	  1.5	0.000	0.000	0.000
373	  A	  0.0	  1.9	0.000	0.000	0.000
374	  G	  0.0	  2.2	0.000	0.000	0.000
375	  S	  0.0	  3.7	0.000	0.000	0.000
376	  D	  0.0	  4.7	0.000	0.000	0.000
377	  D	  0.0	  4.3	0.000	0.000	0.000
378	  D	  0.0	  6.1	0.000	0.000	0.000
379	  E	  0.0	  4.6	0.000	0.000	0.000
380	  S	  0.0	  3.7	0.000	0.000	0.000
381	  D	  0.0	  3.7	0.000	0.000	0.000
382	  D	  0.0	  3.7	0.000	0.000	0.000
383	  E	  0.0	  3.7	0.000	0.000	0.000
384	  S	  0.0	  4.1	0.000	0.000	0.000
385	  D	  0.0	  4.1	0.000	0.000	0.000
386	  D	  0.0	  2.5	0.000	0.000	0.000
387	  A	  0.0	  2.6	0.000	0.000	0.000
388	  G	  0.0	  1.3	0.000	0.000	0.000
389	  T	  0.0	  1.2	0.000	0.000	0.000
390	  G	  0.0	  1.2	0.000	0.000	0.000
391	  G	  0.0	  0.9	0.000	0.000	0.000
392	  D	  0.0	  5.8	0.118	0.000	0.000
393	  A	  0.0	  5.8	0.118	0.000	0.000
394	  N	  0.0	  5.9	0.118	0.000	0.000
395	  N	  0.0	  6.5	0.118	0.000	0.000
396	  N	  0.0	  1.5	0.229	0.000	0.000
397	  N	  0.0	  1.6	0.229	0.000	0.000
398	  A	  0.0	  1.2	0.111	0.000	0.000
399	  A	  0.0	  0.8	0.111	0.000	0.000
400	  G	  0.0	  0.7	0.111	0.000	0.000
401	  G	  0.0	  0.5	0.111	0.000	0.000
402	  S	  0.0	  0.3	0.626	0.000	0.000
403	  P	  0.0	  0.5	0.626	0.000	0.000
404	  A	  0.0	  0.6	0.626	0.000	0.000
405	  T	  0.1	  1.5	0.626	0.000	0.000
406	  G	  0.1	  1.4	0.626	0.000	0.000
407	  N	  0.0	  1.8	0.774	0.000	0.000
408	  A	  0.0	  2.0	0.148	0.000	0.000
409	  G	  0.0	  1.6	0.148	0.000	0.000
410	  A	  0.0	  1.6	0.148	0.000	0.000
411	  N	  0.0	  1.4	0.148	0.000	0.000
412	  K	  0.0	  1.7	0.148	0.000	0.000
413	  G	  0.0	  3.0	0.148	0.000	0.000
414	  G	  0.0	  3.2	0.000	0.000	0.000
415	  N	  0.0	  2.7	0.000	0.000	0.000
416	  G	  0.0	  2.4	0.000	0.000	0.000
417	  G	  0.0	  0.7	0.000	0.000	0.000
418	  G	  0.0	  0.9	0.000	0.000	0.000
419	  A	  0.1	  0.7	0.000	0.000	0.000
420	  D	  0.1	  0.6	0.000	0.000	0.000
421	  T	  0.1	  0.6	0.000	0.000	0.000
422	  P	  0.0	  0.3	0.000	0.000	0.000
423	  E	  0.1	  0.4	0.000	0.000	0.000
424	  S	  2.1	  0.6	0.124	0.134	0.134
425	  T	  2.9	  0.4	0.124	1.248	1.248
426	  S	  3.1	  0.3	0.124	5.633	5.633
427	  T	  3.3	  0.2	0.124	38.348	38.348
428	  I	  3.6	  0.1	0.124	90.376	90.376
429	  L	  3.5	  0.0	0.124	92.481	92.481
430	  F	 10.6	  0.0	0.124	92.740	92.740
431	  T	 18.8	  0.0	0.000	92.370	92.370
432	  V	 24.3	  0.0	0.000	90.769	90.769
433	  T	 16.7	  0.1	0.000	43.503	43.503
434	  L	  7.3	  0.1	0.000	30.894	30.894
435	  D	  1.2	  1.5	0.000	0.000	0.000
436	  E	  0.2	  1.5	0.000	0.000	0.000
437	  S	  0.3	  1.4	0.000	0.000	0.000
438	  Q	  0.3	  2.0	0.000	0.000	0.000
439	  P	  0.1	  0.7	0.000	0.000	0.000
440	  T	  0.0	  0.9	0.000	0.000	0.000
441	  G	  0.0	  1.1	0.000	0.000	0.000
442	  G	  0.0	  1.0	0.000	0.000	0.000
443	  A	  0.0	  1.1	0.000	0.000	0.000
444	  D	  0.0	  1.4	0.000	0.000	0.000
445	  S	  0.1	  1.9	0.000	0.000	0.000
446	  G	  0.1	  1.6	0.000	0.000	0.000
447	  T	  0.2	  2.4	0.000	0.000	0.000
448	  G	  0.2	  2.1	0.000	0.000	0.000
449	  S	  0.2	  5.7	0.000	0.000	0.000
450	  G	  0.1	  5.7	0.000	0.000	0.000
451	  N	  0.0	  4.9	0.000	0.000	0.000
452	  G	  0.0	  5.0	0.000	0.000	0.000
453	  G	  0.0	  0.7	0.000	0.000	0.000
454	  A	  0.2	  0.5	0.000	0.000	0.000
455	  T	  1.9	  0.3	0.000	0.000	0.000
456	  T	  4.7	  0.1	0.000	0.000	0.000
457	  T	  6.0	  0.1	0.000	0.000	0.000
458	  S	  4.5	  0.1	0.000	0.000	0.000
459	  V	  1.7	  0.0	0.000	0.000	0.000
460	  P	  0.2	  0.0	0.000	0.000	0.000
461	  V	  0.5	  0.0	0.000	0.000	0.000
462	  L	  0.4	  0.3	0.000	0.000	0.000
463	  P	  0.4	  0.3	0.000	0.000	0.000
464	  S	  0.1	  0.3	0.000	0.000	0.000
465	  T	  0.1	  2.9	0.000	0.000	0.000
466	  P	  0.1	  2.7	0.000	0.000	0.000
467	  G	  0.0	  3.0	0.000	0.000	0.000
468	  Q	  0.0	  3.5	0.000	0.000	0.000
469	  G	  0.0	  0.9	0.000	0.000	0.000
470	  G	  0.0	  1.1	0.000	0.000	0.000
471	  Y	  0.1	  1.5	0.000	0.000	0.000
472	  G	  0.2	  1.3	0.000	0.000	0.000
473	  K	  0.2	  1.4	0.000	0.000	0.000
474	  N	  0.1	  1.2	0.000	0.000	0.000
475	  D	  0.2	  1.1	0.000	0.000	0.000
476	  T	  0.8	  0.8	0.000	0.000	0.000
477	  S	  0.9	  0.7	0.000	0.000	0.000
478	  H	  1.0	  1.2	0.000	0.000	0.000
479	  A	  0.4	  1.1	0.000	0.000	0.000
480	  Q	  0.2	  1.5	0.000	0.000	0.000
481	  G	  0.0	  1.8	0.000	0.000	0.000
482	  S	  0.1	  1.4	0.000	0.000	0.000
483	  N	  0.2	  1.2	0.000	0.000	0.000
484	  S	  0.9	  0.7	0.000	0.000	0.000
485	  T	  1.0	  0.4	0.000	0.000	0.000
486	  K	  0.9	  0.4	0.000	0.000	0.000
487	  P	  0.2	  0.2	0.000	0.000	0.000
488	  T	  0.2	  0.2	0.000	0.000	0.000
489	  T	  0.2	  0.4	0.000	0.000	0.000
490	  P	  0.2	  0.7	0.000	0.000	0.000
491	  L	  0.1	  0.8	0.000	0.000	0.000
492	  D	  0.1	  1.4	0.000	0.000	0.000
493	  G	  0.1	  2.9	0.000	0.000	0.000
494	  G	  0.0	  2.8	0.000	0.000	0.000
495	  N	  0.0	  4.0	0.000	0.000	0.000
496	  G	  0.0	  3.5	0.000	0.000	0.000
497	  N	  0.1	  1.9	0.000	0.000	0.000
498	  S	  2.1	  1.8	0.000	0.000	0.000
499	  T	  2.1	  0.7	0.000	0.000	0.000
500	  S	  2.1	  0.9	0.139	0.000	0.000
501	  N	  0.3	  0.8	0.256	0.000	0.000
502	  S	  0.3	  0.5	0.444	0.000	0.000
503	  T	  0.7	  0.3	0.668	0.000	0.000
504	  L	  0.7	  0.2	0.668	0.000	0.000
505	  A	  0.7	  0.2	0.668	0.000	0.000
506	  S	  0.6	  1.3	0.778	0.000	0.000
507	  R	  0.8	  1.3	0.522	0.000	0.000
508	  N	  0.8	  1.1	0.334	0.000	0.000
509	  V	  1.0	  1.1	0.110	0.000	0.000
510	  L	  0.7	  0.4	0.110	0.000	0.000
511	  G	  0.6	  0.5	0.110	0.000	0.000
512	  S	  0.3	  1.6	0.110	0.000	0.000
513	  R	  0.4	  1.7	0.000	0.000	0.000
514	  N	  0.8	  1.3	0.000	0.000	0.000
515	  L	  0.6	  1.2	0.000	0.000	0.000
516	  S	  0.5	  7.1	0.367	0.000	0.000
517	  P	  0.1	  7.2	0.367	0.000	0.000
518	  N	  0.1	  7.2	0.367	0.000	0.000
519	  D	  0.5	  7.2	0.367	0.000	0.000
520	  Y	  1.7	  0.1	0.367	0.000	0.000
521	  K	  2.3	  0.1	0.367	0.000	0.000
522	  F	  2.2	  0.1	0.129	0.000	0.000
523	  D	  0.9	  0.2	0.429	0.000	0.000
524	  R	  0.5	  0.3	0.429	0.000	0.000
525	  K	  0.7	  0.2	0.429	0.000	0.000
526	  R	  0.8	  0.2	0.429	0.000	0.000
527	  T	  1.1	  0.1	0.429	0.192	0.192
528	  S	  1.0	  0.1	0.429	0.192	0.192
529	  L	  1.3	  0.1	0.265	0.192	0.192
530	  I	  2.6	  0.0	0.134	0.192	0.192
531	  Y	  2.4	  0.0	0.134	0.192	0.192
532	  A	  1.9	  0.0	0.000	0.000	0.000
533	  P	  0.2	  0.2	0.000	0.000	0.000
534	  A	  0.1	  0.2	0.000	0.000	0.000
535	  S	  0.6	  0.2	0.000	0.000	0.000
536	  T	  0.6	  0.2	0.000	0.000	0.000
537	  H	  0.5	  0.1	0.000	0.000	0.000
