res	aa	Beta	Turn	Helix	Aggregation	Conc-Stab_Aggregation
01	  M	  0.1	  0.0	0.000	0.000	0.000
02	  S	  0.1	  0.0	0.000	0.000	0.000
03	  N	  0.1	  0.0	0.000	0.000	0.000
04	  P	  0.0	  0.0	0.000	0.000	0.000
05	  V	  4.2	  0.0	0.000	0.000	0.000
06	  Y	  5.6	  0.3	0.000	0.000	0.000
07	  Q	  5.6	  0.5	0.000	0.000	0.000
08	  S	  1.7	  1.7	0.000	0.000	0.000
09	  G	  0.3	  2.2	0.000	0.000	0.000
10	  S	  0.3	  2.5	0.000	0.000	0.000
11	  S	  0.3	  3.5	0.000	0.000	0.000
12	  G	  0.3	  2.8	0.000	0.000	0.000
13	  S	  0.3	  2.8	0.000	0.000	0.000
14	  S	  0.3	  4.2	0.000	0.000	0.000
15	  G	  0.3	  3.2	0.000	0.000	0.000
16	  S	  0.3	  3.4	0.000	0.000	0.000
17	  G	  0.0	  3.0	0.000	0.000	0.000
18	  G	  0.0	  1.3	0.000	0.000	0.000
19	  Q	  0.0	  1.8	0.000	0.000	0.000
20	  G	  0.0	  1.2	0.000	0.000	0.000
21	  G	  0.0	  1.4	0.000	0.000	0.000
22	  Q	  0.0	  1.2	0.000	0.000	0.000
23	  G	  0.0	  1.0	0.000	0.000	0.000
24	  G	  0.0	  1.0	0.000	0.000	0.000
25	  G	  0.0	  1.1	0.000	0.000	0.000
26	  Q	  0.0	  1.0	0.000	0.000	0.000
27	  G	  0.0	  0.5	0.000	0.000	0.000
28	  F	  0.0	  0.4	0.000	0.000	0.000
29	  P	  0.0	  0.0	0.000	0.000	0.000
30	  V	  4.6	  0.0	0.000	0.000	0.000
31	  F	  5.9	  0.0	0.000	0.000	0.000
32	  S	  5.9	  0.0	0.000	0.000	0.000
33	  G	  1.4	  0.0	0.000	0.000	0.000
34	  P	  0.0	  0.0	0.000	0.000	0.000
35	  P	  0.0	  0.0	0.000	0.000	0.000
36	  F	  0.0	  0.3	0.000	0.000	0.000
37	  P	  0.0	  0.3	0.000	0.000	0.000
38	  H	  3.7	  0.3	0.000	0.000	0.000
39	  Y	  3.9	  0.3	0.000	0.000	0.000
40	  A	  3.9	  0.2	0.000	0.000	0.000
41	  P	  0.2	  0.4	0.000	0.000	0.000
42	  E	  0.0	  0.4	0.000	0.000	0.000
43	  S	  0.4	  0.4	0.000	0.000	0.000
44	  M	  0.8	  0.2	0.000	0.000	0.000
45	  Y	  1.4	  0.0	0.000	0.000	0.000
46	  E	  1.1	  0.0	0.000	0.000	0.000
47	  P	  0.7	  0.0	0.000	0.000	0.000
48	  S	  0.1	  3.2	0.000	0.000	0.000
49	  P	  0.0	  3.2	0.000	0.000	0.000
50	  S	  0.9	  3.2	0.000	0.000	0.000
51	  H	  0.9	  3.2	0.000	0.000	0.000
52	  H	  0.9	  0.1	0.000	0.000	0.000
53	  P	  0.0	  0.2	0.000	0.000	0.000
54	  P	  0.0	  0.2	0.000	0.000	0.000
55	  Y	  0.4	  0.2	0.000	0.000	0.000
56	  R	  0.4	  0.4	0.000	0.000	0.000
57	  P	  0.4	  0.3	0.000	0.000	0.000
58	  Y	  2.3	  0.3	0.000	0.000	0.000
59	  D	  3.2	  0.3	0.000	0.000	0.000
60	  Y	  4.4	  0.1	0.000	0.000	0.000
61	  Y	  2.7	  0.0	0.000	0.000	0.000
62	  H	  1.8	  0.3	0.000	0.000	0.000
63	  S	  1.5	  1.1	0.000	0.000	0.000
64	  S	  1.3	  1.1	0.000	0.000	0.000
65	  S	  1.3	  1.0	0.000	0.000	0.000
66	  Q	  0.4	  0.8	0.000	0.000	0.000
67	  P	  0.1	  0.0	0.000	0.000	0.000
68	  M	  0.8	  0.0	0.000	0.000	0.000
69	  V	  2.1	  0.1	0.000	0.000	0.000
70	  S	  2.9	  0.7	0.000	0.000	0.000
71	  S	  2.2	  0.7	0.000	0.000	0.000
72	  S	  6.6	  1.2	0.000	0.000	0.000
73	  I	  6.9	  1.2	0.000	0.000	0.000
74	  S	  6.7	  0.5	0.000	0.000	0.000
75	  G	  1.2	  0.5	0.000	0.000	0.000
76	  P	  0.0	  0.4	0.000	0.000	0.000
77	  P	  0.0	  0.4	0.000	0.000	0.000
78	  S	  1.5	  0.4	0.000	0.000	0.000
79	  V	  1.8	  0.4	0.000	0.000	0.000
80	  Y	  1.8	  0.3	0.000	0.000	0.000
81	  P	  0.4	  0.6	0.000	0.000	0.000
82	  S	  0.1	  0.9	0.000	0.000	0.000
83	  T	  0.2	  1.6	0.000	0.000	0.000
84	  G	  0.2	  1.5	0.000	0.000	0.000
85	  S	  0.2	  1.3	0.000	0.000	0.000
86	  S	  0.4	  1.0	0.000	0.000	0.000
87	  L	  0.4	  0.3	0.000	0.000	0.000
88	  A	  0.3	  0.1	0.000	0.000	0.000
89	  P	  0.0	  0.0	0.000	0.000	0.000
90	  M	  2.3	  0.0	0.000	0.000	0.000
91	  S	  2.6	  0.0	0.000	0.000	0.000
92	  M	  2.6	  0.1	0.000	0.000	0.000
93	  G	  0.3	  0.7	0.000	0.000	0.000
94	  P	  0.0	  1.1	0.000	0.000	0.000
95	  S	  0.1	  1.7	0.000	0.000	0.000
96	  S	  0.3	  2.8	0.000	0.000	0.000
97	  G	  0.3	  2.4	0.000	0.000	0.000
98	  S	  0.3	  2.0	0.000	0.000	0.000
99	  S	  3.0	  2.5	0.000	0.000	0.000
100	  A	  3.1	  1.4	0.000	0.000	0.000
101	  S	  3.3	  1.4	0.000	0.000	0.000
102	  S	  1.1	  1.7	0.000	0.000	0.000
103	  F	  1.1	  1.1	0.000	0.000	0.000
104	  G	  0.8	  1.3	0.000	0.000	0.000
105	  H	  0.2	  1.4	0.000	0.000	0.000
106	  G	  0.1	  1.0	0.000	0.000	0.000
107	  H	  0.4	  0.7	0.000	0.000	0.000
108	  S	  0.9	  0.3	0.320	0.000	0.000
109	  Y	  1.1	  0.8	0.320	0.000	0.000
110	  A	  0.9	  0.8	0.320	0.000	0.000
111	  D	  1.0	  1.0	0.320	0.000	0.000
112	  I	  0.8	  1.0	0.320	0.000	0.000
113	  S	  0.7	  0.4	0.320	0.000	0.000
114	  N	  0.1	  0.7	0.202	0.000	0.000
115	  P	  0.0	  0.3	0.000	0.000	0.000
116	  L	  1.9	  0.3	0.000	0.000	0.000
117	  S	  2.2	  0.5	0.000	0.000	0.000
118	  V	  2.3	  0.7	0.000	0.000	0.000
119	  G	  0.4	  0.7	0.000	0.000	0.000
120	  G	  0.0	  0.7	0.000	0.000	0.000
121	  M	  0.0	  0.5	0.000	0.000	0.000
122	  P	  0.0	  0.9	0.000	0.000	0.000
123	  P	  0.0	  1.2	0.000	0.000	0.000
124	  H	  0.1	  2.1	0.000	0.000	0.000
125	  G	  0.1	  2.2	0.000	0.000	0.000
126	  S	  0.3	  1.4	0.000	0.000	0.000
127	  S	  0.4	  1.1	0.000	0.000	0.000
128	  T	  6.4	  0.2	0.000	0.000	0.000
129	  M	  8.6	  0.1	0.000	0.000	0.000
130	  S	 14.5	  0.0	0.000	0.000	0.000
131	  Y	  9.2	  0.0	0.000	0.000	0.000
132	  Q	  6.5	  0.0	0.000	0.000	0.000
133	  P	  0.4	  0.0	0.000	0.000	0.000
134	  M	  0.0	  0.2	0.000	0.000	0.000
135	  P	  0.0	  0.2	0.000	0.000	0.000
136	  Q	  0.2	  0.2	0.000	0.000	0.000
137	  Q	  0.9	  0.2	0.000	0.000	0.000
138	  V	  4.9	  0.0	0.000	0.000	0.000
139	  V	  5.7	  0.1	0.000	0.000	0.000
140	  Q	  5.1	  0.4	0.000	0.000	0.000
141	  S	  1.2	  0.6	0.000	0.000	0.000
142	  G	  0.0	  0.9	0.000	0.000	0.000
143	  Q	  0.0	  0.9	0.000	0.000	0.000
144	  G	  0.0	  0.8	0.000	0.000	0.000
145	  G	  0.0	  0.5	0.000	0.000	0.000
146	  G	  0.0	  0.3	0.000	0.000	0.000
147	  G	  0.0	  0.2	0.000	0.000	0.000
148	  P	  0.0	  0.3	0.000	0.000	0.000
149	  P	  0.0	  0.4	0.000	0.000	0.000
150	  T	  0.0	  0.6	0.000	0.000	0.000
151	  Q	  0.0	  0.6	0.000	0.000	0.000
152	  G	  0.1	  0.3	0.000	0.000	0.000
153	  Y	  1.9	  0.3	0.000	0.000	0.000
154	  Y	  3.9	  0.0	0.000	0.000	0.000
155	  R	  4.1	  0.1	0.000	0.000	0.000
156	  Q	  2.4	  0.1	0.000	0.000	0.000
157	  S	  3.3	  1.2	0.135	0.000	0.000
158	  A	  3.4	  1.2	0.135	0.000	0.000
159	  S	  3.5	  1.2	0.135	0.000	0.000
160	  L	  0.6	  1.3	0.135	0.000	0.000
161	  A	  0.1	  0.4	0.135	0.000	0.000
162	  G	  0.1	  0.4	0.135	0.000	0.000
163	  T	  4.7	  0.4	0.000	0.000	0.000
164	  H	  4.9	  0.2	0.000	0.000	0.000
165	  T	  4.8	  0.0	0.000	0.000	0.000
166	  P	  0.1	  0.2	0.000	0.000	0.000
167	  A	  0.2	  0.2	0.000	0.000	0.000
168	  S	  0.2	  0.2	0.000	0.000	0.000
169	  R	  0.2	  0.2	0.000	0.000	0.000
