res	aa	Beta	Turn	Helix	Aggregation	Conc-Stab_Aggregation
01	  M	  0.4	  0.0	0.000	0.000	0.000
02	  I	  4.6	  0.0	0.000	0.194	0.194
03	  T	  5.7	  0.0	0.000	0.194	0.194
04	  A	  5.4	  0.0	0.000	0.194	0.194
05	  T	  4.0	  0.1	0.000	0.194	0.194
06	  T	  4.0	  0.1	0.000	0.194	0.194
07	  S	  4.2	  0.2	0.000	0.000	0.000
08	  S	  2.0	  0.2	0.000	0.000	0.000
09	  T	  3.4	  0.2	0.000	0.138	0.138
10	  I	  4.1	  0.1	0.000	0.276	0.276
11	  A	  3.8	  0.0	0.000	0.276	0.276
12	  T	  2.8	  0.0	0.000	0.276	0.276
13	  T	  3.4	  0.1	0.000	0.276	0.276
14	  T	  8.1	  0.1	0.000	0.138	0.138
15	  T	  6.6	  0.0	0.000	0.000	0.000
16	  S	  5.0	  0.2	0.000	0.000	0.000
17	  P	  0.1	  0.2	0.000	0.000	0.000
18	  E	  3.1	  0.2	0.000	0.000	0.000
19	  I	  3.5	  0.3	0.000	0.000	0.000
20	  N	  4.0	  0.0	0.000	0.000	0.000
21	  H	 12.8	  0.0	0.000	0.000	0.000
22	  I	 12.9	  0.0	0.000	0.000	0.000
23	  V	 12.4	  0.0	0.000	0.000	0.000
24	  P	  0.5	  0.0	0.000	0.000	0.000
25	  Q	  1.2	  0.0	0.000	0.000	0.000
26	  L	  1.6	  0.1	0.000	0.000	0.000
27	  E	  2.0	  0.1	0.000	0.000	0.000
28	  H	  0.9	  0.2	0.000	0.000	0.000
29	  N	  0.6	  0.2	0.000	0.000	0.000
30	  H	  0.7	  0.4	0.000	0.000	0.000
31	  K	  0.6	  0.4	0.000	0.000	0.000
32	  S	  0.6	  0.4	0.000	0.000	0.000
33	  S	  0.3	  0.4	0.000	0.000	0.000
34	  M	  0.4	  0.2	0.000	0.000	0.000
35	  A	  0.4	  0.2	0.000	0.000	0.000
36	  S	  0.3	  1.8	0.000	0.000	0.000
37	  S	  0.2	  2.0	0.000	0.000	0.000
38	  N	  0.1	  1.9	0.000	0.000	0.000
39	  D	  1.3	  1.8	0.000	0.000	0.000
40	  T	 31.3	  0.3	0.000	1.405	1.405
41	  F	 33.5	  0.0	0.000	1.405	1.405
42	  S	 32.6	  0.0	0.000	1.405	1.405
43	  I	  4.2	  0.0	0.000	1.405	1.405
44	  A	  0.6	  0.0	0.000	1.405	1.405
45	  K	  1.1	  0.0	0.000	0.000	0.000
46	  T	  3.6	  0.0	0.000	0.000	0.000
47	  I	  5.4	  0.0	0.000	0.000	0.000
48	  A	  4.7	  0.0	0.000	0.000	0.000
49	  S	  2.0	  0.3	0.000	0.000	0.000
50	  P	  0.0	  0.3	0.000	0.000	0.000
51	  T	  1.7	  0.3	0.000	0.000	0.000
52	  T	  6.5	  0.3	0.000	0.000	0.000
53	  T	  6.7	  0.0	0.000	0.000	0.000
54	  Q	  5.1	  0.3	0.000	0.000	0.000
55	  P	  0.2	  0.3	0.000	0.000	0.000
56	  S	  0.3	  0.3	0.400	0.000	0.000
57	  L	  1.7	  0.3	0.400	0.000	0.000
58	  I	  4.4	  0.0	0.400	0.000	0.000
59	  V	  6.1	  0.0	0.400	0.000	0.000
60	  K	  4.8	  0.1	0.400	0.000	0.000
61	  A	  2.3	  0.2	0.400	0.000	0.000
62	  S	  0.8	  2.1	0.270	0.000	0.000
63	  K	  0.7	  2.1	0.000	0.000	0.000
64	  D	  0.8	  2.0	0.000	0.000	0.000
65	  W	  2.3	  1.9	0.000	0.000	0.000
66	  V	  2.2	  0.0	0.000	0.000	0.000
67	  L	  1.9	  0.0	0.000	0.000	0.000
68	  P	  0.0	  0.0	0.000	0.000	0.000
69	  P	  0.0	  0.0	0.000	0.000	0.000
70	  R	  0.0	  0.0	0.000	0.000	0.000
71	  P	  0.0	  0.0	0.000	0.000	0.000
72	  K	  0.0	  1.7	0.000	0.000	0.000
73	  P	  0.0	  1.8	0.000	0.000	0.000
74	  G	  0.0	  1.8	0.218	0.000	0.000
75	  R	  0.2	  1.9	0.218	0.000	0.000
76	  K	  0.4	  0.2	0.218	0.000	0.000
77	  Q	  0.8	  0.2	0.218	0.000	0.000
78	  K	  0.8	  0.3	0.218	0.000	0.000
79	  E	  0.6	  0.3	0.218	0.000	0.000
80	  N	  0.5	  0.3	0.218	0.000	0.000
81	  T	  2.1	  0.2	0.000	0.000	0.000
82	  T	  3.7	  0.1	0.000	0.000	0.000
83	  T	  5.0	  0.1	0.000	0.000	0.000
84	  T	  3.9	  0.1	0.000	0.000	0.000
85	  T	  2.4	  0.1	0.116	0.000	0.000
86	  N	  0.8	  0.2	0.116	0.000	0.000
87	  K	  0.4	  0.3	0.116	0.000	0.000
88	  E	  1.0	  0.3	0.116	0.000	0.000
89	  S	  1.0	  0.3	0.116	0.000	0.000
90	  K	  1.0	  0.3	0.116	0.000	0.000
91	  P	  0.1	  0.2	0.000	0.000	0.000
92	  K	  0.1	  0.3	0.000	0.000	0.000
93	  K	  0.1	  0.3	0.000	0.000	0.000
94	  K	  0.6	  0.1	0.000	0.000	0.000
95	  Y	  2.6	  0.0	0.000	0.000	0.000
96	  V	  3.2	  0.0	0.000	0.000	0.000
97	  K	  2.8	  0.1	0.000	0.000	0.000
98	  K	  0.9	  0.2	0.000	0.000	0.000
99	  S	  1.0	  0.2	0.000	0.000	0.000
100	  Q	  1.2	  0.2	0.000	0.000	0.000
101	  R	  1.0	  0.2	0.000	0.000	0.000
102	  K	  0.6	  0.2	0.000	0.000	0.000
103	  K	  0.4	  0.2	0.000	0.000	0.000
104	  E	  0.6	  0.1	0.000	0.000	0.000
105	  L	  0.7	  0.2	0.000	0.000	0.000
106	  S	  1.5	  1.0	0.000	0.000	0.000
107	  S	  1.2	  1.0	0.000	0.000	0.000
108	  S	  3.7	  1.7	0.000	0.000	0.000
109	  L	  3.3	  1.6	0.000	0.000	0.000
110	  N	  3.3	  0.9	0.000	0.000	0.000
111	  S	  0.8	  0.9	0.000	0.000	0.000
112	  Q	  0.6	  0.2	0.000	0.000	0.000
113	  Q	  0.8	  0.3	0.000	0.000	0.000
114	  Q	  0.6	  0.2	0.000	0.000	0.000
115	  Q	  0.5	  0.1	0.000	0.000	0.000
116	  A	  0.5	  0.1	0.000	0.000	0.000
117	  L	  2.2	  0.0	0.000	0.000	0.000
118	  H	  3.2	  0.0	0.000	0.000	0.000
119	  C	  3.9	  0.0	0.000	0.000	0.000
120	  H	  2.2	  0.7	0.000	0.000	0.000
121	  E	  1.1	  0.7	0.000	0.000	0.000
122	  D	  0.2	  1.5	0.000	0.000	0.000
123	  L	  0.7	  1.4	0.000	0.000	0.000
124	  S	  1.2	  2.5	0.000	0.000	0.000
125	  A	  1.2	  2.5	0.000	0.000	0.000
126	  N	  1.9	  2.4	0.000	0.000	0.000
127	  I	  1.6	  2.5	0.000	0.000	0.000
128	  D	  1.4	  0.7	0.000	0.000	0.000
129	  D	  0.1	  0.7	0.000	0.000	0.000
130	  L	  0.0	  0.5	0.000	0.000	0.000
131	  P	  0.0	  0.4	0.000	0.000	0.000
132	  S	  0.2	  0.4	0.000	0.000	0.000
133	  L	  0.4	  0.4	0.000	0.000	0.000
134	  M	  0.7	  0.2	0.000	0.000	0.000
135	  K	  0.8	  0.2	0.000	0.000	0.000
136	  N	  1.7	  0.2	0.000	1.140	1.140
137	  I	  4.1	  0.2	0.000	1.140	1.140
138	  S	  4.3	  0.0	0.000	1.140	1.140
139	  I	  4.0	  0.0	0.000	1.140	1.140
140	  I	  2.1	  0.1	0.000	1.140	1.140
141	  D	  1.5	  0.3	0.188	0.000	0.000
142	  S	  0.8	  2.0	0.413	0.000	0.000
143	  E	  0.1	  2.0	0.413	0.000	0.000
144	  N	  0.5	  1.9	2.335	0.000	0.000
145	  M	  1.2	  1.8	2.335	0.000	0.000
146	  E	  2.4	  0.0	2.335	0.000	0.000
147	  L	  2.3	  0.1	2.335	0.000	0.000
148	  K	  1.9	  0.2	2.335	0.000	0.000
149	  S	  0.8	  0.2	1.923	0.000	0.000
150	  H	  1.0	  0.2	0.892	0.397	0.397
151	  L	  1.1	  0.1	0.486	8.298	8.298
152	  L	  2.6	  0.0	0.486	8.298	8.298
153	  S	  2.4	  0.0	0.619	8.298	8.298
154	  L	  2.5	  0.0	0.447	8.298	8.298
155	  I	  1.3	  0.0	0.447	8.298	8.298
156	  H	  1.5	  0.1	0.447	0.000	0.000
157	  E	  4.0	  0.1	0.301	0.000	0.000
158	  Y	  4.0	  0.3	0.301	0.000	0.000
159	  K	  3.6	  0.3	0.156	0.000	0.000
160	  H	  1.1	  0.2	0.142	0.000	0.000
161	  L	  0.7	  0.3	0.142	0.000	0.000
162	  K	  0.9	  0.2	0.142	0.000	0.000
163	  D	  1.4	  0.2	0.142	0.000	0.000
164	  I	  6.2	  0.2	0.142	0.000	0.000
165	  V	  7.2	  0.0	0.142	0.000	0.000
166	  F	  7.4	  0.0	0.142	0.000	0.000
167	  K	  2.5	  0.0	0.000	0.000	0.000
168	  Q	  1.3	  0.0	0.000	0.000	0.000
169	  P	  0.0	  0.1	0.000	0.000	0.000
170	  I	  3.0	  0.1	0.000	0.000	0.000
171	  D	  3.3	  0.1	0.000	0.000	0.000
172	  M	  4.0	  0.1	0.000	0.000	0.000
173	  F	  3.1	  0.1	0.000	0.000	0.000
174	  S	  3.7	  0.4	0.000	0.000	0.000
175	  H	  3.2	  0.4	0.000	0.000	0.000
176	  N	  1.8	  0.4	0.000	0.000	0.000
177	  T	  1.0	  0.3	0.000	0.000	0.000
178	  T	  0.8	  0.0	0.000	0.000	0.000
179	  P	  0.2	  0.0	0.000	0.000	0.000
180	  I	  1.0	  0.0	0.000	0.000	0.000
181	  S	  1.6	  0.1	0.000	0.000	0.000
182	  T	  2.2	  0.1	0.000	0.000	0.000
183	  T	  2.4	  0.1	0.000	0.000	0.000
184	  A	  1.9	  0.1	0.000	0.000	0.000
185	  T	  2.9	  0.0	0.000	0.000	0.000
186	  T	  3.4	  0.0	0.000	0.000	0.000
187	  T	  4.8	  0.1	0.000	0.000	0.000
188	  T	  4.9	  0.1	0.000	0.000	0.000
189	  T	  5.9	  0.0	0.000	0.000	0.000
190	  T	  4.5	  0.0	0.000	0.000	0.000
191	  T	  2.9	  0.3	0.000	0.000	0.000
192	  P	  0.2	  0.3	0.000	0.000	0.000
193	  T	  2.7	  0.4	0.000	0.000	0.000
194	  A	  2.7	  0.5	0.000	0.000	0.000
195	  S	  3.4	  0.2	0.000	0.000	0.000
196	  T	  2.4	  0.2	0.000	0.000	0.000
197	  T	  3.8	  0.1	0.000	0.000	0.000
198	  T	  4.8	  0.1	0.000	0.000	0.000
199	  T	  4.8	  0.1	0.000	0.000	0.000
200	  T	  4.7	  0.1	0.000	0.000	0.000
201	  T	  4.7	  0.1	0.000	0.000	0.000
202	  T	  4.7	  0.1	0.000	0.000	0.000
203	  T	  5.8	  0.1	0.000	0.000	0.000
204	  T	  5.0	  0.1	0.000	0.000	0.000
205	  S	  5.3	  0.3	0.000	0.000	0.000
206	  T	  3.4	  0.3	0.000	0.000	0.000
207	  S	  3.3	  0.3	0.000	0.000	0.000
208	  T	  4.2	  0.2	0.000	0.000	0.000
209	  T	  3.6	  0.1	0.000	0.000	0.000
210	  T	  2.9	  0.2	0.107	0.000	0.000
211	  P	  0.2	  0.2	0.107	0.000	0.000
212	  E	  0.5	  0.2	0.107	0.000	0.000
213	  V	  3.3	  0.2	0.107	4.106	4.106
214	  L	  3.8	  0.0	0.107	4.238	4.238
215	  S	  3.6	  0.0	0.532	4.238	4.238
216	  A	  1.2	  0.0	0.532	4.238	4.238
217	  I	  4.1	  0.0	0.532	4.238	4.238
218	  S	  5.1	  0.0	0.532	2.011	2.011
219	  L	  4.8	  0.0	0.425	1.733	1.733
220	  Q	  1.4	  0.3	0.425	0.000	0.000
221	  P	  0.1	  0.3	0.000	0.000	0.000
222	  S	  4.8	  0.6	0.000	0.000	0.000
223	  L	  5.1	  0.7	0.000	0.000	0.000
224	  S	  5.2	  0.4	0.000	0.000	0.000
225	  S	 10.1	  0.5	0.000	0.000	0.000
226	  V	 10.9	  0.3	0.000	0.000	0.000
227	  S	 11.5	  1.1	0.000	0.000	0.000
228	  S	  2.1	  3.0	0.000	0.000	0.000
229	  S	  0.9	  3.3	0.000	0.000	0.000
230	  N	  0.1	  4.0	0.000	0.000	0.000
231	  N	  0.0	  3.5	0.000	0.000	0.000
232	  N	  0.0	  1.7	0.000	0.000	0.000
233	  N	  0.1	  3.8	0.000	0.000	0.000
234	  Q	  0.2	  3.0	0.000	0.000	0.000
235	  D	  0.1	  2.5	0.000	0.000	0.000
236	  D	  0.1	  2.9	0.394	0.000	0.000
237	  P	  0.0	  0.4	0.394	0.000	0.000
238	  L	  0.1	  0.4	0.394	0.000	0.000
239	  H	  1.2	  0.4	0.394	0.000	0.000
240	  Q	  3.6	  0.0	0.394	0.000	0.000
241	  Y	  5.0	  0.2	0.394	0.000	0.000
242	  S	  4.1	  0.2	0.000	0.000	0.000
243	  S	  1.9	  0.2	0.000	0.000	0.000
244	  I	  0.4	  0.2	0.000	0.000	0.000
245	  P	  0.1	  0.0	0.000	0.000	0.000
246	  S	  0.0	  3.5	0.000	0.000	0.000
247	  P	  0.0	  3.5	0.000	0.000	0.000
248	  G	  0.0	  3.5	0.000	0.000	0.000
249	  S	  0.0	  3.6	0.000	0.000	0.000
250	  P	  0.0	  0.1	0.000	0.000	0.000
251	  M	  0.3	  0.2	0.000	0.000	0.000
252	  S	  0.5	  0.2	0.000	0.000	0.000
253	  S	  6.3	  0.2	0.000	0.000	0.000
254	  I	  7.5	  0.2	0.000	0.000	0.000
255	  S	  7.4	  0.1	0.000	0.000	0.000
256	  T	  1.7	  0.1	0.000	0.000	0.000
257	  P	  0.1	  0.0	0.000	0.000	0.000
258	  L	  0.0	  0.3	0.000	0.000	0.000
259	  P	  0.0	  0.3	0.000	0.000	0.000
260	  S	  0.7	  0.4	0.000	0.000	0.000
261	  T	  1.2	  0.4	0.000	0.000	0.000
262	  T	  1.8	  0.2	0.000	0.000	0.000
263	  N	  1.3	  0.9	0.000	0.000	0.000
264	  T	  0.8	  0.9	0.000	0.000	0.000
265	  N	  0.2	  1.1	0.000	0.000	0.000
266	  N	  0.2	  1.1	0.000	0.000	0.000
267	  N	  2.1	  0.3	0.000	0.000	0.000
268	  V	  3.5	  0.3	0.000	0.000	0.000
269	  T	  3.4	  0.5	0.000	0.000	0.000
270	  D	  1.3	  0.5	0.000	0.000	0.000
271	  G	  0.0	  0.5	0.000	0.000	0.000
272	  S	 10.1	  0.5	0.000	0.000	0.000
273	  V	 10.9	  0.2	0.000	0.000	0.000
274	  S	 11.5	  0.2	0.000	0.000	0.000
275	  T	  2.9	  0.2	0.000	0.000	0.000
276	  T	  3.5	  0.1	0.000	0.000	0.000
277	  T	  4.5	  0.1	0.000	0.000	0.000
278	  T	  4.7	  0.1	0.000	0.000	0.000
279	  T	  6.0	  0.1	0.000	0.000	0.000
280	  T	  5.2	  0.1	0.000	0.000	0.000
281	  S	  3.9	  0.2	0.000	0.000	0.000
282	  V	  1.3	  0.2	0.000	0.000	0.000
283	  G	  0.4	  0.1	0.000	0.000	0.000
284	  T	  0.1	  0.3	0.000	0.000	0.000
285	  P	  0.0	  0.4	0.000	0.000	0.000
286	  K	  0.1	  0.4	0.000	0.000	0.000
287	  S	  0.3	  0.4	0.126	0.000	0.000
288	  S	  0.6	  0.2	0.126	0.000	0.000
289	  I	  1.2	  0.1	0.126	0.000	0.000
290	  F	  1.4	  0.0	0.126	0.000	0.000
291	  A	  1.2	  0.0	0.126	0.000	0.000
292	  N	  0.4	  0.2	1.043	0.000	0.000
293	  P	  0.0	  0.2	0.917	0.176	0.176
294	  L	  3.6	  0.2	0.917	2.090	2.090
295	  T	  6.1	  0.2	0.917	2.090	2.090
296	  I	  7.4	  0.1	0.917	2.090	2.090
297	  L	  4.0	  0.3	0.917	2.090	2.090
298	  S	  1.7	  2.1	0.483	1.915	1.915
299	  G	  0.4	  2.2	0.240	0.158	0.158
300	  S	  0.8	  2.4	0.000	0.000	0.000
301	  T	  1.0	  2.2	0.000	0.000	0.000
302	  N	  2.2	  0.5	0.000	0.000	0.000
303	  V	 12.1	  0.4	0.000	0.178	0.178
304	  N	 12.7	  0.3	0.000	0.178	0.178
305	  V	 22.2	  0.3	0.000	0.178	0.178
306	  N	 13.2	  1.2	0.000	0.178	0.178
307	  V	 12.0	  1.9	0.000	0.178	0.178
308	  N	  1.7	  2.0	0.000	0.000	0.000
309	  G	  0.2	  2.0	0.000	0.000	0.000
310	  G	  0.0	  1.0	0.000	0.000	0.000
311	  V	  0.8	  0.3	0.000	0.000	0.000
312	  S	  1.1	  0.9	0.253	0.000	0.000
313	  R	  1.2	  0.9	0.253	0.000	0.000
314	  N	  1.5	  0.9	0.253	0.000	0.000
315	  T	  4.7	  0.8	0.253	0.000	0.000
316	  I	 14.6	  0.0	0.253	0.000	0.000
317	  H	 14.1	  0.0	0.253	0.000	0.000
318	  I	 11.0	  0.1	0.000	0.000	0.000
319	  P	  0.6	  0.1	0.000	0.000	0.000
320	  S	  0.3	  0.1	0.000	0.000	0.000
321	  I	  0.8	  0.2	0.000	0.000	0.000
322	  L	  2.2	  0.1	0.000	0.000	0.000
323	  N	  2.2	  1.1	0.000	0.000	0.000
324	  L	  2.0	  1.2	0.000	0.000	0.000
325	  D	  0.5	  2.4	0.000	0.000	0.000
326	  S	  0.3	  2.4	0.232	0.000	0.000
327	  N	  0.7	  1.3	0.232	0.000	0.000
328	  V	  1.7	  1.2	0.232	0.000	0.000
329	  H	  2.0	  0.1	0.232	0.000	0.000
330	  K	  1.5	  0.2	0.232	0.000	0.000
331	  R	  2.1	  0.2	0.232	0.000	0.000
332	  S	  9.0	  0.4	0.000	0.000	0.000
333	  F	  9.1	  0.4	0.000	0.000	0.000
334	  D	  7.6	  0.5	0.141	0.000	0.000
335	  E	  0.5	  0.5	0.141	0.000	0.000
336	  L	  0.4	  0.3	0.141	0.000	0.000
337	  S	  0.4	  0.2	0.141	0.000	0.000
338	  E	  0.1	  0.1	0.141	0.000	0.000
339	  F	  1.2	  0.2	0.141	0.000	0.000
340	  I	  4.2	  0.1	0.000	0.000	0.000
341	  D	  4.7	  0.4	0.000	0.000	0.000
342	  Y	  4.2	  0.6	0.000	0.000	0.000
343	  S	  1.2	  1.7	0.000	0.000	0.000
344	  E	  0.6	  2.4	0.000	0.000	0.000
345	  G	  0.0	  2.2	0.000	0.000	0.000
346	  C	  0.3	  2.7	0.000	0.000	0.000
347	  S	  0.6	  3.3	0.000	0.000	0.000
348	  G	  0.6	  3.1	0.000	0.000	0.000
349	  S	  0.5	  4.1	0.000	0.000	0.000
350	  G	  0.3	  4.6	0.000	0.000	0.000
351	  S	  0.3	  3.2	0.000	0.000	0.000
352	  D	  0.0	  3.0	0.000	0.000	0.000
353	  G	  0.0	  2.5	0.000	0.000	0.000
354	  E	  0.0	  1.5	0.000	0.000	0.000
355	  G	  0.0	  1.1	0.000	0.000	0.000
356	  E	  0.0	  0.9	0.000	0.000	0.000
357	  L	  0.5	  0.3	0.000	0.000	0.000
358	  I	  0.5	  0.2	0.000	0.000	0.000
359	  S	  0.5	  0.2	0.000	0.000	0.000
360	  D	  0.2	  0.9	0.000	0.000	0.000
361	  L	  0.2	  0.9	0.000	0.000	0.000
362	  S	  0.5	  0.8	0.087	0.000	0.000
363	  R	  0.5	  0.8	0.087	0.000	0.000
364	  T	  2.8	  0.1	0.087	0.000	0.000
365	  T	  3.5	  0.2	0.087	0.000	0.000
366	  S	  3.6	  0.2	0.087	0.000	0.000
367	  S	 21.3	  0.4	0.087	0.000	0.000
368	  Y	 20.4	  0.5	0.000	0.000	0.000
369	  S	 20.2	  0.5	0.124	0.000	0.000
370	  D	  0.7	  0.5	0.263	0.000	0.000
371	  Q	  1.3	  0.2	0.263	0.000	0.000
372	  Y	  2.1	  0.1	0.263	0.000	0.000
373	  L	  2.1	  0.0	0.263	0.000	0.000
374	  M	  3.3	  0.0	0.263	0.000	0.000
375	  N	  2.6	  0.0	0.263	0.000	0.000
376	  V	  2.1	  0.0	0.000	0.000	0.000
