res	aa	Beta	Turn	Helix	Aggregation	Conc-Stab_Aggregation
01	  M	  0.0	  0.1	0.000	0.000	0.000
02	  S	  0.1	  1.6	0.000	0.000	0.000
03	  E	  0.1	  1.6	0.000	0.000	0.000
04	  N	  2.5	  1.6	0.000	0.000	0.000
05	  I	  4.8	  1.5	0.000	0.000	0.000
06	  T	  5.5	  0.1	0.000	0.000	0.000
07	  S	  3.7	  0.1	0.000	0.000	0.000
08	  T	  4.1	  0.1	0.000	0.000	0.000
09	  T	  3.7	  0.2	0.113	0.000	0.000
10	  S	  3.8	  0.3	0.355	0.000	0.000
11	  A	  1.3	  0.2	0.355	0.000	0.000
12	  T	  1.2	  0.2	0.355	0.000	0.000
13	  A	  0.4	  0.4	0.355	0.000	0.000
14	  A	  0.3	  0.3	0.355	0.000	0.000
15	  N	  0.2	  0.7	0.355	0.000	0.000
16	  T	  0.8	  0.8	0.000	0.000	0.000
17	  N	  0.9	  1.0	0.000	0.000	0.000
18	  T	  1.7	  1.0	0.000	0.000	0.000
19	  N	  1.2	  0.5	0.000	0.000	0.000
20	  T	  1.1	  0.8	0.000	0.000	0.000
21	  P	  0.1	  0.3	0.000	0.000	0.000
22	  T	  0.8	  0.4	0.000	0.000	0.000
23	  S	  1.4	  0.4	0.000	0.000	0.000
24	  T	  3.1	  0.1	0.000	0.000	0.000
25	  T	  3.9	  0.1	0.000	0.000	0.000
26	  T	  4.9	  0.1	0.000	0.000	0.000
27	  T	  4.8	  0.1	0.000	0.000	0.000
28	  T	  4.8	  0.1	0.000	0.000	0.000
29	  T	  4.8	  0.1	0.000	0.000	0.000
30	  T	  3.8	  0.1	0.000	0.000	0.000
31	  T	  3.3	  0.2	0.000	0.000	0.000
32	  A	  2.1	  0.2	0.000	0.000	0.000
33	  T	  3.4	  0.2	0.000	0.000	0.000
34	  H	  2.4	  0.3	0.000	0.000	0.000
35	  S	  4.1	  1.2	0.000	0.000	0.000
36	  K	  2.3	  1.4	0.000	0.000	0.000
37	  S	  2.2	  1.3	0.000	0.000	0.000
38	  N	  1.8	  1.2	0.000	0.000	0.000
39	  Y	  4.6	  0.2	0.000	0.000	0.000
40	  Y	  4.8	  0.0	0.000	0.000	0.000
41	  N	  3.2	  1.9	0.118	0.000	0.000
42	  P	  0.2	  1.9	0.118	0.000	0.000
43	  S	  0.3	  1.9	0.118	0.000	0.000
44	  L	  0.8	  1.9	0.118	0.000	0.000
45	  I	  1.4	  0.0	0.118	0.000	0.000
46	  H	  1.3	  0.1	0.118	0.000	0.000
47	  H	  1.0	  0.1	0.000	0.000	0.000
48	  S	  0.8	  0.1	0.000	0.000	0.000
49	  I	  0.9	  0.1	0.000	0.000	0.000
50	  Y	  1.1	  0.1	0.000	0.000	0.000
51	  N	  0.8	  0.8	0.000	0.000	0.000
52	  N	  0.5	  1.6	0.000	0.000	0.000
53	  N	  0.0	  2.3	0.000	0.000	0.000
54	  N	  0.0	  4.1	0.000	0.000	0.000
55	  N	  0.0	  4.1	0.000	0.000	0.000
56	  N	  0.0	  3.5	0.000	0.000	0.000
57	  G	  0.1	  2.8	0.000	0.000	0.000
58	  T	  0.2	  1.5	0.000	0.000	0.000
59	  A	  0.2	  1.7	0.000	0.000	0.000
60	  G	  0.1	  1.9	0.000	0.000	0.000
61	  S	  0.1	  1.9	0.000	0.000	0.000
62	  T	  0.1	  1.3	0.000	0.000	0.000
63	  G	  0.1	  0.4	0.000	0.000	0.000
64	  P	  0.0	  0.0	0.000	0.000	0.000
65	  I	  1.5	  0.1	0.000	0.000	0.000
66	  K	  2.3	  0.0	0.000	0.000	0.000
67	  T	  5.1	  0.0	0.000	0.000	0.000
68	  I	  4.5	  0.0	0.000	0.000	0.000
69	  A	  3.7	  0.0	0.000	0.000	0.000
70	  A	  1.0	  0.0	0.000	0.000	0.000
71	  A	  0.3	  0.0	0.000	0.000	0.000
72	  T	  1.1	  0.1	0.000	0.000	0.000
73	  S	  3.0	  0.4	0.000	0.000	0.000
74	  T	  3.3	  0.4	0.000	0.000	0.000
75	  S	  2.7	  0.4	0.000	0.000	0.000
76	  A	  0.6	  0.3	0.000	0.000	0.000
77	  A	  0.2	  0.2	0.000	0.000	0.000
78	  P	  0.0	  0.2	0.000	0.000	0.000
79	  T	  0.5	  0.3	0.000	0.000	0.000
80	  T	  1.1	  0.3	0.000	0.000	0.000
81	  N	  1.2	  0.8	0.000	0.000	0.000
82	  T	  1.2	  1.1	0.000	0.000	0.000
83	  D	  0.7	  2.1	0.000	0.000	0.000
84	  S	  0.6	  2.4	0.000	0.000	0.000
85	  G	  0.0	  1.8	0.000	0.000	0.000
86	  K	  0.1	  1.6	0.000	0.000	0.000
87	  S	  0.3	  0.5	0.000	0.000	0.000
88	  S	 10.0	  0.4	0.000	0.000	0.000
89	  V	 11.0	  0.2	0.000	0.000	0.000
90	  S	 11.0	  0.2	0.099	0.000	0.000
91	  S	  6.3	  0.3	0.099	0.000	0.000
92	  I	  6.4	  0.2	0.099	0.000	0.000
93	  S	  9.1	  1.5	0.099	0.000	0.000
94	  A	  4.2	  1.7	0.099	0.000	0.000
95	  S	  3.0	  1.7	0.099	0.000	0.000
96	  N	  0.4	  1.7	0.000	0.000	0.000
97	  S	  0.6	  0.4	0.000	0.000	0.000
98	  I	  1.6	  0.2	0.000	0.000	0.000
99	  F	  2.0	  0.1	0.000	0.000	0.000
100	  S	  1.7	  0.1	0.000	0.000	0.000
101	  E	  0.7	  0.1	0.000	0.000	0.000
102	  A	  0.0	  0.2	0.000	0.000	0.000
103	  P	  0.0	  0.2	0.000	0.000	0.000
104	  E	  5.9	  0.2	0.000	0.000	0.000
105	  V	  7.3	  0.2	0.000	0.000	0.000
106	  N	  7.4	  0.2	0.000	0.000	0.000
107	  S	  2.0	  0.2	0.000	0.000	0.000
108	  H	  1.8	  0.2	0.000	0.000	0.000
109	  H	  3.8	  0.2	0.000	0.000	0.000
110	  Y	  5.5	  0.1	0.000	0.000	0.000
111	  Y	  7.6	  0.0	0.000	0.000	0.000
112	  S	  5.6	  0.0	0.000	0.000	0.000
113	  H	  3.4	  0.0	0.000	0.000	0.000
114	  P	  0.0	  0.2	0.000	0.000	0.000
115	  P	  0.0	  0.3	0.000	0.000	0.000
116	  H	  0.5	  0.4	0.000	0.000	0.000
117	  Q	  2.9	  0.4	0.000	0.000	0.000
118	  H	  3.2	  0.1	0.000	0.000	0.000
119	  F	  2.8	  0.4	0.000	0.000	0.000
120	  P	  0.3	  0.2	0.000	0.000	0.000
121	  F	  0.5	  0.2	0.000	0.000	0.000
122	  M	  0.9	  0.3	0.000	0.000	0.000
123	  T	  1.0	  0.2	0.000	0.000	0.000
124	  N	  0.5	  0.8	0.000	0.000	0.000
125	  N	  0.1	  0.8	0.000	0.000	0.000
126	  N	  0.1	  0.8	0.000	0.000	0.000
127	  H	  0.8	  0.7	0.000	0.000	0.000
128	  H	  1.4	  0.1	0.000	0.000	0.000
129	  H	  1.6	  0.2	0.000	0.000	0.000
130	  H	  0.9	  0.5	0.000	0.000	0.000
131	  S	  0.2	  0.5	0.000	0.000	0.000
132	  N	  1.4	  0.6	0.000	0.000	0.000
133	  V	 13.4	  0.6	0.000	0.000	0.000
134	  N	 13.4	  0.3	0.000	0.000	0.000
135	  V	 12.2	  1.4	0.000	0.000	0.000
136	  G	  0.1	  1.3	0.000	0.000	0.000
137	  G	  0.1	  1.3	0.000	0.000	0.000
138	  I	  0.0	  1.2	0.000	0.000	0.000
139	  P	  0.0	  0.3	0.000	0.000	0.000
140	  T	  0.1	  0.5	0.000	0.000	0.000
141	  S	  0.1	  0.5	0.000	0.000	0.000
142	  G	  0.1	  0.4	0.000	0.000	0.000
143	  Y	  0.1	  0.2	0.000	0.000	0.000
144	  P	  0.0	  0.0	0.000	0.000	0.000
145	  F	  0.0	  0.0	0.000	0.000	0.000
146	  P	  0.0	  0.0	0.000	0.000	0.000
147	  Q	  0.0	  0.7	0.000	0.000	0.000
148	  P	  0.0	  0.7	0.000	0.000	0.000
149	  N	  0.1	  0.7	0.000	0.000	0.000
150	  A	  0.1	  0.7	0.000	0.000	0.000
151	  S	  0.2	  0.3	0.000	0.000	0.000
152	  P	  0.0	  0.3	0.000	0.000	0.000
153	  T	  1.7	  0.4	0.000	0.132	0.132
154	  T	  2.7	  0.4	0.000	0.268	0.268
155	  T	  5.2	  0.0	0.000	0.627	0.627
156	  I	  4.5	  0.1	0.000	1.224	1.224
157	  A	  3.5	  0.1	0.000	1.224	1.224
158	  G	  1.1	  0.1	0.000	1.093	1.093
159	  T	 11.2	  0.1	0.000	1.093	1.093
160	  I	 13.3	  0.1	0.000	1.093	1.093
161	  T	 13.8	  0.1	0.000	0.356	0.356
162	  S	  4.0	  0.3	0.000	0.000	0.000
163	  H	  1.7	  1.8	0.000	0.000	0.000
164	  S	  1.2	  2.6	0.000	0.000	0.000
165	  N	  0.0	  2.5	0.000	0.000	0.000
166	  G	  0.0	  2.3	0.000	0.000	0.000
167	  T	  0.0	  1.0	0.000	0.000	0.000
168	  P	  0.0	  0.4	0.000	0.000	0.000
169	  E	  0.1	  0.4	0.000	0.000	0.000
170	  S	  0.4	  0.5	0.000	0.000	0.000
171	  Q	  0.7	  0.3	0.000	0.000	0.000
172	  Q	  1.2	  0.1	0.000	0.000	0.000
173	  Q	  1.0	  0.1	0.000	0.000	0.000
174	  Q	  0.7	  0.0	0.000	0.000	0.000
175	  P	  0.0	  0.0	0.000	0.000	0.000
176	  L	  2.2	  0.0	0.000	0.000	0.000
177	  V	  2.2	  0.0	0.000	0.000	0.000
178	  A	  2.2	  0.0	0.000	0.000	0.000
179	  P	  0.0	  0.0	0.000	0.000	0.000
180	  P	  0.0	  0.3	0.000	0.000	0.000
181	  P	  0.0	  0.4	0.000	0.000	0.000
182	  Q	  0.4	  0.4	0.000	0.000	0.000
183	  S	  0.5	  0.4	0.000	0.000	0.000
184	  Q	  0.5	  0.2	0.000	0.000	0.000
185	  P	  0.1	  0.1	0.000	0.000	0.000
186	  T	 17.3	  0.1	0.000	0.000	0.000
187	  V	 19.0	  0.1	0.000	0.000	0.000
188	  S	 21.6	  0.9	0.000	0.000	0.000
189	  A	  5.4	  0.9	0.000	0.000	0.000
190	  S	  3.5	  0.9	0.000	0.000	0.000
191	  L	  0.9	  1.3	0.000	0.000	0.000
192	  P	  0.1	  0.5	0.000	0.000	0.000
193	  Q	  3.7	  0.5	0.000	0.000	0.000
194	  F	  5.2	  0.6	0.000	0.000	0.000
195	  Q	  5.5	  0.2	0.000	0.000	0.000
196	  N	  2.2	  0.2	0.000	0.000	0.000
197	  Q	  2.1	  0.2	0.000	0.000	0.000
198	  I	  4.8	  0.0	0.000	0.000	0.000
199	  V	  5.0	  0.1	0.000	0.000	0.000
200	  S	  3.6	  0.8	0.000	0.000	0.000
201	  G	  0.7	  0.9	0.000	0.000	0.000
202	  T	  0.1	  1.1	0.000	0.000	0.000
203	  G	  0.0	  1.2	0.000	0.000	0.000
204	  A	  0.1	  0.7	0.000	0.000	0.000
205	  S	  1.1	  0.5	0.000	0.000	0.000
206	  T	  1.1	  0.3	0.000	0.000	0.000
207	  N	  1.0	  0.1	0.000	0.000	0.000
208	  P	  0.0	  0.2	0.000	0.000	0.000
209	  P	  0.0	  0.2	0.000	0.000	0.000
210	  L	  0.1	  0.2	0.000	0.000	0.000
211	  N	  0.1	  0.4	0.230	0.000	0.000
212	  P	  0.1	  0.2	0.230	0.000	0.000
213	  R	  2.2	  0.2	0.230	0.000	0.000
214	  I	  3.6	  0.2	0.230	0.000	0.000
215	  S	  3.8	  0.1	0.230	0.000	0.000
216	  A	  1.8	  0.1	0.230	0.000	0.000
217	  K	  3.2	  0.1	0.230	0.000	0.000
218	  F	  4.7	  0.2	0.000	0.000	0.000
219	  T	  4.6	  0.1	0.954	0.000	0.000
220	  N	  1.8	  0.4	1.444	0.000	0.000
221	  N	  0.2	  0.4	2.920	0.000	0.000
222	  D	  0.3	  0.3	12.643	0.000	0.000
223	  I	  1.3	  0.2	14.140	0.000	0.000
224	  Q	  1.9	  0.0	14.688	0.000	0.000
225	  I	  3.6	  0.0	15.501	0.000	0.000
226	  L	  2.9	  0.0	15.600	0.000	0.000
227	  R	  2.7	  0.1	15.600	0.000	0.000
228	  Q	  1.2	  0.1	15.391	0.811	0.811
229	  L	  1.8	  0.1	14.175	1.553	1.553
230	  L	  1.4	  0.0	13.967	1.553	1.553
231	  L	  0.9	  0.3	13.244	1.553	1.553
232	  A	  0.2	  0.4	10.021	1.553	1.553
233	  G	  0.0	  0.4	7.374	0.742	0.742
234	  E	  0.5	  0.5	2.924	0.000	0.000
235	  K	  0.7	  0.2	0.577	0.000	0.000
236	  H	  1.2	  0.1	0.121	0.000	0.000
237	  K	  1.4	  0.0	0.121	0.000	0.000
238	  W	  1.5	  0.1	0.121	0.000	0.000
239	  K	  1.3	  0.1	0.000	0.000	0.000
240	  Q	  2.5	  0.1	0.000	0.000	0.000
241	  I	  4.5	  0.1	0.000	0.000	0.000
242	  T	  4.9	  0.1	0.163	0.000	0.000
243	  K	  3.1	  0.1	0.163	0.000	0.000
244	  E	  1.5	  0.2	0.163	0.000	0.000
245	  L	  1.3	  0.2	0.163	0.000	0.000
246	  N	  1.3	  1.0	0.273	0.000	0.000
247	  S	  0.8	  1.1	0.273	0.000	0.000
248	  S	  1.0	  1.6	0.110	0.000	0.000
249	  T	  1.1	  1.6	0.110	0.000	0.000
250	  N	  0.8	  1.1	0.110	0.000	0.000
251	  H	  0.3	  1.0	0.110	0.000	0.000
252	  N	  0.2	  0.5	0.000	0.000	0.000
253	  A	  0.9	  0.5	0.000	0.358	0.358
254	  H	  8.7	  0.0	0.000	0.817	0.817
255	  I	 12.9	  0.0	0.000	51.398	51.398
256	  V	 13.1	  0.0	0.000	53.248	53.248
257	  A	  5.5	  0.0	0.000	53.332	53.332
258	  A	  1.5	  0.0	0.000	53.432	53.432
259	  I	  1.8	  0.0	0.000	53.549	53.549
260	  S	  1.7	  0.0	4.684	23.590	23.590
261	  A	  1.5	  0.0	4.684	19.592	19.592
262	  A	  0.3	  0.0	4.684	16.202	16.202
263	  A	  0.6	  0.0	4.684	13.330	13.330
264	  I	  1.8	  0.1	4.684	12.303	12.303
265	  K	  1.8	  0.1	4.684	0.000	0.000
266	  S	  2.9	  0.7	2.576	0.000	0.000
267	  R	  2.1	  0.7	1.516	0.000	0.000
268	  S	  2.2	  0.7	0.512	0.000	0.000
269	  L	  1.4	  0.7	0.111	0.000	0.000
270	  V	  1.5	  0.1	0.000	0.000	0.000
271	  N	  1.3	  0.1	0.000	0.000	0.000
272	  N	  1.4	  0.7	0.000	0.000	0.000
273	  Y	  1.7	  0.8	0.000	0.000	0.000
274	  D	  1.6	  4.5	0.000	0.000	0.000
275	  S	  0.9	  5.0	0.000	0.000	0.000
276	  N	  0.0	  4.6	0.000	0.000	0.000
277	  N	  0.2	  4.6	0.000	0.000	0.000
278	  N	  1.7	  1.3	0.000	0.000	0.000
279	  I	  1.8	  0.8	0.000	0.000	0.000
280	  N	  1.7	  1.8	0.000	0.000	0.000
281	  D	  0.2	  1.8	0.000	0.000	0.000
282	  N	  0.1	  1.2	0.000	0.000	0.000
283	  T	  0.1	  1.4	0.000	0.000	0.000
284	  P	  0.1	  0.3	0.000	0.000	0.000
285	  T	  0.5	  0.3	0.000	0.000	0.000
286	  T	  0.7	  0.3	0.000	0.000	0.000
287	  N	  0.8	  0.1	0.000	0.000	0.000
288	  L	  0.8	  0.1	0.000	0.000	0.000
289	  H	  0.9	  0.1	0.000	0.000	0.000
290	  H	  1.1	  0.3	0.000	0.000	0.000
291	  S	  1.3	  0.5	0.000	0.000	0.000
292	  F	  1.3	  0.5	0.000	0.000	0.000
293	  G	  1.0	  0.4	0.000	0.000	0.000
294	  Y	  1.4	  0.3	0.000	0.000	0.000
295	  H	  1.9	  0.1	0.000	0.000	0.000
296	  H	  2.4	  0.1	0.000	0.000	0.000
297	  L	  1.4	  0.1	0.000	0.000	0.000
298	  Q	  1.0	  0.1	0.000	0.000	0.000
299	  Q	  0.7	  0.1	0.000	0.000	0.000
300	  Q	  0.8	  0.1	0.000	0.000	0.000
301	  Q	  0.6	  0.1	0.000	0.000	0.000
302	  H	  0.5	  0.2	0.000	0.000	0.000
303	  S	  1.3	  0.1	0.000	0.000	0.000
304	  L	  1.2	  0.2	0.000	0.000	0.000
305	  E	  1.4	  0.2	0.000	0.000	0.000
306	  Q	  0.5	  0.2	0.000	0.000	0.000
307	  K	  0.7	  0.3	0.000	0.000	0.000
308	  S	  0.5	  0.5	0.000	0.000	0.000
309	  L	  0.4	  0.5	0.000	0.000	0.000
310	  G	  0.2	  0.4	0.000	0.000	0.000
311	  H	  1.1	  0.3	0.000	0.000	0.000
312	  R	  1.5	  0.1	0.000	0.000	0.000
313	  V	  1.5	  2.7	0.000	0.000	0.000
314	  G	  0.4	  3.2	0.000	0.000	0.000
315	  N	  0.1	  3.6	0.000	0.000	0.000
316	  G	  0.0	  3.7	0.000	0.000	0.000
317	  T	  0.1	  1.1	0.000	0.000	0.000
318	  T	  0.3	  1.3	0.000	0.000	0.000
319	  G	  0.2	  1.1	0.000	0.000	0.000
320	  S	  1.0	  1.8	0.000	0.000	0.000
321	  S	  1.7	  2.6	0.000	0.000	0.000
322	  S	  1.7	  1.9	0.000	0.000	0.000
323	  S	  3.8	  2.8	0.000	0.000	0.000
324	  A	  3.1	  2.3	0.000	0.000	0.000
325	  S	  3.1	  1.9	0.000	0.000	0.000
326	  S	  0.4	  2.2	0.000	0.000	0.000
327	  G	  0.3	  1.2	0.000	0.000	0.000
328	  S	  5.8	  1.3	0.000	0.000	0.000
329	  I	  6.6	  0.9	0.000	0.000	0.000
330	  S	  6.7	  3.2	0.000	0.000	0.000
331	  G	  1.2	  3.2	0.000	0.000	0.000
332	  N	  0.1	  2.7	0.000	0.000	0.000
333	  S	  0.1	  4.9	0.000	0.000	0.000
334	  P	  0.1	  2.3	0.000	0.000	0.000
335	  S	  0.8	  2.3	0.000	0.000	0.000
336	  T	  1.3	  2.3	0.000	0.000	0.000
337	  I	  1.3	  0.1	0.000	0.000	0.000
338	  P	  0.6	  0.0	0.000	0.000	0.000
339	  A	  0.0	  0.2	0.000	0.000	0.000
340	  K	  0.3	  0.2	0.000	0.000	0.000
341	  N	  2.8	  0.2	0.000	0.000	0.000
342	  V	  3.1	  0.2	0.000	0.000	0.000
343	  S	  2.8	  0.4	0.000	0.000	0.000
344	  P	  0.3	  0.4	0.000	0.373	0.373
345	  T	  4.9	  0.4	0.292	0.373	0.373
346	  F	  6.8	  0.4	0.292	0.373	0.373
347	  V	  9.3	  0.0	0.292	0.373	0.373
348	  V	  6.4	  0.1	0.292	0.373	0.373
349	  K	  4.5	  0.1	0.292	0.000	0.000
350	  Q	  5.6	  0.1	0.292	0.000	0.000
351	  Y	  5.5	  0.2	0.190	0.000	0.000
352	  Q	  5.6	  0.1	0.000	0.000	0.000
353	  Q	  2.5	  0.1	0.000	0.000	0.000
354	  L	  0.9	  0.1	0.000	0.000	0.000
355	  L	  0.8	  0.0	0.000	0.000	0.000
356	  G	  0.2	  0.0	0.000	0.000	0.000
357	  L	  0.2	  0.9	0.000	0.000	0.000
358	  P	  0.0	  1.0	0.234	0.000	0.000
359	  N	  0.0	  1.0	0.483	0.000	0.000
360	  N	  0.0	  1.0	0.483	0.630	0.630
361	  A	  0.2	  0.1	0.483	6.360	6.360
362	  L	  0.8	  0.0	0.483	11.863	11.863
363	  Y	  1.7	  0.0	0.483	12.625	12.625
364	  F	  1.6	  1.0	0.369	12.625	12.625
365	  G	  1.0	  1.1	0.000	12.145	12.145
366	  T	  0.2	  1.3	0.000	11.079	11.079
367	  L	  0.1	  1.8	0.000	9.682	9.682
368	  G	  0.2	  0.9	0.000	0.725	0.725
369	  S	  0.2	  0.9	0.000	0.000	0.000
370	  S	  0.3	  0.7	0.000	0.000	0.000
371	  L	  0.3	  0.3	0.000	0.000	0.000
372	  P	  0.1	  0.1	0.000	0.140	0.140
373	  Y	  2.2	  0.1	0.000	0.140	0.140
374	  V	  6.4	  0.1	0.000	0.140	0.140
375	  V	  7.1	  0.0	0.000	0.140	0.140
376	  A	  5.0	  0.8	0.000	0.140	0.140
377	  E	  0.7	  2.1	0.000	0.000	0.000
378	  N	  0.0	  2.1	0.000	0.000	0.000
379	  G	  0.1	  2.2	0.000	0.000	0.000
380	  W	  0.3	  1.8	0.000	0.000	0.000
381	  D	  0.3	  0.5	0.000	0.000	0.000
382	  D	  0.2	  0.5	0.000	0.000	0.000
383	  I	  0.1	  0.4	0.000	0.000	0.000
384	  G	  0.0	  0.4	0.407	0.000	0.000
385	  P	  0.0	  0.4	0.407	0.000	0.000
386	  E	  0.0	  0.4	0.407	0.000	0.000
387	  A	  0.3	  0.4	0.407	0.000	0.000
388	  V	  3.2	  0.1	0.407	0.000	0.000
389	  N	  4.2	  0.1	0.407	0.000	0.000
390	  Y	  6.7	  0.1	0.175	0.000	0.000
391	  Q	  3.9	  0.0	0.000	0.000	0.000
392	  F	  2.9	  0.0	0.000	0.000	0.000
