res	aa	Beta	Turn	Helix	Aggregation	Conc-Stab_Aggregation
01	  M	  0.2	  0.1	0.000	0.000	0.000
02	  S	  0.3	  0.1	0.129	0.974	0.974
03	  T	  0.7	  0.1	0.129	3.875	3.875
04	  A	  0.7	  0.1	0.129	5.304	5.304
05	  I	  1.6	  0.0	0.129	5.937	5.937
06	  Y	  3.5	  0.0	0.129	5.937	5.937
07	  Y	  4.1	  0.1	0.129	5.718	5.718
08	  S	  3.5	  0.1	0.000	2.547	2.547
09	  T	  2.1	  0.2	0.000	1.353	1.353
10	  H	  1.3	  0.3	0.000	0.000	0.000
11	  N	  0.9	  0.2	0.000	0.000	0.000
12	  N	  0.2	  0.2	0.000	0.000	0.000
13	  M	  0.4	  0.1	0.000	0.000	0.000
14	  H	  0.8	  0.2	0.000	0.000	0.000
15	  T	  0.8	  0.3	0.000	0.000	0.000
16	  N	  0.5	  1.0	0.000	0.000	0.000
17	  D	  0.1	  1.0	0.381	0.000	0.000
18	  D	  1.5	  0.8	0.381	0.000	0.000
19	  I	  2.0	  0.8	0.381	0.000	0.000
20	  T	  2.0	  0.4	0.381	0.000	0.000
21	  N	  0.6	  1.3	0.381	0.000	0.000
22	  G	  0.0	  1.8	0.381	0.000	0.000
23	  S	  0.3	  3.7	0.000	0.000	0.000
24	  G	  0.3	  3.5	0.000	0.000	0.000
25	  S	  1.0	  2.6	0.000	0.000	0.000
26	  T	  3.4	  2.3	0.000	0.000	0.000
27	  T	  3.4	  0.3	0.000	0.000	0.000
28	  S	  2.8	  0.3	0.000	0.000	0.000
29	  G	  0.1	  0.2	0.000	0.000	0.000
30	  N	  0.1	  3.3	0.000	0.000	0.000
31	  P	  0.0	  3.4	0.000	0.000	0.000
32	  G	  0.0	  3.4	0.000	0.000	0.000
33	  A	  0.0	  3.4	0.000	0.000	0.000
34	  N	  0.0	  4.8	0.000	0.000	0.000
35	  P	  0.0	  4.6	0.000	0.000	0.000
36	  S	  0.0	  4.6	0.000	0.000	0.000
37	  N	  0.0	 12.2	0.000	0.000	0.000
38	  P	  0.0	  7.6	0.000	0.000	0.000
39	  N	  0.1	  7.6	0.000	0.000	0.000
40	  H	  0.5	  7.8	0.000	0.000	0.000
41	  T	  0.6	  0.2	0.000	0.000	0.000
42	  N	  0.5	  1.0	0.000	0.000	0.000
43	  A	  0.1	  1.2	0.000	0.000	0.000
44	  G	  0.0	  1.1	0.000	0.000	0.000
45	  A	  0.8	  1.1	0.000	0.000	0.000
46	  T	  6.1	  0.4	0.000	0.000	0.000
47	  I	  6.2	  0.1	0.000	0.000	0.000
48	  N	  5.5	  0.7	0.000	0.000	0.000
49	  N	  0.2	  1.0	0.000	0.000	0.000
50	  N	  0.0	  1.8	0.000	0.000	0.000
51	  S	  0.1	  1.8	0.000	0.000	0.000
52	  N	  0.1	  1.2	0.000	0.000	0.000
53	  I	  0.3	  1.0	0.000	0.000	0.000
54	  G	  0.3	  0.3	0.000	0.000	0.000
55	  L	  0.7	  0.3	0.000	0.000	0.000
56	  N	  0.5	  0.4	0.279	0.000	0.000
57	  S	  0.9	  2.6	0.279	0.000	0.000
58	  A	  0.5	  2.5	0.279	0.000	0.000
59	  N	  0.5	  4.7	0.279	0.000	0.000
60	  K	  0.1	  4.6	0.279	0.000	0.000
61	  N	  0.2	  2.3	0.279	0.000	0.000
62	  H	  0.8	  2.4	0.000	0.000	0.000
63	  T	  1.6	  0.1	0.000	0.000	0.000
64	  T	  3.0	  0.1	0.000	0.000	0.000
65	  L	  2.5	  0.1	0.000	0.000	0.000
66	  L	  1.7	  0.3	0.000	0.000	0.000
67	  P	  0.1	  0.4	0.000	0.000	0.000
68	  S	  0.1	  0.4	0.279	0.000	0.000
69	  L	  0.2	  0.4	0.279	0.000	0.000
70	  A	  1.1	  0.0	0.279	0.000	0.000
71	  H	 10.8	  0.0	0.279	0.000	0.000
72	  I	 11.0	  0.0	0.279	0.000	0.000
73	  M	 10.1	  0.4	0.279	0.000	0.000
74	  P	  0.3	  0.7	0.000	0.000	0.000
75	  S	  0.1	  1.0	0.000	0.000	0.000
76	  N	  0.1	  3.8	0.000	0.000	0.000
77	  S	  0.1	  3.7	0.000	0.000	0.000
78	  N	  0.1	  3.5	0.000	0.000	0.000
79	  N	  0.4	  3.3	0.000	0.000	0.000
80	  T	  0.9	  0.5	0.000	0.000	0.000
81	  T	  1.6	  0.3	0.000	0.000	0.000
82	  N	  1.3	  0.9	0.000	0.000	0.000
83	  S	  1.0	  2.0	0.000	0.000	0.000
84	  G	  0.3	  2.1	0.000	0.000	0.000
85	  S	  0.4	  2.0	0.000	0.000	0.000
86	  S	  3.0	  1.6	0.000	0.000	0.000
87	  I	  8.1	  0.4	0.000	0.000	0.000
88	  D	  8.5	  0.6	0.000	0.000	0.000
89	  I	  6.3	  0.6	0.000	0.188	0.188
90	  S	  1.5	  0.4	0.193	0.188	0.188
91	  S	  1.0	  0.5	0.193	0.188	0.188
92	  T	  1.0	  0.2	0.193	0.188	0.188
93	  L	  1.6	  0.1	0.193	0.188	0.188
94	  I	  1.7	  0.0	0.193	0.188	0.188
95	  N	  1.2	  0.3	0.193	0.000	0.000
96	  P	  0.3	  0.3	0.000	0.000	0.000
97	  Y	  1.5	  0.7	0.000	0.000	0.000
98	  S	  1.5	  1.1	1.794	0.000	0.000
99	  S	  1.5	  1.0	2.678	0.000	0.000
100	  G	  0.1	  1.0	4.778	0.000	0.000
101	  A	  0.1	  0.6	5.031	0.218	0.218
102	  A	  0.1	  0.2	5.147	0.474	0.474
103	  A	  0.1	  0.0	5.147	0.779	0.779
104	  A	  0.1	  0.0	5.147	1.139	1.139
105	  A	  0.1	  0.0	4.757	1.139	1.139
106	  A	  0.2	  0.0	3.874	1.139	1.139
107	  A	  0.3	  0.0	2.680	1.139	1.139
108	  V	  0.3	  0.3	1.102	1.139	1.139
109	  G	  0.2	  0.4	0.988	0.000	0.000
110	  G	  0.0	  2.2	0.245	0.000	0.000
111	  G	  0.0	  2.4	0.000	0.000	0.000
112	  N	  0.0	  2.4	0.000	0.000	0.000
113	  G	  0.0	  2.3	0.000	0.000	0.000
114	  G	  0.0	  0.5	0.000	0.000	0.000
115	  Y	  2.0	  0.3	0.000	0.000	0.000
116	  Y	  2.0	  0.0	0.000	0.000	0.000
117	  H	  2.0	  0.0	0.000	0.000	0.000
118	  P	  0.0	  0.0	0.000	0.000	0.000
119	  P	  0.0	  0.0	0.000	0.000	0.000
120	  P	  0.0	  0.3	0.000	0.000	0.000
121	  P	  0.0	  0.3	0.000	0.000	0.000
122	  H	  0.1	  0.5	0.000	0.000	0.000
123	  S	  0.4	  0.5	0.000	0.000	0.000
124	  Q	  0.7	  0.3	0.000	0.000	0.000
125	  Q	  0.8	  0.3	0.000	0.000	0.000
126	  Q	  0.9	  0.2	0.000	0.000	0.000
127	  Q	  0.9	  0.1	0.000	0.000	0.000
128	  Q	  0.9	  0.1	0.000	0.000	0.000
129	  Q	  1.7	  0.1	0.000	0.000	0.000
130	  Q	  2.7	  0.1	0.000	0.000	0.000
131	  F	  2.9	  0.1	0.000	0.000	0.000
132	  D	  1.9	  0.3	0.000	0.000	0.000
133	  T	  2.0	  0.3	0.000	0.000	0.000
134	  S	 21.9	  0.4	0.000	0.000	0.000
135	  Y	 22.0	  0.6	0.000	0.000	0.000
136	  S	 20.8	  0.4	0.000	0.000	0.000
137	  N	  0.4	  0.5	0.000	0.000	0.000
138	  Q	  0.3	  0.3	0.000	0.000	0.000
139	  T	  0.4	  0.1	0.000	0.000	0.000
140	  T	  0.4	  0.4	0.000	0.000	0.000
141	  P	  0.2	  0.3	0.000	0.000	0.000
142	  T	  0.4	  0.4	0.000	0.000	0.000
143	  S	  0.6	  0.4	0.882	0.000	0.000
144	  A	  1.0	  0.1	0.882	0.000	0.000
145	  Y	  2.6	  0.1	0.882	0.000	0.000
146	  T	  2.9	  0.1	0.882	0.000	0.000
147	  N	  3.4	  0.5	0.882	0.000	0.000
148	  F	  1.9	  0.6	0.882	0.000	0.000
149	  N	  1.4	  1.2	0.433	0.000	0.000
150	  N	  0.5	  1.7	0.147	0.000	0.000
151	  D	  0.1	  1.5	0.000	0.000	0.000
152	  S	  0.5	  1.5	0.000	0.000	0.000
153	  T	  4.0	  0.8	0.000	0.000	0.000
154	  H	  3.9	  0.3	0.000	0.000	0.000
155	  S	  3.5	  0.6	0.000	0.000	0.000
156	  P	  0.0	  0.6	0.000	0.000	0.000
157	  T	  0.2	  0.6	0.000	0.000	0.000
158	  D	  0.9	  0.7	0.000	0.000	0.000
159	  I	  4.7	  0.2	0.000	0.000	0.000
160	  S	  5.2	  0.1	0.322	0.000	0.000
161	  M	  4.7	  0.2	0.322	0.000	0.000
162	  Q	  1.0	  0.2	0.322	0.000	0.000
163	  Q	  0.5	  0.2	0.322	0.000	0.000
164	  N	  0.6	  1.7	0.444	0.000	0.000
165	  M	  0.7	  1.7	0.444	0.000	0.000
166	  N	  0.5	  1.6	0.444	0.000	0.000
167	  N	  0.2	  1.6	0.328	0.000	0.000
168	  L	  0.1	  0.2	0.122	0.000	0.000
169	  A	  0.3	  0.3	0.122	0.000	0.000
170	  S	  1.1	  3.0	0.122	0.000	0.000
171	  S	  1.0	  3.1	0.000	0.000	0.000
172	  S	  0.9	  6.1	0.000	0.000	0.000
173	  G	  0.1	  6.0	0.000	0.000	0.000
174	  N	  0.3	  3.5	0.000	0.000	0.000
175	  M	  2.1	  3.4	0.000	0.000	0.000
176	  S	  2.3	  0.4	0.000	0.000	0.000
177	  I	  2.1	  0.7	0.000	0.000	0.000
178	  G	  0.3	  0.7	0.000	0.000	0.000
179	  G	  0.1	  0.8	0.000	0.000	0.000
180	  G	  0.2	  0.9	0.000	0.000	0.000
181	  I	  0.9	  0.8	0.000	0.000	0.000
182	  D	  0.9	  1.1	0.000	0.000	0.000
183	  G	  0.6	  1.1	0.000	0.000	0.000
184	  N	  1.0	  1.0	0.000	0.000	0.000
185	  F	  3.1	  0.9	0.000	0.000	0.000
186	  S	  4.0	  0.7	0.000	0.000	0.000
187	  H	  3.1	  0.9	0.000	0.000	0.000
188	  N	  1.0	  1.4	0.000	0.000	0.000
189	  N	  0.1	  2.1	0.000	0.000	0.000
190	  N	  0.0	  2.3	0.000	0.000	0.000
191	  N	  0.0	  2.9	0.000	0.000	0.000
192	  N	  0.0	  2.9	0.000	0.000	0.000
193	  N	  0.0	  2.9	0.000	0.000	0.000
194	  N	  0.0	  2.9	0.000	0.000	0.000
195	  N	  0.0	  2.9	0.000	0.000	0.000
196	  N	  0.0	  2.9	0.000	0.000	0.000
197	  N	  0.0	  2.9	0.000	0.000	0.000
198	  N	  0.0	  2.9	0.000	0.000	0.000
199	  N	  0.0	  2.8	0.000	0.000	0.000
200	  N	  0.0	  2.1	0.000	0.000	0.000
201	  N	  0.1	  1.4	0.000	0.000	0.000
202	  K	  1.4	  0.7	0.000	0.000	0.000
203	  C	  3.1	  0.1	0.000	0.000	0.000
204	  I	  3.2	  0.0	0.000	0.000	0.000
205	  C	  2.2	  0.3	0.000	0.000	0.000
206	  K	  1.0	  0.3	0.000	0.000	0.000
207	  S	  1.2	  0.3	0.000	0.000	0.000
208	  K	  2.6	  0.3	0.000	0.000	0.000
209	  V	  2.5	  0.0	0.000	0.000	0.000
210	  N	  2.3	  0.0	0.000	0.000	0.000
211	  K	  0.8	  0.0	0.000	0.000	0.000
212	  I	  0.4	  0.0	0.000	0.000	0.000
213	  P	  0.2	  0.0	0.000	0.000	0.000
214	  R	  0.0	  0.2	0.000	0.000	0.000
215	  P	  0.0	  0.5	0.000	0.000	0.000
216	  R	  0.0	  0.5	0.000	0.000	0.000
217	  N	  0.2	  0.5	0.871	2.170	2.170
218	  A	  0.5	  0.2	0.871	52.041	52.041
219	  F	  1.4	  0.0	0.871	52.041	52.041
220	  I	  2.8	  0.0	0.871	52.041	52.041
221	  L	  2.6	  0.0	0.871	52.041	52.041
222	  F	  3.7	  0.1	0.871	51.885	51.885
223	  R	  2.5	  0.1	0.704	0.000	0.000
224	  Q	  2.9	  0.1	0.395	0.000	0.000
225	  K	  1.5	  0.1	0.136	0.000	0.000
226	  Y	  2.4	  0.1	0.000	0.000	0.000
227	  H	  2.4	  0.0	0.000	0.000	0.000
228	  Q	  2.6	  0.0	0.000	0.000	0.000
229	  M	  3.8	  0.0	0.000	0.000	0.000
230	  V	  5.8	  0.0	0.000	0.000	0.000
231	  L	  5.0	  0.1	0.000	0.000	0.000
232	  D	  2.6	  0.9	0.758	0.000	0.000
233	  E	  0.0	  1.0	0.758	0.000	0.000
234	  G	  0.0	  1.0	0.758	0.000	0.000
235	  T	  3.4	  0.9	0.758	0.000	0.000
236	  V	  6.6	  0.1	0.758	0.000	0.000
237	  I	  7.6	  0.0	0.758	0.000	0.000
238	  R	  5.1	  0.0	0.758	0.000	0.000
239	  T	  1.8	  0.0	0.319	0.000	0.000
240	  N	  0.8	  0.2	0.448	0.000	0.000
241	  P	  0.0	  0.2	0.129	0.000	0.000
242	  E	  2.9	  0.2	0.129	0.000	0.000
243	  V	  3.7	  0.2	0.129	0.000	0.000
244	  S	  3.8	  0.1	1.020	0.000	0.000
245	  R	  1.0	  0.2	1.020	0.000	0.000
246	  E	  0.2	  0.2	1.020	0.000	0.000
247	  L	  0.1	  0.4	1.020	0.000	0.000
248	  G	  0.0	  0.3	1.339	0.000	0.000
249	  R	  0.7	  0.2	1.339	0.000	0.000
250	  R	  1.5	  0.2	0.779	0.000	0.000
251	  W	  1.7	  0.2	0.515	0.000	0.000
252	  R	  1.0	  0.2	0.515	0.000	0.000
253	  G	  0.3	  0.2	0.319	0.000	0.000
254	  L	  0.2	  0.2	0.119	0.000	0.000
255	  S	  0.1	  0.3	3.424	0.000	0.000
256	  P	  0.1	  0.4	3.424	0.000	0.000
257	  Q	  0.1	  0.4	3.424	0.000	0.000
258	  E	  0.2	  0.4	3.424	0.000	0.000
259	  K	  0.4	  0.1	3.424	0.000	0.000
260	  E	  0.6	  0.1	3.424	0.000	0.000
261	  H	  2.4	  0.2	2.557	0.000	0.000
262	  W	  2.5	  0.3	1.412	0.000	0.000
263	  N	  2.2	  0.3	1.059	0.000	0.000
264	  N	  0.3	  0.3	4.793	0.000	0.000
265	  L	  0.0	  0.1	5.843	0.000	0.000
266	  A	  0.0	  0.1	11.035	0.000	0.000
267	  E	  0.0	  0.1	12.712	0.000	0.000
268	  E	  0.1	  0.1	12.980	0.000	0.000
269	  E	  0.5	  0.2	12.980	0.000	0.000
270	  K	  0.5	  0.3	12.760	0.000	0.000
271	  K	  0.4	  0.3	12.543	0.000	0.000
272	  N	  0.1	  0.2	11.754	0.000	0.000
273	  H	  0.3	  0.4	8.044	0.000	0.000
274	  A	  0.3	  0.2	5.662	0.000	0.000
275	  K	  0.3	  0.2	4.790	0.000	0.000
276	  K	  0.2	  0.2	2.167	0.000	0.000
277	  Y	  0.2	  1.2	1.357	0.000	0.000
278	  P	  0.1	  1.2	0.000	0.000	0.000
279	  G	  0.1	  1.2	0.000	0.000	0.000
280	  Y	  2.8	  1.2	0.000	0.000	0.000
281	  R	  5.7	  0.0	0.000	0.000	0.000
282	  Y	  6.2	  0.0	0.000	0.000	0.000
283	  T	  3.6	  0.2	0.135	0.000	0.000
284	  P	  0.6	  0.2	0.135	0.000	0.000
285	  R	  0.7	  0.7	0.135	0.000	0.000
286	  R	  0.7	  4.9	0.135	0.000	0.000
287	  N	  0.7	  5.0	0.135	0.000	0.000
288	  G	  0.0	  5.2	0.279	0.000	0.000
289	  R	  0.1	  4.7	0.144	0.000	0.000
290	  N	  0.1	  4.2	0.144	0.000	0.000
291	  K	  0.4	  3.9	0.144	0.000	0.000
292	  N	  0.4	  3.6	0.144	0.000	0.000
293	  C	  0.4	  3.6	0.323	0.000	0.000
294	  P	  0.1	  0.0	0.179	0.000	0.000
295	  V	  0.2	  0.0	0.179	0.000	0.000
296	  C	  0.4	  0.5	0.179	0.000	0.000
297	  K	  0.6	  0.5	0.179	0.000	0.000
298	  N	  0.4	  0.5	0.179	0.000	0.000
299	  K	  0.2	  0.5	0.000	0.000	0.000
300	  P	  0.0	  0.0	0.000	0.000	0.000
301	  L	  0.0	  0.9	0.000	0.000	0.000
302	  P	  0.0	  1.0	0.000	0.000	0.000
303	  N	  0.0	  1.0	0.000	0.000	0.000
304	  N	  0.1	  2.4	0.000	0.000	0.000
305	  K	  0.1	  1.7	0.000	0.000	0.000
306	  S	  0.2	  1.8	0.000	0.000	0.000
307	  N	  0.4	  1.7	0.000	0.000	0.000
308	  S	  6.0	  0.9	0.000	0.000	0.000
309	  I	  7.1	  0.8	0.000	0.000	0.000
310	  S	  6.8	  0.6	0.000	0.000	0.000
311	  G	  1.2	  0.9	0.000	0.000	0.000
312	  M	  0.2	  0.7	0.000	0.000	0.000
313	  S	  0.5	  2.5	0.000	0.000	0.000
314	  G	  0.4	  2.7	0.000	0.000	0.000
315	  S	  0.3	  2.8	0.000	0.000	0.000
316	  G	  0.0	  2.7	0.000	0.000	0.000
317	  G	  0.0	  0.9	0.000	0.000	0.000
318	  G	  0.0	  0.8	0.000	0.000	0.000
319	  G	  0.0	  0.5	0.000	0.000	0.000
320	  G	  0.0	  0.4	0.000	0.000	0.000
321	  S	  5.8	  0.8	0.000	0.000	0.000
322	  I	  6.9	  0.8	0.000	0.000	0.000
323	  S	  6.9	  1.0	0.000	0.000	0.000
324	  G	  1.3	  1.2	0.000	0.000	0.000
325	  A	  0.1	  0.8	0.000	0.000	0.000
326	  S	  0.2	  0.8	0.000	0.000	0.000
327	  S	  5.6	  1.5	0.000	0.000	0.000
328	  L	  5.7	  1.4	0.000	0.000	0.000
329	  S	  5.6	  1.6	0.000	0.000	0.000
330	  G	  0.2	  1.6	0.000	0.000	0.000
331	  G	  0.1	  0.4	0.000	0.000	0.000
332	  L	  0.6	  0.3	0.000	0.000	0.000
333	  T	  1.1	  0.2	0.000	0.000	0.000
334	  S	  1.3	  1.9	0.000	0.000	0.000
335	  R	  0.9	  2.0	0.000	0.000	0.000
336	  D	  0.3	  2.1	0.000	0.000	0.000
337	  N	  0.4	  2.1	0.219	0.000	0.000
338	  S	  3.2	  0.3	0.219	0.000	0.000
339	  I	  3.7	  0.2	0.219	0.000	0.000
340	  T	  3.5	  0.0	0.219	0.000	0.000
341	  N	  0.6	  3.1	0.219	0.000	0.000
342	  A	  0.1	  3.1	0.219	0.000	0.000
343	  N	  0.1	  3.1	0.145	0.000	0.000
344	  A	  0.3	  3.1	0.145	0.000	0.000
345	  I	  3.3	  0.1	0.145	0.000	0.000
346	  D	  3.7	  0.1	0.608	0.000	0.000
347	  Y	  5.2	  0.1	0.608	0.000	0.000
348	  Q	  2.6	  0.1	0.608	0.000	0.000
349	  Q	  2.3	  0.1	0.463	0.000	0.000
350	  Q	  0.9	  0.1	0.463	0.000	0.000
351	  Q	  1.6	  0.1	0.463	0.000	0.000
352	  L	  1.4	  0.1	0.463	0.000	0.000
353	  Q	  1.4	  0.1	0.463	0.000	0.000
354	  Q	  0.7	  0.1	0.340	0.000	0.000
355	  Q	  0.9	  0.1	0.148	0.000	0.000
356	  Q	  0.9	  0.1	0.000	0.000	0.000
357	  Q	  0.9	  0.1	0.000	0.000	0.000
358	  Q	  0.9	  0.1	0.000	0.000	0.000
359	  Q	  0.9	  0.1	0.000	0.000	0.000
360	  Q	  0.9	  0.1	0.000	0.000	0.000
361	  Q	  0.7	  0.1	0.000	0.000	0.000
362	  Q	  0.4	  0.1	0.000	0.000	0.000
363	  A	  0.3	  0.0	0.000	0.000	0.000
364	  I	  1.6	  0.0	0.000	0.000	0.000
365	  Q	  5.3	  0.0	0.000	0.000	0.000
366	  F	  6.6	  0.2	0.000	0.000	0.000
367	  Q	  5.7	  0.2	0.000	0.000	0.000
368	  S	  1.9	  0.2	0.000	0.000	0.000
369	  L	  0.4	  0.2	0.000	0.000	0.000
370	  P	  0.0	  1.0	0.218	0.000	0.000
371	  P	  0.0	  1.1	0.218	0.000	0.000
372	  D	  0.6	  1.1	0.719	0.000	0.000
373	  Q	  4.4	  1.1	0.719	0.000	0.000
374	  Y	  6.1	  0.2	0.719	0.000	0.000
375	  Q	  5.8	  0.1	0.719	0.000	0.000
376	  Q	  2.3	  0.1	0.719	0.000	0.000
377	  L	  0.9	  0.1	0.719	0.000	0.000
378	  I	  1.7	  0.0	0.719	0.000	0.000
379	  K	  1.6	  0.1	0.719	0.000	0.000
380	  Q	  1.6	  0.1	0.427	0.000	0.000
381	  Q	  0.7	  0.1	0.273	0.000	0.000
382	  Q	  0.9	  0.1	0.000	0.000	0.000
383	  Q	  0.9	  0.1	0.000	0.000	0.000
384	  Q	  1.6	  0.1	0.135	0.000	0.000
385	  L	  2.8	  0.1	0.458	0.000	0.000
386	  Q	  3.5	  0.0	0.794	0.000	0.000
387	  L	  2.8	  0.0	0.917	0.000	0.000
388	  Q	  1.5	  0.0	0.917	0.000	0.000
389	  A	  0.7	  0.0	0.917	0.000	0.000
390	  Q	  1.2	  0.3	0.917	0.000	0.000
391	  L	  1.1	  0.9	0.917	0.000	0.000
392	  N	  0.9	  1.1	0.917	0.000	0.000
393	  G	  0.1	  1.2	0.259	0.000	0.000
394	  G	  0.0	  1.1	0.000	0.000	0.000
395	  G	  0.0	  0.7	0.000	0.000	0.000
396	  G	  0.0	  0.6	0.000	0.000	0.000
397	  G	  0.0	  0.7	0.000	0.000	0.000
398	  G	  0.0	  0.7	0.176	0.000	0.000
399	  G	  0.3	  0.5	0.176	0.000	0.000
400	  I	  2.8	  0.4	0.176	0.000	0.000
401	  T	  2.9	  0.1	0.176	0.000	0.000
402	  S	  2.6	  0.0	0.176	0.000	0.000
403	  N	  0.1	  0.4	0.176	0.000	0.000
404	  P	  0.0	  0.4	0.000	0.000	0.000
405	  Q	  0.2	  0.4	0.000	0.000	0.000
406	  T	  0.8	  0.4	0.000	0.000	0.000
407	  I	  0.8	  0.3	0.000	0.000	0.000
408	  P	  0.6	  0.3	0.000	0.000	0.000
409	  Q	  0.5	  0.3	0.000	0.000	0.000
410	  Y	  1.3	  0.3	0.000	0.000	0.000
411	  I	  1.8	  0.1	0.000	0.000	0.000
412	  T	  1.4	  0.5	0.000	0.000	0.000
413	  N	  0.6	  1.3	0.000	0.000	0.000
414	  G	  0.0	  1.3	0.000	0.000	0.000
415	  N	  0.1	  1.2	0.000	0.000	0.000
416	  Y	  0.1	  1.3	0.000	0.000	0.000
417	  P	  0.1	  0.5	0.000	0.000	0.000
418	  S	  0.8	  0.5	0.000	0.000	0.000
419	  Y	  2.2	  0.5	0.000	0.000	0.000
420	  I	  5.9	  0.0	0.000	0.000	0.000
421	  I	  5.3	  0.0	0.000	0.000	0.000
422	  S	  4.0	  0.0	0.000	0.000	0.000
423	  P	  0.3	  0.0	0.000	0.000	0.000
424	  N	  0.0	  0.3	0.000	0.000	0.000
425	  P	  0.0	  0.3	0.000	0.000	0.000
426	  Y	  0.8	  0.4	0.000	0.000	0.000
427	  S	  1.5	  0.4	0.000	0.000	0.000
428	  T	  4.3	  0.1	0.000	0.000	0.000
429	  T	  4.3	  0.2	0.000	0.000	0.000
430	  S	  4.3	  0.2	0.000	0.000	0.000
431	  T	  2.9	  0.1	0.000	0.000	0.000
432	  T	  2.3	  0.1	0.000	0.000	0.000
433	  A	  1.6	  0.2	0.000	0.000	0.000
434	  P	  0.1	  0.2	0.000	0.000	0.000
435	  T	  1.6	  0.2	0.000	0.000	0.000
436	  T	  3.3	  0.2	0.000	0.000	0.000
437	  T	  4.9	  0.1	0.000	0.000	0.000
438	  T	  4.9	  0.1	0.000	0.000	0.000
439	  T	  4.9	  0.1	0.000	0.000	0.000
440	  T	  4.9	  0.1	0.000	0.000	0.000
441	  T	  3.7	  0.1	0.000	0.000	0.000
442	  T	  2.2	  0.1	0.000	0.000	0.000
443	  N	  0.6	  1.6	0.000	0.000	0.000
444	  A	  0.3	  1.7	0.000	0.000	0.000
445	  S	  0.3	  1.6	0.000	0.000	0.000
446	  S	  0.4	  1.6	0.000	0.000	0.000
447	  I	  0.5	  0.2	0.000	0.000	0.000
448	  G	  0.4	  0.1	0.000	0.000	0.000
449	  L	  3.2	  0.1	0.000	0.000	0.000
450	  S	  3.0	  0.1	0.000	0.000	0.000
451	  V	  3.0	  0.0	0.000	0.000	0.000
452	  P	  0.0	  0.3	0.000	0.000	0.000
453	  P	  0.0	  0.3	0.000	0.000	0.000
454	  T	  1.1	  0.3	0.000	0.000	0.000
455	  A	  1.3	  0.4	0.000	0.000	0.000
456	  T	  2.9	  0.0	0.000	0.000	0.000
457	  T	  4.5	  0.1	0.000	0.000	0.000
458	  T	  5.2	  0.1	0.000	0.000	0.000
459	  S	  5.5	  0.3	0.000	0.000	0.000
460	  T	  4.0	  0.4	0.000	0.000	0.000
461	  S	  3.6	  0.4	0.000	0.000	0.000
462	  S	  1.7	  0.3	0.000	0.000	0.000
463	  Q	  0.4	  0.3	0.000	0.000	0.000
464	  P	  0.1	  0.2	0.000	0.000	0.000
465	  T	  0.4	  0.3	0.000	0.000	0.000
466	  S	  0.9	  2.4	0.000	0.000	0.000
467	  A	  0.9	  2.3	0.000	0.000	0.000
468	  N	  0.6	  2.3	0.000	0.000	0.000
469	  S	  0.3	  2.3	0.000	0.000	0.000
470	  Q	  0.8	  0.1	0.000	0.000	0.000
471	  L	  2.1	  0.1	0.000	0.000	0.000
472	  H	  4.0	  0.0	0.000	0.000	0.000
473	  F	  5.7	  0.0	0.000	0.000	0.000
474	  Y	  6.5	  0.0	0.370	0.000	0.000
475	  E	  4.5	  0.0	0.481	0.000	0.000
476	  A	  2.3	  0.1	0.481	0.000	0.000
477	  E	  0.1	  0.1	0.481	0.000	0.000
478	  K	  0.9	  0.1	0.481	0.000	0.000
479	  L	  1.0	  0.1	0.481	0.000	0.000
480	  S	  0.9	  0.0	0.297	0.000	0.000
481	  P	  0.1	  0.0	0.000	0.000	0.000
482	  V	  1.3	  0.0	0.000	0.000	0.000
483	  S	  1.6	  0.2	0.000	0.000	0.000
484	  S	  2.1	  0.2	0.000	0.000	0.000
485	  T	  2.2	  0.2	0.000	0.000	0.000
486	  H	  2.4	  0.2	0.000	0.000	0.000
487	  H	  2.2	  0.2	0.000	0.000	0.000
488	  Q	  0.9	  0.3	0.000	0.000	0.000
489	  S	  0.5	  0.3	0.108	0.000	0.000
490	  S	  5.5	  0.4	1.716	0.000	0.000
491	  I	  5.6	  0.2	1.716	0.000	0.000
492	  S	  5.5	  0.2	6.168	0.000	0.000
493	  E	  0.9	  0.2	6.309	0.000	0.000
494	  I	  1.5	  0.0	6.420	0.000	0.000
495	  A	  1.5	  0.0	6.420	0.000	0.000
496	  A	  0.9	  0.0	6.420	0.000	0.000
497	  Q	  0.4	  0.1	6.311	0.000	0.000
498	  Q	  0.6	  0.1	3.779	0.000	0.000
499	  Q	  0.8	  0.1	2.419	0.000	0.000
500	  Q	  0.8	  0.1	1.508	0.000	0.000
501	  Q	  0.9	  0.1	0.972	0.000	0.000
502	  Q	  0.9	  0.1	0.622	0.000	0.000
503	  Q	  0.9	  0.1	0.420	0.000	0.000
504	  Q	  0.9	  0.1	0.253	0.000	0.000
505	  Q	  1.7	  0.1	0.115	0.000	0.000
506	  Q	  2.5	  0.1	0.000	0.000	0.000
507	  F	  3.0	  0.0	0.000	0.000	0.000
508	  M	  2.4	  0.0	0.000	0.000	0.000
509	  Y	  2.1	  0.1	0.000	0.000	0.000
510	  N	  1.5	  0.4	0.000	0.000	0.000
511	  T	  1.5	  0.4	0.000	0.000	0.000
512	  N	  1.8	  0.6	0.000	0.000	0.000
513	  Y	  2.4	  0.7	0.000	0.000	0.000
514	  S	  2.7	  0.4	0.000	0.000	0.000
515	  T	  1.6	  0.4	0.000	0.000	0.000
516	  I	  0.8	  0.1	0.000	0.000	0.000
517	  P	  0.0	  1.3	0.000	0.000	0.000
518	  P	  0.0	  1.3	0.000	0.000	0.000
519	  N	  0.0	  1.4	0.000	0.000	0.000
520	  N	  0.4	  1.4	0.132	0.000	0.000
521	  T	  2.0	  0.1	0.132	0.000	0.000
522	  T	  2.9	  0.1	0.132	0.000	0.000
523	  T	  5.6	  0.1	0.132	0.000	0.000
524	  M	  4.1	  0.1	0.132	0.000	0.000
525	  Q	  3.5	  0.1	0.132	0.000	0.000
526	  Q	  0.5	  0.1	0.000	0.000	0.000
527	  H	  0.4	  0.3	0.000	0.000	0.000
528	  S	  0.3	  0.6	0.000	0.000	0.000
529	  A	  0.2	  0.9	0.000	0.000	0.000
530	  G	  0.1	  1.0	0.000	0.000	0.000
531	  T	  0.0	  2.2	0.000	0.000	0.000
532	  G	  0.0	  1.9	0.000	0.000	0.000
533	  N	  0.1	  1.6	0.000	0.000	0.000
534	  D	  0.6	  1.7	0.000	0.000	0.000
535	  Y	  3.7	  0.3	0.000	0.000	0.000
536	  S	  6.2	  2.3	0.000	0.000	0.000
537	  L	  5.7	  3.3	0.000	0.000	0.000
538	  N	  2.9	  4.7	0.000	0.000	0.000
539	  G	  0.1	  4.8	0.000	0.000	0.000
540	  N	  0.0	  3.6	0.000	0.000	0.000
541	  N	  0.0	  2.8	0.000	0.000	0.000
542	  S	  0.1	  6.0	0.000	0.000	0.000
543	  G	  0.1	  6.0	0.000	0.000	0.000
544	  N	  0.1	  5.2	0.000	0.000	0.000
545	  T	  0.1	  4.9	0.000	0.000	0.000
546	  G	  0.2	  0.3	0.108	0.000	0.000
547	  Y	  0.5	  0.4	0.108	0.000	0.000
548	  D	  0.4	  0.3	0.108	0.000	0.000
549	  N	  0.4	  0.6	0.108	0.000	0.000
550	  R	  0.4	  0.4	0.108	0.000	0.000
551	  Y	  0.6	  0.3	0.108	0.000	0.000
552	  G	  0.5	  0.5	0.108	0.000	0.000
553	  Y	  0.5	  0.2	0.000	0.000	0.000
554	  G	  0.3	  0.2	0.000	0.000	0.000
555	  Q	  0.3	  0.2	0.000	0.000	0.000
556	  P	  0.0	  0.0	0.000	0.000	0.000
557	  M	  1.8	  0.0	0.000	0.548	0.548
558	  I	  6.1	  0.0	0.000	0.548	0.548
559	  I	  8.6	  0.1	0.000	0.548	0.548
560	  T	  6.9	  0.2	0.000	0.548	0.548
561	  G	  2.6	  0.3	0.000	0.548	0.548
562	  Q	  0.3	  0.3	0.000	0.000	0.000
563	  S	  0.5	  0.5	0.000	0.000	0.000
564	  Q	  0.5	  0.5	0.000	0.000	0.000
565	  Q	  0.3	  0.4	0.000	0.000	0.000
566	  G	  0.0	  0.4	0.000	0.000	0.000
567	  L	  0.8	  0.1	0.000	0.000	0.000
568	  Q	  1.5	  0.0	0.000	0.000	0.000
569	  V	  2.9	  0.0	0.000	0.000	0.000
570	  Q	  2.4	  0.1	0.000	0.000	0.000
571	  Q	  1.7	  0.4	0.000	0.000	0.000
572	  Q	  0.3	  0.5	0.000	0.000	0.000
573	  G	  0.0	  0.5	0.000	0.000	0.000
574	  Q	  1.5	  0.4	0.000	0.000	0.000
575	  H	  4.5	  0.2	0.000	0.000	0.000
576	  Y	  5.8	  0.3	0.000	0.000	0.000
577	  N	  4.3	  0.3	0.000	0.000	0.000
578	  S	  1.3	  0.5	0.000	0.000	0.000
579	  G	  0.0	  0.3	0.189	0.000	0.000
580	  L	  0.4	  0.2	0.189	0.000	0.000
581	  H	  0.5	  0.1	0.189	0.000	0.000
582	  A	  0.6	  0.0	0.189	0.000	0.000
583	  A	  0.4	  0.1	0.189	0.000	0.000
584	  Q	  1.7	  0.1	0.189	0.000	0.000
585	  H	  4.9	  0.1	0.000	0.000	0.000
586	  Y	  6.5	  0.1	0.000	0.000	0.000
587	  Q	  5.3	  0.1	0.000	0.000	0.000
588	  Q	  2.3	  0.1	0.000	0.000	0.000
589	  Q	  0.9	  0.1	0.000	0.000	0.000
590	  Q	  0.9	  0.1	0.000	0.000	0.000
591	  Q	  0.8	  0.1	0.000	0.000	0.000
592	  Q	  0.8	  0.1	0.000	0.000	0.000
593	  H	  1.1	  0.1	0.000	0.000	0.000
594	  H	  1.2	  0.2	0.000	0.000	0.000
595	  Q	  1.5	  0.1	0.000	0.000	0.000
596	  Q	  1.0	  0.1	0.000	0.000	0.000
597	  Q	  0.6	  0.1	0.000	0.000	0.000
598	  P	  0.0	  0.0	0.000	0.000	0.000
599	  P	  0.0	  0.0	0.000	0.000	0.000
600	  Q	  0.0	  0.0	0.000	0.000	0.000
