res	aa	Beta	Turn	Helix	Aggregation	Conc-Stab_Aggregation
01	  M	  0.5	  0.0	0.000	0.000	0.000
02	  F	  1.8	  0.1	0.000	0.000	0.000
03	  N	  1.9	  0.1	0.000	0.000	0.000
04	  S	  1.8	  0.1	0.000	0.000	0.000
05	  K	  4.6	  0.1	0.000	0.000	0.000
06	  V	  6.5	  0.1	0.000	0.000	0.000
07	  K	  6.8	  0.0	0.000	0.000	0.000
08	  Q	  2.8	  0.0	0.000	0.000	0.000
09	  E	  0.8	  0.0	0.000	0.000	0.000
10	  P	  0.0	  0.0	0.000	0.000	0.000
11	  V	  0.6	  0.0	0.000	0.000	0.000
12	  K	  0.7	  0.0	0.000	0.000	0.000
13	  K	  1.1	  0.0	0.000	0.000	0.000
14	  A	  1.0	  0.1	0.000	0.000	0.000
15	  T	  3.0	  0.0	0.000	0.000	0.000
16	  H	  8.9	  0.1	0.000	0.000	0.000
17	  I	  8.6	  0.2	0.000	0.000	0.000
18	  N	  6.5	  0.8	0.000	0.000	0.000
19	  D	  0.2	  1.6	0.000	0.000	0.000
20	  S	  0.3	  1.5	0.268	0.000	0.000
21	  S	  1.1	  1.4	0.835	0.208	0.208
22	  F	  1.9	  0.8	0.835	0.208	0.208
23	  I	  5.7	  0.0	0.835	0.208	0.208
24	  S	  9.1	  0.0	0.835	0.208	0.208
25	  Y	  8.4	  0.0	0.835	0.208	0.208
26	  C	  4.5	  0.2	0.835	0.000	0.000
27	  P	  0.2	  0.2	0.000	0.000	0.000
28	  L	  0.5	  0.2	0.000	0.000	0.000
29	  T	  0.6	  0.5	0.000	0.000	0.000
30	  S	  0.6	  0.4	0.000	0.000	0.000
31	  D	  0.1	  0.4	0.113	0.000	0.000
32	  E	  0.1	  0.4	0.113	0.000	0.000
33	  R	  2.1	  0.1	0.113	0.000	0.000
34	  V	  6.3	  0.1	0.113	0.644	0.644
35	  V	 10.1	  0.0	0.113	0.644	0.644
36	  S	 11.0	  0.0	0.113	0.644	0.644
37	  F	  8.0	  0.6	0.113	0.644	0.644
38	  Q	  4.1	  0.8	0.000	0.644	0.644
39	  D	  1.2	  0.9	0.000	0.000	0.000
40	  G	  0.0	  1.0	0.000	0.000	0.000
41	  Q	  0.3	  0.4	0.000	0.000	0.000
42	  S	 10.5	  0.3	0.106	0.000	0.000
43	  V	 13.7	  0.2	0.106	0.000	0.000
44	  S	 14.1	  0.1	0.359	0.000	0.000
45	  I	  6.0	  0.1	0.359	0.000	0.000
46	  K	  2.7	  0.0	0.359	0.000	0.000
47	  R	  2.1	  0.2	0.359	0.000	0.000
48	  A	  0.3	  0.5	0.253	0.000	0.000
49	  S	  0.1	  0.6	0.253	0.000	0.000
50	  D	  0.0	  0.7	0.000	0.000	0.000
51	  K	  0.4	  0.6	0.000	0.000	0.000
52	  H	  0.4	  1.6	0.000	0.000	0.000
53	  E	  0.4	  1.9	0.000	0.000	0.000
54	  G	  0.0	  1.7	0.645	0.000	0.000
55	  R	  0.4	  1.7	0.645	0.000	0.000
56	  F	  0.9	  0.6	0.645	0.000	0.000
57	  A	  1.1	  0.2	0.645	0.000	0.000
58	  K	  2.6	  0.2	0.645	0.000	0.000
59	  L	  2.3	  0.3	0.645	0.951	0.951
60	  T	  2.6	  0.2	0.424	1.116	1.116
61	  N	  2.5	  0.1	0.998	1.116	1.116
62	  F	  3.5	  0.1	0.826	1.116	1.116
63	  Y	  4.2	  0.0	0.574	1.116	1.116
64	  F	  3.1	  0.3	0.574	1.116	1.116
65	  K	  1.8	  0.4	0.574	0.000	0.000
66	  N	  0.6	  0.4	0.574	0.000	0.000
67	  N	  0.0	  0.4	0.435	0.000	0.000
68	  H	  0.7	  0.2	0.184	0.000	0.000
69	  L	  1.0	  0.2	0.000	0.000	0.000
70	  S	  1.4	  0.3	0.717	0.000	0.000
71	  K	  0.9	  0.3	0.717	0.000	0.000
72	  E	  0.8	  0.2	0.717	0.000	0.000
73	  H	  0.5	  0.3	0.857	0.000	0.000
74	  A	  0.7	  0.2	0.857	0.000	0.000
75	  K	  1.8	  0.1	0.857	0.000	0.000
76	  I	  5.0	  0.1	0.291	0.000	0.000
77	  R	  8.1	  0.0	0.291	0.000	0.000
78	  Y	  7.8	  0.0	0.140	0.000	0.000
79	  D	  4.7	  0.2	0.000	0.000	0.000
80	  Q	  1.3	  0.3	0.000	0.000	0.000
81	  Q	  0.3	  0.5	0.000	0.000	0.000
82	  Q	  0.3	  0.4	0.000	0.000	0.000
83	  G	  0.1	  0.3	0.000	0.000	0.000
84	  F	  1.1	  0.2	0.000	0.000	0.000
85	  Y	  1.5	  0.0	0.000	0.000	0.000
86	  I	  1.5	  0.1	0.000	0.000	0.000
87	  Q	  0.5	  0.1	0.000	0.000	0.000
88	  D	  0.1	  4.0	0.000	0.000	0.000
89	  A	  0.1	  4.1	0.000	0.000	0.000
90	  N	  0.2	  4.0	0.000	0.000	0.000
91	  S	  0.8	  4.0	0.000	0.222	0.222
92	  T	  1.7	  0.2	0.000	2.302	2.302
93	  F	  1.6	  0.5	0.000	5.244	5.244
94	  G	  1.0	  0.4	0.000	5.244	5.244
95	  T	  3.8	  0.4	0.000	5.244	5.244
96	  V	  6.9	  0.3	0.000	5.244	5.244
97	  L	  7.0	  0.1	0.000	4.935	4.935
98	  N	  3.4	  0.1	0.129	0.000	0.000
99	  N	  0.2	  0.2	0.461	0.000	0.000
100	  E	  0.1	  0.1	0.461	0.000	0.000
101	  K	  1.0	  0.1	0.461	0.000	0.000
102	  V	  3.8	  0.0	0.461	32.489	32.489
103	  L	  4.3	  0.0	0.461	38.362	38.362
104	  I	  4.6	  0.1	0.461	38.362	38.362
105	  A	  1.7	  0.1	0.461	38.362	38.362
106	  G	  1.2	  0.1	1.117	38.362	38.362
107	  V	  2.8	  0.2	0.771	35.884	35.884
108	  E	  2.8	  0.0	0.771	0.000	0.000
109	  H	  3.3	  0.0	0.771	0.000	0.000
110	  L	  1.0	  0.1	0.771	0.000	0.000
111	  L	  1.2	  0.1	0.771	0.000	0.000
112	  N	  0.9	  0.9	0.771	0.000	0.000
113	  T	  0.5	  1.0	0.000	0.000	0.000
114	  N	  0.3	  0.9	0.000	0.000	0.000
115	  D	  0.6	  0.9	0.000	0.000	0.000
116	  T	  1.0	  0.1	0.314	8.381	8.381
117	  V	  1.3	  0.1	0.314	20.703	20.703
118	  G	  0.8	  0.0	0.314	20.703	20.703
119	  L	  1.6	  0.0	0.314	20.703	20.703
120	  I	  2.9	  0.0	0.314	20.703	20.703
121	  M	  3.2	  0.0	0.314	19.744	19.744
122	  S	  2.5	  0.2	0.314	2.196	2.196
123	  K	  1.1	  0.2	0.125	0.000	0.000
124	  T	  2.0	  0.3	0.000	0.000	0.000
125	  S	  1.6	  0.3	0.167	0.000	0.000
126	  S	  1.7	  0.2	0.167	0.000	0.000
127	  Q	  2.0	  0.2	0.167	0.000	0.000
128	  I	  2.2	  0.1	0.167	0.000	0.000
129	  K	  2.1	  0.0	0.167	0.000	0.000
130	  K	  5.7	  0.0	0.167	0.000	0.000
131	  I	  9.2	  0.0	0.000	0.000	0.000
132	  T	  9.5	  0.1	0.134	0.000	0.000
133	  Q	  4.7	  0.1	0.134	0.000	0.000
134	  E	  0.8	  0.1	0.134	0.000	0.000
135	  F	  1.9	  0.0	0.134	0.000	0.000
136	  V	  3.6	  0.0	0.134	0.000	0.000
137	  S	  3.9	  2.1	0.134	0.000	0.000
138	  A	  2.4	  2.1	0.134	0.000	0.000
139	  N	  0.6	  2.3	0.134	0.000	0.000
140	  S	  0.6	  2.9	0.000	0.000	0.000
141	  T	  0.8	  0.8	0.465	0.000	0.000
142	  D	  0.7	  0.9	0.620	0.000	0.000
143	  K	  0.6	  0.7	0.620	0.000	0.000
144	  E	  1.4	  0.1	0.620	0.000	0.000
145	  I	  2.8	  0.1	0.620	0.000	0.000
146	  R	  3.7	  0.0	0.620	0.000	0.000
147	  S	  2.8	  0.0	0.440	0.000	0.000
148	  I	  1.4	  0.0	0.000	0.000	0.000
149	  P	  0.1	  0.0	0.000	0.000	0.000
150	  I	  0.7	  0.1	0.000	0.000	0.000
151	  S	  0.9	  0.1	0.000	0.000	0.000
152	  K	  1.6	  0.2	0.000	0.000	0.000
153	  F	  1.5	  0.2	0.000	0.000	0.000
154	  D	  1.2	  0.1	0.000	0.000	0.000
155	  N	  0.5	  0.3	0.097	0.000	0.000
156	  P	  0.0	  0.2	0.097	0.519	0.519
157	  T	  4.5	  0.2	0.236	8.590	8.590
158	  I	 12.0	  0.2	0.236	21.291	21.291
159	  V	 14.7	  0.1	0.236	21.598	21.598
160	  L	 11.7	  0.1	0.236	21.598	21.598
161	  N	  5.8	  0.1	0.340	21.466	21.466
162	  F	  7.8	  0.1	0.340	21.148	21.148
163	  R	  9.0	  0.0	0.104	6.062	6.062
164	  I	 11.7	  0.0	0.104	6.062	6.062
165	  E	 12.6	  0.0	0.104	6.062	6.062
166	  I	 10.1	  0.1	0.104	6.062	6.062
167	  K	  6.4	  0.2	0.104	0.000	0.000
168	  D	  0.4	  0.2	0.000	0.000	0.000
169	  S	  0.7	  0.2	0.302	0.000	0.000
170	  V	  1.8	  0.1	0.302	0.000	0.000
171	  L	  3.0	  0.0	0.302	0.000	0.000
172	  K	  3.4	  0.0	0.302	0.000	0.000
173	  L	  2.4	  0.0	0.302	0.000	0.000
174	  V	  1.0	  0.0	0.302	0.000	0.000
175	  P	  0.1	  0.0	0.000	0.000	0.000
176	  I	  1.5	  0.0	0.000	0.000	0.000
177	  E	  1.5	  0.0	0.418	0.000	0.000
178	  R	  1.5	  0.1	0.907	0.000	0.000
179	  E	  0.1	  0.1	1.034	0.000	0.000
180	  E	  0.1	  0.1	1.183	0.000	0.000
181	  A	  0.1	  0.1	1.183	0.000	0.000
182	  R	  0.3	  0.0	1.183	0.000	0.000
183	  A	  1.0	  0.0	1.020	0.000	0.000
184	  T	  5.3	  0.0	0.629	0.000	0.000
185	  I	  5.7	  0.0	0.629	0.000	0.000
186	  D	  5.0	  0.2	1.849	0.000	0.000
187	  A	  0.7	  0.4	1.849	0.000	0.000
188	  K	  0.2	  0.4	1.849	0.000	0.000
189	  T	  0.2	  0.5	1.220	0.000	0.000
190	  G	  0.1	  0.3	1.220	0.000	0.000
191	  L	  0.4	  0.2	1.220	0.000	0.000
192	  K	  0.7	  0.1	0.277	0.000	0.000
193	  S	  1.0	  0.1	0.149	0.000	0.000
194	  I	  2.4	  0.1	0.149	0.000	0.000
195	  L	  2.2	  0.1	0.149	0.000	0.000
196	  T	  2.0	  0.1	0.293	0.000	0.000
197	  D	  0.4	  0.2	0.293	0.000	0.000
198	  H	  1.1	  0.2	0.293	0.000	0.000
199	  T	  3.9	  0.2	0.144	0.000	0.000
200	  K	  4.0	  0.2	0.144	0.000	0.000
201	  S	  3.4	  0.2	0.144	0.269	0.269
202	  L	  0.9	  0.1	0.000	0.269	0.269
203	  I	 10.5	  0.0	0.000	0.269	0.269
204	  N	 14.0	  0.0	0.000	0.269	0.269
205	  V	 14.0	  0.0	0.000	0.269	0.269
206	  E	  5.0	  0.0	0.000	0.000	0.000
207	  E	  0.6	  0.0	0.000	0.000	0.000
208	  I	  0.1	  0.6	0.000	0.000	0.000
209	  P	  0.1	  0.8	0.000	0.000	0.000
210	  D	  0.0	  0.9	0.000	0.000	0.000
211	  D	  0.1	  1.0	0.000	0.000	0.000
212	  T	  0.4	  0.5	0.000	0.000	0.000
213	  E	  0.4	  0.4	0.000	0.000	0.000
214	  S	  0.4	  2.3	0.000	0.000	0.000
215	  S	  0.1	  3.1	0.000	0.000	0.000
216	  D	  0.1	  2.9	0.000	0.000	0.000
217	  N	  0.1	  2.8	0.000	0.000	0.000
218	  E	  1.8	  0.8	0.000	0.000	0.000
219	  V	 18.7	  0.0	0.000	0.000	0.000
220	  E	 19.1	  0.0	0.000	0.000	0.000
221	  V	 20.5	  0.0	0.000	0.000	0.000
222	  V	  6.9	  0.0	0.000	0.000	0.000
223	  D	  6.9	  0.2	0.000	0.000	0.000
224	  I	  8.9	  0.2	0.000	0.000	0.000
225	  D	  6.4	  0.2	0.000	0.000	0.000
226	  I	  8.6	  0.2	0.000	0.000	0.000
227	  V	  4.3	  0.0	0.000	0.000	0.000
228	  S	  3.2	  0.0	0.000	0.000	0.000
229	  N	  0.4	  0.0	0.000	0.000	0.000
230	  P	  0.0	  0.0	0.000	0.000	0.000
231	  V	  1.8	  0.0	0.000	0.000	0.000
232	  T	  2.6	  0.0	0.000	0.000	0.000
233	  K	  3.8	  0.1	0.000	0.000	0.000
234	  I	  2.8	  0.1	0.000	0.000	0.000
235	  D	  2.1	  0.1	0.000	0.000	0.000
236	  S	  1.7	  0.1	0.000	0.000	0.000
237	  V	  1.9	  0.0	0.000	0.000	0.000
238	  C	  1.9	  1.5	0.000	0.000	0.000
239	  S	  1.1	  2.9	0.000	0.000	0.000
240	  N	  0.1	  3.0	0.000	0.000	0.000
241	  G	  0.1	  3.0	0.000	0.000	0.000
242	  H	  4.7	  1.4	0.000	0.000	0.000
243	  I	  4.7	  0.2	0.000	0.000	0.000
244	  S	  4.6	  1.2	0.000	0.000	0.000
245	  D	  0.0	  1.3	0.000	0.000	0.000
246	  D	  0.2	  1.3	0.000	0.000	0.000
247	  Q	  0.7	  1.1	0.000	0.000	0.000
248	  I	  2.2	  0.0	0.000	0.000	0.000
249	  I	  6.1	  0.0	0.000	0.000	0.000
250	  E	  8.4	  0.0	0.000	0.000	0.000
251	  I	 11.8	  0.0	0.000	0.000	0.000
252	  D	  8.4	  0.4	0.000	0.000	0.000
253	  I	  5.5	  0.5	0.000	0.000	0.000
254	  S	  0.7	  1.6	0.964	0.000	0.000
255	  D	  0.0	  1.6	1.074	0.000	0.000
256	  D	  0.0	  1.3	1.446	0.000	0.000
257	  E	  0.1	  1.2	1.446	0.000	0.000
258	  L	  0.8	  0.1	1.446	0.000	0.000
259	  V	  1.4	  0.3	1.446	0.000	0.000
260	  S	  1.3	  0.4	1.446	0.000	0.000
261	  G	  0.6	  0.5	0.929	0.000	0.000
262	  K	  0.2	  0.5	0.507	0.000	0.000
263	  Q	  0.4	  0.3	0.000	0.000	0.000
264	  T	  2.3	  0.2	0.000	0.000	0.000
265	  H	  2.2	  0.2	0.000	0.000	0.000
266	  S	  2.5	  0.3	0.000	0.000	0.000
267	  K	  0.6	  0.5	0.000	0.000	0.000
268	  E	  0.6	  0.4	0.000	0.000	0.000
269	  N	  0.3	  0.4	0.250	0.000	0.000
270	  K	  5.6	  0.2	0.250	0.000	0.000
271	  I	  6.2	  0.0	0.250	0.000	0.000
272	  T	  6.2	  0.2	0.250	0.000	0.000
273	  E	  0.9	  0.5	0.250	0.000	0.000
274	  S	  0.3	  0.5	0.250	0.000	0.000
275	  D	  0.9	  0.5	0.000	0.000	0.000
276	  C	  1.4	  0.5	0.000	0.000	0.000
277	  I	  1.4	  4.0	0.000	0.000	0.000
278	  G	  0.6	  4.5	0.000	0.000	0.000
279	  D	  0.0	  4.8	0.325	0.000	0.000
280	  G	  0.0	  4.6	0.325	0.000	0.000
281	  K	  0.3	  0.9	0.325	0.000	0.000
282	  T	  2.1	  0.4	0.325	0.000	0.000
283	  Q	  2.2	  0.2	0.325	0.000	0.000
284	  K	  2.1	  0.1	0.325	0.000	0.000
285	  T	  5.5	  0.1	0.000	0.000	0.000
286	  L	  5.4	  0.1	0.000	0.000	0.000
287	  S	  6.6	  0.7	0.000	0.000	0.000
288	  R	  1.7	  0.7	0.000	0.000	0.000
289	  S	  4.4	  1.6	0.000	0.000	0.000
290	  A	  3.4	  1.5	0.000	0.000	0.000
291	  S	  6.8	  0.9	0.000	0.000	0.000
292	  V	  4.6	  0.9	0.000	0.000	0.000
293	  E	  4.1	  0.0	0.000	0.000	0.000
294	  E	  1.5	  0.0	0.000	0.000	0.000
295	  L	  1.1	  0.0	0.000	0.000	0.000
296	  T	  1.1	  0.4	0.145	0.000	0.000
297	  P	  0.2	  0.4	0.145	0.000	0.000
298	  T	  0.1	  0.5	0.145	0.000	0.000
299	  N	  0.2	  0.5	0.145	0.000	0.000
300	  R	  2.2	  0.1	0.145	0.000	0.000
301	  V	  3.5	  0.1	0.145	0.000	0.000
302	  E	  4.0	  0.1	0.145	0.000	0.000
303	  S	  2.1	  0.1	0.208	0.000	0.000
304	  H	  1.0	  0.5	0.208	0.000	0.000
305	  A	  0.7	  0.5	0.208	0.000	0.000
306	  S	  0.6	  0.4	0.208	0.000	0.000
307	  K	  0.7	  0.4	0.208	0.000	0.000
308	  M	  1.9	  0.0	0.208	0.000	0.000
309	  I	  4.2	  0.0	0.000	0.000	0.000
310	  V	 29.9	  0.0	0.000	0.000	0.000
311	  E	 28.7	  0.0	0.000	0.000	0.000
312	  V	 26.6	  0.1	0.000	0.000	0.000
313	  P	  0.2	  0.2	0.000	0.000	0.000
314	  S	  0.1	  0.3	0.000	0.000	0.000
315	  S	  0.1	  0.3	0.000	0.000	0.000
316	  E	  0.9	  0.2	0.000	0.000	0.000
317	  Y	  1.6	  0.5	0.000	0.000	0.000
318	  E	  1.5	  0.5	0.000	0.000	0.000
319	  D	  0.7	  0.6	0.000	0.000	0.000
320	  D	  0.0	  3.0	0.000	0.000	0.000
321	  E	  0.0	  2.7	0.000	0.000	0.000
322	  S	  0.0	  2.6	0.000	0.000	0.000
323	  D	  0.8	  3.0	0.433	0.000	0.000
324	  V	  1.1	  0.7	0.433	0.000	0.000
325	  N	  1.1	  0.5	0.934	0.000	0.000
326	  E	  0.5	  0.5	0.934	0.000	0.000
327	  I	  0.9	  0.0	0.934	0.000	0.000
328	  L	  1.0	  0.0	0.934	0.000	0.000
329	  E	  1.1	  0.1	0.934	0.000	0.000
330	  K	  0.7	  0.1	0.823	0.000	0.000
331	  T	  0.8	  0.1	0.000	0.000	0.000
332	  E	  2.8	  0.1	0.000	0.000	0.000
333	  F	  5.3	  0.0	0.000	0.000	0.000
334	  N	  5.6	  0.0	0.000	0.000	0.000
335	  W	  3.7	  0.0	0.000	0.000	0.000
336	  K	  1.0	  0.1	0.000	0.000	0.000
337	  E	  0.5	  0.1	0.000	0.000	0.000
338	  Q	  0.6	  0.1	0.000	0.000	0.000
339	  V	  0.7	  0.2	0.000	0.000	0.000
340	  S	  0.7	  0.2	0.000	0.000	0.000
341	  D	  0.2	  0.2	0.000	0.000	0.000
342	  E	  2.9	  0.2	0.000	0.000	0.000
343	  V	  3.1	  0.2	0.000	0.000	0.000
344	  S	  3.1	  1.5	0.000	0.000	0.000
345	  D	  0.2	  2.4	0.000	0.000	0.000
346	  N	  0.0	  3.1	0.000	0.000	0.000
347	  D	  0.1	  7.9	0.000	0.000	0.000
348	  S	  0.1	  6.9	0.000	0.000	0.000
349	  S	  0.1	  6.4	0.000	0.000	0.000
350	  G	  0.1	  5.8	0.000	0.000	0.000
351	  E	  0.1	  0.9	0.000	0.000	0.000
352	  S	  2.3	  1.3	0.000	0.000	0.000
353	  L	  2.5	  1.0	0.000	0.000	0.000
354	  D	  2.5	  0.9	0.000	0.000	0.000
355	  S	  0.3	  1.0	0.000	0.000	0.000
356	  E	  0.4	  0.3	0.000	0.000	0.000
357	  L	  0.4	  0.4	0.000	0.000	0.000
358	  S	  0.4	  2.0	0.000	0.000	0.000
359	  N	  0.1	  2.7	0.000	0.000	0.000
360	  D	  0.0	  3.2	0.000	0.000	0.000
361	  G	  0.0	  3.2	0.000	0.000	0.000
362	  S	  0.1	  3.2	0.000	0.000	0.000
363	  S	  0.1	  2.5	0.000	0.000	0.000
364	  D	  0.1	  3.6	0.000	0.000	0.000
365	  E	  0.1	  3.5	0.000	0.000	0.000
366	  S	  0.1	  3.2	0.000	0.000	0.000
367	  S	  0.2	  3.6	0.000	0.000	0.000
368	  D	  0.2	  1.9	0.000	0.000	0.000
369	  S	  3.2	  1.8	0.000	0.000	0.000
370	  V	 20.5	  0.4	0.000	0.000	0.000
371	  T	 24.7	  0.1	0.919	0.000	0.000
372	  V	 22.3	  0.1	0.919	0.000	0.000
373	  N	  5.5	  0.1	1.119	0.000	0.000
374	  D	  1.3	  0.1	1.326	0.000	0.000
375	  I	  1.1	  0.1	1.326	0.000	0.000
376	  K	  1.1	  0.1	1.326	0.000	0.000
377	  N	  0.4	  0.3	1.011	0.000	0.000
378	  K	  0.2	  0.6	0.840	0.000	0.000
379	  Q	  0.2	  0.5	0.446	0.000	0.000
380	  D	  0.2	  0.5	0.132	0.000	0.000
381	  E	  1.3	  0.3	0.132	0.000	0.000
382	  I	  3.9	  0.0	0.132	0.000	0.000
383	  S	  9.3	  0.2	0.132	0.000	0.000
384	  I	  8.7	  0.2	0.000	0.000	0.000
385	  S	  6.3	  1.8	0.000	0.000	0.000
386	  S	  0.6	  1.9	0.000	0.000	0.000
387	  D	  0.1	  3.2	0.000	0.000	0.000
388	  E	  0.0	  3.2	0.000	0.000	0.000
389	  S	  0.2	  2.6	0.000	0.000	0.000
390	  E	  0.3	  2.6	0.000	0.000	0.000
391	  S	  0.3	  1.4	0.000	0.000	0.000
392	  S	  0.2	  2.1	0.000	0.000	0.000
393	  E	  0.1	  1.3	0.000	0.000	0.000
394	  G	  0.0	  1.4	0.000	0.000	0.000
395	  E	  0.0	  1.1	0.000	0.000	0.000
396	  C	  0.1	  0.9	0.000	0.000	0.000
397	  G	  0.1	  0.8	0.000	0.000	0.000
398	  D	  0.3	  1.5	0.000	0.000	0.000
399	  C	  1.0	  1.6	0.000	0.000	0.000
400	  D	  1.0	  1.1	0.000	0.000	0.000
401	  Q	  0.9	  1.1	0.000	0.000	0.000
402	  T	  0.1	  0.7	0.000	0.000	0.000
403	  E	  0.1	  3.6	0.000	0.000	0.000
404	  G	  0.0	  3.7	0.000	0.000	0.000
405	  D	  0.0	  4.1	0.000	0.000	0.000
406	  N	  0.0	  5.8	0.000	0.000	0.000
407	  S	  0.1	  3.5	0.000	0.000	0.000
408	  N	  0.1	  3.6	0.000	0.000	0.000
409	  S	  0.1	  6.0	0.000	0.000	0.000
410	  G	  0.1	  3.9	0.000	0.000	0.000
411	  N	  0.4	  3.2	0.000	0.000	0.000
412	  H	  0.5	  3.0	0.000	0.000	0.000
413	  E	  0.5	  0.0	0.000	0.000	0.000
414	  P	  0.1	  0.0	0.000	0.000	0.000
415	  F	  0.2	  0.0	0.000	0.000	0.000
416	  Y	  0.2	  0.0	0.000	0.000	0.000
417	  P	  0.2	  0.0	0.360	0.000	0.000
418	  V	  1.0	  0.0	0.360	0.000	0.000
419	  C	  4.1	  0.0	0.711	0.000	0.000
420	  Y	  6.0	  0.0	0.711	0.000	0.000
421	  R	  5.5	  0.0	0.711	0.000	0.000
422	  L	  2.5	  0.0	0.711	0.000	0.000
423	  W	  0.9	  0.3	0.711	0.000	0.000
424	  K	  0.4	  0.6	0.711	0.000	0.000
425	  D	  0.3	  1.0	0.270	0.000	0.000
426	  D	  0.0	  1.7	0.300	0.000	0.000
427	  R	  0.0	  1.5	0.300	0.000	0.000
428	  G	  0.1	  1.3	0.300	0.000	0.000
429	  S	  0.3	  0.9	0.300	0.000	0.000
430	  K	  0.5	  0.2	0.300	0.000	0.000
431	  Y	  2.4	  0.2	0.300	1.072	1.072
432	  Y	  3.9	  0.2	0.300	1.072	1.072
433	  N	  3.6	  0.2	0.298	1.072	1.072
434	  L	  2.1	  0.2	0.298	1.072	1.072
435	  L	  0.4	  0.1	0.298	1.072	1.072
436	  D	  0.4	  0.3	0.298	0.000	0.000
437	  K	  0.2	  0.4	0.298	0.000	0.000
438	  H	  0.1	  0.8	0.298	0.000	0.000
439	  D	  0.1	  0.9	0.000	0.000	0.000
440	  D	  0.0	  5.0	0.000	0.000	0.000
441	  A	  0.0	  5.0	0.000	0.000	0.000
442	  D	  0.0	  8.0	0.000	0.000	0.000
443	  S	  0.1	  8.4	0.000	0.000	0.000
444	  D	  0.1	  4.1	0.000	0.000	0.000
445	  S	  0.3	  4.8	0.000	0.000	0.000
446	  E	  0.2	  1.5	0.000	0.000	0.000
447	  S	  0.3	  2.3	0.000	0.000	0.000
448	  E	  0.2	  2.2	0.000	0.000	0.000
449	  S	  0.2	  1.5	0.000	0.000	0.000
450	  D	  0.2	  1.5	0.000	0.000	0.000
451	  T	  0.4	  0.4	0.121	0.000	0.000
452	  E	  0.5	  0.3	0.121	0.000	0.000
453	  S	  0.5	  0.2	0.121	0.000	0.000
454	  T	  1.4	  0.2	0.121	0.000	0.000
455	  L	  1.3	  0.3	0.121	0.000	0.000
456	  F	  1.3	  2.4	0.121	0.000	0.000
457	  G	  0.3	  2.9	0.000	0.000	0.000
458	  S	  0.2	  2.9	0.000	0.000	0.000
459	  N	  0.4	  3.3	0.000	0.000	0.000
460	  C	  0.5	  1.2	0.000	0.000	0.000
461	  D	  0.5	  0.7	0.000	0.000	0.000
462	  E	  4.6	  0.7	0.000	0.000	0.000
463	  V	  4.8	  0.2	0.000	0.000	0.000
464	  D	  4.8	  0.1	1.902	0.000	0.000
465	  D	  1.3	  0.1	2.564	0.000	0.000
466	  I	  5.9	  0.1	2.564	0.000	0.000
467	  K	  7.1	  0.0	2.564	0.000	0.000
468	  I	  6.4	  0.0	2.564	0.000	0.000
469	  A	  1.7	  0.4	2.564	0.000	0.000
470	  E	  0.3	  0.4	2.328	0.000	0.000
471	  D	  0.0	  0.5	1.749	0.000	0.000
472	  N	  0.1	  0.9	0.735	0.000	0.000
473	  K	  0.5	  0.6	0.535	0.000	0.000
474	  S	  4.6	  0.8	0.110	0.000	0.000
475	  V	  5.5	  0.8	0.000	0.000	0.000
476	  D	  5.1	  1.8	0.000	0.000	0.000
477	  S	  1.8	  2.4	0.000	0.000	0.000
478	  S	  0.9	  2.1	0.000	0.000	0.000
479	  S	  3.8	  2.4	0.000	0.000	0.000
480	  I	  5.7	  1.0	0.000	0.000	0.000
481	  D	  5.9	  0.4	0.000	0.000	0.000
482	  L	  3.3	  0.6	0.000	0.000	0.000
483	  R	  0.6	  0.6	0.000	0.000	0.000
484	  D	  0.3	  0.6	0.000	0.000	0.000
485	  D	  0.5	  1.1	0.000	0.000	0.000
486	  F	  0.6	  0.9	0.000	0.000	0.000
487	  D	  0.6	  0.6	0.747	0.000	0.000
488	  E	  3.7	  0.6	0.747	0.000	0.000
489	  I	  5.8	  0.1	0.747	0.000	0.000
490	  T	  6.8	  0.1	0.747	0.000	0.000
491	  S	  4.0	  1.2	0.747	0.000	0.000
492	  Q	  1.8	  1.2	0.747	0.000	0.000
493	  D	  0.8	  2.2	0.000	0.000	0.000
494	  Q	  0.3	  2.3	0.000	0.000	0.000
495	  S	  0.4	  1.2	0.000	0.000	0.000
496	  S	  8.6	  1.3	0.000	0.000	0.000
497	  F	  8.8	  0.3	0.000	0.000	0.000
498	  N	  8.6	  0.2	0.000	0.000	0.000
499	  E	  1.5	  0.2	0.000	0.000	0.000
500	  I	  7.2	  0.0	0.000	0.000	0.000
501	  S	  7.4	  0.0	0.000	0.000	0.000
502	  F	  6.3	  0.2	0.000	0.000	0.000
503	  P	  0.3	  0.5	0.000	0.000	0.000
504	  R	  0.3	  0.5	0.000	0.000	0.000
505	  N	  1.2	  0.5	0.000	0.000	0.000
506	  F	  3.5	  0.2	0.000	0.000	0.000
507	  C	  4.7	  0.0	0.281	0.000	0.000
508	  L	  3.9	  0.0	0.281	0.000	0.000
509	  S	  1.7	  0.1	1.254	0.000	0.000
510	  R	  0.4	  0.2	1.254	0.000	0.000
511	  K	  0.6	  0.2	1.254	0.000	0.000
512	  R	  1.3	  0.1	1.254	0.000	0.000
513	  R	  4.7	  0.1	1.082	0.000	0.000
514	  F	  4.6	  0.1	0.973	0.000	0.000
515	  D	  3.8	  0.2	0.376	0.000	0.000
516	  E	  0.8	  0.3	0.270	0.000	0.000
517	  L	  0.9	  0.5	0.100	0.000	0.000
518	  D	  1.4	  0.4	0.000	0.000	0.000
519	  S	  8.1	  0.5	0.000	0.000	0.000
520	  F	  8.1	  0.5	0.000	0.000	0.000
521	  D	  7.6	  0.6	0.132	0.000	0.000
522	  E	  0.3	  0.7	0.132	0.000	0.000
523	  F	  0.2	  1.1	0.132	0.000	0.000
524	  G	  0.2	  1.2	0.132	0.000	0.000
525	  R	  1.2	  0.9	0.132	0.000	0.000
526	  H	  1.2	  0.7	0.132	0.000	0.000
527	  T	  1.2	  0.1	0.000	0.000	0.000
528	  P	  0.1	  0.0	0.000	0.000	0.000
529	  I	  2.8	  0.0	0.000	0.000	0.000
530	  E	  4.1	  0.0	0.000	0.000	0.000
531	  Y	  4.4	  0.4	0.000	0.000	0.000
532	  S	  1.7	  0.5	0.119	0.000	0.000
533	  D	  1.3	  0.5	0.119	0.000	0.000
534	  C	  2.5	  0.5	0.119	0.000	0.000
535	  E	  3.8	  0.0	0.119	0.000	0.000
536	  F	  3.0	  0.2	0.119	0.000	0.000
537	  S	  1.7	  0.2	0.119	0.000	0.000
538	  N	  0.3	  0.2	0.000	0.000	0.000
539	  Q	  0.0	  0.2	0.000	0.000	0.000
540	  P	  0.0	  0.3	0.000	0.000	0.000
541	  P	  0.0	  0.3	0.000	0.000	0.000
542	  R	  0.1	  0.4	0.000	0.000	0.000
543	  K	  0.1	  0.4	0.000	0.000	0.000
544	  K	  0.3	  0.2	0.000	0.000	0.000
545	  H	  0.5	  0.4	0.000	0.000	0.000
546	  A	  0.6	  0.4	0.000	0.000	0.000
547	  S	  0.7	  0.4	0.000	0.000	0.000
548	  T	  0.6	  0.5	0.099	0.000	0.000
549	  E	  0.9	  0.3	0.099	0.000	0.000
550	  S	  0.8	  0.2	0.201	0.000	0.000
551	  K	  1.2	  0.2	0.201	0.000	0.000
552	  W	  1.0	  0.1	0.201	0.000	0.000
553	  K	  1.5	  0.1	0.201	0.000	0.000
554	  T	 12.5	  0.1	0.241	0.000	0.000
555	  I	 14.4	  0.1	0.241	0.000	0.000
556	  T	 14.3	  0.1	0.241	0.000	0.000
557	  K	  3.3	  0.1	0.241	0.000	0.000
558	  E	  1.1	  0.2	0.241	0.004	0.004
559	  V	  0.6	  0.5	0.140	0.004	0.004
560	  G	  0.2	  0.7	0.140	0.004	0.004
561	  K	  0.1	  0.7	0.000	0.004	0.004
562	  G	  0.0	  0.6	0.144	5.807	5.807
563	  L	  0.6	  0.3	0.144	70.751	70.751
564	  F	  2.0	  0.0	0.144	97.295	97.295
565	  Y	  3.6	  0.0	0.144	99.335	99.335
566	  V	  4.9	  0.0	0.277	99.906	99.906
567	  F	  3.8	  0.2	0.428	99.949	99.949
568	  A	  2.9	  0.2	0.552	99.533	99.533
569	  T	  3.7	  0.2	1.139	99.047	99.047
570	  I	  4.3	  0.2	1.139	98.751	98.751
571	  A	  3.7	  0.2	1.139	95.266	95.266
572	  A	  1.0	  0.2	1.139	92.310	92.310
573	  L	  0.3	  0.3	1.139	89.804	89.804
574	  G	  0.2	  0.3	1.139	75.371	75.371
575	  I	  1.1	  0.2	0.127	74.054	74.054
576	  Y	  1.2	  1.9	0.127	58.918	58.918
577	  G	  1.1	  1.9	0.000	6.303	6.303
578	  S	  0.3	  1.9	0.000	1.563	1.563
579	  S	  0.5	  1.9	0.000	0.970	0.970
580	  I	  0.6	  0.3	0.000	0.895	0.895
581	  A	  0.4	  0.2	0.000	0.090	0.090
582	  N	  0.1	  0.3	0.000	0.000	0.000
583	  E	  0.0	  0.3	0.000	0.000	0.000
584	  E	  0.0	  0.2	0.000	0.000	0.000
585	  S	  0.0	  0.2	0.000	0.000	0.000
