res	aa	Beta	Turn	Helix	Aggregation	Conc-Stab_Aggregation
01	  M	  0.9	  0.0	0.000	0.000	0.000
02	  E	  1.4	  0.0	0.000	0.000	0.000
03	  F	  2.4	  0.0	0.000	0.000	0.000
04	  Y	  2.9	  0.0	0.000	0.000	0.000
05	  L	  2.4	  0.0	0.000	0.000	0.000
06	  I	  1.4	  0.0	0.000	0.000	0.000
07	  P	  0.0	  0.0	0.000	0.000	0.000
08	  P	  0.0	  0.0	0.000	0.000	0.000
09	  V	  4.1	  0.0	0.000	0.000	0.000
10	  S	  7.0	  0.0	1.238	0.000	0.000
11	  Y	  7.5	  0.0	1.238	0.000	0.000
12	  Q	  3.7	  0.1	1.238	0.000	0.000
13	  T	  1.0	  0.1	2.726	0.000	0.000
14	  Q	  0.7	  0.1	3.138	0.000	0.000
15	  E	  0.5	  0.1	3.337	0.000	0.000
16	  K	  1.1	  0.1	3.174	0.000	0.000
17	  L	  1.1	  0.1	3.035	0.000	0.000
18	  K	  1.1	  0.1	3.035	0.000	0.000
19	  K	  0.4	  0.1	2.446	0.000	0.000
20	  K	  0.9	  0.2	1.245	0.000	0.000
21	  T	  2.1	  0.1	0.000	0.000	0.000
22	  K	  2.4	  0.2	0.000	0.000	0.000
23	  R	  1.9	  0.1	0.000	0.000	0.000
24	  T	  2.3	  0.1	0.000	0.000	0.000
25	  K	  1.8	  0.1	0.000	0.000	0.000
26	  E	  1.7	  0.2	0.000	0.000	0.000
27	  P	  0.1	  0.4	0.000	0.000	0.000
28	  S	  0.8	  1.2	0.000	0.000	0.000
29	  S	  1.7	  2.0	0.000	0.000	0.000
30	  S	  2.5	  4.4	0.000	0.000	0.000
31	  S	  1.7	  4.8	0.000	0.000	0.000
32	  S	  1.1	  5.5	0.000	0.000	0.000
33	  G	  0.3	  5.0	0.000	0.000	0.000
34	  S	  0.3	  2.5	0.000	0.000	0.000
35	  N	  0.2	  3.1	0.000	0.000	0.000
36	  S	  1.0	  2.3	0.000	0.000	0.000
37	  S	  1.7	  2.8	0.000	0.000	0.000
38	  S	  2.4	  3.4	0.000	0.000	0.000
39	  S	  1.7	  2.4	0.000	0.000	0.000
40	  S	  5.9	  2.0	0.000	0.000	0.000
41	  L	  5.1	  1.2	0.000	0.000	0.000
42	  S	  5.3	  1.7	0.505	0.000	0.000
43	  R	  0.4	  1.7	0.505	0.000	0.000
44	  D	  0.4	  2.1	2.391	0.000	0.000
45	  L	  0.8	  2.0	2.539	0.000	0.000
46	  S	  0.8	  0.7	4.438	0.000	0.000
47	  A	  0.9	  0.7	4.438	0.000	0.000
48	  L	  0.5	  0.1	4.438	0.000	0.000
49	  R	  0.5	  0.3	4.318	0.000	0.000
50	  R	  0.3	  0.6	3.494	0.000	0.000
51	  G	  0.2	  0.7	2.309	0.000	0.000
52	  S	  1.9	  0.8	0.636	0.000	0.000
53	  T	  2.3	  0.6	0.000	0.000	0.000
54	  S	  4.9	  1.3	0.000	0.000	0.000
55	  A	  3.2	  1.3	0.000	0.000	0.000
56	  S	  3.1	  1.1	0.000	0.000	0.000
57	  S	  7.7	  1.1	0.000	0.000	0.000
58	  F	 10.3	  0.2	0.000	0.000	0.000
59	  T	 10.1	  0.3	0.000	0.000	0.000
60	  S	  2.9	  0.4	0.000	0.000	0.000
61	  N	  0.4	  0.4	0.000	0.000	0.000
62	  S	  0.6	  0.4	0.000	0.000	0.000
63	  I	  1.6	  0.2	0.000	0.129	0.129
64	  F	  2.8	  0.2	0.000	0.129	0.129
65	  S	  2.6	  0.2	0.000	0.129	0.129
66	  S	  2.3	  0.3	0.000	0.129	0.129
67	  A	  1.0	  0.4	0.000	0.129	0.129
68	  T	  1.7	  0.3	0.000	0.000	0.000
69	  S	  1.3	  0.3	0.104	0.000	0.000
70	  T	  4.3	  0.3	0.104	0.000	0.000
71	  K	  3.7	  0.3	0.104	0.000	0.000
72	  S	  3.5	  0.2	0.104	0.000	0.000
73	  R	  0.4	  0.3	0.104	0.000	0.000
74	  K	  0.3	  0.3	0.104	0.000	0.000
75	  S	  0.8	  0.4	0.000	0.000	0.000
76	  S	 11.1	  0.3	0.000	0.000	0.000
77	  C	 18.9	  0.2	0.000	0.000	0.000
78	  C	 19.3	  0.1	0.000	0.000	0.000
79	  S	 10.6	  0.0	0.409	0.000	0.000
80	  I	  2.9	  0.0	0.409	0.000	0.000
81	  E	  1.8	  0.0	0.409	0.000	0.000
82	  T	  3.1	  0.2	0.409	0.000	0.000
83	  A	  2.8	  0.2	0.409	0.000	0.000
84	  S	  2.9	  0.2	0.409	0.000	0.000
85	  T	  1.3	  0.2	0.000	0.000	0.000
86	  A	  1.4	  0.1	0.000	0.000	0.000
87	  T	  2.9	  0.0	0.000	0.000	0.000
88	  T	  3.4	  0.0	0.000	0.000	0.000
89	  T	  4.9	  0.1	0.000	0.000	0.000
90	  T	  4.9	  0.1	0.000	0.000	0.000
91	  T	  3.8	  0.1	0.000	0.000	0.000
92	  T	  2.4	  0.1	0.000	0.000	0.000
93	  N	  0.8	  1.3	0.000	0.000	0.000
94	  K	  0.8	  1.3	0.000	0.000	0.000
95	  S	  1.1	  1.4	0.000	0.000	0.000
96	  K	  1.2	  1.4	0.000	0.000	0.000
97	  T	  2.0	  0.3	0.000	0.000	0.000
98	  S	  1.5	  2.2	0.000	0.000	0.000
99	  S	  1.4	  2.1	0.000	0.000	0.000
100	  N	  0.3	  2.0	0.000	0.000	0.000
101	  A	  0.3	  1.9	0.000	0.000	0.000
102	  I	  0.3	  0.0	0.000	0.000	0.000
103	  P	  0.1	  0.0	0.000	0.000	0.000
104	  M	  0.1	  0.0	0.000	0.000	0.000
105	  P	  0.0	  0.0	0.000	0.000	0.000
106	  I	  0.6	  0.1	0.000	0.000	0.000
107	  S	  0.7	  0.1	0.114	0.000	0.000
108	  S	  3.7	  1.2	0.114	0.000	0.000
109	  A	  3.5	  1.3	0.114	0.000	0.000
110	  S	  5.0	  1.2	0.114	0.000	0.000
111	  L	  2.7	  1.1	0.114	0.000	0.000
112	  T	  2.4	  0.0	0.114	0.000	0.000
113	  Q	  0.8	  0.1	0.114	0.000	0.000
114	  P	  0.2	  0.2	0.000	0.000	0.000
115	  R	  0.5	  0.3	0.000	0.000	0.000
116	  S	  6.0	  0.6	0.000	0.000	0.000
117	  L	  6.1	  0.5	0.000	0.000	0.000
118	  S	  5.8	  0.4	0.000	0.000	0.000
119	  R	  0.4	  0.4	0.000	0.000	0.000
120	  K	  0.3	  0.3	0.000	0.000	0.000
121	  P	  0.1	  0.3	0.000	0.000	0.000
122	  T	  0.8	  0.4	0.000	0.000	0.000
123	  N	  0.9	  1.9	0.000	0.000	0.000
124	  S	  0.9	  3.5	0.000	0.000	0.000
125	  S	  0.2	  4.0	0.000	0.000	0.000
126	  D	  0.1	  4.1	0.000	0.000	0.000
127	  S	  1.3	  2.7	0.000	0.000	0.000
128	  H	  1.6	  0.9	0.000	0.000	0.000
129	  S	  5.0	  0.6	0.000	0.000	0.000
130	  I	  4.8	  0.5	0.000	0.000	0.000
131	  N	  4.6	  1.5	0.000	0.000	0.000
132	  S	  1.3	  1.6	0.194	0.000	0.000
133	  S	  0.8	  1.4	0.194	0.000	0.000
134	  K	  0.9	  1.5	0.194	0.000	0.000
135	  T	  1.5	  0.3	0.194	0.000	0.000
136	  N	  1.0	  0.8	0.194	0.000	0.000
137	  S	  0.9	  0.7	0.194	0.000	0.000
138	  S	  0.7	  0.7	0.000	0.000	0.000
139	  L	  2.2	  0.6	0.000	0.000	0.000
140	  K	  2.9	  0.1	0.000	0.000	0.000
141	  I	  3.0	  0.0	0.000	0.000	0.000
142	  S	  1.6	  0.2	0.000	0.000	0.000
143	  S	  2.9	  0.4	0.000	0.000	0.000
144	  T	  2.8	  0.4	0.000	0.000	0.000
145	  S	  2.7	  0.5	0.000	0.000	0.000
146	  R	  0.9	  0.4	0.000	0.000	0.000
147	  T	  1.2	  0.2	0.000	0.000	0.000
148	  S	  3.0	  0.4	0.000	0.000	0.000
149	  T	  4.0	  0.4	0.000	0.000	0.000
150	  S	  3.4	  0.5	0.000	0.000	0.000
151	  K	  1.4	  0.4	0.000	0.000	0.000
152	  K	  0.3	  0.2	0.000	0.000	0.000
153	  H	  3.1	  0.3	0.000	0.000	0.000
154	  Y	  6.4	  0.2	0.000	0.000	0.000
155	  N	  8.7	  0.1	0.000	0.000	0.000
156	  Y	  7.0	  0.3	0.000	0.000	0.000
157	  E	  3.8	  0.3	0.000	0.000	0.000
158	  S	  1.2	  0.3	0.000	0.000	0.000
159	  N	  0.4	  0.3	0.000	0.000	0.000
160	  T	  1.2	  0.1	0.000	0.000	0.000
161	  T	  3.1	  0.2	0.478	0.000	0.000
162	  M	  2.8	  0.2	0.478	0.000	0.000
163	  N	  2.0	  0.1	1.206	0.000	0.000
164	  E	  0.3	  0.1	1.206	0.000	0.000
165	  I	  1.6	  0.0	1.206	0.000	0.000
166	  L	  2.1	  0.0	1.206	0.000	0.000
167	  S	  2.0	  0.0	1.206	0.000	0.000
168	  K	  0.6	  0.2	1.076	0.000	0.000
169	  P	  0.1	  0.2	0.000	0.000	0.000
170	  K	  1.0	  0.2	0.000	0.000	0.000
171	  L	  1.1	  0.2	0.000	0.000	0.000
172	  K	  1.2	  0.1	0.000	0.000	0.000
173	  K	  0.2	  0.2	0.000	0.000	0.000
174	  K	  0.3	  0.2	0.000	0.000	0.000
175	  S	  2.1	  0.2	0.174	0.000	0.000
176	  L	  2.6	  0.2	0.174	0.000	0.000
177	  R	  3.2	  0.1	0.174	0.000	0.000
178	  S	  2.2	  0.1	0.174	0.000	0.000
179	  V	  2.8	  0.1	0.174	0.000	0.000
180	  F	  2.5	  0.6	0.174	0.000	0.000
181	  K	  1.7	  0.6	0.000	0.000	0.000
182	  N	  0.8	  0.8	0.000	0.000	0.000
183	  L	  2.0	  0.8	0.000	0.000	0.000
184	  S	  4.7	  1.1	0.000	0.000	0.000
185	  L	  4.6	  1.2	0.000	0.000	0.000
186	  N	  3.0	  1.0	0.000	0.000	0.000
187	  N	  0.2	  1.1	0.315	0.000	0.000
188	  E	  0.1	  0.2	0.315	0.000	0.000
189	  K	  0.2	  0.4	0.315	0.000	0.000
190	  E	  0.2	  0.4	0.315	0.000	0.000
191	  N	  0.1	  1.1	0.315	0.000	0.000
192	  S	  0.1	  1.2	0.315	0.000	0.000
193	  G	  0.1	  1.0	0.107	0.000	0.000
194	  H	  0.3	  1.5	0.000	0.000	0.000
195	  K	  0.3	  0.9	0.000	0.000	0.000
196	  D	  0.2	  1.3	0.000	0.000	0.000
197	  H	  0.1	  1.3	0.000	0.000	0.000
198	  G	  0.2	  0.8	0.000	0.000	0.000
199	  Y	  3.8	  0.7	0.000	0.000	0.000
200	  D	  3.8	  0.1	0.000	0.000	0.000
201	  Y	  3.7	  0.4	0.000	0.000	0.000
202	  P	  0.0	  0.4	0.000	0.000	0.000
203	  T	  0.0	  0.7	0.000	0.000	0.000
204	  D	  0.0	  3.7	0.000	0.000	0.000
205	  D	  0.0	  6.3	0.000	0.000	0.000
206	  D	  0.0	  8.8	0.000	0.000	0.000
207	  D	  0.0	  9.2	0.000	0.000	0.000
208	  N	  0.0	  6.2	0.000	0.000	0.000
209	  D	  0.0	  3.3	0.000	0.000	0.000
210	  T	  1.4	  0.9	0.000	0.000	0.000
211	  L	  1.4	  0.4	0.000	0.000	0.000
212	  D	  1.4	  0.9	0.000	0.000	0.000
213	  N	  0.1	  2.0	0.000	0.000	0.000
214	  S	  0.0	  1.9	0.000	0.000	0.000
215	  D	  0.2	  2.8	0.714	0.000	0.000
216	  L	  0.4	  2.2	0.714	0.000	0.000
217	  N	  1.6	  1.0	0.714	0.000	0.000
218	  T	  4.0	  1.0	0.714	0.000	0.000
219	  I	  4.7	  0.0	0.714	0.000	0.000
220	  Y	  3.7	  0.3	0.714	0.000	0.000
221	  S	  1.3	  0.3	0.160	0.000	0.000
222	  D	  0.2	  4.1	0.000	0.000	0.000
223	  A	  0.0	  4.1	0.000	0.000	0.000
224	  N	  0.3	  3.8	0.111	0.000	0.000
225	  S	  0.6	  3.8	0.242	0.000	0.000
226	  I	  1.6	  0.0	0.242	0.000	0.000
227	  F	  2.9	  0.1	0.242	0.000	0.000
228	  S	  3.1	  0.1	0.242	0.000	0.000
229	  R	  2.3	  0.2	0.242	0.000	0.000
230	  R	  1.1	  0.2	0.130	0.000	0.000
231	  K	  0.6	  0.1	0.000	0.000	0.000
232	  T	  0.5	  0.0	0.000	0.000	0.000
233	  P	  0.1	  0.0	0.000	0.000	0.000
234	  V	  3.5	  0.0	0.000	0.000	0.000
235	  A	  3.6	  0.0	0.000	0.000	0.000
236	  L	  3.6	  0.0	0.000	0.000	0.000
237	  K	  0.2	  0.0	0.000	0.000	0.000
