res	aa	Beta	Turn	Helix	Aggregation	Conc-Stab_Aggregation
01	  M	  0.3	  0.0	0.000	0.000	0.000
02	  L	  0.9	  0.0	0.000	0.000	0.000
03	  A	  0.9	  0.0	0.000	0.000	0.000
04	  L	  0.7	  0.4	0.000	0.000	0.000
05	  P	  0.0	  0.4	0.000	0.000	0.000
06	  S	  2.3	  3.2	0.000	0.000	0.000
07	  K	  2.3	  3.5	0.000	0.000	0.000
08	  S	  2.4	  3.3	0.000	0.000	0.000
09	  G	  0.1	  3.3	0.000	0.000	0.000
10	  K	  0.1	  0.8	0.000	0.000	0.000
11	  E	  0.1	  0.5	0.000	0.000	0.000
12	  N	  0.2	  0.4	0.318	0.000	0.000
13	  S	  0.3	  0.3	0.318	0.000	0.000
14	  T	  2.6	  0.1	0.523	0.000	0.000
15	  L	  3.0	  0.2	0.523	0.000	0.000
16	  R	  3.5	  0.1	0.523	0.000	0.000
17	  S	  1.8	  0.1	0.523	0.000	0.000
18	  I	  1.6	  0.1	0.334	0.000	0.000
19	  L	  0.9	  0.6	0.334	0.000	0.000
20	  P	  0.3	  0.7	0.000	0.000	0.000
21	  G	  0.1	  0.9	0.000	0.000	0.000
22	  L	  0.2	  0.9	0.000	0.000	0.000
23	  N	  0.2	  0.3	0.000	0.000	0.000
24	  N	  0.1	  1.4	0.000	0.000	0.000
25	  A	  0.0	  1.6	0.000	0.000	0.000
26	  G	  0.0	  1.6	0.000	0.000	0.000
27	  S	  0.4	  1.5	0.000	0.000	0.000
28	  K	  1.3	  0.4	0.000	0.000	0.000
29	  V	  2.2	  0.1	0.000	76.087	76.087
30	  F	  2.1	  0.3	0.000	82.346	82.346
31	  G	  1.1	  0.2	0.108	83.435	83.435
32	  L	  1.0	  0.2	0.108	95.026	95.026
33	  L	  1.6	  0.2	0.108	97.035	97.035
34	  V	  2.3	  0.1	0.108	97.076	97.076
35	  A	  1.6	  0.1	0.108	93.155	93.155
36	  N	  3.1	  0.1	0.256	89.794	89.794
37	  I	 12.3	  0.1	0.148	89.694	89.694
38	  T	 12.7	  0.0	0.148	87.837	87.837
39	  L	 12.7	  0.0	0.148	86.714	86.714
40	  I	  3.2	  0.0	0.148	80.249	80.249
41	  L	  2.6	  0.3	0.148	5.843	5.843
42	  P	  0.3	  0.5	0.000	3.109	3.109
43	  L	  0.0	  1.1	0.000	0.000	0.000
44	  G	  0.0	  1.1	0.000	0.000	0.000
45	  S	  0.0	  0.8	0.000	0.000	0.000
46	  N	  0.0	  5.3	0.000	0.000	0.000
47	  P	  0.0	  5.1	0.000	0.000	0.000
48	  S	  0.0	  5.1	0.000	0.000	0.000
49	  N	  0.6	  5.1	0.000	0.000	0.000
50	  C	  2.3	  0.5	0.000	0.000	0.000
51	  V	  7.7	  0.0	0.000	0.118	0.118
52	  I	  8.2	  0.0	0.000	0.118	0.118
53	  N	  6.6	  1.0	0.000	0.118	0.118
54	  S	  1.1	  1.0	0.000	0.118	0.118
55	  N	  0.3	  0.9	0.000	0.118	0.118
56	  M	  2.6	  0.9	0.000	1.167	1.167
57	  V	  4.7	  0.0	0.000	1.525	1.525
58	  L	  4.6	  0.0	0.000	1.525	1.525
59	  C	  3.6	  0.1	0.000	1.407	1.407
60	  T	  1.9	  0.1	0.000	1.407	1.407
61	  S	 11.1	  0.1	0.000	0.798	0.798
62	  L	  9.9	  0.1	0.000	0.798	0.798
63	  S	  9.4	  0.0	0.000	0.000	0.000
64	  P	  0.0	  0.0	0.000	0.000	0.000
65	  P	  0.0	  0.0	0.000	0.000	0.000
66	  A	  0.0	  0.4	0.000	0.000	0.000
67	  P	  0.0	  0.6	0.000	0.000	0.000
68	  S	  0.1	  2.3	0.000	0.000	0.000
69	  S	  0.2	  2.6	0.000	0.000	0.000
70	  N	  0.2	  2.2	0.000	0.000	0.000
71	  S	  0.2	  2.0	0.000	0.000	0.000
72	  A	  0.1	  0.3	0.000	0.000	0.000
73	  P	  0.0	  0.1	0.000	0.000	0.000
74	  P	  0.0	  0.1	0.000	0.000	0.000
75	  M	  0.2	  0.2	0.000	0.000	0.000
76	  A	  0.3	  0.3	0.000	0.000	0.000
77	  S	  2.3	  0.4	0.000	0.000	0.000
78	  T	  3.4	  0.5	0.000	0.000	0.000
79	  S	  3.4	  0.5	0.000	0.000	0.000
80	  S	  2.0	  1.7	0.000	0.000	0.000
81	  K	  1.0	  1.5	0.000	0.000	0.000
82	  N	  3.5	  1.4	0.122	0.862	0.862
83	  I	  3.9	  1.3	0.122	22.236	22.236
84	  I	  4.5	  0.0	0.122	26.638	26.638
85	  H	  2.3	  0.0	0.122	27.020	27.020
86	  A	  1.6	  0.0	0.122	60.112	60.112
87	  F	  1.7	  0.0	0.122	96.116	96.116
88	  L	  3.3	  0.0	0.000	98.906	98.906
89	  V	  4.1	  0.0	0.000	98.933	98.933
90	  L	  3.4	  0.0	0.000	98.574	98.574
91	  A	  1.8	  0.0	0.000	93.932	93.932
92	  I	  0.8	  0.1	0.000	87.426	87.426
93	  S	  0.4	  0.5	0.000	10.135	10.135
94	  N	  0.1	  0.8	0.000	0.399	0.399
95	  N	  0.2	  0.9	0.156	0.006	0.006
96	  S	  0.4	  0.8	0.156	0.000	0.000
97	  R	  1.1	  0.4	0.156	0.000	0.000
98	  T	 14.2	  0.1	0.156	0.000	0.000
99	  I	 17.0	  0.1	0.156	0.000	0.000
100	  S	 16.5	  0.0	0.156	0.000	0.000
101	  A	  3.8	  0.0	0.000	0.000	0.000
102	  P	  0.1	  0.0	0.000	0.000	0.000
103	  S	  0.0	  0.4	0.000	0.000	0.000
104	  P	  0.0	  0.4	0.000	0.000	0.000
105	  T	  6.7	  0.4	0.000	0.199	0.199
106	  Y	 11.1	  0.4	0.000	0.199	0.199
107	  F	 12.1	  0.0	0.000	0.199	0.199
108	  C	  6.8	  0.1	0.000	0.199	0.199
109	  T	  2.7	  0.2	0.000	0.199	0.199
110	  N	  1.6	  0.2	0.000	0.000	0.000
111	  S	  0.8	  0.2	0.000	0.000	0.000
112	  D	  0.0	  0.2	0.372	0.000	0.000
113	  P	  0.0	  0.2	0.372	0.000	0.000
114	  M	  0.1	  0.2	0.372	0.000	0.000
115	  T	  0.9	  0.2	0.372	0.000	0.000
116	  R	 15.1	  0.0	0.372	0.000	0.000
117	  I	 22.4	  0.0	0.372	0.771	0.771
118	  N	 22.0	  0.0	0.568	0.771	0.771
119	  V	 10.4	  0.0	0.306	5.036	5.036
120	  A	  2.1	  0.0	0.306	5.250	5.250
121	  S	 10.5	  0.1	0.195	5.504	5.504
122	  V	 12.7	  0.1	0.195	7.942	7.942
123	  S	 12.5	  0.1	7.580	7.788	7.788
124	  L	  4.2	  0.1	7.384	9.025	9.025
125	  A	  0.3	  0.0	7.474	8.458	8.458
126	  T	  0.5	  0.0	7.754	7.980	7.980
127	  A	  0.5	  0.0	7.754	7.468	7.468
128	  L	  0.5	  0.0	7.754	7.034	7.034
129	  A	  0.2	  0.0	6.563	3.285	3.285
130	  H	  0.8	  0.0	5.613	0.000	0.000
131	  N	  6.8	  0.0	2.559	0.000	0.000
132	  V	  7.1	  0.0	1.095	0.000	0.000
133	  F	  6.5	  0.0	1.095	0.000	0.000
134	  P	  0.3	  0.0	0.000	0.000	0.000
135	  V	  0.0	  0.5	0.000	0.000	0.000
136	  P	  0.0	  0.5	0.000	0.000	0.000
137	  G	  0.0	  0.6	0.000	0.000	0.000
138	  G	  0.0	  0.9	0.000	0.000	0.000
139	  P	  0.0	  0.5	0.000	0.000	0.000
140	  Y	  0.5	  0.6	0.000	0.000	0.000
141	  N	  0.8	  0.5	0.000	0.000	0.000
142	  N	  1.0	  0.2	0.000	0.000	0.000
143	  I	  0.5	  0.3	0.000	0.000	0.000
144	  P	  0.2	  0.2	0.000	0.000	0.000
145	  L	  0.0	  0.6	0.000	0.000	0.000
146	  G	  0.0	  0.7	0.000	0.000	0.000
147	  G	  0.1	  0.5	0.000	0.000	0.000
148	  S	  0.2	  0.5	0.000	0.000	0.000
149	  I	  0.2	  0.6	0.000	0.000	0.000
150	  P	  0.1	  0.4	0.000	0.000	0.000
151	  N	  0.3	  0.4	0.000	0.000	0.000
152	  L	  0.6	  0.5	0.000	0.000	0.000
153	  T	  0.8	  0.1	0.000	0.000	0.000
154	  N	  0.7	  1.7	0.000	0.000	0.000
155	  L	  0.6	  1.8	0.000	0.000	0.000
156	  S	  0.4	  1.9	0.000	0.000	0.000
157	  G	  0.2	  2.0	0.000	0.000	0.000
158	  L	  0.2	  0.6	0.000	0.000	0.000
159	  N	  0.2	  1.0	0.000	0.000	0.000
160	  N	  0.1	  2.2	0.000	0.000	0.000
161	  G	  0.0	  2.1	0.000	0.000	0.000
162	  N	  0.1	  2.0	0.000	0.000	0.000
163	  S	  0.8	  1.6	0.000	0.000	0.000
164	  T	  3.4	  0.2	0.000	0.000	0.000
165	  T	  3.8	  0.2	0.000	0.000	0.000
166	  S	  5.8	  0.9	0.000	0.000	0.000
167	  L	  4.8	  0.8	0.000	0.244	0.244
168	  N	  5.3	  0.8	0.000	0.244	0.244
169	  F	  5.8	  0.7	0.000	0.404	0.404
170	  S	  4.6	  0.0	0.125	0.404	0.404
171	  I	  4.1	  0.0	0.125	0.404	0.404
172	  C	  2.4	  0.1	0.125	0.160	0.160
173	  S	  2.9	  0.1	0.125	0.160	0.160
174	  L	  2.4	  0.1	0.125	0.160	0.160
175	  H	  1.0	  0.1	0.125	0.000	0.000
176	  P	  0.0	  0.3	0.000	0.000	0.000
177	  P	  0.0	  0.4	0.000	0.000	0.000
178	  T	  1.3	  0.5	0.000	0.000	0.000
179	  S	  1.6	  0.5	0.000	0.000	0.000
180	  S	  2.4	  0.2	0.000	0.179	0.179
181	  Y	  2.0	  0.2	0.000	2.112	2.112
182	  V	  4.3	  0.1	0.000	2.515	2.515
183	  T	  3.5	  0.3	0.000	2.515	2.515
184	  S	  2.7	  0.3	0.000	2.515	2.515
185	  G	  0.1	  0.3	0.000	2.962	2.962
186	  F	  1.4	  0.4	0.000	9.028	9.028
187	  S	  1.7	  0.2	0.000	9.230	9.230
188	  S	  2.0	  0.2	0.000	12.665	12.665
189	  T	  3.8	  0.2	0.000	37.154	37.154
190	  V	 11.0	  0.1	0.000	52.437	52.437
191	  I	 13.9	  0.0	0.000	52.437	52.437
192	  M	 11.3	  0.0	0.000	51.797	51.797
193	  V	  5.3	  0.1	0.000	50.637	50.637
194	  T	  1.8	  0.5	0.000	28.572	28.572
195	  D	  1.3	  0.5	0.000	0.000	0.000
196	  G	  0.0	  0.5	0.000	0.000	0.000
197	  S	  0.3	  0.4	0.000	0.000	0.000
198	  I	  1.4	  0.1	0.000	0.000	0.000
199	  L	  1.4	  0.4	0.000	0.000	0.000
200	  G	  1.1	  2.2	0.000	0.000	0.000
201	  G	  0.0	  2.6	0.000	0.000	0.000
202	  N	  0.0	  2.6	0.000	0.000	0.000
203	  G	  0.0	  2.2	0.000	0.000	0.000
204	  N	  0.0	  0.3	0.000	0.000	0.000
