res	aa	Beta	Turn	Helix	Aggregation	Conc-Stab_Aggregation
01	  M	  1.0	  0.0	0.000	0.000	0.000
02	  K	  1.2	  0.0	0.000	0.000	0.000
03	  F	  2.0	  0.0	0.000	0.000	0.000
04	  L	  1.3	  0.2	0.000	0.000	0.000
05	  Q	  2.4	  0.2	0.000	0.000	0.000
06	  S	  1.8	  0.2	0.000	0.000	0.000
07	  F	  1.6	  0.2	0.000	0.000	0.000
08	  P	  0.3	  0.0	0.103	1.130	1.130
09	  V	  7.0	  0.0	0.103	91.668	91.668
10	  I	  7.7	  0.0	0.103	99.080	99.080
11	  L	  8.0	  0.0	0.103	99.655	99.655
12	  A	  1.5	  0.0	0.103	99.753	99.753
13	  V	  4.9	  0.0	0.103	99.845	99.845
14	  F	 10.6	  0.0	0.103	99.078	99.078
15	  S	 10.7	  0.0	0.101	88.258	88.258
16	  F	  7.4	  0.0	0.101	86.896	86.896
17	  A	  1.2	  0.3	0.101	69.213	69.213
18	  A	  0.7	  0.3	0.101	54.203	54.203
19	  N	  0.3	  0.3	0.101	41.476	41.476
20	  L	  1.0	  0.3	0.101	40.962	40.962
21	  V	  2.3	  0.1	0.000	38.000	38.000
22	  S	  2.1	  0.1	0.155	2.135	2.135
23	  S	  1.6	  0.2	0.155	0.239	0.239
24	  K	  0.8	  0.2	0.155	0.001	0.001
25	  L	  1.8	  0.1	0.155	0.001	0.001
26	  V	  4.9	  0.1	0.155	0.001	0.001
27	  Y	  8.3	  0.0	0.155	0.001	0.001
28	  E	  7.9	  0.0	0.000	0.001	0.001
29	  Y	  5.1	  0.0	0.000	0.001	0.001
30	  E	  1.2	  0.0	0.000	0.000	0.000
31	  T	  0.4	  0.0	0.000	0.000	0.000
32	  K	  0.0	  0.0	0.000	0.000	0.000
33	  Y	  0.0	  0.0	0.000	0.000	0.000
34	  V	  0.0	  0.0	-1.#IO	0.000	0.000
35	  T	  0.0	  0.0	-1.#IO	0.000	0.000
36	  V	  0.0	  0.0	-1.#IO	0.000	0.000
37	  E	  0.0	  0.0	-1.#IO	0.000	0.000
38	  I	  0.0	  0.0	-1.#IO	0.000	0.000
39	  V	  0.0	  0.0	-1.#IO	0.000	0.000
40	  T	  0.0	  0.0	-1.#IO	0.000	0.000
41	  I	  0.0	  0.0	-1.#IO	0.000	0.000
42	  V	  0.0	  0.0	-1.#IO	0.000	0.000
43	  S	  0.0	  0.0	-1.#IO	0.000	0.000
44	  G	  0.0	  0.0	-1.#IO	0.000	0.000
45	  E	  0.0	  0.0	-1.#IO	0.000	0.000
46	  T	  0.0	  0.0	-1.#IO	0.000	0.000
47	  T	  0.0	  0.0	0.000	0.000	0.000
48	  Y	  0.0	  0.0	0.000	0.000	0.000
49	  T	  0.2	  0.0	0.124	0.000	0.000
50	  T	  0.4	  0.1	0.124	0.000	0.000
51	  E	  0.4	  0.1	0.124	0.000	0.000
52	  R	  0.5	  0.1	0.124	0.000	0.000
53	  L	  0.4	  0.2	0.124	0.000	0.000
54	  E	  0.5	  0.2	0.124	0.000	0.000
55	  T	  0.2	  0.2	0.000	0.000	0.000
56	  N	  0.1	  0.4	0.000	0.000	0.000
57	  G	  0.0	  0.6	0.000	0.000	0.000
58	  P	  0.0	  0.5	0.000	0.000	0.000
59	  T	  0.8	  0.6	0.000	0.000	0.000
60	  S	  1.4	  0.5	0.000	0.140	0.140
61	  T	  2.9	  0.1	0.000	1.258	1.258
62	  T	  3.5	  0.1	0.000	3.373	3.373
63	  T	  3.7	  0.1	0.000	3.800	3.800
64	  T	  6.9	  0.0	0.000	4.133	4.133
65	  I	 17.5	  0.0	0.000	4.133	4.133
66	  V	 17.1	  0.0	0.000	4.133	4.133
67	  I	 12.8	  0.2	0.000	1.016	1.016
68	  P	  0.5	  0.3	0.000	0.655	0.655
69	  S	  0.3	  0.3	0.000	0.000	0.000
70	  S	  0.3	  0.3	0.000	0.000	0.000
71	  K	  0.3	  0.5	0.000	0.000	0.000
72	  P	  0.1	  0.4	0.000	0.000	0.000
73	  S	  0.0	  0.4	0.000	0.000	0.000
74	  S	  0.0	  0.7	0.000	0.000	0.000
75	  P	  0.0	  0.5	0.000	0.000	0.000
76	  E	  0.9	  0.5	0.000	0.000	0.000
77	  S	  0.9	  0.5	0.000	0.000	0.000
78	  K	  1.0	  0.3	0.000	0.000	0.000
79	  P	  0.1	  0.3	0.000	0.000	0.000
80	  K	  0.0	  0.8	0.000	0.000	0.000
81	  S	  0.1	  1.3	0.000	0.000	0.000
82	  D	  0.2	  1.2	0.000	0.000	0.000
83	  S	  0.3	  1.0	0.000	0.000	0.000
84	  Q	  0.2	  0.5	0.000	0.000	0.000
85	  P	  0.1	  0.0	0.000	0.000	0.000
86	  M	  0.3	  0.0	0.000	0.000	0.000
87	  F	  3.0	  0.0	0.000	0.000	0.000
88	  Q	  3.1	  0.0	0.000	0.000	0.000
89	  S	  2.8	  0.0	0.000	0.000	0.000
90	  P	  0.1	  0.0	0.000	0.000	0.000
91	  S	  0.1	  0.0	0.000	0.000	0.000
92	  P	  0.0	  0.0	0.000	0.000	0.000
93	  V	  3.9	  0.0	0.000	0.000	0.000
94	  Q	  7.0	  0.0	0.000	0.000	0.000
95	  I	  7.7	  0.0	0.000	0.000	0.000
96	  T	  4.1	  0.3	0.000	0.000	0.000
97	  P	  0.8	  0.4	0.000	0.000	0.000
98	  S	  0.7	  0.4	0.000	0.000	0.000
99	  T	  3.4	  0.4	0.000	0.000	0.000
100	  T	  3.8	  0.1	0.000	0.000	0.000
101	  S	  6.7	  0.5	0.000	0.000	0.000
102	  I	  4.1	  0.5	0.000	0.000	0.000
103	  N	  3.7	  0.4	0.000	0.000	0.000
104	  N	  0.2	  0.4	0.000	0.000	0.000
105	  A	  0.0	  0.0	0.000	0.000	0.000
106	  P	  0.0	  0.0	0.000	0.000	0.000
107	  S	  0.0	  0.5	0.000	0.000	0.000
108	  P	  0.0	  0.5	0.000	0.000	0.000
109	  T	  0.2	  0.5	0.000	0.000	0.000
110	  K	  0.2	  0.6	0.000	0.000	0.000
111	  P	  0.2	  0.2	0.000	0.000	0.000
112	  E	  0.1	  0.2	0.000	0.000	0.000
113	  T	  2.0	  0.2	0.000	0.000	0.000
114	  T	 12.4	  0.1	0.000	0.000	0.000
115	  V	 15.0	  0.0	0.000	0.000	0.000
116	  T	 17.4	  0.0	0.000	0.000	0.000
117	  A	  7.3	  0.0	0.000	0.000	0.000
118	  S	  4.5	  0.1	0.172	0.000	0.000
119	  P	  0.0	  0.1	0.172	0.229	0.229
120	  A	  1.0	  0.1	0.172	18.815	18.815
121	  V	  5.1	  0.1	0.172	40.739	40.739
122	  I	  5.6	  0.0	0.172	42.526	42.526
123	  A	  4.7	  0.0	0.172	42.670	42.670
124	  H	  1.2	  0.1	0.172	42.839	42.839
125	  T	  1.5	  0.1	0.000	59.021	59.021
126	  S	  2.1	  0.1	0.000	83.850	83.850
127	  V	  7.2	  0.1	0.000	85.353	85.353
128	  F	  8.4	  0.0	0.000	85.410	85.410
129	  V	 12.0	  0.0	0.000	85.158	85.158
130	  V	  7.1	  0.0	0.000	80.727	80.727
131	  T	  4.9	  0.8	0.000	2.100	2.100
132	  P	  0.5	  0.9	0.000	0.998	0.998
133	  N	  0.1	  0.9	0.000	0.000	0.000
134	  S	  0.2	  0.9	0.000	0.000	0.000
135	  A	  0.2	  0.2	0.000	0.000	0.000
136	  P	  0.1	  0.2	0.000	0.000	0.000
137	  T	  2.9	  0.3	0.000	0.000	0.000
138	  T	  4.3	  0.4	0.000	0.000	0.000
139	  S	  5.8	  0.2	0.000	0.000	0.000
140	  S	  3.0	  0.2	0.000	0.000	0.000
141	  S	  1.6	  0.1	0.000	0.000	0.000
142	  P	  0.0	  0.8	0.000	0.000	0.000
143	  P	  0.0	  0.8	0.000	0.000	0.000
144	  N	  2.0	  0.8	0.000	0.000	0.000
145	  I	  5.3	  0.8	0.000	0.000	0.000
146	  V	  6.6	  0.0	0.000	0.000	0.000
147	  Q	  4.9	  0.0	0.000	0.000	0.000
148	  Q	  2.5	  0.0	0.000	0.000	0.000
149	  V	  3.2	  0.0	0.000	0.000	0.000
150	  K	  3.1	  0.0	0.000	0.000	0.000
151	  A	  2.3	  0.0	0.000	0.000	0.000
152	  A	  1.0	  0.0	0.000	0.000	0.000
153	  I	  1.6	  0.0	0.000	0.000	0.000
154	  T	  1.5	  0.5	0.000	0.000	0.000
155	  P	  0.8	  0.5	0.000	0.000	0.000
156	  S	  0.1	  0.5	0.000	0.000	0.000
157	  A	  0.1	  0.5	0.000	0.000	0.000
158	  P	  0.1	  0.0	0.000	0.000	0.000
159	  K	  0.0	  0.0	0.000	0.000	0.000
160	  P	  0.0	  0.0	0.000	0.000	0.000
161	  Q	  0.0	  0.0	0.000	0.000	0.000
162	  P	  0.0	  0.0	0.000	0.000	0.000
163	  Q	  0.0	  0.0	0.000	0.000	0.000
164	  P	  0.0	  0.0	0.000	0.000	0.000
165	  Q	  0.0	  0.2	0.000	0.000	0.000
166	  P	  0.0	  0.2	0.000	0.000	0.000
167	  Q	  0.0	  0.5	0.000	0.000	0.000
168	  E	  0.1	  0.5	0.000	0.000	0.000
169	  N	  0.1	  1.4	0.000	0.000	0.000
170	  N	  0.1	  1.6	0.000	0.000	0.000
171	  S	  0.1	  2.0	0.000	0.000	0.000
172	  G	  0.1	  2.1	0.000	0.000	0.000
173	  T	  0.2	  1.2	0.000	0.000	0.000
174	  N	  0.1	  2.5	0.000	0.000	0.000
175	  D	  0.1	  2.9	0.000	0.000	0.000
176	  D	  0.1	  2.8	0.098	0.000	0.000
177	  S	  0.2	  2.8	0.227	0.000	0.000
178	  Q	  0.7	  1.1	0.227	0.000	0.000
179	  L	  0.9	  0.3	0.227	0.000	0.000
180	  S	  1.0	  0.2	0.593	0.000	0.000
181	  S	 20.6	  0.3	0.676	0.000	0.000
182	  F	 21.7	  0.4	0.577	0.000	0.000
183	  S	 21.6	  0.2	1.627	0.000	0.000
184	  R	  2.7	  0.2	1.627	0.000	0.000
185	  Q	  1.8	  0.1	1.627	0.000	0.000
186	  I	  2.2	  0.0	1.518	0.000	0.000
187	  L	  1.5	  0.0	1.518	0.000	0.000
188	  E	  1.3	  0.0	1.518	0.000	0.000
189	  A	  0.7	  0.1	1.357	0.000	0.000
190	  H	  1.5	  0.1	0.653	0.000	0.000
191	  N	  2.9	  0.0	0.306	0.000	0.000
192	  I	  4.9	  0.1	0.218	0.000	0.000
193	  K	  4.1	  0.0	0.218	0.000	0.000
194	  R	  2.4	  0.2	0.218	0.000	0.000
195	  A	  0.7	  0.4	0.218	0.000	0.000
196	  S	  0.6	  0.8	0.218	0.000	0.000
197	  H	  0.6	  0.8	0.000	0.000	0.000
198	  G	  0.4	  0.7	0.000	0.000	0.000
199	  V	  0.4	  0.5	0.000	0.000	0.000
200	  N	  0.3	  0.2	0.417	0.000	0.000
201	  P	  0.2	  0.2	0.417	0.000	0.000
202	  L	  2.8	  0.2	0.417	0.000	0.000
203	  T	 25.4	  0.2	0.417	0.000	0.000
204	  W	 25.6	  0.2	0.417	0.000	0.000
205	  S	 23.0	  0.2	0.597	0.000	0.000
206	  N	  0.2	  0.2	0.469	0.000	0.000
207	  E	  0.1	  0.2	0.469	0.000	0.000
208	  L	  0.5	  0.2	0.469	0.362	0.362
209	  Y	  3.9	  0.2	0.469	0.362	0.362
210	  N	  3.9	  0.1	0.945	0.362	0.362
211	  Y	  3.7	  0.4	0.859	0.362	0.362
212	  A	  0.4	  0.3	0.581	0.362	0.362
213	  N	  0.4	  0.3	0.581	0.000	0.000
214	  K	  2.0	  0.3	0.475	0.000	0.000
215	  V	  4.0	  0.0	0.475	0.000	0.000
216	  A	  4.0	  0.1	0.475	0.000	0.000
217	  S	  2.3	  0.1	0.265	0.000	0.000
218	  S	  7.4	  0.8	0.103	0.000	0.000
219	  Y	 11.9	  0.8	0.000	0.000	0.000
220	  D	 11.9	  2.0	0.000	0.000	0.000
221	  C	  5.6	  2.2	0.000	0.000	0.000
222	  S	  0.7	  3.4	0.098	0.000	0.000
223	  G	  0.3	  3.4	0.098	0.000	0.000
224	  N	  0.6	  2.1	0.098	0.000	0.000
225	  L	  1.3	  1.9	0.098	0.000	0.000
226	  R	  2.0	  0.1	0.098	0.000	0.000
227	  H	  2.0	  0.3	0.098	0.000	0.000
228	  T	  1.4	  0.3	0.000	0.000	0.000
229	  S	  0.7	  0.5	0.000	0.000	0.000
230	  G	  0.1	  1.2	0.000	0.000	0.000
231	  P	  0.0	  1.1	0.000	0.000	0.000
232	  Y	  0.1	  1.7	0.000	0.000	0.000
233	  G	  0.1	  1.9	0.872	0.000	0.000
234	  E	  0.1	  1.2	0.872	0.000	0.000
235	  N	  0.0	  1.0	1.570	0.000	0.000
236	  L	  0.3	  0.5	1.570	0.230	0.230
237	  A	  0.4	  0.1	1.570	0.230	0.230
238	  L	  0.4	  0.1	1.570	0.230	0.230
239	  G	  0.2	  0.1	1.342	0.230	0.230
240	  Y	  1.6	  0.4	0.886	0.230	0.230
241	  S	  1.6	  0.8	0.000	0.000	0.000
242	  S	  1.6	  1.4	0.000	0.000	0.000
243	  G	  0.1	  1.8	0.000	0.000	0.000
244	  A	  0.0	  1.4	0.000	0.000	0.000
245	  N	  0.1	  1.1	0.253	0.000	0.000
246	  A	  0.6	  0.5	0.253	1.314	1.314
247	  V	  2.6	  0.0	0.253	2.535	2.535
248	  S	  2.7	  0.0	0.253	2.535	2.535
249	  A	  2.4	  0.0	0.253	2.535	2.535
250	  W	  1.7	  0.0	0.253	2.535	2.535
251	  Y	  2.1	  0.2	0.134	2.252	2.252
252	  S	  1.9	  0.9	0.000	0.251	0.251
253	  E	  0.6	  0.9	0.000	0.000	0.000
254	  G	  0.1	  1.0	0.000	0.000	0.000
255	  F	  3.4	  0.8	0.000	0.000	0.000
256	  N	  3.5	  0.3	0.000	0.000	0.000
257	  F	  3.4	  1.2	0.000	0.000	0.000
258	  G	  0.1	  1.4	0.000	0.000	0.000
259	  G	  0.1	  2.2	0.000	0.000	0.000
260	  A	  0.0	  2.0	0.000	0.000	0.000
261	  G	  0.0	  1.2	0.000	0.000	0.000
262	  K	  0.7	  1.0	0.000	0.000	0.000
263	  L	  1.1	  0.2	0.000	0.000	0.000
264	  N	  1.6	  0.1	0.000	0.000	0.000
265	  H	  4.0	  0.0	0.000	0.000	0.000
266	  F	  7.4	  0.1	0.000	5.911	5.911
267	  T	  7.5	  0.0	0.000	6.282	6.282
268	  Q	  5.1	  0.0	0.000	6.282	6.282
269	  V	  4.1	  0.0	0.000	6.282	6.282
270	  V	  4.1	  0.0	0.000	6.282	6.282
271	  W	  4.0	  0.1	0.000	5.168	5.168
272	  K	  1.9	  0.1	0.000	0.000	0.000
273	  S	  1.8	  0.2	0.000	0.000	0.000
274	  T	  3.6	  0.2	0.000	0.000	0.000
275	  T	  3.9	  0.2	0.000	0.000	0.000
276	  Q	  3.3	  0.3	0.000	0.000	0.000
277	  L	  1.1	  0.5	0.000	0.000	0.000
278	  G	  0.3	  0.5	0.000	0.000	0.000
279	  C	  0.6	  0.5	0.000	0.000	0.000
280	  A	  0.8	  0.3	0.000	0.000	0.000
281	  Y	  1.0	  0.6	0.000	0.000	0.000
282	  K	  0.8	  0.6	0.000	0.000	0.000
283	  D	  1.3	  0.5	0.279	0.000	0.000
284	  C	  3.2	  0.5	0.408	0.000	0.000
285	  R	  3.2	  0.3	0.408	0.000	0.000
286	  A	  2.5	  0.7	0.408	0.000	0.000
287	  K	  0.1	  0.7	0.408	0.000	0.000
288	  G	  0.0	  0.8	0.687	3.456	3.456
289	  W	  0.1	  0.6	0.522	42.205	42.205
290	  G	  0.1	  0.2	1.483	48.658	48.658
291	  L	  0.7	  0.2	1.483	62.132	62.132
292	  Y	  2.0	  0.0	1.483	62.347	62.347
293	  I	  3.8	  0.0	1.483	62.347	62.347
294	  I	  3.3	  0.1	1.483	59.877	59.877
295	  C	  2.6	  0.1	1.483	26.223	26.223
296	  N	  1.7	  0.1	1.483	2.550	2.550
297	  Y	  5.2	  0.1	0.858	1.542	1.542
298	  Q	  4.7	  0.0	0.202	0.000	0.000
299	  K	  3.7	  0.6	0.000	0.000	0.000
300	  P	  0.0	  0.8	0.000	0.000	0.000
301	  G	  0.0	  0.8	0.000	0.000	0.000
302	  N	  2.6	  0.8	0.284	0.000	0.000
303	  I	  4.6	  0.3	0.589	0.000	0.000
304	  I	  4.6	  0.1	0.895	0.000	0.000
305	  G	  2.0	  0.1	3.525	0.000	0.000
306	  Q	  0.2	  0.2	3.525	0.000	0.000
307	  E	  0.2	  0.2	3.677	0.000	0.000
308	  L	  0.2	  0.3	3.677	0.000	0.000
309	  A	  0.3	  0.2	3.677	0.000	0.000
310	  N	  0.5	  0.2	3.677	0.000	0.000
311	  I	  0.7	  0.2	1.903	0.000	0.000
312	  L	  0.6	  0.0	1.903	0.000	0.000
313	  P	  0.3	  0.0	0.000	0.000	0.000
314	  L	  0.2	  0.0	0.000	0.000	0.000
315	  I	  1.7	  0.0	0.000	0.000	0.000
316	  R	  1.7	  0.0	0.000	0.000	0.000
317	  S	  1.5	  0.0	0.000	0.000	0.000
