res	aa	Beta	Turn	Helix	Aggregation	Conc-Stab_Aggregation
01	  M	  0.1	  0.6	0.000	0.000	0.000
02	  S	  0.1	  0.6	0.000	0.000	0.000
03	  D	  0.4	  0.6	0.000	0.000	0.000
04	  W	  0.9	  0.6	0.000	0.000	0.000
05	  I	  1.8	  0.0	0.000	0.000	0.000
06	  E	  1.5	  0.0	0.000	0.000	0.000
07	  T	  0.9	  0.0	0.000	0.000	0.000
08	  P	  0.0	  0.3	0.000	0.000	0.000
09	  P	  0.0	  0.6	0.000	0.000	0.000
10	  E	  0.0	  0.7	0.000	0.000	0.000
11	  N	  0.1	  0.7	0.420	0.000	0.000
12	  R	  2.4	  0.3	0.420	0.000	0.000
13	  I	  3.0	  0.0	0.420	0.000	0.000
14	  S	  3.3	  2.1	0.420	0.000	0.000
15	  K	  1.1	  2.1	0.420	0.000	0.000
16	  D	  0.5	  2.1	0.958	0.000	0.000
17	  A	  0.3	  2.0	0.695	0.000	0.000
18	  Q	  2.8	  0.0	0.695	0.000	0.000
19	  I	  3.3	  0.1	0.538	0.000	0.000
20	  E	  3.1	  0.1	0.538	0.000	0.000
21	  S	  2.6	  1.0	0.538	0.000	0.000
22	  L	  2.2	  1.1	0.391	0.000	0.000
23	  D	  2.2	  1.0	0.258	0.000	0.000
24	  N	  2.0	  1.0	0.258	3.433	3.433
25	  I	  9.2	  0.1	0.000	88.076	88.076
26	  V	 13.0	  0.0	0.000	90.032	90.032
27	  I	 12.2	  0.2	0.000	90.187	90.187
28	  S	  5.0	  0.2	0.000	90.187	90.187
29	  G	  1.0	  0.2	0.625	90.235	90.235
30	  Y	  0.7	  0.2	0.625	90.220	90.220
31	  V	 10.1	  0.0	0.625	90.019	90.019
32	  T	 14.8	  0.0	0.625	87.472	87.472
33	  I	 14.6	  0.0	0.625	85.938	85.938
34	  N	  5.6	  0.6	0.625	3.362	3.362
35	  R	  0.8	  0.6	0.210	0.000	0.000
36	  N	  2.3	  0.5	0.104	0.000	0.000
37	  V	  8.9	  0.5	0.000	0.000	0.000
38	  K	  9.3	  0.0	0.000	0.000	0.000
39	  I	 10.8	  0.0	0.000	0.000	0.000
40	  S	  8.2	  0.0	0.000	0.000	0.000
41	  L	  7.4	  0.0	0.000	0.000	0.000
42	  D	  4.3	  0.0	0.000	0.000	0.000
43	  P	  0.0	  0.0	0.000	0.000	0.000
44	  P	  0.0	  0.0	0.000	0.000	0.000
45	  T	  0.0	  0.5	0.000	0.000	0.000
46	  P	  0.0	  0.5	0.000	0.000	0.000
47	  S	  0.1	  0.5	0.000	0.000	0.000
48	  S	  0.1	  0.5	0.000	0.000	0.000
49	  P	  0.1	  0.0	0.000	0.000	0.000
50	  S	  0.1	  0.0	0.107	0.000	0.000
51	  P	  0.0	  0.0	0.107	0.000	0.000
52	  I	  1.4	  0.0	0.107	0.237	0.237
53	  L	  2.9	  0.0	0.107	0.237	0.237
54	  S	  3.1	  0.3	0.826	0.237	0.237
55	  I	  1.8	  1.1	0.826	0.237	0.237
56	  G	  0.2	  1.1	1.236	0.237	0.237
57	  K	  0.8	  1.1	1.129	0.000	0.000
58	  Y	  4.0	  0.8	1.129	0.000	0.000
59	  C	  5.3	  0.0	1.129	0.000	0.000
60	  Y	  5.5	  0.0	1.129	0.000	0.000
61	  I	  2.4	  0.0	0.958	0.000	0.000
62	  Y	  1.1	  1.5	0.958	0.000	0.000
63	  P	  0.1	  1.5	0.000	0.000	0.000
64	  D	  2.1	  1.5	0.000	0.000	0.000
65	  V	  9.9	  1.5	0.000	0.000	0.000
66	  E	 15.3	  0.0	0.000	0.000	0.000
67	  I	 14.0	  0.0	0.000	0.000	0.000
68	  T	  7.3	  0.3	0.000	0.000	0.000
69	  P	  0.7	  0.4	0.000	0.000	0.000
70	  S	  0.2	  0.4	0.115	0.000	0.000
71	  T	  0.4	  0.5	0.115	0.027	0.027
72	  E	  0.5	  0.2	0.115	0.073	0.073
73	  K	  0.6	  0.1	0.115	0.073	0.073
74	  M	  1.1	  0.1	0.115	79.082	79.082
75	  F	  1.4	  0.2	0.115	90.552	90.552
76	  I	  1.2	  2.9	0.000	92.659	92.659
77	  G	  0.5	  2.9	0.000	92.840	92.840
78	  S	  0.9	  2.9	0.000	94.712	94.712
79	  Y	  2.9	  2.7	0.000	96.084	96.084
80	  V	  9.5	  0.0	0.000	96.080	96.080
81	  I	 10.5	  0.0	0.000	95.495	95.495
82	  I	  8.5	  1.0	0.000	88.758	88.758
83	  G	  1.9	  1.1	0.000	9.503	9.503
84	  S	  0.9	  2.0	0.000	1.146	1.146
85	  S	  0.9	  2.0	0.117	0.058	0.058
86	  S	  1.3	  1.1	0.310	0.005	0.005
87	  K	  1.1	  0.9	0.310	0.000	0.000
88	  I	  1.9	  0.1	0.310	0.000	0.000
89	  M	  1.6	  0.0	0.310	0.000	0.000
90	  A	  1.0	  0.2	0.310	0.000	0.000
91	  K	  0.3	  0.2	0.310	0.000	0.000
92	  D	  0.3	  0.4	0.000	0.000	0.000
93	  I	  0.2	  2.0	0.000	0.000	0.000
94	  G	  0.0	  1.8	0.000	0.000	0.000
95	  N	  0.1	  1.8	0.000	0.000	0.000
96	  R	  2.9	  1.6	0.000	0.000	0.000
97	  V	  9.8	  0.0	0.000	0.000	0.000
98	  I	 11.2	  0.0	0.000	0.000	0.000
99	  I	  8.6	  0.2	0.000	0.000	0.000
100	  E	  1.7	  0.3	0.000	0.000	0.000
101	  D	  0.1	  0.3	0.000	0.000	0.000
102	  N	  0.6	  0.3	0.000	0.000	0.000
103	  C	  2.7	  0.1	0.000	0.000	0.000
104	  V	 10.6	  0.0	0.000	0.000	0.000
105	  V	 10.3	  0.0	0.000	0.000	0.000
106	  H	  8.2	  0.8	0.000	0.000	0.000
107	  P	  0.3	  0.8	0.000	0.000	0.000
108	  H	  1.0	  0.8	0.000	0.975	0.975
109	  C	  2.6	  0.8	0.000	0.975	0.975
110	  V	  4.4	  0.0	0.000	0.975	0.975
111	  I	  3.7	  0.0	0.000	0.975	0.975
112	  Y	  6.8	  0.1	0.000	0.975	0.975
113	  D	  6.0	  0.1	0.589	0.000	0.000
114	  C	 14.1	  0.1	0.721	0.000	0.000
115	  C	 10.5	  0.0	0.721	0.000	0.000
116	  L	  9.5	  0.0	0.721	0.000	0.000
117	  I	  2.5	  0.2	0.721	0.000	0.000
118	  K	  1.5	  0.3	0.721	0.000	0.000
119	  S	  1.3	  0.4	0.338	0.000	0.000
120	  G	  0.2	  0.4	0.000	0.000	0.000
121	  T	  4.3	  0.2	0.000	0.000	0.000
122	  I	  4.7	  0.1	0.000	0.000	0.000
123	  I	  4.6	  0.4	0.000	0.000	0.000
124	  P	  0.4	  0.4	0.000	0.000	0.000
125	  N	  0.1	  0.4	0.000	0.000	0.000
126	  K	  1.9	  0.4	0.000	0.000	0.000
127	  V	 14.2	  0.0	0.000	0.000	0.000
128	  V	 14.1	  0.0	0.000	0.000	0.000
129	  I	 12.4	  0.0	0.000	0.000	0.000
130	  P	  0.0	  0.2	0.000	0.000	0.000
131	  P	  0.0	  0.2	0.000	0.000	0.000
132	  Y	  2.2	  0.3	0.000	0.000	0.000
133	  S	  2.6	  0.3	0.000	0.000	0.000
134	  K	  3.7	  0.1	0.000	0.000	0.000
135	  V	  2.1	  0.2	0.000	0.000	0.000
136	  S	  1.9	  0.1	0.000	0.000	0.000
137	  G	  0.7	  0.1	0.000	0.000	0.000
138	  T	  0.1	  1.3	0.000	0.000	0.000
139	  P	  0.0	  1.2	0.000	0.000	0.000
140	  G	  0.1	  1.3	0.000	0.000	0.000
141	  V	  1.7	  1.3	0.000	0.000	0.000
142	  D	  2.4	  0.1	0.000	0.000	0.000
143	  F	 10.9	  0.1	0.000	0.000	0.000
144	  T	 16.9	  0.0	0.000	0.000	0.000
145	  I	 16.3	  0.0	0.000	0.000	0.000
146	  Q	  8.3	  0.0	0.000	0.000	0.000
147	  P	  0.1	  0.0	0.000	0.000	0.000
148	  L	  0.2	  0.0	0.000	0.000	0.000
149	  H	  0.4	  0.1	0.000	0.000	0.000
150	  N	  1.4	  0.2	0.000	0.000	0.000
151	  S	  2.6	  0.2	0.000	0.000	0.000
152	  Y	  2.9	  0.2	0.000	0.000	0.000
153	  K	  1.9	  0.2	0.000	0.000	0.000
154	  K	  0.8	  0.1	0.000	0.000	0.000
155	  S	  2.0	  0.1	1.915	0.000	0.000
156	  I	  4.6	  0.1	2.252	0.000	0.000
157	  E	  4.3	  0.0	2.986	0.000	0.000
158	  L	  2.9	  0.0	2.986	0.000	0.000
159	  E	  0.7	  0.0	4.127	0.000	0.000
160	  A	  0.6	  0.1	4.127	0.000	0.000
161	  K	  0.6	  0.1	3.991	0.000	0.000
162	  Q	  1.2	  0.1	3.091	0.000	0.000
163	  L	  2.6	  0.1	2.261	0.000	0.000
164	  Q	  3.3	  0.0	2.012	0.000	0.000
165	  I	  3.2	  0.0	1.141	0.000	0.000
166	  L	  1.8	  0.0	1.141	0.000	0.000
167	  N	  0.9	  0.0	0.999	0.000	0.000
168	  P	  0.1	  0.0	0.000	0.000	0.000
169	  S	  0.0	  0.0	0.000	0.000	0.000
