res	aa	Beta	Turn	Helix	Aggregation	Conc-Stab_Aggregation
01	  M	  0.3	  0.0	0.000	0.000	0.000
02	  L	  0.4	  0.0	0.176	0.000	0.000
03	  K	  0.8	  0.1	0.311	0.000	0.000
04	  R	  0.8	  0.1	0.311	0.000	0.000
05	  K	  1.0	  0.1	0.311	0.000	0.000
06	  L	  1.1	  0.1	0.311	49.351	49.351
07	  L	  1.1	  0.0	0.311	69.213	69.213
08	  Y	  1.5	  0.2	0.311	77.352	77.352
09	  A	  1.1	  0.2	0.509	79.595	79.595
10	  L	  0.8	  0.2	0.509	82.051	82.051
11	  G	  0.1	  0.2	0.509	80.912	80.912
12	  L	  0.9	  0.0	0.197	80.872	80.872
13	  L	  1.4	  0.1	0.197	79.937	79.937
14	  V	  2.9	  0.0	0.197	74.399	74.399
15	  N	  2.1	  0.6	0.197	5.019	5.019
16	  S	  1.6	  0.6	0.000	2.220	2.220
17	  S	  5.2	  0.9	0.000	2.043	2.043
18	  L	  6.7	  0.9	0.000	3.603	3.603
19	  S	  8.1	  0.4	0.000	3.366	3.366
20	  L	  6.6	  0.3	0.000	3.366	3.366
21	  T	  8.0	  0.0	0.000	3.214	3.214
22	  I	  6.8	  0.0	0.000	3.122	3.122
23	  H	  3.5	  0.2	0.000	0.022	0.022
24	  S	  2.3	  0.4	0.000	0.000	0.000
25	  T	  3.2	  0.5	0.000	0.000	0.000
26	  S	  4.0	  1.3	0.000	0.000	0.000
27	  S	  3.0	  1.8	0.000	0.000	0.000
28	  S	  1.9	  1.6	0.000	0.000	0.000
29	  S	  1.3	  1.5	0.000	0.000	0.000
30	  I	  2.3	  0.7	0.000	0.000	0.000
31	  A	  2.2	  0.0	0.000	0.000	0.000
32	  S	  1.9	  2.5	0.000	0.000	0.000
33	  P	  0.1	  2.5	0.000	0.000	0.000
34	  S	  0.6	  2.5	0.000	0.000	0.000
35	  V	  3.6	  2.5	0.000	0.000	0.000
36	  A	  3.6	  0.0	0.000	0.000	0.000
37	  H	  3.1	  0.4	0.000	0.000	0.000
38	  P	  0.0	  0.5	0.000	0.000	0.000
39	  L	  0.1	  0.7	0.000	0.000	0.000
40	  D	  0.1	  2.2	0.970	0.000	0.000
41	  D	  0.1	  1.8	0.970	0.000	0.000
42	  N	  2.9	  1.7	0.970	0.000	0.000
43	  T	  9.3	  1.5	0.970	0.000	0.000
44	  Y	 11.3	  0.0	0.970	0.000	0.000
45	  F	  8.6	  0.0	0.970	0.000	0.000
46	  Y	  2.4	  0.0	0.406	0.000	0.000
47	  P	  0.2	  0.0	0.000	0.000	0.000
48	  R	  0.0	  0.0	0.000	0.000	0.000
49	  P	  0.0	  0.0	0.000	0.000	0.000
50	  T	  0.0	  0.0	0.000	0.000	0.000
51	  P	  0.0	  0.0	0.000	0.000	0.000
52	  I	  0.0	  0.2	0.000	0.000	0.000
53	  S	  0.1	  0.2	0.287	0.000	0.000
54	  N	  1.4	  0.2	0.287	0.000	0.000
55	  C	  2.5	  0.2	0.287	0.000	0.000
56	  E	  2.9	  0.1	0.287	0.000	0.000
57	  L	  4.6	  0.0	0.287	0.000	0.000
58	  T	 32.3	  0.1	0.287	0.000	0.000
59	  F	 32.4	  0.1	0.287	0.000	0.000
60	  S	 30.0	  0.4	0.127	0.000	0.000
61	  T	  1.2	  0.4	0.000	0.000	0.000
62	  D	  0.4	  0.5	0.000	0.000	0.000
63	  E	  2.1	  0.4	0.000	0.000	0.000
64	  Y	  3.3	  0.1	0.000	0.334	0.334
65	  T	  4.3	  0.1	0.000	0.558	0.558
66	  T	  3.6	  0.0	0.000	1.440	1.440
67	  T	  9.8	  0.0	0.000	1.625	1.625
68	  V	 15.4	  0.0	0.000	1.625	1.625
69	  T	 39.5	  0.0	0.088	1.625	1.625
70	  F	 32.6	  0.6	0.088	1.625	1.625
71	  S	 26.6	  1.0	0.088	0.186	0.186
72	  D	  0.2	  1.0	0.088	0.000	0.000
73	  G	  0.0	  1.0	0.088	0.000	0.000
74	  C	  0.0	  2.2	0.088	0.000	0.000
75	  P	  0.0	  1.9	0.000	0.000	0.000
76	  T	  0.2	  2.1	0.000	0.000	0.000
77	  G	  0.2	  2.1	0.000	0.000	0.000
78	  S	  1.6	  0.3	0.000	0.000	0.000
79	  V	  1.4	  0.2	0.000	0.000	0.000
80	  A	  1.4	  0.0	0.000	0.000	0.000
81	  P	  0.0	  0.0	0.000	0.000	0.000
82	  P	  0.0	  1.2	0.000	0.000	0.000
83	  P	  0.0	  1.2	0.000	0.000	0.000
84	  N	  0.0	  1.2	0.000	0.000	0.000
85	  F	  0.0	  1.2	0.000	0.000	0.000
86	  P	  0.0	  0.3	0.000	0.000	0.000
87	  P	  0.0	  0.3	0.000	0.000	0.000
88	  T	  0.7	  0.3	0.000	0.000	0.000
89	  V	  0.7	  0.5	0.000	0.000	0.000
90	  P	  0.7	  0.4	0.000	0.000	0.000
91	  Y	  0.5	  2.4	0.000	0.000	0.000
92	  G	  0.5	  2.4	0.000	0.000	0.000
93	  C	  3.2	  2.2	0.000	0.122	0.122
94	  T	  9.1	  1.9	0.000	0.122	0.122
95	  Y	 10.5	  0.0	0.000	0.122	0.122
96	  F	  8.4	  0.1	0.000	0.122	0.122
97	  A	  2.4	  0.2	0.000	0.122	0.122
98	  S	  1.3	  0.3	0.000	0.000	0.000
99	  K	  1.2	  0.3	0.000	0.000	0.000
100	  T	 13.6	  0.1	0.000	0.000	0.000
101	  Y	 13.3	  0.1	0.000	0.000	0.000
102	  C	 12.7	  0.3	0.000	0.000	0.000
103	  P	  0.2	  0.4	0.000	0.000	0.000
104	  Y	  6.7	  0.5	0.000	0.000	0.000
105	  N	  7.0	  1.0	0.000	0.000	0.000
106	  C	  7.1	  0.7	0.000	0.000	0.000
107	  D	  0.7	  0.9	0.124	0.000	0.000
108	  T	  0.9	  0.9	0.124	0.000	0.000
109	  S	  1.2	  0.4	0.124	0.000	0.000
110	  T	  6.7	  0.3	0.124	0.177	0.177
111	  V	  9.9	  0.1	0.124	0.177	0.177
112	  H	 11.4	  0.0	0.124	0.177	0.177
113	  Y	  7.3	  0.1	0.000	0.177	0.177
114	  Y	  5.3	  0.1	0.000	0.177	0.177
115	  D	  3.7	  0.1	0.000	0.000	0.000
116	  Y	  2.9	  0.1	0.000	8.487	8.487
117	  I	  1.9	  0.0	0.000	9.313	9.313
118	  Y	  6.1	  0.0	0.000	9.313	9.313
119	  S	  8.9	  0.0	0.000	9.313	9.313
120	  V	 10.6	  0.0	0.000	9.313	9.313
121	  T	  9.1	  0.0	0.000	4.088	4.088
122	  S	  5.9	  0.0	0.000	0.363	0.363
123	  C	  3.4	  0.4	0.000	0.000	0.000
124	  P	  0.3	  0.4	0.000	0.000	0.000
125	  E	  0.1	  0.5	0.000	0.000	0.000
126	  Q	  0.6	  0.5	0.000	0.000	0.000
127	  S	  3.3	  0.2	0.000	0.000	0.000
128	  C	  4.1	  0.1	0.000	0.000	0.000
129	  I	  3.7	  0.0	0.000	0.000	0.000
130	  F	  1.4	  0.1	0.000	0.000	0.000
131	  D	  0.7	  5.0	0.000	0.000	0.000
132	  K	  0.5	  5.1	0.000	0.000	0.000
133	  S	  0.1	  5.9	0.000	0.000	0.000
134	  G	  0.1	  5.8	0.000	0.000	0.000
135	  G	  0.0	  0.9	0.000	0.000	0.000
136	  R	  0.0	  1.2	0.000	0.000	0.000
137	  P	  0.0	  0.4	0.000	0.000	0.000
138	  S	  1.4	  0.4	0.000	0.000	0.000
139	  F	  5.9	  0.4	0.000	0.000	0.000
140	  K	 15.3	  0.0	0.000	0.000	0.000
141	  C	 14.3	  0.0	0.000	0.000	0.000
142	  E	 10.5	  0.1	0.000	0.000	0.000
143	  P	  0.4	  0.1	0.000	0.000	0.000
144	  T	  2.6	  0.2	0.000	0.000	0.000
145	  T	  3.9	  0.3	0.000	0.000	0.000
146	  S	  4.2	  0.2	0.000	0.000	0.000
147	  S	  1.6	  0.2	0.000	0.000	0.000
148	  E	  0.3	  0.1	0.000	0.000	0.000
149	  P	  0.0	  0.0	0.000	0.000	0.000
150	  W	  0.9	  0.1	0.000	0.542	0.542
151	  S	  1.1	  0.1	0.000	0.542	0.542
152	  S	  2.0	  0.1	0.000	0.542	0.542
153	  Y	  2.1	  0.1	0.000	0.542	0.542
154	  I	  3.2	  0.0	0.000	0.542	0.542
155	  L	  2.4	  0.2	0.000	0.383	0.383
156	  S	  1.4	  0.2	0.000	0.000	0.000
157	  D	  0.8	  0.5	0.000	0.000	0.000
158	  V	  1.9	  0.5	0.000	0.000	0.000
159	  S	  2.0	  0.4	0.000	0.000	0.000
160	  S	  1.3	  0.4	0.000	0.000	0.000
161	  E	  2.8	  0.1	0.000	0.000	0.000
162	  V	 11.1	  0.1	0.000	2.236	2.236
163	  S	 14.3	  0.0	0.000	2.407	2.407
164	  V	 14.2	  0.0	0.000	5.644	5.644
165	  T	  6.4	  0.0	0.000	5.644	5.644
166	  S	  3.1	  0.0	0.000	5.644	5.644
167	  I	  1.5	  0.0	0.000	5.644	5.644
168	  V	  2.1	  0.1	0.000	5.473	5.473
169	  D	  1.8	  0.1	0.000	0.000	0.000
170	  S	 11.2	  0.2	0.000	0.000	0.000
171	  V	 12.0	  0.2	0.000	0.000	0.000
172	  S	 12.4	  1.7	0.000	0.000	0.000
173	  Q	  2.4	  1.8	0.000	0.000	0.000
174	  D	  0.6	  2.0	0.000	0.000	0.000
175	  N	  0.2	  1.9	0.000	0.000	0.000
176	  S	  0.7	  0.4	0.000	0.000	0.000
177	  T	  5.7	  0.3	0.000	0.000	0.000
178	  W	  5.9	  0.1	0.000	0.000	0.000
179	  H	  5.5	  0.5	0.000	0.000	0.000
180	  D	  0.5	  1.2	0.000	0.000	0.000
181	  N	  0.1	  1.6	0.000	0.000	0.000
182	  N	  0.0	  3.6	0.000	0.000	0.000
183	  S	  0.0	  3.2	0.000	0.000	0.000
184	  N	  0.1	  4.2	0.000	0.000	0.000
185	  Q	  0.1	  3.8	0.000	0.000	0.000
186	  N	  0.2	  1.8	0.000	0.000	0.000
187	  A	  0.3	  1.7	0.000	0.000	0.000
188	  E	  5.4	  0.0	0.000	0.000	0.000
189	  V	  6.0	  0.0	0.000	0.000	0.000
190	  T	  6.0	  0.2	0.000	0.000	0.000
191	  E	  1.0	  0.4	0.000	0.000	0.000
192	  S	  0.3	  0.9	0.000	0.000	0.000
193	  N	  0.0	  1.8	0.000	0.000	0.000
194	  N	  0.0	  3.0	0.000	0.000	0.000
195	  D	  0.0	  2.9	0.000	0.000	0.000
196	  D	  0.2	  2.4	0.000	0.000	0.000
197	  T	  0.5	  1.5	0.000	0.000	0.000
198	  T	  0.6	  0.3	0.000	0.000	0.000
199	  E	  2.8	  0.2	0.000	0.000	0.000
200	  H	  2.6	  0.1	0.000	0.000	0.000
201	  H	  2.4	  0.1	0.000	0.000	0.000
202	  P	  0.1	  0.0	0.000	0.000	0.000
203	  E	  0.0	  0.2	0.000	0.000	0.000
204	  P	  0.0	  0.2	0.000	0.000	0.000
205	  T	  0.2	  0.2	0.000	0.000	0.000
206	  H	  0.2	  0.3	0.000	0.000	0.000
207	  P	  0.2	  0.2	0.000	0.000	0.000
208	  M	  0.4	  0.2	0.000	0.000	0.000
209	  T	  2.7	  0.2	0.000	0.000	0.000
210	  T	  4.5	  0.0	0.000	0.000	0.000
211	  Q	  4.3	  0.0	0.000	0.000	0.000
212	  M	  2.0	  0.0	0.000	0.000	0.000
213	  P	  0.1	  0.0	0.000	0.000	0.000
214	  V	  6.3	  0.0	0.000	0.000	0.000
215	  T	 10.1	  0.0	0.000	0.000	0.000
216	  C	 15.8	  0.0	0.000	0.000	0.000
217	  E	 14.0	  0.0	0.000	0.000	0.000
218	  V	 13.1	  0.0	0.000	0.000	0.000
219	  T	  8.2	  0.1	0.000	0.000	0.000
220	  Q	  3.8	  0.1	0.000	0.000	0.000
221	  T	  2.6	  0.1	0.000	0.000	0.000
222	  H	  2.0	  0.5	0.000	0.000	0.000
223	  S	  2.0	  0.8	0.000	0.000	0.000
224	  H	  0.4	  1.0	0.000	0.000	0.000
225	  G	  0.2	  1.0	0.000	0.000	0.000
226	  H	  0.3	  0.6	0.000	0.000	0.000
227	  S	  6.1	  0.8	0.000	0.000	0.000
228	  W	  6.3	  0.7	0.000	0.000	0.000
229	  N	  6.1	  0.7	0.000	0.000	0.000
230	  D	  0.9	  1.0	0.000	0.000	0.000
231	  V	  7.5	  0.6	0.000	0.000	0.000
232	  S	 15.1	  0.9	0.000	0.000	0.000
233	  C	 15.0	  0.9	0.000	0.000	0.000
234	  N	  8.6	  0.5	0.000	0.000	0.000
235	  Y	  0.8	  0.5	0.000	0.000	0.000
236	  L	  0.2	  0.0	0.000	0.000	0.000
237	  P	  0.1	  0.0	0.000	0.000	0.000
238	  I	  2.1	  0.0	0.000	0.000	0.000
239	  E	  3.0	  0.0	0.000	0.000	0.000
240	  C	  6.4	  0.0	0.000	0.000	0.000
241	  T	  5.6	  0.1	0.000	0.000	0.000
242	  K	  5.4	  0.1	0.000	0.000	0.000
243	  T	  3.5	  0.1	0.000	0.000	0.000
244	  T	  5.1	  0.1	0.000	0.000	0.000
245	  T	 12.8	  0.0	0.000	0.000	0.000
246	  F	 16.0	  0.0	0.000	0.000	0.000
247	  N	 13.7	  0.0	0.000	0.000	0.000
248	  V	  7.0	  0.0	0.000	0.048	0.048
249	  H	  2.1	  0.0	0.000	0.048	0.048
250	  N	  1.6	  0.1	0.000	0.048	0.048
251	  Q	  0.4	  0.1	0.000	1.125	1.125
252	  T	  3.0	  0.1	0.000	25.946	25.946
253	  L	  6.6	  0.1	0.000	64.450	64.450
254	  T	  8.7	  0.0	0.000	66.718	66.718
255	  Y	  6.6	  0.0	0.000	67.268	67.268
256	  I	  3.6	  0.0	0.000	67.268	67.268
257	  W	  2.6	  0.0	0.000	65.559	65.559
258	  C	  2.8	  0.2	0.000	24.505	24.505
259	  S	  2.1	  0.3	0.250	4.078	4.078
260	  S	  1.5	  0.3	0.376	1.152	1.152
261	  T	  1.9	  0.3	0.660	0.816	0.816
262	  T	  5.7	  0.1	0.660	0.645	0.645
263	  I	  7.6	  0.1	0.660	0.645	0.645
264	  E	  6.8	  0.1	0.660	0.000	0.000
265	  L	  2.9	  0.1	0.660	0.000	0.000
266	  F	  0.3	  1.4	0.660	0.000	0.000
267	  P	  0.1	  1.7	0.000	0.000	0.000
268	  S	  0.1	  2.3	0.000	0.000	0.000
269	  G	  0.1	  2.3	0.000	0.000	0.000
270	  E	  0.2	  0.9	0.000	0.000	0.000
271	  T	  1.6	  0.7	0.000	0.000	0.000
272	  T	  3.0	  0.1	0.000	0.000	0.000
273	  T	  6.1	  0.0	0.000	0.000	0.000
274	  T	 17.5	  0.0	0.000	0.000	0.000
275	  F	 16.2	  0.0	0.000	0.000	0.000
276	  C	 13.1	  0.3	0.000	0.000	0.000
277	  P	  0.2	  0.4	0.000	0.000	0.000
278	  Y	  0.5	  0.5	0.000	0.000	0.000
279	  D	  0.8	  0.5	0.000	0.000	0.000
280	  T	  5.1	  0.1	0.000	0.000	0.000
281	  C	  7.1	  0.2	0.000	0.000	0.000
282	  Y	  8.9	  0.2	0.000	0.000	0.000
283	  D	  4.7	  0.1	0.000	0.000	0.000
284	  Y	  2.7	  0.1	0.000	0.000	0.000
285	  L	  1.1	  0.0	0.000	0.000	0.000
286	  H	  1.7	  0.0	0.000	0.000	0.000
287	  H	  1.3	  0.1	0.105	0.000	0.000
288	  T	  0.9	  0.5	1.270	0.000	0.000
289	  E	  0.3	  0.5	1.270	0.000	0.000
290	  N	  0.1	  0.5	1.270	0.000	0.000
291	  N	  0.1	  1.7	1.270	0.000	0.000
292	  R	  0.2	  1.3	1.270	0.000	0.000
293	  N	  0.7	  1.3	1.270	0.000	0.000
294	  T	  1.6	  1.2	0.000	0.000	0.000
295	  R	  6.7	  0.0	0.000	0.000	0.000
296	  V	  7.2	  0.1	0.000	0.000	0.000
297	  D	  6.3	  0.6	0.000	0.000	0.000
298	  Q	  1.1	  0.8	0.000	0.000	0.000
299	  G	  0.0	  0.8	0.000	0.000	0.000
300	  G	  0.0	  0.8	0.000	0.000	0.000
301	  L	  0.0	  0.4	0.000	0.000	0.000
302	  E	  0.0	  3.9	0.000	0.000	0.000
303	  G	  0.0	  4.0	0.000	0.000	0.000
304	  N	  0.0	  4.1	0.000	0.000	0.000
305	  T	  0.1	  4.3	0.000	0.000	0.000
306	  G	  0.1	  0.7	0.000	0.000	0.000
307	  T	  0.1	  1.0	0.000	0.000	0.000
308	  G	  0.1	  0.8	0.000	0.000	0.000
309	  T	  2.2	  0.5	0.000	0.000	0.000
310	  T	 11.0	  0.4	0.000	0.000	0.000
311	  V	 11.4	  0.0	0.000	0.000	0.000
312	  A	  9.4	  0.0	0.000	0.000	0.000
313	  P	  0.4	  0.0	0.000	0.000	0.000
314	  A	  0.0	  0.0	0.000	0.000	0.000
315	  A	  0.0	  0.0	0.000	0.000	0.000
316	  P	  0.0	  0.2	0.000	0.000	0.000
317	  A	  0.1	  0.2	0.000	0.000	0.000
318	  S	  0.8	  0.3	0.000	0.000	0.000
319	  T	  1.3	  0.3	0.000	0.000	0.000
320	  T	  1.3	  0.2	0.000	0.000	0.000
321	  N	  0.6	  0.7	0.232	0.000	0.000
322	  A	  0.1	  0.7	0.232	0.186	0.186
323	  G	  0.1	  0.7	0.232	0.453	0.453
324	  T	  0.5	  0.6	0.342	2.339	2.339
325	  A	  1.1	  0.1	0.342	4.772	4.772
326	  I	  5.2	  0.0	0.342	7.642	7.642
327	  I	  7.1	  0.0	0.342	7.892	7.892
328	  T	  8.1	  0.0	0.342	7.643	7.643
329	  K	  5.8	  0.0	0.342	7.222	7.222
330	  V	  4.5	  0.1	0.000	60.517	60.517
331	  A	  3.6	  0.1	0.000	60.517	60.517
332	  T	  3.9	  0.1	0.000	60.517	60.517
333	  F	  4.0	  0.2	0.000	60.517	60.517
334	  I	  4.5	  0.1	0.000	60.517	60.517
335	  D	  2.4	  1.4	0.000	7.222	7.222
336	  T	  1.9	  1.5	0.000	2.557	2.557
337	  N	  1.0	  2.1	0.000	0.000	0.000
338	  C	  0.9	  2.1	0.000	0.000	0.000
339	  D	  0.4	  1.0	0.530	0.000	0.000
340	  E	  0.5	  1.0	0.530	0.000	0.000
341	  T	  1.9	  0.4	0.637	0.000	0.000
342	  K	  2.1	  0.4	0.637	0.000	0.000
343	  T	  3.4	  0.2	0.637	0.000	0.000
344	  L	  2.0	  0.3	0.637	0.000	0.000
345	  N	  1.8	  0.3	0.750	0.000	0.000
346	  D	  0.1	  0.4	0.657	0.000	0.000
347	  K	  0.3	  0.4	0.523	0.000	0.000
348	  A	  0.3	  0.7	0.270	0.000	0.000
349	  E	  0.3	  1.6	0.270	0.000	0.000
350	  G	  0.0	  1.7	0.270	0.000	0.000
351	  G	  0.0	  1.9	0.156	0.000	0.000
352	  H	  0.1	  1.6	0.000	0.000	0.000
353	  G	  0.2	  0.6	0.000	0.000	0.000
354	  H	  0.3	  1.6	0.000	0.000	0.000
355	  A	  0.2	  2.2	0.000	0.000	0.000
356	  G	  0.1	  2.2	0.000	0.000	0.000
357	  S	  0.2	  2.2	0.000	0.000	0.000
358	  T	  0.4	  2.2	0.000	0.000	0.000
359	  A	  0.4	  1.7	0.000	0.000	0.000
360	  N	  0.3	  2.3	0.000	0.000	0.000
361	  G	  0.0	  2.3	0.000	0.000	0.000
362	  D	  0.1	  1.3	0.497	0.000	0.000
363	  Q	  0.3	  0.9	0.497	0.000	0.000
364	  K	  1.1	  0.2	0.497	0.000	0.000
365	  T	  3.8	  0.1	0.497	0.000	0.000
366	  I	  4.7	  0.0	0.497	0.000	0.000
367	  A	  3.9	  0.0	0.497	0.000	0.000
368	  T	  1.2	  0.3	0.263	0.000	0.000
369	  E	  0.1	  0.3	0.263	0.000	0.000
370	  N	  0.2	  0.3	0.109	0.000	0.000
371	  I	  0.2	  0.2	0.000	0.000	0.000
372	  P	  0.2	  0.0	0.000	0.000	0.000
373	  I	  0.4	  0.0	0.000	0.000	0.000
374	  Y	  0.8	  0.1	0.000	0.000	0.000
375	  K	  1.5	  0.1	0.000	0.000	0.000
376	  T	  5.5	  0.3	0.000	0.000	0.000
377	  I	  5.8	  0.7	0.000	0.000	0.000
378	  D	  5.0	  0.8	0.000	0.000	0.000
379	  G	  0.7	  0.9	0.000	0.000	0.000
380	  T	  0.6	  0.7	0.000	0.000	0.000
381	  N	  0.7	  1.4	0.000	0.000	0.000
382	  T	  1.0	  1.2	0.000	0.000	0.000
383	  D	  1.2	  1.1	0.000	0.000	0.000
384	  C	  3.8	  1.1	0.000	5.936	5.936
385	  I	  8.3	  0.0	0.000	16.452	16.452
386	  I	 11.4	  0.0	0.000	16.452	16.452
387	  I	 12.0	  0.0	0.000	16.452	16.452
388	  T	 10.1	  0.0	0.000	16.452	16.452
389	  T	  6.5	  0.0	0.000	12.747	12.747
390	  C	  3.3	  0.0	0.000	0.000	0.000
391	  P	  0.3	  0.0	0.000	0.000	0.000
392	  T	  0.0	  0.0	0.000	0.000	0.000
393	  P	  0.0	  0.0	0.000	0.195	0.195
394	  V	  6.2	  0.0	0.000	19.981	19.981
395	  T	  8.6	  0.0	0.000	20.310	20.310
396	  L	 11.6	  0.0	0.000	20.310	20.310
397	  T	 15.1	  0.0	0.000	20.310	20.310
398	  V	 15.4	  0.0	0.000	20.310	20.310
399	  T	 12.7	  0.0	0.000	4.470	4.470
400	  Q	  3.4	  0.0	0.000	0.165	0.165
401	  E	  3.5	  0.0	0.000	0.000	0.000
402	  I	  5.4	  0.0	0.000	0.000	0.000
403	  T	  6.7	  0.1	0.000	0.000	0.000
404	  K	  3.9	  0.1	0.000	0.000	0.000
405	  T	  1.7	  0.1	0.000	0.000	0.000
406	  E	  0.4	  0.1	0.000	0.000	0.000
407	  T	 10.8	  0.1	0.000	0.609	0.609
408	  V	 13.4	  0.1	0.000	1.208	1.208
409	  T	 14.0	  0.0	0.000	1.208	1.208
410	  A	  3.6	  0.0	0.000	1.351	1.351
411	  Y	  1.4	  0.1	0.000	1.519	1.519
412	  N	  1.7	  0.1	0.504	1.174	1.174
413	  T	 11.6	  0.1	0.504	1.174	1.174
414	  I	 22.1	  0.0	0.504	1.174	1.174
415	  T	 25.1	  0.0	0.504	1.014	1.014
416	  I	 15.9	  0.1	0.504	1.014	1.014
417	  N	  4.5	  4.2	0.504	0.000	0.000
418	  D	  0.1	  4.8	0.000	0.000	0.000
419	  D	  0.0	  4.9	0.000	0.000	0.000
420	  G	  0.0	  4.9	0.000	0.000	0.000
421	  D	  0.4	  0.8	0.000	0.000	0.000
422	  I	  1.9	  0.2	0.000	8.726	8.726
423	  C	  6.3	  0.0	0.000	9.101	9.101
424	  I	  9.9	  0.0	0.000	11.087	11.087
425	  V	 10.0	  0.0	0.000	11.087	11.087
426	  T	  7.1	  0.0	0.000	11.087	11.087
427	  T	  4.7	  0.0	0.000	6.845	6.845
428	  T	  3.6	  0.1	0.199	4.056	4.056
429	  T	  2.1	  0.1	0.199	0.793	0.793
430	  N	  0.5	  0.2	0.199	0.000	0.000
431	  E	  0.5	  0.1	0.199	0.000	0.000
432	  A	  0.5	  0.1	0.199	0.000	0.000
433	  K	  1.4	  0.1	0.199	0.000	0.000
434	  T	  1.7	  0.1	0.000	0.000	0.000
435	  T	  1.6	  0.1	0.000	0.000	0.000
436	  E	  0.7	  0.3	0.000	0.000	0.000
437	  P	  0.0	  0.3	0.000	0.000	0.000
438	  S	  6.8	  0.3	0.000	0.000	0.000
439	  Y	  7.6	  0.5	0.000	0.000	0.000
440	  E	  7.6	  0.2	0.000	0.000	0.000
441	  N	  1.0	  0.2	0.000	0.000	0.000
442	  Q	  0.7	  0.2	0.000	0.000	0.000
443	  V	  9.6	  0.0	0.000	1.908	1.908
444	  T	 20.0	  0.0	0.000	1.908	1.908
445	  I	 22.4	  0.0	0.000	1.908	1.908
446	  T	 15.2	  0.0	0.000	1.908	1.908
447	  T	  4.7	  0.0	0.000	1.908	1.908
448	  H	  2.2	  0.0	0.000	0.000	0.000
449	  A	  1.3	  0.0	0.000	0.000	0.000
450	  I	  0.8	  0.5	0.000	0.000	0.000
451	  E	  0.3	  0.7	0.000	0.000	0.000
452	  D	  0.1	  0.7	0.000	0.000	0.000
453	  G	  0.1	  0.7	0.000	0.000	0.000
454	  F	  1.6	  0.2	0.000	0.000	0.000
455	  N	  1.8	  0.1	0.000	0.000	0.000
456	  Q	  1.9	  0.1	0.000	0.000	0.000
457	  E	  1.9	  0.1	0.000	0.000	0.000
458	  Y	  3.2	  0.2	0.000	0.000	0.000
459	  S	  3.2	  0.1	0.000	0.000	0.000
460	  S	  1.9	  0.1	0.000	0.000	0.000
461	  K	  0.4	  0.7	0.000	0.000	0.000
462	  P	  0.1	  0.6	0.000	0.000	0.000
463	  N	  0.0	  0.6	0.000	0.000	0.000
464	  Q	  0.0	  1.1	0.000	0.000	0.000
465	  P	  0.0	  0.5	0.000	0.000	0.000
466	  N	  0.4	  0.5	0.000	0.000	0.000
467	  T	  3.2	  0.6	0.000	0.000	0.000
468	  T	  3.4	  0.2	0.000	0.000	0.000
469	  S	  3.1	  0.6	0.000	0.000	0.000
470	  E	  0.2	  0.9	0.000	0.000	0.000
471	  H	  0.1	  1.0	0.000	0.000	0.000
472	  G	  0.1	  1.0	0.000	0.000	0.000
473	  T	  0.3	  0.6	0.000	0.000	0.000
474	  E	  0.3	  0.3	0.000	0.000	0.000
475	  K	  0.8	  0.1	0.000	0.000	0.000
476	  A	  0.7	  0.1	0.000	0.000	0.000
477	  T	  2.4	  0.0	0.000	0.000	0.000
478	  T	  2.2	  0.1	0.000	0.000	0.000
479	  T	  2.2	  0.1	0.000	0.000	0.000
480	  E	  0.5	  0.0	0.000	0.000	0.000
481	  T	  0.2	  0.2	0.000	0.000	0.000
482	  P	  0.0	  0.4	0.000	0.000	0.000
483	  E	  0.1	  0.5	0.000	0.000	0.000
484	  S	  0.1	  2.0	0.000	0.000	0.000
485	  S	  0.2	  1.8	0.000	0.000	0.000
486	  N	  0.3	  1.7	0.000	0.000	0.000
487	  Q	  0.4	  1.7	0.000	0.000	0.000
488	  K	  0.4	  0.8	0.000	0.000	0.000
489	  S	  0.2	  2.2	0.000	0.000	0.000
490	  D	  0.0	  2.2	0.000	0.000	0.000
491	  D	  0.0	  3.5	0.000	0.000	0.000
492	  K	  0.3	  3.0	0.000	0.000	0.000
493	  S	  0.3	  1.7	0.000	0.000	0.000
494	  E	  0.4	  1.6	0.000	0.000	0.000
495	  T	  0.2	  0.6	0.000	0.000	0.000
496	  S	  0.2	  1.0	0.000	0.000	0.000
497	  N	  0.1	  0.8	0.000	0.000	0.000
498	  D	  0.0	  0.8	0.000	0.000	0.000
499	  E	  0.0	  0.5	0.000	0.000	0.000
500	  P	  0.0	  0.0	0.000	0.000	0.000
501	  V	  0.2	  0.0	0.000	0.000	0.000
502	  D	  0.2	  0.7	0.000	0.000	0.000
503	  E	  0.2	  0.7	0.000	0.000	0.000
504	  S	  4.2	  1.1	0.000	0.000	0.000
505	  V	  4.7	  1.1	0.000	0.000	0.000
506	  D	  4.7	  0.4	0.000	0.000	0.000
507	  K	  0.5	  1.6	0.000	0.000	0.000
508	  P	  0.0	  1.7	0.000	0.000	0.000
509	  G	  0.0	  1.7	0.000	0.000	0.000
510	  D	  0.0	  1.7	0.481	0.000	0.000
511	  E	  5.2	  0.6	0.481	0.000	0.000
512	  V	  6.6	  0.1	0.481	0.000	0.000
513	  T	  6.9	  0.0	0.481	0.000	0.000
514	  D	  1.8	  0.0	0.481	0.000	0.000
515	  K	  0.4	  0.2	0.481	0.000	0.000
516	  P	  0.0	  0.6	0.000	0.000	0.000
517	  K	  0.1	  0.6	0.000	0.000	0.000
518	  D	  0.1	  0.6	0.000	0.000	0.000
519	  K	  0.1	  0.4	0.000	0.000	0.000
520	  P	  0.0	  0.0	0.000	0.000	0.000
521	  I	  0.9	  0.0	0.000	0.000	0.000
522	  Y	  1.1	  0.0	0.000	0.000	0.000
523	  K	  1.1	  0.7	0.000	0.000	0.000
524	  P	  0.2	  0.9	0.000	0.000	0.000
525	  T	  0.2	  0.9	0.000	0.000	0.000
526	  G	  0.2	  0.9	0.000	0.000	0.000
527	  K	  0.2	  1.9	0.000	0.000	0.000
528	  P	  0.0	  1.7	0.000	0.000	0.000
529	  D	  0.0	  1.8	0.000	0.000	0.000
530	  K	  0.1	  1.9	0.000	0.000	0.000
531	  E	  0.1	  0.3	0.000	0.000	0.000
532	  S	  4.3	  0.7	0.000	0.000	0.000
533	  V	  4.7	  0.5	0.000	0.000	0.000
534	  D	  4.7	  0.4	0.000	0.000	0.000
535	  K	  0.5	  0.7	0.000	0.000	0.000
536	  P	  0.0	  0.4	0.000	0.000	0.000
537	  T	  0.4	  0.4	0.000	0.000	0.000
538	  D	  0.4	  0.4	0.000	0.000	0.000
539	  K	  0.4	  0.3	0.000	0.000	0.000
540	  P	  0.0	  0.2	0.000	0.000	0.000
541	  T	  1.7	  0.2	0.000	0.000	0.000
542	  H	  2.0	  0.2	0.000	0.000	0.000
543	  S	 17.2	  0.0	0.000	0.000	0.000
544	  F	 16.1	  0.0	0.000	0.000	0.000
545	  E	 15.7	  0.0	0.000	0.000	0.000
546	  P	  0.6	  0.0	0.000	0.000	0.000
547	  I	  2.0	  0.0	0.000	0.151	0.151
548	  T	  2.8	  0.1	0.000	0.151	0.151
549	  S	  3.2	  0.1	0.000	0.151	0.151
550	  T	  1.5	  0.1	0.000	0.151	0.151
551	  I	  0.8	  6.0	0.000	0.151	0.151
552	  G	  0.3	  6.0	0.000	0.000	0.000
553	  N	  0.9	  6.0	0.000	0.000	0.000
554	  Y	  4.0	  6.0	0.000	0.000	0.000
555	  S	  6.7	  0.4	0.000	0.000	0.000
556	  I	  8.4	  0.4	0.000	0.000	0.000
557	  D	  6.0	  0.7	0.000	0.000	0.000
558	  Y	  4.7	  0.8	0.000	0.000	0.000
559	  S	  2.3	  0.5	0.000	0.000	0.000
560	  S	  1.8	  0.5	0.135	0.000	0.000
561	  T	  1.5	  0.2	0.135	0.000	0.000
562	  M	  1.3	  0.1	0.135	0.000	0.000
563	  W	  1.6	  0.2	0.135	0.000	0.000
564	  R	  0.7	  0.2	0.135	0.000	0.000
565	  N	  0.6	  1.1	0.254	0.000	0.000
566	  S	  0.5	  1.2	0.119	0.135	0.135
567	  S	  0.5	  1.1	0.119	2.781	2.781
568	  T	  0.8	  1.1	0.119	23.911	23.911
569	  L	  0.6	  0.1	0.119	59.015	59.015
570	  A	  0.6	  0.0	0.119	64.917	64.917
571	  T	  2.3	  0.0	0.000	64.917	64.917
572	  T	  7.8	  0.0	0.000	64.917	64.917
573	  V	  9.5	  0.0	0.000	64.917	64.917
574	  V	  7.4	  0.0	0.000	63.029	63.029
575	  K	  1.9	  0.0	0.000	0.000	0.000
