res	aa	Beta	Turn	Helix	Aggregation	Conc-Stab_Aggregation
01	  M	  0.7	  0.0	0.000	0.000	0.000
02	  V	  1.4	  0.0	0.000	0.000	0.000
03	  S	  1.8	  0.0	0.000	0.000	0.000
04	  T	 22.3	  0.0	0.000	0.000	0.000
05	  I	 21.8	  0.0	0.000	0.000	0.000
06	  S	 21.4	  0.3	0.152	0.000	0.000
07	  P	  0.2	  0.3	0.152	0.000	0.000
08	  T	  2.1	  0.3	0.152	0.000	0.000
09	  I	  2.9	  0.3	0.152	0.000	0.000
10	  L	  3.0	  0.1	0.152	0.000	0.000
11	  K	  1.1	  0.1	0.152	0.000	0.000
12	  T	  1.1	  0.2	0.000	0.000	0.000
13	  S	  3.0	  0.4	0.000	0.000	0.000
14	  T	  4.0	  0.4	0.000	0.000	0.000
15	  S	  3.4	  0.4	0.118	0.000	0.000
16	  K	  1.9	  0.3	0.118	0.000	0.000
17	  L	  1.1	  0.1	0.118	1.368	1.368
18	  I	  5.1	  0.1	0.118	1.572	1.572
19	  N	  4.8	  0.5	0.118	1.572	1.572
20	  L	  4.9	  0.6	0.118	1.745	1.745
21	  S	  1.0	  1.7	0.222	1.745	1.745
22	  A	  0.7	  2.0	0.104	2.095	2.095
23	  G	  0.2	  1.5	0.104	2.223	2.223
24	  C	  0.9	  1.5	0.104	3.654	3.654
25	  F	  1.5	  0.7	0.104	3.654	3.654
26	  W	  1.6	  0.3	0.104	3.654	3.654
27	  G	  0.8	  0.3	0.460	3.047	3.047
28	  V	  1.1	  0.4	0.355	3.047	3.047
29	  E	  1.0	  0.1	0.355	0.000	0.000
30	  N	  5.0	  0.1	1.469	0.000	0.000
31	  V	  6.2	  0.1	1.469	0.000	0.000
32	  F	  7.4	  0.0	1.469	0.000	0.000
33	  R	  3.6	  0.1	1.233	0.000	0.000
34	  K	  1.6	  0.1	1.233	0.000	0.000
35	  Q	  3.4	  0.1	1.114	0.000	0.000
36	  F	  5.2	  0.1	0.425	0.000	0.000
37	  T	  5.3	  0.1	0.000	0.000	0.000
38	  N	  2.2	  0.3	0.251	0.000	0.000
39	  K	  0.3	  0.3	0.251	0.000	0.000
40	  G	  0.0	  0.3	0.805	0.000	0.000
41	  L	  0.5	  0.2	0.805	0.280	0.280
42	  V	  4.8	  0.0	0.805	0.280	0.280
43	  D	  5.7	  0.0	0.911	0.280	0.280
44	  I	 12.6	  0.0	0.911	0.280	0.280
45	  K	  8.7	  0.0	0.911	0.280	0.280
46	  V	  7.7	  0.0	0.518	0.280	0.280
47	  G	  0.6	  0.0	0.630	0.000	0.000
48	  Y	  0.5	  0.9	0.218	0.000	0.000
49	  A	  0.4	  5.5	0.112	0.000	0.000
50	  N	  0.3	  5.5	0.112	0.000	0.000
51	  G	  0.0	  5.5	0.112	0.000	0.000
52	  K	  0.0	  4.9	0.112	0.000	0.000
53	  P	  0.0	  0.3	0.000	0.000	0.000
54	  S	  5.0	  0.4	0.000	0.000	0.000
55	  I	  5.0	  0.5	0.000	0.234	0.234
56	  S	  5.0	  0.2	0.170	0.234	0.234
57	  N	  1.7	  0.2	0.170	0.234	0.234
58	  V	  9.4	  0.1	0.170	0.234	0.234
59	  T	 19.1	  0.0	0.170	0.234	0.234
60	  Y	 19.1	  0.1	0.170	0.234	0.234
61	  E	 11.8	  0.1	0.170	0.000	0.000
62	  K	  2.6	  0.1	0.000	0.000	0.000
63	  V	  1.4	  0.1	0.000	0.000	0.000
64	  C	  1.6	  0.1	0.000	0.000	0.000
65	  T	  1.0	  0.6	0.000	0.000	0.000
66	  G	  0.5	  0.6	0.000	0.000	0.000
67	  T	  0.5	  0.7	0.000	0.000	0.000
68	  T	  0.8	  0.6	0.000	0.000	0.000
69	  D	  0.9	  0.1	0.100	0.000	0.000
70	  Y	  0.7	  0.1	0.100	0.000	0.000
71	  A	  0.4	  0.1	0.100	0.000	0.000
72	  E	  0.3	  0.1	0.100	0.000	0.000
73	  T	  8.6	  0.1	0.100	0.000	0.000
74	  V	 11.5	  0.1	0.100	0.000	0.000
75	  Q	 12.1	  0.0	0.100	0.000	0.000
76	  I	  7.5	  0.0	0.000	0.000	0.000
77	  S	 17.6	  0.0	0.000	0.000	0.000
78	  Y	 17.4	  0.0	0.000	0.000	0.000
79	  E	 14.3	  0.2	0.000	0.000	0.000
80	  P	  0.5	  0.2	0.000	0.000	0.000
81	  S	  0.1	  0.3	0.485	0.000	0.000
82	  Q	  1.1	  0.3	0.485	0.000	0.000
83	  L	  2.4	  0.1	0.485	0.559	0.559
84	  K	  2.6	  0.1	1.203	0.559	0.559
85	  L	  1.7	  0.0	1.203	0.559	0.559
86	  A	  0.5	  0.0	1.203	0.559	0.559
87	  E	  0.4	  0.0	1.109	0.559	0.559
88	  I	  0.8	  0.0	0.955	5.744	5.744
89	  L	  3.0	  0.0	0.955	6.195	6.195
90	  D	  3.9	  0.0	1.283	6.318	6.318
91	  I	  4.5	  0.0	1.025	6.318	6.318
92	  F	  3.3	  0.0	1.025	6.318	6.318
93	  F	  3.5	  0.0	0.539	6.318	6.318
94	  K	  3.1	  0.0	0.436	6.318	6.318
95	  M	  2.3	  0.0	0.328	2.096	2.096
96	  H	  1.0	  0.0	0.209	0.000	0.000
97	  D	  0.4	  0.6	0.327	0.000	0.000
98	  P	  0.0	  0.6	0.327	0.000	0.000
99	  T	  2.1	  0.6	0.327	0.000	0.000
100	  T	  7.6	  0.6	0.327	0.000	0.000
101	  V	  9.1	  0.1	0.327	0.000	0.000
102	  N	  7.1	  0.5	0.327	0.000	0.000
103	  S	  1.6	  0.5	0.128	0.000	0.000
104	  Q	  0.1	  0.5	0.128	0.000	0.000
105	  G	  0.0	  1.6	0.000	0.000	0.000
106	  P	  0.0	  1.2	0.000	0.000	0.000
107	  D	  0.0	  1.4	0.000	0.000	0.000
108	  V	  0.1	  1.5	0.000	0.000	0.000
109	  G	  0.1	  0.4	0.000	0.000	0.000
110	  T	  2.4	  0.4	0.000	0.000	0.000
111	  Q	  4.3	  0.2	0.000	0.000	0.000
112	  Y	  6.1	  0.1	0.000	0.000	0.000
113	  R	  4.0	  0.1	0.000	0.000	0.000
114	  S	  2.2	  0.1	0.000	5.032	5.032
115	  A	  0.6	  0.1	0.000	38.887	38.887
116	  I	  1.6	  0.0	0.000	38.887	38.887
117	  F	 12.1	  0.0	0.000	38.887	38.887
118	  T	 17.6	  0.0	0.000	38.887	38.887
119	  F	 16.6	  0.2	0.000	38.052	38.052
120	  D	  6.3	  0.3	1.811	0.000	0.000
121	  D	  0.2	  3.4	8.685	0.000	0.000
122	  E	  0.1	  3.4	9.105	0.000	0.000
123	  D	  0.1	  3.9	11.207	0.000	0.000
124	  K	  0.2	  3.8	11.308	0.000	0.000
125	  S	  0.3	  0.7	13.001	0.000	0.000
126	  L	  0.5	  0.7	12.815	0.000	0.000
127	  A	  0.5	  0.0	12.378	0.000	0.000
128	  L	  1.8	  0.0	12.034	0.000	0.000
129	  K	  2.7	  0.0	10.240	0.000	0.000
130	  I	  2.7	  0.1	6.327	0.000	0.000
131	  R	  1.4	  0.1	6.327	0.000	0.000
132	  D	  0.7	  0.1	4.093	0.000	0.000
133	  Q	  4.0	  0.1	3.302	0.000	0.000
134	  F	  5.7	  0.1	1.469	0.000	0.000
135	  Q	  5.6	  0.0	0.660	0.000	0.000
136	  K	  2.3	  0.0	0.660	0.000	0.000
137	  E	  1.1	  0.0	0.660	0.000	0.000
138	  W	  0.7	  0.0	0.660	0.000	0.000
139	  Y	  0.6	  0.8	0.660	0.000	0.000
140	  P	  0.1	  0.8	0.000	0.000	0.000
141	  N	  0.1	  0.8	0.000	0.000	0.000
142	  H	  1.5	  0.9	0.000	0.000	0.000
143	  K	  2.7	  0.0	0.000	0.136	0.136
144	  I	  3.7	  0.0	0.000	5.651	5.651
145	  A	  2.5	  0.0	0.000	5.651	5.651
146	  T	  2.2	  0.0	0.000	5.651	5.651
147	  T	  5.1	  0.0	0.105	5.651	5.651
148	  I	  5.4	  0.0	0.105	5.651	5.651
149	  E	  4.5	  0.0	0.105	0.136	0.136
150	  T	  2.9	  0.0	0.105	0.882	0.882
151	  I	  2.7	  0.0	0.105	2.192	2.192
152	  Y	  5.5	  0.0	0.105	2.192	2.192
153	  N	  4.2	  0.0	0.000	2.192	2.192
154	  W	  4.8	  0.0	0.000	2.192	2.192
155	  Y	  2.9	  0.0	0.000	2.192	2.192
156	  D	  1.7	  0.3	0.223	0.000	0.000
157	  A	  0.8	  0.7	0.223	0.000	0.000
158	  E	  0.1	  0.7	0.223	0.000	0.000
159	  D	  0.2	  0.6	0.223	0.000	0.000
160	  Y	  1.4	  0.4	0.223	0.000	0.000
161	  H	  1.6	  0.5	0.223	0.000	0.000
162	  Q	  2.1	  0.5	0.114	0.000	0.000
163	  N	  1.0	  0.5	3.437	0.000	0.000
164	  Y	  1.1	  0.4	3.437	0.000	0.000
165	  L	  0.9	  0.0	3.437	0.000	0.000
166	  T	  1.3	  0.3	3.437	0.000	0.000
167	  K	  1.0	  0.3	3.437	0.000	0.000
168	  N	  0.6	  0.7	3.437	0.000	0.000
169	  S	  0.1	  1.2	0.465	0.000	0.000
170	  G	  0.0	  1.0	0.097	0.000	0.000
171	  G	  0.1	  0.9	0.000	0.000	0.000
172	  Y	 10.8	  0.5	0.000	0.000	0.000
173	  E	 10.8	  0.0	0.000	0.000	0.000
174	  C	 10.8	  0.5	0.000	0.000	0.000
175	  P	  0.0	  0.5	0.000	0.000	0.000
176	  T	  2.7	  0.5	0.000	0.000	0.000
177	  H	  5.2	  0.5	0.000	0.000	0.000
178	  F	  6.4	  0.0	0.000	0.000	0.000
179	  I	  4.8	  0.0	0.000	0.000	0.000
180	  R	  2.6	  0.0	0.000	0.000	0.000
181	  T	  1.6	  0.0	0.000	0.000	0.000
182	  K	  0.5	  0.1	0.000	0.000	0.000
183	  P	  0.2	  0.1	0.000	0.000	0.000
184	  K	  0.0	  0.1	0.000	0.000	0.000
185	  I	  0.0	  0.1	0.000	0.000	0.000
