res	aa	Beta	Turn	Helix	Aggregation	Conc-Stab_Aggregation
01	  M	  1.8	  0.0	0.000	0.000	0.000
02	  S	  2.1	  0.0	5.526	0.000	0.000
03	  I	  2.7	  0.0	5.526	0.000	0.000
04	  L	  1.4	  0.0	5.526	0.000	0.000
05	  E	  1.5	  0.0	5.979	0.000	0.000
06	  L	  1.1	  0.1	5.979	0.000	0.000
07	  S	  0.9	  0.1	8.850	0.000	0.000
08	  K	  0.9	  0.1	7.231	0.000	0.000
09	  E	  3.2	  0.1	7.152	0.000	0.000
10	  I	  3.1	  0.1	7.262	0.000	0.000
11	  D	  2.7	  0.2	11.116	0.000	0.000
12	  K	  0.5	  0.2	11.241	0.000	0.000
13	  L	  0.3	  0.1	11.139	0.000	0.000
14	  A	  0.6	  0.1	10.892	0.000	0.000
15	  K	  1.6	  0.0	10.624	0.000	0.000
16	  I	  2.5	  0.0	8.892	0.000	0.000
17	  I	  2.3	  0.0	8.892	0.000	0.000
18	  N	  1.0	  0.2	10.251	0.000	0.000
19	  E	  0.4	  0.3	8.147	0.000	0.000
20	  K	  0.3	  0.3	5.074	0.000	0.000
21	  N	  0.4	  0.3	3.612	0.000	0.000
22	  K	  0.2	  0.2	3.547	0.000	0.000
23	  E	  0.3	  0.1	3.774	0.000	0.000
24	  L	  0.2	  0.2	3.508	0.000	0.000
25	  E	  0.2	  0.1	3.314	0.000	0.000
26	  T	  2.7	  0.1	4.017	0.000	0.000
27	  L	  2.8	  0.1	4.017	0.000	0.000
28	  Q	  2.9	  0.2	3.847	0.000	0.000
29	  K	  0.4	  0.2	2.342	0.000	0.000
30	  N	  0.9	  0.8	1.243	0.000	0.000
31	  Y	  1.7	  0.9	0.946	0.000	0.000
32	  D	  1.6	  0.8	0.715	0.000	0.000
33	  S	  1.1	  0.8	0.260	0.000	0.000
34	  K	  0.7	  0.2	0.106	0.000	0.000
35	  L	  0.8	  0.1	0.000	0.000	0.000
36	  H	  3.8	  0.1	0.000	0.000	0.000
37	  T	  8.5	  0.0	0.000	0.000	0.000
38	  I	  8.7	  0.0	0.000	0.000	0.000
39	  N	  5.8	  0.0	0.000	0.000	0.000
40	  K	  0.9	  0.0	0.000	0.000	0.000
41	  Y	  1.4	  0.0	0.000	0.000	0.000
42	  I	  1.7	  0.0	0.000	0.000	0.000
43	  E	  1.4	  0.1	0.000	0.000	0.000
44	  S	 10.3	  0.1	0.000	0.000	0.000
45	  I	 10.0	  0.1	0.000	0.000	0.000
46	  S	 10.0	  2.1	0.000	0.000	0.000
47	  P	  0.3	  2.2	0.000	0.000	0.000
48	  S	  0.7	  2.3	0.000	0.000	0.000
49	  T	  0.7	  2.3	0.000	0.000	0.000
50	  T	  0.8	  0.3	0.000	0.000	0.000
51	  G	  0.2	  0.2	0.000	0.000	0.000
52	  T	  0.8	  0.1	0.000	0.000	0.000
53	  V	  0.7	  0.1	0.116	0.000	0.000
54	  P	  0.7	  0.1	2.200	0.000	0.000
55	  E	  0.0	  0.1	2.872	0.000	0.000
56	  E	  0.0	  0.1	2.872	0.000	0.000
57	  Q	  0.3	  0.1	2.872	0.000	0.000
58	  L	  0.8	  0.1	2.872	4.347	4.347
59	  I	  1.8	  0.0	2.872	4.347	4.347
60	  N	  1.6	  0.0	2.872	4.347	4.347
61	  A	  1.4	  0.0	2.216	4.347	4.347
62	  I	  1.7	  0.0	1.918	4.347	4.347
63	  S	  1.6	  0.0	1.918	0.484	0.484
64	  K	  1.3	  0.0	0.494	0.000	0.000
65	  P	  0.1	  0.0	0.000	0.000	0.000
66	  I	  3.2	  0.0	0.000	0.000	0.000
67	  E	  3.2	  0.0	0.000	0.000	0.000
68	  C	  3.2	  0.8	0.000	0.000	0.000
69	  P	  0.0	  0.8	0.000	0.000	0.000
70	  H	  1.1	  0.8	0.000	0.000	0.000
71	  C	  3.3	  0.8	0.000	0.000	0.000
72	  H	  3.7	  0.1	0.000	0.000	0.000
73	  Q	  2.9	  0.1	0.000	0.000	0.000
74	  K	  0.8	  0.1	0.000	0.000	0.000
75	  L	  0.7	  0.2	0.000	0.000	0.000
76	  W	  0.6	  0.2	0.000	0.000	0.000
77	  D	  0.5	  0.3	0.180	0.000	0.000
78	  N	  0.4	  0.4	0.337	0.000	0.000
79	  Q	  0.3	  0.3	0.337	0.000	0.000
80	  E	  0.5	  0.2	0.337	0.000	0.000
81	  K	  0.9	  0.3	0.337	0.000	0.000
82	  S	  1.5	  0.2	0.337	5.097	5.097
83	  T	  4.6	  0.1	0.156	5.497	5.497
84	  F	  4.7	  0.1	0.156	6.240	6.240
85	  L	  5.4	  0.0	0.000	6.240	6.240
86	  L	  2.2	  0.0	0.000	6.240	6.240
87	  I	  1.5	  0.0	0.000	1.424	1.424
88	  P	  0.1	  0.1	0.000	1.064	1.064
89	  K	  0.3	  0.1	0.000	0.000	0.000
90	  Q	  0.4	  0.1	0.000	0.000	0.000
91	  K	  1.7	  0.2	0.000	0.000	0.000
92	  I	  2.8	  0.1	0.000	0.000	0.000
93	  D	  2.8	  0.1	0.000	0.000	0.000
94	  T	  2.9	  0.1	0.000	0.000	0.000
95	  K	  2.1	  0.1	0.000	0.000	0.000
96	  F	  2.4	  0.1	0.000	0.000	0.000
97	  D	  1.3	  0.1	0.000	0.000	0.000
98	  T	  2.6	  0.1	0.000	2.931	2.931
99	  T	  5.9	  0.1	0.000	2.931	2.931
100	  V	 12.4	  0.0	0.000	2.931	2.931
101	  A	 10.9	  0.0	0.000	2.931	2.931
102	  V	  8.0	  0.1	0.000	2.931	2.931
103	  R	  1.3	  0.1	0.000	0.000	0.000
104	  D	  0.7	  0.1	0.000	0.000	0.000
105	  E	  0.0	  0.1	0.000	0.000	0.000
106	  Q	  0.0	  0.2	0.000	0.000	0.000
107	  P	  0.0	  0.2	0.000	0.000	0.000
108	  Q	  0.3	  0.2	0.000	0.000	0.000
109	  Q	  1.2	  0.2	0.000	0.000	0.000
110	  L	  1.5	  0.1	0.000	0.000	0.000
111	  T	  3.9	  0.1	0.000	0.000	0.000
112	  T	  3.8	  0.1	0.000	0.000	0.000
113	  S	  4.2	  0.1	0.000	0.000	0.000
114	  T	  4.2	  0.2	0.000	0.000	0.000
115	  T	  3.5	  0.4	0.132	0.000	0.000
116	  S	  2.8	  0.4	0.132	0.000	0.000
117	  N	  0.1	  0.5	0.322	0.000	0.000
118	  K	  0.3	  0.5	0.322	0.000	0.000
119	  Q	  0.4	  0.2	0.322	0.000	0.000
120	  K	  0.5	  0.3	0.322	0.000	0.000
121	  K	  0.4	  0.2	0.189	0.000	0.000
122	  K	  0.4	  0.2	0.189	0.000	0.000
123	  T	  0.7	  0.1	0.000	0.000	0.000
124	  N	  2.5	  0.1	0.000	0.000	0.000
125	  I	  4.8	  0.0	0.000	0.400	0.400
126	  V	  5.3	  0.0	0.000	0.400	0.400
127	  C	  4.6	  0.2	0.000	0.400	0.400
128	  S	  4.8	  0.2	0.120	0.400	0.400
129	  Y	  5.0	  0.2	0.120	0.400	0.400
130	  C	  4.3	  0.2	0.120	0.000	0.000
131	  K	  3.7	  0.0	0.120	0.000	0.000
132	  M	  2.7	  0.2	0.120	0.000	0.000
133	  T	  2.3	  0.4	0.120	0.000	0.000
134	  G	  0.3	  0.4	0.120	0.000	0.000
135	  H	  0.8	  0.4	0.120	0.000	0.000
136	  T	  1.0	  0.3	0.387	0.000	0.000
137	  R	  1.0	  0.1	0.387	0.000	0.000
138	  A	  0.4	  0.1	0.387	0.000	0.000
139	  K	  1.0	  0.1	0.387	0.000	0.000
140	  C	  2.3	  0.1	0.528	0.000	0.000
141	  R	  2.4	  0.2	0.528	0.000	0.000
142	  K	  1.8	  0.2	0.321	0.000	0.000
143	  R	  2.8	  0.2	0.141	0.000	0.000
144	  L	  3.1	  0.1	0.141	0.000	0.000
145	  N	  3.0	  0.0	0.141	0.000	0.000
146	  T	  0.6	  0.0	0.000	0.000	0.000
147	  P	  0.1	  0.0	0.000	0.000	0.000
148	  V	  0.0	  0.0	0.000	0.000	0.000
