res	aa	Beta	Turn	Helix	Aggregation	Conc-Stab_Aggregation
01	  M	  1.2	  0.0	0.000	0.000	0.000
02	  V	  1.4	  0.0	0.000	0.000	0.000
03	  D	  1.4	  0.1	0.000	0.000	0.000
04	  P	  0.2	  0.1	0.000	0.422	0.422
05	  F	  1.0	  0.1	0.000	2.416	2.416
06	  F	 13.0	  0.1	0.000	2.416	2.416
07	  T	 19.3	  0.0	0.000	2.416	2.416
08	  F	 18.8	  0.0	0.000	2.416	2.416
09	  H	  7.2	  0.1	0.000	1.994	1.994
10	  S	  0.7	  1.6	0.000	0.000	0.000
11	  R	  0.3	  1.9	0.000	0.000	0.000
12	  D	  0.3	  2.0	0.401	0.000	0.000
13	  D	  0.5	  2.2	0.636	0.000	0.000
14	  Y	  5.3	  0.7	0.636	0.762	0.762
15	  N	  6.3	  0.4	1.166	1.267	1.267
16	  V	  8.9	  0.3	1.166	30.629	30.629
17	  Q	  6.8	  0.0	1.386	33.056	33.056
18	  F	  6.9	  0.0	1.588	91.226	91.226
19	  Y	  5.4	  0.0	1.828	95.373	95.373
20	  Y	  3.5	  0.0	1.503	95.418	95.418
21	  A	  3.0	  0.0	1.503	95.184	95.184
22	  I	  2.4	  0.0	1.503	94.974	94.974
23	  I	  2.7	  0.0	1.503	87.988	87.988
24	  N	  2.1	  0.2	1.503	3.666	3.666
25	  S	  2.2	  0.2	0.894	0.215	0.215
26	  H	  1.8	  0.2	0.091	0.009	0.009
27	  R	  3.5	  0.2	0.000	0.000	0.000
28	  Y	  4.0	  0.0	0.000	0.000	0.000
29	  T	  3.7	  0.1	0.000	0.000	0.000
30	  T	  2.2	  0.1	0.000	0.000	0.000
31	  D	  1.7	  0.1	0.000	0.000	0.000
32	  I	  1.7	  0.2	0.000	0.000	0.000
33	  K	  1.5	  0.3	0.000	0.000	0.000
34	  H	  0.5	  0.6	0.000	0.000	0.000
35	  G	  0.1	  0.7	0.000	0.000	0.000
36	  G	  0.0	  0.6	0.000	0.106	0.106
37	  S	  0.6	  0.4	0.623	2.221	2.221
38	  I	  2.5	  0.1	0.623	9.308	9.308
39	  I	  4.8	  0.0	0.939	9.577	9.577
40	  S	  4.6	  0.0	6.909	9.577	9.577
41	  I	  3.5	  0.0	6.909	9.577	9.577
42	  A	  1.1	  0.0	7.081	8.196	8.196
43	  A	  1.1	  0.0	7.081	4.106	4.106
44	  K	  0.5	  0.0	7.081	0.371	0.371
45	  L	  0.9	  0.0	6.554	0.371	0.371
46	  L	  1.0	  0.0	5.687	0.371	0.371
47	  Y	  1.2	  0.0	4.518	0.371	0.371
48	  D	  0.7	  0.2	1.823	0.371	0.371
49	  K	  1.2	  0.2	0.968	0.000	0.000
50	  H	  1.0	  0.2	0.267	0.000	0.000
51	  T	  1.0	  0.1	0.000	0.000	0.000
52	  P	  0.1	  0.0	0.000	0.000	0.000
53	  I	  1.2	  0.0	0.000	0.000	0.000
54	  Y	  3.7	  0.0	0.000	0.000	0.000
55	  Q	  4.2	  0.0	0.000	0.000	0.000
56	  V	  7.3	  0.0	0.000	0.000	0.000
57	  H	  5.3	  0.0	0.000	0.000	0.000
58	  L	  5.0	  0.0	0.000	0.000	0.000
59	  H	  3.0	  0.0	0.000	0.000	0.000
60	  K	  2.6	  0.0	0.000	0.000	0.000
61	  I	  2.4	  0.4	0.000	0.000	0.000
62	  P	  0.1	  0.4	0.000	0.000	0.000
63	  N	  0.0	  2.5	0.000	0.000	0.000
64	  S	  0.1	  2.6	0.363	0.000	0.000
65	  N	  0.2	  2.4	1.426	0.000	0.000
66	  S	  0.4	  2.4	3.441	0.000	0.000
67	  T	  0.4	  0.3	7.958	0.000	0.000
68	  E	  0.5	  0.2	8.136	0.000	0.000
69	  I	  4.1	  0.0	8.136	0.000	0.000
70	  I	  4.6	  0.0	8.136	0.000	0.000
71	  R	  4.7	  0.0	8.136	0.000	0.000
72	  K	  1.0	  0.0	8.006	0.000	0.000
73	  R	  0.7	  0.0	4.846	0.000	0.000
74	  W	  0.9	  0.0	2.096	0.000	0.000
75	  L	  1.0	  0.0	1.163	0.000	0.000
76	  F	  1.2	  0.0	1.211	0.000	0.000
77	  A	  0.9	  0.2	0.752	0.000	0.000
78	  K	  0.6	  0.3	0.653	0.000	0.000
79	  N	  0.1	  0.3	0.273	0.000	0.000
80	  K	  0.4	  0.3	0.168	0.000	0.000
81	  Q	  2.0	  0.1	0.168	0.000	0.000
82	  I	  3.2	  0.1	0.000	0.000	0.000
83	  K	  3.1	  0.2	0.000	0.000	0.000
84	  S	  2.2	  1.0	0.000	0.000	0.000
85	  S	  1.8	  1.8	0.000	0.000	0.000
86	  S	  2.5	  2.6	0.000	0.000	0.000
87	  S	  1.8	  2.6	0.128	0.000	0.000
88	  S	  1.3	  1.8	0.418	0.000	0.000
89	  K	  1.0	  1.0	0.418	0.000	0.000
90	  I	  2.2	  0.1	0.418	0.000	0.000
91	  L	  2.1	  0.1	0.418	0.000	0.000
92	  S	  1.7	  0.2	0.979	0.000	0.000
93	  K	  0.4	  0.6	0.979	0.000	0.000
94	  K	  0.2	  0.6	0.561	0.000	0.000
95	  D	  0.2	  0.6	0.561	0.000	0.000
96	  L	  0.7	  0.5	0.561	0.000	0.000
97	  V	  1.0	  0.3	0.561	0.000	0.000
98	  D	  0.9	  0.3	0.887	0.000	0.000
99	  D	  0.8	  0.3	0.461	0.000	0.000
100	  F	  1.7	  0.2	0.326	0.000	0.000
101	  I	  2.5	  0.0	0.326	0.000	0.000
102	  I	  7.2	  0.0	0.326	0.000	0.000
103	  D	  6.1	  0.0	0.326	0.000	0.000
104	  I	  6.5	  0.2	0.326	0.000	0.000
105	  A	  1.3	  0.6	0.326	0.000	0.000
106	  G	  1.2	  0.8	0.326	0.000	0.000
107	  S	  0.1	  1.0	0.181	0.000	0.000
108	  R	  0.2	  0.8	0.000	0.000	0.000
109	  G	  0.2	  0.4	0.000	2.084	2.084
110	  I	  2.6	  0.2	0.000	25.285	25.285
111	  M	  2.9	  0.0	0.000	25.691	25.691
112	  I	  3.2	  0.0	0.000	26.015	26.015
113	  D	  0.8	  0.0	0.255	26.039	26.039
114	  K	  2.4	  0.0	0.255	26.168	26.168
115	  V	  9.0	  0.0	0.255	83.869	83.869
116	  I	 10.1	  0.0	0.255	94.300	94.300
117	  L	  9.5	  0.0	0.255	94.257	94.257
118	  S	  3.5	  0.0	0.255	93.957	93.957
119	  V	  5.6	  0.0	0.000	93.931	93.931
120	  V	 12.0	  0.0	0.000	87.574	87.574
121	  D	 11.8	  0.5	0.000	0.129	0.129
122	  V	  9.7	  0.5	0.000	0.119	0.119
123	  D	  1.7	  0.5	0.316	0.000	0.000
124	  Q	  1.9	  0.5	0.316	0.000	0.000
125	  M	  1.5	  0.0	0.316	0.000	0.000
126	  T	  2.7	  0.1	0.316	0.000	0.000
127	  S	  2.0	  0.1	0.316	0.000	0.000
128	  S	  4.3	  0.4	0.436	0.000	0.000
129	  I	  4.3	  0.5	0.119	0.000	0.000
130	  D	  4.2	  0.8	0.119	0.000	0.000
131	  T	  1.5	  1.5	0.119	0.000	0.000
132	  G	  0.2	  1.4	0.119	0.000	0.000
133	  S	  0.2	  3.0	0.119	0.000	0.000
134	  S	  0.2	  2.7	0.000	0.000	0.000
135	  N	  0.2	  2.1	0.000	0.000	0.000
136	  S	  1.7	  1.9	0.000	0.000	0.000
137	  L	  1.8	  0.3	0.000	0.000	0.000
138	  T	  2.4	  0.3	0.000	0.000	0.000
139	  R	  0.8	  0.3	0.000	0.000	0.000
140	  T	  0.7	  0.3	0.000	0.000	0.000
141	  G	  0.2	  0.3	0.000	0.000	0.000
142	  F	  3.4	  0.1	0.000	0.000	0.000
143	  T	  3.4	  0.0	0.000	0.000	0.000
144	  N	  3.2	  1.5	0.000	0.000	0.000
145	  P	  0.0	  1.5	0.000	0.000	0.000
146	  S	  1.1	  1.5	0.000	0.000	0.000
147	  V	  5.3	  1.5	0.000	0.000	0.000
148	  I	  6.1	  0.0	0.000	0.000	0.000
149	  S	  5.4	  0.1	0.136	0.000	0.000
150	  T	  2.6	  0.1	0.136	0.000	0.000
151	  K	  1.9	  0.2	0.136	0.000	0.000
152	  T	  1.7	  0.4	0.136	0.000	0.000
153	  S	  0.3	  0.5	0.136	0.000	0.000
154	  N	  0.3	  0.6	0.136	0.000	0.000
155	  S	  1.6	  1.0	0.000	0.000	0.000
156	  Q	  1.6	  0.8	0.000	0.000	0.000
157	  S	  4.3	  0.6	0.000	0.000	0.000
158	  I	  6.2	  0.5	0.000	0.000	0.000
159	  T	  7.6	  0.0	0.000	0.000	0.000
160	  T	  6.4	  0.0	0.000	0.000	0.000
161	  T	  4.7	  0.1	0.000	0.000	0.000
162	  T	  5.6	  0.1	0.000	0.000	0.000
163	  T	  4.1	  0.7	0.000	0.000	0.000
164	  K	  2.6	  1.1	0.000	0.000	0.000
165	  G	  0.1	  1.2	0.000	0.000	0.000
166	  S	  0.1	  1.2	0.000	0.000	0.000
167	  S	  0.8	  0.7	0.000	0.000	0.000
168	  A	  0.9	  0.3	0.000	0.000	0.000
169	  T	  2.6	  0.2	0.000	0.000	0.000
170	  T	  3.5	  0.2	0.000	0.000	0.000
171	  T	  4.0	  0.1	0.000	0.000	0.000
172	  T	  3.4	  0.2	0.000	0.000	0.000
173	  A	  1.9	  0.2	0.000	0.000	0.000
174	  T	  2.4	  0.5	0.000	0.000	0.000
175	  A	  1.3	  0.6	0.000	0.000	0.000
176	  T	  1.2	  0.8	0.000	0.000	0.000
177	  G	  0.1	  0.9	0.000	0.000	0.000
178	  A	  0.1	  0.6	0.000	0.000	0.000
179	  T	  0.1	  0.6	0.000	0.000	0.000
180	  E	  0.1	  0.2	0.000	0.119	0.119
181	  T	 11.4	  0.1	0.000	0.309	0.309
182	  I	 14.4	  0.1	0.000	0.309	0.309
183	  T	 15.8	  0.0	0.000	0.309	0.309
184	  T	  6.6	  0.0	0.000	0.309	0.309
185	  T	  3.9	  0.0	0.000	0.309	0.309
186	  K	  3.6	  0.0	0.000	0.119	0.119
187	  I	  5.0	  0.0	0.000	16.787	16.787
188	  I	 14.4	  0.0	0.000	16.944	16.944
189	  T	 21.5	  0.0	0.000	16.944	16.944
190	  I	 19.9	  0.0	0.000	16.944	16.944
191	  T	 12.1	  0.0	0.000	16.825	16.825
192	  S	 19.0	  0.2	0.000	2.461	2.461
193	  C	 17.5	  0.7	0.000	0.512	0.512
194	  S	 16.1	  1.0	0.000	0.211	0.211
195	  N	  0.2	  1.0	0.000	0.000	0.000
196	  D	  0.4	  0.8	0.000	0.000	0.000
197	  I	  0.7	  0.3	0.000	0.000	0.000
198	  C	  2.0	  0.0	0.000	0.000	0.000
199	  H	  2.2	  0.0	0.000	0.000	0.000
200	  L	  2.2	  0.0	0.000	0.000	0.000
201	  T	  4.3	  0.0	0.000	0.000	0.000
202	  T	  4.4	  0.0	0.000	0.000	0.000
203	  V	  4.1	  0.0	0.000	0.000	0.000
204	  P	  0.7	  0.2	0.000	0.000	0.000
205	  A	  0.4	  0.2	0.000	0.160	0.160
206	  S	  1.8	  0.2	0.000	0.577	0.577
207	  L	  2.0	  0.2	0.000	4.869	4.869
208	  T	  3.6	  0.0	0.000	5.153	5.153
209	  T	 12.7	  0.0	0.000	5.746	5.746
210	  V	 14.0	  0.0	0.000	6.857	6.857
211	  T	 13.6	  0.1	0.000	6.509	6.509
212	  T	  3.2	  0.1	0.000	5.487	5.487
213	  T	  1.6	  0.2	0.000	4.942	4.942
214	  G	  0.1	  0.2	0.000	4.789	4.789
215	  T	  5.3	  0.1	0.000	7.192	7.192
216	  V	  7.6	  0.0	0.000	10.558	10.558
217	  Y	  9.0	  0.0	0.000	10.356	10.356
218	  T	  7.1	  0.0	0.000	8.965	8.965
219	  T	 10.6	  0.0	0.000	8.209	8.209
220	  Y	  9.3	  0.0	0.000	7.301	7.301
221	  L	  6.2	  0.0	0.000	0.242	0.242
222	  P	  0.2	  0.0	0.000	0.129	0.129
223	  I	  1.1	  0.0	0.000	0.500	0.500
224	  N	  1.3	  0.0	0.000	0.500	0.500
225	  S	  4.8	  0.0	0.099	1.680	1.680
226	  V	  4.3	  0.0	0.099	11.959	11.959
227	  E	  4.1	  0.0	0.099	12.670	12.670
228	  T	  5.9	  0.0	0.099	13.400	13.400
229	  V	  9.4	  0.0	0.099	13.400	13.400
230	  V	 10.1	  0.0	0.099	13.400	13.400
231	  S	  5.2	  0.1	0.099	13.400	13.400
232	  T	  1.6	  0.1	0.000	13.400	13.400
233	  K	  1.9	  0.0	0.000	12.670	12.670
234	  I	  5.1	  0.0	0.000	26.999	26.999
235	  I	 14.7	  0.0	0.000	27.136	27.136
236	  T	 21.7	  0.0	0.000	26.233	26.233
237	  I	 20.0	  0.0	0.000	25.750	25.750
238	  T	 12.1	  0.0	0.000	18.736	18.736
239	  S	 18.9	  0.2	0.000	2.340	2.340
240	  C	 17.4	  0.7	0.000	0.260	0.260
241	  S	 16.0	  1.1	0.000	0.000	0.000
242	  N	  0.2	  1.6	0.000	0.000	0.000
243	  N	  0.0	  2.0	0.000	0.000	0.000
244	  N	  0.0	  2.3	0.000	0.000	0.000
245	  N	  0.0	  2.5	0.000	0.000	0.000
246	  N	  0.0	  2.0	0.000	0.000	0.000
247	  N	  0.2	  1.4	0.000	0.000	0.000
248	  H	  1.0	  0.6	0.000	0.000	0.000
249	  V	  2.8	  0.0	0.000	0.000	0.000
250	  C	  2.8	  0.0	0.000	0.000	0.000
251	  H	  2.0	  0.4	0.000	0.000	0.000
252	  P	  0.2	  0.4	0.000	0.000	0.000
253	  T	  2.1	  0.4	0.000	1.250	1.250
254	  T	  5.8	  0.4	0.000	1.250	1.250
255	  V	  6.9	  0.0	0.000	1.250	1.250
256	  L	  4.9	  0.0	0.000	1.250	1.250
257	  A	  1.2	  0.0	0.000	1.250	1.250
258	  T	  0.2	  0.3	0.000	0.000	0.000
259	  P	  0.1	  0.4	0.000	0.000	0.000
260	  S	  0.2	  0.4	0.000	0.000	0.000
261	  T	  3.2	  0.4	0.000	0.000	0.000
262	  M	  3.7	  0.1	0.000	0.000	0.000
263	  T	  5.0	  0.1	0.000	0.000	0.000
264	  K	  2.7	  0.1	0.000	0.000	0.000
265	  T	  5.9	  0.1	0.000	0.000	0.000
266	  I	  4.5	  0.2	0.000	0.000	0.000
267	  D	  3.8	  0.1	0.000	0.000	0.000
268	  N	  1.2	  0.1	0.564	0.000	0.000
269	  T	 12.1	  0.1	1.448	0.000	0.000
270	  I	 12.6	  0.0	1.448	0.000	0.000
271	  T	 11.7	  0.0	2.037	0.000	0.000
272	  E	  0.7	  0.0	2.295	0.000	0.000
273	  Y	  0.7	  0.0	2.295	0.000	0.000
274	  I	 15.1	  0.0	2.108	0.000	0.000
275	  T	 26.3	  0.0	2.108	0.000	0.000
276	  Y	 26.0	  0.0	2.108	0.000	0.000
277	  C	 12.5	  0.2	2.216	0.000	0.000
278	  P	  0.2	  0.2	0.108	0.000	0.000
279	  L	  0.3	  0.2	0.108	0.000	0.000
280	  T	  3.7	  0.2	0.108	0.000	0.000
281	  Q	  3.8	  0.0	0.108	0.000	0.000
282	  Q	  3.5	  0.1	0.108	0.000	0.000
283	  P	  0.1	  0.2	0.000	0.000	0.000
284	  E	  0.0	  0.2	0.000	0.000	0.000
285	  Q	  0.7	  0.2	0.000	0.000	0.000
286	  L	  0.8	  0.1	0.000	0.000	0.000
287	  S	  1.3	  0.1	0.000	0.000	0.000
288	  T	  9.0	  0.0	0.000	0.000	0.000
289	  I	  9.1	  0.0	0.000	0.000	0.000
290	  N	  8.7	  0.3	0.121	0.000	0.000
291	  P	  0.3	  0.3	0.121	0.000	0.000
292	  Y	  1.3	  0.4	0.121	0.000	0.000
293	  T	  1.3	  0.6	0.121	0.000	0.000
294	  G	  1.3	  0.6	0.121	0.000	0.000
295	  A	  0.2	  0.6	0.121	0.000	0.000
296	  S	  0.9	  0.7	0.000	0.000	0.000
297	  A	  1.0	  0.4	0.000	0.165	0.165
298	  T	  1.7	  0.2	0.000	0.361	0.361
299	  S	  4.2	  0.2	0.000	0.868	0.868
300	  V	  6.5	  0.0	0.000	5.243	5.243
301	  T	  6.7	  0.0	0.000	5.363	5.363
302	  A	  4.2	  0.0	0.000	5.363	5.363
303	  T	 12.1	  0.0	0.000	5.363	5.363
304	  I	 13.2	  0.0	0.000	5.363	5.363
305	  T	 14.3	  0.0	0.000	2.070	2.070
306	  S	  5.8	  0.0	0.000	0.317	0.317
307	  C	  5.9	  0.0	0.000	0.136	0.136
308	  W	  4.3	  0.0	0.000	0.136	0.136
309	  E	  2.5	  0.1	0.000	0.000	0.000
310	  E	  0.5	  0.1	0.000	0.000	0.000
311	  T	  5.8	  0.1	0.000	0.018	0.018
312	  C	  5.8	  0.2	0.000	0.086	0.086
313	  Q	  6.6	  0.1	0.000	0.897	0.897
314	  T	  3.0	  0.1	0.000	20.810	20.810
315	  Y	  3.6	  0.1	0.000	56.509	56.509
316	  I	  6.2	  0.0	0.000	66.518	66.518
317	  T	  5.8	  0.0	0.381	67.375	67.375
318	  T	  5.7	  0.0	0.789	68.829	68.829
319	  T	  2.5	  0.0	1.251	71.217	71.217
320	  A	  0.9	  0.0	1.251	75.186	75.186
321	  A	  0.3	  0.0	1.251	79.881	79.881
322	  A	  0.1	  0.0	1.251	85.424	85.424
323	  A	  0.2	  0.0	1.251	91.642	91.642
324	  A	  1.1	  0.0	0.889	94.437	94.437
325	  V	  7.8	  0.0	0.000	94.508	94.508
326	  I	 11.6	  0.0	0.000	94.164	94.164
327	  I	 14.4	  0.0	0.000	89.835	89.835
328	  T	  8.5	  0.0	0.000	36.138	36.138
329	  Q	  4.5	  0.1	0.000	1.053	1.053
330	  T	  0.9	  0.1	0.000	0.393	0.393
331	  E	  3.4	  0.1	0.000	0.000	0.000
332	  I	  6.5	  0.0	0.000	0.000	0.000
333	  T	  8.2	  0.0	0.000	0.000	0.000
334	  T	 10.6	  0.0	0.000	0.000	0.000
335	  V	  7.8	  0.0	0.000	0.000	0.000
336	  E	  6.0	  0.0	0.000	0.000	0.000
337	  T	 10.6	  0.0	0.000	0.000	0.000
338	  V	 13.9	  0.0	0.000	0.000	0.000
339	  T	 14.4	  0.0	0.000	0.000	0.000
340	  H	  4.8	  0.1	0.000	0.000	0.000
341	  D	  0.9	  0.2	0.000	0.000	0.000
342	  T	  1.8	  0.2	0.000	4.385	4.385
343	  T	  4.7	  0.1	0.000	10.610	10.610
344	  T	  9.4	  0.1	0.000	34.349	34.349
345	  Y	  8.8	  0.0	0.000	72.945	72.945
346	  Y	  6.3	  0.0	0.000	82.968	82.968
347	  V	  7.6	  0.0	0.000	85.643	85.643
348	  T	 21.8	  0.0	0.000	85.369	85.369
349	  Y	 27.7	  0.0	0.000	84.679	84.679
350	  T	 30.4	  0.0	0.000	79.255	79.255
351	  I	 17.4	  0.0	0.000	75.495	75.495
352	  T	 11.2	  0.0	0.000	30.661	30.661
353	  S	  2.7	  0.1	0.000	3.578	3.578
354	  Q	  1.1	  0.1	0.000	0.180	0.180
355	  T	  0.4	  0.4	0.000	0.061	0.061
356	  S	  0.2	  0.4	0.000	0.000	0.000
357	  N	  0.3	  0.3	0.000	0.000	0.000
358	  Q	  0.7	  0.3	0.000	0.000	0.000
359	  V	  2.3	  0.0	0.000	0.000	0.000
360	  H	  2.7	  0.1	0.000	0.000	0.000
361	  T	  4.8	  0.1	0.000	0.000	0.000
362	  T	  4.1	  0.1	0.000	0.000	0.000
363	  K	  4.9	  0.1	0.000	0.000	0.000
364	  I	  2.4	  0.1	0.000	0.000	0.000
365	  N	  1.6	  0.2	0.000	0.000	0.000
366	  N	  0.2	  0.9	0.000	0.000	0.000
367	  E	  0.0	  1.2	0.000	0.000	0.000
368	  G	  0.0	  3.2	0.000	0.000	0.000
369	  G	  0.0	  3.1	0.000	0.000	0.000
370	  N	  0.2	  3.0	0.000	0.000	0.000
371	  T	  0.2	  2.6	0.000	0.000	0.000
372	  N	  0.2	  0.7	0.000	0.000	0.000
373	  E	  0.4	  0.7	0.000	0.000	0.000
374	  L	  0.7	  0.2	0.000	0.000	0.000
375	  S	  1.6	  1.1	0.000	0.000	0.000
376	  S	  1.4	  1.0	0.000	0.000	0.000
377	  S	  1.2	  1.0	0.000	0.000	0.000
378	  L	  0.3	  0.9	0.000	0.000	0.000
379	  P	  0.1	  0.0	0.000	0.000	0.000
380	  A	  0.4	  0.0	0.000	0.677	0.677
381	  I	  3.7	  0.0	0.000	1.484	1.484
382	  T	  5.3	  0.0	0.000	1.484	1.484
383	  T	  6.9	  0.0	0.000	1.484	1.484
384	  T	 10.0	  0.0	0.000	1.484	1.484
385	  V	  8.6	  0.3	0.000	1.484	1.484
386	  E	  6.6	  0.8	0.000	0.000	0.000
387	  G	  0.2	  1.0	0.000	0.000	0.000
388	  R	  0.1	  1.0	0.000	0.000	0.000
389	  G	  0.2	  0.7	0.000	0.000	0.000
390	  I	  0.2	  0.3	0.000	0.000	0.000
391	  S	  0.1	  0.2	0.000	0.000	0.000
392	  N	  0.2	  0.1	2.319	0.003	0.003
393	  K	  3.6	  0.1	3.031	0.070	0.070
394	  I	  3.8	  0.1	3.115	0.070	0.070
395	  E	  3.6	  0.1	3.286	0.070	0.070
396	  N	  0.1	  0.1	9.881	1.592	1.592
397	  L	  0.4	  0.1	10.073	39.263	39.263
398	  L	  1.9	  0.0	9.955	54.766	54.766
399	  S	  2.1	  0.0	11.500	57.458	57.458
400	  M	  2.5	  0.0	11.301	78.948	78.948
401	  L	  2.0	  0.0	11.166	96.449	96.449
402	  I	  4.7	  0.0	11.051	99.485	99.485
403	  M	  6.0	  0.0	11.051	99.743	99.743
404	  V	 11.0	  0.0	8.540	99.947	99.947
405	  M	 10.1	  0.0	8.540	99.895	99.895
406	  V	  9.2	  0.0	6.566	99.791	99.791
407	  M	  3.8	  0.0	6.442	98.491	98.491
408	  W	  2.7	  0.0	3.562	96.893	96.893
409	  F	  1.6	  0.0	1.491	93.983	93.983
410	  V	  1.2	  0.0	0.000	0.038	0.038
