res	aa	Beta	Turn	Helix	Aggregation	Conc-Stab_Aggregation
01	  M	  0.5	  0.0	0.000	0.000	0.000
02	  L	  0.7	  0.1	0.000	0.074	0.074
03	  S	  1.2	  0.6	1.818	0.080	0.080
04	  T	  0.8	  0.7	2.189	0.158	0.158
05	  N	  0.6	  0.7	4.114	0.289	0.289
06	  N	  0.1	  0.6	9.393	3.518	3.518
07	  L	  0.7	  0.1	9.652	83.455	83.455
08	  L	  1.8	  0.0	9.749	97.338	97.338
09	  I	  4.3	  0.0	9.749	99.748	99.748
10	  L	  4.3	  0.0	9.749	99.957	99.957
11	  L	  3.6	  0.0	9.749	99.993	99.993
12	  I	  2.0	  0.0	9.553	99.996	99.996
13	  F	  6.8	  0.0	9.553	99.959	99.959
14	  S	  6.8	  0.0	1.615	99.457	99.457
15	  F	  6.6	  0.0	0.742	99.394	99.394
16	  L	  1.4	  0.0	0.247	98.577	98.577
17	  I	  1.5	  0.0	0.247	93.877	93.877
18	  T	  1.5	  0.0	0.247	39.821	39.821
19	  N	  3.5	  0.0	0.247	7.265	7.265
20	  V	  5.9	  0.1	0.105	6.711	6.711
21	  K	  5.3	  0.5	0.105	0.014	0.014
22	  S	  2.9	  0.7	0.000	0.014	0.014
23	  D	  0.0	  0.9	0.000	0.014	0.014
24	  L	  0.0	  0.8	0.000	0.012	0.012
25	  G	  0.0	  0.4	0.000	0.000	0.000
26	  G	  0.0	  0.4	0.000	0.000	0.000
27	  P	  0.0	  0.2	0.000	0.000	0.000
28	  C	  3.4	  0.2	0.000	0.000	0.000
29	  F	  6.8	  0.2	0.000	0.000	0.000
30	  S	 12.5	  0.3	0.554	0.000	0.000
31	  M	  9.3	  0.4	0.554	0.000	0.000
32	  S	  6.4	  0.4	0.735	0.000	0.000
33	  T	  1.4	  0.4	0.735	0.000	0.000
34	  M	  1.2	  1.0	0.735	0.000	0.000
35	  E	  1.1	  0.9	0.735	0.000	0.000
36	  G	  0.2	  0.9	0.487	0.000	0.000
37	  F	  1.5	  1.1	0.487	0.173	0.173
38	  A	  1.6	  0.2	0.000	0.173	0.173
39	  C	  1.6	  0.2	0.000	0.173	0.173
40	  G	  0.2	  0.3	0.000	0.173	0.173
41	  L	  0.2	  0.2	0.000	0.173	0.173
42	  G	  0.1	  0.2	0.000	0.173	0.173
43	  V	  1.2	  0.1	0.000	0.173	0.173
44	  H	  1.4	  0.4	0.000	0.000	0.000
45	  K	  1.6	  0.4	0.000	0.000	0.000
46	  N	  1.1	  0.4	0.000	0.552	0.552
47	  I	  1.9	  0.4	0.000	5.381	5.381
48	  Q	  2.2	  0.0	0.000	5.381	5.381
49	  I	  5.9	  0.0	0.000	5.381	5.381
50	  I	  5.3	  0.1	0.000	5.381	5.381
51	  T	  5.1	  0.1	0.127	5.057	5.057
52	  D	  0.8	  0.1	0.127	0.000	0.000
53	  C	  1.5	  0.1	0.127	0.000	0.000
54	  L	  2.2	  0.0	0.127	0.000	0.000
55	  C	  4.5	  0.0	0.127	0.000	0.000
56	  Y	  3.5	  0.0	0.127	0.000	0.000
57	  I	  2.6	  1.4	0.000	0.000	0.000
58	  P	  0.1	  1.4	0.000	0.000	0.000
59	  G	  0.0	  1.4	0.000	0.000	0.000
60	  Y	  1.6	  1.4	0.000	0.000	0.000
61	  W	  2.2	  0.2	0.000	0.000	0.000
62	  E	  2.2	  0.2	0.000	0.000	0.000
63	  Q	  1.3	  0.5	0.000	0.000	0.000
64	  L	  0.7	  0.8	0.000	0.000	0.000
65	  D	  0.7	  1.1	0.166	0.000	0.000
66	  G	  0.1	  1.2	0.363	0.000	0.000
67	  C	  0.4	  1.0	0.709	0.000	0.000
68	  D	  0.4	  0.6	0.950	0.000	0.000
69	  K	  0.9	  0.2	0.950	0.000	0.000
70	  L	  0.8	  0.1	0.950	0.000	0.000
71	  V	  1.5	  0.0	0.785	0.000	0.000
72	  R	  0.9	  0.0	0.785	0.000	0.000
73	  G	  0.7	  0.4	0.654	0.000	0.000
74	  P	  0.0	  0.4	0.000	0.000	0.000
75	  H	  1.0	  0.4	0.000	0.000	0.000
76	  H	  1.1	  0.4	0.000	0.000	0.000
77	  T	  1.1	  0.0	0.000	0.000	0.000
78	  P	  0.1	  0.2	0.000	0.000	0.000
79	  I	  0.7	  0.6	0.000	0.000	0.000
80	  D	  0.6	  0.7	1.438	0.000	0.000
81	  G	  0.7	  0.7	1.875	0.000	0.000
82	  A	  0.2	  0.5	1.875	0.000	0.000
83	  E	  0.6	  0.1	1.875	0.000	0.000
84	  I	  1.2	  0.0	1.875	0.000	0.000
85	  C	  1.7	  0.1	2.220	0.000	0.000
86	  S	  1.3	  0.1	3.143	0.000	0.000
87	  R	  0.9	  0.3	3.272	0.000	0.000
88	  A	  0.2	  0.3	2.859	0.000	0.000
89	  S	  0.2	  0.2	4.653	0.000	0.000
90	  E	  0.4	  0.2	4.403	0.000	0.000
91	  Y	  1.0	  0.1	4.403	0.000	0.000
92	  A	  1.0	  0.0	4.209	0.000	0.000
93	  A	  0.7	  0.0	4.209	0.000	0.000
94	  N	  0.0	  0.6	4.209	0.000	0.000
95	  P	  0.0	  1.1	0.000	0.000	0.000
96	  A	  0.0	  1.1	0.000	0.000	0.000
97	  G	  0.2	  1.1	0.000	0.000	0.000
98	  F	  1.6	  0.6	0.000	0.000	0.000
99	  T	  1.6	  0.5	0.000	0.000	0.000
100	  G	  1.5	  0.6	0.000	0.000	0.000
101	  E	  0.1	  0.7	0.000	0.000	0.000
102	  T	  0.5	  0.5	0.000	0.000	0.000
103	  D	  1.4	  0.2	0.000	0.000	0.000
104	  Y	  3.6	  0.1	0.000	0.000	0.000
105	  Y	  4.5	  0.1	0.000	0.000	0.000
106	  E	  3.6	  0.2	0.000	0.000	0.000
107	  S	  1.6	  0.3	0.000	0.000	0.000
108	  S	  1.0	  0.3	0.000	0.000	0.000
109	  T	  2.9	  0.2	0.000	2.032	2.032
110	  T	  6.1	  0.1	0.000	5.405	5.405
111	  V	  7.8	  0.0	0.000	11.014	11.014
112	  M	  7.0	  0.0	0.000	11.320	11.320
113	  H	  5.4	  0.0	0.000	11.570	11.570
114	  V	 10.6	  0.0	0.000	11.570	11.570
115	  V	 13.0	  0.0	0.000	11.570	11.570
116	  M	 11.6	  0.1	0.000	9.116	9.116
117	  L	  5.4	  0.1	0.000	7.847	7.847
118	  D	  1.4	  0.1	0.000	0.000	0.000
119	  F	  1.0	  0.3	0.000	0.000	0.000
120	  P	  0.0	  0.2	0.000	0.000	0.000
121	  T	 44.0	  0.2	0.000	0.000	0.000
122	  Y	 44.2	  0.2	0.000	0.000	0.000
123	  S	 44.2	  1.1	0.000	0.000	0.000
124	  P	  0.3	  1.1	0.000	0.000	0.000
125	  G	  0.1	  1.1	0.000	0.000	0.000
126	  V	  1.9	  1.2	0.000	0.542	0.542
127	  T	  2.4	  0.1	0.000	0.542	0.542
128	  N	  2.4	  0.1	0.000	0.542	0.542
129	  F	  1.5	  0.2	0.000	0.542	0.542
130	  L	  1.2	  0.2	0.000	0.542	0.542
131	  D	  1.2	  1.7	0.000	0.000	0.000
132	  S	  1.1	  2.8	0.000	0.000	0.000
133	  S	  1.0	  4.8	0.000	0.000	0.000
134	  S	  0.9	  5.2	0.000	0.000	0.000
135	  N	  0.1	  3.7	0.000	0.000	0.000
136	  D	  0.2	  2.7	0.000	0.000	0.000
137	  L	  0.5	  0.5	0.000	0.000	0.000
138	  T	  2.1	  0.1	0.000	0.000	0.000
139	  T	  2.5	  0.1	0.000	0.000	0.000
140	  T	  2.8	  0.1	0.000	0.000	0.000
141	  N	  1.2	  0.7	0.000	0.000	0.000
142	  T	  0.7	  0.7	0.000	0.000	0.000
143	  D	  0.2	  0.7	0.126	0.000	0.000
144	  E	  3.6	  0.7	0.126	0.000	0.000
145	  I	  4.6	  0.1	0.126	0.000	0.000
146	  N	  4.6	  0.5	0.126	0.000	0.000
147	  S	  1.3	  0.5	0.126	0.000	0.000
148	  S	  3.0	  0.4	0.126	0.000	0.000
149	  I	  6.4	  0.4	0.000	0.000	0.000
150	  T	  6.7	  0.1	0.000	0.000	0.000
151	  T	  3.9	  0.1	0.000	0.000	0.000
152	  D	  0.5	  0.1	0.000	0.000	0.000
153	  E	  0.8	  0.1	0.000	0.000	0.000
154	  V	  1.3	  0.0	0.000	0.000	0.000
155	  I	  1.3	  0.2	0.000	0.000	0.000
156	  P	  0.6	  0.3	0.000	0.000	0.000
157	  S	  0.9	  1.2	0.000	0.000	0.000
158	  S	  1.7	  1.9	0.000	0.000	0.000
159	  S	  2.5	  2.7	0.000	0.000	0.000
160	  S	  1.9	  2.5	0.000	0.000	0.000
161	  S	  1.8	  1.7	0.000	0.000	0.000
162	  Y	  2.0	  0.9	0.000	0.000	0.000
163	  I	  8.9	  0.0	0.000	0.000	0.000
164	  E	  8.2	  0.0	0.000	0.000	0.000
165	  I	  7.3	  0.2	0.000	0.000	0.000
166	  P	  0.1	  0.2	0.000	0.000	0.000
167	  S	  0.0	  0.4	0.000	0.000	0.000
168	  E	  0.1	  0.4	0.000	0.000	0.000
169	  T	  0.9	  0.2	0.000	0.000	0.000
170	  L	  0.9	  0.1	0.000	0.000	0.000
171	  M	  1.0	  0.1	0.000	0.000	0.000
172	  E	  0.3	  0.2	0.000	0.000	0.000
173	  S	  0.4	  0.2	0.000	0.000	0.000
174	  S	 10.8	  0.3	0.000	0.000	0.000
175	  V	 11.5	  0.2	0.000	0.000	0.000
176	  S	 12.1	  0.1	0.000	0.000	0.000
177	  T	  1.8	  0.1	0.000	0.000	0.000
178	  Q	  0.9	  0.2	0.000	0.000	0.000
179	  P	  0.2	  0.3	0.000	0.000	0.000
180	  S	  0.5	  0.3	0.000	0.000	0.000
181	  T	  4.6	  0.3	0.000	0.000	0.000
182	  I	  5.1	  0.1	0.000	0.000	0.000
183	  E	  4.8	  0.1	0.000	0.000	0.000
184	  T	  0.7	  0.1	0.000	0.000	0.000
185	  S	  0.3	  0.2	0.000	0.000	0.000
186	  E	  0.3	  0.2	0.000	0.000	0.000
187	  T	  0.7	  0.3	0.000	0.000	0.000
188	  S	  0.8	  0.2	0.000	0.000	0.000
189	  H	  1.0	  0.3	0.000	0.000	0.000
190	  A	  0.5	  0.3	0.000	0.000	0.000
191	  T	  0.9	  0.3	0.112	0.000	0.000
192	  S	  1.6	  0.3	0.112	0.000	0.000
193	  L	  3.1	  0.1	0.112	0.000	0.000
194	  E	  5.4	  0.0	0.112	0.000	0.000
195	  V	  5.6	  0.0	0.112	1.370	1.370
196	  S	  4.1	  0.0	0.112	1.370	1.370
197	  S	  1.9	  0.0	0.000	1.993	1.993
198	  I	  4.9	  0.0	0.000	7.227	7.227
199	  I	  7.2	  0.0	0.000	7.227	7.227
200	  T	  6.7	  0.1	0.000	6.621	6.621
201	  G	  2.6	  0.1	0.000	6.256	6.256
202	  V	  1.3	  0.1	0.000	6.256	6.256
203	  S	  1.5	  0.1	0.000	0.263	0.263
204	  S	  1.5	  0.0	0.000	0.000	0.000
205	  E	  0.3	  0.0	0.000	0.000	0.000
206	  P	  0.0	  0.0	0.000	0.000	0.000
207	  L	  3.5	  0.0	0.000	0.638	0.638
208	  T	  8.2	  0.0	0.000	0.638	0.638
209	  I	 11.0	  0.0	0.000	0.638	0.638
210	  V	  7.9	  0.0	0.000	0.638	0.638
211	  S	  3.3	  2.9	0.000	0.638	0.638
212	  E	  0.5	  3.0	0.000	0.000	0.000
213	  S	  0.2	  3.2	0.000	0.000	0.000
214	  G	  0.0	  3.3	0.000	0.000	0.000
215	  G	  0.1	  0.5	0.000	0.000	0.000
216	  L	  0.5	  0.4	0.000	0.000	0.000
217	  N	  0.6	  0.4	0.141	0.000	0.000
218	  S	  0.7	  0.3	0.141	0.000	0.000
219	  T	  0.5	  0.2	0.141	0.000	0.000
220	  E	  1.1	  0.2	0.141	0.000	0.000
221	  I	  1.9	  0.1	0.141	0.000	0.000
222	  A	  2.0	  0.1	0.141	0.000	0.000
223	  S	  1.3	  0.1	0.141	0.000	0.000
224	  T	  0.2	  0.1	0.000	0.000	0.000
225	  P	  0.1	  0.0	0.000	0.776	0.776
226	  V	  7.2	  0.0	0.000	0.776	0.776
227	  V	 11.1	  0.0	0.000	0.776	0.776
228	  I	 15.1	  0.0	0.000	0.776	0.776
229	  T	  8.2	  0.0	0.000	0.776	0.776
230	  S	  4.2	  0.0	0.000	0.000	0.000
231	  P	  0.1	  0.0	0.000	0.000	0.000
232	  T	  0.1	  0.0	0.000	0.000	0.000
233	  P	  0.0	  0.0	0.000	0.000	0.000
234	  Q	  0.1	  0.0	0.000	0.000	0.000
235	  P	  0.0	  0.0	0.000	0.000	0.000
236	  L	  0.1	  0.0	0.000	0.000	0.000
237	  L	  0.1	  0.0	0.000	0.000	0.000
238	  E	  0.2	  0.0	0.000	0.000	0.000
239	  T	  0.1	  0.4	0.000	0.000	0.000
240	  P	  0.1	  0.5	0.000	0.000	0.000
241	  S	  0.3	  0.6	0.000	0.000	0.000
242	  Q	  0.3	  0.7	0.000	0.000	0.000
243	  E	  0.4	  0.3	0.000	0.000	0.000
244	  S	  0.3	  0.3	0.000	0.000	0.000
245	  S	  0.3	  0.2	0.000	0.000	0.000
246	  A	  0.3	  0.7	0.000	0.000	0.000
247	  P	  0.1	  0.7	0.000	0.000	0.000
248	  N	  1.3	  1.2	0.000	0.000	0.000
249	  I	  2.1	  1.2	0.000	0.000	0.000
250	  D	  2.2	  0.7	0.000	0.000	0.000
251	  S	  2.0	  0.7	0.000	0.000	0.000
252	  T	  1.4	  0.2	0.000	0.000	0.000
253	  T	  1.3	  0.4	0.000	0.000	0.000
254	  P	  0.2	  0.2	0.000	0.000	0.000
255	  T	  1.1	  0.2	0.000	0.000	0.000
256	  T	  5.2	  0.3	0.000	0.000	0.000
257	  I	  5.3	  0.1	0.000	0.000	0.000
258	  D	  4.3	  0.1	0.000	0.000	0.000
259	  N	  0.9	  0.1	0.000	0.000	0.000
260	  T	  6.2	  0.1	0.000	0.000	0.000
261	  V	  9.7	  0.1	0.000	0.000	0.000
262	  V	  9.1	  0.4	0.000	0.000	0.000
263	  D	  3.9	  0.7	0.000	0.000	0.000
264	  G	  0.2	  0.8	0.000	0.000	0.000
265	  T	  1.7	  0.7	0.000	0.000	0.000
266	  T	  2.2	  0.5	0.000	0.000	0.000
267	  T	  2.2	  0.2	0.000	0.000	0.000
268	  N	  0.6	  0.2	0.000	0.000	0.000
269	  D	  0.1	  0.5	0.000	0.000	0.000
270	  A	  0.2	  0.4	0.000	0.000	0.000
271	  T	  1.1	  0.3	0.000	0.000	0.000
272	  S	  1.6	  0.3	0.000	0.000	0.000
273	  V	  3.7	  0.0	0.000	0.000	0.000
274	  A	  2.9	  0.1	0.000	0.000	0.000
275	  S	  2.7	  0.2	0.000	0.000	0.000
276	  S	  2.4	  0.5	0.000	0.000	0.000
277	  T	  2.3	  0.8	0.000	0.000	0.000
278	  S	  2.0	  0.7	0.000	0.000	0.000
279	  D	  0.3	  0.6	0.179	0.000	0.000
280	  V	  1.9	  0.3	0.179	77.882	77.882
281	  A	  2.2	  0.0	0.179	83.845	83.845
282	  Y	  3.7	  0.0	0.179	85.544	85.544
283	  V	  4.5	  0.0	0.179	85.643	85.643
284	  Y	  4.6	  0.0	0.179	85.643	85.643
285	  I	  3.0	  0.8	0.000	80.002	80.002
286	  G	  0.5	  1.0	0.000	9.796	9.796
287	  G	  0.1	  1.2	0.000	2.125	2.125
288	  A	  0.1	  1.3	0.000	1.399	1.399
289	  M	  0.4	  0.5	0.000	0.785	0.785
290	  G	  0.4	  0.3	0.000	0.040	0.040
291	  Y	  0.3	  0.8	0.000	0.000	0.000
292	  P	  0.0	  0.7	0.095	0.071	0.071
293	  S	  5.6	  0.8	0.427	5.729	5.729
294	  I	  9.7	  0.8	0.427	51.388	51.388
295	  S	 10.2	  0.1	0.575	55.358	55.358
296	  V	  8.0	  0.1	0.575	87.054	87.054
297	  A	  3.6	  0.0	0.575	89.671	89.671
298	  L	  3.1	  0.0	0.575	92.758	92.758
299	  G	  0.1	  0.0	0.678	93.289	93.289
300	  L	  1.3	  0.0	0.251	98.940	98.940
301	  V	  3.7	  0.0	0.104	99.878	99.878
302	  F	  5.2	  0.0	0.104	99.922	99.922
303	  I	  5.8	  0.0	0.104	99.543	99.543
304	  A	  3.6	  0.0	0.104	95.199	95.199
305	  Y	  3.3	  0.0	0.104	91.282	91.282
306	  L	  1.5	  0.0	0.000	85.344	85.344
307	  V	  1.2	  0.0	0.000	0.035	0.035
