res	aa	Beta	Turn	Helix	Aggregation	Conc-Stab_Aggregation
01	  M	  1.9	  0.0	0.000	0.002	0.002
02	  Q	  4.2	  0.0	0.000	2.042	2.042
03	  F	  5.0	  0.2	0.000	21.779	21.779
04	  S	  3.3	  0.2	0.000	24.516	24.516
05	  T	  2.0	  0.2	0.000	47.384	47.384
06	  L	  1.9	  0.2	0.000	86.355	86.355
07	  V	  6.3	  0.0	0.000	93.128	93.128
08	  S	  5.2	  0.0	0.493	93.666	93.666
09	  L	  4.6	  0.0	0.493	98.120	98.120
10	  A	  0.3	  0.0	0.493	98.819	98.819
11	  A	  1.1	  0.0	0.493	98.986	98.986
12	  V	 15.1	  0.0	0.493	99.099	99.099
13	  I	 17.5	  0.0	0.493	98.615	98.615
14	  V	 17.4	  0.0	0.493	92.718	92.718
15	  S	  4.1	  0.5	0.833	20.750	20.750
16	  T	  1.3	  0.5	0.751	11.655	11.655
17	  N	  0.6	  0.5	1.590	6.121	6.121
18	  A	  0.1	  0.4	1.590	6.015	6.015
19	  A	  0.2	  0.0	1.590	5.920	5.920
20	  A	  0.4	  0.0	1.590	5.774	5.774
21	  L	  0.6	  0.0	1.474	5.659	5.659
22	  L	  0.7	  0.0	1.161	5.054	5.054
23	  T	  1.2	  0.1	0.475	1.619	1.619
24	  Q	  1.3	  0.1	0.475	0.072	0.072
25	  T	  7.8	  0.1	0.000	0.058	0.058
26	  V	  8.3	  0.1	0.000	0.057	0.057
27	  E	  8.1	  0.1	0.000	0.000	0.000
28	  S	  1.6	  0.2	0.000	0.185	0.185
29	  S	  0.6	  0.2	0.000	1.834	1.834
30	  T	  5.0	  0.1	0.000	31.732	31.732
31	  V	  7.0	  0.1	0.000	51.125	51.125
32	  V	 15.1	  0.0	0.000	51.299	51.299
33	  T	 20.6	  0.0	0.000	51.299	51.299
34	  I	 20.3	  0.0	0.000	51.215	51.215
35	  T	 14.1	  0.1	0.000	31.916	31.916
36	  S	  4.6	  0.1	0.000	4.332	4.332
37	  C	  2.6	  0.2	0.000	0.716	0.716
38	  G	  0.9	  0.4	0.000	0.000	0.000
39	  P	  0.0	  0.4	0.000	0.000	0.000
40	  E	  0.6	  0.4	0.000	0.000	0.000
41	  H	  1.0	  0.6	0.000	0.000	0.000
42	  T	  1.9	  0.3	0.000	0.000	0.000
43	  N	  1.3	  0.3	0.000	0.000	0.000
44	  C	  0.9	  0.4	0.000	0.000	0.000
45	  P	  0.1	  0.4	0.000	0.000	0.000
46	  A	  0.3	  0.4	0.000	0.000	0.000
47	  S	  0.3	  0.4	0.000	0.000	0.000
48	  S	  0.3	  0.3	0.000	0.000	0.000
49	  P	  0.0	  0.1	0.000	0.000	0.000
50	  A	  0.0	  0.1	0.000	0.000	0.000
51	  T	  0.1	  0.1	0.000	0.000	0.000
52	  P	  0.1	  0.0	0.000	0.000	0.000
53	  A	  0.0	  0.0	0.000	0.000	0.000
54	  P	  0.0	  0.0	0.000	0.000	0.000
55	  A	  0.0	  0.5	0.000	0.000	0.000
56	  P	  0.0	  0.5	0.000	0.000	0.000
57	  S	  3.1	  1.7	0.000	0.000	0.000
58	  A	  3.5	  1.7	0.000	0.000	0.000
59	  S	  3.5	  1.3	0.000	0.000	0.000
60	  A	  0.5	  1.3	0.000	0.000	0.000
61	  P	  0.1	  0.0	0.000	0.000	0.000
62	  A	  0.0	  0.0	0.000	0.000	0.000
63	  P	  0.0	  0.0	0.000	0.000	0.000
64	  P	  0.0	  0.0	0.000	0.000	0.000
65	  A	  0.0	  0.2	0.000	0.000	0.000
66	  P	  0.0	  0.2	0.000	0.000	0.000
67	  E	  0.0	  0.2	0.000	0.000	0.000
68	  Q	  0.0	  0.2	0.000	0.000	0.000
69	  P	  0.0	  0.0	0.000	0.000	0.000
70	  E	  0.0	  0.3	0.000	0.000	0.000
71	  P	  0.0	  0.3	0.000	0.000	0.000
72	  S	  0.1	  0.3	0.000	0.000	0.000
73	  A	  0.1	  0.3	0.000	0.000	0.000
74	  P	  0.1	  0.0	0.000	0.000	0.000
75	  A	  0.0	  0.0	0.000	0.000	0.000
76	  P	  0.0	  0.0	0.000	0.000	0.000
77	  A	  0.0	  0.5	0.000	0.000	0.000
78	  P	  0.0	  0.5	0.000	0.000	0.000
79	  S	  0.1	  0.5	0.000	0.000	0.000
80	  A	  0.1	  0.5	0.000	0.000	0.000
81	  P	  0.1	  0.0	0.000	0.000	0.000
82	  A	  0.0	  0.2	0.000	0.000	0.000
83	  P	  0.0	  0.2	0.000	0.000	0.000
84	  E	  0.0	  0.2	0.000	0.000	0.000
85	  Q	  0.0	  0.3	0.000	0.000	0.000
86	  P	  0.0	  0.1	0.000	0.000	0.000
87	  E	  0.0	  0.1	0.000	0.000	0.000
88	  Q	  0.0	  0.1	0.000	0.000	0.000
89	  P	  0.0	  0.0	0.000	0.000	0.000
90	  A	  0.0	  0.0	0.000	0.000	0.000
91	  T	  0.0	  0.0	0.000	0.000	0.000
92	  P	  0.0	  0.0	0.000	0.000	0.000
93	  A	  0.0	  0.0	0.000	0.000	0.000
94	  T	  0.0	  0.1	0.000	0.000	0.000
95	  P	  0.0	  0.1	0.000	0.000	0.000
96	  A	  0.0	  0.1	0.000	0.000	0.000
97	  A	  0.0	  0.1	0.000	0.000	0.000
98	  P	  0.0	  0.0	0.000	0.000	0.000
99	  A	  0.0	  0.0	0.000	0.000	0.000
100	  T	  0.0	  0.0	0.000	0.000	0.000
101	  P	  0.0	  0.0	0.000	0.000	0.000
102	  A	  0.0	  0.0	0.000	0.000	0.000
103	  T	  0.0	  0.1	0.000	0.000	0.000
104	  P	  0.0	  0.1	0.000	0.000	0.000
105	  A	  0.0	  0.1	0.000	0.000	0.000
106	  A	  0.0	  0.1	0.000	0.000	0.000
107	  P	  0.0	  0.0	0.000	0.000	0.000
108	  E	  0.0	  0.3	0.000	0.000	0.000
109	  P	  0.0	  0.3	0.000	0.000	0.000
110	  S	  0.1	  0.3	0.000	0.000	0.000
111	  A	  0.1	  0.3	0.000	0.000	0.000
112	  P	  0.1	  0.0	0.000	0.000	0.000
113	  A	  0.0	  0.2	0.000	0.000	0.000
114	  P	  0.0	  0.2	0.000	0.000	0.000
115	  E	  0.0	  0.2	0.000	0.000	0.000
116	  Q	  0.0	  0.2	0.000	0.000	0.000
117	  P	  0.0	  0.0	0.000	0.000	0.000
118	  A	  0.0	  0.0	0.000	0.000	0.000
119	  S	  0.0	  0.2	0.000	0.000	0.000
120	  P	  0.0	  0.2	0.000	0.000	0.000
121	  A	  0.0	  0.2	0.000	0.000	0.000
122	  A	  0.0	  0.2	0.000	0.000	0.000
123	  P	  0.0	  0.0	0.000	0.000	0.000
124	  A	  0.0	  0.0	0.000	0.000	0.000
125	  P	  0.0	  0.0	0.000	0.000	0.000
126	  A	  0.0	  0.5	0.000	0.000	0.000
127	  P	  0.0	  0.5	0.000	0.000	0.000
128	  S	  0.1	  0.5	0.000	0.000	0.000
129	  A	  0.1	  0.5	0.000	0.000	0.000
130	  P	  0.1	  0.0	0.000	0.000	0.000
131	  A	  0.0	  0.0	0.000	0.000	0.000
132	  P	  0.0	  0.0	0.000	0.000	0.000
133	  A	  0.0	  0.2	0.000	0.000	0.000
134	  P	  0.0	  0.2	0.000	0.000	0.000
135	  E	  0.0	  0.2	0.000	0.000	0.000
136	  Q	  0.0	  0.3	0.000	0.000	0.000
137	  P	  0.0	  0.1	0.000	0.000	0.000
138	  E	  0.0	  0.1	0.000	0.000	0.000
139	  Q	  0.0	  0.1	0.000	0.000	0.000
140	  P	  0.0	  0.0	0.000	0.000	0.000
141	  A	  0.0	  0.0	0.000	0.000	0.000
142	  A	  0.0	  0.2	0.000	0.000	0.000
143	  P	  0.0	  0.2	0.000	0.000	0.000
144	  T	  2.7	  0.2	0.325	0.000	0.000
145	  T	  3.4	  0.3	0.577	0.000	0.000
146	  K	  3.5	  0.1	0.577	0.000	0.000
147	  E	  0.8	  0.1	0.577	0.000	0.000
148	  A	  0.2	  0.2	0.577	0.000	0.000
149	  E	  0.3	  0.1	0.577	0.000	0.000
150	  S	  0.3	  0.1	0.412	0.000	0.000
151	  T	  0.3	  0.1	0.000	0.000	0.000
152	  P	  0.1	  0.0	0.000	0.000	0.000
153	  A	  0.0	  0.0	0.000	0.000	0.000
154	  P	  0.0	  0.0	0.000	0.000	0.000
155	  A	  0.0	  0.5	0.000	0.000	0.000
156	  P	  0.0	  0.5	0.000	0.000	0.000
157	  S	  0.1	  0.5	0.000	0.000	0.000
158	  A	  0.1	  0.5	0.000	0.000	0.000
159	  P	  0.1	  0.0	0.000	0.000	0.000
160	  A	  0.0	  0.0	0.000	0.000	0.000
161	  P	  0.0	  0.0	0.000	0.000	0.000
162	  P	  0.0	  0.0	0.000	0.000	0.000
163	  A	  0.0	  0.2	0.000	0.000	0.000
164	  P	  0.0	  0.2	0.000	0.000	0.000
165	  E	  0.0	  0.2	0.000	0.000	0.000
166	  Q	  0.0	  0.3	0.000	0.000	0.000
167	  P	  0.0	  0.4	0.000	0.000	0.000
168	  E	  0.2	  0.4	0.000	0.000	0.000
169	  S	  0.2	  0.4	0.000	0.000	0.000
170	  A	  0.2	  0.2	0.000	0.000	0.000
171	  P	  0.1	  0.0	0.000	0.000	0.000
172	  A	  0.0	  0.0	0.000	0.000	0.000
173	  P	  0.0	  0.0	0.000	0.000	0.000
174	  A	  0.0	  0.5	0.000	0.000	0.000
175	  P	  0.0	  0.5	0.000	0.000	0.000
176	  S	  0.1	  0.5	0.000	0.000	0.000
177	  A	  0.1	  0.5	0.000	0.000	0.000
178	  P	  0.1	  0.0	0.000	0.000	0.000
179	  A	  0.0	  0.2	0.000	0.000	0.000
180	  P	  0.0	  0.2	0.000	0.000	0.000
181	  E	  0.0	  0.2	0.000	0.000	0.000
182	  Q	  0.0	  0.3	0.000	0.000	0.000
183	  P	  0.0	  0.3	0.000	0.000	0.000
184	  E	  0.1	  0.3	0.000	0.000	0.000
185	  S	  0.2	  0.3	0.000	0.000	0.000
186	  S	  0.2	  0.2	0.000	0.000	0.000
187	  P	  0.0	  0.0	0.000	0.000	0.000
188	  A	  0.0	  0.0	0.000	0.000	0.000
189	  P	  0.0	  0.0	0.000	0.000	0.000
190	  A	  0.0	  0.5	0.000	0.000	0.000
191	  P	  0.0	  0.5	0.000	0.000	0.000
192	  S	  0.1	  0.5	0.000	0.000	0.000
193	  A	  0.1	  0.5	0.000	0.000	0.000
194	  P	  0.1	  0.2	0.000	0.000	0.000
195	  A	  0.7	  0.2	0.000	0.000	0.000
196	  S	  0.9	  0.2	0.000	0.000	0.000
197	  V	  0.9	  0.2	0.000	0.000	0.000
198	  P	  0.2	  0.0	0.000	0.000	0.000
199	  E	  0.0	  0.0	0.000	0.000	0.000
200	  Q	  0.0	  0.0	0.000	0.000	0.000
201	  P	  0.0	  0.2	0.000	0.000	0.000
202	  A	  0.1	  0.3	0.000	0.000	0.000
203	  S	  0.3	  0.3	0.000	0.000	0.000
204	  S	 10.8	  0.5	0.000	0.000	0.000
205	  V	 10.9	  0.4	0.000	0.000	0.000
206	  S	 10.9	  0.5	0.000	0.000	0.000
207	  N	  0.5	  1.0	0.000	0.000	0.000
208	  S	  0.3	  0.8	0.000	0.000	0.000
209	  T	  0.2	  0.8	0.000	0.000	0.000
210	  G	  0.1	  1.2	0.000	0.000	0.000
211	  P	  0.0	  0.8	0.000	0.000	0.000
212	  S	  0.2	  0.8	0.000	0.000	0.000
213	  S	  0.4	  0.7	0.000	0.000	0.000
214	  V	  0.4	  0.4	0.000	0.000	0.000
215	  P	  0.2	  0.3	0.000	0.000	0.000
216	  T	 10.4	  0.3	0.130	0.000	0.000
217	  F	 10.7	  0.7	0.483	0.000	0.000
218	  E	 10.7	  0.6	0.795	0.000	0.000
219	  G	  0.3	  0.6	4.479	0.000	0.000
220	  A	  0.1	  0.6	4.577	0.000	0.000
221	  A	  0.1	  0.2	4.577	0.000	0.000
222	  A	  0.2	  0.1	4.577	0.000	0.000
223	  K	  0.3	  0.1	4.577	0.000	0.000
224	  Q	  0.7	  0.1	4.027	1.919	1.919
225	  Y	  1.4	  0.1	1.539	48.145	48.145
226	  I	  3.5	  0.1	0.000	51.008	51.008
227	  T	  3.2	  0.2	0.000	51.256	51.256
228	  G	  2.5	  0.2	0.000	51.673	51.673
229	  S	  0.7	  0.2	1.266	56.303	56.303
230	  V	  7.2	  0.1	1.266	92.159	92.159
231	  A	  8.1	  0.0	1.266	95.042	95.042
232	  V	 11.4	  0.0	1.266	98.364	98.364
233	  I	  5.8	  0.0	1.376	98.615	98.615
234	  A	  4.7	  0.0	1.376	98.256	98.256
235	  A	  1.0	  0.0	1.376	97.007	97.007
236	  A	  0.4	  0.0	1.247	95.868	95.868
237	  L	  0.6	  0.0	1.056	94.837	94.837
238	  L	  0.7	  0.0	0.816	88.868	88.868
239	  A	  0.5	  0.0	0.398	60.330	60.330
240	  L	  0.3	  0.0	0.187	0.004	0.004
