res	aa	Beta	Turn	Helix	Aggregation	Conc-Stab_Aggregation
01	  M	  1.0	  0.0	0.000	0.000	0.000
02	  K	  1.6	  0.0	0.000	0.000	0.000
03	  F	  7.3	  0.0	0.000	0.000	0.000
04	  S	  6.5	  0.0	0.000	0.000	0.000
05	  I	  5.8	  0.1	0.000	0.000	0.000
06	  P	  0.1	  0.1	0.000	0.113	0.113
07	  T	  0.7	  0.1	0.359	14.414	14.414
08	  L	  0.9	  0.1	0.359	23.077	23.077
09	  L	  1.3	  0.0	0.359	23.858	23.858
10	  A	  0.7	  0.0	0.359	23.858	23.858
11	  V	  1.1	  0.0	0.359	23.858	23.858
12	  C	  0.9	  0.4	0.359	14.662	14.662
13	  A	  0.7	  0.4	0.150	9.531	9.531
14	  G	  0.2	  0.4	0.150	4.710	4.710
15	  T	 17.8	  0.4	0.000	4.318	4.318
16	  V	 19.5	  0.0	0.000	4.082	4.082
17	  S	 19.6	  0.0	0.000	0.917	0.917
18	  A	  2.3	  0.1	0.000	0.560	0.560
19	  A	  0.3	  0.2	0.000	0.257	0.257
20	  S	  0.3	  0.2	0.000	0.000	0.000
21	  S	  2.8	  0.2	0.000	0.000	0.000
22	  I	  5.6	  0.1	0.000	0.000	0.000
23	  T	  5.9	  0.0	0.000	0.000	0.000
24	  R	  3.8	  0.0	0.000	0.000	0.000
25	  T	  9.8	  0.0	0.000	0.849	0.849
26	  V	 25.2	  0.0	0.000	0.849	0.849
27	  T	 32.9	  0.0	0.000	0.849	0.849
28	  V	 26.4	  0.0	0.000	0.849	0.849
29	  T	 10.7	  0.2	0.000	0.849	0.849
30	  N	  1.4	  0.3	0.000	0.000	0.000
31	  N	  0.1	  0.3	0.000	0.000	0.000
32	  G	  0.1	  0.3	0.000	0.000	0.000
33	  M	  4.1	  0.1	0.000	0.000	0.000
34	  T	 22.6	  0.0	0.000	0.000	0.000
35	  Y	 25.8	  0.0	0.000	0.000	0.000
36	  T	 23.2	  0.1	0.000	0.000	0.000
37	  K	  5.1	  0.1	0.000	0.000	0.000
38	  T	  1.8	  0.1	0.000	0.000	0.000
39	  N	  0.8	  0.2	0.000	0.000	0.000
40	  T	  0.7	  0.2	0.000	0.000	0.000
41	  E	  0.3	  0.1	0.000	0.000	0.000
42	  E	  2.5	  0.1	0.000	0.000	0.000
43	  Y	  3.9	  0.2	0.000	0.000	0.000
44	  T	  3.9	  0.2	0.000	0.000	0.000
45	  G	  1.6	  0.2	0.171	0.000	0.000
46	  Q	  0.3	  0.2	0.171	0.000	0.000
47	  A	  0.4	  0.1	0.171	0.000	0.000
48	  T	  1.1	  0.0	0.171	0.000	0.000
49	  T	  0.9	  0.0	0.171	0.000	0.000
50	  E	  0.8	  0.2	0.171	0.000	0.000
51	  P	  0.1	  0.3	0.000	0.000	0.000
52	  T	  0.1	  0.4	0.000	0.000	0.000
53	  S	  0.1	  0.5	0.000	0.000	0.000
54	  G	  0.1	  0.4	0.000	0.245	0.245
55	  T	  8.7	  0.2	0.000	3.263	3.263
56	  V	  9.8	  0.1	0.000	8.280	8.280
57	  T	 10.8	  0.0	0.000	8.490	8.490
58	  T	  4.5	  0.0	0.000	8.838	8.838
59	  T	 18.2	  0.0	0.000	8.838	8.838
60	  F	 25.1	  0.0	0.000	8.838	8.838
61	  T	 34.5	  0.0	0.000	5.563	5.563
62	  V	 21.5	  0.0	0.000	4.757	4.757
63	  K	 13.2	  0.0	0.000	0.000	0.000
64	  K	  1.0	  0.9	0.000	0.000	0.000
65	  P	  0.0	  0.9	0.000	0.000	0.000
66	  D	  0.2	  0.9	0.000	0.000	0.000
67	  M	  4.1	  0.9	0.000	0.000	0.000
68	  T	 22.1	  0.0	0.000	0.000	0.000
69	  Y	 25.1	  0.0	0.000	0.000	0.000
70	  T	 22.5	  0.1	0.000	0.000	0.000
71	  K	  5.0	  0.1	0.000	0.000	0.000
72	  T	  3.7	  0.1	0.000	0.000	0.000
73	  M	  2.9	  0.1	0.000	0.000	0.000
74	  T	  3.3	  0.1	0.000	0.000	0.000
75	  N	  3.9	  0.1	0.000	0.000	0.000
76	  T	  4.5	  0.2	0.000	0.000	0.000
77	  Y	  4.1	  0.3	0.000	0.000	0.000
78	  G	  1.1	  0.3	0.000	0.000	0.000
79	  Q	  0.3	  0.3	0.000	0.000	0.000
80	  A	  0.3	  0.1	0.000	0.117	0.117
81	  T	  2.2	  0.0	0.000	0.256	0.256
82	  T	 19.5	  0.0	0.000	0.625	0.625
83	  V	 20.1	  0.1	0.000	1.237	1.237
84	  S	 18.6	  0.1	0.000	1.237	1.237
85	  T	  1.9	  0.1	0.000	1.641	1.641
86	  Q	  1.3	  0.0	0.000	1.892	1.892
87	  M	  2.7	  0.0	0.000	1.892	1.892
88	  I	  6.2	  0.0	0.000	1.892	1.892
89	  I	  8.5	  0.0	0.000	1.892	1.892
90	  T	  6.8	  0.0	0.000	0.771	0.771
91	  G	  2.5	  0.3	0.000	0.000	0.000
92	  P	  0.0	  0.5	0.000	0.000	0.000
93	  E	  0.1	  0.6	0.000	0.000	0.000
94	  D	  1.4	  0.5	0.000	0.000	0.000
95	  T	 20.6	  0.2	0.000	0.000	0.000
96	  Y	 25.6	  0.0	0.000	0.000	0.000
97	  T	 24.3	  0.0	0.000	0.000	0.000
98	  R	  6.0	  0.0	0.000	0.000	0.000
99	  P	  0.1	  0.0	0.000	0.000	0.000
100	  V	  0.8	  0.0	0.000	0.000	0.000
101	  S	  1.2	  0.0	0.000	0.000	0.000
102	  K	  2.1	  0.0	0.000	0.000	0.000
103	  V	  3.6	  0.0	0.000	0.000	0.000
104	  L	  3.4	  0.0	0.000	0.000	0.000
105	  H	  3.2	  0.0	0.000	0.000	0.000
106	  T	  1.1	  0.1	0.000	0.000	0.000
107	  T	  1.2	  0.1	0.000	0.000	0.000
108	  E	  3.5	  0.1	0.000	0.000	0.000
109	  V	  4.5	  0.2	0.000	0.125	0.125
110	  S	  4.4	  0.1	0.000	0.125	0.125
111	  S	  1.9	  0.1	0.000	0.125	0.125
112	  W	  1.1	  0.1	0.000	0.125	0.125
113	  L	  1.2	  0.1	0.000	0.125	0.125
114	  S	  1.0	  0.2	0.000	0.000	0.000
115	  S	  1.8	  0.4	0.000	0.000	0.000
116	  H	  1.6	  0.6	0.000	0.000	0.000
117	  S	  1.5	  0.7	0.000	0.000	0.000
118	  S	  0.2	  2.4	0.000	0.000	0.000
119	  E	  0.2	  2.2	0.000	0.000	0.000
120	  N	  0.1	  2.0	0.875	0.000	0.000
121	  S	  0.2	  1.9	1.850	0.000	0.000
122	  A	  0.2	  0.3	1.850	0.000	0.000
123	  A	  0.3	  0.3	1.850	0.000	0.000
124	  S	  0.3	  0.2	3.900	0.000	0.000
125	  A	  0.4	  0.2	3.900	0.000	0.000
126	  A	  0.9	  0.0	3.739	0.000	0.000
127	  V	  2.8	  0.0	3.315	0.000	0.000
128	  K	  2.7	  0.0	3.315	0.000	0.000
129	  A	  2.2	  0.2	2.668	0.000	0.000
130	  A	  0.4	  0.2	2.468	0.000	0.000
131	  S	  2.4	  2.7	1.515	0.000	0.000
132	  K	  2.4	  3.0	0.453	0.000	0.000
133	  S	  2.4	  4.0	0.000	0.000	0.000
134	  G	  0.3	  4.1	0.000	0.000	0.000
135	  S	  1.0	  2.4	0.000	0.000	0.000
136	  S	  0.8	  2.2	0.000	0.000	0.000
137	  S	  3.7	  2.1	0.000	0.000	0.000
138	  A	  3.0	  2.0	0.000	0.000	0.000
139	  S	  3.7	  3.8	0.000	0.000	0.000
140	  S	  1.0	  4.2	0.000	0.000	0.000
141	  S	  1.1	  3.8	0.000	0.000	0.000
142	  G	  0.3	  3.8	0.000	0.000	0.000
143	  S	  2.4	  1.9	0.000	0.000	0.000
144	  K	  2.2	  1.5	0.000	0.000	0.000
145	  S	  3.0	  1.7	0.000	0.000	0.000
146	  S	  1.8	  2.4	0.000	0.000	0.000
147	  S	  2.5	  2.5	0.000	0.000	0.000
148	  S	  2.5	  5.0	0.000	0.000	0.000
149	  S	  1.7	  4.6	0.000	0.000	0.000
150	  S	  0.9	  4.5	0.000	0.000	0.000
151	  G	  0.1	  3.9	0.000	0.000	0.000
152	  A	  0.0	  1.5	0.000	0.000	0.000
153	  G	  0.0	  1.1	0.000	0.000	0.000
154	  N	  0.2	  0.5	0.000	0.000	0.000
155	  V	  3.5	  0.4	0.000	0.140	0.140
156	  L	  5.2	  0.1	0.000	0.140	0.140
157	  N	  5.1	  0.4	0.000	0.140	0.140
158	  Y	  2.0	  0.9	0.000	0.140	0.140
159	  G	  0.2	  1.0	0.000	0.140	0.140
160	  A	  0.6	  1.0	0.000	0.297	0.297
161	  S	  0.8	  1.0	0.000	0.484	0.484
162	  V	  0.9	  0.5	0.000	1.978	1.978
163	  G	  0.5	  0.3	0.000	2.101	2.101
164	  A	  0.2	  0.4	0.000	3.481	3.481
165	  V	  0.4	  0.2	0.000	5.225	5.225
166	  G	  0.5	  0.1	1.089	5.360	5.360
167	  M	  0.5	  0.1	1.089	6.857	6.857
168	  A	  0.2	  0.0	1.089	8.079	8.079
169	  A	  0.3	  0.0	1.089	8.079	8.079
170	  A	  0.4	  0.0	1.089	8.079	8.079
171	  L	  1.3	  0.0	1.089	8.079	8.079
172	  L	  1.2	  0.0	0.672	7.965	7.965
173	  L	  0.9	  0.0	0.211	0.000	0.000
