res	aa	Beta	Turn	Helix	Aggregation	Conc-Stab_Aggregation
01	  M	  1.6	  0.0	0.000	0.000	0.000
02	  K	  2.0	  0.0	0.445	0.000	0.000
03	  L	  3.7	  0.1	0.445	4.880	4.880
04	  S	  2.3	  0.1	3.678	6.328	6.328
05	  L	  2.0	  0.0	3.678	27.805	27.805
06	  L	  0.7	  0.0	3.893	30.371	30.371
07	  A	  0.6	  0.0	3.893	30.669	30.669
08	  L	  0.4	  0.0	3.893	30.818	30.818
09	  A	  0.2	  0.3	3.769	29.291	29.291
10	  A	  0.1	  0.3	2.896	22.210	22.210
11	  G	  0.3	  0.3	1.894	15.362	15.362
12	  V	  1.0	  0.5	0.326	14.921	14.921
13	  A	  1.0	  0.2	0.326	7.096	7.096
14	  N	  0.8	  0.2	0.112	0.470	0.470
15	  A	  0.1	  0.3	0.112	0.287	0.287
16	  A	  0.2	  0.2	0.112	0.132	0.132
17	  S	  0.4	  0.2	0.112	0.000	0.000
18	  S	  3.8	  0.2	0.000	0.000	0.000
19	  V	 10.6	  0.1	0.000	0.000	0.000
20	  T	 12.7	  0.0	0.000	0.000	0.000
21	  L	  9.5	  0.0	0.000	0.000	0.000
22	  T	  3.2	  0.1	0.000	0.000	0.000
23	  R	  1.3	  0.0	0.000	0.000	0.000
24	  T	 12.7	  0.0	0.000	0.000	0.000
25	  I	 12.7	  0.1	0.000	0.000	0.000
26	  T	 12.1	  0.2	0.000	0.000	0.000
27	  N	  0.6	  0.3	0.000	0.000	0.000
28	  N	  0.1	  0.3	0.000	0.000	0.000
29	  G	  0.1	  0.3	0.000	0.000	0.000
30	  M	  4.1	  0.1	0.000	0.000	0.000
31	  T	 22.2	  0.0	0.000	0.000	0.000
32	  Y	 25.4	  0.0	0.000	0.000	0.000
33	  T	 22.8	  0.1	0.000	0.000	0.000
34	  K	  5.1	  0.1	0.000	0.000	0.000
35	  T	  3.5	  0.1	0.000	0.000	0.000
36	  L	  2.6	  0.1	0.000	0.000	0.000
37	  T	  2.8	  0.1	0.000	0.000	0.000
38	  Q	  1.0	  0.1	0.000	0.000	0.000
39	  E	  3.1	  0.1	0.000	0.000	0.000
40	  Y	  4.1	  0.2	0.000	0.000	0.000
41	  T	  3.8	  0.3	0.000	0.000	0.000
42	  G	  1.5	  0.4	0.000	0.000	0.000
43	  Q	  0.2	  0.4	0.000	0.000	0.000
44	  T	  1.9	  0.2	0.000	0.000	0.000
45	  T	  2.6	  0.1	0.000	0.000	0.000
46	  T	  2.5	  0.0	0.000	0.000	0.000
47	  E	  0.8	  0.1	0.000	0.000	0.000
48	  P	  0.0	  0.2	0.000	0.000	0.000
49	  T	  0.1	  0.3	0.000	0.105	0.105
50	  S	  0.1	  0.6	0.000	0.105	0.105
51	  G	  0.1	  0.5	0.000	0.353	0.353
52	  T	 14.0	  0.4	0.000	4.022	4.022
53	  Y	 22.2	  0.3	0.000	9.170	9.170
54	  T	 35.5	  0.0	0.000	9.336	9.336
55	  F	 28.5	  0.0	0.000	9.336	9.336
56	  T	 27.6	  0.0	0.000	9.336	9.336
57	  I	 15.1	  0.0	0.000	8.764	8.764
58	  S	  9.2	  0.0	0.000	1.081	1.081
59	  K	  1.0	  0.7	0.000	0.000	0.000
60	  P	  0.0	  1.1	0.000	0.000	0.000
61	  G	  0.0	  1.5	0.000	0.000	0.000
62	  G	  0.0	  1.6	0.000	0.000	0.000
63	  R	  0.2	  0.9	0.000	0.000	0.000
64	  T	  1.0	  0.5	0.000	0.000	0.000
65	  K	  1.3	  0.1	0.000	0.000	0.000
66	  L	  1.3	  0.1	0.000	0.000	0.000
67	  L	  0.7	  0.1	0.000	0.000	0.000
68	  T	  1.1	  0.1	0.000	0.000	0.000
69	  N	  4.0	  0.1	0.000	0.000	0.000
70	  T	  4.7	  0.2	0.000	0.000	0.000
71	  Y	  4.2	  0.3	0.000	0.000	0.000
72	  G	  1.1	  0.3	0.000	0.000	0.000
73	  Q	  0.3	  0.3	0.000	0.000	0.000
74	  A	  0.3	  0.1	0.000	0.136	0.136
75	  T	  1.2	  0.0	0.000	0.136	0.136
76	  T	 12.4	  0.0	0.000	0.136	0.136
77	  I	 15.3	  0.0	0.000	0.136	0.136
78	  T	 15.4	  0.0	0.000	0.136	0.136
79	  T	  5.8	  0.0	0.000	0.000	0.000
80	  H	  3.5	  0.0	0.000	0.000	0.000
81	  R	  5.1	  0.0	0.000	0.000	0.000
82	  V	  7.7	  0.0	0.000	0.000	0.000
83	  I	  7.9	  0.0	0.000	0.000	0.000
84	  S	  5.2	  0.2	0.000	0.000	0.000
85	  G	  1.2	  1.0	0.000	0.000	0.000
86	  P	  0.0	  1.0	0.000	0.000	0.000
87	  D	  0.0	  1.1	0.000	0.000	0.000
88	  E	  0.2	  1.0	0.000	0.000	0.000
89	  T	 19.4	  0.1	0.000	0.000	0.000
90	  Y	 26.1	  0.1	0.000	0.000	0.000
91	  T	 26.1	  0.0	0.000	0.000	0.000
92	  K	  8.1	  0.0	0.000	0.000	0.000
93	  P	  0.1	  0.0	0.000	0.000	0.000
94	  M	  0.8	  0.0	0.000	0.251	0.251
95	  T	  1.6	  0.0	0.000	0.251	0.251
96	  A	  2.5	  0.0	0.000	0.251	0.251
97	  V	  4.4	  0.0	0.000	0.251	0.251
98	  M	  3.8	  0.0	0.000	0.251	0.251
99	  H	  3.5	  0.0	0.000	0.000	0.000
100	  T	  1.1	  0.1	0.000	0.000	0.000
101	  T	  1.2	  0.1	0.000	0.000	0.000
102	  E	  3.5	  0.1	0.000	0.000	0.000
103	  V	  4.5	  0.2	0.000	0.159	0.159
104	  S	  4.4	  0.2	0.000	0.159	0.159
105	  S	  2.1	  0.2	0.125	0.159	0.159
106	  F	  1.4	  0.2	0.125	0.159	0.159
107	  L	  1.2	  0.1	0.125	0.159	0.159
108	  E	  1.2	  0.2	0.125	0.000	0.000
109	  S	  2.0	  0.3	0.125	0.000	0.000
110	  H	  1.9	  0.6	0.125	0.000	0.000
111	  S	  1.6	  0.6	0.000	0.000	0.000
112	  S	  0.4	  0.6	0.000	0.000	0.000
113	  H	  1.1	  0.5	0.000	0.000	0.000
114	  L	  1.4	  0.3	0.000	0.000	0.000
115	  S	  1.4	  0.2	0.933	0.000	0.000
116	  A	  0.7	  0.3	0.933	0.000	0.000
117	  A	  0.2	  0.2	0.933	0.000	0.000
118	  S	  0.1	  0.2	6.143	0.000	0.000
119	  E	  0.1	  0.2	7.028	0.000	0.000
120	  A	  0.1	  0.1	7.392	0.000	0.000
121	  A	  0.1	  0.1	7.661	0.000	0.000
122	  K	  0.2	  0.1	7.702	0.000	0.000
123	  E	  0.3	  0.1	7.299	0.000	0.000
124	  A	  0.3	  0.2	6.191	0.000	0.000
125	  S	  0.2	  0.1	5.544	0.000	0.000
126	  E	  0.1	  0.1	4.599	0.000	0.000
127	  N	  0.1	  0.4	4.202	0.000	0.000
128	  P	  0.0	  0.5	0.000	0.000	0.000
129	  K	  0.1	  0.6	0.000	0.000	0.000
130	  S	  1.0	  1.4	0.000	0.000	0.000
131	  S	  1.8	  1.7	0.136	0.000	0.000
132	  S	  2.0	  1.7	0.136	0.000	0.000
133	  S	  1.3	  1.6	0.136	0.000	0.000
134	  T	  3.1	  1.0	0.136	0.000	0.000
135	  A	  2.9	  0.7	0.136	0.000	0.000
136	  S	  2.8	  1.0	0.136	0.000	0.000
137	  S	  0.4	  2.2	0.000	0.000	0.000
138	  G	  0.3	  2.2	0.000	0.000	0.000
139	  S	  1.1	  2.7	0.000	0.000	0.000
140	  S	  1.7	  3.0	0.000	0.000	0.000
141	  S	  2.5	  4.5	0.000	0.000	0.000
142	  S	  1.7	  4.7	0.000	0.000	0.000
143	  S	  0.9	  4.5	0.000	0.000	0.000
144	  G	  0.1	  3.9	0.000	0.000	0.000
145	  A	  0.0	  1.9	0.000	0.000	0.000
146	  G	  0.0	  1.6	0.148	0.000	0.000
147	  N	  0.0	  1.1	0.148	0.000	0.000
148	  A	  0.2	  0.9	0.148	0.000	0.000
149	  L	  1.9	  0.3	0.148	0.000	0.000
150	  N	  1.9	  0.5	0.148	0.000	0.000
151	  Y	  1.9	  1.3	0.148	0.209	0.209
152	  G	  0.2	  1.6	0.000	0.209	0.209
153	  A	  0.2	  1.6	0.000	0.862	0.862
154	  G	  0.0	  1.5	0.000	1.641	1.641
155	  V	  0.1	  0.7	0.000	12.192	12.192
156	  G	  0.1	  0.3	0.000	12.907	12.907
157	  A	  0.2	  0.2	0.000	22.263	22.263
158	  V	  0.5	  0.1	0.000	32.945	32.945
159	  G	  1.0	  0.1	0.864	33.724	33.724
160	  I	  1.8	  0.1	0.864	42.981	42.981
161	  A	  1.4	  0.1	0.864	43.325	43.325
162	  A	  1.0	  0.0	0.864	42.658	42.658
163	  A	  0.4	  0.0	0.864	41.772	41.772
164	  L	  1.3	  0.0	0.864	41.021	41.021
165	  L	  1.2	  0.0	0.533	38.603	38.603
166	  L	  0.9	  0.0	0.168	0.000	0.000
