res	aa	Beta	Turn	Helix	Aggregation	Conc-Stab_Aggregation
01	  M	  1.6	  0.0	0.000	0.000	0.000
02	  K	  1.9	  0.0	0.000	0.000	0.000
03	  L	  2.8	  0.0	0.000	64.456	64.456
04	  L	  1.7	  0.0	0.000	84.227	84.227
05	  L	  1.7	  0.0	0.000	92.328	92.328
06	  Y	  1.4	  0.0	0.000	93.622	93.622
07	  A	  1.0	  0.0	0.000	93.969	93.969
08	  A	  1.1	  0.0	0.000	93.589	93.589
09	  V	  9.2	  0.0	0.000	93.047	93.047
10	  T	 12.3	  0.0	0.000	85.703	85.703
11	  F	 12.3	  0.5	0.000	81.212	81.212
12	  A	  3.8	  0.7	0.000	22.832	22.832
13	  G	  0.4	  0.8	0.000	1.897	1.897
14	  R	  0.3	  0.8	0.000	0.000	0.000
15	  S	  0.3	  0.4	0.000	0.000	0.000
16	  N	  0.3	  0.4	0.000	0.000	0.000
17	  P	  0.0	  0.2	0.000	0.000	0.000
18	  E	  1.6	  0.2	0.000	0.000	0.000
19	  W	  3.9	  0.2	0.000	0.000	0.000
20	  T	  5.7	  0.0	0.000	0.000	0.000
21	  H	  4.7	  0.2	0.000	0.000	0.000
22	  C	  2.6	  0.8	0.000	0.000	0.000
23	  D	  0.7	  0.9	0.000	0.000	0.000
24	  D	  0.4	  1.3	0.000	0.000	0.000
25	  C	  4.1	  1.1	0.000	0.000	0.000
26	  S	  4.3	  0.6	0.000	0.000	0.000
27	  A	  4.4	  0.5	0.000	0.000	0.000
28	  I	  6.3	  0.0	0.000	0.000	0.000
29	  T	  6.2	  0.0	0.000	0.000	0.000
30	  T	  5.9	  0.4	0.000	0.000	0.000
31	  P	  0.2	  0.6	0.000	0.000	0.000
32	  S	  0.1	  0.7	0.000	0.000	0.000
33	  S	  0.6	  0.8	0.000	0.000	0.000
34	  L	  0.6	  0.5	0.000	0.000	0.000
35	  K	  0.6	  0.5	0.000	0.000	0.000
36	  G	  0.1	  0.4	0.000	0.000	0.000
37	  T	  2.3	  0.3	0.000	0.117	0.117
38	  L	  5.7	  0.1	0.000	0.117	0.117
39	  T	 24.3	  0.0	0.000	0.117	0.117
40	  Y	 23.2	  0.0	0.000	0.117	0.117
41	  T	 20.0	  0.0	0.000	0.117	0.117
42	  G	  1.3	  0.0	0.000	0.000	0.000
43	  P	  0.0	  0.0	0.000	0.000	0.000
44	  V	  0.7	  0.0	0.000	0.000	0.000
45	  E	  0.7	  0.6	0.000	0.000	0.000
46	  P	  0.7	  0.9	0.000	0.000	0.000
47	  G	  0.0	  0.9	0.000	0.000	0.000
48	  T	  2.4	  0.9	0.000	0.000	0.000
49	  T	  2.8	  0.3	0.208	0.000	0.000
50	  Q	  2.9	  0.2	0.208	0.000	0.000
51	  A	  0.8	  0.2	0.208	0.000	0.000
52	  S	  0.6	  0.2	0.208	0.000	0.000
53	  R	  0.5	  0.2	0.208	0.000	0.000
54	  E	  0.3	  0.5	0.208	0.000	0.000
55	  P	  0.0	  0.5	0.000	0.000	0.000
56	  D	  2.4	  0.5	0.000	0.000	0.000
57	  V	  3.8	  0.5	0.000	0.000	0.000
58	  E	  3.9	  0.1	0.000	0.000	0.000
59	  S	  1.6	  0.1	0.000	0.000	0.000
60	  S	  0.1	  0.1	0.000	0.000	0.000
61	  P	  0.0	  0.0	0.000	0.000	0.000
62	  P	  0.0	  0.0	0.000	0.000	0.000
63	  F	 16.3	  0.0	0.000	0.000	0.000
64	  T	 16.3	  0.0	0.000	0.000	0.000
65	  V	 16.3	  0.0	0.000	0.000	0.000
66	  P	  0.0	  0.3	0.000	0.000	0.000
67	  P	  0.0	  0.4	0.000	0.000	0.000
68	  S	  0.5	  0.4	0.000	0.000	0.000
69	  T	  4.7	  0.4	0.000	0.000	0.000
70	  I	  5.1	  0.1	0.000	0.000	0.000
71	  I	  4.7	  0.2	0.000	0.000	0.000
72	  P	  0.5	  0.2	0.000	0.000	0.000
73	  S	  0.7	  0.2	0.000	0.000	0.000
74	  Q	  0.8	  0.2	0.000	0.000	0.000
75	  E	  0.8	  0.2	0.000	0.000	0.000
76	  P	  0.0	  0.2	0.000	0.000	0.000
77	  T	  0.5	  0.2	0.000	0.000	0.000
78	  E	  0.4	  0.2	0.000	0.000	0.000
79	  S	  0.5	  0.4	0.000	0.000	0.000
80	  P	  0.0	  0.3	0.000	0.000	0.000
81	  E	  0.0	  0.3	0.000	0.000	0.000
82	  R	  0.0	  0.3	0.000	0.000	0.000
83	  P	  0.0	  0.0	0.000	0.000	0.000
84	  V	  1.4	  0.0	0.000	0.000	0.000
85	  E	  1.6	  0.1	0.000	0.000	0.000
86	  S	  2.2	  0.1	0.000	0.000	0.000
87	  T	  3.5	  0.1	0.000	0.000	0.000
88	  T	  4.7	  0.2	0.000	0.000	0.000
89	  K	  4.2	  0.1	0.000	0.000	0.000
90	  T	  2.4	  0.2	0.000	0.000	0.000
91	  S	  1.5	  0.7	0.000	0.000	0.000
92	  T	  1.5	  0.6	0.000	0.000	0.000
93	  N	  0.8	  0.6	0.000	0.000	0.000
94	  A	  0.6	  0.5	0.000	0.000	0.000
95	  I	  0.5	  0.0	0.000	0.000	0.000
96	  E	  0.4	  0.0	0.000	0.000	0.000
97	  P	  0.0	  0.3	0.000	0.000	0.000
98	  P	  0.0	  0.3	0.000	0.000	0.000
99	  T	  0.1	  0.4	0.000	0.000	0.000
100	  E	  0.1	  0.4	0.000	0.000	0.000
101	  T	  5.0	  0.1	0.000	0.000	0.000
102	  A	  5.0	  0.1	0.000	0.000	0.000
103	  S	  5.0	  2.2	0.000	0.000	0.000
104	  P	  0.1	  2.3	0.000	0.000	0.000
105	  S	  0.8	  2.3	0.000	0.000	0.000
106	  T	  0.9	  2.3	0.000	0.000	0.000
107	  Q	  0.9	  0.3	0.000	0.000	0.000
108	  P	  0.2	  0.2	0.000	0.000	0.000
109	  T	  0.1	  0.6	0.000	0.000	0.000
110	  S	  0.2	  0.6	0.000	0.000	0.000
111	  D	  0.2	  0.4	0.000	0.000	0.000
112	  S	  0.1	  1.9	0.000	0.000	0.000
113	  P	  0.0	  1.7	0.000	0.000	0.000
114	  G	  0.0	  1.7	0.000	0.000	0.000
115	  T	  0.8	  1.7	0.000	0.000	0.000
116	  Q	  1.5	  0.1	0.000	0.000	0.000
117	  V	  4.4	  0.0	0.000	0.000	0.000
118	  T	  3.7	  0.0	0.000	0.000	0.000
119	  T	  3.0	  0.0	0.000	0.000	0.000
120	  P	  0.0	  0.0	0.000	0.000	0.000
121	  P	  0.0	  0.0	0.000	0.000	0.000
122	  A	  0.3	  0.0	0.000	0.000	0.000
123	  V	  1.3	  0.1	0.000	0.000	0.000
124	  E	  1.5	  0.1	0.000	0.000	0.000
125	  N	  1.4	  0.5	0.000	0.000	0.000
126	  T	  0.8	  0.5	0.000	0.000	0.000
127	  S	  1.4	  0.5	0.000	0.000	0.000
128	  A	  1.4	  0.5	0.000	0.000	0.000
129	  T	  1.2	  0.1	0.000	0.000	0.000
130	  T	  0.4	  0.3	0.000	0.000	0.000
131	  P	  0.2	  0.3	0.000	0.000	0.000
132	  K	  0.5	  0.4	0.000	0.000	0.000
133	  L	  0.6	  0.6	0.000	0.000	0.000
134	  S	  0.7	  0.4	0.000	0.000	0.000
135	  G	  0.3	  0.4	0.000	0.000	0.000
136	  E	  0.2	  0.4	0.000	0.000	0.000
137	  P	  0.0	  0.2	0.000	0.000	0.000
138	  T	  1.1	  0.2	0.000	0.000	0.000
139	  Q	  1.1	  0.2	0.000	0.000	0.000
140	  E	  1.1	  0.0	0.000	0.000	0.000
141	  P	  0.0	  0.0	0.000	0.000	0.000
142	  N	  0.0	  0.2	0.000	0.000	0.000
143	  P	  0.0	  0.2	0.000	0.000	0.000
144	  T	 13.0	  0.2	0.000	5.169	5.169
145	  I	 13.5	  0.3	0.000	13.751	13.751
146	  S	 13.7	  0.1	0.000	14.406	14.406
147	  S	  2.5	  0.1	0.000	20.231	20.231
148	  W	  3.0	  0.1	0.000	54.694	54.694
149	  C	  4.2	  0.0	0.000	56.328	56.328
150	  V	  5.9	  0.0	0.000	63.967	63.967
151	  I	  5.4	  0.1	0.000	64.015	64.015
152	  S	  4.5	  0.1	0.000	58.823	58.823
153	  T	 19.4	  0.1	0.000	56.844	56.844
154	  F	 21.0	  0.1	0.000	55.509	55.509
155	  T	 21.2	  0.1	0.000	35.235	35.235
156	  S	  4.5	  0.1	0.000	22.884	22.884
157	  V	  2.3	  0.1	0.000	21.369	21.369
158	  V	  1.6	  0.1	0.000	2.490	2.490
159	  P	  0.4	  0.2	0.000	1.087	1.087
160	  S	  2.0	  0.5	0.000	0.000	0.000
161	  T	  2.5	  0.5	0.000	0.000	0.000
162	  S	  3.4	  0.4	0.662	0.000	0.000
163	  L	  1.5	  0.3	0.662	0.000	0.000
164	  E	  1.0	  0.1	0.781	0.000	0.000
165	  E	  2.1	  0.0	0.781	0.000	0.000
166	  V	  3.2	  0.1	0.781	0.000	0.000
167	  E	  3.4	  0.1	0.781	0.000	0.000
168	  K	  2.3	  0.1	0.634	0.000	0.000
169	  C	  1.4	  0.1	0.453	0.000	0.000
170	  S	  1.2	  0.3	0.000	0.000	0.000
171	  P	  0.2	  0.2	0.000	0.000	0.000
172	  K	  2.3	  0.2	0.000	0.000	0.000
173	  V	  5.5	  0.2	0.000	0.000	0.000
174	  I	  6.0	  0.0	0.000	0.000	0.000
175	  E	  3.9	  0.1	0.000	0.000	0.000
176	  S	  0.8	  0.1	0.000	0.000	0.000
177	  T	  0.6	  0.1	0.000	0.000	0.000
178	  E	  3.2	  0.1	0.000	0.000	0.000
179	  V	  3.9	  0.1	0.000	0.000	0.000
180	  S	  3.7	  0.1	0.000	0.000	0.000
181	  T	  6.2	  0.1	0.000	0.000	0.000
182	  L	  6.0	  0.1	0.000	0.117	0.117
183	  S	  6.5	  0.2	0.000	0.117	0.117
184	  A	  1.5	  0.2	0.000	0.280	0.280
185	  T	  2.3	  0.2	0.000	0.280	0.280
186	  S	  2.5	  0.2	0.000	0.280	0.280
187	  Y	  3.0	  0.0	0.000	0.280	0.280
188	  I	  2.1	  0.0	0.000	0.280	0.280
189	  T	  1.7	  0.0	0.000	0.000	0.000
190	  N	  1.1	  0.0	0.000	0.000	0.000
191	  T	  1.7	  0.0	0.079	0.000	0.000
192	  K	  6.2	  0.0	0.079	0.000	0.000
193	  V	 27.1	  0.0	0.079	0.000	0.000
194	  E	 44.7	  0.0	0.079	0.000	0.000
195	  V	 40.8	  0.0	0.079	0.000	0.000
196	  K	 27.6	  0.1	0.079	0.000	0.000
197	  P	  0.4	  0.2	0.000	0.000	0.000
198	  S	  0.1	  0.2	0.000	0.000	0.000
199	  T	  2.6	  0.2	0.000	1.065	1.065
200	  L	  5.8	  0.1	0.000	1.261	1.261
201	  T	 16.0	  0.0	0.000	1.261	1.261
202	  V	 15.9	  0.0	0.000	1.261	1.261
203	  T	 13.9	  0.1	0.000	1.261	1.261
204	  S	  3.8	  0.1	0.000	0.315	0.315
205	  S	  1.4	  0.1	0.000	0.000	0.000
206	  L	  0.3	  0.1	0.000	0.000	0.000
207	  P	  0.1	  0.0	0.000	0.000	0.000
208	  A	  0.0	  0.6	0.000	0.000	0.000
209	  R	  0.1	  1.0	0.000	0.000	0.000
210	  N	  0.1	  1.0	0.000	0.000	0.000
211	  G	  0.1	  1.1	0.000	0.000	0.000
212	  F	  2.4	  0.5	0.000	0.000	0.000
213	  D	  3.1	  0.1	0.000	0.000	0.000
214	  F	  5.0	  0.3	0.000	0.000	0.000
215	  T	  2.8	  0.5	0.000	0.000	0.000
216	  N	  2.0	  0.9	0.000	0.000	0.000
217	  G	  0.1	  0.9	0.000	0.000	0.000
218	  S	  0.8	  0.6	0.000	0.360	0.360
219	  Y	  2.3	  0.3	0.000	1.442	1.442
220	  V	  6.2	  0.0	0.000	1.442	1.442
221	  S	 12.6	  0.0	0.000	1.442	1.442
222	  F	 12.2	  0.0	0.000	1.442	1.442
223	  T	  8.5	  0.1	0.000	1.217	1.217
224	  E	  1.4	  0.1	0.000	0.000	0.000
225	  H	  2.6	  0.1	0.000	0.000	0.000
226	  C	  3.7	  0.1	0.000	0.000	0.000
227	  I	  6.8	  0.0	0.000	0.000	0.000
228	  T	  4.8	  0.0	0.000	0.000	0.000
229	  T	  3.8	  0.0	0.000	0.000	0.000
230	  E	  2.5	  0.0	0.000	0.000	0.000
231	  Y	  4.9	  0.0	0.000	0.000	0.000
232	  T	  6.2	  0.0	0.000	0.000	0.000
233	  S	 11.4	  0.0	0.143	0.000	0.000
234	  Y	 10.2	  0.1	0.143	0.000	0.000
235	  T	  8.8	  0.2	0.143	0.000	0.000
236	  T	  1.6	  0.4	0.143	0.000	0.000
237	  G	  0.1	  0.4	0.143	0.000	0.000
238	  H	  2.5	  0.4	0.143	0.000	0.000
239	  T	  6.3	  0.2	0.000	2.060	2.060
240	  V	  9.4	  0.0	0.000	4.451	4.451
241	  M	  7.5	  0.0	0.000	4.585	4.585
242	  I	  4.3	  0.1	0.000	4.696	4.696
243	  S	  1.3	  0.1	0.000	4.696	4.696
244	  S	  1.1	  0.1	0.153	3.986	3.986
245	  W	  0.9	  0.1	0.153	3.838	3.838
246	  L	  0.7	  0.1	0.153	3.294	3.294
247	  E	  0.4	  0.1	0.153	0.000	0.000
248	  T	  3.0	  0.1	0.153	2.461	2.461
249	  V	  7.9	  0.1	0.153	6.676	6.676
250	  I	  9.6	  0.0	0.153	7.274	7.274
251	  N	  7.8	  0.0	0.377	7.274	7.274
252	  T	 13.0	  0.0	0.224	8.331	8.331
253	  I	 13.4	  0.0	0.224	10.086	10.086
254	  T	 13.6	  0.0	0.224	8.618	8.618
255	  S	  4.2	  0.0	0.224	7.635	7.635
256	  Y	  3.9	  0.0	0.224	7.635	7.635
257	  V	  3.2	  0.0	0.000	7.275	7.275
258	  C	  2.7	  0.1	0.000	3.951	3.951
259	  D	  0.9	  1.5	0.000	0.000	0.000
260	  K	  0.6	  1.5	0.000	0.000	0.000
261	  S	  0.3	  1.6	0.000	0.000	0.000
262	  E	  0.3	  1.5	0.000	0.000	0.000
263	  Q	  0.2	  0.2	0.000	0.000	0.000
264	  T	  2.9	  0.1	0.000	0.000	0.000
265	  H	  3.9	  0.1	0.000	0.000	0.000
266	  T	  5.9	  0.1	0.000	0.000	0.000
267	  L	  3.3	  0.2	0.000	0.000	0.000
268	  T	  2.4	  0.7	0.000	0.000	0.000
269	  G	  0.3	  0.7	0.000	0.000	0.000
270	  S	 20.6	  0.7	0.000	0.000	0.000
271	  F	 21.2	  0.7	0.000	0.000	0.000
272	  S	 21.3	  0.2	0.115	0.000	0.000
273	  T	  1.1	  0.4	0.115	0.000	0.000
274	  E	  0.2	  0.3	0.115	0.000	0.000
275	  T	  0.1	  0.3	0.115	0.000	0.000
276	  G	  0.0	  0.3	0.115	0.000	0.000
277	  L	  2.8	  0.0	0.115	0.000	0.000
278	  V	  3.3	  0.0	0.000	0.000	0.000
279	  V	  3.4	  0.0	0.000	0.000	0.000
280	  P	  0.6	  0.0	0.000	0.000	0.000
281	  V	  4.9	  0.0	0.000	0.000	0.000
282	  T	  4.8	  0.0	0.000	0.000	0.000
283	  S	  4.8	  0.0	0.000	0.000	0.000
284	  P	  0.0	  0.0	0.000	0.000	0.000
285	  P	  0.0	  0.3	0.000	0.000	0.000
286	  A	  0.0	  0.4	0.000	0.000	0.000
287	  Q	  0.0	  0.5	0.000	0.000	0.000
288	  G	  0.0	  0.5	0.000	0.283	0.283
289	  T	  2.8	  0.2	0.000	0.714	0.714
290	  V	  6.3	  0.0	0.000	1.051	1.051
291	  I	 26.4	  0.0	0.000	1.051	1.051
292	  T	 24.1	  0.0	0.000	1.051	1.051
293	  I	 20.8	  0.0	0.000	0.769	0.769
294	  P	  0.5	  0.2	0.000	0.540	0.540
295	  A	  0.2	  0.2	0.000	0.000	0.000
296	  S	  0.8	  0.3	0.000	0.000	0.000
297	  K	  1.7	  0.3	0.000	0.000	0.000
298	  T	  3.0	  0.1	0.000	0.000	0.000
299	  T	  2.6	  0.1	0.000	0.000	0.000
300	  A	  1.7	  0.4	0.000	0.000	0.000
301	  P	  0.2	  0.4	0.000	0.000	0.000
302	  S	  0.0	  0.5	0.000	0.000	0.000
303	  E	  0.1	  0.5	0.000	0.000	0.000
304	  T	  1.0	  0.2	0.000	0.000	0.000
305	  S	 11.4	  0.3	0.193	0.000	0.000
306	  V	 12.1	  0.2	0.193	0.000	0.000
307	  S	 11.4	  0.2	0.193	0.000	0.000
308	  T	  1.6	  0.2	0.193	0.000	0.000
309	  A	  0.8	  0.0	0.193	0.000	0.000
310	  A	  0.7	  0.0	0.193	0.000	0.000
311	  P	  0.0	  0.0	0.000	0.000	0.000
312	  Y	  0.0	  0.8	0.000	0.000	0.000
313	  P	  0.0	  1.0	0.000	0.000	0.000
314	  T	  0.1	  1.1	0.000	0.000	0.000
315	  G	  0.1	  1.5	0.000	0.000	0.000
316	  Q	  0.1	  0.8	0.000	0.000	0.000
317	  S	  0.0	  0.6	0.000	0.000	0.000
318	  G	  0.1	  0.5	0.000	0.000	0.000
319	  L	  0.5	  0.1	0.000	0.000	0.000
320	  I	  2.1	  0.0	0.000	0.000	0.000
321	  S	  2.1	  0.0	0.000	0.000	0.000
322	  T	  1.7	  0.0	0.000	0.000	0.000
323	  P	  0.1	  0.0	0.000	0.000	0.000
324	  V	  0.6	  0.0	0.000	0.000	0.000
325	  I	  0.6	  0.5	0.000	0.000	0.000
326	  P	  0.6	  0.5	0.000	0.000	0.000
327	  G	  0.0	  0.5	0.000	0.000	0.000
328	  T	  0.0	  0.5	0.000	0.000	0.000
329	  P	  0.0	  0.2	0.000	0.000	0.000
330	  V	  0.2	  0.5	0.000	0.000	0.000
331	  G	  0.2	  0.5	0.000	0.000	0.000
332	  S	  0.7	  0.5	0.000	0.000	0.000
333	  I	  1.2	  0.2	0.000	0.000	0.000
334	  C	  1.3	  0.2	0.000	0.000	0.000
335	  A	  1.0	  0.2	0.000	0.000	0.000
336	  T	  0.9	  0.2	0.000	0.000	0.000
337	  R	  1.4	  0.2	0.000	0.000	0.000
338	  T	  6.7	  0.1	0.000	2.041	2.041
339	  V	 11.6	  0.0	0.000	2.041	2.041
340	  Y	 11.7	  0.0	0.000	2.041	2.041
341	  V	  8.0	  0.0	0.000	2.041	2.041
342	  T	  3.7	  0.1	0.000	2.041	2.041
343	  K	  3.2	  0.1	0.000	0.000	0.000
344	  T	  2.1	  0.1	0.236	0.000	0.000
345	  Q	  0.9	  0.1	0.236	0.000	0.000
346	  A	  0.6	  0.0	0.236	1.363	1.363
347	  C	  0.5	  0.0	0.236	1.363	1.363
348	  A	  0.7	  0.0	0.236	1.363	1.363
349	  F	  3.6	  0.0	0.236	1.363	1.363
350	  V	  3.6	  0.0	0.000	1.363	1.363
351	  Q	  3.3	  0.4	0.000	0.000	0.000
352	  P	  0.3	  0.7	0.000	0.000	0.000
353	  S	  0.0	  0.7	0.115	0.000	0.000
354	  N	  0.0	  0.7	0.284	0.000	0.000
355	  A	  0.0	  1.3	0.284	0.000	0.000
356	  A	  0.0	  2.0	0.284	0.000	0.000
357	  N	  0.0	  2.0	0.284	0.000	0.000
358	  G	  0.1	  2.0	0.284	0.000	0.000
359	  L	  0.1	  1.1	0.169	0.000	0.000
360	  S	  0.2	  2.9	0.148	0.000	0.000
361	  P	  0.1	  2.9	0.148	0.000	0.000
362	  S	  0.2	  2.9	0.557	0.000	0.000
363	  S	  0.4	  2.9	2.997	0.000	0.000
364	  I	  1.2	  0.1	3.114	0.000	0.000
365	  M	  1.2	  0.0	3.114	0.000	0.000
366	  E	  1.0	  0.0	3.114	0.000	0.000
367	  A	  0.3	  0.1	3.114	8.591	8.591
368	  L	  0.1	  0.1	3.114	18.727	18.727
369	  G	  0.1	  0.1	2.768	22.875	22.875
370	  M	  1.1	  0.1	1.238	66.075	66.075
371	  L	  1.8	  0.0	0.112	89.990	89.990
372	  L	  3.2	  0.0	0.000	89.990	89.990
373	  I	  5.3	  0.0	0.000	89.889	89.889
374	  I	  6.7	  0.0	0.000	88.475	88.475
375	  A	  5.3	  0.0	0.000	67.739	67.739
376	  L	  2.3	  0.0	0.000	0.000	0.000
