res	aa	Beta	Turn	Helix	Aggregation	Conc-Stab_Aggregation
01	  M	  0.4	  0.1	0.000	0.000	0.000
02	  S	  0.5	  0.1	0.117	0.000	0.000
03	  S	  0.8	  0.1	0.117	0.000	0.000
04	  I	  0.6	  0.3	0.117	0.000	0.000
05	  A	  0.4	  0.3	0.117	0.000	0.000
06	  N	  0.1	  0.3	0.117	0.000	0.000
07	  N	  0.0	  0.4	0.117	0.000	0.000
08	  L	  0.1	  0.2	0.000	0.000	0.000
09	  L	  0.1	  2.1	0.000	0.000	0.000
10	  G	  0.1	  2.1	0.000	0.000	0.000
11	  D	  0.2	  2.0	0.000	0.000	0.000
12	  T	  2.8	  2.1	0.000	0.000	0.000
13	  T	  4.2	  0.1	0.000	0.000	0.000
14	  S	 11.3	  0.1	0.000	0.000	0.000
15	  Y	 10.1	  0.2	0.000	0.000	0.000
16	  T	  8.8	  0.6	0.000	0.000	0.000
17	  G	  1.5	  0.7	0.000	0.000	0.000
18	  S	  0.3	  0.7	0.000	0.000	0.000
19	  L	  0.2	  0.7	0.000	0.227	0.227
20	  A	  0.4	  0.3	0.000	0.227	0.227
21	  S	  0.5	  0.3	0.714	0.227	0.227
22	  S	  1.5	  0.3	2.360	0.600	0.600
23	  Y	  3.0	  0.1	2.472	4.574	4.574
24	  Y	  3.4	  0.0	2.472	4.766	4.766
25	  A	  2.4	  0.0	2.472	4.766	4.766
26	  A	  0.9	  0.1	2.472	4.766	4.766
27	  L	  0.7	  0.2	2.472	4.766	4.766
28	  N	  1.5	  0.2	2.354	1.186	1.186
29	  S	  2.5	  0.2	1.248	1.066	1.066
30	  F	  3.0	  0.2	0.489	1.066	1.066
31	  Y	  2.3	  0.2	0.000	0.873	0.873
32	  G	  1.2	  0.2	0.000	0.000	0.000
33	  Q	  0.3	  0.8	0.000	0.000	0.000
34	  P	  0.0	  0.6	0.000	0.000	0.000
35	  D	  0.2	  0.6	0.876	0.000	0.000
36	  V	  2.5	  0.6	0.876	1.324	1.324
37	  A	  2.6	  0.0	0.876	1.324	1.324
38	  S	  2.5	  0.0	1.021	1.324	1.324
39	  A	  0.5	  0.0	1.021	1.485	1.485
40	  L	  0.9	  0.0	1.021	1.485	1.485
41	  S	  1.1	  0.0	0.866	1.324	1.324
42	  A	  1.4	  0.0	0.602	1.324	1.324
43	  V	  1.4	  0.0	0.388	1.324	1.324
44	  R	  1.5	  0.0	0.388	0.000	0.000
45	  T	  3.7	  0.0	0.000	0.000	0.000
46	  L	  3.6	  0.1	0.000	0.000	0.000
47	  T	  3.4	  0.3	0.000	0.000	0.000
48	  S	  0.6	  0.4	0.000	0.000	0.000
49	  D	  0.2	  0.8	0.000	0.000	0.000
50	  T	  0.6	  0.8	0.000	0.000	0.000
51	  S	  0.8	  0.7	0.000	0.000	0.000
52	  A	  0.9	  0.7	0.000	0.000	0.000
53	  Y	  0.9	  0.3	0.000	0.000	0.000
54	  N	  0.7	  0.3	0.000	0.000	0.000
55	  D	  0.7	  0.1	0.539	0.000	0.000
56	  W	  0.8	  0.1	0.539	20.186	20.186
57	  V	  3.4	  0.0	0.539	24.116	24.116
58	  T	  4.6	  0.0	0.539	24.116	24.116
59	  S	  5.3	  0.0	0.539	24.225	24.225
60	  F	  3.5	  0.2	0.539	25.411	25.411
61	  F	  2.1	  0.9	0.265	24.419	24.419
62	  G	  1.1	  0.9	0.000	8.594	8.594
63	  A	  0.3	  0.9	0.000	7.189	7.189
64	  Y	  0.4	  1.1	0.000	5.999	5.999
65	  A	  0.4	  0.7	0.000	1.548	1.548
66	  D	  0.3	  0.7	0.000	0.000	0.000
67	  D	  0.6	  1.1	0.000	0.000	0.000
68	  Y	  2.2	  0.8	0.000	0.000	0.000
69	  S	  2.2	  0.6	0.000	0.000	0.000
70	  S	  2.0	  0.6	0.000	0.000	0.000
71	  I	  0.7	  0.3	0.000	0.000	0.000
72	  Q	  0.8	  0.1	0.000	0.000	0.000
73	  S	  0.9	  0.1	0.000	0.000	0.000
74	  Q	  1.1	  0.1	0.000	0.000	0.000
75	  Y	  1.1	  0.7	0.000	0.000	0.000
76	  A	  0.7	  0.6	0.000	0.000	0.000
77	  D	  2.5	  0.6	0.103	0.000	0.000
78	  V	  4.9	  0.6	0.103	0.000	0.000
79	  F	  8.7	  0.0	0.103	0.000	0.000
80	  T	  7.2	  0.2	0.207	0.000	0.000
81	  Q	  4.5	  0.2	0.207	0.000	0.000
82	  N	  0.7	  0.2	0.207	0.000	0.000
83	  A	  0.1	  0.2	0.105	0.000	0.000
84	  M	  0.1	  0.2	0.105	0.000	0.000
85	  E	  0.1	  0.2	0.105	0.000	0.000
86	  T	  0.1	  0.3	0.000	0.000	0.000
87	  G	  0.1	  0.3	0.000	0.000	0.000
88	  T	 18.2	  0.1	0.000	0.000	0.000
89	  V	 23.0	  0.0	0.000	0.000	0.000
90	  S	 23.0	  0.0	0.000	0.000	0.000
91	  I	  6.2	  0.1	0.000	0.000	0.000
92	  P	  0.1	  0.1	0.000	0.000	0.000
93	  S	  3.9	  0.4	0.000	0.000	0.000
94	  V	  4.0	  0.4	0.000	0.000	0.000
95	  D	  4.0	  2.6	0.485	0.000	0.000
96	  E	  0.2	  2.8	0.485	0.000	0.000
97	  S	  0.0	  2.5	0.485	0.000	0.000
98	  D	  0.2	  3.2	0.643	0.000	0.000
99	  L	  0.4	  1.0	0.643	0.158	0.158
100	  S	  0.5	  0.9	0.643	0.158	0.158
101	  S	  0.7	  0.8	0.429	0.158	0.158
102	  L	  0.6	  0.3	0.158	1.039	1.039
103	  V	  0.6	  0.4	0.158	1.039	1.039
104	  G	  0.3	  0.4	0.158	0.881	0.881
105	  S	  3.1	  0.4	0.000	0.881	0.881
106	  I	  5.4	  0.2	0.000	0.881	0.881
107	  T	  5.7	  0.1	0.000	0.330	0.330
108	  S	  2.9	  0.4	0.000	0.000	0.000
109	  A	  0.5	  1.1	0.000	0.000	0.000
110	  G	  0.1	  1.1	0.000	0.000	0.000
111	  N	  0.1	  1.1	0.000	0.000	0.000
112	  A	  0.1	  1.0	0.000	0.000	0.000
113	  E	  0.1	  0.3	0.000	0.000	0.000
114	  S	  0.6	  0.3	0.124	0.000	0.000
115	  V	  2.9	  0.2	0.124	0.116	0.116
116	  A	  3.0	  0.1	0.124	0.116	0.116
117	  S	  2.5	  0.2	0.280	0.116	0.116
118	  T	  0.7	  0.2	0.657	0.116	0.116
119	  L	  0.7	  0.2	0.657	0.116	0.116
120	  A	  0.7	  0.3	0.657	0.000	0.000
121	  S	  0.4	  1.2	0.657	0.000	0.000
122	  A	  0.3	  1.4	0.532	0.000	0.000
123	  G	  0.1	  1.6	0.532	0.000	0.000
124	  K	  0.1	  1.5	0.204	0.000	0.000
125	  N	  0.1	  0.8	0.000	0.000	0.000
126	  A	  0.3	  0.6	0.000	0.000	0.000
127	  T	  1.5	  0.4	0.000	0.000	0.000
128	  S	  1.5	  0.5	0.000	0.000	0.000
129	  S	  3.5	  2.9	0.000	0.000	0.000
130	  K	  2.4	  3.1	0.000	0.000	0.000
131	  S	  2.5	  4.7	0.000	0.000	0.000
132	  G	  0.3	  5.1	0.000	0.000	0.000
133	  S	  0.5	  3.5	0.000	0.000	0.000
134	  G	  0.2	  3.6	0.000	0.000	0.000
135	  S	  0.3	  3.6	0.000	0.000	0.000
136	  D	  0.1	  4.1	0.000	0.000	0.000
137	  S	  0.3	  4.8	0.000	0.000	0.000
138	  G	  0.2	  4.9	0.000	0.000	0.000
139	  S	  0.5	  5.0	0.000	0.000	0.000
140	  G	  0.2	  4.4	0.000	0.000	0.000
141	  S	  0.5	  4.4	0.000	0.000	0.000
142	  G	  0.2	  4.4	0.000	0.000	0.000
143	  S	  0.5	  3.2	0.000	0.000	0.000
144	  G	  0.3	  2.9	0.000	0.000	0.000
145	  S	  2.4	  3.7	0.000	0.000	0.000
146	  K	  2.2	  3.6	0.000	0.000	0.000
147	  S	  2.5	  3.5	0.000	0.000	0.000
148	  G	  0.3	  3.5	0.000	0.000	0.000
149	  S	  0.4	  1.9	0.000	0.000	0.000
150	  E	  0.6	  1.7	0.000	0.000	0.000
151	  S	  2.6	  3.6	0.000	0.000	0.000
152	  K	  2.5	  3.8	0.000	0.000	0.000
153	  S	  2.4	  3.4	0.000	0.000	0.000
154	  G	  0.4	  3.4	0.000	0.000	0.000
155	  S	  3.0	  4.1	0.000	0.000	0.000
156	  A	  2.8	  4.1	0.000	0.000	0.000
157	  S	  3.0	  4.2	0.000	0.000	0.000
158	  G	  0.3	  4.2	0.000	0.000	0.000
159	  S	  2.3	  3.5	0.000	0.000	0.000
160	  K	  2.1	  3.4	0.000	0.000	0.000
161	  S	  2.4	  4.0	0.000	0.000	0.000
162	  G	  0.3	  4.0	0.000	0.000	0.000
163	  S	  1.0	  2.4	0.000	0.000	0.000
164	  S	  0.9	  2.3	0.000	0.000	0.000
165	  S	  3.0	  3.6	0.000	0.000	0.000
166	  K	  2.3	  3.7	0.000	0.000	0.000
167	  S	  2.4	  3.5	0.000	0.000	0.000
168	  G	  0.4	  3.4	0.000	0.000	0.000
169	  S	  3.1	  2.0	0.000	0.000	0.000
170	  A	  3.0	  1.8	0.000	0.000	0.000
171	  S	  5.7	  2.1	0.000	0.000	0.000
172	  A	  3.0	  2.2	0.000	0.000	0.000
173	  S	  2.9	  2.0	0.000	0.000	0.000
174	  E	  0.0	  3.4	0.000	0.000	0.000
175	  G	  0.0	  2.9	0.000	0.000	0.000
176	  S	  0.3	  3.9	0.000	0.000	0.000
177	  G	  0.3	  3.1	0.000	0.000	0.000
178	  S	  0.5	  1.9	0.000	0.000	0.000
179	  S	  2.3	  1.7	0.000	0.000	0.000
180	  T	  3.5	  0.9	0.000	0.000	0.000
181	  S	  3.2	  1.0	0.000	0.000	0.000
182	  S	  1.4	  3.0	0.000	0.000	0.000
183	  G	  0.1	  2.8	0.000	0.000	0.000
184	  N	  0.1	  2.6	0.000	0.000	0.000
185	  L	  0.0	  2.5	0.000	0.000	0.000
186	  G	  0.0	  0.4	0.000	0.000	0.000
187	  A	  0.1	  0.7	0.000	0.000	0.000
188	  K	  0.2	  0.8	0.000	0.000	0.000
189	  S	  0.4	  2.2	0.000	0.000	0.000
190	  G	  0.4	  2.2	0.000	0.000	0.000
191	  S	  0.9	  1.9	0.455	0.000	0.000
192	  Y	  1.3	  1.6	0.455	0.227	0.227
193	  M	  1.3	  0.0	0.455	0.227	0.227
194	  A	  0.8	  0.3	0.455	0.227	0.227
195	  A	  0.1	  1.2	0.455	0.227	0.227
196	  G	  0.0	  1.2	0.455	0.301	0.301
197	  G	  0.2	  1.2	0.198	1.283	1.283
198	  V	  0.8	  1.1	0.000	13.497	13.497
199	  A	  0.8	  0.2	0.000	14.399	14.399
200	  G	  0.6	  0.2	0.448	15.466	15.466
201	  A	  0.4	  0.2	0.448	26.137	26.137
202	  V	  3.7	  0.0	0.448	37.905	37.905
203	  A	  3.8	  0.0	0.448	37.541	37.541
204	  L	  3.7	  0.0	0.448	37.232	37.232
205	  A	  0.6	  0.0	0.448	34.973	34.973
206	  L	  0.6	  0.0	0.315	33.643	33.643
207	  L	  0.3	  0.0	0.117	0.000	0.000
