res	aa	Beta	Turn	Helix	Aggregation	Conc-Stab_Aggregation
01	  M	  2.1	  0.0	0.000	0.000	0.000
02	  S	  2.5	  0.0	0.000	0.595	0.595
03	  L	  3.1	  0.0	0.000	2.658	2.658
04	  V	  1.6	  0.1	0.000	3.246	3.246
05	  S	  1.3	  0.1	0.000	3.246	3.246
06	  G	  0.6	  0.1	0.000	3.246	3.246
07	  L	  4.1	  0.1	0.000	3.246	3.246
08	  V	  4.5	  0.0	0.000	3.089	3.089
09	  L	  4.5	  0.2	0.000	0.000	0.000
10	  P	  0.4	  0.2	0.000	0.000	0.000
11	  Q	  0.0	  0.2	0.000	0.000	0.000
12	  N	  0.0	  0.2	0.000	0.000	0.000
13	  D	  0.0	  0.0	0.000	0.000	0.000
14	  D	  0.0	  0.0	0.000	0.000	0.000
15	  A	  0.0	  0.0	-1.#IO	0.000	0.000
16	  S	  0.0	  0.0	-1.#IO	0.000	0.000
17	  V	  0.0	  0.0	-1.#IO	0.000	0.000
18	  A	  0.0	  0.0	-1.#IO	0.000	0.000
19	  K	  0.0	  0.0	-1.#IO	0.000	0.000
20	  R	  0.0	  0.0	-1.#IO	0.000	0.000
21	  G	  0.0	  0.0	-1.#IO	0.000	0.000
22	  A	  0.0	  0.0	-1.#IO	0.000	0.000
23	  Q	  0.0	  0.0	-1.#IO	0.000	0.000
24	  P	  0.0	  0.0	-1.#IO	0.000	0.000
25	  L	  0.0	  0.0	-1.#IO	0.000	0.000
26	  K	  0.0	  0.0	-1.#IO	0.000	0.000
27	  L	  0.0	  0.0	-1.#IO	0.000	0.000
28	  D	  0.0	  0.0	0.000	0.000	0.000
29	  F	  0.0	  0.0	0.000	0.000	0.000
30	  D	  0.0	  0.0	0.000	0.000	0.000
31	  I	  0.0	  0.0	-1.#IO	0.000	0.000
32	  V	  0.0	  0.0	-1.#IO	0.000	0.000
33	  K	  0.0	  0.0	-1.#IO	0.000	0.000
34	  D	  0.0	  0.0	-1.#IO	0.000	0.000
35	  T	  0.0	  0.0	-1.#IO	0.000	0.000
36	  S	  0.0	  0.0	-1.#IO	0.000	0.000
37	  K	  0.0	  0.0	-1.#IO	0.000	0.000
38	  N	  0.0	  0.0	-1.#IO	0.000	0.000
39	  S	  0.0	  0.0	-1.#IO	0.000	0.000
40	  T	  0.0	  0.0	-1.#IO	0.000	0.000
41	  L	  0.0	  0.0	-1.#IO	0.000	0.000
42	  Y	  0.0	  0.0	-1.#IO	0.000	0.000
43	  H	  0.0	  0.0	-1.#IO	0.000	0.000
44	  P	  0.0	  0.0	0.000	0.000	0.000
45	  Q	  0.0	  0.0	0.000	0.000	0.000
46	  R	  1.2	  0.0	0.000	0.000	0.000
47	  Y	  3.4	  0.0	0.000	0.000	0.000
48	  F	  4.3	  0.7	0.362	0.000	0.000
49	  E	  3.1	  0.7	0.655	0.000	0.000
50	  N	  1.4	  0.7	2.391	0.000	0.000
51	  L	  1.0	  0.7	2.391	0.000	0.000
52	  R	  1.0	  0.0	2.391	0.000	0.000
53	  A	  0.5	  0.2	2.391	0.000	0.000
54	  A	  0.2	  0.4	2.284	0.000	0.000
55	  R	  0.1	  0.5	2.027	0.000	0.000
56	  G	  0.1	  0.9	0.954	0.000	0.000
57	  A	  0.1	  0.7	0.489	0.000	0.000
58	  N	  0.1	  0.6	0.272	0.000	0.000
59	  H	  0.3	  0.6	0.118	0.000	0.000
60	  A	  0.4	  0.2	0.118	0.000	0.000
61	  K	  0.5	  0.3	0.118	0.000	0.000
62	  R	  0.7	  0.3	0.000	0.000	0.000
63	  S	  2.3	  0.3	0.000	0.000	0.000
64	  T	  2.8	  0.3	0.000	0.000	0.000
65	  S	  3.1	  0.3	0.000	0.000	0.000
66	  T	  2.3	  0.2	0.000	0.000	0.000
67	  T	 13.0	  0.1	0.000	0.000	0.000
68	  I	 12.9	  0.1	0.000	0.000	0.000
69	  T	 12.0	  0.1	0.000	0.000	0.000
70	  N	  0.6	  0.2	0.000	0.000	0.000
71	  D	  0.1	  1.1	0.100	0.000	0.000
72	  R	  0.3	  1.0	0.100	0.000	0.000
73	  D	  0.9	  1.1	0.233	0.000	0.000
74	  I	  4.9	  1.0	0.233	17.474	17.474
75	  S	  5.4	  0.2	0.233	17.474	17.474
76	  Y	  5.7	  0.2	0.233	17.474	17.474
77	  I	  2.1	  0.0	0.133	17.474	17.474
78	  L	  3.2	  0.0	0.133	17.474	17.474
79	  D	  4.6	  0.0	0.133	0.000	0.000
80	  V	  7.5	  0.0	0.133	0.000	0.000
81	  Y	  6.0	  0.1	0.133	0.000	0.000
82	  L	  3.7	  0.4	0.000	0.000	0.000
83	  G	  0.4	  0.5	0.000	0.000	0.000
84	  S	  0.3	  0.5	0.000	0.000	0.000
85	  Q	  0.4	  0.4	0.000	0.000	0.000
86	  H	  0.5	  0.3	0.000	0.000	0.000
87	  D	  0.2	  0.2	0.544	0.000	0.000
88	  K	  4.8	  0.1	0.544	0.000	0.000
89	  V	 21.9	  0.1	0.544	64.679	64.679
90	  T	 24.8	  0.0	0.544	64.679	64.679
91	  V	 23.4	  0.0	0.544	64.679	64.679
92	  L	  6.5	  0.1	0.544	64.679	64.679
93	  L	  3.3	  0.2	0.398	64.679	64.679
94	  D	  0.4	  0.6	0.398	0.000	0.000
95	  T	  0.3	  1.3	0.000	0.000	0.000
96	  G	  0.2	  1.5	0.000	0.000	0.000
97	  S	  0.2	  3.3	0.000	0.000	0.000
98	  S	  0.1	  2.9	0.000	0.000	0.000
99	  D	  0.3	  2.2	0.000	0.000	0.000
100	  L	  0.7	  2.0	0.000	0.000	0.000
101	  W	  1.6	  0.0	0.000	0.000	0.000
102	  V	  2.4	  0.0	0.000	0.000	0.000
103	  Y	  1.9	  0.4	0.000	0.000	0.000
104	  G	  1.0	  2.0	0.000	0.000	0.000
105	  P	  0.0	  2.0	0.000	0.000	0.000
106	  G	  0.0	  2.0	0.000	0.000	0.000
107	  V	  1.3	  1.7	0.000	0.000	0.000
108	  S	  1.4	  0.1	0.114	0.000	0.000
109	  S	  1.7	  0.5	0.114	0.000	0.000
110	  A	  0.4	  0.7	0.114	0.000	0.000
111	  E	  0.4	  1.1	0.114	0.000	0.000
112	  G	  0.0	  1.3	0.114	0.000	0.000
113	  G	  0.1	  0.9	0.114	0.000	0.000
114	  T	 12.8	  0.6	0.000	0.000	0.000
115	  F	 13.0	  0.2	0.000	0.000	0.000
116	  D	 12.9	  4.2	0.000	0.000	0.000
117	  P	  0.2	  4.2	0.000	0.000	0.000
118	  S	  1.3	  4.7	0.000	0.000	0.000
119	  Q	  1.4	  4.8	0.000	0.000	0.000
120	  S	  1.6	  0.8	0.000	0.000	0.000
121	  S	  1.0	  1.1	0.000	0.000	0.000
122	  H	  1.1	  0.7	0.000	0.000	0.000
123	  D	  0.9	  1.5	0.087	0.000	0.000
124	  Q	  0.3	  1.5	0.087	0.000	0.000
125	  S	  0.2	  1.3	0.087	0.000	0.000
126	  T	  0.2	  1.4	0.087	0.000	0.000
127	  G	  0.1	  0.6	0.087	0.000	0.000
128	  E	  0.2	  0.5	0.087	0.000	0.000
129	  S	 20.8	  0.4	0.000	0.000	0.000
130	  F	 23.4	  0.3	0.000	0.173	0.173
131	  S	 23.6	  0.1	0.148	0.173	0.173
132	  I	  4.7	  0.1	0.148	0.173	0.173
133	  Q	  2.1	  0.0	0.148	0.173	0.173
134	  Y	  2.7	  0.1	0.148	0.173	0.173
135	  L	  1.7	  0.3	0.148	0.173	0.173
136	  D	  1.0	  1.6	0.148	0.000	0.000
137	  N	  0.1	  2.1	0.148	0.000	0.000
138	  S	  0.0	  2.2	0.000	0.000	0.000
139	  G	  0.0	  2.4	0.000	0.000	0.000
140	  A	  0.0	  1.7	0.000	0.000	0.000
141	  E	  0.0	  2.3	0.000	0.000	0.000
142	  G	  0.1	  2.1	0.000	0.000	0.000
143	  S	  1.2	  1.7	0.000	0.000	0.000
144	  Y	  2.1	  1.2	0.000	0.000	0.000
145	  Y	  2.9	  0.1	0.000	0.000	0.000
146	  L	  1.9	  0.5	0.000	0.000	0.000
147	  D	  0.9	  0.5	0.000	0.000	0.000
148	  D	  0.6	  0.6	0.000	0.000	0.000
149	  F	  6.7	  0.5	0.000	0.000	0.000
150	  S	 14.9	  0.3	0.000	0.000	0.000
151	  F	 15.5	  0.4	0.000	0.000	0.000
152	  N	  9.9	  0.9	0.000	0.000	0.000
153	  S	  1.5	  2.8	0.000	0.000	0.000
154	  G	  0.2	  2.6	0.000	0.054	0.054
155	  S	  0.4	  2.5	0.000	0.784	0.784
156	  T	  1.3	  1.9	0.000	6.830	6.830
157	  L	  2.0	  0.1	0.000	16.991	16.991
158	  V	  2.1	  0.3	0.000	18.680	18.680
159	  S	  0.9	  0.3	0.000	18.796	18.796
160	  N	  1.2	  0.3	0.000	19.920	19.920
161	  F	  6.3	  0.3	0.000	48.399	48.399
162	  Q	  6.7	  0.0	0.000	50.205	50.205
163	  F	  6.8	  0.0	0.000	56.790	56.790
164	  A	  2.1	  0.0	0.000	56.776	56.776
165	  V	  5.9	  0.0	0.000	56.772	56.772
166	  V	  6.0	  0.1	0.000	53.535	53.535
167	  S	  5.4	  0.1	0.101	12.794	12.794
168	  S	  1.7	  2.3	0.101	2.350	2.350
169	  A	  0.5	  2.3	0.101	1.082	1.082
170	  N	  0.5	  5.6	0.101	0.000	0.000
171	  A	  0.0	  5.6	0.101	0.000	0.000
172	  D	  0.1	  4.1	0.101	0.000	0.000
173	  S	  0.1	  4.2	0.000	0.000	0.000
174	  T	  0.2	  1.0	0.000	0.180	0.180
175	  G	  0.1	  0.9	0.000	1.040	1.040
176	  I	  1.2	  0.2	0.000	9.169	9.169
177	  L	  1.2	  0.1	0.000	9.169	9.169
178	  G	  1.4	  0.0	0.334	9.169	9.169
179	  V	  0.9	  0.2	0.334	9.169	9.169
180	  A	  0.9	  0.3	0.334	9.020	9.020
181	  D	  0.6	  2.3	0.334	0.000	0.000
182	  K	  0.0	  2.4	0.334	0.000	0.000
183	  G	  0.0	  2.2	0.334	0.000	0.000
184	  Q	  0.0	  2.2	0.179	0.000	0.000
185	  E	  0.1	  0.1	0.000	0.000	0.000
186	  A	  0.3	  0.1	0.000	0.000	0.000
187	  V	  0.5	  0.2	0.000	0.000	0.000
188	  E	  0.5	  0.2	0.000	0.000	0.000
189	  G	  0.2	  0.2	0.000	0.000	0.000
190	  E	  0.0	  0.4	0.000	0.000	0.000
191	  P	  0.0	  0.2	0.000	0.000	0.000
192	  T	  7.6	  0.3	0.000	0.000	0.000
193	  Y	  7.9	  0.6	0.000	0.000	0.000
194	  D	  7.9	  0.4	0.000	0.000	0.000
195	  N	  0.4	  0.4	0.000	0.000	0.000
196	  L	  0.1	  0.5	0.000	0.000	0.000
197	  P	  0.0	  0.1	0.000	0.000	0.000
198	  W	  0.4	  0.1	0.152	0.000	0.000
199	  A	  0.6	  0.1	0.152	0.000	0.000
200	  L	  0.8	  0.0	0.152	0.000	0.000
201	  Q	  0.6	  0.3	0.152	0.000	0.000
202	  K	  0.5	  0.5	0.152	0.000	0.000
203	  S	  0.3	  0.5	0.152	0.000	0.000
204	  G	  0.3	  0.5	0.000	0.000	0.000
205	  V	  0.7	  0.2	0.000	0.000	0.000
206	  T	  0.7	  0.2	0.195	0.000	0.000
207	  P	  0.6	  0.2	0.195	0.000	0.000
208	  K	  0.1	  0.3	0.195	0.000	0.000
209	  A	  0.6	  0.3	0.195	0.699	0.699
210	  S	 21.4	  0.3	0.195	1.524	1.524
211	  Y	 23.8	  0.3	0.195	12.304	12.304
212	  S	 23.5	  0.2	0.000	12.415	12.415
213	  L	  4.0	  0.2	0.000	12.526	12.526
214	  F	  1.1	  0.2	0.000	12.526	12.526
215	  L	  0.8	  0.4	0.000	12.526	12.526
216	  G	  0.3	  0.5	0.112	1.128	1.128
217	  S	  0.0	  0.6	0.775	0.111	0.111
218	  E	  0.0	  0.5	0.775	0.000	0.000
219	  Q	  0.0	  0.8	0.775	0.000	0.000
220	  E	  0.0	  1.1	0.775	0.000	0.000
221	  G	  0.0	  1.8	0.775	0.000	0.000
222	  K	  0.0	  1.8	0.775	0.000	0.000
223	  G	  0.0	  1.3	0.117	0.684	0.684
224	  S	  0.6	  0.9	0.000	3.956	3.956
225	  I	  2.7	  0.1	0.000	8.019	8.019
226	  I	  3.6	  0.0	0.000	8.346	8.346
227	  F	  3.1	  3.0	0.000	8.346	8.346
228	  G	  1.1	  3.1	0.000	7.895	7.895
229	  G	  0.3	  3.1	0.000	7.444	7.444
230	  I	  1.5	  3.1	0.000	6.893	6.893
231	  D	  1.6	  1.1	0.000	0.000	0.000
232	  T	  1.5	  1.1	0.000	0.000	0.000
233	  D	  0.3	  1.2	0.629	0.000	0.000
234	  K	  3.5	  1.2	0.629	0.000	0.000
235	  Y	  3.6	  0.6	0.918	0.000	0.000
236	  E	  3.5	  2.1	0.918	0.000	0.000
237	  G	  0.3	  2.1	3.639	0.000	0.000
238	  D	  0.1	  2.1	4.482	0.000	0.000
239	  L	  0.2	  1.8	4.482	0.000	0.000
240	  K	  0.3	  0.1	4.482	0.000	0.000
241	  K	  1.0	  0.1	4.482	0.000	0.000
242	  Y	  3.3	  0.1	3.993	0.000	0.000
243	  Q	  3.7	  0.0	1.844	0.000	0.000
244	  V	  3.7	  0.0	0.263	0.000	0.000
245	  S	  1.8	  0.5	0.263	0.000	0.000
246	  T	  1.7	  0.7	0.000	0.000	0.000
247	  D	  0.8	  0.8	0.000	0.000	0.000
248	  Q	  0.4	  0.8	0.000	0.000	0.000
249	  G	  0.0	  0.4	0.158	0.000	0.000
250	  L	  0.1	  0.3	0.158	0.193	0.193
251	  G	  0.4	  0.2	0.158	0.193	0.193
252	  I	  4.7	  0.1	0.158	0.193	0.193
253	  T	  5.6	  0.1	0.158	0.193	0.193
254	  A	  5.4	  0.1	0.158	0.193	0.193
255	  Q	  1.3	  0.1	0.158	0.000	0.000
256	  S	  0.8	  0.2	0.000	0.000	0.000
257	  A	  1.4	  0.2	0.000	0.000	0.000
258	  T	  1.9	  0.1	0.000	0.000	0.000
259	  V	  1.2	  3.5	0.000	0.000	0.000
260	  G	  0.5	  3.5	0.000	0.000	0.000
261	  G	  0.1	  3.6	0.000	0.000	0.000
262	  K	  0.4	  3.6	0.000	0.000	0.000
263	  S	  6.0	  0.4	0.000	0.000	0.000
264	  I	  9.2	  0.3	0.000	0.129	0.129
265	  S	  9.0	  0.5	0.000	0.129	0.129
266	  L	  3.6	  0.5	0.000	0.129	0.129
267	  G	  0.2	  0.5	0.000	0.129	0.129
268	  Q	  0.9	  0.4	0.000	0.129	0.129
269	  S	  1.7	  0.2	0.000	0.129	0.129
270	  Y	  2.7	  0.1	0.000	0.129	0.129
271	  I	  2.3	  0.1	0.000	0.129	0.129
272	  L	  1.7	  0.3	0.000	0.129	0.129
273	  D	  0.7	  0.7	0.000	0.000	0.000
274	  S	  0.3	  1.1	0.000	0.000	0.000
275	  G	  0.1	  1.1	0.000	0.000	0.000
276	  T	  1.3	  0.9	0.000	0.000	0.000
277	  S	  7.6	  0.9	0.000	0.000	0.000
278	  W	  8.5	  0.5	0.000	0.000	0.000
279	  N	  8.0	  0.5	0.000	0.000	0.000
280	  L	  1.8	  0.5	0.000	0.000	0.000
281	  W	  0.8	  0.3	0.000	0.000	0.000
282	  P	  0.0	  0.4	0.000	0.000	0.000
283	  T	  0.1	  0.4	0.000	0.000	0.000
284	  D	  0.3	  0.4	1.186	0.000	0.000
285	  L	  0.3	  0.1	1.186	0.000	0.000
286	  T	  0.3	  0.1	3.582	0.000	0.000
287	  E	  0.1	  0.0	3.582	0.000	0.000
288	  A	  0.4	  0.0	3.582	0.000	0.000
289	  V	  1.8	  0.0	3.582	0.000	0.000
290	  A	  1.8	  0.0	3.582	0.000	0.000
291	  Q	  1.5	  0.1	3.412	0.000	0.000
292	  E	  0.1	  0.1	2.460	0.000	0.000
293	  L	  0.2	  0.2	1.684	0.517	0.517
294	  G	  0.1	  0.1	1.668	0.517	0.517
295	  L	  0.5	  0.1	0.634	1.130	1.130
296	  I	  4.5	  0.1	0.150	1.236	1.236
297	  S	  7.5	  0.0	0.150	1.236	1.236
298	  Y	  8.8	  0.2	0.150	1.236	1.236
299	  Q	  4.8	  0.2	0.150	0.851	0.851
300	  Q	  1.7	  0.3	0.000	1.359	1.359
301	  G	  0.0	  0.3	0.000	13.981	13.981
302	  L	  0.6	  0.1	0.000	16.831	16.831
303	  Y	  2.2	  0.0	0.000	16.831	16.831
304	  I	  3.3	  0.0	0.000	16.831	16.831
305	  V	  6.3	  0.0	0.000	16.831	16.831
306	  N	  5.0	  0.7	0.000	3.061	3.061
307	  C	  5.5	  0.7	0.000	0.498	0.498
308	  D	  1.9	  0.6	0.000	0.000	0.000
309	  Q	  1.6	  1.0	0.000	0.000	0.000
310	  P	  0.0	  0.7	0.000	0.000	0.000
311	  S	  0.0	  0.8	0.000	0.000	0.000
312	  D	  0.0	  1.3	0.000	0.000	0.000
313	  K	  0.4	  0.9	0.000	0.000	0.000
314	  S	  5.6	  0.7	0.000	0.000	0.000
315	  I	  9.5	  0.7	0.000	0.000	0.000
316	  S	 15.9	  0.4	0.000	0.000	0.000
317	  F	 11.9	  0.5	0.000	0.000	0.000
318	  D	  8.0	  0.6	0.000	0.000	0.000
319	  L	  1.1	  0.8	0.000	0.000	0.000
320	  G	  0.0	  0.8	0.000	0.000	0.000
321	  E	  0.1	  0.8	0.000	0.000	0.000
322	  N	  0.3	  0.5	0.000	0.000	0.000
323	  S	  6.1	  0.5	0.000	0.000	0.000
324	  I	 10.3	  0.1	0.000	0.000	0.000
325	  S	 10.2	  0.1	0.000	0.000	0.000
326	  I	  4.7	  0.1	0.000	0.000	0.000
327	  P	  0.1	  0.0	0.000	0.000	0.000
328	  Y	  0.3	  0.5	0.000	0.000	0.000
329	  S	  0.2	  0.6	0.109	0.000	0.000
330	  D	  0.4	  0.6	0.109	0.000	0.000
331	  L	  1.5	  0.6	0.109	4.348	4.348
332	  I	  2.5	  0.0	0.109	4.348	4.348
333	  V	 13.7	  0.0	0.109	4.348	4.348
334	  N	 12.4	  0.3	0.109	4.348	4.348
335	  V	 11.5	  0.5	0.000	4.348	4.348
336	  G	  0.1	  1.5	0.000	0.359	0.359
337	  E	  0.1	  5.5	0.000	0.000	0.000
338	  N	  0.0	  5.3	0.000	0.000	0.000
339	  G	  0.0	  5.1	0.000	0.000	0.000
340	  Q	  0.5	  4.1	0.000	0.000	0.000
341	  K	  1.4	  0.1	0.000	0.000	0.000
342	  V	  2.3	  0.0	0.000	0.000	0.000
343	  C	  3.2	  0.3	0.000	0.000	0.000
344	  S	  2.5	  0.4	0.000	0.000	0.000
345	  L	  1.6	  0.5	0.000	0.000	0.000
346	  G	  0.2	  0.7	0.000	0.000	0.000
347	  A	  0.1	  0.4	0.000	0.000	0.000
348	  Q	  0.2	  0.2	0.000	0.000	0.000
349	  A	  0.3	  0.2	0.000	0.000	0.000
350	  T	  0.6	  0.1	0.000	0.000	0.000
351	  D	  1.2	  0.1	0.000	0.000	0.000
352	  Y	  1.4	  0.1	0.000	0.000	0.000
353	  D	  1.0	  0.2	0.000	0.000	0.000
354	  P	  0.2	  0.2	0.000	0.000	0.000
355	  Y	  0.6	  0.2	0.000	6.659	6.659
356	  I	  1.5	  0.2	0.000	11.050	11.050
357	  F	  1.6	  1.9	0.000	11.374	11.374
358	  G	  1.0	  1.9	0.311	11.374	11.374
359	  D	  2.2	  1.9	0.453	11.655	11.655
360	  V	  5.5	  1.9	0.453	12.728	12.728
361	  F	  6.5	  0.0	0.453	12.728	12.728
362	  L	  4.9	  0.1	0.453	12.728	12.728
363	  R	  1.7	  0.1	0.453	12.728	12.728
364	  S	  0.9	  0.1	0.349	17.705	17.705
365	  A	  0.7	  0.1	0.000	50.630	50.630
366	  Y	  2.2	  0.0	0.000	50.630	50.630
367	  V	  3.9	  0.0	0.000	50.561	50.561
368	  Y	  5.2	  0.1	0.000	49.198	49.198
369	  Y	  4.7	  0.2	0.000	45.861	45.861
370	  D	  2.8	  0.3	0.000	1.072	1.072
371	  L	  1.5	  0.3	0.000	0.853	0.853
372	  T	  0.5	  0.2	0.000	0.321	0.321
373	  D	  0.3	  0.2	0.000	0.000	0.000
374	  H	  3.1	  0.1	0.000	0.000	0.000
375	  T	 15.7	  0.0	0.242	0.262	0.262
376	  I	 17.9	  0.0	0.242	0.262	0.262
377	  S	 15.4	  0.0	1.299	0.262	0.262
378	  I	  3.7	  0.0	1.410	0.262	0.262
379	  A	  1.0	  0.0	1.410	0.262	0.262
380	  Q	  0.9	  0.0	1.410	0.000	0.000
381	  A	  0.4	  0.0	1.306	0.000	0.000
382	  K	  1.0	  0.0	1.306	0.000	0.000
383	  Y	  1.6	  0.1	0.600	0.000	0.000
384	  S	  3.2	  0.3	0.120	0.000	0.000
385	  T	  3.7	  0.4	0.000	0.000	0.000
386	  S	  3.1	  0.5	0.000	0.000	0.000
387	  S	  2.2	  0.4	0.000	0.000	0.000
388	  H	 13.1	  0.2	0.000	0.000	0.000
389	  I	 13.4	  0.1	0.000	0.000	0.000
390	  V	 12.6	  0.0	0.000	0.000	0.000
391	  P	  0.5	  0.0	0.000	0.000	0.000
392	  A	  0.0	  0.0	0.000	0.000	0.000
