res	aa	Beta	Turn	Helix	Aggregation	Conc-Stab_Aggregation
01	  M	  2.6	  0.1	0.000	0.000	0.000
02	  S	  3.7	  0.1	0.000	0.000	0.000
03	  Y	  5.8	  0.1	0.000	0.000	0.000
04	  Y	  4.9	  0.3	0.000	0.000	0.000
05	  Q	  3.8	  0.1	0.000	0.000	0.000
06	  Q	  1.8	  0.1	0.000	0.000	0.000
07	  G	  0.0	  0.1	0.000	0.000	0.000
08	  P	  0.0	  0.0	0.000	0.000	0.000
09	  P	  0.0	  0.0	0.000	0.000	0.000
10	  P	  0.0	  0.9	0.000	0.000	0.000
11	  P	  0.0	  1.1	0.000	0.000	0.000
12	  Q	  0.0	  1.7	0.000	0.000	0.000
13	  G	  0.0	  1.7	0.000	0.000	0.000
14	  G	  0.0	  0.8	0.000	0.000	0.000
15	  Y	  1.2	  0.6	0.000	0.000	0.000
16	  Y	  2.5	  0.1	0.000	0.000	0.000
17	  H	  2.5	  0.0	0.000	0.000	0.000
18	  Q	  1.3	  0.0	0.000	0.000	0.000
19	  G	  0.0	  0.0	0.000	0.000	0.000
20	  P	  0.0	  0.0	0.000	0.000	0.000
21	  P	  0.0	  0.2	0.000	0.000	0.000
22	  P	  0.0	  0.3	0.000	0.000	0.000
23	  Q	  1.1	  0.3	0.000	0.000	0.000
24	  Q	  4.1	  0.3	0.000	0.000	0.000
25	  Y	  6.1	  0.1	0.000	0.000	0.000
26	  Y	  8.7	  0.0	0.000	0.000	0.000
27	  Q	  5.8	  0.0	0.000	0.000	0.000
28	  Q	  3.7	  0.0	0.000	0.000	0.000
29	  P	  0.1	  0.0	0.000	0.000	0.000
30	  Q	  0.0	  0.0	0.000	0.000	0.000
31	  P	  0.0	  0.0	0.000	0.000	0.000
32	  M	  0.8	  0.0	0.000	0.000	0.000
33	  Y	  2.2	  0.0	0.000	0.000	0.000
34	  V	  3.7	  0.0	0.000	0.000	0.000
35	  Q	  3.5	  0.0	0.000	0.000	0.000
36	  Q	  2.1	  0.0	0.000	0.000	0.000
37	  Q	  0.7	  0.2	0.000	0.000	0.000
38	  P	  0.0	  0.2	0.000	0.000	0.000
39	  Q	  0.2	  0.5	0.000	0.000	0.000
40	  K	  0.3	  0.7	0.000	0.000	0.000
41	  S	  0.3	  0.8	0.000	0.000	0.000
42	  G	  0.1	  0.8	0.000	0.000	0.000
43	  G	  0.0	  0.7	0.000	0.000	0.000
44	  G	  0.1	  0.6	0.000	0.000	0.000
45	  C	  9.2	  0.2	0.000	0.000	0.000
46	  C	 12.8	  0.2	0.000	0.000	0.000
47	  S	 12.9	  0.1	0.000	0.000	0.000
48	  A	  4.7	  0.1	0.000	0.000	0.000
49	  F	  1.5	  0.1	0.000	0.000	0.000
50	  C	  1.2	  0.1	0.000	0.000	0.000
51	  G	  1.1	  0.1	0.000	0.000	0.000
52	  T	  9.2	  0.1	0.000	0.000	0.000
53	  C	 27.8	  0.1	0.000	0.000	0.000
54	  C	 28.1	  0.0	0.000	0.000	0.000
55	  A	 19.9	  0.0	0.000	0.000	0.000
56	  I	  1.8	  0.0	0.000	0.000	0.000
57	  L	  3.4	  0.0	0.000	0.000	0.000
58	  C	 22.8	  0.0	0.000	0.000	0.000
59	  C	 41.0	  0.0	0.000	0.000	0.000
60	  C	 51.4	  0.0	0.000	0.000	0.000
61	  C	 34.6	  0.1	0.000	0.000	0.000
62	  A	 15.0	  0.3	0.000	0.000	0.000
63	  E	  0.3	  0.4	0.000	0.000	0.000
64	  D	  0.1	  0.4	0.000	0.000	0.000
65	  C	  0.4	  0.4	0.000	0.000	0.000
66	  A	  0.4	  0.2	0.000	0.000	0.000
67	  E	  0.4	  0.2	0.000	0.000	0.000
68	  A	  0.3	  0.2	0.000	0.000	0.000
69	  I	  0.3	  0.0	0.000	0.000	0.000
70	  C	  0.3	  0.0	0.000	0.000	0.000
