res	aa	Beta	Turn	Helix	Aggregation	Conc-Stab_Aggregation
01	  M	  0.2	  0.0	0.000	0.001	0.001
02	  L	  0.3	  0.1	0.000	0.735	0.735
03	  Q	  1.4	  0.1	0.483	0.787	0.787
04	  Q	  4.1	  0.1	0.637	2.977	2.977
05	  Y	  8.3	  0.1	0.759	55.703	55.703
06	  T	  7.9	  0.0	4.340	70.578	70.578
07	  L	  5.7	  0.0	4.340	95.023	95.023
08	  L	  2.2	  0.0	4.340	99.139	99.139
09	  L	  1.9	  0.0	4.340	99.696	99.696
10	  I	  2.4	  0.0	4.340	99.740	99.740
11	  Y	  2.5	  0.0	4.340	99.020	99.020
12	  L	  3.7	  0.0	3.228	95.547	95.547
13	  S	  3.1	  0.0	5.797	74.640	74.640
14	  V	  3.2	  0.0	3.706	72.002	72.002
15	  A	  1.6	  0.0	3.706	40.011	40.011
16	  T	  2.1	  0.0	3.311	12.891	12.891
17	  A	  1.2	  0.1	3.311	5.914	5.914
18	  K	  1.8	  0.1	3.208	0.000	0.000
19	  T	 11.6	  0.0	0.000	0.051	0.051
20	  I	 13.7	  0.1	0.000	2.564	2.564
21	  T	 13.1	  0.0	0.000	2.564	2.564
22	  G	  2.3	  0.0	0.000	2.564	2.564
23	  V	  3.1	  0.1	0.000	3.172	3.172
24	  F	  4.3	  0.1	0.000	3.168	3.168
25	  N	  5.1	  0.0	0.000	0.761	0.761
26	  S	 10.3	  0.2	0.000	0.761	0.761
27	  F	 10.1	  0.3	0.000	0.761	0.761
28	  N	  9.2	  0.3	0.370	0.000	0.000
29	  S	  2.2	  0.3	0.370	0.000	0.000
30	  L	  3.7	  0.1	0.370	0.000	0.000
31	  T	 25.6	  0.0	0.370	0.000	0.000
32	  W	 24.6	  0.2	0.370	0.000	0.000
33	  S	 22.3	  0.2	0.446	0.000	0.000
34	  N	  0.2	  0.2	1.244	0.000	0.000
35	  A	  0.0	  0.3	1.244	0.000	0.000
36	  A	  0.8	  0.1	1.244	0.000	0.000
37	  T	  9.6	  0.1	1.413	0.000	0.000
38	  Y	 12.6	  0.1	1.413	0.000	0.000
39	  N	 12.5	  0.1	1.337	0.000	0.000
40	  Y	  4.3	  0.1	0.760	0.000	0.000
41	  K	  1.0	  0.1	0.429	0.000	0.000
42	  G	  0.3	  1.3	0.261	0.000	0.000
43	  P	  0.0	  1.3	0.000	0.000	0.000
44	  G	  0.0	  1.3	0.000	0.000	0.000
45	  T	  0.0	  1.5	0.000	0.000	0.000
46	  P	  0.0	  0.3	0.000	0.000	0.000
47	  T	  6.4	  0.3	0.110	0.505	0.505
48	  W	  7.0	  0.3	0.110	1.356	1.356
49	  N	  7.1	  0.0	0.273	1.356	1.356
50	  A	  1.6	  0.0	0.273	3.100	3.100
51	  V	  1.3	  0.1	0.273	3.580	3.580
52	  L	  1.3	  0.1	0.273	3.580	3.580
53	  G	  0.6	  0.1	0.273	2.595	2.595
54	  W	  1.9	  0.2	0.163	2.595	2.595
55	  S	  4.1	  2.5	0.000	0.886	0.886
56	  L	  4.1	  2.7	0.000	0.886	0.886
57	  D	  2.4	  2.9	0.000	0.000	0.000
58	  G	  0.1	  2.9	0.000	0.000	0.000
59	  T	  0.4	  0.5	0.000	0.000	0.000
60	  S	  5.6	  0.3	0.000	0.000	0.000
61	  A	  5.6	  0.1	0.000	0.000	0.000
62	  S	  5.2	  1.9	0.000	0.000	0.000
63	  P	  0.0	  3.2	0.000	0.000	0.000
64	  G	  0.0	  3.2	0.000	0.000	0.000
65	  D	  1.3	  3.2	0.415	0.000	0.000
66	  T	 19.2	  1.4	0.513	0.000	0.000
67	  F	 22.8	  0.1	0.513	0.000	0.000
68	  T	 22.9	  0.1	0.513	0.000	0.000
69	  L	  7.9	  0.1	0.513	0.000	0.000
70	  N	  3.8	  0.1	0.513	0.000	0.000
71	  M	  2.4	  0.1	0.381	0.000	0.000
72	  P	  0.0	  0.0	0.000	0.000	0.000
73	  C	  0.0	  0.0	0.000	0.000	0.000
74	  V	  0.0	  0.0	-1.#IO	0.000	0.000
75	  F	  0.0	  0.0	-1.#IO	0.000	0.000
76	  K	  0.0	  0.0	-1.#IO	0.000	0.000
77	  F	  0.0	  0.0	-1.#IO	0.000	0.000
78	  T	  0.0	  0.0	-1.#IO	0.000	0.000
79	  T	  0.0	  0.0	-1.#IO	0.000	0.000
80	  S	  0.0	  0.0	-1.#IO	0.000	0.000
81	  Q	  0.0	  0.0	-1.#IO	0.000	0.000
82	  T	  0.0	  0.0	-1.#IO	0.000	0.000
83	  S	  0.0	  0.0	-1.#IO	0.000	0.000
84	  V	  0.0	  0.0	-1.#IO	0.000	0.000
85	  D	  0.0	  0.0	-1.#IO	0.000	0.000
86	  L	  0.0	  0.0	-1.#IO	0.000	0.000
87	  T	  0.0	  0.0	0.000	0.000	0.000
88	  A	  0.0	  0.0	0.000	0.000	0.000
89	  H	  0.1	  0.0	0.000	0.000	0.000
90	  G	  0.1	  0.0	0.000	0.000	0.000
91	  V	  3.1	  0.0	0.000	0.000	0.000
92	  K	  3.5	  0.0	0.000	0.000	0.000
93	  Y	  3.7	  0.1	0.000	0.000	0.000
94	  A	  1.1	  0.1	0.000	0.000	0.000
95	  T	  6.0	  0.1	0.000	0.000	0.000
96	  C	  6.7	  0.1	0.000	0.000	0.000
97	  Q	 10.1	  0.0	0.000	0.000	0.000
98	  F	  6.9	  0.1	0.000	0.000	0.000
99	  Q	  5.8	  0.3	0.000	0.000	0.000
100	  A	  2.3	  0.4	0.000	0.000	0.000
101	  G	  0.0	  0.5	0.000	0.000	0.000
102	  E	  0.0	  0.4	0.000	0.000	0.000
103	  E	  0.1	  0.1	0.000	0.000	0.000
104	  F	  0.4	  0.1	0.000	1.525	1.525
105	  M	  4.2	  0.0	0.000	1.525	1.525
106	  T	 32.1	  0.0	0.000	2.008	2.008
107	  F	 32.3	  0.1	0.000	2.493	2.493
108	  S	 29.1	  0.1	0.000	2.493	2.493
109	  T	  2.5	  0.1	0.000	2.507	2.507
110	  L	  4.5	  0.1	0.000	2.809	2.809
111	  T	  9.4	  0.0	0.000	2.083	2.083
112	  C	 12.2	  0.0	0.000	1.454	1.454
113	  T	 24.2	  0.0	0.000	1.454	1.454
114	  V	 19.5	  0.1	0.000	1.454	1.454
115	  S	 15.4	  0.1	0.000	0.000	0.000
116	  N	  0.3	  0.1	0.000	0.000	0.000
117	  T	  3.9	  0.1	0.000	0.000	0.000
118	  L	  4.0	  0.0	0.000	0.000	0.000
119	  T	  4.0	  0.4	0.774	0.000	0.000
120	  P	  0.2	  0.4	0.774	0.000	0.000
121	  S	  0.8	  0.4	0.959	0.000	0.000
122	  I	  2.3	  0.4	0.959	0.000	0.000
123	  K	  2.4	  0.1	0.959	0.000	0.000
124	  A	  1.6	  0.1	0.959	0.000	0.000
125	  L	  0.1	  0.2	0.820	0.000	0.000
126	  G	  0.1	  0.1	0.410	0.000	0.000
127	  T	 10.6	  0.0	0.000	0.000	0.000
128	  V	 23.1	  0.0	0.000	0.000	0.000
129	  T	 23.3	  0.0	0.000	0.000	0.000
130	  L	 13.8	  0.1	0.000	0.000	0.000
131	  P	  0.2	  0.1	0.000	0.000	0.000
132	  L	  0.2	  0.1	0.000	2.038	2.038
133	  A	  0.4	  0.1	0.000	2.038	2.038
134	  F	  5.7	  0.0	0.000	2.038	2.038
135	  N	  5.6	  0.2	0.000	2.038	2.038
136	  V	  5.4	  1.0	0.000	2.038	2.038
137	  G	  0.1	  1.3	0.000	0.167	0.167
138	  G	  0.1	  1.5	0.000	0.000	0.000
139	  T	  0.1	  2.0	0.000	0.000	0.000
140	  G	  0.2	  1.3	0.000	0.000	0.000
141	  S	  0.3	  1.0	0.000	0.000	0.000
142	  S	  4.4	  1.2	0.000	0.000	0.000
143	  V	  6.6	  0.5	0.000	0.000	0.000
144	  D	  6.7	  0.4	0.000	0.000	0.000
145	  L	  2.6	  0.6	0.000	0.000	0.000
146	  E	  0.3	  0.3	0.000	0.000	0.000
147	  D	  0.1	  0.2	0.000	0.000	0.000
148	  S	  0.0	  0.2	0.000	0.000	0.000
149	  K	  0.0	  0.0	0.000	0.000	0.000
150	  C	  0.0	  0.0	0.000	0.000	0.000
151	  F	  0.0	  0.0	-1.#IO	0.000	0.000
152	  T	  0.0	  0.0	-1.#IO	0.000	0.000
153	  A	  0.0	  0.0	-1.#IO	0.000	0.000
154	  G	  0.0	  0.0	-1.#IO	0.000	0.000
155	  T	  0.0	  0.0	-1.#IO	0.000	0.000
156	  N	  0.0	  0.0	-1.#IO	0.000	0.000
157	  T	  0.0	  0.0	-1.#IO	0.000	0.000
158	  V	  0.0	  0.0	-1.#IO	0.000	0.000
159	  T	  0.0	  0.0	-1.#IO	0.000	0.000
160	  F	  0.0	  0.0	-1.#IO	0.000	0.000
161	  N	  0.0	  0.0	-1.#IO	0.000	0.000
162	  D	  0.0	  0.0	-1.#IO	0.000	0.000
163	  G	  0.0	  0.0	-1.#IO	0.000	0.000
164	  G	  0.0	  0.0	0.000	0.000	0.000
165	  K	  0.0	  0.0	0.000	0.000	0.000
166	  K	  0.6	  0.0	0.000	0.000	0.000
167	  I	  3.0	  0.0	0.000	0.483	0.483
168	  S	  6.3	  0.2	0.000	0.483	0.483
169	  I	 14.5	  0.2	0.000	0.483	0.483
170	  N	 13.3	  0.5	0.000	0.483	0.483
171	  V	 11.7	  0.5	0.000	0.483	0.483
172	  D	  4.1	  0.2	0.170	0.000	0.000
173	  F	  4.8	  0.3	0.170	0.000	0.000
174	  E	  3.4	  0.1	0.170	0.000	0.000
175	  R	  2.3	  0.3	0.170	0.000	0.000
176	  S	  0.5	  0.3	0.170	0.000	0.000
177	  N	  2.5	  0.2	0.170	0.000	0.000
178	  V	  2.5	  0.2	0.000	0.000	0.000
179	  D	  2.5	  1.8	0.000	0.000	0.000
180	  P	  0.2	  2.2	0.000	0.000	0.000
181	  K	  0.0	  2.2	0.000	0.000	0.000
182	  G	  0.0	  2.2	0.144	0.000	0.000
183	  Y	  0.4	  0.5	0.144	0.000	0.000
184	  L	  0.7	  0.1	0.144	0.000	0.000
185	  T	  1.2	  0.1	0.144	0.000	0.000
186	  D	  0.9	  0.2	0.144	0.000	0.000
187	  S	  0.8	  0.2	0.144	0.000	0.000
188	  R	  5.2	  0.2	0.000	0.000	0.000
189	  V	  5.7	  0.1	0.000	0.000	0.000
190	  I	  5.5	  0.2	0.000	0.000	0.000
191	  P	  0.6	  0.3	0.000	0.000	0.000
192	  S	  2.7	  1.0	0.000	0.000	0.000
193	  L	  2.8	  1.0	0.000	0.000	0.000
194	  N	  2.9	  0.8	0.000	0.000	0.000
195	  K	  1.4	  0.7	0.000	0.000	0.000
196	  V	  2.1	  0.0	0.000	18.740	18.740
197	  S	  2.1	  0.1	0.000	20.152	20.152
198	  T	  2.0	  0.1	0.000	20.474	20.474
199	  L	  1.8	  0.1	0.000	20.770	20.770
200	  F	  7.5	  0.0	0.000	20.770	20.770
201	  V	  6.9	  0.0	0.000	19.358	19.358
202	  A	  6.3	  0.3	0.000	0.852	0.852
203	  P	  0.4	  0.4	0.000	0.616	0.616
204	  Q	  0.1	  0.4	0.000	0.000	0.000
205	  C	  0.4	  2.4	0.000	0.000	0.000
206	  A	  0.4	  4.5	0.000	0.000	0.000
207	  N	  0.3	  4.4	0.000	0.000	0.000
208	  G	  0.2	  4.4	0.000	0.000	0.000
209	  Y	  3.1	  2.6	0.000	0.000	0.000
210	  T	  3.1	  0.3	0.000	0.000	0.000
211	  S	  3.0	  0.8	0.000	0.000	0.000
212	  G	  0.1	  0.8	0.000	0.000	0.000
213	  T	  0.3	  0.8	0.000	0.000	0.000
214	  M	  0.4	  0.7	0.000	0.000	0.000
215	  G	  0.6	  0.2	0.000	0.000	0.000
216	  F	  0.6	  0.4	0.000	0.000	0.000
217	  A	  0.4	  0.3	0.000	0.000	0.000
218	  N	  3.3	  0.3	0.000	0.000	0.000
219	  T	  4.0	  0.4	0.000	0.000	0.000
220	  Y	  4.0	  2.0	0.000	0.000	0.000
221	  G	  1.0	  2.0	0.000	0.000	0.000
222	  D	  0.7	  2.0	0.000	0.000	0.000
223	  V	  4.2	  1.9	0.000	0.000	0.000
224	  Q	  5.2	  0.0	0.000	0.000	0.000
225	  I	  7.3	  0.0	0.000	0.000	0.000
226	  D	  4.0	  0.5	0.000	0.000	0.000
227	  C	  3.2	  0.9	0.000	0.000	0.000
228	  S	  0.5	  0.9	0.000	0.000	0.000
229	  N	  0.6	  0.9	0.000	0.000	0.000
230	  I	  3.9	  0.4	0.000	0.000	0.000
231	  H	  4.2	  0.2	0.000	0.000	0.000
232	  V	  4.1	  0.3	0.000	0.000	0.000
233	  G	  1.0	  0.3	0.000	0.000	0.000
234	  I	  3.0	  0.4	0.000	0.000	0.000
235	  T	  2.7	  0.4	0.000	0.000	0.000
236	  K	  2.4	  0.3	0.000	0.000	0.000
237	  G	  0.2	  0.5	0.000	0.000	0.000
238	  L	  0.2	  0.6	0.000	0.000	0.000
239	  N	  0.3	  0.4	0.000	0.000	0.000
240	  D	  0.5	  0.8	0.000	0.000	0.000
241	  W	  3.6	  0.6	0.000	0.000	0.000
242	  N	  3.6	  0.5	0.000	0.000	0.000
243	  Y	  3.2	  0.5	0.000	0.000	0.000
244	  P	  0.1	  0.0	0.000	0.000	0.000
245	  V	  1.0	  0.0	0.000	0.000	0.000
246	  S	  1.1	  0.1	0.000	0.000	0.000
247	  S	  1.2	  0.9	0.000	0.000	0.000
248	  E	  0.3	  0.9	0.000	0.000	0.000
249	  S	 19.1	  1.0	0.000	0.000	0.000
250	  F	 23.9	  0.9	0.000	0.000	0.000
251	  S	 29.0	  0.1	0.000	0.000	0.000
252	  Y	 14.3	  0.1	0.000	0.000	0.000
253	  T	  9.3	  0.1	0.000	0.000	0.000
254	  K	  4.3	  0.1	0.000	0.000	0.000
255	  T	 10.5	  0.1	0.000	0.000	0.000
256	  C	 10.1	  0.4	0.000	0.000	0.000
257	  S	  9.7	  4.9	0.000	0.000	0.000
258	  S	  0.7	  5.8	0.000	0.000	0.000
259	  N	  0.1	  5.8	0.000	0.341	0.341
260	  G	  0.1	  5.6	0.000	5.516	5.516
261	  I	  0.7	  0.9	0.000	50.042	50.042
262	  F	  1.3	  0.0	0.000	50.042	50.042
263	  I	 15.9	  0.0	0.000	50.042	50.042
264	  T	 26.9	  0.0	0.000	49.862	49.862
265	  Y	 26.7	  0.3	0.000	48.698	48.698
266	  K	 13.5	  0.3	0.000	0.000	0.000
267	  N	  1.0	  0.3	0.000	0.000	0.000
268	  V	  0.5	  0.5	0.000	0.000	0.000
269	  P	  0.1	  0.5	0.000	0.000	0.000
270	  A	  0.0	  0.5	0.000	0.000	0.000
271	  G	  0.1	  0.5	0.000	0.000	0.000
272	  Y	  0.5	  0.4	0.000	0.000	0.000
273	  R	  0.5	  0.0	0.000	0.000	0.000
274	  P	  0.4	  0.0	0.000	0.000	0.000
275	  F	  1.4	  0.1	0.000	0.000	0.000
276	  V	  1.9	  0.1	0.000	0.000	0.000
277	  D	  2.0	  0.1	0.000	0.000	0.000
278	  A	  1.0	  0.1	0.000	0.000	0.000
279	  Y	  1.4	  0.0	0.000	0.000	0.000
280	  I	  2.7	  0.0	0.000	0.000	0.000
281	  S	  3.1	  0.2	0.472	0.000	0.000
282	  A	  2.3	  0.3	0.472	0.000	0.000
283	  T	  1.2	  0.3	0.472	0.000	0.000
284	  D	  1.1	  0.7	0.472	0.000	0.000
285	  V	  2.4	  0.6	0.472	0.000	0.000
286	  N	  2.8	  0.5	1.808	0.000	0.000
287	  S	  8.9	  0.5	1.608	0.000	0.000
288	  Y	 11.8	  0.0	1.480	0.440	0.440
289	  T	 15.7	  0.0	1.336	0.440	0.440
290	  L	 10.9	  0.0	1.336	0.440	0.440
291	  S	  7.4	  0.0	1.426	0.440	0.440
292	  Y	  2.7	  0.2	0.824	0.440	0.440
293	  A	  0.7	  0.2	0.425	0.116	0.116
294	  N	  0.2	  0.2	0.504	0.000	0.000
295	  E	  2.1	  0.2	0.415	0.000	0.000
296	  Y	 19.4	  0.0	0.415	0.000	0.000
297	  T	 20.7	  0.0	0.324	0.000	0.000
298	  C	 18.9	  0.4	0.324	0.000	0.000
299	  A	  1.8	  1.1	0.324	0.000	0.000
300	  G	  0.2	  1.1	0.234	0.000	0.000
301	  G	  0.0	  1.1	0.112	0.000	0.000
302	  Y	  1.5	  0.7	0.000	0.000	0.000
303	  W	  2.7	  0.0	0.000	0.000	0.000
304	  Q	  2.8	  0.0	0.000	0.000	0.000
305	  R	  1.4	  0.0	0.000	0.000	0.000
306	  A	  0.2	  0.0	0.000	0.000	0.000
307	  P	  0.0	  0.0	0.000	0.000	0.000
308	  F	  4.7	  0.0	0.000	0.000	0.000
309	  T	  6.9	  0.0	0.000	0.000	0.000
310	  L	  7.9	  0.0	0.000	0.000	0.000
311	  R	  4.6	  0.0	0.000	0.000	0.000
312	  W	  2.4	  0.1	0.000	0.000	0.000
313	  T	  1.4	  0.1	0.000	0.000	0.000
314	  G	  0.3	  0.1	0.000	0.000	0.000
315	  Y	  0.9	  0.3	0.000	0.000	0.000
316	  R	  0.9	  0.2	0.000	0.000	0.000
317	  N	  0.9	  3.1	0.000	0.000	0.000
318	  S	  0.1	  3.1	0.000	0.000	0.000
319	  D	  0.0	  4.5	0.000	0.000	0.000
320	  A	  0.0	  5.1	0.000	0.000	0.000
321	  G	  0.0	  3.1	0.000	0.000	0.000
322	  S	  0.0	  3.9	0.000	0.062	0.062
323	  N	  0.0	  2.4	0.000	0.608	0.608
324	  G	  0.1	  1.7	0.000	13.626	13.626
325	  I	  7.1	  0.9	0.000	92.360	92.360
326	  V	 20.1	  0.0	0.000	94.339	94.339
327	  I	 23.7	  0.0	0.000	94.400	94.400
328	  V	 18.2	  0.0	0.000	94.380	94.380
329	  A	  5.0	  0.0	0.000	88.172	88.172
330	  T	  1.8	  0.0	0.000	26.977	26.977
331	  T	  1.5	  0.1	0.000	10.208	10.208
332	  R	  2.0	  0.1	0.000	0.052	0.052
333	  T	 11.9	  0.1	0.000	0.052	0.052
334	  V	 12.7	  0.1	0.000	0.052	0.052
335	  T	 12.6	  0.1	0.000	0.052	0.052
336	  D	  2.0	  0.2	0.000	0.052	0.052
337	  S	  1.2	  0.3	0.000	0.022	0.022
338	  T	  1.3	  0.3	0.000	0.022	0.022
339	  T	  2.0	  0.2	0.000	0.162	0.162
340	  A	  1.8	  0.0	0.000	0.162	0.162
341	  V	  3.0	  0.0	0.000	0.162	0.162
342	  T	  3.9	  0.0	0.000	0.148	0.148
343	  T	  3.7	  0.0	0.000	0.140	0.140
344	  L	  1.9	  0.0	0.000	0.000	0.000
345	  P	  0.2	  0.0	0.000	0.000	0.000
346	  F	  0.2	  0.0	0.000	0.000	0.000
347	  D	  0.2	 10.1	0.295	0.000	0.000
348	  P	  0.2	 10.1	0.295	0.000	0.000
349	  N	  0.0	 12.0	0.295	0.000	0.000
350	  R	  0.0	 12.0	0.295	0.000	0.000
351	  D	  0.0	  2.1	0.295	0.000	0.000
352	  K	  0.6	  2.1	0.295	0.000	0.000
353	  T	  2.0	  0.3	0.518	0.000	0.000
354	  K	  2.6	  0.3	0.518	0.000	0.000
355	  T	  6.1	  0.1	0.799	0.000	0.000
356	  I	  8.8	  0.1	0.799	0.000	0.000
357	  E	  8.2	  0.0	0.799	0.000	0.000
358	  I	  5.9	  0.0	0.799	0.000	0.000
359	  L	  1.8	  0.0	0.799	0.000	0.000
360	  K	  1.6	  0.0	0.659	0.000	0.000
361	  P	  0.1	  0.0	0.000	0.000	0.000
362	  I	  0.0	  0.0	0.000	0.000	0.000
363	  P	  0.0	  0.0	0.000	0.000	0.000
364	  T	  1.5	  0.0	0.000	0.828	0.828
365	  T	  2.4	  0.0	0.000	2.203	2.203
366	  T	 13.4	  0.0	0.000	4.613	4.613
367	  I	 15.1	  0.0	0.000	8.723	8.723
368	  T	 16.6	  0.0	0.000	8.942	8.942
369	  T	  7.0	  0.0	0.000	9.247	9.247
370	  S	  4.6	  0.0	0.000	9.866	9.866
371	  Y	  2.7	  0.2	0.000	12.800	12.800
372	  V	  1.7	  0.2	0.000	13.167	13.167
373	  G	  1.1	  0.2	0.000	10.421	10.421
374	  V	  1.8	  0.2	0.000	10.417	10.417
375	  T	  3.7	  0.1	0.000	6.917	6.917
376	  T	  5.0	  0.0	0.000	3.368	3.368
377	  S	 23.4	  0.2	0.106	1.069	1.069
378	  Y	 21.8	  0.2	0.106	0.956	0.956
379	  S	 20.8	  0.2	0.106	0.000	0.000
380	  T	  2.3	  0.3	0.106	0.000	0.000
381	  K	  2.1	  0.1	0.106	0.000	0.000
382	  T	  2.0	  0.1	0.106	0.000	0.000
383	  A	  0.9	  0.1	0.106	0.000	0.000
384	  P	  0.2	  0.2	0.000	0.000	0.000
385	  I	  0.0	  0.6	0.000	0.000	0.000
386	  G	  0.0	  0.8	0.000	0.000	0.000
387	  E	  0.1	  0.8	0.000	0.000	0.000
388	  T	  1.1	  0.6	0.000	5.383	5.383
389	  A	  1.6	  0.1	0.000	13.638	13.638
390	  T	  4.5	  0.0	0.000	13.638	13.638
391	  V	 16.7	  0.0	0.000	13.638	13.638
392	  I	 16.9	  0.0	0.000	13.638	13.638
393	  V	 20.6	  0.0	0.000	13.228	13.228
394	  D	  7.4	  0.0	0.000	0.000	0.000
395	  I	  6.6	  0.0	0.000	0.000	0.000
396	  P	  0.1	  0.0	0.000	0.000	0.000
397	  Y	  0.7	  0.0	0.000	0.000	0.000
398	  H	  1.2	  0.0	0.000	0.000	0.000
399	  T	  2.7	  0.1	0.000	0.000	0.000
400	  T	  3.5	  0.1	0.000	0.000	0.000
401	  T	  4.9	  0.1	0.000	0.000	0.000
402	  T	 13.6	  0.0	0.000	0.000	0.000
403	  V	 14.5	  0.0	0.000	0.000	0.000
404	  T	 13.7	  0.0	0.000	0.000	0.000
405	  S	  3.8	  0.0	0.000	0.000	0.000
406	  K	  3.0	  0.0	0.000	0.000	0.000
407	  W	  2.1	  0.1	0.000	0.000	0.000
408	  T	  1.9	  0.1	0.000	0.000	0.000
409	  G	  0.3	  0.1	0.000	0.000	0.000
410	  T	 11.4	  0.1	0.000	0.000	0.000
411	  I	 13.5	  0.1	0.000	0.000	0.000
412	  T	 14.2	  0.1	0.000	0.000	0.000
413	  S	  3.6	  0.1	0.000	0.000	0.000
414	  T	  2.7	  0.1	0.000	0.000	0.000
415	  T	  3.3	  0.1	0.000	0.000	0.000
416	  T	  5.4	  0.1	0.000	0.000	0.000
417	  H	  4.7	  0.1	0.000	0.000	0.000
418	  T	  3.5	  0.0	0.000	0.000	0.000
419	  N	  0.8	  0.7	0.000	0.000	0.000
420	  P	  0.0	  0.8	0.000	0.000	0.000
421	  T	  0.5	  0.9	0.000	0.000	0.000
422	  D	  0.7	  0.9	0.000	0.000	0.000
423	  S	  3.1	  0.4	0.277	0.000	0.000
424	  I	  3.7	  0.3	0.277	0.000	0.000
425	  D	  4.0	  0.3	0.433	0.000	0.000
426	  T	  4.3	  0.2	0.433	1.094	1.094
427	  V	 16.1	  0.0	0.433	1.234	1.234
428	  I	 18.5	  0.0	0.433	1.234	1.234
429	  V	 21.3	  0.0	0.433	1.234	1.234
430	  Q	  8.6	  0.0	0.433	1.234	1.234
431	  V	  5.6	  0.0	0.000	0.139	0.139
432	  P	  0.1	  0.0	0.000	0.000	0.000
433	  S	  0.0	  0.0	0.000	0.000	0.000
434	  P	  0.0	  0.0	0.000	0.000	0.000
435	  N	  0.0	  0.2	0.000	0.000	0.000
436	  P	  0.0	  0.2	0.000	0.000	0.000
437	  T	 10.9	  0.2	0.000	0.000	0.000
438	  V	 12.5	  0.2	0.000	0.000	0.000
439	  T	 14.0	  0.0	0.000	0.000	0.000
440	  T	  3.5	  0.0	0.000	0.000	0.000
441	  T	  2.0	  0.0	0.000	0.000	0.000
442	  E	  0.8	  0.0	0.000	0.000	0.000
443	  Y	  2.1	  0.0	0.000	0.000	0.000
444	  W	  3.1	  0.1	0.000	0.000	0.000
445	  S	  4.3	  0.8	0.000	0.000	0.000
446	  Q	  3.6	  0.8	0.000	0.000	0.000
447	  S	  3.0	  0.8	0.000	0.127	0.127
448	  F	  1.8	  0.7	0.000	1.894	1.894
449	  A	  1.0	  0.0	0.000	1.894	1.894
450	  T	  1.9	  0.0	0.000	1.894	1.894
451	  T	  3.1	  0.0	0.000	1.894	1.894
452	  T	  3.9	  0.0	0.000	1.894	1.894
453	  T	 13.8	  0.0	0.000	1.748	1.748
454	  I	 14.5	  0.0	0.000	1.748	1.748
455	  T	 13.6	  0.0	0.000	0.606	0.606
456	  G	  2.3	  0.0	0.000	0.000	0.000
457	  P	  0.0	  0.8	0.000	0.000	0.000
458	  P	  0.0	  2.4	0.000	0.000	0.000
459	  G	  0.0	  2.5	0.000	0.000	0.000
460	  N	  0.1	  3.0	0.293	0.000	0.000
461	  T	  0.5	  2.2	0.293	0.000	0.000
462	  D	  1.0	  0.6	0.424	0.000	0.000
463	  T	  4.5	  0.6	0.828	0.000	0.000
464	  V	  6.9	  0.0	0.828	0.000	0.000
465	  L	  6.6	  0.0	0.828	0.000	0.000
466	  I	  3.8	  0.0	0.724	0.000	0.000
467	  R	  0.9	  0.0	0.724	0.000	0.000
468	  E	  0.8	  0.0	0.404	0.000	0.000
469	  P	  0.0	  0.9	0.000	0.000	0.000
470	  P	  0.0	  1.0	0.000	0.000	0.000
471	  N	  0.1	  1.0	0.000	0.000	0.000
472	  H	  2.4	  1.0	0.000	0.000	0.000
473	  T	 13.0	  0.0	0.000	0.000	0.000
474	  V	 14.4	  0.0	0.000	0.000	0.000
475	  T	 13.7	  0.0	0.000	0.000	0.000
476	  T	  3.4	  0.0	0.000	0.000	0.000
477	  T	  1.9	  0.0	0.000	0.000	0.000
478	  E	  0.8	  0.0	0.000	0.000	0.000
479	  Y	  2.0	  0.0	0.000	0.000	0.000
480	  W	  2.1	  0.1	0.000	0.000	0.000
481	  S	  1.9	  1.1	0.000	0.000	0.000
482	  E	  0.6	  1.1	0.000	0.000	0.000
483	  S	  7.5	  1.1	0.000	0.000	0.000
484	  Y	  8.8	  1.0	0.000	0.000	0.000
485	  T	  9.9	  0.0	0.000	0.000	0.000
486	  T	  4.7	  0.0	0.000	0.000	0.000
487	  T	  3.7	  0.1	0.000	0.000	0.000
488	  S	  3.0	  0.1	0.000	0.000	0.000
489	  T	 19.4	  0.1	0.000	0.000	0.000
490	  F	 28.3	  0.1	0.000	0.000	0.000
491	  T	 27.8	  0.0	0.000	0.000	0.000
492	  A	 11.2	  0.0	0.000	0.000	0.000
493	  P	  0.0	  1.0	0.000	0.000	0.000
494	  P	  0.0	  1.1	0.000	0.000	0.000
495	  G	  0.0	  1.3	0.000	0.000	0.000
496	  G	  0.0	  1.4	0.000	0.000	0.000
497	  T	  0.5	  0.5	0.000	0.000	0.000
498	  D	  0.6	  0.3	0.000	0.000	0.000
499	  S	  1.7	  0.2	0.352	0.000	0.000
500	  V	  8.2	  0.1	0.352	0.000	0.000
501	  I	  9.7	  0.0	0.352	0.000	0.000
502	  I	 10.4	  0.0	0.352	0.000	0.000
503	  K	  3.5	  0.0	0.352	0.000	0.000
504	  E	  1.7	  0.0	0.352	0.000	0.000
505	  P	  0.0	  0.0	0.000	0.000	0.000
506	  P	  0.0	  0.0	0.000	0.000	0.000
507	  N	  0.0	  0.2	0.000	0.000	0.000
508	  P	  0.0	  0.2	0.000	0.000	0.000
509	  T	 10.9	  0.2	0.000	0.000	0.000
510	  V	 12.5	  0.2	0.000	0.000	0.000
511	  T	 14.0	  0.0	0.000	0.000	0.000
512	  T	  3.5	  0.0	0.000	0.000	0.000
513	  T	  2.0	  0.0	0.000	0.000	0.000
514	  E	  0.8	  0.0	0.000	0.000	0.000
515	  Y	  2.0	  0.0	0.000	0.000	0.000
516	  W	  2.1	  0.1	0.000	0.000	0.000
517	  S	  1.9	  1.1	0.000	0.000	0.000
518	  E	  0.6	  1.1	0.000	0.000	0.000
519	  S	  7.6	  1.1	0.000	0.000	0.000
520	  Y	  8.8	  1.0	0.000	0.000	0.000
521	  T	 10.0	  0.0	0.000	0.000	0.000
522	  T	  4.2	  0.0	0.000	0.000	0.000
523	  T	  4.0	  0.1	0.000	0.000	0.000
524	  T	  4.5	  0.0	0.000	0.000	0.000
525	  T	 13.3	  0.0	0.000	0.000	0.000
526	  V	 18.0	  0.0	0.000	0.000	0.000
527	  T	 16.2	  0.0	0.000	0.000	0.000
528	  A	  6.4	  0.0	0.000	0.000	0.000
529	  P	  0.0	  1.1	0.000	0.000	0.000
530	  P	  0.0	  1.3	0.000	0.000	0.000
531	  G	  0.0	  1.4	0.000	0.000	0.000
532	  G	  0.0	  1.5	0.000	0.000	0.000
533	  T	  0.4	  0.4	0.000	0.000	0.000
534	  D	  0.8	  0.3	0.000	0.000	0.000
535	  T	  4.0	  0.1	0.336	0.000	0.000
536	  V	 10.5	  0.0	0.336	0.000	0.000
537	  I	 13.8	  0.0	0.336	0.000	0.000
538	  I	 11.4	  0.0	0.336	0.000	0.000
539	  R	  4.7	  0.0	0.336	0.000	0.000
540	  E	  0.7	  0.0	0.336	0.000	0.000
541	  P	  0.0	  0.9	0.000	0.000	0.000
542	  P	  0.0	  0.9	0.000	0.000	0.000
543	  N	  0.1	  0.9	0.000	0.000	0.000
544	  H	  2.4	  0.9	0.000	0.000	0.000
545	  T	 13.0	  0.0	0.000	0.000	0.000
546	  V	 14.4	  0.0	0.000	0.000	0.000
547	  T	 13.7	  0.0	0.000	0.000	0.000
548	  T	  3.4	  0.0	0.000	0.000	0.000
549	  T	  1.9	  0.0	0.000	0.000	0.000
550	  E	  0.8	  0.0	0.000	0.000	0.000
551	  Y	  2.0	  0.0	0.000	0.000	0.000
552	  W	  2.9	  0.1	0.000	0.000	0.000
553	  S	  4.0	  0.7	0.000	0.000	0.000
554	  Q	  3.4	  0.7	0.000	0.000	0.000
555	  S	  9.3	  0.7	0.000	0.280	0.280
556	  Y	  9.3	  0.7	0.000	2.717	2.717
557	  T	 10.0	  0.0	0.000	3.347	3.347
558	  T	  4.3	  0.0	0.000	4.393	4.393
559	  T	  4.2	  0.1	0.000	6.161	6.161
560	  T	  4.6	  0.0	0.000	6.161	6.161
561	  T	  6.4	  0.0	0.000	6.161	6.161
562	  V	 13.8	  0.0	0.000	6.161	6.161
563	  I	 11.9	  0.0	0.000	5.964	5.964
564	  A	  8.9	  0.0	0.000	0.000	0.000
565	  P	  0.0	  1.2	0.000	0.000	0.000
566	  P	  0.0	  1.3	0.000	0.000	0.000
567	  G	  0.0	  1.5	0.000	0.000	0.000
568	  G	  0.0	  1.6	0.000	0.000	0.000
569	  T	  0.5	  0.5	0.000	0.000	0.000
570	  D	  0.6	  0.3	0.000	0.000	0.000
571	  S	  1.7	  0.2	0.411	0.000	0.000
572	  V	  8.2	  0.1	0.411	0.000	0.000
573	  I	 11.9	  0.0	0.411	0.000	0.000
574	  I	 11.6	  0.0	0.411	0.000	0.000
575	  R	  4.8	  0.0	0.411	0.000	0.000
576	  E	  0.8	  0.0	0.411	0.000	0.000
577	  P	  0.0	  0.0	0.000	0.000	0.000
578	  P	  0.0	  0.0	0.000	0.000	0.000
579	  N	  0.0	  0.2	0.000	0.000	0.000
580	  P	  0.0	  0.2	0.000	0.000	0.000
581	  T	 10.9	  0.2	0.000	0.000	0.000
582	  V	 12.5	  0.2	0.000	0.000	0.000
583	  T	 14.0	  0.0	0.000	0.000	0.000
584	  T	  3.5	  0.0	0.000	0.000	0.000
585	  T	  2.0	  0.0	0.000	0.000	0.000
586	  E	  0.8	  0.0	0.000	0.000	0.000
587	  Y	  2.1	  0.0	0.000	0.000	0.000
588	  W	  3.1	  0.1	0.000	0.000	0.000
589	  S	  4.3	  0.8	0.000	0.000	0.000
590	  Q	  3.6	  0.8	0.000	0.000	0.000
591	  S	  3.0	  0.8	0.000	0.000	0.000
592	  Y	  1.8	  0.7	0.000	0.445	0.445
593	  A	  1.0	  0.0	0.000	0.445	0.445
594	  T	  1.8	  0.0	0.000	0.445	0.445
595	  T	  2.9	  0.0	0.000	0.445	0.445
596	  T	  3.6	  0.0	0.000	0.445	0.445
597	  T	 13.2	  0.0	0.000	0.445	0.445
598	  I	 20.1	  0.0	0.000	0.445	0.445
599	  T	 19.2	  0.0	0.000	0.165	0.165
600	  A	  8.7	  0.0	0.000	0.000	0.000
601	  P	  0.0	  1.6	0.000	0.000	0.000
602	  P	  0.0	  1.8	0.000	0.000	0.000
603	  G	  0.0	  1.9	0.000	0.000	0.000
604	  E	  0.1	  2.0	0.000	0.000	0.000
605	  T	  0.5	  0.4	0.000	0.000	0.000
606	  D	  0.9	  0.2	0.159	0.000	0.000
607	  T	  4.6	  0.1	0.572	0.000	0.000
608	  V	  7.0	  0.0	0.572	0.000	0.000
609	  L	  6.7	  0.0	0.572	0.000	0.000
610	  I	  3.8	  0.0	0.572	0.000	0.000
611	  R	  0.9	  0.0	0.572	0.000	0.000
612	  E	  0.8	  0.0	0.413	0.000	0.000
613	  P	  0.0	  0.9	0.000	0.000	0.000
614	  P	  0.0	  1.0	0.000	0.000	0.000
615	  N	  0.1	  1.0	0.000	0.000	0.000
616	  H	  2.4	  1.0	0.000	0.000	0.000
617	  T	 13.0	  0.0	0.000	0.000	0.000
618	  V	 14.4	  0.0	0.000	0.000	0.000
619	  T	 13.7	  0.0	0.000	0.000	0.000
620	  T	  3.4	  0.0	0.000	0.000	0.000
621	  T	  1.9	  0.0	0.000	0.000	0.000
622	  E	  0.8	  0.0	0.000	0.000	0.000
623	  Y	  2.1	  0.0	0.000	0.000	0.000
624	  W	  3.1	  0.1	0.000	0.000	0.000
625	  S	  4.3	  0.8	0.000	0.000	0.000
626	  Q	  3.6	  0.8	0.000	0.000	0.000
627	  S	  3.0	  0.8	0.000	0.000	0.000
628	  Y	  1.8	  0.7	0.000	0.445	0.445
629	  A	  1.0	  0.0	0.000	0.445	0.445
630	  T	  1.8	  0.0	0.000	0.445	0.445
631	  T	  2.9	  0.0	0.000	0.445	0.445
632	  T	  3.6	  0.0	0.000	0.445	0.445
633	  T	 13.2	  0.0	0.000	0.445	0.445
634	  I	 20.1	  0.0	0.000	0.445	0.445
635	  T	 19.2	  0.0	0.000	0.165	0.165
636	  A	  8.7	  0.0	0.000	0.000	0.000
637	  P	  0.0	  1.6	0.000	0.000	0.000
638	  P	  0.0	  1.8	0.000	0.000	0.000
639	  G	  0.0	  1.9	0.000	0.000	0.000
640	  E	  0.1	  2.0	0.000	0.000	0.000
641	  T	  0.5	  0.4	0.000	0.000	0.000
642	  D	  0.9	  0.2	0.159	0.000	0.000
643	  T	  4.6	  0.1	0.572	0.000	0.000
644	  V	  7.0	  0.0	0.572	0.000	0.000
645	  L	  6.7	  0.0	0.572	0.000	0.000
646	  I	  3.8	  0.0	0.572	0.000	0.000
647	  R	  0.9	  0.0	0.572	0.000	0.000
648	  E	  0.8	  0.0	0.413	0.000	0.000
649	  P	  0.0	  0.9	0.000	0.000	0.000
650	  P	  0.0	  1.0	0.000	0.000	0.000
651	  N	  0.1	  1.0	0.000	0.000	0.000
652	  H	  2.4	  1.0	0.000	0.000	0.000
653	  T	 13.0	  0.0	0.000	0.000	0.000
654	  V	 14.4	  0.0	0.000	0.000	0.000
655	  T	 13.7	  0.0	0.000	0.000	0.000
656	  T	  3.4	  0.0	0.000	0.000	0.000
657	  T	  1.9	  0.0	0.000	0.000	0.000
658	  E	  0.8	  0.0	0.000	0.000	0.000
659	  Y	  2.0	  0.0	0.000	0.000	0.000
660	  W	  2.9	  0.1	0.000	0.000	0.000
661	  S	  4.0	  0.7	0.000	0.000	0.000
662	  Q	  3.4	  0.7	0.000	0.000	0.000
663	  S	  9.3	  0.7	0.000	0.280	0.280
664	  Y	  9.3	  0.7	0.000	2.717	2.717
665	  T	 10.0	  0.0	0.000	3.347	3.347
666	  T	  4.3	  0.0	0.000	4.393	4.393
667	  T	  4.2	  0.1	0.000	6.161	6.161
668	  T	  4.6	  0.0	0.000	6.161	6.161
669	  T	  6.4	  0.0	0.000	6.161	6.161
670	  V	 13.8	  0.0	0.000	6.161	6.161
671	  I	 11.9	  0.0	0.000	5.964	5.964
672	  A	  8.9	  0.0	0.000	0.000	0.000
673	  P	  0.0	  1.2	0.000	0.000	0.000
674	  P	  0.0	  1.3	0.000	0.000	0.000
675	  G	  0.0	  1.5	0.000	0.000	0.000
676	  G	  0.0	  1.6	0.000	0.000	0.000
677	  T	  0.5	  0.5	0.000	0.000	0.000
678	  D	  0.6	  0.3	0.000	0.000	0.000
679	  S	  1.7	  0.2	0.352	0.000	0.000
680	  V	  8.2	  0.1	0.352	0.000	0.000
681	  I	  9.7	  0.0	0.352	0.000	0.000
682	  I	 10.4	  0.0	0.352	0.000	0.000
683	  K	  3.5	  0.0	0.352	0.000	0.000
684	  E	  1.7	  0.0	0.352	0.000	0.000
685	  P	  0.0	  0.0	0.000	0.000	0.000
686	  P	  0.0	  0.0	0.000	0.000	0.000
687	  N	  0.0	  0.2	0.000	0.000	0.000
688	  P	  0.0	  0.2	0.000	0.000	0.000
689	  T	 10.9	  0.2	0.000	0.000	0.000
690	  V	 12.5	  0.2	0.000	0.000	0.000
691	  T	 14.0	  0.0	0.000	0.000	0.000
692	  T	  3.5	  0.0	0.000	0.000	0.000
693	  T	  2.0	  0.0	0.000	0.000	0.000
694	  E	  0.8	  0.0	0.000	0.000	0.000
695	  Y	  2.1	  0.0	0.000	0.000	0.000
696	  W	  3.1	  0.1	0.000	0.000	0.000
697	  S	  4.3	  0.8	0.000	0.000	0.000
698	  Q	  3.6	  0.8	0.000	0.000	0.000
699	  S	  3.0	  0.8	0.000	0.000	0.000
700	  Y	  1.8	  0.7	0.000	0.445	0.445
701	  A	  1.0	  0.0	0.000	0.445	0.445
702	  T	  1.8	  0.0	0.000	0.445	0.445
703	  T	  2.9	  0.0	0.000	0.445	0.445
704	  T	  3.6	  0.0	0.000	0.445	0.445
705	  T	 13.2	  0.0	0.000	0.445	0.445
706	  I	 20.1	  0.0	0.000	0.445	0.445
707	  T	 19.2	  0.0	0.000	0.165	0.165
708	  A	  8.7	  0.0	0.000	0.000	0.000
709	  P	  0.0	  1.6	0.000	0.000	0.000
710	  P	  0.0	  1.8	0.000	0.000	0.000
711	  G	  0.0	  1.9	0.000	0.000	0.000
712	  E	  0.1	  2.0	0.000	0.000	0.000
713	  T	  0.5	  0.4	0.000	0.000	0.000
714	  D	  0.9	  0.2	0.159	0.000	0.000
715	  T	  4.6	  0.1	0.572	0.000	0.000
716	  V	  7.0	  0.0	0.572	0.000	0.000
717	  L	  6.7	  0.0	0.572	0.000	0.000
718	  I	  3.8	  0.0	0.572	0.000	0.000
719	  R	  0.9	  0.0	0.572	0.000	0.000
720	  E	  0.8	  0.0	0.413	0.000	0.000
721	  P	  0.0	  0.9	0.000	0.000	0.000
722	  P	  0.0	  1.0	0.000	0.000	0.000
723	  N	  0.1	  1.0	0.000	0.000	0.000
724	  H	  2.4	  1.0	0.000	0.000	0.000
725	  T	 13.0	  0.0	0.000	0.000	0.000
726	  V	 14.4	  0.0	0.000	0.000	0.000
727	  T	 13.7	  0.0	0.000	0.000	0.000
728	  T	  3.4	  0.0	0.000	0.000	0.000
729	  T	  1.9	  0.0	0.000	0.000	0.000
730	  E	  0.8	  0.0	0.000	0.000	0.000
731	  Y	  2.1	  0.0	0.000	0.000	0.000
732	  W	  3.1	  0.1	0.000	0.000	0.000
733	  S	  4.3	  0.8	0.000	0.000	0.000
734	  Q	  3.6	  0.8	0.000	0.000	0.000
735	  S	  3.0	  0.8	0.000	0.000	0.000
736	  Y	  1.8	  0.7	0.000	0.445	0.445
737	  A	  1.0	  0.0	0.000	0.445	0.445
738	  T	  1.8	  0.0	0.000	0.445	0.445
739	  T	  2.9	  0.0	0.000	0.445	0.445
740	  T	  3.6	  0.0	0.000	0.445	0.445
741	  T	 13.2	  0.0	0.000	0.445	0.445
742	  I	 20.1	  0.0	0.000	0.445	0.445
743	  T	 19.2	  0.0	0.000	0.165	0.165
744	  A	  8.7	  0.0	0.000	0.000	0.000
745	  P	  0.0	  1.6	0.000	0.000	0.000
746	  P	  0.0	  1.8	0.000	0.000	0.000
747	  G	  0.0	  1.9	0.000	0.000	0.000
748	  E	  0.1	  2.0	0.000	0.000	0.000
749	  T	  0.5	  0.4	0.000	0.000	0.000
750	  D	  0.9	  0.2	0.159	0.000	0.000
751	  T	  4.6	  0.1	0.572	0.000	0.000
752	  V	  7.0	  0.0	0.572	0.000	0.000
753	  L	  6.7	  0.0	0.572	0.000	0.000
754	  I	  3.8	  0.0	0.572	0.000	0.000
755	  R	  0.9	  0.0	0.572	0.000	0.000
756	  E	  0.8	  0.0	0.413	0.000	0.000
757	  P	  0.0	  0.9	0.000	0.000	0.000
758	  P	  0.0	  1.0	0.000	0.000	0.000
759	  N	  0.1	  1.0	0.000	0.000	0.000
760	  H	  2.4	  1.0	0.000	0.000	0.000
761	  T	 13.0	  0.0	0.000	0.000	0.000
762	  V	 14.4	  0.0	0.000	0.000	0.000
763	  T	 13.7	  0.0	0.000	0.000	0.000
764	  T	  3.4	  0.0	0.000	0.000	0.000
765	  T	  1.9	  0.0	0.000	0.000	0.000
766	  E	  0.8	  0.0	0.000	0.000	0.000
767	  Y	  2.1	  0.0	0.000	0.000	0.000
768	  W	  3.1	  0.1	0.000	0.000	0.000
769	  S	  4.3	  0.8	0.000	0.000	0.000
770	  Q	  3.6	  0.8	0.000	0.000	0.000
771	  S	  3.0	  0.8	0.000	0.134	0.134
772	  F	  1.8	  0.7	0.000	1.982	1.982
773	  A	  1.0	  0.0	0.000	1.982	1.982
774	  T	  1.8	  0.0	0.000	1.982	1.982
775	  T	  2.9	  0.0	0.000	1.982	1.982
776	  T	  4.7	  0.0	0.000	1.982	1.982
777	  T	 13.6	  0.0	0.000	1.836	1.836
778	  V	 18.2	  0.0	0.000	1.836	1.836
779	  T	 16.3	  0.0	0.000	0.634	0.634
780	  A	  6.4	  0.0	0.000	0.000	0.000
781	  P	  0.0	  1.1	0.000	0.000	0.000
782	  P	  0.0	  1.3	0.000	0.000	0.000
783	  G	  0.0	  1.4	0.000	0.000	0.000
784	  G	  0.0	  1.5	0.000	0.000	0.000
785	  T	  0.4	  0.4	0.000	0.000	0.000
786	  D	  0.8	  0.3	0.000	0.000	0.000
787	  T	  4.0	  0.1	0.336	0.000	0.000
788	  V	 10.5	  0.0	0.336	0.000	0.000
789	  I	 13.8	  0.0	0.336	0.000	0.000
790	  I	 11.4	  0.0	0.336	0.000	0.000
791	  R	  4.7	  0.0	0.336	0.000	0.000
792	  E	  0.7	  0.0	0.336	0.000	0.000
793	  P	  0.0	  0.9	0.000	0.000	0.000
794	  P	  0.0	  0.9	0.000	0.000	0.000
795	  N	  0.1	  0.9	0.000	0.000	0.000
796	  H	  2.4	  0.9	0.000	0.000	0.000
797	  T	 13.0	  0.0	0.000	0.000	0.000
798	  V	 14.4	  0.0	0.000	0.000	0.000
799	  T	 13.7	  0.0	0.000	0.000	0.000
800	  T	  3.4	  0.0	0.000	0.000	0.000
801	  T	  1.9	  0.0	0.000	0.000	0.000
802	  E	  0.8	  0.0	0.000	0.000	0.000
803	  Y	  2.1	  0.0	0.000	0.000	0.000
804	  W	  3.1	  0.1	0.000	0.000	0.000
805	  S	  4.3	  0.8	0.000	0.000	0.000
806	  Q	  3.6	  0.8	0.000	0.000	0.000
807	  S	  3.0	  0.8	0.000	1.346	1.346
808	  F	  1.8	  0.7	0.000	12.215	12.215
809	  A	  1.0	  0.0	0.000	12.978	12.978
810	  T	  2.0	  0.0	0.000	13.878	13.878
811	  T	  3.2	  0.0	0.000	15.382	15.382
812	  T	  4.1	  0.0	0.000	15.382	15.382
813	  T	  4.9	  0.0	0.000	15.256	15.256
814	  I	 10.0	  0.0	0.000	15.256	15.256
815	  I	  9.0	  0.0	0.000	14.274	14.274
816	  A	  6.8	  0.0	0.000	0.000	0.000
817	  P	  0.0	  1.8	0.000	0.000	0.000
818	  P	  0.0	  2.0	0.000	0.000	0.000
819	  G	  0.0	  2.1	0.000	0.000	0.000
820	  E	  0.1	  2.2	0.000	0.000	0.000
821	  T	  0.5	  0.4	0.000	0.000	0.000
822	  D	  0.9	  0.2	0.161	0.000	0.000
823	  T	  4.6	  0.1	0.578	0.000	0.000
824	  V	  7.0	  0.0	0.578	0.000	0.000
825	  L	  6.7	  0.0	0.578	0.000	0.000
826	  I	  3.8	  0.0	0.578	0.000	0.000
827	  R	  0.9	  0.0	0.578	0.000	0.000
828	  E	  0.8	  0.0	0.417	0.000	0.000
829	  P	  0.0	  0.0	0.000	0.000	0.000
830	  P	  0.0	  0.0	0.000	0.000	0.000
831	  N	  0.0	  0.2	0.000	0.000	0.000
832	  P	  0.0	  0.2	0.000	0.000	0.000
833	  T	 10.9	  0.2	0.000	0.000	0.000
834	  V	 12.5	  0.2	0.000	0.000	0.000
835	  T	 14.0	  0.0	0.000	0.000	0.000
836	  T	  3.5	  0.0	0.000	0.000	0.000
837	  T	  2.0	  0.0	0.000	0.000	0.000
838	  E	  0.8	  0.0	0.000	0.000	0.000
839	  Y	  2.0	  0.0	0.000	0.000	0.000
840	  W	  2.9	  0.1	0.000	0.000	0.000
841	  S	  4.0	  0.7	0.000	0.000	0.000
842	  Q	  3.4	  0.7	0.000	0.000	0.000
843	  S	  9.6	  0.7	0.000	0.000	0.000
844	  Y	  9.6	  0.7	0.000	0.469	0.469
845	  T	  9.2	  0.0	0.000	0.469	0.469
846	  T	  2.9	  0.0	0.000	0.606	0.606
847	  A	  1.5	  0.0	0.000	0.744	0.744
848	  T	  2.9	  0.0	0.000	0.744	0.744
849	  T	 12.5	  0.0	0.000	0.744	0.744
850	  V	 18.4	  0.0	0.000	0.744	0.744
851	  T	 16.6	  0.0	0.000	0.313	0.313
852	  A	  6.5	  0.0	0.000	0.000	0.000
853	  P	  0.0	  1.1	0.000	0.000	0.000
854	  P	  0.0	  1.3	0.000	0.000	0.000
855	  G	  0.0	  1.4	0.000	0.000	0.000
856	  G	  0.0	  1.5	0.000	0.000	0.000
857	  T	  0.4	  0.4	0.000	0.000	0.000
858	  D	  0.8	  0.3	0.000	0.000	0.000
859	  T	  4.1	  0.1	0.000	27.407	27.407
860	  V	 10.6	  0.0	0.000	27.407	27.407
861	  I	 12.0	  0.0	0.000	27.407	27.407
862	  I	  9.0	  0.0	0.000	27.407	27.407
863	  Y	  2.7	  0.1	0.000	27.407	27.407
864	  D	  0.7	  0.1	0.000	0.000	0.000
865	  T	  6.6	  0.1	0.000	0.000	0.000
866	  M	  6.4	  0.2	0.000	0.000	0.000
867	  S	  7.2	  0.8	0.000	0.000	0.000
868	  S	  1.3	  0.9	0.000	0.000	0.000
869	  S	  0.9	  0.9	0.101	0.000	0.000
870	  E	  1.1	  0.8	0.101	0.000	0.000
871	  I	  1.5	  0.2	0.101	0.000	0.000
872	  S	  1.7	  0.1	0.101	0.000	0.000
873	  S	 21.5	  0.2	0.101	0.000	0.000
874	  F	 23.6	  0.2	0.101	0.000	0.000
875	  S	 23.4	  0.1	0.000	0.000	0.000
876	  R	  3.4	  0.3	0.000	0.000	0.000
877	  P	  0.0	  0.2	0.000	0.000	0.000
878	  H	  3.1	  0.2	0.000	0.000	0.000
879	  Y	  5.1	  0.3	0.000	0.000	0.000
880	  T	  5.2	  0.1	0.000	0.000	0.000
881	  N	  2.3	  0.1	0.000	0.000	0.000
882	  H	  0.9	  0.1	0.000	0.000	0.000
883	  T	  1.5	  0.1	0.000	5.430	5.430
884	  T	  2.3	  0.1	0.000	14.558	14.558
885	  L	  2.1	  0.0	0.000	27.641	27.641
886	  W	  1.7	  0.1	0.000	29.864	29.864
887	  S	  1.5	  0.1	0.000	30.340	30.340
888	  T	  3.9	  0.1	0.000	34.134	34.134
889	  T	  6.8	  0.1	0.000	34.134	34.134
890	  W	  7.4	  0.0	0.000	34.134	34.134
891	  V	  7.6	  0.0	0.000	33.822	33.822
892	  I	  4.6	  0.0	0.000	31.463	31.463
893	  E	  3.8	  0.0	0.000	0.080	0.080
894	  T	  2.1	  0.1	0.000	0.080	0.080
895	  K	  2.4	  0.1	0.000	0.080	0.080
896	  T	 13.4	  0.1	0.000	0.080	0.080
897	  I	 12.7	  0.1	0.000	0.080	0.080
898	  T	 12.1	  0.1	0.000	0.000	0.000
899	  E	  0.7	  0.1	0.000	0.000	0.000
900	  T	  1.9	  0.1	0.000	0.000	0.000
901	  S	 10.4	  0.1	0.000	0.000	0.000
902	  C	 10.5	  0.9	0.000	0.000	0.000
903	  E	  8.8	  2.0	0.000	0.000	0.000
904	  G	  0.1	  2.1	0.000	0.000	0.000
905	  D	  0.0	  4.2	0.000	0.000	0.000
906	  K	  0.0	  3.6	0.000	0.000	0.000
907	  G	  0.0	  2.5	0.000	0.112	0.112
908	  C	  0.9	  2.4	0.000	0.335	0.335
909	  S	  1.4	  0.3	0.000	0.886	0.886
910	  W	  2.1	  0.0	0.000	1.357	1.357
911	  V	 10.2	  0.0	0.000	1.357	1.357
912	  S	 18.7	  0.1	0.000	1.357	1.357
913	  V	 18.7	  0.1	0.000	1.357	1.357
914	  S	 11.5	  0.1	0.000	0.471	0.471
915	  T	  1.8	  0.1	0.000	0.177	0.177
916	  R	  4.8	  0.0	0.000	0.000	0.000
917	  I	  8.1	  0.0	0.000	0.143	0.143
918	  V	 22.0	  0.0	0.000	0.143	0.143
919	  T	 18.8	  0.0	0.000	0.143	0.143
920	  I	 15.3	  0.4	0.000	0.143	0.143
921	  P	  0.5	  0.4	0.000	0.143	0.143
922	  N	  0.1	  0.4	0.000	0.000	0.000
923	  N	  3.1	  0.4	0.000	0.000	0.000
924	  I	  3.9	  0.1	0.000	0.000	0.000
925	  E	  3.8	  0.0	0.000	0.000	0.000
926	  T	  0.9	  0.0	0.000	0.000	0.000
927	  P	  0.0	  0.0	0.000	0.000	0.000
928	  M	  0.5	  0.0	0.000	0.000	0.000
929	  V	  2.2	  0.0	0.000	0.000	0.000
930	  T	  2.8	  0.0	0.000	0.000	0.000
931	  N	  3.2	  0.0	0.000	0.000	0.000
932	  T	  5.9	  0.1	0.000	0.000	0.000
933	  V	  6.1	  0.1	0.000	0.000	0.000
934	  D	  5.4	  0.1	0.000	0.000	0.000
935	  T	  2.6	  0.1	0.000	0.000	0.000
936	  T	  3.4	  0.1	0.000	0.000	0.000
937	  T	  3.5	  0.1	0.000	0.000	0.000
938	  T	  2.2	  0.2	0.000	0.000	0.000
939	  E	  0.6	  0.2	0.000	0.000	0.000
940	  S	  0.5	  0.2	0.000	0.000	0.000
941	  T	  2.8	  0.2	0.000	0.000	0.000
942	  L	  3.1	  0.1	0.000	0.000	0.000
943	  Q	  3.0	  0.0	0.000	0.000	0.000
944	  S	  0.5	  8.9	0.000	0.000	0.000
945	  P	  0.1	  9.1	0.000	0.000	0.000
946	  S	  0.1	  9.2	0.000	0.000	0.000
947	  G	  0.1	  9.2	0.000	0.000	0.000
948	  I	  1.0	  0.3	0.000	0.000	0.000
949	  F	  1.6	  0.2	0.000	0.000	0.000
950	  S	  1.7	  2.9	0.000	0.000	0.000
951	  E	  0.7	  3.0	0.000	0.000	0.000
952	  S	  0.2	  3.0	0.000	0.000	0.000
953	  G	  0.1	  2.9	0.000	0.000	0.000
954	  V	  8.8	  0.1	0.000	0.000	0.000
955	  S	 12.2	  0.0	0.122	0.000	0.000
956	  V	 12.7	  0.0	0.122	0.000	0.000
957	  E	  4.5	  0.0	0.122	0.000	0.000
958	  T	  0.7	  0.2	0.122	0.000	0.000
959	  E	  0.2	  0.2	0.122	0.000	0.000
960	  S	  0.5	  0.3	0.122	0.000	0.000
961	  S	  0.9	  0.3	0.000	0.000	0.000
962	  T	 20.1	  0.2	0.000	0.150	0.150
963	  F	 21.1	  0.1	0.000	0.150	0.150
964	  T	 21.1	  0.0	0.000	0.150	0.150
965	  T	  2.9	  0.0	0.000	0.150	0.150
966	  A	  1.4	  0.1	0.000	0.150	0.150
967	  Q	  1.0	  0.1	0.000	0.000	0.000
968	  T	  0.2	  0.1	0.000	0.000	0.000
969	  N	  0.1	  1.7	0.000	0.000	0.000
970	  P	  0.0	  1.7	0.000	0.000	0.000
971	  S	  0.2	  1.7	0.000	0.000	0.000
972	  V	  0.2	  1.7	0.000	0.000	0.000
973	  P	  0.2	  0.0	0.000	0.000	0.000
974	  T	  0.3	  0.0	0.000	0.000	0.000
975	  T	  0.5	  0.2	0.000	0.000	0.000
976	  E	  0.5	  0.2	0.000	0.000	0.000
977	  S	  0.3	  0.2	0.000	0.000	0.000
978	  E	  0.6	  0.2	0.000	0.000	0.000
979	  V	  4.0	  0.0	0.000	50.115	50.115
980	  V	  6.6	  0.0	0.000	50.115	50.115
981	  F	  7.6	  0.0	0.000	50.115	50.115
982	  T	  6.7	  0.1	0.000	50.115	50.115
983	  T	  4.1	  0.3	0.000	50.115	50.115
984	  K	  2.6	  1.4	0.000	0.000	0.000
985	  G	  0.1	  1.6	0.000	0.000	0.000
986	  N	  0.0	  2.0	0.000	0.000	0.000
987	  N	  0.0	  3.9	0.000	0.000	0.000
988	  G	  0.0	  2.8	0.000	0.000	0.000
989	  N	  0.0	  2.6	0.000	0.000	0.000
990	  G	  0.0	  2.3	0.000	0.000	0.000
991	  P	  0.0	  0.2	0.000	0.000	0.000
992	  Y	  2.2	  0.2	0.000	0.000	0.000
993	  E	  2.2	  0.2	0.000	0.000	0.000
994	  S	  2.2	  2.1	0.125	0.000	0.000
995	  P	  0.0	  2.3	0.125	0.000	0.000
996	  S	  0.6	  2.6	0.125	0.000	0.000
997	  T	  1.2	  2.6	0.125	0.000	0.000
998	  N	  3.4	  0.5	0.125	0.000	0.000
999	  V	  5.6	  0.4	0.125	0.000	0.000
1000	  K	  5.1	  0.1	0.125	0.000	0.000
1001	  S	  3.0	  0.1	0.164	0.000	0.000
1002	  S	  2.7	  1.0	0.164	0.000	0.000
1003	  M	  2.6	  1.0	0.164	0.000	0.000
1004	  D	  2.5	  4.2	0.164	0.000	0.000
1005	  E	  0.1	  4.2	0.164	0.000	0.000
1006	  N	  0.1	  3.4	0.164	0.000	0.000
1007	  S	  0.2	  3.4	0.000	0.000	0.000
1008	  E	  2.4	  0.1	0.000	0.000	0.000
1009	  F	  3.9	  0.1	0.000	0.000	0.000
1010	  T	  6.6	  0.0	0.000	0.000	0.000
1011	  T	  5.1	  0.1	0.000	0.000	0.000
1012	  S	  3.7	  0.1	0.000	0.000	0.000
1013	  T	  1.2	  0.1	0.000	0.000	0.000
1014	  A	  0.5	  0.2	0.000	0.000	0.000
1015	  A	  0.5	  0.2	0.000	0.000	0.000
1016	  S	  2.2	  0.4	0.000	0.000	0.000
1017	  T	  2.9	  0.5	0.000	0.000	0.000
1018	  S	  3.3	  0.8	0.000	0.000	0.000
1019	  T	  1.5	  0.7	0.000	0.000	0.000
1020	  D	  2.3	  0.5	0.000	0.000	0.000
1021	  I	  2.0	  0.5	0.000	0.000	0.000
1022	  E	  1.7	  0.1	0.000	0.000	0.000
1023	  N	  0.1	  0.2	0.000	0.000	0.000
1024	  E	  0.0	  0.2	0.000	0.000	0.000
1025	  T	  2.9	  0.1	0.000	0.000	0.000
1026	  I	  4.0	  0.1	0.000	0.000	0.000
1027	  A	  4.1	  0.1	0.000	0.000	0.000
1028	  T	  1.4	  0.2	0.000	0.000	0.000
1029	  T	  0.4	  0.4	0.000	0.000	0.000
1030	  G	  0.2	  0.4	0.000	0.000	0.000
1031	  S	  4.0	  0.3	0.000	0.000	0.000
1032	  V	  5.4	  0.2	0.000	0.000	0.000
1033	  E	  5.6	  0.0	0.000	0.000	0.000
1034	  A	  2.0	  0.0	0.000	0.000	0.000
1035	  S	  0.4	  0.0	0.000	0.000	0.000
1036	  S	  0.3	  0.0	0.000	0.000	0.000
1037	  P	  0.0	  0.0	0.000	0.000	0.000
1038	  I	  2.0	  0.0	0.000	0.000	0.000
1039	  I	  2.6	  0.1	0.000	0.000	0.000
1040	  S	  3.5	  1.0	0.000	0.000	0.000
1041	  S	  1.5	  1.1	0.000	0.000	0.000
1042	  S	  1.3	  3.2	0.000	0.000	0.000
1043	  A	  0.4	  3.2	0.000	0.000	0.000
1044	  D	  0.4	  2.4	0.000	0.000	0.000
1045	  E	  0.1	  2.3	0.000	0.000	0.000
1046	  T	  1.6	  0.2	0.000	0.000	0.000
1047	  T	  3.5	  0.2	0.000	0.000	0.000
1048	  T	 13.9	  0.0	0.000	0.000	0.000
1049	  V	 14.0	  0.0	0.000	0.000	0.000
1050	  T	 13.6	  0.0	0.000	0.000	0.000
1051	  T	  3.7	  0.0	0.000	0.000	0.000
1052	  T	  2.3	  0.0	0.000	0.000	0.000
1053	  A	  0.9	  0.1	0.000	0.000	0.000
1054	  E	  0.4	  0.1	0.000	0.000	0.000
1055	  S	  2.1	  0.3	0.000	0.000	0.000
1056	  T	  2.9	  0.3	0.000	0.000	0.000
1057	  S	  3.9	  0.2	0.363	0.000	0.000
1058	  V	  5.1	  0.2	0.363	0.000	0.000
1059	  I	  4.8	  0.0	0.714	0.000	0.000
1060	  E	  3.8	  0.0	0.714	0.000	0.000
1061	  Q	  0.7	  0.1	0.714	0.000	0.000
1062	  Q	  0.2	  0.2	0.714	0.000	0.000
1063	  T	  0.3	  0.2	0.463	0.000	0.000
1064	  N	  0.2	  2.1	0.463	0.000	0.000
1065	  N	  0.1	  2.4	0.463	0.000	0.000
1066	  N	  0.0	  2.5	0.187	0.000	0.000
1067	  G	  0.0	  2.5	0.000	0.000	0.000
1068	  G	  0.0	  1.2	0.000	0.000	0.000
1069	  G	  0.0	  1.0	0.000	0.000	0.000
1070	  N	  0.0	  0.8	0.000	0.000	0.000
1071	  A	  0.0	  1.1	0.000	0.000	0.000
1072	  P	  0.0	  0.5	0.000	0.000	0.000
1073	  S	  0.7	  0.6	0.000	0.000	0.000
1074	  A	  0.9	  0.7	0.000	0.000	0.000
1075	  T	  1.7	  0.3	0.000	0.000	0.000
1076	  S	  3.0	  0.5	0.000	0.000	0.000
1077	  T	  5.1	  0.3	0.000	0.000	0.000
1078	  S	  4.3	  0.3	0.000	0.000	0.000
1079	  S	  2.4	  2.4	0.000	0.000	0.000
1080	  P	  0.1	  2.2	0.000	0.000	0.000
1081	  S	  0.7	  2.2	0.000	0.000	0.000
1082	  T	  2.3	  2.2	0.000	0.000	0.000
1083	  T	  3.9	  0.1	0.000	0.000	0.000
1084	  T	  3.9	  0.1	0.000	0.000	0.000
1085	  T	  2.5	  0.4	0.000	0.000	0.000
1086	  A	  0.9	  0.4	0.000	0.000	0.000
1087	  N	  0.3	  2.8	0.000	0.000	0.000
1088	  S	  0.1	  3.2	0.000	0.000	0.000
1089	  D	  0.2	  2.9	0.000	0.000	0.000
1090	  S	  1.3	  2.9	0.000	0.000	0.000
1091	  V	  5.1	  0.5	0.000	0.161	0.161
1092	  I	  7.2	  0.0	0.000	0.161	0.161
1093	  T	  6.9	  0.1	0.000	0.161	0.161
1094	  S	  3.6	  0.1	0.000	0.161	0.161
1095	  T	  4.1	  0.1	0.000	0.161	0.161
1096	  T	  4.1	  0.2	0.000	0.000	0.000
1097	  S	  4.0	  0.5	0.000	0.000	0.000
1098	  T	  1.9	  0.5	0.000	0.000	0.000
1099	  N	  1.2	  1.2	0.000	0.000	0.000
1100	  Q	  0.8	  1.2	0.000	0.000	0.000
1101	  S	  1.8	  1.3	0.000	0.000	0.000
1102	  Q	  2.0	  1.4	0.000	0.000	0.000
1103	  S	  3.2	  1.4	0.000	0.000	0.000
1104	  Q	  1.7	  1.5	0.000	0.000	0.000
1105	  S	  1.6	  1.3	0.000	0.000	0.000
1106	  N	  0.1	  3.2	0.201	0.000	0.000
1107	  S	  0.1	  2.5	0.201	0.000	0.000
1108	  D	  0.2	  2.4	0.201	0.000	0.000
1109	  T	  1.7	  2.1	0.201	0.000	0.000
1110	  Q	  1.8	  0.2	0.201	0.000	0.000
1111	  Q	  1.8	  0.1	0.201	0.000	0.000
1112	  T	  1.0	  0.1	0.000	0.000	0.000
1113	  T	  6.3	  0.1	0.000	0.000	0.000
1114	  L	  6.3	  0.1	0.000	0.000	0.000
1115	  S	  5.8	  0.1	0.000	0.000	0.000
1116	  Q	  0.8	  0.1	0.000	0.000	0.000
1117	  Q	  1.5	  0.1	0.000	0.000	0.000
1118	  M	  1.9	  0.1	0.000	0.000	0.000
1119	  T	  2.8	  0.2	0.000	0.000	0.000
1120	  S	  2.0	  0.2	0.000	0.000	0.000
1121	  S	  1.6	  0.2	0.000	0.386	0.386
1122	  L	  1.1	  0.2	0.000	1.199	1.199
1123	  V	  5.5	  0.1	0.000	1.199	1.199
1124	  S	  5.8	  0.0	0.000	1.199	1.199
1125	  L	  6.2	  0.0	0.000	1.199	1.199
1126	  H	  2.2	  0.0	0.000	0.812	0.812
1127	  M	  1.8	  0.0	0.000	1.799	1.799
1128	  L	  1.0	  0.0	0.000	1.799	1.799
1129	  T	  3.8	  0.0	0.000	1.570	1.570
1130	  T	 10.8	  0.2	0.000	1.432	1.432
1131	  F	 10.8	  0.5	0.000	1.432	1.432
1132	  D	  7.5	  1.3	0.000	0.000	0.000
1133	  G	  0.3	  1.7	0.000	0.000	0.000
1134	  S	  0.2	  1.8	0.000	0.000	0.000
1135	  G	  0.3	  1.5	0.000	0.005	0.005
1136	  S	  1.4	  0.7	0.000	0.095	0.095
1137	  V	  3.2	  0.3	0.000	5.081	5.081
1138	  I	  3.4	  0.0	0.000	5.489	5.489
1139	  Q	  2.4	  0.0	0.000	5.523	5.523
1140	  H	  0.4	  0.2	0.000	6.383	6.383
1141	  S	  0.7	  0.2	0.000	9.640	9.640
1142	  T	  2.9	  0.2	0.000	35.659	35.659
1143	  W	  3.9	  0.2	0.000	73.546	73.546
1144	  L	  3.5	  0.0	0.000	75.463	75.463
1145	  C	  1.4	  0.0	0.000	75.793	75.793
1146	  G	  0.3	  0.0	2.727	77.347	77.347
1147	  L	  0.5	  0.0	2.727	94.379	94.379
1148	  I	 10.3	  0.0	2.727	97.270	97.270
1149	  T	 11.0	  0.0	3.001	97.216	97.216
1150	  L	 11.0	  0.0	3.001	97.440	97.440
1151	  L	  2.7	  0.1	3.001	96.348	96.348
1152	  S	  2.1	  0.1	2.417	88.543	88.543
1153	  L	  3.0	  0.1	1.440	87.530	87.530
1154	  F	  1.5	  0.1	1.002	84.897	84.897
1155	  I	  1.3	  0.0	0.000	0.025	0.025
