res	aa	Beta	Turn	Helix	Aggregation	Conc-Stab_Aggregation
01	  M	  0.2	  0.0	0.000	0.000	0.000
02	  L	  0.3	  0.0	0.000	0.000	0.000
03	  A	  0.3	  0.0	0.000	0.000	0.000
04	  N	  0.0	  0.0	0.000	0.000	0.000
05	  V	  0.0	  0.0	0.000	0.000	0.000
06	  K	  0.0	  0.0	0.000	0.000	0.000
07	  L	  0.0	  0.0	-1.#IO	0.000	0.000
08	  N	  0.0	  0.0	-1.#IO	0.000	0.000
09	  L	  0.0	  0.0	-1.#IO	0.000	0.000
10	  V	  0.0	  0.0	-1.#IO	0.000	0.000
11	  T	  0.0	  0.0	-1.#IO	0.000	0.000
12	  A	  0.0	  0.0	-1.#IO	0.000	0.000
13	  L	  0.0	  0.0	-1.#IO	0.000	0.000
14	  Y	  0.0	  0.0	-1.#IO	0.000	0.000
15	  V	  0.0	  0.0	-1.#IO	0.000	0.000
16	  L	  0.0	  0.0	-1.#IO	0.000	0.000
17	  S	  0.0	  0.0	-1.#IO	0.000	0.000
18	  Y	  0.0	  0.0	-1.#IO	0.000	0.000
19	  V	  0.0	  0.0	-1.#IO	0.000	0.000
20	  S	  0.0	  0.0	-1.#IO	0.000	0.000
21	  V	  0.0	  0.0	-1.#IO	0.000	0.000
22	  V	  0.0	  0.0	-1.#IO	0.000	0.000
23	  N	  0.0	  0.0	-1.#IO	0.000	0.000
24	  A	  0.0	  0.0	-1.#IO	0.000	0.000
25	  Y	  0.0	  0.0	-1.#IO	0.000	0.000
26	  Q	  0.0	  0.0	-1.#IO	0.000	0.000
27	  Q	  0.0	  0.0	-1.#IO	0.000	0.000
28	  E	  0.0	  0.0	-1.#IO	0.000	0.000
29	  N	  0.0	  0.0	-1.#IO	0.000	0.000
30	  E	  0.0	  0.0	-1.#IO	0.000	0.000
31	  I	  0.0	  0.0	-1.#IO	0.000	0.000
32	  T	  0.0	  0.0	0.000	0.000	0.000
33	  P	  0.0	  0.0	0.000	0.000	0.000
34	  A	  0.0	  0.1	0.000	0.000	0.000
35	  D	  0.1	  0.1	0.136	0.000	0.000
36	  N	  1.4	  0.7	1.967	0.000	0.000
37	  I	  1.6	  0.7	1.967	0.000	0.000
38	  D	  1.6	  0.7	2.200	0.000	0.000
39	  K	  0.5	  0.8	2.200	0.000	0.000
40	  R	  0.3	  0.6	2.200	0.000	0.000
41	  A	  0.2	  0.6	2.064	0.000	0.000
42	  G	  0.1	  0.4	1.489	0.000	0.000
43	  A	  0.1	  0.4	0.729	0.788	0.788
44	  I	  0.1	  5.3	0.000	1.724	1.724
45	  G	  0.1	  5.2	0.000	1.724	1.724
46	  N	  1.7	  5.2	0.000	1.724	1.724
47	  F	  3.5	  5.2	0.000	1.724	1.724
48	  F	  4.1	  0.2	0.000	1.724	1.724
49	  R	  2.6	  0.2	0.000	0.000	0.000
50	  D	  1.6	  0.2	0.000	0.000	0.000
51	  F	  3.0	  0.3	0.000	0.812	0.812
52	  T	  3.5	  0.1	0.000	0.812	0.812
53	  N	  3.0	  0.1	0.000	0.812	0.812
54	  S	  1.4	  0.1	0.000	0.812	0.812
55	  I	  1.5	  0.0	0.000	0.812	0.812
56	  F	  1.3	  3.3	0.000	0.812	0.812
57	  G	  1.0	  3.4	0.000	0.000	0.000
58	  N	  0.1	  4.7	0.000	0.000	0.000
59	  D	  0.0	  5.1	0.000	0.000	0.000
60	  N	  0.1	  1.8	0.000	0.000	0.000
61	  S	  0.1	  1.7	0.000	0.000	0.000
62	  E	  6.0	  0.4	0.000	0.000	0.000
63	  V	  9.2	  0.1	0.000	0.000	0.000
64	  N	  9.2	  0.0	0.000	0.000	0.000
65	  Q	  3.5	  0.2	0.000	0.000	0.000
66	  P	  0.0	  0.3	0.000	0.000	0.000
67	  S	  0.6	  1.8	0.000	0.000	0.000
68	  T	  0.6	  2.4	0.000	0.000	0.000
69	  N	  0.6	  2.5	0.000	0.000	0.000
70	  G	  0.0	  2.5	0.000	0.000	0.000
71	  A	  0.2	  1.1	0.000	0.000	0.000
72	  T	  1.0	  0.8	0.000	0.000	0.000
73	  S	  1.0	  0.7	0.000	0.000	0.000
74	  T	  0.9	  0.7	0.000	0.000	0.000
75	  G	  0.2	  0.7	0.000	0.000	0.000
76	  H	  2.2	  0.4	0.000	0.000	0.000
77	  F	  3.1	  0.1	0.000	0.000	0.000
78	  F	  3.1	  0.3	0.000	0.000	0.000
79	  G	  1.0	  0.7	0.000	0.000	0.000
80	  P	  0.0	  0.7	0.000	0.000	0.000
81	  S	  0.1	  0.7	0.000	0.000	0.000
82	  I	  0.1	  0.6	0.000	0.000	0.000
83	  P	  0.1	  0.2	0.000	0.000	0.000
84	  S	  2.0	  0.4	0.000	0.000	0.000
85	  T	  2.8	  0.5	0.000	0.000	0.000
86	  S	  3.2	  0.4	0.000	0.000	0.000
87	  T	  3.8	  0.3	0.000	0.000	0.000
88	  H	  3.3	  0.2	0.000	0.000	0.000
89	  Q	  3.0	  0.1	0.000	0.000	0.000
90	  Q	  0.6	  0.1	0.000	0.000	0.000
91	  T	  0.2	  1.8	0.000	0.000	0.000
92	  P	  0.0	  2.0	0.000	0.000	0.000
93	  G	  0.0	  2.1	0.000	0.000	0.000
94	  E	  0.1	  2.1	0.000	0.000	0.000
95	  T	  0.2	  0.7	0.000	0.000	0.000
96	  S	  0.2	  0.8	0.000	0.000	0.000
97	  N	  0.2	  0.7	0.000	0.000	0.000
98	  N	  1.5	  1.0	0.251	0.000	0.000
99	  V	  2.7	  0.7	0.251	0.000	0.000
100	  N	  3.0	  0.4	0.251	0.000	0.000
101	  T	  4.7	  0.5	0.251	0.000	0.000
102	  K	  3.6	  0.3	0.251	0.000	0.000
103	  S	  4.0	  1.0	0.251	0.000	0.000
104	  S	  1.1	  1.1	0.000	0.000	0.000
105	  S	  1.7	  2.0	0.000	0.000	0.000
106	  Q	  1.1	  1.9	0.000	0.000	0.000
107	  N	  1.1	  1.2	0.000	0.000	0.000
108	  Q	  0.4	  1.1	0.000	0.000	0.000
109	  S	  0.2	  2.2	0.000	0.000	0.000
110	  P	  0.1	  2.3	0.000	0.000	0.000
111	  S	  3.6	  2.3	0.000	0.000	0.000
112	  T	  3.7	  2.3	0.000	0.000	0.000
113	  S	  3.7	  0.5	0.000	0.000	0.000
114	  P	  0.1	  0.4	0.000	0.000	0.000
115	  T	  0.8	  0.5	0.000	0.000	0.000
116	  S	  1.2	  0.5	0.414	0.000	0.000
117	  T	  5.1	  0.1	1.272	0.796	0.796
118	  V	  5.5	  0.1	1.383	1.677	1.677
119	  A	  5.1	  0.0	1.383	1.677	1.677
120	  A	  1.3	  0.0	1.383	1.677	1.677
121	  A	  0.1	  0.0	1.383	1.677	1.677
122	  A	  0.1	  0.0	1.254	1.412	1.412
123	  A	  0.3	  0.0	0.855	0.813	0.813
124	  T	  1.6	  0.2	0.263	0.306	0.306
125	  S	  3.1	  0.2	0.263	0.000	0.000
126	  S	  3.0	  0.2	0.118	0.000	0.000
127	  S	  1.7	  0.1	0.000	0.000	0.000
128	  P	  0.0	  0.0	0.000	0.000	0.000
129	  V	  2.3	  0.1	0.000	0.000	0.000
130	  A	  2.4	  0.1	0.000	0.000	0.000
131	  S	  3.7	  0.1	0.000	0.000	0.000
132	  T	  1.6	  0.1	0.000	0.000	0.000
133	  R	  1.5	  0.1	0.000	0.000	0.000
134	  P	  0.1	  0.2	0.000	0.000	0.000
135	  A	  0.1	  0.2	0.000	0.000	0.000
136	  S	  2.1	  0.4	0.000	0.000	0.000
137	  T	  2.3	  0.5	0.000	0.000	0.000
138	  S	  2.2	  0.5	0.504	0.000	0.000
139	  E	  0.5	  0.4	0.504	0.000	0.000
140	  Q	  0.6	  0.2	0.504	0.000	0.000
141	  K	  0.7	  0.2	0.504	0.000	0.000
142	  Q	  0.7	  0.1	0.504	0.000	0.000
143	  Q	  0.5	  0.1	0.504	0.000	0.000
144	  E	  0.4	  0.1	0.349	0.000	0.000
145	  E	  0.2	  0.1	0.349	0.000	0.000
146	  T	  0.8	  0.1	0.493	0.000	0.000
147	  T	  1.6	  0.1	0.493	0.000	0.000
148	  A	  1.6	  0.1	0.493	0.000	0.000
149	  R	  1.2	  0.1	0.493	0.000	0.000
150	  Q	  0.5	  0.2	0.385	0.000	0.000
151	  S	  4.0	  0.2	0.269	0.000	0.000
152	  T	  3.9	  0.1	0.000	0.000	0.000
153	  S	  3.7	  0.2	0.172	0.000	0.000
154	  P	  0.1	  0.1	0.172	0.000	0.000
155	  A	  0.1	  0.1	0.172	0.000	0.000
156	  T	  0.8	  0.1	0.172	0.000	0.000
157	  T	  1.9	  0.0	0.172	0.000	0.000
158	  A	  1.9	  0.0	0.172	0.000	0.000
159	  T	  4.2	  0.1	0.000	0.000	0.000
160	  T	  3.1	  0.3	0.000	0.000	0.000
161	  S	  3.0	  0.3	0.000	0.000	0.000
162	  N	  0.1	  0.3	0.000	0.000	0.000
163	  T	  0.1	  0.2	0.000	0.000	0.000
164	  P	  0.0	  0.0	0.000	0.000	0.000
165	  P	  0.0	  0.0	0.000	0.000	0.000
166	  S	  0.0	  2.3	0.182	0.000	0.000
167	  P	  0.0	  2.3	0.182	0.000	0.000
168	  S	  2.0	  2.6	0.182	0.000	0.000
169	  T	  3.3	  2.6	0.182	0.000	0.000
170	  S	  3.7	  0.5	0.182	0.000	0.000
171	  K	  2.0	  0.4	0.182	0.000	0.000
172	  E	  0.8	  0.1	0.000	0.000	0.000
173	  T	  0.3	  0.4	0.000	0.000	0.000
174	  P	  0.0	  0.3	0.000	0.000	0.000
175	  T	  0.1	  0.6	0.000	0.000	0.000
176	  S	  0.1	  0.6	0.000	0.000	0.000
177	  N	  0.2	  0.3	0.000	0.000	0.000
178	  T	  1.2	  0.3	0.000	0.000	0.000
179	  A	  1.2	  0.1	0.000	0.000	0.000
180	  Q	  1.2	  0.1	0.000	0.000	0.000
181	  T	  1.4	  0.2	0.000	0.000	0.000
182	  S	  1.4	  0.3	0.000	0.000	0.000
183	  S	  1.8	  3.0	0.120	0.000	0.000
184	  A	  0.5	  3.0	0.120	0.000	0.000
185	  N	  0.5	  3.4	0.120	0.000	0.000
186	  N	  0.0	  3.4	0.120	0.000	0.000
187	  N	  0.2	  0.7	0.237	0.000	0.000
188	  Q	  0.3	  0.7	0.237	0.000	0.000
189	  Q	  0.3	  0.3	0.117	0.000	0.000
190	  S	  0.3	  1.6	0.321	0.000	0.000
191	  S	  0.2	  1.5	0.321	0.000	0.000
192	  N	  0.2	  1.5	0.321	0.000	0.000
193	  T	  0.8	  1.4	0.204	0.000	0.000
194	  A	  0.8	  0.1	0.204	0.000	0.000
195	  A	  0.7	  0.3	0.204	0.000	0.000
196	  P	  0.0	  0.4	0.000	0.000	0.000
197	  S	  1.9	  0.6	0.000	0.000	0.000
198	  T	  2.8	  0.6	0.000	0.000	0.000
199	  S	  3.9	  0.3	0.000	0.000	0.000
200	  V	  6.1	  0.2	0.000	0.000	0.000
201	  I	  5.4	  0.0	0.000	0.000	0.000
202	  Q	  4.3	  0.2	0.000	0.000	0.000
203	  P	  0.1	  0.3	0.000	0.000	0.000
204	  S	  1.6	  0.4	0.000	0.000	0.000
205	  T	  1.7	  0.5	0.000	0.000	0.000
206	  S	  1.8	  0.3	0.000	0.000	0.000
207	  E	 11.3	  0.2	0.000	0.000	0.000
208	  V	 19.1	  0.0	0.000	0.000	0.000
209	  H	 20.2	  0.0	0.000	0.000	0.000
210	  V	 10.9	  0.0	0.000	0.000	0.000
211	  Q	  2.4	  0.1	0.000	0.000	0.000
212	  S	  1.4	  0.1	0.000	0.000	0.000
213	  Q	  0.5	  0.2	0.000	0.000	0.000
214	  Q	  0.4	  0.1	0.000	0.000	0.000
215	  T	  1.0	  0.2	0.000	0.000	0.000
216	  S	  2.1	  0.1	0.000	0.000	0.000
217	  T	  2.1	  0.1	0.000	0.000	0.000
218	  T	  1.4	  0.8	0.000	0.000	0.000
219	  P	  0.2	  0.7	0.000	0.000	0.000
220	  N	  0.1	  0.7	0.000	0.000	0.000
221	  T	  0.1	  1.0	0.000	0.000	0.000
222	  P	  0.1	  0.3	0.000	0.000	0.000
223	  T	  2.3	  0.3	0.000	0.000	0.000
224	  S	  2.3	  0.3	0.000	0.000	0.000
225	  S	  2.3	  4.3	0.000	0.000	0.000
226	  P	  0.0	  4.2	0.000	0.000	0.000
227	  N	  0.1	  4.2	0.000	0.000	0.000
228	  T	  0.1	  4.5	0.000	0.000	0.000
229	  P	  0.1	  0.2	0.000	0.000	0.000
230	  T	  2.8	  0.3	0.000	0.000	0.000
231	  T	  2.9	  0.3	0.000	0.000	0.000
232	  S	  2.9	  0.2	0.000	0.000	0.000
233	  E	  0.3	  0.2	0.000	0.000	0.000
234	  A	  0.1	  0.1	0.000	0.000	0.000
235	  A	  0.1	  0.3	0.000	0.000	0.000
236	  P	  0.0	  0.2	0.000	0.000	0.000
237	  T	  2.9	  0.3	0.000	0.000	0.000
238	  T	  3.3	  0.3	0.000	0.000	0.000
239	  S	  3.5	  0.1	0.000	0.000	0.000
240	  A	  0.6	  0.1	0.000	0.000	0.000
241	  A	  0.2	  0.2	0.000	0.000	0.000
242	  P	  0.0	  0.2	0.000	0.000	0.000
243	  T	  2.9	  0.3	0.000	0.000	0.000
244	  T	  3.1	  0.3	0.000	0.000	0.000
245	  S	  3.1	  0.1	0.000	0.000	0.000
246	  E	  0.2	  0.1	0.000	0.000	0.000
247	  A	  0.0	  0.1	0.000	0.000	0.000
248	  P	  0.0	  0.0	0.000	0.000	0.000
249	  V	  0.6	  0.0	0.000	0.000	0.000
250	  T	  0.6	  0.4	0.000	0.000	0.000
251	  P	  0.6	  0.5	0.000	0.000	0.000
252	  S	  2.1	  0.7	0.000	0.000	0.000
253	  T	  2.2	  0.7	0.000	0.000	0.000
254	  S	  2.2	  0.4	0.000	0.000	0.000
255	  E	  1.1	  0.3	0.000	0.000	0.000
256	  V	  1.5	  0.1	0.000	0.000	0.000
257	  V	  1.5	  0.3	0.000	0.000	0.000
258	  P	  0.6	  0.3	0.000	0.000	0.000
259	  N	  0.1	  0.3	0.000	0.000	0.000
260	  T	  0.1	  0.5	0.000	0.000	0.000
261	  P	  0.1	  0.2	0.000	0.000	0.000
262	  T	  2.9	  0.3	0.000	0.000	0.000
263	  T	  4.2	  0.3	0.000	0.000	0.000
264	  S	  4.4	  0.1	0.000	0.000	0.000
265	  K	  1.6	  0.1	0.000	0.000	0.000
266	  A	  0.3	  0.7	0.000	0.000	0.000
267	  P	  0.0	  0.6	0.000	0.000	0.000
268	  N	  0.1	  0.6	0.000	0.000	0.000
269	  T	  0.1	  0.8	0.000	0.000	0.000
270	  P	  0.1	  0.2	0.000	0.000	0.000
271	  T	  2.9	  0.3	0.000	0.000	0.000
272	  T	  3.0	  0.4	0.000	0.000	0.000
273	  S	  3.1	  0.1	0.000	0.000	0.000
274	  E	  0.2	  0.1	0.000	0.000	0.000
275	  A	  0.0	  0.1	0.000	0.000	0.000
276	  P	  0.0	  0.0	0.000	0.000	0.000
277	  V	  0.6	  0.0	0.000	0.000	0.000
278	  T	  0.6	  0.4	0.000	0.000	0.000
279	  P	  0.6	  0.5	0.000	0.000	0.000
280	  S	  2.1	  0.7	0.000	0.000	0.000
281	  T	  2.2	  0.7	0.000	0.000	0.000
282	  S	  2.2	  0.4	0.000	0.000	0.000
283	  E	  1.1	  0.3	0.000	0.000	0.000
284	  V	  1.5	  0.1	0.000	0.000	0.000
285	  V	  1.5	  0.3	0.000	0.000	0.000
286	  P	  0.6	  0.3	0.000	0.000	0.000
287	  N	  0.1	  0.3	0.000	0.000	0.000
288	  T	  0.1	  0.5	0.000	0.000	0.000
289	  P	  0.1	  0.2	0.000	0.000	0.000
290	  T	  2.9	  0.3	0.000	0.000	0.000
291	  T	  4.2	  0.3	0.000	0.000	0.000
292	  S	  4.4	  0.1	0.000	0.000	0.000
293	  K	  1.6	  0.1	0.000	0.000	0.000
294	  A	  0.3	  0.7	0.000	0.000	0.000
295	  P	  0.0	  0.6	0.000	0.000	0.000
296	  N	  0.1	  0.6	0.000	0.000	0.000
297	  T	  0.1	  0.8	0.000	0.000	0.000
298	  P	  0.1	  0.2	0.000	0.000	0.000
299	  T	  2.9	  0.3	0.000	0.000	0.000
300	  T	  3.0	  0.4	0.000	0.000	0.000
301	  S	  3.1	  0.1	0.000	0.000	0.000
302	  E	  0.2	  0.1	0.000	0.000	0.000
303	  A	  0.0	  0.1	0.000	0.000	0.000
304	  P	  0.0	  0.0	0.000	0.000	0.000
305	  A	  0.0	  0.0	0.000	0.000	0.000
306	  T	  0.1	  0.2	0.000	0.000	0.000
307	  P	  0.1	  0.3	0.000	0.000	0.000
308	  T	  2.9	  0.3	0.000	0.000	0.000
309	  T	  3.0	  0.4	0.000	0.000	0.000
310	  S	  3.1	  0.1	0.000	0.000	0.000
311	  E	  0.2	  0.1	0.000	0.000	0.000
312	  A	  0.0	  0.7	0.000	0.000	0.000
313	  P	  0.0	  0.6	0.000	0.000	0.000
314	  N	  0.1	  0.6	0.000	0.000	0.000
315	  T	  0.1	  0.8	0.000	0.000	0.000
316	  P	  0.1	  0.2	0.000	0.000	0.000
317	  T	  2.9	  0.3	0.000	0.000	0.000
318	  T	  3.0	  0.4	0.000	0.000	0.000
319	  S	  3.1	  0.1	0.000	0.000	0.000
320	  E	  0.2	  0.1	0.000	0.000	0.000
321	  A	  0.0	  0.1	0.000	0.000	0.000
322	  P	  0.0	  0.0	0.000	0.000	0.000
323	  V	  0.6	  0.0	0.000	0.000	0.000
324	  T	  0.6	  0.2	0.000	0.000	0.000
325	  P	  0.6	  0.2	0.000	0.000	0.000
326	  T	  2.9	  0.3	0.000	0.000	0.000
327	  T	  3.0	  0.3	0.000	0.000	0.000
328	  S	  3.1	  0.1	0.000	0.000	0.000
329	  E	  1.1	  0.1	0.000	0.000	0.000
330	  V	  1.5	  0.1	0.000	0.000	0.000
331	  V	  1.4	  0.0	0.000	0.000	0.000
332	  P	  0.5	  0.0	0.000	0.000	0.000
333	  T	  2.9	  0.1	0.000	0.000	0.000
334	  T	  3.7	  0.1	0.000	0.000	0.000
335	  S	  4.0	  0.2	0.000	0.000	0.000
336	  T	  1.2	  0.5	0.000	0.000	0.000
337	  Q	  0.4	  0.9	0.000	0.000	0.000
338	  G	  0.0	  0.9	0.000	0.000	0.000
339	  D	  0.1	  0.8	0.000	0.000	0.000
340	  A	  0.6	  0.5	0.000	0.000	0.000
341	  V	  1.4	  0.1	0.000	0.000	0.000
342	  S	  3.4	  0.3	0.000	0.000	0.000
343	  T	  4.1	  0.3	0.000	0.000	0.000
344	  S	  3.5	  0.5	0.000	0.000	0.000
345	  S	  3.4	  0.6	0.000	0.000	0.000
346	  T	  3.0	  0.4	0.000	0.000	0.000
347	  S	  6.3	  0.3	0.000	0.000	0.000
348	  V	  5.1	  0.2	0.000	0.000	0.000
349	  T	  4.4	  0.1	0.000	0.000	0.000
350	  E	  0.9	  0.1	0.000	0.000	0.000
351	  Q	  0.3	  0.1	0.000	0.000	0.000
352	  T	  1.0	  0.1	0.000	0.000	0.000
353	  T	  3.7	  0.0	0.000	0.000	0.000
354	  L	  4.1	  0.1	0.000	0.000	0.000
355	  T	  4.6	  0.1	0.000	0.000	0.000
356	  S	  2.1	  0.2	0.000	0.000	0.000
357	  S	  1.9	  0.3	0.000	0.000	0.000
358	  T	  2.5	  0.2	0.000	0.000	0.000
359	  Q	  2.2	  0.1	0.000	0.000	0.000
360	  L	  1.9	  0.0	0.000	0.000	0.000
361	  P	  0.0	  0.2	0.000	0.000	0.000
362	  P	  0.0	  0.3	0.000	0.000	0.000
363	  T	  0.6	  0.3	0.000	0.000	0.000
364	  T	  3.3	  0.4	0.000	0.000	0.000
365	  A	  3.4	  0.2	0.000	0.000	0.000
366	  S	  3.5	  0.2	0.000	0.000	0.000
367	  T	  3.1	  0.2	0.000	0.000	0.000
368	  T	  3.7	  0.2	0.000	0.000	0.000
369	  Q	  3.1	  0.1	0.000	0.000	0.000
370	  T	  2.2	  0.1	0.000	0.000	0.000
371	  S	  1.5	  0.1	0.000	0.000	0.000
372	  T	  1.4	  0.3	0.000	0.000	0.000
373	  P	  0.1	  0.3	0.000	0.000	0.000
374	  E	  0.2	  0.4	0.000	0.000	0.000
375	  A	  0.2	  0.7	0.000	0.000	0.000
376	  S	  0.3	  0.4	0.000	0.000	0.000
377	  D	  0.1	  0.4	0.000	0.000	0.000
378	  S	  0.1	  0.3	0.000	0.000	0.000
379	  P	  0.0	  0.0	0.000	0.000	0.000
380	  K	  0.0	  0.3	0.000	0.000	0.000
381	  P	  0.0	  0.5	0.000	0.000	0.000
382	  S	  0.3	  0.6	0.000	0.000	0.000
383	  S	  2.3	  0.8	0.000	0.000	0.000
384	  T	  2.7	  0.4	0.000	0.000	0.000
385	  S	  4.0	  0.3	0.000	0.000	0.000
386	  I	  2.8	  0.2	0.000	0.000	0.000
387	  E	  2.5	  0.0	0.000	0.000	0.000
388	  T	  0.9	  0.3	0.000	0.000	0.000
389	  P	  0.0	  0.4	0.000	0.000	0.000
390	  S	  1.8	  0.6	0.000	0.000	0.000
391	  T	  2.5	  0.6	0.000	0.000	0.000
392	  S	  3.1	  0.3	0.000	0.000	0.000
393	  T	 11.9	  0.2	0.000	0.000	0.000
394	  F	 12.1	  0.2	0.000	0.000	0.000
395	  E	 11.6	  0.1	0.000	0.000	0.000
396	  Q	  1.2	  0.1	0.000	0.000	0.000
397	  D	  0.2	  0.6	0.210	0.000	0.000
398	  P	  0.0	  0.5	0.210	0.000	0.000
399	  T	  1.7	  0.6	0.210	0.000	0.000
400	  T	  4.6	  0.6	0.210	0.000	0.000
401	  T	  5.8	  0.2	0.210	0.000	0.000
402	  S	  4.3	  0.2	0.210	0.000	0.000
403	  S	  1.8	  0.3	0.097	0.000	0.000
404	  V	  0.6	  0.3	0.000	0.000	0.000
405	  G	  0.4	  0.1	0.000	0.000	0.000
406	  T	  0.2	  0.6	0.000	0.000	0.000
407	  P	  0.0	  0.6	0.000	0.000	0.000
408	  S	  0.1	  0.7	0.000	0.000	0.000
409	  S	  0.1	  0.7	0.000	0.000	0.000
410	  E	  0.1	  0.2	0.000	0.000	0.000
411	  Q	  0.1	  0.1	0.000	0.000	0.000
412	  P	  0.0	  0.0	0.000	0.000	0.000
413	  Q	  0.0	  0.1	0.000	0.000	0.000
414	  P	  0.0	  0.2	0.000	0.000	0.000
415	  T	  1.7	  0.2	0.000	0.000	0.000
416	  T	  4.5	  0.2	0.000	0.000	0.000
417	  T	  4.7	  0.1	0.000	0.000	0.000
418	  S	  3.2	  1.1	0.000	0.000	0.000
419	  E	  0.4	  1.1	0.000	0.000	0.000
420	  S	  0.5	  1.1	0.479	0.000	0.000
421	  A	  0.7	  1.0	0.479	0.000	0.000
422	  V	  3.3	  0.0	0.479	0.000	0.000
423	  T	  3.2	  0.3	0.479	0.000	0.000
424	  S	  2.9	  0.3	0.479	0.000	0.000
425	  N	  0.2	  0.3	0.479	0.000	0.000
426	  S	  0.2	  0.6	0.000	0.000	0.000
427	  P	  0.0	  0.4	0.000	0.000	0.000
428	  T	  0.4	  0.4	0.000	0.000	0.000
429	  Q	  0.5	  0.5	0.000	0.000	0.000
430	  E	  0.6	  0.2	0.000	0.000	0.000
431	  S	  2.2	  0.4	0.000	0.000	0.000
432	  T	  2.6	  0.4	0.000	0.000	0.000
433	  S	  2.8	  0.3	0.000	0.000	0.000
434	  L	  1.3	  0.3	0.000	0.000	0.000
435	  V	  1.5	  0.0	0.000	0.000	0.000
436	  E	  1.2	  0.1	0.000	0.000	0.000
437	  P	  0.7	  0.1	0.000	0.000	0.000
438	  T	  2.9	  0.2	0.000	0.000	0.000
439	  T	  4.2	  0.3	0.000	0.000	0.000
440	  S	  4.2	  0.3	0.000	0.000	0.000
441	  S	  2.4	  0.2	0.000	0.000	0.000
442	  L	  1.2	  0.3	0.000	0.000	0.000
443	  E	  1.2	  0.3	0.000	0.000	0.000
444	  S	  0.3	  1.5	0.000	0.000	0.000
445	  S	  0.2	  1.5	0.000	0.000	0.000
446	  N	  0.2	  1.4	0.000	0.000	0.000
447	  T	  0.2	  1.3	0.000	0.000	0.000
448	  P	  0.1	  0.0	0.000	0.000	0.000
449	  T	  0.1	  0.0	0.000	0.000	0.000
450	  P	  0.0	  0.0	0.000	0.000	0.000
451	  N	  0.0	  3.1	0.000	0.000	0.000
452	  P	  0.0	  3.2	0.000	0.000	0.000
453	  S	  2.0	  3.4	0.141	0.000	0.000
454	  T	  2.1	  3.5	0.141	0.000	0.000
455	  S	  2.1	  0.4	0.141	0.000	0.000
456	  E	  0.4	  0.3	0.141	0.000	0.000
457	  A	  0.2	  0.1	0.141	0.000	0.000
458	  Q	  0.2	  0.3	0.141	0.000	0.000
459	  P	  0.0	  0.3	0.000	0.000	0.000
460	  S	  2.0	  0.6	0.000	0.000	0.000
461	  T	  2.4	  0.6	0.000	0.000	0.000
462	  S	  5.4	  1.3	0.000	0.000	0.000
463	  A	  3.6	  1.3	0.000	0.000	0.000
464	  S	  3.4	  1.1	0.000	0.000	0.000
465	  Q	  0.4	  1.0	0.000	0.000	0.000
466	  A	  0.2	  0.1	0.000	0.000	0.000
467	  P	  0.0	  0.9	0.000	0.000	0.000
468	  P	  0.0	  0.9	0.000	0.000	0.000
469	  D	  0.2	  1.0	0.000	0.000	0.000
470	  T	  3.1	  1.0	0.000	0.000	0.000
471	  T	  4.4	  0.3	0.000	0.000	0.000
472	  S	  4.4	  0.2	0.000	0.000	0.000
473	  S	  1.6	  0.2	0.000	0.000	0.000
474	  A	  0.3	  0.2	0.000	0.000	0.000
475	  P	  0.1	  0.0	0.000	0.000	0.000
476	  A	  0.0	  0.2	0.000	0.000	0.000
477	  P	  0.0	  0.3	0.000	0.000	0.000
478	  E	  0.4	  0.3	0.000	0.000	0.000
479	  L	  0.7	  0.4	0.000	0.000	0.000
480	  S	  1.5	  1.2	0.000	0.000	0.000
481	  S	  1.2	  3.0	0.000	0.000	0.000
482	  S	  0.9	  3.0	0.000	0.000	0.000
483	  N	  0.1	  4.7	0.000	0.000	0.000
484	  A	  0.1	  3.7	0.000	0.000	0.000
485	  D	  0.6	  2.2	0.000	0.000	0.000
486	  F	  0.9	  2.4	0.000	0.000	0.000
487	  S	  0.9	  0.8	0.000	0.000	0.000
488	  N	  0.6	  0.8	0.000	0.000	0.000
489	  S	  0.9	  0.4	0.000	0.000	0.000
490	  V	  3.2	  0.2	0.000	0.000	0.000
491	  L	  3.0	  0.0	0.000	0.000	0.000
492	  H	  2.6	  0.3	0.000	0.000	0.000
493	  S	  0.3	  0.3	0.000	0.000	0.000
494	  S	  0.2	  0.4	0.454	0.000	0.000
495	  E	  0.3	  0.4	0.454	0.000	0.000
496	  T	  3.0	  0.2	0.580	0.000	0.000
497	  T	  3.5	  0.2	0.580	0.000	0.000
498	  S	  3.7	  0.1	0.580	0.000	0.000
499	  L	  1.8	  0.1	0.580	0.000	0.000
500	  V	  1.6	  0.0	0.580	0.000	0.000
501	  N	  1.2	  0.8	0.580	0.000	0.000
502	  P	  0.2	  0.8	0.000	0.000	0.000
503	  T	  0.5	  0.9	0.000	0.000	0.000
504	  D	  0.6	  1.0	0.000	0.000	0.000
505	  S	  0.9	  0.2	0.000	0.000	0.000
506	  Q	  1.3	  0.2	0.000	0.000	0.000
507	  I	  2.0	  0.1	0.000	0.000	0.000
508	  D	  1.8	  1.6	0.000	0.000	0.000
509	  S	  1.6	  2.3	0.000	0.000	0.000
510	  S	  1.2	  2.4	0.000	0.000	0.000
511	  S	  1.8	  2.4	0.000	0.000	0.000
512	  T	  1.4	  0.9	0.000	0.000	0.000
513	  T	  1.1	  0.2	0.000	0.000	0.000
514	  D	  0.5	  0.2	0.000	0.000	0.000
515	  A	  0.6	  0.1	0.000	0.000	0.000
516	  V	  2.4	  0.1	0.000	0.000	0.000
517	  S	  2.4	  0.1	0.265	0.000	0.000
518	  Q	  2.1	  0.1	0.265	0.000	0.000
519	  A	  0.4	  0.1	0.265	0.000	0.000
520	  T	  1.1	  0.0	0.265	0.000	0.000
521	  T	  0.9	  0.0	0.265	0.000	0.000
522	  E	  0.8	  0.2	0.265	0.000	0.000
523	  P	  0.0	  0.2	0.000	0.000	0.000
524	  T	  0.2	  0.3	0.000	0.000	0.000
525	  S	  0.2	  1.8	0.000	0.000	0.000
526	  E	  0.4	  1.6	0.000	0.000	0.000
527	  N	  0.3	  1.6	0.000	0.000	0.000
528	  T	  0.3	  1.8	0.268	0.000	0.000
529	  P	  0.1	  0.3	0.268	0.000	0.000
530	  T	  0.3	  0.3	0.268	0.000	0.000
531	  A	  0.4	  0.5	0.268	0.000	0.000
532	  A	  0.5	  0.3	0.268	0.000	0.000
533	  S	  0.4	  0.3	0.477	0.000	0.000
534	  S	  3.9	  0.3	0.329	0.000	0.000
535	  V	  6.6	  0.1	0.209	0.000	0.000
536	  T	  6.7	  0.4	0.595	0.000	0.000
537	  A	  3.1	  0.5	0.595	0.000	0.000
538	  N	  0.3	  0.5	0.595	0.000	0.000
539	  D	  1.0	  1.1	0.506	0.000	0.000
540	  I	  2.1	  0.6	0.506	0.000	0.000
541	  N	  2.0	  0.6	0.506	0.000	0.000
542	  S	  1.4	  0.8	0.246	0.000	0.000
543	  A	  0.4	  0.3	0.120	0.000	0.000
544	  Q	  0.4	  0.4	0.120	0.000	0.000
545	  S	  0.3	  0.3	0.000	0.000	0.000
546	  S	  0.4	  0.2	0.000	0.000	0.000
547	  A	  0.3	  0.4	0.000	0.000	0.000
548	  P	  0.1	  0.3	0.000	0.000	0.000
549	  T	  0.1	  0.6	0.000	0.000	0.000
550	  S	  0.1	  0.6	0.114	0.000	0.000
551	  N	  0.1	  4.0	0.114	0.000	0.000
552	  A	  0.0	  4.0	0.114	0.000	0.000
553	  D	  0.1	  3.9	1.364	0.000	0.000
554	  A	  0.1	  4.0	1.364	0.000	0.000
555	  E	  0.1	  0.3	1.364	0.000	0.000
556	  T	  2.8	  0.4	1.249	0.000	0.000
557	  A	  3.0	  0.3	1.249	0.000	0.000
558	  S	  3.0	  0.2	1.249	0.000	0.000
559	  S	  0.3	  0.2	0.332	0.000	0.000
560	  P	  0.0	  0.0	0.000	0.000	0.000
561	  V	  0.4	  0.0	0.000	0.000	0.000
562	  S	  0.4	  0.1	0.378	0.000	0.000
563	  E	  0.4	  0.2	0.378	0.000	0.000
564	  Q	  0.3	  0.2	0.378	0.000	0.000
565	  S	  0.4	  0.2	0.948	0.000	0.000
566	  L	  0.4	  0.4	0.948	0.000	0.000
567	  A	  0.2	  0.5	0.948	0.000	0.000
568	  T	  0.2	  0.8	0.833	0.000	0.000
569	  G	  0.2	  0.8	0.833	0.000	0.000
570	  S	  0.5	  0.7	0.708	0.000	0.000
571	  Q	  0.4	  0.5	0.000	0.000	0.000
572	  T	  0.9	  0.2	0.000	0.000	0.000
573	  S	  2.9	  0.8	0.000	0.000	0.000
574	  L	  3.0	  0.7	0.000	0.000	0.000
575	  D	  2.7	  0.8	0.000	0.000	0.000
576	  T	  1.0	  0.7	0.000	0.000	0.000
577	  T	  0.9	  0.5	0.000	0.000	0.000
578	  A	  0.7	  0.7	0.000	0.000	0.000
579	  G	  0.1	  0.9	0.000	0.000	0.000
580	  A	  0.2	  0.9	0.000	0.000	0.000
581	  S	  0.4	  0.6	0.000	0.000	0.000
582	  S	  0.5	  0.5	0.000	0.000	0.000
583	  T	  3.1	  0.4	0.000	0.000	0.000
584	  A	  2.9	  0.4	0.000	0.000	0.000
585	  S	  2.8	  0.3	1.904	0.000	0.000
586	  E	  0.2	  0.3	1.904	0.000	0.000
587	  A	  0.3	  0.1	1.904	0.000	0.000
588	  T	  0.7	  0.0	2.099	0.000	0.000
589	  A	  0.5	  0.3	2.099	0.000	0.000
590	  E	  0.3	  0.3	2.099	0.000	0.000
591	  N	  0.3	  0.6	1.328	0.000	0.000
592	  L	  0.4	  0.8	0.892	0.000	0.000
593	  S	  1.1	  0.5	0.595	0.000	0.000
594	  T	  1.8	  0.7	0.116	0.000	0.000
595	  F	  1.7	  0.8	0.116	0.000	0.000
596	  G	  1.0	  1.0	0.116	0.000	0.000
597	  T	  0.1	  1.4	0.000	0.000	0.000
598	  D	  0.0	  1.8	0.000	0.000	0.000
599	  G	  0.0	  1.5	0.000	0.000	0.000
600	  S	  0.1	  3.3	0.000	0.000	0.000
601	  S	  0.1	  3.0	0.000	0.000	0.000
602	  D	  0.1	  4.2	0.000	0.000	0.000
603	  A	  0.2	  4.0	0.000	0.000	0.000
604	  S	  0.5	  1.9	0.000	0.000	0.000
605	  Q	  0.6	  1.9	0.000	0.000	0.000
606	  T	  3.1	  0.1	0.000	0.000	0.000
607	  I	  3.2	  0.1	0.000	0.000	0.000
608	  A	  3.1	  0.1	0.000	0.000	0.000
609	  E	  0.5	  0.1	0.000	0.000	0.000
610	  T	  2.8	  0.1	0.000	0.000	0.000
611	  T	  2.9	  0.4	0.000	0.000	0.000
612	  S	  2.9	  0.3	0.000	0.000	0.000
613	  N	  0.2	  0.3	0.000	0.000	0.000
614	  S	  0.2	  5.7	0.000	0.000	0.000
615	  P	  0.0	  5.5	0.000	0.000	0.000
616	  D	  0.1	  5.9	0.000	0.000	0.000
617	  Q	  0.3	  5.9	0.000	0.000	0.000
618	  S	  1.2	  0.5	0.000	0.000	0.000
619	  V	  5.5	  0.4	0.000	0.000	0.000
620	  V	  5.7	  0.0	0.000	0.000	0.000
621	  T	  4.9	  0.5	0.000	0.000	0.000
622	  P	  0.6	  0.5	0.000	0.000	0.000
623	  S	  2.7	  1.6	0.000	0.000	0.000
624	  A	  2.8	  1.6	0.000	0.000	0.000
625	  S	  7.8	  1.1	0.000	0.000	0.000
626	  A	  5.2	  1.1	0.000	0.000	0.000
627	  S	  5.0	  5.2	0.000	0.000	0.000
628	  P	  0.0	  5.1	0.000	0.000	0.000
629	  D	  0.7	  5.4	0.000	0.000	0.000
630	  V	  1.6	  5.4	0.000	0.000	0.000
631	  S	  1.9	  0.2	0.000	0.000	0.000
632	  T	  1.4	  0.2	0.000	0.000	0.000
633	  L	  0.5	  0.7	0.000	0.000	0.000
634	  P	  0.2	  0.9	0.000	0.000	0.000
635	  T	  0.1	  1.3	0.000	0.000	0.000
636	  G	  0.1	  1.3	0.000	0.000	0.000
637	  S	  0.3	  3.8	0.000	0.000	0.000
638	  E	  0.2	  3.7	0.000	0.000	0.000
639	  S	  0.2	  3.8	0.000	0.000	0.000
640	  G	  0.1	  3.8	0.000	0.000	0.000
641	  T	  0.5	  0.6	0.000	0.000	0.000
642	  S	  0.8	  0.5	0.000	0.000	0.000
643	  L	  1.5	  0.1	0.000	0.000	0.000
644	  V	  1.7	  0.2	0.000	0.000	0.000
645	  S	  1.6	  0.8	0.000	0.000	0.000
646	  G	  0.9	  0.9	0.000	0.000	0.000
647	  S	  0.3	  1.0	0.000	0.000	0.000
648	  E	  0.1	  0.9	0.000	0.000	0.000
649	  T	  0.5	  0.2	0.000	0.000	0.000
650	  S	  3.3	  0.4	0.000	0.000	0.000
651	  I	  4.5	  0.3	0.000	0.000	0.000
652	  D	  4.3	  0.9	0.916	0.000	0.000
653	  T	  1.9	  0.9	0.916	0.000	0.000
654	  N	  1.4	  0.6	0.916	0.000	0.000
655	  T	  5.1	  0.6	0.916	0.000	0.000
656	  V	  6.7	  0.2	0.916	0.000	0.000
657	  A	  5.9	  0.5	0.916	0.000	0.000
658	  S	  2.4	  2.4	0.443	0.000	0.000
659	  G	  0.3	  2.5	0.197	0.000	0.000
660	  S	  0.7	  2.3	0.000	0.000	0.000
661	  T	  6.2	  2.0	0.000	0.000	0.000
662	  V	  6.8	  0.1	0.000	0.000	0.000
663	  I	  6.4	  0.0	0.000	0.000	0.000
664	  P	  0.6	  0.2	0.000	0.000	0.000
665	  E	  0.1	  0.3	0.000	0.000	0.000
666	  S	  0.1	  1.6	0.000	0.000	0.000
667	  S	  0.2	  1.6	0.000	0.000	0.000
668	  N	  0.3	  1.4	0.000	0.000	0.000
669	  I	  0.2	  1.5	0.000	0.000	0.000
670	  P	  0.2	  0.1	0.000	0.000	0.000
671	  T	  3.8	  0.1	0.000	0.000	0.000
672	  Q	  3.8	  0.1	0.000	0.000	0.000
673	  S	  3.9	  2.5	0.000	0.000	0.000
674	  P	  0.1	  2.5	0.000	0.000	0.000
675	  S	  1.4	  3.0	0.000	0.000	0.000
676	  Q	  1.7	  3.0	0.000	0.000	0.000
677	  S	  2.5	  0.6	0.000	0.000	0.000
678	  V	  5.3	  0.5	0.000	0.000	0.000
679	  V	  6.2	  0.1	0.000	0.000	0.000
680	  S	  5.4	  2.1	0.535	0.000	0.000
681	  S	  1.3	  2.1	1.188	0.000	0.000
682	  D	  0.1	  2.2	1.709	0.000	0.000
683	  A	  0.0	  2.2	1.709	0.000	0.000
684	  A	  0.1	  0.3	1.709	0.000	0.000
685	  A	  0.1	  0.5	1.709	0.000	0.000
686	  S	  0.1	  0.4	1.566	0.000	0.000
687	  N	  1.5	  0.6	0.882	0.000	0.000
688	  V	  2.3	  0.5	0.000	0.000	0.000
689	  S	  2.4	  0.5	0.000	0.000	0.000
690	  T	  1.1	  0.9	0.000	0.000	0.000
691	  G	  0.3	  0.8	0.000	0.000	0.000
692	  S	  1.0	  0.8	0.000	0.000	0.000
693	  A	  1.0	  0.6	0.000	0.000	0.000
694	  T	  1.3	  0.3	0.000	0.000	0.000
695	  T	  1.1	  0.3	0.000	0.000	0.000
696	  D	  1.0	  0.3	0.143	0.000	0.000
697	  S	  0.7	  0.3	0.143	0.000	0.000
698	  L	  0.2	  0.7	0.143	0.000	0.000
699	  A	  0.2	  0.9	0.143	0.000	0.000
700	  G	  0.1	  0.8	0.143	0.000	0.000
701	  S	  0.1	  1.3	0.143	0.000	0.000
702	  E	  0.0	  0.9	0.000	0.000	0.000
703	  T	  0.1	  0.6	0.000	0.000	0.000
704	  G	  0.1	  0.5	0.000	0.000	0.000
705	  V	  0.4	  0.1	0.000	0.000	0.000
706	  Q	  0.4	  0.0	0.000	0.000	0.000
707	  P	  0.3	  0.0	0.000	0.000	0.000
708	  I	  0.6	  0.1	0.000	0.000	0.000
709	  S	  1.5	  1.0	0.000	0.000	0.000
710	  S	  1.6	  1.1	0.000	0.000	0.000
711	  S	  1.7	  1.6	0.000	0.000	0.000
712	  A	  0.9	  1.6	0.000	0.000	0.000
713	  T	  0.9	  0.9	0.000	0.000	0.000
714	  G	  0.1	  0.9	0.000	0.000	0.000
715	  T	  0.4	  0.4	0.000	0.000	0.000
716	  S	  0.4	  0.3	0.000	0.000	0.000
717	  E	  0.4	  0.0	0.000	0.000	0.000
718	  P	  0.0	  0.0	0.000	0.000	0.000
719	  V	  4.4	  0.0	0.000	0.000	0.000
720	  F	  5.9	  0.1	0.000	0.000	0.000
721	  S	  6.0	  0.2	0.000	0.000	0.000
722	  S	  1.6	  0.2	0.000	0.000	0.000
723	  E	  2.3	  0.2	0.000	0.000	0.000
724	  Y	  3.5	  0.2	0.000	0.000	0.000
725	  N	  3.6	  1.1	0.000	0.000	0.000
726	  S	  1.5	  1.4	0.000	0.000	0.000
727	  S	  0.2	  1.8	0.000	0.000	0.000
728	  E	  0.1	  2.3	0.000	0.000	0.000
729	  G	  0.0	  1.3	0.000	0.000	0.000
730	  T	  2.8	  1.1	0.000	0.000	0.000
731	  T	  3.3	  0.7	0.000	0.000	0.000
732	  S	  3.6	  0.1	0.000	0.000	0.000
733	  L	  3.6	  0.1	0.000	0.000	0.000
734	  V	  3.7	  0.0	0.000	0.000	0.000
735	  V	  3.3	  0.2	0.000	0.000	0.000
736	  P	  0.5	  0.2	0.000	0.000	0.000
737	  T	  0.8	  0.3	0.000	0.000	0.000
738	  N	  0.9	  0.3	0.000	0.000	0.000
739	  S	  0.9	  0.2	0.000	0.000	0.000
740	  E	  0.4	  0.2	0.000	0.000	0.000
741	  L	  0.6	  0.2	0.000	0.000	0.000
742	  S	  0.9	  0.2	0.000	0.000	0.000
743	  S	  0.9	  0.2	0.000	0.000	0.000
744	  T	 11.5	  0.2	0.000	0.000	0.000
745	  V	 11.9	  0.2	0.000	0.000	0.000
746	  T	 11.6	  0.7	0.000	0.000	0.000
747	  G	  0.8	  0.9	0.000	0.000	0.000
748	  S	  0.2	  0.9	0.378	0.000	0.000
749	  S	  0.1	  1.0	0.378	0.000	0.000
750	  E	  0.2	  0.4	0.378	0.000	0.000
751	  T	  0.4	  0.2	0.378	0.000	0.000
752	  A	  0.4	  0.2	0.378	0.000	0.000
753	  A	  0.5	  0.0	0.378	0.000	0.000
754	  T	  0.6	  0.0	0.106	0.000	0.000
755	  A	  0.8	  0.1	0.106	0.000	0.000
756	  I	  1.8	  0.1	0.000	0.000	0.000
757	  N	  1.5	  0.2	0.128	0.000	0.000
758	  S	  1.4	  1.0	0.128	0.000	0.000
759	  E	  0.3	  1.0	0.128	0.000	0.000
760	  S	  0.7	  1.0	0.432	0.000	0.000
761	  V	  2.1	  0.8	0.432	0.000	0.000
762	  L	  2.2	  0.1	0.432	0.000	0.000
763	  T	  1.9	  0.8	0.303	0.000	0.000
764	  G	  0.3	  1.1	0.303	0.000	0.000
765	  S	  0.2	  2.6	0.449	0.000	0.000
766	  S	  0.1	  2.5	0.146	0.000	0.000
767	  D	  0.1	  1.8	0.146	0.000	0.000
768	  T	  0.3	  1.6	0.146	0.000	0.000
769	  A	  0.3	  0.1	0.146	0.000	0.000
770	  A	  0.9	  0.0	0.146	0.000	0.000
771	  T	 11.6	  0.0	0.000	0.000	0.000
772	  V	 12.1	  0.1	0.000	0.000	0.000
773	  T	 11.7	  0.4	0.000	0.000	0.000
774	  G	  0.8	  0.5	0.000	0.000	0.000
775	  S	  0.3	  1.2	0.000	0.000	0.000
776	  E	  0.2	  1.1	0.000	0.000	0.000
777	  S	  0.4	  0.8	0.279	0.000	0.000
778	  I	  2.0	  0.7	0.279	0.000	0.000
779	  L	  2.1	  0.0	0.279	0.000	0.000
780	  T	  1.8	  2.8	0.279	0.000	0.000
781	  G	  0.2	  2.8	0.279	0.000	0.000
782	  N	  0.2	  2.8	0.279	0.000	0.000
783	  T	  0.3	  2.9	0.000	0.000	0.000
784	  E	  0.4	  0.2	0.000	0.000	0.000
785	  T	  0.6	  0.2	0.000	0.000	0.000
786	  S	  1.2	  0.3	0.151	0.000	0.000
787	  A	  1.3	  0.2	0.151	0.000	0.000
788	  T	  1.3	  0.2	0.302	0.000	0.000
789	  A	  0.8	  0.2	0.302	0.000	0.000
790	  I	  1.7	  0.0	0.302	0.000	0.000
791	  A	  1.3	  0.1	0.302	0.000	0.000
792	  S	  1.3	  0.8	0.438	0.000	0.000
793	  E	  0.3	  0.8	0.287	0.000	0.000
794	  S	  0.4	  0.8	0.409	0.000	0.000
795	  T	  3.0	  0.9	0.409	0.000	0.000
796	  L	  3.0	  0.3	0.409	0.000	0.000
797	  T	  3.0	  1.4	0.409	0.000	0.000
798	  G	  0.3	  1.5	0.409	0.000	0.000
799	  S	  0.8	  1.5	0.409	0.000	0.000
800	  T	  0.8	  1.5	0.000	0.000	0.000
801	  T	  0.8	  0.7	0.000	0.000	0.000
802	  G	  0.1	  0.8	0.000	0.000	0.000
803	  A	  0.1	  0.8	0.000	0.000	0.000
804	  T	  0.6	  0.8	0.000	0.000	0.000
805	  D	  0.6	  0.4	0.000	0.000	0.000
806	  S	  0.6	  0.3	0.268	0.000	0.000
807	  A	  0.2	  0.2	0.268	0.000	0.000
808	  A	  0.3	  0.1	0.268	0.000	0.000
809	  T	  1.3	  0.0	0.268	0.000	0.000
810	  T	  4.0	  0.0	0.268	0.000	0.000
811	  I	  4.9	  0.0	0.268	0.000	0.000
812	  A	  3.9	  0.1	0.268	0.000	0.000
813	  S	  1.2	  0.9	0.148	0.000	0.000
814	  E	  0.2	  0.9	0.000	0.000	0.000
815	  S	  0.7	  0.9	0.000	0.000	0.000
816	  V	  2.2	  0.8	0.000	0.000	0.000
817	  L	  2.3	  0.1	0.000	0.000	0.000
818	  T	  1.8	  0.3	0.000	0.000	0.000
819	  G	  0.2	  0.4	0.000	0.000	0.000
820	  T	  0.1	  0.7	0.000	0.000	0.000
821	  S	  0.1	  0.7	0.000	0.000	0.000
822	  D	  0.1	  2.6	0.000	0.000	0.000
823	  A	  0.2	  2.6	0.000	0.000	0.000
824	  S	  0.9	  2.4	0.000	0.000	0.000
825	  A	  1.5	  2.3	0.000	0.000	0.000
826	  T	  7.1	  0.1	0.000	0.000	0.000
827	  V	  6.9	  0.1	0.000	0.000	0.000
828	  I	  6.3	  0.2	0.000	0.000	0.000
829	  P	  0.6	  0.2	0.000	0.000	0.000
830	  S	  0.2	  1.3	0.000	0.000	0.000
831	  E	  0.2	  1.3	0.000	0.000	0.000
832	  S	  0.3	  1.1	0.694	0.000	0.000
833	  A	  0.3	  1.0	0.694	0.000	0.000
834	  L	  0.4	  0.1	0.694	0.000	0.000
835	  T	  0.4	  1.3	0.694	0.000	0.000
836	  G	  0.3	  1.4	0.694	0.000	0.000
837	  S	  0.9	  1.4	0.694	0.000	0.000
838	  T	  3.5	  1.3	0.000	0.000	0.000
839	  T	  3.6	  0.1	0.000	0.000	0.000
840	  T	  3.0	  0.0	0.122	0.000	0.000
841	  P	  0.2	  0.0	0.122	0.000	0.000
842	  I	  1.1	  0.0	0.122	0.000	0.000
843	  A	  1.1	  0.1	0.122	0.000	0.000
844	  S	  1.2	  0.9	0.122	0.000	0.000
845	  E	  0.2	  0.9	0.122	0.000	0.000
846	  S	  0.7	  0.9	0.000	0.000	0.000
847	  V	  2.1	  0.8	0.000	0.000	0.000
848	  L	  2.2	  0.1	0.000	0.000	0.000
849	  T	  1.8	  0.5	0.000	0.000	0.000
850	  G	  0.2	  0.5	0.000	0.000	0.000
851	  T	  2.8	  0.5	0.000	0.000	0.000
852	  T	  3.2	  0.5	0.000	0.000	0.000
853	  S	  3.5	  2.2	0.000	0.000	0.000
854	  A	  0.8	  2.2	0.000	0.000	0.000
855	  D	  1.2	  3.1	0.000	0.000	0.000
856	  V	  1.4	  3.2	0.000	0.000	0.000
857	  S	  1.3	  1.8	0.000	0.000	0.000
858	  G	  0.6	  1.8	0.000	0.000	0.000
859	  A	  0.2	  0.9	0.000	0.000	0.000
860	  T	  1.2	  0.8	0.000	0.000	0.000
861	  T	  1.6	  0.2	0.000	0.000	0.000
862	  I	  1.5	  0.8	0.000	0.000	0.000
863	  G	  0.4	  0.8	0.000	0.000	0.000
864	  S	  0.2	  1.6	0.000	0.000	0.000
865	  E	  0.2	  1.4	0.000	0.000	0.000
866	  S	  0.5	  0.9	0.000	0.000	0.000
867	  I	  1.8	  0.8	0.000	0.000	0.000
868	  F	  3.1	  0.1	0.000	0.000	0.000
869	  T	  2.9	  0.5	0.000	0.000	0.000
870	  G	  1.5	  0.5	0.000	0.000	0.000
871	  T	  0.4	  0.6	0.000	0.000	0.000
872	  T	  0.6	  0.6	0.000	0.000	0.000
873	  E	  0.7	  0.3	0.000	0.000	0.000
874	  S	  0.4	  0.4	0.000	0.000	0.000
875	  T	  0.3	  0.4	0.000	0.000	0.000
876	  G	  0.2	  0.3	0.000	0.000	0.000
877	  T	  0.1	  0.1	0.000	0.000	0.000
878	  P	  0.0	  0.0	0.000	0.000	0.000
879	  L	  0.0	  0.2	0.000	0.000	0.000
880	  P	  0.0	  0.3	0.000	0.000	0.000
881	  T	  2.8	  0.8	0.000	0.000	0.000
882	  A	  2.8	  1.0	0.000	0.000	0.000
883	  S	  2.9	  1.0	0.000	0.000	0.000
884	  G	  0.1	  1.0	0.000	0.000	0.000
885	  T	  0.3	  0.6	0.000	0.000	0.000
886	  E	  0.3	  0.4	0.000	0.000	0.000
887	  S	  2.5	  0.8	0.106	0.000	0.000
888	  L	  2.4	  0.8	0.106	0.000	0.000
889	  D	  2.6	  0.7	0.106	0.000	0.000
890	  T	  2.4	  0.6	0.106	0.000	0.000
891	  T	  6.1	  0.1	0.106	0.000	0.000
892	  V	  6.9	  0.2	0.106	0.000	0.000
893	  A	  4.9	  0.2	0.106	0.000	0.000
894	  T	  1.1	  0.4	0.000	0.000	0.000
895	  G	  0.1	  0.5	0.000	0.000	0.000
896	  T	  0.9	  0.3	0.000	0.000	0.000
897	  S	 11.4	  0.4	0.000	0.000	0.000
898	  V	 11.7	  0.2	0.000	0.000	0.000
899	  S	 10.9	  0.3	0.000	0.000	0.000
900	  E	  0.4	  0.4	0.000	0.000	0.000
901	  Q	  0.1	  0.4	0.000	0.000	0.000
902	  S	  0.1	  0.4	0.000	0.000	0.000
903	  G	  0.1	  0.3	0.787	0.000	0.000
904	  V	  0.7	  0.2	0.787	0.000	0.000
905	  E	  0.7	  0.1	0.787	0.000	0.000
906	  T	  1.1	  0.1	0.787	0.000	0.000
907	  A	  0.7	  0.1	0.787	0.000	0.000
908	  L	  0.8	  0.1	0.787	0.000	0.000
909	  S	  1.2	  0.1	0.509	0.000	0.000
910	  T	  1.1	  0.1	0.140	0.000	0.000
911	  Q	  1.0	  0.2	0.140	0.000	0.000
912	  P	  0.2	  0.2	0.000	0.000	0.000
913	  T	  0.1	  0.3	0.000	0.000	0.000
914	  T	  0.1	  0.4	0.000	0.000	0.000
915	  G	  0.2	  0.3	0.000	0.000	0.000
916	  T	  0.1	  0.2	0.000	0.000	0.000
917	  E	  0.2	  0.2	0.000	0.000	0.000
918	  A	  0.9	  0.0	0.000	0.000	0.000
919	  T	 11.8	  0.0	0.000	0.000	0.000
920	  V	 14.0	  0.0	0.000	0.000	0.000
921	  T	 13.4	  0.2	0.000	0.000	0.000
922	  S	  2.7	  0.3	0.000	0.000	0.000
923	  G	  0.1	  0.3	0.000	0.000	0.000
924	  V	  1.9	  0.2	0.000	0.000	0.000
925	  S	  3.4	  0.6	0.000	0.000	0.000
926	  Q	  3.5	  0.6	0.000	0.000	0.000
927	  S	  1.8	  0.7	0.000	0.000	0.000
928	  E	  0.2	  0.8	0.000	0.000	0.000
929	  Q	  0.1	  0.3	0.000	0.000	0.000
930	  T	  0.1	  0.5	0.000	0.000	0.000
931	  G	  0.1	  0.5	0.000	0.000	0.000
932	  T	  0.5	  0.4	0.000	0.000	0.000
933	  S	  0.7	  0.3	0.000	0.000	0.000
934	  A	  1.1	  0.1	0.000	0.175	0.175
935	  V	  1.4	  0.1	0.000	0.299	0.299
936	  T	  1.1	  0.1	0.000	0.299	0.299
937	  G	  0.8	  0.1	0.000	0.299	0.299
938	  V	  0.9	  0.1	0.000	0.299	0.299
939	  T	  1.1	  0.2	0.000	0.124	0.124
940	  E	  1.0	  0.2	0.000	0.000	0.000
941	  S	  0.4	  0.3	0.000	0.000	0.000
942	  S	  0.2	  0.4	0.116	0.000	0.000
943	  E	  0.1	  0.3	0.116	0.000	0.000
944	  Q	  0.8	  0.2	0.116	0.000	0.000
945	  I	  1.0	  0.2	0.116	0.000	0.000
946	  Q	  1.0	  0.3	0.116	0.000	0.000
947	  S	  0.2	  1.1	0.116	0.000	0.000
948	  G	  0.1	  1.1	0.000	0.000	0.000
949	  A	  0.3	  1.0	0.000	0.000	0.000
950	  T	  0.4	  0.8	0.000	0.000	0.000
951	  T	  0.4	  0.0	0.000	0.000	0.000
952	  P	  0.2	  0.0	0.000	0.000	0.000
953	  A	  0.1	  0.0	0.000	0.000	0.000
954	  T	  1.8	  0.0	0.000	0.000	0.000
955	  T	  2.5	  0.0	0.000	0.000	0.000
956	  T	  5.1	  0.3	0.000	0.000	0.000
957	  A	  3.4	  0.6	0.000	0.000	0.000
958	  S	  2.8	  0.6	0.000	0.000	0.000
959	  D	  0.0	  0.9	0.000	0.000	0.000
960	  A	  0.2	  0.7	0.000	0.000	0.000
961	  T	  1.0	  0.4	0.000	0.000	0.000
962	  A	  1.4	  0.3	0.000	0.000	0.000
963	  V	  3.0	  0.0	0.000	0.000	0.000
964	  T	  2.3	  0.0	0.000	0.000	0.000
965	  N	  2.0	  1.4	0.130	0.000	0.000
966	  A	  0.2	  1.5	0.130	0.000	0.000
967	  S	  0.1	  1.5	0.289	0.000	0.000
968	  E	  0.2	  1.5	0.289	0.000	0.000
969	  A	  0.3	  0.1	0.289	0.000	0.000
970	  S	  0.7	  0.2	0.289	0.000	0.000
971	  A	  0.5	  0.3	0.159	0.000	0.000
972	  E	  0.5	  0.3	0.159	0.000	0.000
973	  S	  0.2	  0.3	0.111	0.000	0.000
974	  Q	  0.4	  0.2	0.111	0.000	0.000
975	  A	  0.4	  0.1	0.111	0.000	0.000
976	  T	  2.1	  0.1	0.111	0.000	0.000
977	  T	  2.5	  0.1	0.111	0.000	0.000
978	  T	  2.7	  0.1	0.111	0.000	0.000
979	  A	  1.0	  0.2	0.111	0.000	0.000
980	  A	  0.4	  0.2	0.111	0.000	0.000
981	  S	  0.1	  0.2	0.441	0.000	0.000
982	  E	  0.2	  0.2	0.441	0.000	0.000
983	  A	  0.4	  0.2	0.441	0.000	0.000
984	  T	  0.4	  0.3	0.441	0.000	0.000
985	  T	  0.4	  0.6	0.441	0.000	0.000
986	  G	  0.2	  0.7	0.441	0.000	0.000
987	  S	  0.3	  0.6	0.185	0.000	0.000
988	  Q	  0.8	  0.4	0.000	0.000	0.000
989	  V	  2.6	  0.1	0.000	0.000	0.000
990	  T	  3.1	  0.0	0.000	0.000	0.000
991	  T	  2.7	  0.0	0.000	0.000	0.000
992	  A	  1.0	  0.2	0.000	0.000	0.000
993	  A	  0.4	  0.2	0.000	0.000	0.000
994	  S	  0.1	  0.3	0.276	0.000	0.000
995	  E	  0.1	  0.3	0.276	0.000	0.000
996	  A	  0.1	  0.1	0.276	0.000	0.000
997	  A	  0.1	  0.1	0.276	0.000	0.000
998	  T	  0.3	  0.2	0.276	0.000	0.000
999	  E	  0.4	  0.2	0.276	0.000	0.000
1000	  S	  0.4	  0.2	0.801	0.000	0.000
1001	  Q	  0.4	  0.2	0.655	0.000	0.000
1002	  A	  0.4	  0.1	0.655	0.000	0.000
1003	  T	  1.0	  0.1	0.655	0.000	0.000
1004	  T	  1.1	  0.0	0.655	0.000	0.000
1005	  A	  1.0	  0.2	0.655	0.000	0.000
1006	  A	  0.4	  0.2	0.443	0.000	0.000
1007	  S	  0.1	  0.3	0.500	0.000	0.000
1008	  E	  0.1	  0.3	0.274	0.000	0.000
1009	  A	  0.1	  0.1	0.274	0.000	0.000
1010	  A	  0.1	  0.1	0.274	0.000	0.000
1011	  T	  0.3	  0.2	0.274	0.000	0.000
1012	  E	  0.4	  0.2	0.274	0.000	0.000
1013	  S	  0.4	  0.2	0.800	0.000	0.000
1014	  Q	  0.4	  0.2	0.655	0.000	0.000
1015	  A	  0.4	  0.1	0.655	0.000	0.000
1016	  T	  1.0	  0.1	0.655	0.000	0.000
1017	  T	  1.1	  0.0	0.655	0.000	0.000
1018	  A	  1.0	  0.2	0.655	0.000	0.000
1019	  A	  0.4	  0.2	0.443	0.000	0.000
1020	  S	  0.1	  0.3	0.501	0.000	0.000
1021	  E	  0.1	  0.3	0.276	0.000	0.000
1022	  A	  0.1	  0.1	0.276	0.000	0.000
1023	  A	  0.1	  0.1	0.276	0.000	0.000
1024	  T	  0.3	  0.2	0.276	0.000	0.000
1025	  E	  0.4	  0.2	0.276	0.000	0.000
1026	  S	  0.4	  0.2	0.146	0.000	0.000
1027	  Q	  0.4	  0.2	0.000	0.000	0.000
1028	  A	  0.5	  0.1	0.000	0.000	0.000
1029	  T	  0.6	  0.0	0.000	0.000	0.000
1030	  T	  0.4	  0.0	0.000	0.000	0.000
1031	  P	  0.2	  0.2	0.000	0.000	0.000
1032	  A	  0.1	  0.2	0.000	0.000	0.000
1033	  S	  0.1	  0.2	0.000	0.000	0.000
1034	  E	  0.1	  0.2	0.000	0.000	0.000
1035	  P	  0.0	  0.4	0.000	0.000	0.000
1036	  A	  0.0	  0.6	0.000	0.000	0.000
1037	  T	  0.2	  0.9	0.000	0.000	0.000
1038	  G	  0.2	  1.0	0.000	0.000	0.000
1039	  S	  0.3	  0.6	0.125	0.000	0.000
1040	  Q	  0.8	  0.4	0.125	0.000	0.000
1041	  V	  3.3	  0.1	0.125	0.000	0.000
1042	  T	  3.2	  0.1	0.125	0.000	0.000
1043	  S	  2.7	  0.1	0.125	0.000	0.000
1044	  E	  8.5	  0.1	0.125	0.000	0.000
1045	  V	  8.8	  0.1	0.000	0.000	0.000
1046	  T	  8.8	  0.0	0.000	0.000	0.000
1047	  P	  0.5	  0.0	0.000	0.000	0.000
1048	  A	  1.0	  0.0	0.000	0.000	0.000
1049	  T	  1.7	  0.0	0.000	0.000	0.000
1050	  V	  1.7	  0.2	0.000	0.000	0.000
1051	  P	  0.7	  0.3	0.000	0.000	0.000
1052	  S	  0.2	  0.3	0.174	0.000	0.000
1053	  S	  3.8	  0.3	0.174	0.000	0.000
1054	  V	  6.7	  0.1	0.174	0.000	0.000
1055	  T	  6.9	  0.0	0.305	0.000	0.000
1056	  A	  3.3	  0.3	0.305	0.000	0.000
1057	  A	  0.3	  0.3	0.305	0.000	0.000
1058	  D	  0.1	  0.3	0.130	0.000	0.000
1059	  T	  0.4	  0.3	0.130	0.000	0.000
1060	  A	  0.4	  0.1	0.130	0.184	0.184
1061	  A	  0.5	  0.0	0.130	1.011	1.011
1062	  T	  0.6	  0.0	0.000	1.378	1.378
1063	  S	  1.1	  0.0	0.000	1.378	1.378
1064	  I	  5.3	  0.0	0.000	1.378	1.378
1065	  I	  9.2	  0.0	0.000	1.378	1.378
1066	  T	  8.6	  0.0	0.000	0.678	0.678
1067	  S	  4.3	  0.0	0.000	0.000	0.000
1068	  P	  0.0	  0.0	0.000	0.000	0.000
1069	  P	  0.0	  0.2	0.000	0.000	0.000
1070	  A	  0.2	  0.2	0.000	0.000	0.000
1071	  S	  1.1	  0.2	0.000	0.000	0.000
1072	  A	  1.1	  0.2	0.000	0.000	0.000
1073	  E	  0.9	  0.3	0.000	0.000	0.000
1074	  P	  0.0	  0.4	0.000	0.000	0.000
1075	  S	  0.1	  0.4	0.000	0.000	0.000
1076	  S	  0.2	  0.4	0.247	0.000	0.000
1077	  E	  5.3	  0.2	0.247	0.000	0.000
1078	  V	  8.0	  0.1	0.247	0.000	0.000
1079	  T	  8.7	  0.0	0.247	0.000	0.000
1080	  A	  4.5	  0.0	0.247	0.000	0.000
1081	  V	  2.0	  0.0	0.247	0.000	0.000
1082	  A	  1.2	  0.4	0.247	0.000	0.000
1083	  P	  0.4	  0.5	0.000	0.000	0.000
1084	  S	  0.1	  0.5	0.465	0.000	0.000
1085	  A	  0.1	  0.5	0.465	0.000	0.000
1086	  A	  0.3	  0.1	0.465	0.000	0.000
1087	  T	  3.1	  0.1	0.465	0.000	0.000
1088	  T	  4.3	  0.2	0.465	0.000	0.000
1089	  S	  4.5	  0.3	0.465	0.000	0.000
1090	  S	  2.0	  0.3	0.167	0.000	0.000
1091	  T	  1.1	  0.5	0.000	0.000	0.000
1092	  K	  0.9	  0.4	0.000	0.000	0.000
1093	  N	  0.7	  0.3	0.000	0.000	0.000
1094	  W	  0.3	  0.3	0.000	0.000	0.000
1095	  L	  0.2	  0.3	0.000	0.000	0.000
1096	  P	  0.1	  0.5	0.000	0.000	0.000
1097	  S	  0.1	  0.5	0.000	0.588	0.588
1098	  S	  0.4	  0.5	0.110	2.734	2.734
1099	  L	  2.7	  0.2	0.110	2.734	2.734
1100	  V	  6.7	  0.1	0.110	2.734	2.734
1101	  I	  6.7	  0.0	0.110	2.734	2.734
1102	  A	  4.5	  0.0	0.110	2.416	2.416
1103	  E	  0.4	  0.0	0.110	0.000	0.000
1104	  T	  0.1	  0.4	0.000	0.000	0.000
1105	  P	  0.0	  0.6	0.000	0.000	0.000
1106	  S	  0.1	  2.5	0.122	0.000	0.000
1107	  S	  0.1	  2.5	0.122	0.000	0.000
1108	  N	  0.1	  3.6	0.122	0.000	0.000
1109	  A	  0.2	  3.5	0.122	0.000	0.000
1110	  S	  2.5	  2.3	0.278	0.000	0.000
1111	  K	  3.1	  2.3	0.278	0.000	0.000
1112	  S	  3.1	  0.8	0.156	0.000	0.000
1113	  T	  1.1	  0.8	0.156	0.000	0.000
1114	  E	  0.4	  0.2	0.156	0.000	0.000
1115	  S	  0.8	  0.1	0.156	0.000	0.000
1116	  I	  4.0	  0.1	0.000	0.000	0.000
1117	  V	  5.1	  0.0	0.000	0.000	0.000
1118	  Q	  4.7	  0.1	0.000	0.000	0.000
1119	  A	  1.5	  0.2	0.000	0.000	0.000
1120	  S	  1.0	  0.7	0.000	0.000	0.000
1121	  A	  0.9	  0.8	0.000	0.000	0.000
1122	  T	  0.8	  0.9	0.000	0.000	0.000
1123	  G	  0.1	  1.0	0.000	0.000	0.000
1124	  A	  0.1	  0.6	0.000	0.000	0.000
1125	  S	  2.1	  1.3	0.000	0.000	0.000
1126	  T	  2.2	  1.2	0.000	0.000	0.000
1127	  S	  2.1	  1.0	0.000	0.000	0.000
1128	  G	  0.1	  0.9	0.000	0.000	0.000
1129	  L	  0.0	  0.3	0.000	0.000	0.000
1130	  P	  0.0	  0.2	0.000	0.000	0.000
1131	  R	  0.3	  0.2	0.000	0.000	0.000
1132	  A	  1.0	  0.2	0.000	0.000	0.000
1133	  I	  1.8	  0.0	0.000	0.000	0.000
1134	  T	  1.5	  0.2	0.000	0.000	0.000
1135	  P	  0.8	  0.2	0.000	0.000	0.000
1136	  E	  0.2	  0.3	0.000	0.000	0.000
1137	  T	  1.8	  0.3	0.000	0.000	0.000
1138	  T	  4.6	  0.1	0.000	0.000	0.000
1139	  T	  4.7	  0.0	0.000	0.000	0.000
1140	  T	  3.0	  1.7	0.000	0.000	0.000
1141	  P	  0.2	  1.7	0.000	0.000	0.000
1142	  G	  0.1	  1.8	0.000	0.000	0.000
1143	  F	  2.2	  1.8	0.000	0.080	0.080
1144	  D	  2.6	  0.1	0.541	0.080	0.080
1145	  Y	  4.5	  0.1	0.541	17.598	17.598
1146	  Q	  2.7	  0.0	0.541	22.526	22.526
1147	  V	  5.8	  0.0	0.541	41.654	41.654
1148	  I	 20.6	  0.0	0.541	43.090	43.090
1149	  T	 20.8	  0.1	0.541	43.090	43.090
1150	  V	 17.6	  0.1	0.541	42.912	42.912
1151	  G	  0.6	  0.1	0.674	40.144	40.144
1152	  F	  0.9	  0.2	0.237	37.374	37.374
1153	  K	  1.1	  0.1	0.133	0.080	0.080
1154	  S	  1.2	  0.1	0.133	0.000	0.000
1155	  A	  0.6	  0.3	0.133	0.000	0.000
1156	  L	  3.1	  0.1	0.133	0.000	0.000
1157	  N	  3.0	  0.1	0.133	0.000	0.000
1158	  Y	  2.9	  0.3	0.133	0.000	0.000
1159	  P	  0.1	  0.2	0.000	0.000	0.000
1160	  F	  2.1	  0.2	0.000	0.000	0.000
1161	  V	  5.9	  0.2	0.000	0.000	0.000
1162	  V	  6.8	  0.1	0.000	0.000	0.000
1163	  E	  4.8	  0.1	0.000	0.000	0.000
1164	  N	  1.3	  0.1	0.000	0.000	0.000
1165	  S	  5.8	  0.3	0.000	0.000	0.000
1166	  I	  6.3	  0.2	0.000	0.000	0.000
1167	  S	  6.1	  0.3	0.358	0.000	0.000
1168	  S	  0.9	  0.2	0.463	0.000	0.000
1169	  A	  0.6	  0.1	0.463	0.000	0.000
1170	  Q	  1.6	  0.0	0.463	0.000	0.000
1171	  I	  2.6	  0.0	0.463	0.000	0.000
1172	  F	  7.9	  0.0	0.463	0.000	0.000
1173	  Q	  8.8	  0.0	0.216	0.000	0.000
1174	  Y	  7.7	  0.0	0.216	0.000	0.000
1175	  L	  2.3	  0.1	0.169	0.000	0.000
1176	  P	  0.1	  0.1	0.732	0.000	0.000
1177	  R	  1.6	  0.1	0.732	0.000	0.000
1178	  V	  2.7	  0.1	0.732	0.000	0.000
1179	  L	  4.0	  0.0	0.732	0.000	0.000
1180	  K	  2.5	  0.0	0.732	0.000	0.000
1181	  Y	  1.4	  0.1	0.732	0.000	0.000
1182	  P	  0.1	  0.3	0.000	0.000	0.000
1183	  F	  0.5	  1.3	0.000	0.000	0.000
1184	  N	  0.5	  2.2	0.000	0.000	0.000
1185	  G	  0.5	  2.1	0.000	0.000	0.000
1186	  D	  0.0	  2.7	0.129	0.000	0.000
1187	  K	  0.2	  1.6	0.129	0.000	0.000
1188	  S	  0.7	  0.8	0.248	0.000	0.000
1189	  L	  0.9	  0.9	0.248	0.000	0.000
1190	  Q	  1.2	  0.1	0.248	0.000	0.000
1191	  N	  2.0	  0.1	0.248	0.000	0.000
1192	  V	 10.4	  0.1	0.119	0.000	0.000
1193	  S	 13.1	  0.0	0.278	0.000	0.000
1194	  V	 13.0	  0.0	0.159	0.000	0.000
1195	  R	  5.1	  0.0	0.159	0.000	0.000
1196	  R	  2.3	  0.0	0.159	0.000	0.000
1197	  L	  1.3	  0.0	0.159	0.000	0.000
1198	  I	  1.0	  0.0	0.159	0.000	0.000
1199	  P	  0.1	  0.0	0.000	0.000	0.000
1200	  Y	  5.5	  0.0	0.000	0.000	0.000
1201	  T	  8.0	  0.2	0.000	0.000	0.000
1202	  A	  8.0	  0.4	0.000	0.000	0.000
1203	  S	  2.9	  0.4	0.000	0.000	0.000
1204	  N	  1.0	  0.5	0.000	0.000	0.000
1205	  I	  3.1	  0.3	0.000	0.000	0.000
1206	  D	  3.6	  0.2	0.000	0.000	0.000
1207	  Y	  9.4	  0.2	0.000	3.408	3.408
1208	  T	 16.7	  0.0	0.000	3.848	3.848
1209	  I	 30.3	  0.0	0.000	3.848	3.848
1210	  T	 26.7	  0.0	1.252	3.848	3.848
1211	  V	 18.1	  0.0	1.252	3.848	3.848
1212	  A	  3.6	  0.0	1.252	2.004	2.004
1213	  E	  2.0	  0.0	1.252	0.000	0.000
1214	  V	  4.6	  0.0	1.252	0.000	0.000
1215	  Y	  4.6	  0.0	1.252	0.000	0.000
1216	  F	  3.3	  0.2	0.305	0.000	0.000
1217	  P	  0.2	  0.5	0.000	0.000	0.000
1218	  K	  0.0	  0.6	0.000	0.000	0.000
1219	  D	  0.2	  0.6	0.000	0.000	0.000
1220	  S	  1.8	  0.4	0.398	0.000	0.000
1221	  V	  3.8	  0.1	0.398	0.000	0.000
1222	  K	  3.8	  0.1	0.398	0.000	0.000
1223	  A	  2.2	  0.3	0.398	0.327	0.327
1224	  L	  0.2	  1.4	0.398	0.712	0.712
1225	  G	  0.1	  1.4	0.398	0.712	0.712
1226	  S	  0.9	  1.2	0.209	0.712	0.712
1227	  F	  1.6	  1.1	0.000	0.712	0.712
1228	  I	  7.2	  0.0	0.000	0.712	0.712
1229	  T	  6.6	  0.0	0.000	0.267	0.267
1230	  T	  5.9	  2.2	0.000	0.000	0.000
1231	  P	  0.2	  2.4	0.000	0.000	0.000
1232	  G	  0.1	  2.4	0.131	0.000	0.000
1233	  S	  0.3	  2.4	0.959	0.000	0.000
1234	  A	  0.6	  0.2	0.959	0.000	0.000
1235	  I	  1.7	  0.0	0.959	0.000	0.000
1236	  Y	  2.7	  0.0	0.959	0.000	0.000
1237	  R	  2.5	  0.0	0.959	0.000	0.000
1238	  N	  1.2	  7.9	1.175	0.000	0.000
1239	  P	  0.0	  8.0	0.315	0.000	0.000
1240	  D	  0.1	  8.0	1.618	0.000	0.000
1241	  S	  0.6	  8.0	2.164	0.118	0.118
1242	  V	  2.8	  0.1	2.329	1.643	1.643
1243	  L	  2.9	  0.0	2.448	1.826	1.826
1244	  Q	  2.6	  0.0	2.448	1.826	1.826
1245	  A	  0.5	  0.0	2.448	2.664	2.664
1246	  L	  0.3	  0.1	2.448	3.653	3.653
1247	  A	  0.6	  0.2	2.343	3.336	3.336
1248	  S	  0.9	  0.2	2.149	3.067	3.067
1249	  L	  1.2	  0.2	0.661	3.067	3.067
1250	  I	  1.5	  0.1	0.354	3.067	3.067
1251	  D	  1.3	  0.1	0.354	0.000	0.000
1252	  S	  1.5	  0.1	0.000	0.000	0.000
1253	  R	  1.2	  0.1	0.000	0.000	0.000
1254	  I	  1.1	  0.1	0.000	0.000	0.000
1255	  P	  0.4	  0.1	0.000	0.000	0.000
1256	  L	  0.2	  0.2	0.000	0.707	0.707
1257	  T	  0.2	  0.2	0.000	0.707	0.707
1258	  G	  0.2	  0.2	0.000	0.707	0.707
1259	  L	  0.4	  0.1	0.000	0.707	0.707
1260	  V	  1.9	  0.1	0.000	0.707	0.707
1261	  T	  2.0	  0.2	0.000	0.143	0.143
1262	  D	  1.6	  0.3	0.000	0.000	0.000
1263	  D	  0.1	  0.4	0.000	0.000	0.000
1264	  Q	  0.3	  0.4	0.000	0.000	0.000
1265	  Q	  0.8	  0.2	0.000	0.000	0.000
1266	  V	  1.3	  0.2	0.000	0.000	0.000
1267	  S	  1.3	  1.4	0.000	0.000	0.000
1268	  G	  0.9	  1.6	0.000	0.000	0.000
1269	  S	  1.1	  2.7	0.000	0.000	0.000
1270	  S	  0.9	  4.3	0.000	0.000	0.000
1271	  S	  1.0	  3.8	0.000	0.000	0.000
1272	  D	  0.1	  3.6	0.000	0.000	0.000
1273	  S	  0.1	  2.5	0.000	0.000	0.000
1274	  N	  0.0	  3.6	0.157	0.000	0.000
1275	  P	  0.0	  3.0	0.157	0.000	0.000
1276	  S	  0.6	  3.5	0.157	0.000	0.000
1277	  T	  1.3	  3.5	0.157	0.000	0.000
1278	  N	  2.2	  0.9	0.157	0.000	0.000
1279	  S	  2.3	  1.0	0.157	0.000	0.000
1280	  Y	  1.7	  4.5	0.000	0.000	0.000
1281	  G	  0.8	  4.4	0.000	0.000	0.000
1282	  S	  2.6	  4.9	0.000	0.000	0.000
1283	  M	  5.2	  4.6	0.000	0.000	0.000
1284	  D	  6.2	  0.7	0.000	0.000	0.000
1285	  I	  6.6	  0.7	0.000	0.000	0.000
1286	  V	  4.0	  0.1	0.000	0.000	0.000
1287	  S	  3.0	  0.1	0.000	0.000	0.000
1288	  N	  0.7	  0.1	0.000	0.000	0.000
1289	  T	  2.2	  0.1	0.136	0.000	0.000
1290	  K	  4.2	  0.0	0.136	0.000	0.000
1291	  V	  4.4	  0.2	0.136	0.000	0.000
1292	  A	  2.7	  0.3	0.136	0.000	0.000
1293	  D	  0.6	  1.9	0.355	0.000	0.000
1294	  K	  0.0	  2.0	0.355	0.000	0.000
1295	  G	  0.1	  1.8	0.219	0.000	0.000
1296	  R	  1.5	  1.7	0.219	0.000	0.000
1297	  I	  2.6	  0.0	0.219	1.893	1.893
1298	  A	  2.6	  0.1	0.219	2.018	2.018
1299	  G	  1.4	  0.1	0.219	2.018	2.018
1300	  I	 13.3	  0.1	0.000	2.585	2.585
1301	  T	 13.6	  0.2	0.435	2.593	2.593
1302	  I	 13.4	  0.3	0.435	2.521	2.521
1303	  G	  0.4	  0.3	0.567	0.964	0.964
1304	  A	  0.1	  0.3	0.567	0.902	0.902
1305	  A	  0.1	  0.7	0.567	0.617	0.617
1306	  A	  0.1	  0.9	0.567	0.431	0.431
1307	  G	  0.0	  0.9	3.036	0.407	0.407
1308	  C	  0.1	  0.9	4.719	1.482	1.482
1309	  G	  0.1	  0.5	17.543	7.808	7.808
1310	  L	  0.5	  0.0	19.907	78.045	78.045
1311	  Y	  0.7	  0.1	24.697	88.623	88.623
1312	  M	  2.1	  0.1	26.538	91.686	91.686
1313	  T	  2.1	  0.1	42.221	94.158	94.158
1314	  L	  2.4	  0.1	42.550	97.942	97.942
1315	  M	  2.2	  0.0	42.613	98.455	98.455
1316	  V	  3.8	  0.0	42.589	98.394	98.394
1317	  L	  3.6	  0.0	42.589	97.605	97.605
1318	  L	  2.4	  0.0	42.589	92.906	92.906
1319	  F	  1.1	  0.0	42.236	78.607	78.607
1320	  R	  1.0	  0.0	33.622	0.000	0.000
1321	  K	  1.4	  0.0	24.908	0.000	0.000
1322	  F	  1.5	  0.0	17.786	0.000	0.000
1323	  R	  1.4	  0.1	13.184	0.000	0.000
1324	  K	  0.9	  0.3	8.833	0.000	0.000
1325	  S	  0.1	  0.3	4.356	0.000	0.000
1326	  N	  0.0	  0.3	3.154	0.000	0.000
1327	  K	  0.1	  0.2	1.059	0.000	0.000
1328	  A	  0.2	  0.0	0.435	0.000	0.000
1329	  L	  1.5	  0.0	0.435	0.000	0.000
1330	  E	  1.4	  0.0	0.435	0.000	0.000
1331	  L	  1.4	  0.0	0.435	0.000	0.000
1332	  P	  0.1	  0.0	0.000	0.000	0.000
1333	  I	  0.5	  0.0	0.000	0.000	0.000
1334	  T	  1.0	  0.1	0.000	0.000	0.000
1335	  D	  1.1	  0.3	0.000	0.000	0.000
1336	  S	  0.8	  1.6	0.140	0.000	0.000
1337	  E	  0.2	  1.7	0.140	0.000	0.000
1338	  S	  0.2	  1.7	0.140	0.000	0.000
1339	  N	  0.0	  1.6	0.140	0.000	0.000
1340	  L	  0.1	  0.3	0.140	0.000	0.000
1341	  G	  0.1	  0.2	0.140	0.000	0.000
1342	  F	  0.4	  0.4	0.140	0.000	0.000
1343	  S	  0.3	  0.3	0.000	0.000	0.000
1344	  D	  0.2	  4.4	0.000	0.000	0.000
1345	  E	  0.0	  4.4	0.000	0.000	0.000
1346	  D	  0.1	  4.9	0.109	0.000	0.000
1347	  S	  0.2	  4.8	0.261	0.000	0.000
1348	  S	  0.3	  0.8	0.459	0.000	0.000
1349	  M	  0.4	  0.7	0.459	0.000	0.000
1350	  L	  0.4	  0.1	0.459	0.000	0.000
1351	  E	  0.3	  0.2	0.459	0.000	0.000
1352	  S	  1.0	  2.9	0.459	0.000	0.000
1353	  S	  0.9	  3.3	0.198	0.000	0.000
1354	  S	  0.9	  3.2	0.000	0.000	0.000
1355	  G	  0.1	  3.1	0.000	0.436	0.436
1356	  F	  3.7	  0.5	0.000	5.896	5.896
1357	  S	  4.0	  0.1	0.196	5.896	5.896
1358	  A	  4.1	  0.0	0.196	5.896	5.896
1359	  I	  1.4	  0.0	0.196	5.896	5.896
1360	  F	  2.4	  0.1	0.196	5.896	5.896
1361	  S	  2.6	  0.1	0.196	0.608	0.608
1362	  R	 16.1	  0.1	0.196	0.000	0.000
1363	  I	 15.1	  0.1	0.101	0.000	0.000
1364	  N	 14.8	  0.3	0.101	0.000	0.000
1365	  H	  0.5	  1.4	0.000	0.000	0.000
1366	  G	  0.0	  1.4	0.000	0.000	0.000
1367	  G	  0.0	  1.4	0.000	0.000	0.000
1368	  V	  1.2	  1.1	0.000	0.000	0.000
1369	  L	  1.3	  0.1	0.000	0.000	0.000
1370	  T	  1.3	  0.1	0.000	0.000	0.000
1371	  G	  0.1	  0.1	0.000	0.000	0.000
1372	  D	  0.0	 26.6	0.000	0.000	0.000
1373	  P	  0.0	 26.6	0.000	0.000	0.000
1374	  N	  0.0	 26.8	0.000	0.000	0.000
1375	  G	  0.0	 26.8	0.000	0.000	0.000
1376	  G	  0.0	  1.2	0.000	0.000	0.000
1377	  G	  0.0	  1.2	0.000	0.000	0.000
1378	  D	  0.0	  1.1	0.138	0.000	0.000
1379	  D	  0.0	  1.0	0.446	0.000	0.000
1380	  M	  1.3	  0.2	0.446	0.000	0.000
1381	  M	  2.6	  0.0	0.446	0.000	0.000
1382	  M	  3.2	  0.1	0.446	0.000	0.000
1383	  M	  2.1	  0.2	0.446	0.000	0.000
1384	  N	  0.8	  0.9	0.308	0.000	0.000
1385	  N	  0.2	  1.7	0.119	0.000	0.000
1386	  N	  0.0	  2.3	0.000	0.000	0.000
1387	  N	  0.0	  2.5	0.000	0.000	0.000
1388	  N	  0.0	  1.8	0.000	0.000	0.000
1389	  N	  1.3	  1.0	0.000	0.000	0.000
1390	  L	  1.4	  0.3	0.000	0.000	0.000
1391	  R	  1.4	  1.0	0.000	0.000	0.000
1392	  P	  0.2	  1.0	0.000	0.000	0.000
1393	  N	  0.2	  1.0	0.000	0.000	0.000
1394	  N	  1.3	  1.2	0.000	0.000	0.000
1395	  I	  1.8	  0.3	0.000	0.000	0.000
1396	  S	  1.7	  0.2	0.000	0.000	0.000
1397	  E	  0.5	  0.2	0.000	0.000	0.000
1398	  P	  0.0	  0.0	0.000	0.000	0.000
1399	  V	  1.2	  0.0	0.000	0.000	0.000
1400	  Q	  1.3	  0.2	0.000	0.000	0.000
1401	  A	  1.4	  0.4	0.000	0.000	0.000
1402	  S	  0.3	  0.6	0.000	0.000	0.000
1403	  N	  0.1	  0.9	0.000	0.000	0.000
1404	  S	  0.3	  1.0	0.000	0.137	0.137
1405	  L	  0.2	  0.7	0.000	0.137	0.137
1406	  G	  0.2	  0.5	0.000	0.137	0.137
1407	  W	  0.8	  0.2	0.000	0.137	0.137
1408	  Y	  0.7	  0.0	0.000	0.137	0.137
1409	  H	  0.7	  0.0	0.000	0.000	0.000
