res	aa	Beta	Turn	Helix	Aggregation	Conc-Stab_Aggregation
01	  M	  0.4	  0.0	0.000	0.000	0.000
02	  N	  0.5	  0.1	0.155	0.000	0.000
03	  A	  0.5	  0.2	0.155	0.000	0.000
04	  R	  0.4	  0.2	0.155	0.000	0.000
05	  T	  1.9	  0.2	0.155	0.000	0.000
06	  T	  2.1	  0.1	0.155	0.000	0.000
07	  L	  1.8	  0.3	0.155	0.000	0.000
08	  P	  0.2	  0.3	0.000	0.000	0.000
09	  S	  5.5	  0.4	0.000	0.000	0.000
10	  I	  6.1	  0.5	0.000	0.000	0.000
11	  S	  6.8	  0.9	0.000	0.000	0.000
12	  S	  1.5	  0.9	0.000	0.000	0.000
13	  S	  2.2	  1.7	0.000	0.000	0.000
14	  Q	  2.0	  1.7	0.000	0.000	0.000
15	  S	  9.6	  2.4	0.000	0.000	0.000
16	  C	  8.4	  3.0	0.000	0.000	0.000
17	  N	  7.8	  3.2	0.000	0.000	0.000
18	  G	  0.1	  3.2	0.000	0.000	0.000
19	  G	  0.0	  2.4	0.000	0.000	0.000
20	  K	  0.1	  1.8	0.000	0.000	0.000
21	  S	  0.1	  0.8	0.000	0.000	0.000
22	  G	  0.2	  0.7	0.000	0.000	0.000
23	  I	  1.5	  0.3	0.000	0.000	0.000
24	  K	  1.9	  0.2	0.000	0.000	0.000
25	  S	  1.9	  0.2	0.000	0.000	0.000
26	  K	  0.8	  0.2	0.000	0.000	0.000
27	  A	  0.4	  0.1	0.000	0.000	0.000
28	  S	  0.3	  0.0	0.147	0.000	0.000
29	  P	  0.0	  0.0	0.147	0.196	0.196
30	  I	  4.5	  0.0	0.147	20.245	20.245
31	  N	  4.6	  0.0	0.586	21.238	21.238
32	  F	  5.3	  0.0	0.695	30.612	30.612
33	  L	  1.0	  0.0	0.695	30.612	30.612
34	  L	  0.9	  0.2	0.695	30.612	30.612
35	  A	  1.6	  0.2	0.695	21.970	21.970
36	  T	  1.4	  0.2	0.695	14.099	14.099
37	  Y	  1.4	  0.2	0.695	0.302	0.302
38	  P	  0.0	  1.5	0.000	0.000	0.000
39	  P	  0.0	  1.5	0.000	0.000	0.000
40	  N	  2.0	  1.5	0.000	0.000	0.000
41	  C	 10.5	  1.5	0.000	2.039	2.039
42	  C	 11.4	  0.0	0.000	3.106	3.106
43	  L	 10.8	  0.0	0.000	3.538	3.538
44	  I	  5.0	  0.0	0.000	3.538	3.538
45	  V	  4.2	  0.1	0.000	3.538	3.538
46	  S	  2.9	  0.1	0.000	1.726	1.726
47	  N	  1.4	  0.7	0.000	0.432	0.432
48	  V	  1.5	  1.0	0.000	0.432	0.432
49	  D	  1.6	  0.9	0.000	0.000	0.000
50	  D	  1.0	  0.9	0.000	0.000	0.000
51	  F	  0.8	  0.2	0.000	0.000	0.000
52	  V	  0.8	  0.0	0.000	0.000	0.000
53	  P	  0.2	  0.0	0.000	0.000	0.000
54	  I	  1.7	  0.0	0.000	0.000	0.000
55	  C	  3.2	  0.0	0.000	0.000	0.000
56	  L	  3.3	  0.0	0.000	0.000	0.000
57	  S	  2.4	  0.1	0.000	0.000	0.000
58	  T	  1.7	  0.1	0.000	0.000	0.000
59	  T	  1.5	  0.1	0.000	0.000	0.000
60	  D	  0.8	  0.4	0.285	0.000	0.000
61	  P	  0.0	  0.3	0.285	0.000	0.000
62	  H	  0.7	  0.5	0.285	0.000	0.000
63	  L	  2.8	  0.5	0.285	0.000	0.000
64	  S	  4.3	  0.1	0.285	0.000	0.000
65	  F	  5.7	  0.1	0.285	0.000	0.000
66	  K	  3.7	  0.0	0.000	0.000	0.000
67	  F	  2.2	  1.5	0.000	0.000	0.000
68	  P	  0.1	  1.5	0.000	0.000	0.000
69	  N	  0.5	  1.5	0.000	0.000	0.000
70	  I	  3.1	  1.5	0.000	0.000	0.000
71	  H	  4.4	  0.0	0.000	0.000	0.000
72	  W	  4.9	  0.0	0.000	0.000	0.000
73	  K	  3.0	  0.0	0.000	0.000	0.000
74	  I	  2.2	  0.1	0.000	0.000	0.000
75	  S	  1.9	  0.2	0.000	0.000	0.000
76	  S	  8.8	  0.6	0.000	0.000	0.000
77	  C	  8.6	  0.6	0.000	0.000	0.000
78	  N	  8.0	  0.6	0.000	0.000	0.000
79	  H	  0.6	  0.5	0.000	0.000	0.000
80	  S	  5.1	  0.3	0.000	0.000	0.000
81	  I	 10.1	  0.3	0.000	0.000	0.000
82	  S	 17.2	  1.5	0.000	0.000	0.000
83	  C	 12.7	  2.6	0.000	0.000	0.000
84	  N	  7.6	  2.7	0.000	0.000	0.000
85	  G	  0.2	  2.7	0.000	0.000	0.000
86	  S	  0.3	  1.4	0.000	0.000	0.000
87	  Y	  0.3	  0.5	0.000	0.000	0.000
88	  P	  0.2	  0.2	0.000	0.000	0.000
89	  L	  0.9	  0.2	0.000	0.148	0.148
90	  V	  7.5	  0.2	0.000	0.148	0.148
91	  A	  7.5	  0.0	0.000	0.148	0.148
92	  L	  6.7	  0.4	0.000	0.148	0.148
93	  P	  0.0	  0.4	0.000	0.148	0.148
94	  S	  2.9	  1.3	0.000	0.000	0.000
95	  A	  3.3	  1.3	0.000	0.000	0.000
96	  S	  4.6	  0.9	0.000	0.000	0.000
97	  V	  2.4	  0.9	0.000	0.000	0.000
98	  V	  1.9	  0.2	0.000	0.000	0.000
99	  P	  0.5	  0.2	0.000	0.000	0.000
100	  S	  2.9	  1.0	0.446	0.000	0.000
101	  A	  3.0	  1.1	0.446	0.000	0.000
102	  S	  3.4	  0.8	0.576	0.000	0.000
103	  T	  2.7	  0.8	0.761	0.000	0.000
104	  I	  4.2	  0.1	0.761	0.000	0.000
105	  C	  9.5	  0.0	0.761	0.000	0.000
106	  I	  8.4	  0.0	0.647	0.000	0.000
107	  K	  6.9	  0.1	0.647	0.000	0.000
108	  Q	  1.2	  0.1	0.338	0.000	0.000
109	  S	  2.9	  1.0	0.000	0.000	0.000
110	  A	  3.2	  0.9	0.000	0.000	0.000
111	  S	  4.7	  0.9	0.582	0.000	0.000
112	  V	  4.8	  0.9	0.582	0.000	0.000
113	  K	  4.5	  0.1	0.582	0.000	0.000
114	  S	  3.4	  0.1	1.589	0.000	0.000
115	  L	  0.8	  0.3	1.589	0.000	0.000
116	  K	  0.7	  0.2	1.589	0.000	0.000
117	  N	  1.1	  0.2	1.410	0.000	0.000
118	  L	  0.9	  0.2	1.279	0.000	0.000
119	  F	  0.9	  0.0	1.279	0.000	0.000
120	  P	  0.1	  0.0	0.000	0.000	0.000
121	  N	  0.0	  0.0	0.000	0.000	0.000
122	  P	  0.0	  0.0	0.000	0.000	0.000
123	  S	  0.0	  0.3	0.291	0.000	0.000
124	  P	  0.0	  0.3	0.291	0.000	0.000
125	  K	  0.4	  0.3	0.291	0.000	0.000
126	  W	  0.9	  0.4	0.291	0.000	0.000
127	  A	  1.0	  0.1	0.291	0.000	0.000
128	  F	  0.7	  0.9	0.291	0.000	0.000
129	  G	  0.2	  0.9	0.000	0.000	0.000
130	  T	  0.1	  0.8	0.000	0.000	0.000
131	  N	  0.1	  0.9	0.644	0.000	0.000
132	  P	  0.0	  0.3	0.644	0.000	0.000
133	  A	  0.2	  0.3	0.644	0.000	0.000
134	  T	  0.2	  0.6	0.644	0.000	0.000
135	  S	  0.3	  0.8	0.644	0.000	0.000
136	  N	  0.2	  0.7	0.644	0.000	0.000
137	  N	  2.8	  0.7	0.139	0.000	0.000
138	  I	  4.8	  0.3	0.000	0.000	0.000
139	  I	  4.8	  0.0	0.000	0.000	0.000
140	  G	  2.1	  0.0	0.000	0.000	0.000
141	  T	  0.1	  0.2	0.000	0.000	0.000
142	  P	  0.0	  0.2	0.000	0.000	0.000
143	  L	  0.1	  0.2	0.000	0.000	0.000
144	  F	  0.1	  0.3	0.000	0.000	0.000
145	  P	  0.1	  0.2	0.000	0.000	0.000
146	  L	  0.3	  0.3	0.000	0.000	0.000
147	  R	  3.4	  0.3	0.000	0.000	0.000
148	  Q	  3.6	  0.1	0.000	0.000	0.000
149	  Y	  3.3	  0.1	0.000	0.000	0.000
150	  P	  0.2	  0.0	0.000	0.000	0.000
