res	aa	Beta	Turn	Helix	Aggregation	Conc-Stab_Aggregation
01	  M	  0.5	  0.0	0.000	0.000	0.000
02	  R	  0.7	  0.4	0.000	0.000	0.000
03	  A	  0.8	  0.4	0.000	0.604	0.604
04	  N	  0.4	  0.4	0.945	1.871	1.871
05	  Y	  0.9	  0.3	0.945	74.931	74.931
06	  L	  1.7	  0.0	0.945	92.949	92.949
07	  L	  2.5	  0.0	0.945	95.707	95.707
08	  L	  2.0	  0.0	0.945	96.136	96.136
09	  L	  1.2	  0.0	0.945	96.161	96.161
10	  A	  0.3	  0.0	0.764	86.983	86.983
11	  A	  0.3	  0.0	0.420	77.058	77.058
12	  T	  1.0	  0.0	0.000	68.330	68.330
13	  A	  1.4	  0.0	0.000	63.041	63.041
14	  V	  2.5	  0.0	0.000	58.552	58.552
15	  Q	  1.7	  0.0	0.000	4.184	4.184
16	  A	  1.3	  0.0	0.000	1.929	1.929
17	  A	  0.1	  0.0	0.000	0.018	0.018
18	  P	  0.0	  0.0	0.000	0.010	0.010
19	  F	  1.2	  0.0	0.000	0.000	0.000
20	  I	  3.3	  0.1	0.000	0.000	0.000
21	  K	  3.5	  0.1	0.000	0.000	0.000
22	  R	  3.6	  0.1	0.000	0.000	0.000
23	  Y	  2.4	  0.3	0.000	0.000	0.000
24	  E	  2.3	  0.2	0.000	0.000	0.000
25	  N	  1.3	  0.3	0.000	0.000	0.000
26	  T	  2.0	  0.3	0.000	0.000	0.000
27	  T	  2.0	  0.1	0.000	0.000	0.000
28	  A	  1.7	  0.1	0.000	0.000	0.000
29	  P	  0.1	  0.2	0.000	0.000	0.000
30	  A	  0.2	  0.2	0.000	0.000	0.000
31	  S	  0.3	  0.3	0.000	0.000	0.000
32	  Q	  1.1	  0.3	0.000	0.000	0.000
33	  L	  1.0	  0.2	0.000	0.000	0.000
34	  S	  2.9	  0.3	0.000	0.000	0.000
35	  T	  2.7	  0.3	0.000	0.000	0.000
36	  S	  2.6	  0.3	0.138	0.000	0.000
37	  L	  0.6	  1.2	0.138	0.000	0.000
38	  A	  0.1	  1.3	0.138	0.000	0.000
39	  D	  0.0	  2.3	0.138	0.000	0.000
40	  G	  0.0	  2.3	0.138	0.000	0.000
41	  S	  0.7	  1.4	0.138	0.000	0.000
42	  T	  1.7	  1.1	0.000	0.127	0.127
43	  T	  4.3	  0.1	0.000	0.127	0.127
44	  I	  4.7	  0.0	0.000	0.127	0.127
45	  L	  3.7	  0.5	0.000	0.127	0.127
46	  G	  1.1	  0.6	0.000	0.127	0.127
47	  S	  0.9	  1.4	0.000	0.000	0.000
48	  S	  1.7	  2.2	0.000	0.000	0.000
49	  S	  2.5	  2.5	0.000	0.000	0.000
50	  S	  1.8	  2.3	0.000	0.000	0.000
51	  S	  4.7	  1.5	0.000	0.000	0.000
52	  V	  4.4	  0.8	0.000	0.000	0.000
53	  E	  4.2	  0.2	0.000	0.000	0.000
54	  E	  0.5	  0.2	0.000	0.000	0.000
55	  D	  0.0	  0.3	0.000	0.000	0.000
56	  E	  0.0	  0.2	0.000	0.000	0.000
57	  T	 11.3	  0.1	0.000	2.191	2.191
58	  I	 13.3	  0.1	0.000	10.897	10.897
59	  T	 13.9	  0.1	0.000	12.675	12.675
60	  S	  3.2	  0.1	0.000	15.509	15.509
61	  T	  5.2	  0.1	0.000	38.330	38.330
62	  I	  7.1	  0.1	0.000	75.991	75.991
63	  V	  9.0	  0.0	0.000	78.987	78.987
64	  Q	  5.9	  0.0	0.000	78.719	78.719
65	  Y	  3.9	  0.0	0.000	80.941	80.941
66	  V	 18.2	  0.0	0.000	80.783	80.783
67	  T	 25.7	  0.0	0.000	75.210	75.210
68	  V	 27.1	  0.0	0.000	71.708	71.708
69	  T	 12.7	  0.1	0.000	29.279	29.279
70	  S	  3.1	  1.2	0.000	1.618	1.618
71	  S	  1.0	  1.2	0.000	0.129	0.129
72	  D	  0.2	  1.2	0.000	0.000	0.000
73	  T	  3.5	  1.1	0.000	0.000	0.000
74	  T	  8.3	  0.1	0.000	0.000	0.000
75	  Y	  9.6	  0.0	0.000	0.165	0.165
76	  V	  8.2	  0.0	0.000	0.165	0.165
77	  S	  4.1	  0.2	0.000	0.165	0.165
78	  A	  2.6	  0.2	0.000	0.165	0.165
79	  T	  1.3	  0.3	0.000	0.165	0.165
80	  N	  0.7	  0.3	0.000	0.000	0.000
81	  T	  3.3	  0.1	0.000	0.267	0.267
82	  L	  3.0	  0.0	0.000	0.712	0.712
83	  T	  4.5	  0.0	0.000	0.712	0.712
84	  T	  2.6	  0.0	0.000	0.712	0.712
85	  T	  4.9	  0.0	0.000	0.712	0.712
86	  L	  3.6	  0.0	0.000	0.712	0.712
87	  T	  8.2	  0.0	0.000	0.000	0.000
88	  T	  5.7	  0.0	0.000	0.000	0.000
89	  K	  5.5	  0.0	0.000	0.000	0.000
90	  P	  0.2	  0.0	0.000	0.000	0.000
91	  T	  0.0	  0.0	0.000	0.000	0.000
92	  P	  0.0	  0.0	0.000	0.000	0.000
93	  V	  4.2	  0.0	0.000	0.000	0.000
94	  I	  7.7	  0.0	0.000	0.000	0.000
95	  T	  8.0	  0.0	0.000	0.000	0.000
96	  T	  3.9	  0.1	0.000	0.000	0.000
97	  E	  0.4	  0.1	0.000	0.000	0.000
98	  A	  0.1	  0.5	0.000	0.000	0.000
99	  E	  0.1	  0.5	0.000	0.000	0.000
100	  D	  0.0	  0.6	0.000	0.000	0.000
101	  D	  0.0	  0.9	0.000	0.000	0.000
102	  E	  0.0	  0.7	0.000	0.000	0.000
103	  E	  0.1	  0.7	0.000	0.000	0.000
104	  D	  0.1	  0.6	0.000	0.000	0.000
105	  N	  0.0	  0.4	0.000	0.000	0.000
106	  E	  0.0	  0.2	0.000	0.000	0.000
107	  T	 11.5	  0.1	0.000	4.110	4.110
108	  I	 13.6	  0.1	0.000	11.029	11.029
109	  T	 14.3	  0.1	0.129	12.414	12.414
110	  S	  3.3	  0.1	0.240	14.658	14.658
111	  T	  3.3	  0.1	0.240	32.726	32.726
112	  I	  3.7	  0.1	0.240	62.544	62.544
113	  L	  4.5	  0.0	0.240	64.889	64.889
114	  Q	  3.3	  0.0	0.240	64.785	64.785
115	  Y	  2.8	  0.0	0.240	68.485	68.485
116	  V	 18.7	  0.0	0.000	68.388	68.388
117	  T	 26.2	  0.0	0.000	63.797	63.797
118	  V	 27.6	  0.0	0.000	60.918	60.918
119	  T	 12.9	  0.1	0.000	25.976	25.976
120	  S	  3.1	  1.2	0.000	1.421	1.421
121	  S	  1.0	  1.2	0.000	0.102	0.102
122	  D	  0.2	  1.2	0.000	0.000	0.000
123	  T	  3.5	  1.1	0.000	0.000	0.000
124	  T	  8.3	  0.1	0.000	0.000	0.000
125	  Y	  9.6	  0.0	0.000	0.165	0.165
126	  V	  8.2	  0.0	0.000	0.165	0.165
127	  S	  4.1	  0.2	0.000	0.165	0.165
128	  A	  2.6	  0.2	0.000	0.165	0.165
129	  T	  1.3	  0.3	0.000	0.165	0.165
130	  N	  0.7	  0.3	0.000	0.000	0.000
131	  T	  3.3	  0.1	0.000	0.265	0.265
132	  L	  3.0	  0.0	0.000	0.705	0.705
133	  T	  4.5	  0.1	0.000	0.705	0.705
134	  T	  2.6	  0.0	0.000	0.705	0.705
135	  T	  5.0	  0.0	0.000	0.705	0.705
136	  L	  3.7	  0.0	0.000	0.705	0.705
137	  T	  5.5	  0.0	0.549	0.000	0.000
138	  T	  3.3	  0.1	0.748	0.000	0.000
139	  K	  3.1	  0.1	0.748	0.000	0.000
140	  A	  0.6	  0.0	0.748	0.000	0.000
141	  A	  0.2	  0.1	0.748	0.000	0.000
142	  E	  0.2	  0.0	0.748	0.000	0.000
143	  A	  0.3	  0.0	0.397	0.000	0.000
144	  T	  0.5	  0.2	0.000	0.000	0.000
145	  E	  0.3	  0.2	0.000	0.000	0.000
146	  S	  0.3	  0.3	0.301	0.000	0.000
147	  E	  0.0	  0.3	0.301	0.000	0.000
148	  E	  0.0	  0.2	0.301	0.000	0.000
149	  E	  0.0	  0.3	0.301	0.000	0.000
150	  E	  0.0	  0.2	0.301	0.000	0.000
151	  N	  0.0	  0.2	0.301	0.000	0.000
152	  E	  0.0	  0.2	0.120	0.000	0.000
153	  T	 11.5	  0.1	0.000	4.108	4.108
154	  I	 13.6	  0.1	0.000	11.023	11.023
155	  T	 14.2	  0.1	0.129	12.408	12.408
156	  S	  3.3	  0.1	0.240	14.652	14.652
157	  T	  3.3	  0.1	0.240	32.720	32.720
158	  I	  3.7	  0.1	0.240	62.538	62.538
159	  L	  4.5	  0.0	0.240	64.884	64.884
160	  Q	  3.3	  0.0	0.240	64.779	64.779
161	  Y	  2.8	  0.0	0.240	68.480	68.480
162	  V	 18.7	  0.0	0.000	68.382	68.382
163	  T	 26.2	  0.0	0.000	63.792	63.792
164	  V	 27.6	  0.0	0.000	60.913	60.913
165	  T	 12.9	  0.1	0.000	25.974	25.974
166	  S	  3.1	  1.2	0.000	1.421	1.421
167	  S	  1.0	  1.2	0.000	0.102	0.102
168	  D	  0.2	  1.2	0.000	0.000	0.000
169	  T	  3.5	  1.1	0.000	0.113	0.113
170	  T	  8.3	  0.1	0.000	0.416	0.416
171	  Y	  9.6	  0.0	0.000	0.796	0.796
172	  V	  8.2	  0.0	0.000	0.796	0.796
173	  S	  4.0	  0.2	0.000	0.796	0.796
174	  A	  2.5	  0.2	0.000	0.796	0.796
175	  T	  1.2	  0.2	0.000	0.796	0.796
176	  N	  1.7	  0.2	0.000	0.637	0.637
177	  T	 12.9	  0.1	0.000	3.859	3.859
178	  I	 14.6	  0.0	0.000	8.626	8.626
179	  T	 14.2	  0.0	0.000	8.626	8.626
180	  S	  3.5	  0.0	0.269	8.626	8.626
181	  V	  2.6	  0.0	0.269	8.626	8.626
182	  L	  2.1	  0.0	0.269	8.272	8.272
183	  T	  4.3	  0.0	0.476	2.622	2.622
184	  T	  3.3	  0.1	0.633	0.943	0.943
185	  K	  3.2	  0.1	0.633	0.000	0.000
186	  A	  0.7	  0.0	0.364	0.000	0.000
187	  A	  0.8	  0.0	0.364	0.000	0.000
188	  V	  1.5	  0.0	0.364	0.000	0.000
189	  S	  2.0	  0.6	0.364	0.000	0.000
190	  T	  1.6	  0.7	0.000	0.000	0.000
191	  N	  0.7	  0.7	0.000	0.000	0.000
192	  D	  0.9	  0.9	0.115	0.000	0.000
193	  V	  1.2	  0.4	0.115	0.000	0.000
194	  S	  1.2	  2.4	1.726	0.000	0.000
195	  E	  0.4	  2.4	1.726	0.000	0.000
196	  N	  0.1	  2.3	1.726	0.000	0.000
197	  A	  0.1	  2.3	1.726	0.000	0.000
198	  K	  0.2	  0.2	1.726	0.000	0.000
199	  A	  0.2	  0.2	1.612	0.000	0.000
200	  A	  0.3	  0.0	0.812	0.000	0.000
201	  T	  0.5	  0.0	0.000	0.000	0.000
202	  T	  0.5	  0.5	0.000	0.000	0.000
203	  E	  0.3	  0.9	0.000	0.000	0.000
204	  D	  0.1	  1.6	0.000	0.000	0.000
205	  D	  0.0	  1.9	0.000	0.000	0.000
206	  G	  0.0	  1.5	0.000	0.000	0.000
207	  E	  0.2	  1.2	0.000	0.000	0.000
208	  T	  1.7	  0.4	0.000	0.069	0.069
209	  T	  4.1	  0.1	0.000	0.251	0.251
210	  T	  4.7	  0.1	0.000	1.238	1.238
211	  S	  3.6	  0.1	0.000	2.878	2.878
212	  T	 11.9	  0.1	0.000	16.157	16.157
213	  I	 13.1	  0.1	0.000	37.907	37.907
214	  T	 12.9	  0.0	0.000	39.482	39.482
215	  S	  2.7	  0.0	0.000	41.781	41.781
216	  I	  3.9	  0.0	0.000	48.667	48.667
217	  V	 11.7	  0.0	0.000	48.486	48.486
218	  T	 20.7	  0.0	0.000	42.217	42.217
219	  I	 17.9	  0.0	0.000	38.251	38.251
220	  T	 10.4	  0.0	0.000	18.624	18.624
221	  D	  0.4	  9.8	0.000	0.000	0.000
222	  A	  0.1	 10.4	0.000	0.000	0.000
223	  N	  0.0	 12.4	0.000	0.000	0.000
224	  G	  0.0	 12.4	0.000	0.000	0.000
225	  N	  0.2	  2.7	0.000	0.000	0.000
226	  T	  0.5	  2.1	0.000	0.000	0.000
227	  E	  0.9	  0.0	0.000	0.000	0.000
228	  V	  2.3	  0.0	0.000	0.000	0.000
229	  L	  2.0	  0.0	0.000	0.000	0.000
230	  T	  1.9	  0.0	0.536	0.000	0.000
231	  E	  2.0	  0.0	0.536	0.000	0.000
232	  V	  3.1	  0.0	0.536	0.000	0.000
233	  A	  2.8	  0.0	0.536	0.000	0.000
234	  A	  1.2	  0.1	0.536	0.000	0.000
235	  E	  0.1	  0.1	0.536	0.000	0.000
236	  T	  0.2	  0.4	0.000	0.000	0.000
237	  S	  0.2	  0.7	0.000	0.000	0.000
238	  G	  0.1	  0.7	0.117	0.000	0.000
239	  A	  0.0	  1.0	0.117	0.000	0.000
240	  E	  0.0	  0.7	0.117	0.000	0.000
241	  D	  0.0	  1.6	0.117	0.000	0.000
242	  A	  0.6	  1.4	0.117	0.000	0.000
243	  S	  3.5	  1.1	0.117	0.000	0.000
244	  Y	  7.1	  1.1	0.117	0.000	0.000
245	  C	  6.7	  0.0	0.000	0.000	0.000
246	  V	  3.9	  0.0	0.000	0.000	0.000
247	  P	  0.2	  0.0	0.000	0.075	0.075
248	  T	  1.3	  0.0	0.000	11.028	11.028
249	  T	  8.7	  0.0	0.000	27.738	27.738
250	  V	 21.6	  0.0	0.000	54.006	54.006
251	  T	 27.7	  0.0	0.000	54.699	54.699
252	  V	 34.1	  0.0	0.000	55.226	55.226
253	  T	 27.8	  0.0	0.000	54.337	54.337
254	  V	 22.2	  0.0	0.000	52.912	52.912
255	  T	  9.5	  0.0	0.000	17.712	17.712
256	  A	  2.1	  0.0	0.000	8.411	8.411
257	  E	  0.3	  0.1	0.000	0.000	0.000
258	  Q	  0.2	  0.1	0.000	0.000	0.000
259	  T	  0.3	  0.1	0.000	0.000	0.000
260	  S	  0.3	  0.1	0.000	0.000	0.000
261	  E	  0.7	  0.1	0.000	0.000	0.000
262	  V	  4.8	  0.1	0.000	30.055	30.055
263	  V	  5.6	  0.0	0.000	32.305	32.305
264	  S	  5.5	  0.0	0.000	32.305	32.305
265	  T	  5.8	  0.0	0.000	32.305	32.305
266	  I	  6.7	  0.0	0.000	32.305	32.305
267	  V	  7.7	  0.0	0.000	30.056	30.056
268	  H	  3.8	  0.0	0.000	0.564	0.564
269	  T	  4.3	  0.1	0.000	0.277	0.277
270	  T	  4.0	  0.1	0.000	0.104	0.104
271	  Q	  3.5	  0.1	0.000	0.000	0.000
272	  V	  1.3	  0.0	0.000	0.000	0.000
273	  P	  0.1	  0.0	0.000	0.000	0.000
274	  L	  0.7	  0.0	0.000	0.000	0.000
275	  T	  1.0	  0.0	0.000	0.000	0.000
276	  A	  1.1	  0.0	0.000	0.000	0.000
277	  E	  2.7	  0.0	0.000	0.000	0.000
278	  F	  7.0	  0.0	0.000	0.000	0.000
279	  T	  8.2	  0.2	0.000	0.000	0.000
280	  L	  6.0	  0.3	0.000	0.000	0.000
281	  D	  1.5	  0.4	0.000	0.000	0.000
282	  D	  0.3	  0.4	0.000	0.000	0.000
283	  T	  1.8	  0.3	0.000	0.000	0.000
284	  T	  3.5	  0.2	0.000	0.000	0.000
285	  T	  4.1	  0.1	0.000	0.211	0.211
286	  T	  5.1	  0.0	0.000	0.563	0.563
287	  L	  4.0	  0.0	0.000	1.148	1.148
288	  T	  4.4	  0.0	0.000	1.148	1.148
289	  S	  2.3	  0.0	0.000	1.148	1.148
290	  W	  2.5	  0.1	0.000	1.148	1.148
291	  V	  3.6	  0.1	0.000	1.148	1.148
292	  D	  3.2	  0.1	0.000	0.000	0.000
293	  L	  2.9	  0.1	0.000	0.000	0.000
294	  T	  1.5	  0.1	0.000	0.000	0.000
295	  S	  1.7	  0.6	0.000	0.000	0.000
296	  T	  1.3	  0.6	0.000	0.000	0.000
297	  D	  0.7	  0.6	0.000	0.000	0.000
298	  L	  0.5	  0.5	0.000	8.403	8.403
299	  V	  9.4	  0.0	0.000	8.553	8.553
300	  T	 19.7	  0.0	0.000	8.553	8.553
301	  I	 21.3	  0.0	0.000	8.553	8.553
302	  T	 13.7	  0.1	0.000	8.553	8.553
303	  S	  4.3	  0.2	0.000	1.676	1.676
304	  T	  3.3	  0.3	0.000	0.665	0.665
305	  S	  2.8	  0.3	0.000	0.146	0.146
306	  S	  1.9	  0.3	0.000	0.146	0.146
307	  V	  3.3	  0.1	0.000	0.146	0.146
308	  Y	  3.8	  0.1	0.000	0.146	0.146
309	  D	  3.6	  0.2	0.000	0.000	0.000
310	  S	 21.3	  0.3	0.000	0.000	0.000
311	  Y	 21.3	  0.5	0.000	0.000	0.000
312	  S	 20.9	  0.6	0.000	0.000	0.000
313	  T	  0.9	  0.7	0.000	0.000	0.000
314	  G	  0.1	  0.7	0.000	0.000	0.000
315	  A	  0.2	  0.6	0.000	0.000	0.000
316	  S	  1.8	  1.1	0.000	0.000	0.000
317	  Q	  2.0	  0.9	0.000	0.000	0.000
318	  S	  1.9	  0.7	0.000	0.000	0.000
319	  H	  0.4	  0.7	0.000	0.000	0.000
320	  P	  0.1	  0.0	0.000	0.000	0.000
321	  I	  0.5	  0.1	0.000	0.000	0.000
322	  S	  0.7	  0.1	0.000	0.000	0.000
323	  S	 19.9	  0.3	0.000	0.000	0.000
324	  Y	 19.6	  0.5	0.000	0.000	0.000
325	  S	 19.4	  0.4	0.000	0.000	0.000
326	  N	  1.3	  0.4	0.000	0.000	0.000
327	  Y	  8.0	  0.2	0.000	0.000	0.000
328	  T	 20.0	  0.0	0.000	0.000	0.000
329	  I	 19.0	  0.3	0.000	0.000	0.000
330	  S	 12.6	  0.3	0.000	0.000	0.000
331	  D	  0.2	  0.3	0.000	0.000	0.000
332	  Y	  0.1	  0.3	0.000	0.000	0.000
333	  A	  0.1	  0.0	0.000	0.000	0.000
334	  P	  0.0	  0.0	0.000	0.000	0.000
335	  P	  0.0	  0.0	0.000	0.000	0.000
336	  I	  0.6	  0.2	0.000	0.000	0.000
337	  S	  0.9	  0.2	0.000	0.000	0.000
338	  S	  2.0	  0.2	0.000	0.000	0.000
339	  Y	  3.6	  0.2	0.000	0.000	0.000
340	  Y	  5.8	  0.1	0.000	0.000	0.000
341	  S	  4.7	  0.1	0.000	0.000	0.000
342	  L	  2.4	  0.1	0.000	0.000	0.000
