res	aa	Beta	Turn	Helix	Aggregation	Conc-Stab_Aggregation
01	  M	  0.1	  0.0	0.000	0.000	0.000
02	  S	  0.1	  0.4	0.156	0.000	0.000
03	  P	  0.1	  0.4	0.156	0.000	0.000
04	  Q	  0.3	  0.4	0.156	0.000	0.000
05	  A	  0.6	  0.4	0.156	0.822	0.822
06	  V	  3.6	  0.0	0.156	1.791	1.791
07	  T	  5.9	  0.1	0.385	1.853	1.853
08	  A	  5.9	  0.1	0.385	1.853	1.853
09	  S	  3.6	  0.1	0.488	1.853	1.853
10	  I	  4.9	  0.1	0.332	1.853	1.853
11	  I	  6.5	  0.1	0.332	1.437	1.437
12	  R	  6.0	  0.2	0.332	0.000	0.000
13	  G	  2.2	  0.2	0.220	0.017	0.017
14	  S	  0.2	  0.2	0.103	0.209	0.209
15	  Q	  0.7	  0.1	0.000	3.858	3.858
16	  V	 12.5	  0.1	0.000	91.691	91.691
17	  V	 14.8	  0.0	0.000	98.943	98.943
18	  V	 15.8	  0.0	0.000	99.541	99.541
19	  T	  5.0	  0.0	0.000	99.590	99.590
20	  T	  4.4	  0.0	0.000	99.668	99.668
21	  I	  4.9	  0.0	0.000	99.960	99.960
22	  I	  4.6	  0.0	0.000	99.944	99.944
23	  F	  3.7	  0.0	0.000	99.541	99.541
24	  A	  2.2	  0.0	0.000	94.289	94.289
25	  V	  4.9	  0.0	0.000	89.834	89.834
26	  S	  4.6	  0.0	2.381	35.792	35.792
27	  I	  5.5	  0.0	2.381	32.944	32.944
28	  K	  2.3	  0.0	2.483	0.195	0.195
29	  A	  1.5	  0.0	2.483	0.276	0.276
30	  L	  0.5	  0.0	2.483	11.450	11.450
31	  A	  1.2	  0.0	2.483	14.376	14.376
32	  V	  1.7	  0.0	2.042	17.721	17.721
33	  L	  1.5	  0.2	1.895	17.983	17.983
34	  G	  0.7	  0.2	1.392	17.977	17.977
35	  I	  1.2	  0.2	0.145	17.957	17.957
36	  Y	  2.5	  0.3	0.145	17.632	17.632
37	  Y	  2.9	  0.1	0.000	12.933	12.933
38	  D	  2.0	  1.7	0.000	0.187	0.187
39	  K	  1.4	  1.7	0.000	0.000	0.000
40	  S	  1.0	  1.6	0.000	0.000	0.000
41	  K	  1.0	  1.8	0.000	0.000	0.000
42	  P	  0.1	  0.2	0.000	0.584	0.584
43	  T	  5.2	  0.2	0.000	47.405	47.405
44	  F	  5.9	  0.2	0.000	76.361	76.361
45	  Y	  6.5	  0.0	0.000	78.558	78.558
46	  I	 17.4	  0.0	0.000	79.016	79.016
47	  T	 20.9	  0.0	0.542	79.043	79.043
48	  V	 23.6	  0.0	0.542	79.064	79.064
49	  V	  9.1	  0.0	0.542	78.193	78.193
50	  A	  4.4	  0.0	0.542	66.983	66.983
51	  A	  1.1	  0.0	0.542	57.324	57.324
52	  L	  2.4	  0.0	0.542	45.825	45.825
53	  D	  3.6	  0.0	0.461	0.126	0.126
54	  I	  5.4	  0.0	0.289	38.674	38.674
55	  I	  4.2	  0.0	0.289	46.408	46.408
56	  Y	  7.1	  0.0	0.289	47.990	47.990
57	  F	  8.0	  0.0	0.195	48.432	48.432
58	  C	  8.1	  0.0	0.095	48.447	48.447
59	  Y	  8.2	  0.0	0.000	48.502	48.502
60	  T	  5.9	  0.0	0.000	48.161	48.161
61	  L	  5.8	  0.0	0.000	47.950	47.950
62	  L	  1.9	  0.0	0.000	46.726	46.726
63	  L	  1.3	  0.0	0.000	39.862	39.862
64	  T	  0.5	  0.1	0.131	0.279	0.279
65	  P	  0.1	  0.1	0.131	0.129	0.129
66	  L	  1.3	  0.1	0.131	0.001	0.001
67	  V	  2.5	  0.1	0.131	0.001	0.001
68	  F	  3.0	  0.2	0.131	0.001	0.001
69	  K	  1.8	  0.3	0.131	0.000	0.000
70	  N	  0.7	  0.3	0.000	0.000	0.000
71	  S	  0.2	  0.3	0.000	0.000	0.000
72	  S	  0.2	  2.4	0.000	0.000	0.000
73	  P	  0.1	  2.4	0.000	0.000	0.000
74	  S	  1.1	  2.4	0.000	0.000	0.000
75	  I	  1.5	  2.4	0.000	0.000	0.000
76	  I	  1.5	  0.1	0.000	0.000	0.000
77	  P	  0.5	  0.1	0.000	0.000	0.000
78	  T	  2.7	  0.3	0.000	0.000	0.000
79	  A	  2.8	  0.4	0.000	0.000	0.000
80	  S	  2.8	  0.2	0.693	0.000	0.000
81	  E	  0.1	  0.2	0.693	0.000	0.000
82	  F	  1.0	  0.1	0.693	79.176	79.176
83	  I	  2.4	  0.0	0.693	84.709	84.709
84	  L	  2.6	  0.0	0.693	85.177	85.177
85	  Y	  6.2	  0.0	0.693	85.244	85.244
86	  T	  6.4	  0.1	0.897	85.244	85.244
87	  L	  7.5	  0.1	0.897	78.087	78.087
88	  N	  3.1	  0.1	1.031	33.693	33.693
89	  L	  1.5	  0.1	0.828	31.873	31.873
90	  A	  0.2	  0.3	0.828	21.369	21.369
91	  A	  0.6	  0.3	0.723	12.464	12.464
92	  S	  3.2	  0.3	0.429	5.485	5.485
93	  C	  5.6	  0.3	0.135	4.692	4.692
94	  I	  6.0	  0.1	0.000	4.523	4.523
95	  S	  3.8	  0.0	0.000	2.393	2.393
96	  T	  6.4	  0.1	0.000	2.130	2.130
97	  I	  7.4	  0.1	0.000	1.983	1.983
98	  N	  7.0	  0.0	0.000	0.068	0.068
99	  S	  2.0	  0.4	0.000	0.000	0.000
100	  P	  0.0	  0.3	0.000	0.000	0.000
101	  T	  3.7	  0.3	0.000	0.000	0.000
102	  V	  6.0	  0.3	0.000	0.000	0.000
103	  L	  6.2	  0.0	0.000	0.000	0.000
104	  C	  2.6	  0.1	0.000	0.000	0.000
105	  D	  0.3	  0.1	0.000	0.000	0.000
106	  E	  0.6	  0.1	0.000	0.000	0.000
107	  F	  1.9	  0.1	0.000	0.000	0.000
108	  Y	  4.0	  0.0	0.000	0.000	0.000
109	  Y	  3.8	  0.2	0.000	0.000	0.000
110	  S	  2.4	  0.3	0.000	0.000	0.000
111	  D	  0.9	  0.3	0.000	0.000	0.000
112	  T	  4.8	  0.3	0.000	0.000	0.000
113	  I	  7.3	  0.1	0.000	0.000	0.000
114	  D	  6.8	  0.1	0.330	0.000	0.000
115	  L	  3.2	  0.1	0.330	0.000	0.000
116	  C	  4.3	  0.0	0.330	0.000	0.000
117	  H	  8.2	  0.0	0.330	0.000	0.000
118	  I	  8.6	  0.0	0.330	0.000	0.000
119	  H	  5.5	  0.1	0.330	0.000	0.000
120	  Q	  1.9	  0.1	0.132	0.000	0.000
121	  C	  2.1	  0.2	0.000	0.004	0.004
122	  L	  1.7	  0.6	0.000	0.004	0.004
123	  H	  1.3	  0.5	0.000	0.004	0.004
124	  G	  0.3	  0.5	0.000	0.106	0.106
125	  F	  5.0	  0.3	0.000	8.574	8.574
126	  S	  8.4	  0.0	0.000	9.354	9.354
127	  V	 10.1	  0.0	0.000	16.629	16.629
128	  T	  5.8	  0.0	0.000	18.351	18.351
129	  N	  2.5	  0.0	0.000	21.266	21.266
130	  W	  1.5	  0.0	0.000	94.667	94.667
131	  V	  2.2	  0.0	0.000	99.509	99.509
132	  L	  2.1	  0.0	0.000	99.908	99.908
133	  F	  9.2	  0.0	0.000	99.977	99.977
134	  T	 19.6	  0.0	1.247	99.981	99.981
135	  I	 22.5	  0.0	1.247	99.988	99.988
136	  S	 15.9	  0.0	2.825	99.964	99.964
137	  F	  4.9	  0.0	2.825	99.967	99.967
138	  M	  2.0	  0.0	2.825	99.926	99.926
139	  M	  2.9	  0.0	2.825	99.876	99.876
140	  I	  3.7	  0.0	2.825	99.816	99.816
141	  L	  4.2	  0.0	2.825	99.128	99.128
142	  Y	  3.9	  0.0	2.746	95.273	95.273
143	  C	  5.2	  0.0	1.591	68.089	68.089
144	  T	  7.2	  0.0	0.335	59.514	59.514
145	  F	  6.2	  0.0	0.335	54.480	54.480
146	  I	  3.6	  0.0	0.232	2.881	2.881
147	  P	  0.1	  0.0	0.442	1.331	1.331
148	  E	  6.2	  0.0	0.442	0.000	0.000
149	  I	  8.2	  0.0	0.442	0.000	0.000
150	  K	  8.5	  0.2	0.442	0.000	0.000
151	  R	  2.5	  0.9	0.442	0.000	0.000
152	  H	  0.5	  0.9	0.442	0.000	0.000
153	  G	  0.3	  0.9	0.109	0.000	0.000
154	  V	  1.9	  0.8	0.000	0.000	0.000
155	  K	  2.3	  0.0	0.000	0.000	0.000
156	  H	  3.2	  0.1	0.000	0.000	0.000
157	  T	 10.7	  0.1	0.000	0.000	0.000
158	  L	 10.3	  0.0	0.000	0.000	0.000
159	  S	  9.4	  2.3	0.000	0.000	0.000
160	  P	  0.1	  2.4	0.000	0.000	0.000
161	  S	  0.4	  2.4	0.000	0.369	0.369
162	  Q	  3.1	  2.4	0.000	3.145	3.145
163	  F	  4.0	  0.1	0.000	69.237	69.237
164	  Y	  4.5	  0.0	0.000	74.327	74.327
165	  I	  6.7	  0.0	0.000	75.719	75.719
166	  S	  8.3	  0.0	0.000	75.781	75.781
167	  C	 10.3	  0.0	0.000	75.743	75.743
168	  I	 10.2	  0.0	0.000	75.548	75.548
169	  I	  8.4	  0.0	0.000	73.040	73.040
170	  I	  5.7	  0.1	0.000	60.577	60.577
171	  D	  0.8	  0.1	0.000	0.000	0.000
172	  D	  0.1	  0.1	0.000	0.000	0.000
173	  N	  0.0	  0.5	0.000	0.000	0.000
174	  P	  0.0	  0.5	0.000	0.000	0.000
175	  K	  0.4	  0.5	0.000	0.000	0.000
176	  S	  1.9	  0.5	0.142	0.000	0.000
177	  I	  9.6	  0.1	0.142	0.000	0.000
178	  E	  9.7	  0.0	0.142	0.000	0.000
179	  V	 11.9	  0.0	0.142	0.000	0.000
180	  I	  5.1	  0.0	0.142	0.000	0.000
181	  A	  4.7	  0.0	0.142	0.000	0.000
182	  S	  1.1	  1.0	0.142	0.000	0.000
183	  E	  0.2	  1.1	0.000	0.000	0.000
184	  S	  3.2	  2.1	0.000	0.000	0.000
185	  A	  3.4	  2.1	0.000	0.000	0.000
186	  S	  5.6	  1.8	0.138	0.000	0.000
187	  L	  2.7	  1.9	0.138	0.000	0.000
188	  D	  2.3	  0.9	0.290	0.000	0.000
189	  E	  0.1	  1.0	0.290	0.000	0.000
190	  A	  0.3	  0.3	0.290	0.000	0.000
191	  N	  0.7	  0.3	0.290	0.000	0.000
192	  I	  0.8	  0.2	0.152	0.000	0.000
193	  H	  0.7	  0.1	0.152	0.000	0.000
194	  D	  0.2	  1.8	0.000	0.000	0.000
195	  E	  0.0	  1.8	0.000	0.000	0.000
196	  S	  0.1	  1.8	0.000	0.000	0.000
197	  E	  0.1	  1.7	0.000	0.000	0.000
198	  I	  0.3	  0.0	0.000	0.000	0.000
199	  G	  0.5	  0.0	0.000	0.000	0.000
200	  M	  0.5	  0.0	0.000	0.000	0.000
201	  A	  0.2	  0.2	0.000	0.000	0.000
202	  P	  0.0	  0.2	0.000	0.000	0.000
203	  T	  5.9	  0.2	0.000	0.831	0.831
204	  V	  7.8	  0.2	0.000	0.831	0.831
205	  Y	  8.0	  0.1	0.000	0.831	0.831
206	  A	  2.3	  0.2	0.000	0.831	0.831
207	  T	  0.4	  0.2	0.000	0.831	0.831
208	  N	  0.2	  0.3	0.000	0.000	0.000
209	  N	  0.4	  0.5	0.000	0.000	0.000
210	  T	  1.5	  0.5	0.000	0.000	0.000
211	  S	  1.5	  0.5	0.142	0.000	0.000
212	  S	  3.5	  1.4	0.142	0.000	0.000
213	  L	  2.5	  1.1	0.142	0.000	0.000
214	  D	  2.4	  5.8	0.142	0.000	0.000
215	  A	  0.2	  5.8	0.142	0.000	0.000
216	  N	  0.0	  4.9	0.142	0.000	0.000
217	  N	  0.1	  4.9	0.000	0.000	0.000
218	  A	  0.7	  0.1	0.000	0.000	0.000
219	  I	  1.6	  0.0	0.000	0.000	0.000
220	  V	  2.5	  0.1	0.000	0.000	0.000
221	  D	  1.9	  1.6	0.000	0.000	0.000
222	  S	  1.0	  1.6	0.000	0.000	0.000
223	  N	  0.4	  1.6	0.000	0.000	0.000
224	  L	  0.5	  1.6	0.000	0.000	0.000
225	  E	  0.6	  0.2	0.000	0.000	0.000
226	  S	  0.3	  0.3	0.000	0.000	0.000
227	  S	  0.2	  2.3	0.908	0.000	0.000
228	  E	  0.1	  2.2	0.908	0.000	0.000
229	  D	  0.1	  2.3	1.465	0.000	0.000
230	  E	  0.2	  2.2	1.465	0.000	0.000
231	  K	  0.6	  0.3	1.465	0.000	0.000
232	  S	  1.0	  0.2	1.465	0.000	0.000
233	  I	  0.9	  0.1	1.075	0.000	0.000
234	  Q	  0.9	  0.0	1.075	0.000	0.000
235	  K	  0.7	  0.0	0.489	0.000	0.000
236	  I	  0.5	  0.0	0.000	0.000	0.000
237	  P	  0.2	  0.0	0.163	0.000	0.000
238	  I	  0.9	  0.0	0.163	0.000	0.000
239	  E	  0.9	  0.0	0.163	0.000	0.000
240	  A	  1.5	  0.0	0.163	0.000	0.000
241	  V	  3.9	  0.0	0.163	0.000	0.000
242	  Y	  5.8	  0.0	0.163	0.000	0.000
243	  E	  5.5	  0.1	0.000	0.000	0.000
244	  K	  2.4	  0.2	0.000	0.000	0.000
245	  T	  0.7	  0.2	0.000	0.000	0.000
246	  D	  1.0	  0.5	0.000	0.000	0.000
247	  I	  2.2	  0.4	0.000	0.000	0.000
248	  S	  2.0	  0.3	0.000	0.000	0.000
249	  K	  1.4	  0.5	0.000	0.000	0.000
250	  P	  0.1	  0.1	0.000	0.000	0.000
251	  Y	  0.8	  0.3	0.000	0.000	0.000
252	  A	  1.0	  0.4	0.000	0.000	0.000
253	  S	  1.1	  0.3	0.000	0.000	0.000
254	  K	  0.5	  0.3	0.000	0.000	0.000
255	  K	  0.3	  0.2	0.000	0.000	0.000
256	  K	  0.1	  0.1	0.000	0.000	0.000
