res	aa	Beta	Turn	Helix	Aggregation	Conc-Stab_Aggregation
01	  M	  0.1	  0.1	0.000	0.000	0.000
02	  E	  0.5	  0.1	0.000	0.000	0.000
03	  T	  1.0	  0.4	0.000	0.000	0.000
04	  K	  0.9	  0.5	0.000	0.000	0.000
05	  D	  0.6	  0.4	0.000	0.000	0.000
06	  H	  0.3	  0.5	0.000	0.000	0.000
07	  E	  0.5	  0.1	0.000	0.000	0.000
08	  A	  0.8	  0.1	0.000	0.000	0.000
09	  T	  4.2	  0.1	0.000	0.000	0.000
10	  H	  4.0	  0.0	0.000	0.000	0.000
11	  S	  3.5	  0.3	0.000	0.000	0.000
12	  P	  0.0	  0.4	0.000	0.000	0.000
13	  Q	  0.1	  0.4	0.000	0.000	0.000
14	  Q	  0.2	  0.4	0.000	0.000	0.000
15	  S	  0.6	  0.1	0.000	0.000	0.000
16	  I	  1.9	  0.1	0.000	0.000	0.000
17	  Q	  2.5	  0.0	0.000	0.000	0.000
18	  L	  2.4	  0.1	0.000	0.000	0.000
19	  S	  1.8	  0.7	0.131	0.000	0.000
20	  S	  1.3	  0.8	0.131	0.000	0.000
21	  S	  1.4	  0.8	0.131	0.000	0.000
22	  T	 10.6	  0.7	0.131	0.000	0.000
23	  V	 11.6	  0.1	0.131	0.000	0.000
24	  Q	 11.3	  0.1	0.131	0.000	0.000
25	  Q	  1.6	  0.2	0.000	0.000	0.000
26	  D	  0.3	  2.0	0.000	0.000	0.000
27	  Q	  0.4	  2.0	0.000	0.000	0.000
28	  N	  0.5	  2.2	0.000	0.000	0.000
29	  Q	  0.4	  2.6	0.000	0.000	0.000
30	  K	  0.2	  0.8	0.000	0.000	0.000
31	  G	  0.0	  0.8	0.000	0.000	0.000
32	  Q	  0.0	  0.8	0.000	0.000	0.000
33	  P	  0.0	  0.4	0.000	0.000	0.000
34	  S	  0.3	  0.4	0.000	0.000	0.000
35	  Q	  0.6	  0.5	0.000	0.000	0.000
36	  Q	  0.9	  0.2	0.000	0.000	0.000
37	  Q	  0.9	  0.2	0.000	0.000	0.000
38	  Q	  0.9	  0.1	0.000	0.000	0.000
39	  Q	  0.9	  0.1	0.000	0.000	0.000
40	  Q	  0.6	  0.3	0.000	0.000	0.000
41	  E	  0.3	  0.3	0.000	0.000	0.000
42	  D	  0.0	  0.5	0.000	0.000	0.000
43	  E	  0.2	  0.4	0.000	0.000	0.000
44	  Q	  0.2	  0.2	0.000	0.000	0.000
45	  Q	  0.2	  0.4	0.000	0.000	0.000
46	  P	  0.0	  0.2	0.000	0.000	0.000
47	  Q	  0.7	  0.2	0.000	0.000	0.000
48	  K	  1.6	  0.2	0.000	0.000	0.000
49	  Y	  2.0	  0.1	0.000	0.000	0.000
50	  Q	  1.4	  0.1	0.000	0.000	0.000
51	  T	  0.5	  0.3	0.000	0.000	0.000
52	  D	  0.2	  0.3	0.000	0.000	0.000
53	  N	  3.4	  0.2	0.000	0.000	0.000
54	  I	 13.7	  0.1	0.000	0.000	0.000
55	  R	 13.8	  0.0	0.000	0.000	0.000
56	  V	 10.7	  0.2	0.000	0.000	0.000
57	  P	  0.2	  0.2	0.000	0.000	0.000
58	  S	  0.3	  0.2	0.000	0.000	0.000
59	  Q	  0.4	  0.2	0.000	0.000	0.000
60	  L	  0.4	  0.5	0.000	0.000	0.000
61	  P	  0.1	  0.8	0.000	0.000	0.000
62	  S	  0.0	  0.8	0.000	0.000	0.000
63	  N	  0.7	  1.1	0.000	0.000	0.000
64	  Y	  2.9	  0.7	0.000	0.000	0.000
65	  D	  3.7	  0.3	0.000	0.000	0.000
66	  F	  4.5	  0.4	0.000	0.000	0.000
67	  T	  4.0	  0.0	0.000	0.000	0.000
68	  T	  4.6	  0.0	0.000	0.000	0.000
69	  T	  3.3	  0.1	0.000	0.000	0.000
70	  T	  1.8	  0.1	0.000	0.000	0.000
71	  E	  0.3	  0.1	0.000	0.000	0.000
72	  T	 12.9	  0.1	0.000	0.000	0.000
73	  I	 13.4	  0.1	0.000	0.000	0.000
74	  S	 14.1	  0.9	0.000	0.000	0.000
75	  S	  1.6	  0.9	0.000	0.000	0.000
76	  S	  1.8	  0.9	0.000	0.000	0.000
77	  Y	  4.4	  0.9	0.000	0.000	0.000
78	  V	  4.6	  0.0	0.000	0.000	0.000
79	  M	  3.8	  0.4	0.000	0.000	0.000
80	  P	  0.5	  0.6	0.000	0.000	0.000
81	  S	  0.1	  1.9	0.000	0.000	0.000
82	  S	  0.1	  1.9	0.000	0.000	0.000
83	  N	  0.7	  1.5	0.000	0.000	0.000
84	  I	  0.7	  1.4	0.000	0.000	0.000
85	  Q	  0.7	  0.9	0.000	0.000	0.000
86	  G	  0.1	  1.0	0.000	0.000	0.000
87	  N	  0.1	  1.0	0.000	0.000	0.000
88	  S	  0.5	  1.0	0.105	0.000	0.000
89	  Q	  4.3	  0.1	0.105	0.000	0.000
90	  Y	  5.9	  0.1	0.105	0.000	0.000
91	  Q	  5.7	  0.1	0.105	0.000	0.000
92	  K	  2.1	  0.1	0.105	0.000	0.000
93	  Q	  1.8	  0.1	0.105	0.000	0.000
94	  H	  5.0	  0.1	0.105	0.000	0.000
95	  F	  5.7	  0.2	0.000	0.000	0.000
96	  S	  5.2	  0.1	0.000	0.000	0.000
97	  T	  1.8	  0.1	0.000	0.000	0.000
98	  D	  1.0	  0.1	0.000	0.000	0.000
99	  P	  0.0	  0.0	0.000	0.000	0.000
100	  V	  0.0	  0.0	0.000	0.000	0.000
101	  P	  0.0	  0.0	0.000	0.000	0.000
102	  S	  0.0	  0.0	0.000	0.000	0.000
103	  P	  0.0	  0.0	0.000	0.000	0.000
104	  V	  0.0	  0.0	0.000	0.000	0.000
105	  P	  0.0	  0.0	0.000	0.000	0.000
106	  H	  1.0	  0.0	0.000	0.000	0.000
107	  Q	  3.2	  0.0	0.000	0.000	0.000
108	  F	 12.9	  0.0	0.000	0.000	0.000
109	  S	 12.2	  0.0	0.000	0.000	0.000
110	  Y	 10.0	  1.8	0.000	0.000	0.000
111	  P	  0.2	  2.0	0.000	0.000	0.000
112	  G	  0.1	  2.0	0.000	0.000	0.000
113	  S	  0.3	  2.0	0.000	0.000	0.000
114	  A	  0.9	  0.2	0.000	0.000	0.000
115	  V	  2.6	  0.1	0.000	0.000	0.000
116	  S	  2.5	  0.0	0.000	0.000	0.000
117	  Q	  2.0	  0.0	0.000	0.000	0.000
118	  A	  0.2	  0.0	0.000	0.000	0.000
119	  P	  0.0	  0.3	0.000	0.000	0.000
120	  P	  0.0	  0.4	0.000	0.000	0.000
121	  Q	  0.1	  0.5	0.000	0.000	0.000
122	  S	  0.3	  0.5	0.000	0.000	0.000
123	  S	  0.3	  0.2	0.000	0.000	0.000
124	  A	  0.2	  0.1	0.000	0.000	0.000
125	  P	  0.0	  0.0	0.000	0.000	0.000
126	  P	  0.0	  0.3	0.000	0.000	0.000
127	  P	  0.0	  0.4	0.000	0.000	0.000
128	  Q	  0.2	  0.4	0.000	0.000	0.000
129	  S	  1.6	  0.6	0.000	0.000	0.000
130	  H	  2.0	  0.3	0.000	0.000	0.000
131	  S	  2.0	  0.2	0.000	0.000	0.000
132	  I	  0.6	  0.7	0.000	0.000	0.000
133	  P	  0.1	  0.5	0.000	0.000	0.000
134	  S	  2.2	  0.5	0.000	0.000	0.000
135	  Y	  3.4	  0.5	0.000	0.000	0.000
136	  H	  4.4	  0.0	0.000	0.000	0.000
137	  Q	  5.2	  0.0	0.000	0.000	0.000
138	  Y	  4.9	  0.3	0.000	0.000	0.000
139	  F	  4.0	  0.4	0.000	0.000	0.000
140	  G	  1.0	  0.5	0.000	0.000	0.000
141	  Q	  0.5	  0.5	0.000	0.000	0.000
142	  S	  0.5	  0.3	0.000	0.000	0.000
143	  L	  0.5	  1.0	0.000	0.000	0.000
144	  P	  0.1	  1.0	0.000	0.000	0.000
145	  N	  0.0	  1.0	0.232	0.000	0.000
146	  D	  0.0	  1.1	0.232	0.000	0.000
147	  Q	  1.1	  0.2	0.232	0.000	0.000
148	  L	  2.5	  0.1	0.232	0.000	0.000
149	  Q	  3.1	  0.1	0.232	0.000	0.000
150	  L	  2.2	  0.0	0.232	0.000	0.000
151	  H	  0.8	  0.3	0.109	0.000	0.000
152	  S	  0.4	  0.3	0.000	0.000	0.000
153	  S	  1.9	  0.3	0.000	0.000	0.000
154	  V	  5.1	  0.2	0.000	0.000	0.000
155	  H	  5.0	  0.0	0.000	0.000	0.000
156	  E	  3.4	  0.1	0.000	0.000	0.000
157	  P	  0.1	  0.3	0.000	0.000	0.000
158	  R	  0.1	  0.3	0.000	0.000	0.000
159	  N	  0.3	  0.3	0.000	0.000	0.000
160	  T	  1.2	  0.2	0.000	0.000	0.000
161	  H	  1.7	  0.2	0.000	0.000	0.000
162	  L	  3.3	  0.2	0.000	0.000	0.000
163	  S	  5.2	  0.8	0.000	0.000	0.000
164	  L	  4.9	  0.8	0.000	0.000	0.000
165	  N	  3.4	  0.9	0.000	0.000	0.000
166	  S	  1.8	  0.8	0.000	0.000	0.000
167	  T	  1.5	  0.2	0.000	0.000	0.000
168	  R	  1.4	  0.3	0.000	0.000	0.000
169	  P	  0.1	  0.2	0.000	0.000	0.000
170	  Y	  2.1	  0.2	0.000	0.000	0.000
171	  Y	  3.5	  0.4	0.000	0.000	0.000
172	  S	  3.6	  0.2	0.000	0.000	0.000
173	  S	  7.2	  0.4	0.000	0.000	0.000
174	  I	  7.9	  0.3	0.000	0.000	0.000
175	  S	  7.8	  0.1	0.000	0.000	0.000
176	  Q	  2.4	  0.1	0.000	0.000	0.000
177	  P	  0.1	  0.0	0.000	0.000	0.000
178	  Q	  0.0	  0.0	0.000	0.000	0.000
179	  P	  0.0	  0.0	0.000	0.000	0.000
180	  P	  0.0	  0.0	0.000	0.000	0.000
181	  P	  0.0	  0.0	0.000	0.000	0.000
182	  P	  0.0	  0.0	0.000	0.000	0.000
183	  P	  0.0	  0.0	0.000	0.000	0.000
184	  P	  0.0	  0.0	0.000	0.000	0.000
185	  P	  0.0	  0.0	0.000	0.000	0.000
186	  A	  0.0	  0.2	0.000	0.000	0.000
187	  P	  0.0	  0.3	0.000	0.000	0.000
188	  Q	  0.6	  0.3	0.000	0.000	0.000
189	  R	  0.6	  0.3	0.000	0.000	0.000
190	  L	  0.6	  0.3	0.000	0.000	0.000
191	  P	  0.1	  0.3	0.000	0.000	0.000
192	  S	  0.1	  0.3	0.000	0.000	0.000
193	  L	  0.1	  0.6	0.000	0.000	0.000
194	  P	  0.1	  0.4	0.000	0.000	0.000
195	  T	 31.2	  0.4	0.000	0.000	0.000
196	  Y	 35.7	  0.4	0.000	0.000	0.000
197	  S	 35.8	  0.0	0.000	0.000	0.000
198	  M	  7.4	  0.1	0.000	0.000	0.000
199	  P	  0.1	  0.2	0.000	0.000	0.000
200	  E	  0.0	  0.2	0.000	0.000	0.000
201	  T	  0.3	  0.3	0.000	0.000	0.000
202	  E	  0.4	  0.2	0.000	0.000	0.000
203	  S	  0.6	  0.2	0.000	0.000	0.000
204	  Q	  0.6	  0.3	0.000	0.000	0.000
205	  Q	  0.7	  0.2	0.000	0.000	0.000
206	  Q	  1.9	  0.1	0.000	0.000	0.000
207	  H	  3.8	  0.1	0.000	0.000	0.000
208	  Y	  5.0	  0.0	0.000	0.950	0.950
209	  V	  6.5	  0.0	0.000	0.950	0.950
210	  W	  4.9	  0.1	0.000	0.950	0.950
211	  S	  3.8	  0.1	0.000	0.950	0.950
212	  T	  1.3	  0.3	0.000	0.950	0.950
213	  Q	  0.9	  0.4	0.000	0.000	0.000
214	  D	  0.7	  0.5	0.000	0.000	0.000
215	  S	  1.7	  1.1	0.000	0.000	0.000
216	  Q	  1.8	  1.0	0.000	0.000	0.000
217	  S	  2.2	  0.9	0.000	0.000	0.000
218	  H	  1.4	  0.8	0.000	0.000	0.000
219	  H	  1.7	  0.1	0.000	0.000	0.000
220	  H	  2.0	  0.1	0.000	0.000	0.000
221	  Q	  1.3	  0.1	0.000	0.000	0.000
222	  V	  0.8	  0.0	0.000	0.000	0.000
223	  P	  0.0	  0.6	0.000	0.000	0.000
224	  P	  0.0	  0.6	0.000	0.000	0.000
225	  S	  0.3	  0.6	0.135	0.000	0.000
226	  A	  0.7	  0.6	0.135	0.000	0.000
227	  I	  4.2	  0.0	0.135	0.000	0.000
228	  T	  4.4	  0.1	0.135	0.000	0.000
229	  T	  4.4	  0.2	0.135	0.000	0.000
230	  D	  1.0	  1.4	0.345	0.000	0.000
231	  S	  0.8	  1.5	0.211	0.000	0.000
232	  S	  0.4	  1.4	0.211	0.000	0.000
233	  T	  3.1	  1.4	0.211	0.000	0.000
234	  A	  2.9	  0.3	0.211	0.000	0.000
235	  S	  3.4	  0.2	0.359	0.000	0.000
236	  T	  2.4	  0.2	0.148	0.000	0.000
237	  T	  3.4	  0.1	0.148	0.000	0.000
238	  T	  3.0	  0.2	0.148	0.000	0.000
239	  R	  1.5	  0.2	0.148	0.000	0.000
240	  N	  0.5	  0.2	0.148	0.000	0.000
241	  T	  0.5	  0.2	0.000	0.000	0.000
242	  M	  0.3	  0.0	0.000	0.000	0.000
243	  P	  0.3	  0.0	0.000	0.000	0.000
244	  F	  2.6	  0.0	0.000	0.000	0.000
245	  Q	  3.1	  0.0	0.000	0.000	0.000
246	  V	  3.9	  0.0	0.000	0.000	0.000
247	  S	  1.9	  0.4	0.000	0.000	0.000
248	  T	  1.7	  0.4	0.000	0.000	0.000
249	  N	  2.2	  0.6	0.202	0.000	0.000
250	  I	  6.8	  0.5	0.329	0.000	0.000
251	  D	  7.3	  0.7	0.329	0.000	0.000
252	  I	  6.6	  0.8	0.329	0.000	0.000
253	  N	  1.7	  0.6	0.329	0.000	0.000
254	  R	  0.8	  0.6	0.329	0.000	0.000
255	  F	  0.3	  2.0	0.329	0.000	0.000
256	  P	  0.1	  2.0	0.000	0.000	0.000
257	  D	  1.1	  2.0	0.000	0.000	0.000
258	  V	  3.7	  2.0	0.000	1.647	1.647
259	  T	  4.2	  0.1	0.000	1.647	1.647
260	  S	  3.4	  0.1	0.000	1.647	1.647
261	  L	  1.4	  0.1	0.000	1.647	1.647
262	  V	  2.4	  0.1	0.000	1.647	1.647
263	  N	  2.1	  2.2	0.000	0.000	0.000
264	  S	  1.5	  2.2	0.000	0.000	0.000
265	  N	  0.0	  3.1	0.000	0.000	0.000
266	  A	  0.2	  3.1	0.000	0.000	0.000
267	  N	  2.0	  1.0	0.000	0.000	0.000
268	  I	 15.2	  0.9	0.000	0.000	0.000
269	  V	 15.6	  0.0	0.000	0.000	0.000
270	  V	 13.8	  0.0	0.000	0.000	0.000
271	  P	  0.5	  0.0	0.000	0.000	0.000
272	  L	  0.2	  0.0	0.000	0.000	0.000
273	  V	  1.6	  0.1	0.000	0.000	0.000
274	  E	  1.7	  0.1	0.000	0.000	0.000
275	  S	  1.6	  0.1	0.000	0.000	0.000
276	  R	  1.0	  0.1	0.000	0.000	0.000
277	  F	  2.3	  0.1	0.000	0.000	0.000
278	  V	  2.7	  0.1	0.000	0.000	0.000
279	  D	  1.9	  0.1	0.553	0.000	0.000
280	  A	  0.9	  0.1	0.553	0.000	0.000
281	  K	  1.0	  0.0	0.553	0.000	0.000
282	  I	  1.7	  0.0	0.553	0.000	0.000
283	  C	  4.9	  0.0	0.553	0.000	0.000
284	  T	  6.6	  0.0	0.553	0.000	0.000
285	  I	  6.6	  0.4	0.553	0.000	0.000
286	  C	  3.3	  0.5	0.553	0.000	0.000
287	  G	  1.0	  0.5	0.393	0.000	0.000
288	  K	  1.1	  0.5	0.187	0.000	0.000
289	  R	  6.8	  0.1	0.000	0.000	0.000
290	  I	 10.5	  0.1	0.000	0.000	0.000
291	  T	  9.8	  0.2	0.000	0.000	0.000
292	  R	  4.0	  0.2	0.000	0.000	0.000
293	  D	  0.4	  1.0	0.000	0.000	0.000
294	  M	  0.3	  1.0	0.000	0.000	0.000
295	  S	  0.5	  0.9	0.000	0.000	0.000
296	  R	  0.8	  0.9	0.000	0.000	0.000
297	  H	  1.4	  0.1	0.000	0.000	0.000
298	  L	  1.4	  0.1	0.000	0.000	0.000
299	  R	  1.2	  0.1	0.000	0.000	0.000
300	  T	  3.0	  0.1	0.000	0.000	0.000
301	  H	  3.3	  0.1	0.000	0.000	0.000
302	  Q	  4.7	  0.0	0.000	0.000	0.000
303	  V	  3.7	  0.0	0.000	0.000	0.000
304	  E	  3.2	  0.0	0.125	0.000	0.000
305	  A	  1.7	  0.0	0.125	0.000	0.000
306	  R	  1.1	  0.0	0.125	0.000	0.000
307	  F	  5.7	  0.0	0.125	0.000	0.000
308	  H	  6.6	  0.0	0.125	0.000	0.000
309	  C	  7.0	  0.0	0.125	0.000	0.000
310	  V	  2.6	  0.0	0.125	0.000	0.000
311	  F	  1.5	  0.2	0.125	0.000	0.000
312	  P	  0.3	  0.2	0.000	0.000	0.000
313	  K	  0.3	  0.3	0.000	0.000	0.000
314	  R	  0.4	  0.3	0.000	0.000	0.000
315	  Q	  0.9	  0.1	0.000	0.000	0.000
316	  C	  1.8	  0.2	0.000	0.000	0.000
317	  R	  2.0	  0.1	0.000	0.000	0.000
318	  H	  1.9	  1.0	0.000	0.000	0.000
319	  K	  0.8	  1.3	0.000	0.000	0.000
320	  S	  0.5	  1.5	0.000	0.000	0.000
321	  G	  0.1	  1.5	0.000	0.000	0.000
322	  K	  0.9	  0.6	0.000	0.000	0.000
323	  F	  1.8	  0.3	0.000	0.000	0.000
324	  N	  1.7	  0.0	0.000	0.000	0.000
325	  R	  0.9	  0.2	0.000	0.000	0.000
326	  P	  0.0	  0.3	0.000	0.000	0.000
327	  Y	  2.3	  0.3	0.000	0.000	0.000
328	  D	  2.7	  0.3	1.342	0.000	0.000
329	  F	  3.1	  0.2	1.342	0.000	0.000
330	  K	  0.9	  0.1	1.342	0.000	0.000
331	  K	  0.5	  0.1	1.342	0.000	0.000
332	  H	  0.7	  0.1	1.342	0.000	0.000
333	  L	  1.0	  0.1	1.342	0.000	0.000
334	  L	  1.0	  0.0	1.342	0.000	0.000
335	  N	  0.5	  0.1	1.112	0.000	0.000
336	  R	  1.7	  0.1	0.472	0.000	0.000
337	  H	  4.1	  0.1	0.000	0.000	0.000
338	  F	  4.7	  0.1	0.000	0.000	0.000
339	  I	  3.3	  0.0	0.000	0.000	0.000
340	  F	  1.1	  0.2	0.000	0.000	0.000
341	  D	  0.5	  1.2	2.237	0.000	0.000
342	  D	  0.3	  1.3	4.359	0.000	0.000
343	  S	  0.3	  1.2	10.490	0.000	0.000
344	  A	  0.6	  1.1	10.490	0.000	0.000
345	  I	  2.5	  0.0	10.490	0.000	0.000
346	  K	  2.4	  0.0	10.490	0.000	0.000
347	  R	  2.4	  0.0	9.957	0.000	0.000
348	  L	  0.7	  0.1	8.632	0.000	0.000
349	  H	  0.8	  0.1	4.635	0.000	0.000
350	  N	  0.6	  0.7	1.812	0.000	0.000
351	  L	  0.5	  0.9	0.632	0.000	0.000
352	  S	  0.3	  0.9	0.386	0.000	0.000
353	  D	  0.0	  1.1	0.115	0.000	0.000
354	  K	  0.6	  0.7	0.000	0.000	0.000
355	  L	  0.9	  0.4	0.000	0.000	0.000
356	  D	  1.1	  0.4	0.000	0.000	0.000
357	  H	  1.1	  0.6	0.000	0.000	0.000
358	  W	  0.9	  0.4	0.000	0.000	0.000
359	  G	  0.7	  0.4	0.000	0.000	0.000
360	  M	  0.2	  0.4	0.000	0.000	0.000
361	  C	  0.1	  0.8	0.128	0.000	0.000
362	  P	  0.1	  0.8	0.128	0.000	0.000
363	  C	  0.2	  0.8	0.128	0.000	0.000
364	  G	  0.2	  0.8	0.128	0.000	0.000
365	  L	  1.5	  0.0	0.128	0.000	0.000
366	  R	  3.1	  0.0	0.128	0.000	0.000
367	  F	  4.5	  0.2	0.000	0.000	0.000
368	  T	  3.3	  0.4	0.000	0.000	0.000
369	  G	  1.5	  0.7	0.000	0.000	0.000
370	  K	  0.2	  0.7	0.000	0.000	0.000
371	  D	  0.1	  0.6	0.114	0.000	0.000
372	  W	  0.7	  0.5	0.114	0.000	0.000
373	  L	  0.7	  0.2	0.114	0.000	0.000
374	  N	  0.7	  0.2	0.114	0.000	0.000
375	  D	  0.4	  0.2	0.114	0.000	0.000
376	  H	  5.0	  0.1	0.114	0.000	0.000
377	  I	  6.6	  0.0	0.000	0.000	0.000
378	  L	  6.6	  0.1	0.000	0.000	0.000
379	  T	  2.0	  0.1	0.000	0.000	0.000
380	  N	  0.4	  0.2	2.902	0.000	0.000
381	  D	  0.1	  0.4	3.043	0.000	0.000
382	  R	  0.2	  0.3	3.043	0.000	0.000
383	  T	  1.1	  0.3	3.043	0.000	0.000
384	  K	  1.3	  0.3	3.043	0.000	0.000
385	  K	  1.9	  0.1	3.043	0.000	0.000
386	  C	  2.1	  0.2	1.072	0.000	0.000
387	  R	  2.4	  0.1	0.396	0.000	0.000
388	  L	  1.7	  0.0	0.140	0.000	0.000
389	  V	  0.7	  0.0	0.000	0.000	0.000
390	  E	  0.1	  0.0	0.000	0.000	0.000
