res	aa	Beta	Turn	Helix	Aggregation	Conc-Stab_Aggregation
01	  M	  2.0	  0.0	0.000	0.000	0.000
02	  K	  7.3	  0.0	0.000	0.000	0.000
03	  V	 10.1	  0.0	0.000	15.023	15.023
04	  T	  8.9	  0.0	0.000	17.228	17.228
05	  A	  4.1	  0.0	0.000	25.514	25.514
06	  V	  2.4	  0.0	0.000	35.286	35.286
07	  S	  1.8	  0.0	0.000	36.088	36.088
08	  S	  1.8	  0.0	0.000	42.417	42.417
09	  V	  4.1	  0.0	0.000	92.550	92.550
10	  L	  4.1	  0.0	0.000	96.236	96.236
11	  L	  7.0	  0.0	0.000	96.724	96.724
12	  T	  7.3	  0.0	0.444	96.307	96.307
13	  V	  8.2	  0.0	0.444	96.002	96.002
14	  A	  5.0	  0.0	0.444	86.264	86.264
15	  A	  1.4	  0.0	0.444	77.635	77.635
16	  L	  0.5	  0.1	0.444	70.265	70.265
17	  T	  0.5	  0.1	0.444	27.815	27.815
18	  N	  0.4	  2.6	0.677	2.194	2.194
19	  A	  0.1	  2.6	0.378	1.163	1.163
20	  N	  0.1	  2.6	1.755	0.041	0.041
21	  E	  2.9	  2.6	1.755	0.000	0.000
22	  I	  3.1	  0.1	1.755	0.000	0.000
23	  D	  3.1	  0.2	1.997	0.000	0.000
24	  K	  0.5	  0.3	1.997	0.000	0.000
25	  R	  1.7	  0.2	1.997	0.000	0.000
26	  S	  2.7	  0.2	1.199	0.000	0.000
27	  F	  3.3	  0.2	0.496	0.000	0.000
28	  F	  1.9	  6.5	0.242	0.000	0.000
29	  G	  0.9	  6.6	0.000	0.000	0.000
30	  D	  0.3	  6.6	0.000	0.000	0.000
31	  L	  0.8	  6.4	0.000	0.116	0.116
32	  F	  2.1	  0.3	0.000	0.116	0.116
33	  S	  1.8	  0.5	0.145	0.116	0.116
34	  G	  1.3	  0.6	0.145	0.116	0.116
35	  L	  0.2	  0.7	0.145	0.116	0.116
36	  T	  0.3	  0.9	0.145	0.000	0.000
37	  G	  0.3	  0.8	0.295	0.000	0.000
38	  S	  0.3	  0.7	0.295	0.000	0.000
39	  K	  0.2	  0.5	0.150	0.000	0.000
40	  A	  0.3	  0.1	0.150	0.000	0.000
41	  A	  0.2	  0.0	0.150	0.000	0.000
42	  A	  0.1	  0.0	0.150	0.000	0.000
43	  P	  0.0	  0.0	0.000	0.000	0.000
44	  A	  0.1	  0.0	0.000	0.000	0.000
45	  A	  0.1	  0.0	0.000	0.000	0.000
46	  A	  0.1	  0.0	0.000	0.000	0.000
47	  P	  0.0	  0.0	0.000	0.000	0.000
48	  A	  0.1	  0.0	0.000	0.000	0.000
49	  A	  0.2	  0.0	0.000	0.000	0.000
50	  Q	  0.2	  0.0	0.000	0.000	0.000
51	  P	  0.0	  0.0	0.000	0.000	0.000
52	  A	  0.1	  0.0	0.000	0.000	0.000
53	  A	  0.2	  0.0	0.000	0.000	0.000
54	  Q	  0.2	  0.1	0.000	0.000	0.000
55	  P	  0.0	  0.2	0.000	0.000	0.000
56	  T	  2.4	  0.2	0.000	0.000	0.000
57	  T	  6.3	  0.2	0.000	0.000	0.000
58	  Q	  6.3	  0.0	0.000	0.000	0.000
59	  S	  4.1	  0.2	0.000	0.000	0.000
60	  P	  0.0	  0.5	0.000	0.000	0.000
61	  A	  0.0	  0.5	0.000	0.000	0.000
62	  D	  0.1	  0.5	0.000	0.000	0.000
63	  Q	  0.1	  0.5	0.000	0.000	0.000
64	  P	  0.0	  0.2	0.000	0.000	0.000
65	  T	 10.4	  0.2	0.000	0.000	0.000
66	  V	 12.3	  0.2	0.000	0.000	0.000
67	  Q	 12.3	  0.0	0.000	0.000	0.000
68	  S	  2.2	  0.0	0.000	0.000	0.000
69	  P	  0.0	  0.0	0.000	0.000	0.000
70	  V	  1.3	  0.1	0.000	0.000	0.000
71	  S	  1.4	  1.9	0.000	0.000	0.000
72	  S	  1.4	  1.9	0.000	0.000	0.000
73	  D	  0.1	  1.9	0.000	0.000	0.000
74	  Q	  0.0	  2.0	0.000	0.000	0.000
75	  P	  0.0	  0.3	0.000	0.000	0.000
76	  S	  0.1	  0.4	0.000	0.000	0.000
77	  T	  2.4	  0.4	0.000	0.000	0.000
78	  A	  2.5	  0.1	0.000	0.000	0.000
79	  Q	  2.3	  0.0	0.000	0.000	0.000
80	  P	  0.0	  0.0	0.000	0.000	0.000
81	  V	  1.5	  0.0	0.000	0.000	0.000
82	  A	  1.5	  0.2	0.000	0.000	0.000
83	  Q	  1.6	  0.3	0.000	0.000	0.000
84	  N	  0.1	  0.3	0.000	0.000	0.000
85	  N	  0.1	  0.3	0.000	0.000	0.000
86	  L	  0.9	  0.1	0.000	0.000	0.000
87	  L	  1.2	  0.1	0.000	0.000	0.000
88	  L	  1.5	  0.2	0.000	0.000	0.000
89	  D	  0.7	  2.2	0.000	0.000	0.000
90	  S	  0.4	  3.8	0.000	0.000	0.000
91	  S	  0.2	  3.9	0.000	0.000	0.000
92	  N	  0.3	  3.9	0.000	0.000	0.000
93	  S	  0.3	  1.8	0.000	0.000	0.000
94	  T	  1.4	  0.3	0.000	0.151	0.151
95	  L	  4.1	  0.1	0.000	0.151	0.151
96	  V	  4.5	  0.0	0.000	0.151	0.151
97	  V	  3.4	  0.2	0.000	0.151	0.151
98	  P	  0.5	  0.3	0.000	0.151	0.151
99	  S	  0.8	  1.2	0.000	0.000	0.000
100	  S	  1.0	  1.3	0.000	0.000	0.000
101	  S	  3.2	  1.9	0.000	0.000	0.000
102	  K	  2.5	  1.9	0.000	0.000	0.000
103	  S	  2.6	  1.0	0.000	0.000	0.000
104	  S	  1.1	  1.0	0.108	0.000	0.000
105	  T	  2.6	  0.2	0.108	0.000	0.000
106	  T	  3.4	  0.2	0.108	0.000	0.000
107	  T	  4.9	  0.1	0.108	0.000	0.000
108	  R	  3.6	  0.2	0.108	0.000	0.000
109	  S	  2.6	  0.2	0.108	0.000	0.000
110	  T	  0.6	  0.4	0.111	0.221	0.221
111	  A	  0.2	  0.4	0.111	0.221	0.221
112	  G	  0.1	  0.3	0.263	0.221	0.221
113	  L	  0.4	  0.4	0.263	0.221	0.221
114	  L	  0.4	  0.3	0.263	0.221	0.221
115	  D	  0.4	  0.3	0.263	0.000	0.000
116	  N	  0.1	  0.4	0.263	0.000	0.000
117	  L	  0.1	  0.3	0.263	0.000	0.000
118	  L	  0.1	  0.5	0.263	0.000	0.000
119	  G	  0.1	  1.3	0.263	0.000	0.000
120	  G	  0.0	  1.5	0.000	0.000	0.000
121	  S	  0.0	  2.2	0.000	0.000	0.000
122	  G	  0.0	  2.0	0.000	0.000	0.000
123	  A	  0.2	  1.3	0.000	0.000	0.000
124	  T	  1.5	  1.1	0.000	0.000	0.000
125	  S	  1.6	  0.4	0.000	0.000	0.000
126	  S	  1.4	  0.3	0.000	0.000	0.000
127	  E	  0.3	  0.3	0.000	0.000	0.000
128	  A	  0.3	  0.3	0.000	0.000	0.000
129	  S	  1.2	  1.0	0.000	0.000	0.000
130	  S	  1.1	  1.0	0.000	0.000	0.000
131	  S	  1.0	  1.0	0.000	0.000	0.000
132	  E	  0.1	  0.9	0.000	0.000	0.000
133	  A	  0.0	  0.5	0.000	0.000	0.000
134	  P	  0.0	  0.6	0.000	0.000	0.000
135	  S	  0.1	  0.7	0.000	0.000	0.000
136	  S	  0.1	  0.7	0.000	0.000	0.000
137	  E	  0.1	  0.3	0.000	0.000	0.000
138	  A	  0.0	  0.5	0.000	0.000	0.000
139	  P	  0.0	  0.6	0.000	0.000	0.000
140	  S	  0.1	  0.7	0.000	0.000	0.000
141	  S	  0.1	  0.7	0.000	0.000	0.000
142	  E	  0.1	  0.3	0.000	0.000	0.000
143	  A	  0.0	  0.5	0.000	0.000	0.000
144	  P	  0.0	  0.6	0.000	0.000	0.000
145	  S	  0.1	  0.7	0.000	0.000	0.000
146	  S	  0.1	  0.7	0.000	0.000	0.000
147	  E	  0.1	  0.3	0.000	0.000	0.000
148	  A	  0.0	  0.5	0.000	0.000	0.000
149	  P	  0.0	  0.6	0.000	0.000	0.000
150	  S	  0.1	  0.7	0.000	0.000	0.000
151	  S	  0.1	  0.7	0.000	0.000	0.000
152	  E	  0.1	  0.3	0.000	0.000	0.000
153	  A	  0.0	  0.5	0.000	0.000	0.000
154	  P	  0.0	  0.6	0.000	0.000	0.000
155	  S	  0.1	  0.7	0.000	0.000	0.000
156	  S	  0.1	  0.7	0.000	0.000	0.000
157	  E	  0.1	  0.2	0.000	0.000	0.000
158	  A	  0.0	  0.5	0.000	0.000	0.000
159	  P	  0.0	  0.6	0.000	0.000	0.000
160	  S	  0.9	  1.4	0.000	0.000	0.000
161	  S	  1.8	  2.3	0.000	0.000	0.000
162	  S	  2.6	  2.6	0.000	0.000	0.000
163	  S	  1.9	  2.6	0.128	0.000	0.000
164	  S	  1.0	  1.8	0.392	0.000	0.000
165	  E	  0.1	  0.9	0.392	0.000	0.000
166	  A	  0.3	  0.1	0.392	0.000	0.000
167	  L	  0.5	  0.1	0.392	0.000	0.000
168	  S	  1.4	  0.9	0.392	0.000	0.000
169	  S	  2.0	  1.5	0.385	0.000	0.000
170	  S	  2.0	  1.6	0.344	0.000	0.000
171	  S	  1.8	  1.6	0.344	0.000	0.000
172	  T	  3.6	  0.8	0.344	0.000	0.000
173	  T	  5.7	  0.1	0.344	0.000	0.000
174	  K	  5.1	  0.0	0.344	0.000	0.000
175	  R	  2.6	  0.3	0.222	0.000	0.000
176	  P	  0.1	  0.3	0.000	0.000	0.000
177	  T	  0.3	  0.3	1.348	0.000	0.000
178	  A	  0.3	  0.3	1.348	0.000	0.000
179	  A	  0.4	  0.2	1.348	0.000	0.000
180	  A	  0.1	  0.6	1.348	0.000	0.000
181	  K	  0.1	  0.6	1.348	0.000	0.000
182	  G	  0.1	  0.6	1.348	0.000	0.000
183	  F	  0.9	  0.6	0.738	0.000	0.000
184	  F	  0.9	  6.8	0.000	0.000	0.000
185	  G	  0.9	  6.8	0.000	0.000	0.000
186	  D	  0.3	  6.9	0.000	0.000	0.000
187	  L	  0.4	  6.8	0.000	0.000	0.000
188	  F	  0.4	  0.4	0.000	0.000	0.000
189	  G	  0.2	  0.4	0.000	0.000	0.000
190	  T	  2.2	  0.4	0.000	0.000	0.000
191	  Q	  2.2	  0.5	0.000	0.000	0.000
192	  S	  2.3	  0.3	0.000	0.000	0.000
193	  S	  3.2	  1.2	0.000	0.000	0.000
194	  A	  3.1	  1.2	0.000	0.000	0.000
195	  S	  3.0	  1.2	0.000	0.000	0.000
196	  E	  0.1	  1.2	0.000	0.000	0.000
197	  T	  0.2	  0.4	0.000	0.000	0.000
198	  D	  0.1	  0.5	0.000	0.000	0.000
199	  D	  0.0	  7.0	0.000	0.000	0.000
200	  E	  0.0	  7.0	0.000	0.000	0.000
201	  D	  0.4	  6.8	0.000	0.000	0.000
202	  C	  2.3	  6.6	0.000	0.000	0.000
203	  V	  2.7	  0.0	0.000	0.000	0.000
204	  E	  2.4	  0.1	0.000	0.000	0.000
205	  E	  0.5	  0.1	0.000	0.000	0.000
206	  T	  0.5	  0.1	0.000	0.000	0.000
207	  E	  0.5	  0.1	0.000	0.000	0.000
208	  S	  0.4	  0.4	0.000	0.000	0.000
209	  P	  0.0	  0.5	0.000	0.000	0.000
210	  T	  1.0	  0.5	0.000	0.000	0.000
211	  S	  1.1	  0.5	0.000	0.000	0.000
212	  A	  1.1	  0.0	0.000	0.000	0.000
213	  P	  0.1	  0.2	0.000	0.000	0.000
214	  A	  0.3	  0.2	0.000	0.000	0.000
215	  S	  0.4	  0.2	0.000	0.000	0.000
216	  A	  0.4	  0.4	0.000	0.000	0.000
217	  P	  0.1	  0.2	0.000	0.000	0.000
218	  T	  2.8	  0.3	0.000	0.000	0.000
219	  T	  4.1	  0.3	0.000	0.000	0.000
220	  S	  4.4	  0.1	0.000	0.000	0.000
221	  K	  3.6	  0.1	0.000	0.000	0.000
222	  V	  3.4	  0.0	0.000	0.000	0.000
223	  A	  3.1	  0.0	0.000	0.000	0.000
224	  T	  2.8	  0.1	0.000	0.000	0.000
225	  T	  1.9	  0.2	0.000	0.000	0.000
226	  T	  1.8	  0.4	0.000	0.000	0.000
227	  G	  0.1	  0.5	0.000	0.000	0.000
228	  G	  0.0	  0.5	0.000	0.000	0.000
229	  G	  0.0	  0.4	0.000	0.000	0.000
230	  L	  0.0	  0.7	0.000	0.000	0.000
231	  P	  0.0	  0.6	0.000	0.000	0.000
232	  N	  0.1	  0.6	0.172	0.000	0.000
233	  I	  1.5	  0.6	0.172	0.000	0.000
234	  L	  1.6	  0.2	0.172	0.000	0.000
235	  S	  1.4	  0.3	0.172	0.000	0.000
236	  D	  0.5	  0.3	0.172	0.000	0.000
237	  L	  0.5	  0.3	0.172	0.000	0.000
238	  F	  0.5	  2.6	0.172	0.000	0.000
239	  P	  0.1	  2.7	0.000	0.000	0.000
240	  G	  0.0	  2.9	0.000	0.000	0.000
241	  K	  0.1	  3.0	0.000	0.000	0.000
242	  S	  0.3	  0.4	0.000	0.000	0.000
243	  S	  0.4	  0.3	0.000	0.000	0.000
244	  A	  0.3	  0.1	0.000	0.000	0.000
245	  P	  0.1	  0.0	0.000	0.000	0.000
246	  I	  0.6	  0.1	0.000	0.000	0.000
247	  S	  0.7	  0.1	0.000	0.000	0.000
248	  S	  1.1	  0.2	0.000	0.000	0.000
249	  A	  0.5	  0.4	0.000	0.000	0.000
250	  E	  0.5	  0.3	0.000	0.000	0.000
251	  S	  0.2	  0.3	0.000	0.000	0.000
252	  S	  0.2	  0.5	0.000	0.000	0.000
253	  P	  0.0	  0.4	0.000	0.000	0.000
254	  T	  4.0	  0.4	0.000	0.000	0.000
255	  V	  6.1	  0.4	0.000	0.000	0.000
256	  A	  6.3	  0.1	0.000	0.000	0.000
257	  S	  2.7	  0.2	0.145	0.000	0.000
258	  S	  1.1	  0.3	0.145	0.000	0.000
259	  T	  1.0	  0.4	0.145	0.000	0.000
260	  T	  0.8	  0.3	0.145	0.000	0.000
261	  G	  0.2	  0.2	0.145	0.000	0.000
262	  F	  0.1	  1.8	0.145	0.000	0.000
263	  P	  0.0	  1.7	0.000	0.000	0.000
264	  N	  0.1	  1.7	0.170	0.000	0.000
265	  I	  1.5	  1.7	0.170	0.000	0.000
266	  L	  1.5	  0.2	0.170	0.000	0.000
267	  S	  1.4	  0.3	0.170	0.000	0.000
268	  D	  0.5	  0.3	0.170	0.000	0.000
269	  L	  0.5	  0.3	0.170	0.000	0.000
270	  F	  0.5	  2.6	0.170	0.000	0.000
271	  P	  0.1	  2.7	0.000	0.000	0.000
272	  G	  0.0	  2.9	0.000	0.000	0.000
273	  K	  0.1	  2.9	0.000	0.000	0.000
274	  S	  0.4	  0.4	0.000	0.000	0.000
275	  S	  0.6	  0.3	0.000	0.000	0.000
276	  V	  0.5	  0.3	0.000	0.000	0.000
277	  P	  0.2	  0.4	0.000	0.000	0.000
278	  S	  0.9	  1.3	0.000	0.000	0.000
279	  S	  1.0	  1.4	0.000	0.000	0.000
280	  S	  1.3	  1.2	0.000	0.000	0.000
281	  A	  0.4	  1.1	0.000	0.000	0.000
282	  E	  0.4	  0.1	0.000	0.000	0.000
283	  T	  0.8	  0.2	0.000	0.000	0.000
284	  S	  1.5	  0.2	0.000	0.000	0.000
285	  T	  3.5	  0.1	0.000	0.000	0.000
286	  T	  6.6	  0.1	0.000	0.000	0.000
287	  V	  8.1	  0.0	0.000	0.000	0.000
288	  A	  6.0	  0.2	0.000	0.000	0.000
289	  S	  2.2	  0.2	0.000	0.000	0.000
290	  N	  0.4	  0.2	0.000	0.000	0.000
291	  T	  2.1	  0.2	0.000	0.000	0.000
292	  T	  4.9	  0.2	0.000	0.000	0.000
293	  T	  4.6	  0.4	0.000	0.000	0.000
294	  S	  3.0	  0.7	0.000	0.000	0.000
295	  G	  0.1	  0.8	0.000	0.000	0.000
296	  G	  0.0	  0.7	0.000	0.000	0.000
297	  G	  0.0	  0.5	0.000	0.000	0.000
298	  F	  0.0	  1.8	0.000	0.000	0.000
299	  P	  0.0	  1.7	0.000	0.000	0.000
300	  N	  0.1	  1.7	0.170	0.000	0.000
301	  I	  1.5	  1.7	0.170	0.000	0.000
302	  L	  1.5	  0.2	0.170	0.000	0.000
303	  S	  1.4	  0.3	0.170	0.000	0.000
304	  D	  0.5	  0.3	0.170	0.000	0.000
305	  L	  0.5	  0.3	0.170	0.000	0.000
306	  F	  0.5	  2.6	0.170	0.000	0.000
307	  P	  0.1	  2.7	0.000	0.000	0.000
308	  G	  0.0	  2.9	0.000	0.000	0.000
309	  K	  0.1	  2.9	0.000	0.000	0.000
310	  S	  0.4	  0.4	0.000	0.000	0.000
311	  S	  0.6	  0.3	0.000	0.000	0.000
312	  V	  0.5	  0.3	0.000	0.000	0.000
313	  P	  0.2	  0.4	0.000	0.000	0.000
314	  S	  0.9	  1.3	0.000	0.000	0.000
315	  S	  1.0	  1.4	0.000	0.000	0.000
316	  S	  1.3	  1.2	0.000	0.000	0.000
317	  A	  0.4	  1.1	0.000	0.000	0.000
318	  E	  0.4	  0.4	0.000	0.000	0.000
319	  E	  0.1	  0.4	0.000	0.000	0.000
320	  D	  0.0	  0.5	0.000	0.000	0.000
321	  D	  0.0	  0.8	0.000	0.000	0.000
322	  E	  0.0	  0.6	0.000	0.000	0.000
323	  E	  0.5	  0.5	0.000	0.000	0.000
324	  C	  1.5	  0.4	0.000	0.000	0.000
325	  E	  1.5	  0.0	0.000	0.000	0.000
326	  D	  1.0	  0.7	0.000	0.000	0.000
327	  P	  0.0	  0.7	0.000	0.000	0.000
328	  T	  0.2	  0.8	0.000	0.000	0.000
329	  E	  0.3	  0.8	0.000	0.000	0.000
330	  S	  3.9	  0.1	0.000	0.000	0.000
331	  V	  6.3	  0.1	0.000	0.000	0.000
332	  T	  6.4	  0.3	0.000	0.000	0.000
333	  S	  2.8	  0.5	0.000	0.000	0.000
334	  N	  0.3	  0.5	0.000	0.000	0.000
335	  S	  0.3	  0.5	0.000	0.000	0.000
336	  S	  0.2	  1.6	0.000	0.000	0.000
337	  P	  0.0	  1.5	0.000	0.000	0.000
338	  T	  0.0	  1.8	0.000	0.000	0.000
339	  G	  0.0	  1.8	0.000	0.000	0.000
340	  G	  0.1	  0.5	0.000	0.000	0.000
341	  I	  4.5	  0.4	0.000	0.000	0.000
342	  S	  4.6	  0.1	0.000	0.000	0.000
343	  I	  4.6	  0.3	0.000	0.000	0.000
344	  P	  0.1	  0.3	0.000	0.000	0.000
345	  T	  0.8	  0.3	0.000	0.000	0.000
346	  F	  0.8	  0.3	0.000	0.000	0.000
347	  P	  0.8	  0.0	0.000	0.000	0.000
348	  I	  2.5	  0.0	0.000	0.000	0.000
349	  T	  3.5	  0.1	0.000	0.000	0.000
350	  S	  5.0	  0.7	0.000	0.000	0.000
351	  Q	  2.8	  0.7	0.000	0.000	0.000
352	  S	  2.2	  0.8	0.000	0.000	0.000
353	  K	  0.9	  0.8	0.000	0.000	0.000
354	  T	  1.5	  0.2	0.000	0.000	0.000
355	  S	 10.9	  0.3	0.000	0.000	0.000
356	  V	 11.9	  0.2	0.000	0.718	0.718
357	  S	 11.2	  0.2	0.000	0.718	0.718
358	  S	  2.1	  0.2	0.000	0.718	0.718
359	  V	  4.7	  0.0	0.000	0.718	0.718
360	  V	  5.4	  0.0	0.000	0.718	0.718
361	  S	  6.8	  0.6	0.000	0.000	0.000
362	  K	  3.6	  0.7	0.000	0.000	0.000
363	  S	  4.5	  0.8	0.000	0.000	0.000
364	  T	  2.5	  0.9	0.000	0.000	0.000
365	  S	  2.0	  3.0	0.000	0.000	0.000
366	  E	  0.2	  3.0	0.000	0.000	0.000
367	  D	  0.1	  5.9	0.000	0.000	0.000
368	  D	  0.0	  7.9	0.000	0.000	0.000
369	  D	  0.0	  5.3	0.176	0.000	0.000
370	  D	  0.0	  5.4	0.176	0.000	0.000
371	  E	  0.0	  2.4	0.176	0.000	0.000
372	  T	  0.2	  0.4	0.176	0.000	0.000
373	  E	  0.6	  0.3	0.176	0.000	0.000
374	  C	  0.8	  0.3	0.176	0.000	0.000
375	  E	  0.7	  0.3	0.000	0.000	0.000
376	  T	  0.7	  0.3	0.000	0.000	0.000
377	  D	  0.6	  0.3	0.000	0.000	0.000
378	  I	  0.5	  0.0	0.000	0.000	0.000
379	  P	  0.1	  0.0	0.000	0.000	0.000
380	  T	  4.2	  0.0	0.000	0.000	0.000
381	  I	  4.7	  0.0	0.000	0.000	0.000
382	  I	  4.7	  0.7	0.000	0.000	0.000
383	  P	  0.5	  1.1	0.000	0.000	0.000
384	  S	  0.3	  1.3	0.000	0.000	0.000
385	  G	  0.3	  1.3	0.000	0.000	0.000
386	  S	  1.4	  0.7	0.000	0.000	0.000
387	  V	  1.5	  0.3	0.000	0.000	0.000
388	  L	  1.5	  0.2	0.000	0.000	0.000
389	  P	  0.4	  0.2	0.000	0.000	0.000
390	  T	  2.9	  0.2	0.000	0.000	0.000
391	  T	  3.7	  0.2	0.000	0.000	0.000
392	  S	  4.8	  0.1	0.000	0.000	0.000
393	  V	  2.4	  0.0	0.000	0.000	0.000
394	  L	  1.5	  0.2	0.000	0.000	0.000
395	  P	  0.4	  0.2	0.000	0.000	0.000
396	  T	  4.2	  0.2	0.000	0.000	0.000
397	  I	  4.6	  0.2	0.000	0.000	0.000
398	  I	  4.6	  0.4	0.000	0.000	0.000
399	  P	  0.5	  0.6	0.000	0.000	0.000
400	  T	  0.2	  1.5	0.000	0.000	0.000
401	  G	  0.1	  1.9	0.000	0.000	0.000
402	  S	  0.4	  1.8	0.000	0.000	0.000
403	  G	  0.2	  1.6	0.000	0.000	0.000
404	  S	  2.8	  0.7	0.000	0.000	0.000
405	  I	 15.4	  0.3	0.000	0.000	0.000
406	  T	 19.9	  0.0	0.000	0.000	0.000
407	  I	 17.7	  0.0	0.000	0.000	0.000
408	  L	  5.3	  0.2	0.000	0.000	0.000
409	  P	  0.3	  0.2	0.000	0.000	0.000
410	  T	  3.1	  0.3	0.000	0.000	0.000
411	  K	  3.4	  0.4	0.000	0.000	0.000
412	  S	  4.1	  0.3	0.000	0.000	0.000
413	  A	  1.2	  0.3	0.000	0.000	0.000
414	  T	  0.9	  0.6	0.000	0.000	0.000
415	  S	  0.2	  2.1	0.000	0.000	0.000
416	  D	  0.1	  5.0	0.000	0.000	0.000
417	  D	  0.0	  8.0	0.000	0.000	0.000
418	  D	  0.0	  9.6	0.000	0.000	0.000
419	  D	  0.0	  8.1	0.000	0.000	0.000
420	  D	  0.0	  5.4	0.000	0.000	0.000
421	  E	  0.1	  2.5	0.000	0.000	0.000
422	  T	  0.4	  0.5	0.000	0.000	0.000
423	  D	  1.5	  0.4	0.000	0.000	0.000
424	  C	  1.6	  0.3	0.000	0.000	0.000
425	  E	  1.4	  0.3	0.000	0.000	0.000
426	  T	  0.7	  0.3	0.000	0.000	0.000
427	  D	  0.6	  0.3	0.000	0.000	0.000
428	  I	  0.5	  0.0	0.000	0.000	0.000
429	  P	  0.1	  0.0	0.000	0.000	0.000
430	  T	  7.9	  0.0	0.000	0.000	0.000
431	  I	  8.5	  0.0	0.000	0.000	0.000
432	  V	  8.5	  0.0	0.000	0.000	0.000
433	  P	  0.6	  0.0	0.000	0.000	0.000
434	  T	  0.2	  0.2	0.000	0.000	0.000
435	  E	  0.3	  0.2	0.000	0.000	0.000
436	  S	  1.0	  0.3	0.000	0.000	0.000
437	  A	  1.6	  0.3	0.000	0.000	0.000
438	  T	  5.7	  0.1	0.000	0.000	0.000
439	  I	  5.4	  0.1	0.000	0.000	0.000
440	  I	  4.6	  0.4	0.000	0.000	0.000
441	  P	  0.5	  0.6	0.000	0.000	0.000
442	  T	  0.2	  1.5	0.000	0.000	0.000
443	  G	  0.1	  1.9	0.000	0.000	0.000
444	  S	  0.4	  1.7	0.000	0.000	0.000
445	  G	  0.2	  1.6	0.000	0.000	0.000
446	  S	  3.6	  0.6	0.000	0.000	0.000
447	  V	 12.6	  0.2	0.000	0.324	0.324
448	  T	 16.2	  0.0	0.000	0.324	0.324
449	  I	 13.4	  0.0	0.000	0.324	0.324
450	  I	  4.3	  0.4	0.000	0.324	0.324
451	  P	  0.4	  0.5	0.000	0.324	0.324
452	  T	  0.2	  1.4	0.000	0.000	0.000
453	  G	  0.1	  1.7	0.000	0.000	0.000
454	  S	  0.3	  1.6	0.000	0.000	0.000
455	  G	  0.2	  1.5	0.000	0.000	0.000
456	  S	  2.6	  0.6	0.000	0.000	0.000
457	  I	 19.5	  0.3	0.000	0.000	0.000
458	  T	 25.5	  0.0	0.000	0.000	0.000
459	  V	 23.5	  0.0	0.000	0.000	0.000
460	  L	  7.2	  0.2	0.000	0.000	0.000
461	  P	  0.3	  0.2	0.000	0.000	0.000
462	  T	  3.0	  0.3	0.000	0.000	0.000
463	  K	  3.3	  0.3	0.000	0.000	0.000
464	  S	  4.1	  0.3	0.000	0.000	0.000
465	  A	  1.2	  0.3	0.000	0.000	0.000
466	  T	  0.9	  0.6	0.000	0.000	0.000
467	  S	  0.2	  2.1	0.000	0.000	0.000
468	  D	  0.1	  5.0	0.000	0.000	0.000
469	  D	  0.0	  8.0	0.000	0.000	0.000
470	  D	  0.0	  9.6	0.000	0.000	0.000
471	  D	  0.0	  8.1	0.000	0.000	0.000
472	  D	  0.0	  5.4	0.000	0.000	0.000
473	  E	  0.1	  2.5	0.000	0.000	0.000
474	  T	  0.4	  0.5	0.000	0.000	0.000
475	  D	  1.5	  0.4	0.000	0.000	0.000
476	  C	  1.6	  0.3	0.000	0.000	0.000
477	  E	  1.4	  0.3	0.000	0.000	0.000
478	  T	  0.7	  0.3	0.000	0.000	0.000
479	  D	  0.6	  0.3	0.000	0.000	0.000
480	  I	  0.5	  0.0	0.000	0.000	0.000
481	  P	  0.1	  0.0	0.000	0.000	0.000
482	  T	  4.3	  0.0	0.000	0.000	0.000
483	  I	  4.7	  0.0	0.000	0.000	0.000
484	  I	  4.7	  0.4	0.000	0.000	0.000
485	  P	  0.5	  0.5	0.000	0.000	0.000
486	  T	  0.1	  0.6	0.000	0.000	0.000
487	  G	  0.1	  0.6	0.337	0.000	0.000
488	  T	  1.1	  0.2	0.337	0.000	0.000
489	  A	  1.7	  0.1	0.337	0.000	0.000
490	  T	 22.3	  0.0	0.337	0.000	0.000
491	  I	 21.7	  0.0	0.337	0.000	0.000
492	  K	 21.1	  0.5	0.337	0.000	0.000
493	  P	  0.4	  0.7	0.000	0.000	0.000
494	  T	  0.1	  1.4	0.000	0.000	0.000
495	  G	  0.1	  1.8	0.000	0.000	0.000
496	  S	  0.3	  1.5	0.000	0.000	0.000
497	  G	  0.2	  1.4	0.000	0.000	0.000
498	  S	  2.6	  0.6	0.000	0.000	0.000
499	  I	 19.5	  0.3	0.000	0.000	0.000
500	  T	 25.5	  0.0	0.000	0.000	0.000
501	  V	 23.5	  0.0	0.000	0.000	0.000
502	  L	  7.2	  0.2	0.000	0.000	0.000
503	  P	  0.3	  0.2	0.000	0.000	0.000
504	  T	  3.0	  0.3	0.000	0.000	0.000
505	  K	  3.6	  0.3	0.000	0.000	0.000
506	  S	  4.3	  0.2	0.000	0.000	0.000
507	  T	  2.9	  0.2	0.000	0.000	0.000
508	  T	  2.6	  0.2	0.000	0.000	0.000
509	  T	  2.0	  0.4	0.000	0.000	0.000
510	  D	  0.4	  3.4	0.000	0.000	0.000
511	  D	  0.0	  6.3	0.000	0.000	0.000
512	  D	  0.0	  8.3	0.000	0.000	0.000
513	  D	  0.0	  8.1	0.000	0.000	0.000
514	  D	  0.0	  5.5	0.000	0.000	0.000
515	  E	  0.1	  2.5	0.000	0.000	0.000
516	  T	  0.4	  0.5	0.000	0.000	0.000
517	  D	  1.5	  0.4	0.000	0.000	0.000
518	  C	  1.6	  0.3	0.000	0.000	0.000
519	  E	  1.3	  0.2	0.000	0.000	0.000
520	  T	  0.4	  0.2	0.000	0.000	0.000
521	  E	  0.3	  0.2	0.000	0.000	0.000
522	  I	  0.3	  0.0	0.000	0.000	0.000
523	  P	  0.1	  0.0	0.000	0.000	0.000
524	  T	  4.9	  0.0	0.000	0.000	0.000
525	  I	  5.0	  0.0	0.000	0.000	0.000
526	  H	  5.0	  0.4	0.000	0.000	0.000
527	  P	  0.2	  0.4	0.000	0.000	0.000
528	  T	 16.8	  0.4	0.000	0.000	0.000
529	  V	 17.5	  0.4	0.000	0.000	0.000
530	  S	 18.0	  0.1	0.000	0.000	0.000
531	  T	  2.2	  0.1	0.000	0.000	0.000
532	  T	  1.7	  0.1	0.000	0.000	0.000
533	  R	  2.3	  0.1	0.000	0.000	0.000
534	  T	 20.4	  0.1	0.000	0.000	0.000
535	  F	 22.4	  0.1	0.000	0.000	0.000
536	  T	 21.4	  0.8	0.000	0.000	0.000
537	  S	  2.8	  1.1	0.000	0.000	0.000
538	  D	  0.1	  1.1	0.000	0.000	0.000
539	  G	  0.0	  1.1	0.000	0.000	0.000
540	  V	  0.0	  0.3	0.000	0.000	0.000
541	  P	  0.0	  0.0	0.000	0.000	0.000
542	  T	  2.3	  0.0	0.000	0.000	0.000
543	  T	  3.0	  0.1	0.000	0.000	0.000
544	  Q	  3.2	  0.1	0.000	0.000	0.000
545	  T	  3.6	  0.1	0.141	0.000	0.000
546	  L	  3.1	  0.1	0.141	0.000	0.000
547	  T	  5.6	  0.0	0.141	0.000	0.000
548	  T	  4.6	  0.0	0.141	0.000	0.000
549	  K	  4.3	  0.0	0.141	0.000	0.000
550	  L	  1.8	  0.0	0.141	0.000	0.000
551	  P	  0.0	  0.2	0.000	0.000	0.000
552	  P	  0.0	  0.3	0.000	0.000	0.000
553	  T	  0.5	  0.3	0.000	0.000	0.000
554	  T	  1.1	  0.4	0.000	0.000	0.000
555	  N	  1.1	  0.2	0.000	0.000	0.000
556	  Q	  1.1	  0.2	0.000	0.000	0.000
557	  H	  0.8	  0.1	0.000	0.000	0.000
558	  T	  0.8	  0.2	0.000	0.000	0.000
559	  E	  0.4	  0.1	0.000	0.000	0.000
560	  T	  0.4	  0.1	0.000	0.000	0.000
561	  E	  0.8	  0.1	0.000	0.000	0.000
562	  V	  3.9	  0.0	0.000	18.194	18.194
563	  V	  6.0	  0.0	0.000	19.436	19.436
564	  S	  7.6	  0.0	0.000	19.436	19.436
565	  I	 18.0	  0.0	0.000	19.436	19.436
566	  T	 31.1	  0.0	0.000	19.436	19.436
567	  Y	 29.9	  0.1	0.000	16.785	16.785
568	  T	 17.9	  0.2	0.000	6.623	6.623
569	  G	  1.1	  0.5	0.000	0.508	0.508
570	  G	  0.0	  0.5	0.000	0.000	0.000
571	  G	  0.0	  0.6	0.000	0.000	0.000
572	  Q	  0.8	  0.4	0.000	0.126	0.126
573	  T	 19.1	  0.1	0.000	5.496	5.496
574	  F	 20.4	  0.1	0.000	13.681	13.681
575	  T	 22.5	  0.0	0.000	13.916	13.916
576	  T	  6.8	  0.0	0.000	13.916	13.916
577	  Y	  5.7	  0.0	0.000	13.916	13.916
578	  L	  3.2	  0.0	0.000	13.390	13.390
579	  T	  2.7	  0.3	0.000	5.208	5.208
580	  Q	  2.4	  0.5	0.000	0.126	0.126
581	  S	  2.1	  0.6	0.000	0.000	0.000
582	  G	  0.1	  0.6	0.000	0.000	0.000
583	  E	  0.5	  0.3	0.000	0.000	0.000
584	  I	  0.6	  0.1	0.000	0.000	0.000
585	  C	  0.6	  0.1	0.000	0.000	0.000
586	  D	  0.2	  0.2	0.000	0.000	0.000
587	  E	  0.1	  0.2	0.000	0.000	0.000
588	  T	  9.3	  0.1	0.000	3.482	3.482
589	  V	 14.9	  0.1	0.000	16.652	16.652
590	  T	 17.0	  0.0	0.000	18.023	18.023
591	  L	 10.9	  0.0	0.000	19.094	19.094
592	  T	 14.3	  0.0	0.000	19.094	19.094
593	  I	 14.9	  0.0	0.000	18.958	18.958
594	  T	 13.5	  0.0	0.000	11.227	11.227
595	  T	  7.0	  0.0	0.000	5.845	5.845
596	  T	  4.5	  0.0	0.000	2.196	2.196
597	  C	  3.0	  0.6	0.000	0.000	0.000
598	  P	  0.3	  0.6	0.000	0.000	0.000
599	  S	  0.6	  0.7	0.000	0.000	0.000
600	  T	  2.6	  0.7	0.000	0.000	0.000
601	  T	 11.4	  0.1	0.000	0.000	0.000
602	  V	 11.2	  0.0	0.000	0.000	0.000
603	  A	  9.2	  1.0	0.000	0.000	0.000
604	  P	  0.4	  1.3	0.000	0.000	0.000
605	  G	  0.0	  1.4	0.000	0.011	0.011
606	  G	  0.0	  1.4	0.000	0.274	0.274
607	  Q	  1.2	  0.4	0.000	3.246	3.246
608	  I	  2.4	  0.0	0.000	74.922	74.922
609	  Y	  3.6	  0.0	0.000	81.149	81.149
610	  T	  3.6	  0.0	0.000	82.831	82.831
611	  T	  3.9	  0.0	0.000	85.625	85.625
612	  T	 11.9	  0.0	0.000	90.126	90.126
613	  V	 26.0	  0.0	0.000	93.832	93.832
614	  T	 26.9	  0.0	0.000	93.508	93.508
615	  V	 21.7	  0.0	0.000	93.254	93.254
616	  I	  7.9	  0.0	0.000	89.812	89.812
617	  T	  6.1	  0.0	0.000	47.963	47.963
618	  T	  5.6	  0.0	0.000	20.511	20.511
619	  H	  5.4	  0.0	0.000	3.865	3.865
620	  T	 12.9	  0.0	0.000	3.446	3.446
621	  V	 10.9	  0.0	0.000	3.202	3.202
622	  Y	  8.7	  1.1	0.000	0.090	0.090
623	  P	  0.3	  1.3	0.000	0.023	0.023
624	  D	  0.0	  1.3	0.000	0.000	0.000
625	  D	  1.0	  1.3	0.000	0.000	0.000
626	  W	  1.4	  0.6	0.000	0.000	0.000
627	  E	  1.4	  0.8	0.000	0.000	0.000
628	  D	  0.4	  1.1	0.000	0.000	0.000
629	  D	  0.0	  1.2	0.000	0.000	0.000
630	  G	  0.1	  0.8	0.000	0.000	0.000
631	  Y	  0.4	  0.8	0.000	0.000	0.000
632	  E	  0.4	  0.7	0.000	0.000	0.000
633	  G	  0.3	  1.3	0.000	0.000	0.000
634	  E	  0.0	  1.4	0.000	0.000	0.000
635	  D	  0.0	  1.0	0.000	0.000	0.000
636	  N	  0.0	  1.3	0.000	0.000	0.000
637	  A	  0.0	  1.0	0.000	0.000	0.000
638	  G	  0.0	  1.1	0.000	0.000	0.000
639	  G	  0.1	  1.1	0.000	0.000	0.000
640	  S	  2.9	  3.8	0.000	0.000	0.000
641	  A	  3.0	  3.9	0.000	0.000	0.000
642	  S	  3.1	  4.8	0.000	0.000	0.000
643	  G	  0.3	  4.9	0.000	0.000	0.000
644	  S	  0.3	  4.0	0.000	0.000	0.000
645	  S	  0.1	  7.5	0.000	0.000	0.000
646	  D	  0.1	  7.1	0.000	0.000	0.000
647	  D	  0.0	  6.9	0.000	0.000	0.000
648	  G	  0.0	  4.6	0.000	0.000	0.000
649	  E	  0.5	  0.8	0.000	0.000	0.000
650	  W	  2.4	  0.0	0.000	0.000	0.000
651	  E	  2.7	  0.0	0.000	0.000	0.000
652	  W	  3.5	  0.0	0.000	0.000	0.000
653	  Y	  2.3	  0.1	0.000	0.000	0.000
654	  E	  2.0	  0.3	0.000	0.000	0.000
655	  E	  0.7	  0.7	0.000	0.000	0.000
656	  D	  0.0	  1.5	0.000	0.000	0.000
657	  D	  0.0	  1.5	0.000	0.000	0.000
658	  G	  0.0	  1.3	0.000	0.000	0.000
659	  E	  0.1	  0.9	0.000	0.000	0.000
660	  C	  0.3	  0.1	0.000	0.000	0.000
661	  V	  0.3	  0.4	0.000	0.000	0.000
662	  P	  0.2	  0.5	0.000	0.000	0.000
663	  T	  0.0	  0.6	0.000	0.000	0.000
664	  G	  0.0	  1.1	0.000	0.000	0.000
665	  G	  0.0	  0.9	0.000	0.000	0.000
666	  S	  0.8	  3.6	0.000	0.000	0.000
667	  S	  0.9	  4.0	0.000	0.000	0.000
668	  S	  1.1	  5.3	0.000	0.000	0.000
669	  G	  0.3	  5.4	0.000	0.000	0.000
670	  S	  0.3	  3.3	0.000	0.000	0.000
671	  G	  0.1	  2.9	0.000	0.000	0.000
672	  T	  0.2	  1.1	0.000	0.000	0.000
673	  G	  0.2	  0.9	0.000	0.000	0.000
674	  S	  0.8	  0.2	0.000	0.000	0.000
675	  W	  0.8	  0.2	0.000	0.000	0.000
676	  W	  0.8	  0.9	0.000	0.000	0.000
677	  G	  0.2	  1.3	0.000	0.000	0.000
678	  S	  0.1	  1.9	0.000	0.000	0.000
679	  G	  0.0	  2.4	0.000	0.000	0.000
680	  A	  0.0	  2.3	0.000	0.000	0.000
681	  G	  0.0	  2.5	0.000	0.000	0.000
682	  S	  0.1	  2.1	0.000	0.000	0.000
683	  S	  0.1	  1.8	0.000	0.000	0.000
684	  G	  0.1	  1.5	0.000	0.000	0.000
685	  G	  0.1	  1.0	0.000	0.000	0.000
686	  T	  2.8	  0.9	0.000	0.000	0.000
687	  T	  2.8	  0.8	0.000	0.000	0.000
688	  S	  3.0	  2.3	0.000	0.000	0.000
689	  G	  0.3	  2.7	0.000	0.000	0.000
690	  S	  0.5	  4.4	0.000	0.000	0.000
691	  G	  0.2	  4.5	0.000	0.000	0.000
692	  S	  0.5	  3.8	0.000	0.000	0.000
693	  G	  0.3	  3.6	0.000	0.000	0.000
694	  S	  1.1	  2.8	0.000	0.000	0.000
695	  S	  0.9	  4.0	0.000	0.000	0.000
696	  S	  1.0	  3.5	0.000	0.000	0.000
697	  N	  0.2	  3.9	0.000	0.000	0.000
698	  S	  0.1	  3.3	0.000	0.000	0.000
699	  G	  0.0	  1.9	0.000	0.000	0.000
700	  A	  0.2	  1.6	0.000	0.000	0.000
701	  S	  0.2	  1.3	0.000	0.000	0.000
702	  S	  0.2	  1.3	0.000	0.000	0.000
703	  G	  0.1	  1.1	0.000	0.000	0.000
704	  G	  0.1	  0.7	0.000	0.000	0.000
705	  T	  0.7	  0.6	0.000	0.000	0.000
706	  W	  0.7	  0.3	0.000	0.000	0.000
707	  G	  0.7	  1.1	0.000	0.000	0.000
708	  G	  0.0	  1.3	0.000	0.000	0.000
709	  S	  0.1	  3.7	0.000	0.000	0.000
710	  G	  0.1	  3.6	0.000	0.000	0.000
711	  N	  0.1	  2.8	0.000	0.000	0.000
712	  D	  0.4	  2.6	0.000	0.000	0.000
713	  Y	  3.6	  0.1	0.000	0.000	0.000
714	  V	  3.6	  0.0	0.000	0.000	0.000
715	  C	  3.2	  3.1	0.000	0.000	0.000
716	  P	  0.1	  3.2	0.000	0.000	0.000
717	  G	  0.0	  3.5	0.000	0.000	0.000
718	  E	  0.0	  3.7	0.000	0.000	0.000
719	  E	  0.0	  0.6	0.000	0.000	0.000
720	  G	  0.1	  0.6	0.000	0.000	0.000
721	  Y	  0.4	  0.5	0.000	0.000	0.000
722	  D	  0.4	  0.4	0.000	0.000	0.000
723	  D	  0.3	  0.4	0.000	0.000	0.000
724	  E	  0.0	  0.3	0.000	0.000	0.000
725	  E	  0.0	  0.8	0.000	0.000	0.000
726	  P	  0.0	  1.4	0.000	0.000	0.000
727	  D	  0.0	  2.3	0.000	0.000	0.000
728	  N	  0.0	  2.5	0.000	0.000	0.000
729	  G	  0.0	  1.8	0.000	0.000	0.000
730	  G	  0.0	  1.1	0.000	0.000	0.000
731	  S	  0.7	  0.2	0.000	0.000	0.000
732	  W	  0.8	  0.1	0.000	0.000	0.000
733	  W	  0.8	  0.3	0.000	0.000	0.000
734	  G	  0.1	  1.1	0.000	0.000	0.000
735	  G	  0.0	  1.5	0.000	0.000	0.000
736	  S	  0.3	  3.2	0.000	0.000	0.000
737	  G	  0.3	  3.5	0.000	0.000	0.000
738	  S	  0.5	  3.9	0.000	0.000	0.000
739	  G	  0.3	  3.6	0.000	0.000	0.000
740	  S	  1.0	  4.4	0.000	0.000	0.000
741	  S	  0.8	  4.5	0.000	0.000	0.000
742	  S	  1.1	  4.5	0.000	0.000	0.000
743	  G	  0.3	  4.5	0.000	0.000	0.000
744	  S	  1.1	  4.5	0.000	0.000	0.000
745	  S	  0.9	  4.3	0.000	0.000	0.000
746	  S	  0.9	  3.1	0.000	0.000	0.000
747	  G	  0.1	  3.0	0.000	0.000	0.000
748	  V	  1.3	  0.5	0.000	0.000	0.000
749	  S	  1.3	  0.6	0.000	0.000	0.000
750	  S	  1.3	  3.5	0.000	0.000	0.000
751	  G	  0.1	  3.9	0.000	0.000	0.000
752	  D	  0.0	  4.6	0.000	0.000	0.000
753	  S	  0.2	  5.5	0.000	0.000	0.000
754	  G	  0.3	  2.6	0.000	0.000	0.000
755	  S	  1.1	  3.0	0.000	0.000	0.000
756	  S	  1.0	  2.0	0.119	0.000	0.000
757	  S	  4.5	  0.9	0.119	0.000	0.000
758	  V	  4.4	  0.7	0.119	0.000	0.000
759	  T	  4.2	  0.2	0.119	0.000	0.000
760	  G	  0.6	  0.7	0.119	0.000	0.000
761	  G	  0.0	  1.2	0.119	0.000	0.000
762	  S	  0.1	  1.7	0.000	0.000	0.000
763	  S	  0.3	  1.7	0.000	0.000	0.000
764	  G	  0.4	  1.2	0.000	0.000	0.000
765	  S	  0.9	  0.6	0.000	0.000	0.000
766	  W	  0.8	  0.2	0.000	0.000	0.000
767	  W	  0.8	  0.3	0.000	0.000	0.000
768	  G	  0.1	  1.1	0.000	0.000	0.000
769	  G	  0.0	  1.2	0.000	0.000	0.000
770	  S	  0.1	  3.7	0.000	0.000	0.000
771	  G	  0.1	  3.6	0.000	0.000	0.000
772	  N	  0.1	  2.8	0.000	0.000	0.000
773	  D	  0.4	  2.7	0.000	0.000	0.000
774	  Y	  3.5	  0.1	0.000	0.000	0.000
775	  V	  3.5	  0.0	0.000	0.000	0.000
776	  C	  3.2	  3.1	0.000	0.000	0.000
777	  P	  0.1	  3.2	0.000	0.000	0.000
778	  G	  0.0	  4.6	0.000	0.000	0.000
779	  E	  0.0	  5.1	0.000	0.000	0.000
780	  D	  0.0	  2.0	0.000	0.000	0.000
781	  G	  0.1	  2.0	0.000	0.000	0.000
782	  Y	  0.4	  0.8	0.000	0.000	0.000
783	  D	  0.4	  0.4	0.000	0.000	0.000
784	  D	  0.3	  5.7	0.000	0.000	0.000
785	  E	  0.0	  5.7	0.000	0.000	0.000
786	  D	  0.0	  5.7	0.000	0.000	0.000
787	  D	  0.1	  5.5	0.000	0.000	0.000
788	  Q	  0.1	  0.2	0.000	0.000	0.000
789	  T	  0.1	  0.1	0.000	0.000	0.000
790	  P	  0.0	  0.0	0.000	0.000	0.000
791	  E	  0.0	  0.2	0.000	0.000	0.000
792	  P	  0.0	  0.3	0.000	0.000	0.000
793	  E	  0.7	  0.3	0.000	0.000	0.000
794	  C	  0.8	  0.6	0.000	0.000	0.000
795	  D	  0.8	  0.6	0.000	0.000	0.000
796	  D	  0.1	  5.5	0.000	0.000	0.000
797	  E	  0.0	  5.5	0.000	0.000	0.000
798	  D	  0.0	  5.7	0.000	0.000	0.000
799	  D	  0.4	  5.7	0.000	0.000	0.000
800	  S	  5.3	  1.4	0.000	0.000	0.000
801	  W	  5.5	  1.5	0.000	0.000	0.000
802	  D	  5.1	  3.0	0.000	0.000	0.000
803	  D	  0.2	  3.0	0.000	0.000	0.000
804	  D	  0.0	  2.7	0.000	0.000	0.000
805	  E	  0.0	  2.5	0.000	0.000	0.000
806	  E	  0.7	  0.5	0.000	0.000	0.000
807	  C	  0.8	  0.5	0.399	0.000	0.000
808	  D	  1.0	  0.2	1.085	0.000	0.000
809	  T	  0.7	  0.2	2.860	0.000	0.000
810	  Q	  0.6	  0.2	2.860	0.000	0.000
811	  A	  0.5	  0.1	2.860	0.000	0.000
812	  A	  0.1	  0.1	2.860	0.000	0.000
813	  K	  0.6	  0.0	2.860	0.000	0.000
814	  E	  1.0	  0.0	2.133	0.000	0.000
815	  V	  4.6	  0.1	0.624	14.538	14.538
816	  V	  5.2	  0.0	0.432	14.653	14.653
817	  N	  4.9	  0.0	0.957	14.653	14.653
818	  S	  4.4	  0.0	0.684	15.025	15.025
819	  V	 20.3	  0.0	0.524	16.391	16.391
820	  T	 23.1	  0.0	0.626	15.330	15.330
821	  V	 21.3	  0.0	0.626	14.691	14.691
822	  A	  4.5	  0.0	0.626	6.847	6.847
823	  A	  1.0	  0.1	0.460	3.880	3.880
824	  E	  0.1	  0.1	0.460	0.000	0.000
825	  S	  1.5	  0.1	0.201	0.000	0.000
826	  V	  1.8	  0.1	0.000	0.000	0.000
827	  Y	  1.8	  0.3	0.000	0.000	0.000
828	  P	  0.3	  0.4	0.000	0.000	0.000
829	  S	  0.7	  0.4	0.000	0.000	0.000
830	  T	  1.3	  0.4	0.000	0.000	0.000
831	  T	  1.6	  0.1	0.000	0.000	0.000
832	  A	  1.0	  0.2	0.000	0.000	0.000
833	  A	  0.8	  0.2	0.000	0.000	0.000
834	  S	  2.1	  0.2	0.000	0.000	0.000
835	  L	  2.3	  0.2	0.000	0.786	0.786
836	  T	  4.7	  0.0	0.000	0.923	0.923
837	  T	  4.3	  0.0	0.000	0.923	0.923
838	  S	  4.6	  0.0	0.000	0.923	0.923
839	  W	  2.4	  0.0	0.000	0.923	0.923
840	  I	  2.0	  0.0	0.000	0.923	0.923
841	  S	  1.8	  0.1	1.110	0.000	0.000
842	  T	  2.0	  0.1	1.110	0.000	0.000
843	  Q	  1.1	  0.1	1.110	0.000	0.000
844	  T	  1.8	  0.1	1.110	0.000	0.000
845	  A	  1.1	  0.1	1.110	0.000	0.000
846	  Q	  1.4	  0.1	1.110	0.000	0.000
847	  S	  3.9	  0.1	0.218	0.000	0.000
848	  V	  7.2	  0.1	0.000	0.000	0.000
849	  T	  7.6	  0.0	0.111	0.000	0.000
850	  Q	  6.6	  0.0	0.111	0.000	0.000
851	  I	  3.3	  0.1	0.111	0.000	0.000
852	  E	  2.6	  0.1	0.111	0.000	0.000
853	  N	  0.2	  0.3	0.111	0.000	0.000
854	  I	  0.1	  3.7	0.111	0.000	0.000
855	  G	  0.1	  3.6	0.111	0.000	0.000
856	  G	  0.1	  3.6	0.111	0.000	0.000
857	  K	  1.1	  3.4	0.000	0.002	0.002
858	  V	  3.1	  0.0	0.000	5.503	5.503
859	  S	  5.9	  3.3	0.000	5.957	5.957
860	  A	  4.8	  3.4	0.000	6.659	6.659
861	  S	  3.0	  3.5	0.000	7.487	7.487
862	  G	  0.1	  3.5	0.000	14.095	14.095
863	  L	  0.6	  0.2	0.000	86.866	86.866
864	  F	  2.7	  0.1	0.000	98.902	98.902
865	  V	 10.2	  0.0	0.000	99.827	99.827
866	  V	 10.2	  0.0	0.000	99.900	99.900
867	  L	  8.2	  0.0	0.000	99.835	99.835
868	  G	  0.6	  0.0	0.000	95.955	95.955
869	  L	  0.9	  0.0	0.000	95.551	95.551
870	  L	  2.1	  0.0	0.000	93.201	93.201
871	  L	  2.1	  0.0	0.000	87.134	87.134
872	  I	  1.2	  0.0	0.000	0.034	0.034
