res	aa	Beta	Turn	Helix	Aggregation	Conc-Stab_Aggregation
01	  M	  5.6	  0.0	0.000	0.000	0.000
02	  T	  5.8	  0.0	0.000	0.000	0.000
03	  L	  5.8	  0.0	0.000	0.000	0.000
04	  P	  0.2	  0.0	0.000	4.363	4.363
05	  L	  1.2	  0.0	0.000	4.363	4.363
06	  V	  3.1	  0.0	0.000	4.363	4.363
07	  F	  4.3	  0.0	0.000	4.363	4.363
08	  F	  7.2	  0.1	0.000	4.363	4.363
09	  K	  5.6	  0.5	0.000	0.000	0.000
10	  C	  4.6	  0.6	0.000	0.000	0.000
11	  G	  0.5	  0.8	0.000	0.000	0.000
12	  K	  1.2	  0.8	0.000	0.000	0.000
13	  S	  3.4	  0.4	0.000	0.000	0.000
14	  C	  4.8	  0.3	0.000	0.000	0.000
15	  F	  5.1	  0.1	0.000	0.000	0.000
16	  I	  3.7	  0.1	0.000	0.000	0.000
17	  N	  2.5	  0.2	1.456	0.000	0.000
18	  S	  1.9	  0.2	1.456	0.000	0.000
19	  T	  1.4	  0.2	1.550	0.000	0.000
20	  T	  1.5	  0.5	1.550	0.000	0.000
21	  A	  0.9	  0.4	1.550	0.000	0.000
22	  N	  0.3	  0.4	1.680	0.000	0.000
23	  K	  0.5	  0.4	0.973	0.000	0.000
24	  L	  0.8	  0.1	0.372	2.398	2.398
25	  I	  4.8	  0.1	0.130	2.787	2.787
26	  S	 12.9	  0.4	0.325	2.787	2.787
27	  Y	 14.0	  0.4	0.325	2.787	2.787
28	  N	 10.8	  0.4	0.195	2.787	2.787
29	  L	  2.3	  0.4	0.195	2.787	2.787
30	  F	  2.0	  0.1	0.195	2.615	2.615
31	  Q	  1.6	  0.1	0.195	0.000	0.000
32	  S	  1.7	  0.3	0.000	0.000	0.000
33	  S	  0.6	  0.3	0.000	0.000	0.000
34	  T	  0.8	  0.2	0.000	0.000	0.000
35	  E	  5.4	  0.2	0.000	0.000	0.000
36	  V	  6.2	  0.1	0.000	0.000	0.000
37	  D	  6.1	  0.1	0.000	0.000	0.000
38	  S	  1.4	  0.1	0.000	0.000	0.000
39	  I	  0.3	  0.3	0.000	0.000	0.000
40	  G	  0.2	  1.5	0.000	0.000	0.000
41	  P	  0.0	  1.6	0.000	0.000	0.000
42	  T	  0.1	  2.0	0.000	0.000	0.000
43	  G	  0.2	  1.8	0.000	0.000	0.000
44	  S	  1.2	  0.6	0.000	0.000	0.000
45	  K	  1.1	  0.5	0.000	0.000	0.000
46	  T	  1.1	  0.2	0.000	0.000	0.000
47	  P	  0.1	  0.1	0.000	1.847	1.847
48	  A	  0.1	  0.1	0.000	26.368	26.368
49	  F	  1.0	  0.1	0.000	26.368	26.368
50	  A	  1.6	  0.0	0.000	26.368	26.368
51	  I	  2.9	  0.0	0.000	26.368	26.368
52	  I	  4.5	  0.0	0.000	26.221	26.221
53	  E	  6.1	  0.0	0.000	0.000	0.000
54	  F	 15.0	  0.0	0.000	0.000	0.000
55	  N	 12.7	  0.0	0.000	0.000	0.000
56	  C	 10.6	  1.6	0.000	0.000	0.000
57	  P	  0.1	  1.6	0.000	0.000	0.000
58	  N	  2.2	  1.6	0.000	0.000	0.000
59	  F	  7.3	  1.6	0.000	0.000	0.000
60	  E	  7.9	  0.0	0.000	0.000	0.000
61	  I	  6.8	  0.0	0.000	0.517	0.517
62	  A	  2.1	  0.0	0.000	0.517	0.517
63	  S	  2.9	  0.0	0.000	0.645	0.645
64	  L	  2.6	  0.0	0.000	0.773	0.773
65	  T	  3.0	  0.0	0.000	0.773	0.773
66	  A	  1.9	  0.0	0.000	0.773	0.773
67	  F	  1.8	  0.1	0.000	0.773	0.773
68	  S	  1.1	  0.1	0.000	0.128	0.128
69	  E	  5.5	  0.1	0.000	0.000	0.000
70	  V	  5.0	  0.2	0.000	0.000	0.000
71	  D	  5.0	  0.7	0.000	0.000	0.000
72	  E	  0.2	  0.7	0.000	0.000	0.000
73	  S	  0.6	  0.7	0.000	0.000	0.000
74	  V	  6.3	  0.7	0.000	0.000	0.000
75	  M	  6.4	  0.0	0.000	0.000	0.000
76	  S	  5.9	  0.3	0.414	0.000	0.000
77	  P	  0.1	  0.3	0.414	0.000	0.000
78	  T	  2.4	  0.3	0.414	0.000	0.000
79	  T	  5.5	  0.4	0.414	0.000	0.000
80	  K	  6.1	  0.2	0.414	0.000	0.000
81	  S	  3.9	  0.2	0.414	0.000	0.000
82	  T	  6.0	  0.2	0.000	0.000	0.000
83	  L	  5.4	  0.1	0.000	0.000	0.000
84	  S	  5.3	  0.0	0.000	0.000	0.000
85	  E	  0.1	  0.0	0.000	0.000	0.000
86	  P	  0.0	  0.0	0.000	5.595	5.595
87	  Y	  0.7	  0.0	0.000	5.595	5.595
88	  L	  1.4	  0.0	0.000	5.595	5.595
89	  F	  2.9	  0.0	0.000	5.595	5.595
90	  V	  3.4	  0.0	0.000	5.595	5.595
91	  R	  2.9	  0.2	0.000	0.000	0.000
92	  A	  1.3	  1.0	0.000	0.000	0.000
93	  S	  0.2	  1.7	0.000	0.000	0.000
94	  N	  0.0	  1.8	0.000	0.027	0.027
95	  G	  0.0	  1.6	0.000	0.905	0.905
96	  A	  0.2	  0.9	0.000	10.933	10.933
97	  C	  1.8	  0.1	0.000	22.684	22.684
98	  V	  2.8	  0.0	0.000	78.606	78.606
99	  L	  2.7	  0.0	0.000	83.205	83.205
100	  A	  1.3	  0.0	0.000	84.046	84.046
101	  T	  1.7	  0.0	0.000	84.973	84.973
102	  T	  3.3	  0.1	0.000	86.536	86.536
103	  T	  6.4	  0.1	0.000	88.736	88.736
104	  T	  9.8	  0.0	0.000	89.165	89.165
105	  F	  9.6	  0.0	0.000	89.496	89.496
106	  V	  6.8	  0.0	0.000	88.659	88.659
107	  L	  2.1	  1.1	0.000	77.618	77.618
108	  G	  0.6	  1.1	0.000	11.933	11.933
109	  S	  1.5	  1.1	0.000	5.708	5.708
110	  F	  2.4	  1.2	0.000	5.324	5.324
111	  K	  3.0	  0.2	0.000	0.000	0.000
112	  S	  3.4	  0.4	0.000	0.000	0.000
113	  T	  2.9	  0.4	0.000	0.000	0.000
114	  S	  2.5	  0.3	0.000	0.000	0.000
115	  A	  0.9	  0.3	0.000	0.000	0.000
116	  I	  5.8	  0.0	0.000	0.000	0.000
117	  A	  5.6	  0.0	0.000	0.000	0.000
118	  L	  5.4	  0.0	0.000	0.000	0.000
119	  P	  0.1	  0.0	0.000	0.000	0.000
120	  I	  0.0	  0.0	0.000	0.000	0.000
121	  P	  0.0	  0.0	0.000	0.000	0.000
122	  E	  0.0	  0.0	0.000	0.000	0.000
