res	aa	Beta	Turn	Helix	Aggregation	Conc-Stab_Aggregation
01	  M	  0.1	  0.2	0.000	0.000	0.000
02	  N	  0.2	  0.4	0.000	0.000	0.000
03	  D	  0.3	  0.7	0.000	0.000	0.000
04	  Y	  0.2	  3.1	0.000	0.000	0.000
05	  G	  0.1	  3.0	0.000	0.000	0.000
06	  G	  0.1	  2.7	0.000	0.558	0.558
07	  L	  0.1	  2.5	0.000	4.998	4.998
08	  G	  0.2	  0.1	0.000	4.998	4.998
09	  I	  8.6	  0.0	0.000	4.998	4.998
10	  V	  9.7	  0.0	0.107	4.998	4.998
11	  L	  9.7	  0.1	0.107	4.835	4.835
12	  E	  1.4	  0.1	0.107	0.000	0.000
13	  E	  0.1	  0.1	0.223	0.000	0.000
14	  A	  0.1	  0.3	0.351	0.000	0.000
15	  E	  0.1	  0.3	0.351	0.000	0.000
16	  N	  0.0	  3.5	0.463	0.000	0.000
17	  E	  0.0	  3.6	0.356	0.000	0.000
18	  N	  0.0	  3.3	0.356	0.000	0.000
19	  N	  0.3	  3.9	0.461	0.000	0.000
20	  L	  0.3	  0.8	0.217	0.000	0.000
21	  S	  0.3	  0.8	0.217	0.000	0.000
22	  N	  0.3	  1.2	0.105	0.000	0.000
23	  L	  0.4	  0.7	0.105	0.000	0.000
24	  S	  0.7	  0.6	5.017	0.000	0.000
25	  Q	  0.7	  0.6	5.017	0.000	0.000
26	  Q	  1.4	  0.1	4.912	0.000	0.000
27	  L	  1.3	  0.1	4.912	0.000	0.000
28	  K	  1.1	  0.1	4.912	0.000	0.000
29	  Q	  0.4	  0.1	4.912	0.000	0.000
30	  Q	  1.0	  0.1	3.747	0.000	0.000
31	  I	  1.2	  0.1	2.690	0.000	0.000
32	  Q	  1.3	  0.1	2.690	0.000	0.000
33	  Q	  0.7	  0.1	1.738	0.000	0.000
34	  K	  0.9	  0.1	0.993	0.000	0.000
35	  H	  1.2	  0.1	0.148	0.000	0.000
36	  T	  1.4	  0.1	0.000	0.000	0.000
37	  S	  6.7	  0.2	0.000	0.000	0.000
38	  I	  6.6	  0.3	0.000	0.000	0.000
39	  S	  6.6	  0.3	0.000	0.000	0.000
40	  S	  1.1	  0.4	0.000	0.000	0.000
41	  R	  0.7	  0.3	0.000	0.000	0.000
42	  Q	  0.5	  0.3	0.000	0.000	0.000
43	  S	  0.4	  0.2	0.000	0.000	0.000
44	  S	  0.7	  0.1	0.000	0.341	0.341
45	  I	  3.5	  0.1	0.000	0.682	0.682
46	  V	  8.0	  0.0	0.000	0.682	0.682
47	  S	 12.0	  0.3	0.093	0.682	0.682
48	  L	  9.4	  0.3	0.093	0.682	0.682
49	  S	  5.7	  0.4	0.093	0.341	0.341
50	  K	  1.4	  0.4	0.093	0.000	0.000
51	  T	 13.5	  0.1	0.093	0.000	0.000
52	  I	 13.9	  0.1	0.093	0.000	0.000
53	  S	 13.4	  0.1	0.285	0.000	0.000
54	  R	  1.4	  0.1	0.192	0.000	0.000
55	  K	  0.5	  0.1	0.192	0.000	0.000
56	  T	  1.6	  0.3	0.192	0.000	0.000
57	  S	  1.5	  0.3	0.192	0.000	0.000
58	  S	  4.3	  1.3	0.192	0.000	0.000
59	  A	  3.4	  1.3	0.000	0.000	0.000
60	  S	  4.9	  1.2	0.000	0.000	0.000
61	  L	  2.3	  1.1	0.000	0.000	0.000
62	  T	  3.1	  0.0	0.000	0.000	0.000
63	  Q	  1.6	  0.0	0.000	0.000	0.000
64	  T	  1.3	  0.0	0.000	0.000	0.000
65	  P	  0.0	  0.2	0.000	0.000	0.000
66	  A	  0.4	  0.2	0.000	0.000	0.000
67	  S	  2.1	  0.2	0.000	0.000	0.000
68	  L	  2.4	  0.3	0.000	0.000	0.000
69	  T	  2.4	  0.2	0.000	0.000	0.000
70	  T	  0.8	  0.3	0.347	0.000	0.000
71	  D	  0.5	  0.3	0.347	0.000	0.000
72	  N	  0.1	  0.4	0.347	0.000	0.000
73	  E	  0.1	  0.3	0.347	0.000	0.000
74	  R	  0.2	  0.1	0.347	0.000	0.000
75	  L	  0.2	  0.1	0.347	0.000	0.000
76	  P	  0.1	  0.0	0.000	0.000	0.000
77	  H	  0.0	  0.4	0.000	0.000	0.000
78	  P	  0.0	  0.4	0.000	0.000	0.000
79	  E	  0.7	  0.4	0.000	0.000	0.000
80	  I	  0.9	  0.4	0.000	0.000	0.000
81	  Q	  1.1	  0.1	0.000	0.000	0.000
82	  S	  0.7	  0.2	0.121	0.000	0.000
83	  Q	  0.8	  0.2	0.121	0.000	0.000
84	  Q	  0.8	  0.2	0.121	0.000	0.000
85	  Q	  0.7	  0.2	0.121	0.000	0.000
86	  E	  1.1	  0.2	0.121	0.000	0.000
87	  L	  0.9	  0.3	0.121	0.000	0.000
88	  D	  0.8	  0.3	0.121	0.000	0.000
89	  N	  0.1	  3.6	0.121	0.000	0.000
90	  E	  0.0	  3.6	0.000	0.000	0.000
91	  N	  0.0	  3.6	0.000	0.000	0.000
92	  D	  0.1	  4.5	0.000	0.000	0.000
93	  H	  0.1	  1.5	0.000	0.000	0.000
94	  D	  0.1	  1.5	0.000	0.000	0.000
95	  N	  0.1	  1.5	0.000	0.000	0.000
96	  E	  0.0	  0.5	0.000	0.000	0.000
97	  E	  0.0	  0.4	0.000	0.000	0.000
98	  E	  0.0	  0.4	0.000	0.000	0.000
99	  D	  0.0	  5.0	0.000	0.000	0.000
100	  E	  0.0	  5.1	0.000	0.000	0.000
101	  D	  0.0	  7.6	0.000	0.000	0.000
102	  D	  0.0	 10.2	0.000	0.000	0.000
103	  D	  0.0	  8.0	0.000	0.000	0.000
104	  D	  0.0	 10.5	0.178	0.000	0.000
105	  D	  0.0	  9.6	1.678	0.000	0.000
106	  D	  0.0	  7.1	3.909	0.000	0.000
107	  D	  0.0	  4.5	5.421	0.000	0.000
108	  E	  0.1	  2.0	5.522	0.000	0.000
109	  R	  2.1	  0.2	5.522	0.000	0.000
110	  V	  3.7	  0.1	5.522	0.000	0.000
111	  T	  3.7	  0.3	5.522	0.000	0.000
112	  R	  1.7	  0.4	5.522	0.000	0.000
113	  G	  0.1	  0.5	5.050	0.000	0.000
114	  S	  0.2	  0.5	1.310	0.000	0.000
115	  R	  0.6	  0.5	0.097	0.000	0.000
116	  K	  0.6	  0.4	0.000	0.000	0.000
117	  N	  0.6	  0.3	0.000	0.000	0.000
118	  S	  2.9	  1.4	0.000	0.000	0.000
119	  A	  3.0	  1.2	0.000	0.000	0.000
120	  S	  3.3	  1.2	0.248	0.000	0.000
121	  K	  5.6	  1.2	0.248	0.000	0.000
122	  I	  8.5	  0.0	0.248	0.000	0.000
123	  T	  8.5	  0.0	0.388	0.000	0.000
124	  T	  3.6	  0.0	0.388	0.000	0.000
125	  E	  0.6	  0.0	0.388	0.000	0.000
126	  I	  6.2	  0.0	0.267	0.000	0.000
127	  L	  6.1	  0.0	0.267	0.000	0.000
128	  L	  5.9	  0.0	0.267	0.000	0.000
129	  P	  0.0	  0.0	0.000	0.000	0.000
130	  P	  0.0	  0.0	0.000	0.000	0.000
131	  L	  0.0	  1.3	0.000	0.000	0.000
132	  P	  0.0	  1.4	0.000	0.000	0.000
133	  G	  0.0	  1.4	0.000	0.000	0.000
134	  A	  0.1	  1.4	0.000	0.000	0.000
135	  L	  0.1	  0.4	0.000	0.000	0.000
136	  E	  0.1	  0.3	0.000	0.000	0.000
137	  D	  0.3	  0.3	0.000	0.000	0.000
138	  L	  0.6	  0.3	0.000	0.000	0.000
139	  I	  4.2	  0.0	0.000	0.000	0.000
140	  T	  6.6	  0.0	0.000	0.000	0.000
141	  T	  6.4	  0.0	0.000	0.000	0.000
142	  T	  2.9	  0.0	0.113	0.000	0.000
143	  P	  0.2	  0.0	0.113	0.000	0.000
144	  V	  6.3	  0.0	0.113	0.831	0.831
145	  A	  6.5	  0.0	0.113	0.831	0.831
146	  V	  7.9	  0.1	0.113	0.831	0.831
147	  N	  2.6	  0.1	0.113	0.831	0.831
148	  S	  9.2	  0.1	0.000	0.831	0.831
149	  F	 10.6	  0.1	0.000	0.831	0.831
150	  T	  9.8	  0.8	0.000	0.312	0.312
151	  S	  2.9	  1.3	0.000	0.000	0.000
152	  N	  0.1	  1.6	0.000	0.000	0.000
153	  G	  0.1	  1.7	0.000	0.000	0.000
154	  C	  0.2	  1.2	0.000	0.000	0.000
155	  D	  0.2	  1.2	0.000	0.000	0.000
156	  D	  0.2	  0.9	0.000	0.000	0.000
157	  S	 10.5	  0.8	0.000	0.000	0.000
158	  V	 11.3	  0.6	0.000	0.000	0.000
159	  S	 11.2	  0.4	0.000	0.000	0.000
160	  T	  1.1	  1.0	0.000	0.000	0.000
161	  G	  0.2	  1.3	0.000	0.000	0.000
162	  S	  0.1	  2.1	0.000	0.000	0.000
163	  D	  0.0	  1.9	0.000	0.000	0.000
164	  N	  0.3	  1.7	0.000	0.000	0.000
165	  T	  0.8	  1.3	0.000	0.000	0.000
166	  S	  1.4	  0.4	0.000	0.000	0.000
167	  H	  1.3	  0.7	0.000	0.000	0.000
168	  E	  0.9	  0.4	0.000	0.000	0.000
169	  S	  9.2	  0.6	0.000	0.000	0.000
170	  F	 10.6	  0.6	0.000	0.000	0.000
171	  N	 10.4	  0.5	0.359	0.000	0.000
172	  L	  1.7	  0.8	0.359	0.000	0.000
173	  G	  0.0	  0.5	0.477	0.000	0.000
174	  E	  2.3	  0.5	0.477	0.000	0.000
175	  F	  3.7	  0.3	0.477	0.000	0.000
176	  N	  4.1	  0.1	0.477	0.000	0.000
177	  Q	  3.1	  0.1	0.477	0.000	0.000
178	  I	  2.9	  0.0	0.312	0.000	0.000
179	  Y	  4.0	  0.0	0.312	0.000	0.000
180	  Q	  3.0	  0.1	0.312	0.000	0.000
181	  H	  1.9	  0.1	0.000	0.000	0.000
182	  S	  1.8	  0.6	0.000	0.000	0.000
183	  K	  2.1	  0.6	0.000	0.000	0.000
184	  S	  2.5	  0.6	0.000	0.000	0.000
185	  T	 30.8	  0.5	0.000	0.000	0.000
186	  F	 30.5	  0.2	0.000	0.000	0.000
187	  S	 30.1	  0.4	0.000	0.000	0.000
188	  N	  0.4	  0.4	0.088	0.000	0.000
189	  S	  0.2	  0.4	0.088	0.000	0.000
190	  A	  0.3	  0.3	0.088	0.000	0.000
191	  L	  1.0	  0.1	0.088	0.000	0.000
192	  N	  0.9	  0.1	0.088	0.000	0.000
193	  S	  0.8	  5.8	0.196	0.000	0.000
194	  P	  0.0	  5.7	0.107	0.000	0.000
195	  N	  0.0	  5.7	0.471	0.000	0.000
196	  L	  0.9	  5.7	0.471	0.000	0.000
197	  L	  1.3	  0.0	0.471	0.000	0.000
198	  L	  1.5	  0.0	0.471	0.000	0.000
199	  N	  0.7	  0.2	0.363	0.000	0.000
200	  Q	  0.3	  0.2	0.363	0.000	0.000
201	  T	  0.3	  0.2	0.000	0.000	0.000
202	  N	  0.3	  0.2	0.000	0.000	0.000
203	  L	  1.5	  0.1	0.000	0.000	0.000
204	  H	  3.8	  0.0	0.000	0.000	0.000
205	  V	  4.0	  0.0	0.000	0.000	0.000
206	  F	  2.8	  0.8	0.000	0.000	0.000
207	  P	  0.3	  0.8	0.000	0.000	0.000
208	  S	  9.5	  0.9	0.000	0.000	0.000
209	  V	 10.3	  0.9	0.000	0.000	0.000
210	  S	 10.8	  4.7	0.000	0.000	0.000
211	  K	  1.4	  7.6	0.000	0.000	0.000
212	  N	  0.5	  7.5	0.000	0.000	0.000
213	  G	  0.3	  7.5	0.000	0.000	0.000
214	  I	  0.4	  3.1	0.000	0.000	0.000
215	  N	  0.5	  0.2	0.000	0.000	0.000
216	  D	  0.7	  0.3	0.000	0.000	0.000
217	  F	  1.4	  0.3	0.000	0.000	0.000
218	  S	  3.3	  0.5	0.000	0.000	0.000
219	  T	  3.9	  0.6	0.000	0.000	0.000
220	  S	  3.2	  5.6	0.000	0.000	0.000
221	  S	  1.3	  5.8	0.000	0.000	0.000
222	  N	  0.1	  5.8	0.000	0.000	0.000
223	  G	  0.0	  6.0	0.000	0.000	0.000
224	  G	  0.0	  0.9	0.000	0.000	0.000
225	  T	  0.5	  0.7	0.000	0.000	0.000
226	  T	  0.6	  0.5	0.000	0.000	0.000
227	  N	  0.7	  0.2	0.000	0.000	0.000
228	  N	  2.2	  0.1	0.000	0.000	0.000
229	  V	  3.9	  0.1	0.000	0.000	0.000
230	  T	  5.5	  0.0	0.000	0.000	0.000
231	  T	  3.5	  0.0	0.000	0.000	0.000
232	  L	  1.7	  0.0	0.000	0.000	0.000
233	  P	  0.0	  0.0	0.000	0.000	0.000
234	  P	  0.0	  0.2	0.000	0.000	0.000
235	  P	  0.0	  0.3	0.000	0.000	0.000
236	  T	  0.5	  0.3	0.000	0.000	0.000
237	  T	  1.1	  0.3	0.000	0.000	0.000
238	  N	  1.4	  0.1	0.000	0.000	0.000
239	  T	  2.6	  0.1	0.000	0.000	0.000
240	  T	  3.7	  0.1	0.000	0.000	0.000
241	  T	  6.1	  0.1	0.000	0.000	0.000
242	  T	  5.2	  0.3	0.000	0.000	0.000
243	  S	  3.7	  0.4	0.000	0.000	0.000
244	  T	  0.9	  1.2	0.000	0.000	0.000
245	  G	  0.1	  1.2	0.000	0.000	0.000
246	  N	  0.0	  1.0	0.000	0.000	0.000
247	  E	  0.3	  1.0	0.000	0.000	0.000
248	  K	  0.7	  0.2	0.000	0.000	0.000
249	  T	  0.7	  0.1	0.000	0.000	0.000
250	  S	  0.4	  0.3	1.584	0.000	0.000
251	  P	  0.1	  0.2	1.584	0.000	0.000
252	  L	  0.1	  0.3	1.584	0.000	0.000
253	  K	  0.2	  0.3	1.584	0.000	0.000
254	  R	  0.5	  0.1	1.584	0.000	0.000
255	  L	  0.6	  0.7	1.584	0.000	0.000
256	  K	  0.5	  3.9	1.053	0.000	0.000
257	  N	  0.2	  3.9	0.573	0.000	0.000
258	  G	  0.1	  3.9	0.271	0.000	0.000
259	  I	  0.8	  3.3	0.105	0.000	0.000
260	  R	  1.1	  0.1	0.105	0.000	0.000
261	  K	  1.4	  0.1	0.105	0.000	0.000
262	  L	  2.4	  0.1	0.105	0.000	0.000
263	  S	  3.6	  0.1	0.105	0.000	0.000
264	  L	  3.7	  0.0	0.000	0.190	0.190
265	  T	  2.4	  0.0	0.000	0.190	0.190
266	  S	  3.6	  0.0	0.000	0.190	0.190
267	  I	  5.5	  0.0	0.000	0.190	0.190
268	  T	  6.3	  0.2	0.000	0.190	0.190
269	  S	  3.6	  2.1	0.000	0.000	0.000
270	  S	  1.4	  2.5	0.000	0.000	0.000
271	  N	  0.1	  2.7	0.000	0.000	0.000
272	  N	  0.1	  3.4	0.000	0.000	0.000
273	  S	  0.8	  2.6	0.000	0.000	0.000
274	  S	  1.3	  2.3	0.000	0.000	0.000
275	  S	 21.0	  2.2	0.000	0.000	0.000
276	  C	 20.6	  1.3	0.000	0.000	0.000
277	  S	 20.1	  0.2	0.000	0.000	0.000
278	  T	  0.5	  0.9	0.000	0.000	0.000
279	  P	  0.1	  0.9	0.000	0.000	0.000
280	  T	  0.0	  1.0	0.000	0.000	0.000
281	  G	  0.0	  1.0	0.000	0.000	0.000
282	  A	  0.2	  0.2	0.000	0.000	0.000
283	  K	  0.5	  0.1	0.000	0.000	0.000
284	  F	  2.1	  0.0	0.000	0.000	0.000
285	  Y	  2.2	  0.2	0.000	0.000	0.000
286	  A	  1.9	  0.2	0.000	0.000	0.000
287	  N	  0.6	  0.3	0.000	0.000	0.000
288	  T	  1.9	  0.3	0.000	0.000	0.000
289	  T	  3.5	  0.1	0.000	0.000	0.000
290	  T	  4.8	  0.1	0.000	0.000	0.000
291	  T	  4.9	  0.1	0.000	0.000	0.000
292	  T	  8.2	  0.1	0.000	0.000	0.000
293	  T	  6.7	  0.0	0.000	0.000	0.000
294	  S	  5.1	  0.2	0.000	0.000	0.000
295	  P	  0.1	  0.2	0.000	0.000	0.000
296	  A	  0.0	  0.2	0.000	0.000	0.000
297	  N	  0.0	  0.2	0.000	0.000	0.000
298	  P	  0.0	  0.0	0.000	0.000	0.000
299	  I	  0.0	  0.0	0.000	0.000	0.000
300	  P	  0.0	  0.0	0.000	0.000	0.000
301	  L	  0.2	  0.0	0.000	0.000	0.000
302	  R	  0.2	  0.0	0.000	0.000	0.000
303	  P	  0.2	  0.0	0.000	0.000	0.000
304	  I	  2.6	  0.0	0.000	0.000	0.000
305	  L	  2.6	  0.0	0.000	0.000	0.000
306	  S	  2.6	  0.0	0.000	0.000	0.000
307	  P	  0.1	  0.0	0.000	0.000	0.000
308	  I	  0.8	  0.0	0.000	0.000	0.000
309	  Q	  1.5	  0.0	0.000	0.000	0.000
310	  V	  7.2	  0.0	0.000	0.000	0.000
311	  V	  6.4	  0.0	0.000	0.000	0.000
312	  K	  5.8	  0.0	0.000	0.000	0.000
313	  P	  0.0	  0.0	0.000	0.000	0.000
314	  P	  0.0	  0.0	0.000	0.000	0.000
315	  Q	  0.0	  0.3	0.000	0.000	0.000
316	  P	  0.0	  0.4	0.000	0.000	0.000
317	  S	  1.2	  0.5	0.000	0.000	0.000
318	  H	  1.5	  0.5	0.000	0.000	0.000
319	  S	 11.6	  0.4	0.000	0.000	0.000
320	  V	 11.5	  0.3	0.000	0.000	0.000
321	  S	 12.0	  0.8	0.000	0.000	0.000
322	  S	  2.3	  0.9	0.000	0.000	0.000
323	  S	  2.8	  0.9	0.000	0.000	0.000
324	  T	  2.4	  0.9	0.000	0.000	0.000
325	  S	  2.4	  2.3	0.000	0.000	0.000
326	  A	  0.7	  2.2	0.000	0.000	0.000
327	  D	  0.3	  2.7	0.000	0.000	0.000
328	  S	  0.3	  2.6	0.000	0.000	0.000
329	  S	 19.9	  0.8	0.087	0.000	0.000
330	  F	 21.0	  0.9	0.087	0.000	0.000
331	  S	 20.9	  0.3	0.087	0.000	0.000
332	  S	  1.8	  0.3	1.440	0.000	0.000
333	  K	  3.0	  0.2	1.440	0.000	0.000
334	  F	  4.9	  0.1	1.784	0.000	0.000
335	  E	  4.8	  0.1	2.523	0.000	0.000
336	  R	  2.3	  0.1	2.436	0.000	0.000
337	  A	  0.3	  0.1	2.436	0.000	0.000
338	  R	  0.3	  0.2	2.313	0.000	0.000
339	  A	  0.3	  0.3	2.096	0.000	0.000
340	  S	  0.4	  0.6	1.713	0.000	0.000
341	  S	  0.3	  0.9	0.620	0.000	0.000
342	  Q	  0.2	  0.9	0.250	0.000	0.000
343	  G	  0.1	  0.8	0.000	0.311	0.311
344	  T	  1.1	  0.5	0.000	0.311	0.311
345	  T	  3.7	  0.2	0.000	0.311	0.311
346	  I	  6.1	  0.0	0.000	0.311	0.311
347	  F	  5.7	  0.0	0.000	0.311	0.311
348	  T	  3.1	  0.0	0.000	0.000	0.000
349	  P	  0.6	  0.0	0.000	0.000	0.000
350	  V	  0.0	  0.0	0.000	0.000	0.000
351	  T	  0.0	  0.0	0.000	0.000	0.000
352	  P	  0.0	  0.0	0.000	0.000	0.000
353	  P	  0.0	  0.0	0.000	0.000	0.000
354	  V	  1.8	  0.0	0.000	0.000	0.000
355	  T	  6.8	  0.0	0.000	0.000	0.000
356	  T	  6.8	  0.0	0.000	0.000	0.000
357	  S	  5.1	  0.0	0.000	0.000	0.000
358	  P	  0.1	  0.0	0.000	0.325	0.325
359	  V	  3.7	  0.0	0.000	1.285	1.285
360	  I	 16.7	  0.0	0.000	1.285	1.285
361	  T	 17.0	  0.1	0.000	1.285	1.285
362	  I	 13.5	  0.3	0.000	1.285	1.285
363	  G	  0.4	  0.7	0.000	0.961	0.961
364	  E	  0.0	  0.7	0.000	0.000	0.000
365	  D	  0.1	  3.0	0.319	0.000	0.000
366	  L	  2.3	  2.8	0.319	0.000	0.000
367	  D	  2.7	  2.4	0.846	0.000	0.000
368	  C	  5.8	  2.4	0.846	0.000	0.000
369	  T	  4.8	  0.1	1.035	0.000	0.000
370	  K	  4.8	  0.1	1.035	0.000	0.000
371	  R	  1.8	  0.1	1.035	0.000	0.000
372	  T	  5.7	  0.1	0.820	0.000	0.000
373	  L	  5.5	  0.1	0.820	0.000	0.000
374	  S	  5.6	  0.0	0.889	0.000	0.000
375	  K	  4.3	  0.0	0.317	0.000	0.000
376	  I	  4.5	  0.1	0.168	0.000	0.000
377	  E	  4.2	  0.1	0.168	0.000	0.000
378	  Q	  1.4	  0.1	0.168	0.000	0.000
379	  S	  1.9	  0.1	0.168	0.000	0.000
380	  Y	  3.4	  0.1	0.000	0.000	0.000
381	  F	  3.4	  0.2	0.000	0.000	0.000
382	  D	  2.4	  0.3	0.432	0.000	0.000
383	  S	  2.4	  0.3	0.432	0.000	0.000
384	  L	  2.1	  0.3	0.432	0.000	0.000
385	  T	  3.1	  0.2	0.432	0.000	0.000
386	  S	  1.8	  0.1	0.432	0.000	0.000
387	  Q	  1.6	  0.1	0.432	0.000	0.000
388	  T	  6.1	  0.2	0.000	0.000	0.000
389	  V	  7.2	  0.1	0.000	0.000	0.000
390	  N	  7.2	  0.1	0.000	0.000	0.000
391	  S	  3.4	  0.1	0.100	0.000	0.000
392	  I	  2.1	  0.0	0.100	0.000	0.000
393	  E	  1.8	  0.0	0.100	0.000	0.000
394	  E	  0.2	  0.0	0.100	0.000	0.000
395	  L	  0.3	  0.0	0.100	0.000	0.000
396	  I	 15.5	  0.0	0.182	0.000	0.000
397	  T	 20.3	  0.0	13.348	0.000	0.000
398	  V	 20.6	  0.1	13.440	0.000	0.000
399	  E	  6.1	  0.1	13.440	0.000	0.000
400	  D	  0.6	  0.1	13.480	0.000	0.000
401	  L	  0.3	  0.3	13.480	0.000	0.000
402	  L	  1.7	  0.2	13.480	0.000	0.000
403	  N	  2.6	  0.4	13.639	0.000	0.000
404	  Y	  4.0	  0.4	9.256	0.223	0.223
405	  S	  2.9	  0.3	4.480	0.223	0.223
406	  Q	  2.9	  0.3	2.701	0.223	0.223
407	  Y	  2.0	  0.1	2.202	0.223	0.223
408	  L	  1.7	  0.0	2.089	0.223	0.223
409	  I	  1.1	  0.0	2.005	0.223	0.223
410	  Q	  0.6	  0.0	2.005	0.000	0.000
411	  Q	  0.7	  0.1	1.496	0.000	0.000
412	  R	  0.5	  0.1	0.914	0.000	0.000
413	  T	  0.7	  0.1	0.454	0.000	0.000
414	  A	  0.7	  0.2	0.454	0.000	0.000
415	  L	  0.6	  0.3	0.454	0.000	0.000
416	  D	  0.2	  0.3	0.624	0.000	0.000
417	  D	  2.3	  0.3	0.624	0.000	0.000
418	  V	  6.3	  0.1	0.624	0.000	0.000
419	  F	  8.0	  0.0	0.624	0.000	0.000
420	  Q	  6.1	  0.1	0.403	0.000	0.000
421	  K	  2.7	  0.1	0.403	0.000	0.000
422	  T	  1.5	  0.2	0.235	0.000	0.000
423	  K	  1.5	  0.2	0.235	0.000	0.000
424	  E	  0.9	  0.1	0.235	0.000	0.000
425	  K	  0.8	  0.1	0.235	0.000	0.000
426	  L	  0.9	  0.1	0.235	0.000	0.000
427	  Q	  1.0	  0.4	0.235	0.000	0.000
428	  A	  0.5	  0.7	0.108	0.000	0.000
429	  S	  0.3	  0.7	0.108	0.000	0.000
430	  G	  0.1	  0.7	0.000	0.000	0.000
431	  W	  1.4	  0.3	0.000	0.000	0.000
432	  C	  1.5	  0.5	0.000	0.000	0.000
433	  S	  1.5	  0.6	0.000	0.000	0.000
434	  N	  0.2	  0.8	0.000	0.000	0.000
435	  H	  0.2	  0.9	0.000	0.000	0.000
436	  D	  0.3	  2.0	0.251	0.000	0.000
437	  L	  0.4	  2.0	0.251	0.000	0.000
438	  N	  0.3	  1.8	0.791	0.000	0.000
439	  N	  0.3	  1.7	1.241	0.000	0.000
440	  L	  1.7	  0.1	1.241	0.000	0.000
441	  Q	  2.7	  0.0	1.241	0.000	0.000
442	  L	  2.6	  0.1	0.990	0.000	0.000
443	  Q	  1.2	  0.2	0.990	0.000	0.000
444	  Q	  0.3	  0.3	0.732	0.000	0.000
445	  D	  0.2	  1.9	0.386	0.000	0.000
446	  S	  0.4	  2.0	0.000	0.000	0.000
447	  S	  0.7	  1.8	0.000	0.000	0.000
448	  R	  1.5	  1.8	0.000	0.000	0.000
449	  C	  2.5	  0.2	0.000	0.000	0.000
450	  Q	  3.1	  0.1	0.000	0.000	0.000
451	  I	  3.4	  0.1	0.000	0.000	0.000
452	  D	  2.3	  0.2	1.448	0.000	0.000
453	  T	  1.8	  0.3	2.711	0.000	0.000
454	  S	  0.7	  0.2	4.254	0.000	0.000
455	  L	  0.7	  0.2	4.254	0.000	0.000
456	  L	  1.8	  0.0	4.440	0.000	0.000
457	  K	  5.0	  0.0	8.900	0.000	0.000
458	  I	  5.0	  0.0	9.349	0.000	0.000
459	  E	  3.6	  0.1	9.697	0.000	0.000
460	  E	  0.2	  0.1	9.318	0.000	0.000
461	  R	  2.1	  0.1	8.994	0.000	0.000
462	  L	  2.1	  0.1	8.640	0.000	0.000
463	  N	  2.1	  0.1	8.508	0.000	0.000
464	  R	  0.1	  0.0	6.431	0.000	0.000
465	  E	  1.0	  0.0	4.838	0.000	0.000
466	  F	 18.3	  0.1	3.236	0.377	0.377
467	  S	 34.0	  0.1	0.775	0.377	0.377
468	  C	 34.6	  0.1	0.110	0.377	0.377
469	  S	 21.1	  0.1	0.000	0.377	0.377
470	  V	  3.0	  0.1	0.000	0.377	0.377
471	  L	  0.7	  1.2	0.000	0.377	0.377
472	  G	  0.4	  1.3	0.000	0.000	0.000
473	  N	  0.1	  1.3	0.000	0.000	0.000
474	  N	  0.1	  1.3	0.000	0.000	0.000
475	  T	  0.1	  0.4	0.000	0.000	0.000
476	  P	  0.1	  0.4	0.000	0.000	0.000
477	  T	  0.2	  0.4	0.000	0.000	0.000
478	  N	  0.4	  1.0	0.000	0.000	0.000
479	  L	  0.7	  0.6	0.000	0.000	0.000
480	  S	  2.7	  3.2	0.000	0.000	0.000
481	  K	  2.5	  3.4	0.000	0.000	0.000
482	  S	  2.5	  5.0	0.000	0.000	0.000
483	  G	  0.4	  5.0	0.000	0.000	0.000
484	  S	  0.9	  2.4	0.000	0.000	0.000
485	  T	  1.3	  2.1	0.000	0.000	0.000
486	  T	  2.4	  0.2	0.000	0.000	0.000
487	  A	  2.2	  0.2	0.000	0.000	0.000
488	  T	  3.5	  0.2	0.000	0.000	0.000
489	  H	  2.5	  0.3	0.000	0.000	0.000
490	  S	  2.2	  0.3	0.000	0.000	0.000
491	  K	  0.4	  0.4	0.000	0.000	0.000
492	  Q	  0.4	  0.4	0.000	0.000	0.000
493	  N	  0.5	  0.3	0.423	0.000	0.000
494	  S	  3.3	  0.2	0.423	0.000	0.000
495	  I	  5.5	  0.0	0.423	0.000	0.000
496	  T	  8.3	  0.1	0.571	0.000	0.000
497	  K	  5.7	  0.2	0.571	0.000	0.000
498	  S	  3.5	  0.2	0.571	0.000	0.000
499	  L	  0.3	  0.3	0.258	0.000	0.000
500	  A	  0.1	  1.3	0.258	0.000	0.000
501	  G	  0.0	  1.4	0.258	0.000	0.000
502	  N	  0.0	  2.2	0.000	0.000	0.000
503	  D	  0.1	  2.2	0.000	0.000	0.000
504	  S	  0.4	  1.1	0.000	0.000	0.000
505	  R	  0.4	  1.0	0.000	0.000	0.000
506	  E	  0.3	  0.1	0.000	0.000	0.000
507	  P	  0.0	  0.0	0.000	0.000	0.000
508	  M	  1.6	  0.0	0.000	0.000	0.000
509	  V	  1.9	  0.0	0.000	0.000	0.000
510	  S	  1.9	  2.9	0.358	0.000	0.000
511	  P	  0.3	  3.0	0.358	0.000	0.000
512	  S	  0.5	  3.0	0.892	0.000	0.000
513	  L	  2.1	  3.0	0.892	0.000	0.000
514	  K	  3.0	  0.1	0.892	0.000	0.000
515	  V	  3.8	  0.0	0.892	0.000	0.000
516	  L	  2.3	  0.1	0.892	0.000	0.000
517	  E	  1.5	  0.2	0.784	0.000	0.000
518	  S	  0.5	  0.2	0.668	0.000	0.000
519	  R	  1.4	  0.2	0.129	0.000	0.000
520	  C	  2.8	  0.1	0.000	0.150	0.150
521	  V	  6.5	  0.0	0.000	0.150	0.150
522	  S	 12.8	  0.0	0.000	0.150	0.150
523	  F	 12.4	  0.0	0.000	0.150	0.150
524	  T	  8.7	  0.0	0.000	0.150	0.150
525	  E	  1.2	  0.0	0.000	0.000	0.000
526	  F	  0.2	  0.0	0.000	0.000	0.000
