res	aa	Beta	Turn	Helix	Aggregation	Conc-Stab_Aggregation
01	  M	  0.4	  0.2	0.000	0.000	0.000
02	  G	  0.5	  0.2	0.000	0.251	0.251
03	  I	  1.5	  0.2	0.000	1.368	1.368
04	  F	  2.6	  0.5	0.000	1.368	1.368
05	  S	  2.6	  0.4	0.269	1.368	1.368
06	  S	  3.7	  1.2	0.269	1.368	1.368
07	  L	  2.4	  1.2	0.269	1.368	1.368
08	  D	  2.4	  1.6	0.269	0.000	0.000
09	  A	  0.6	  1.5	0.269	0.000	0.000
10	  S	  2.9	  1.7	0.269	0.000	0.000
11	  I	  3.4	  1.8	0.000	0.000	0.000
12	  D	  3.0	  1.7	0.655	0.000	0.000
13	  G	  0.5	  1.8	4.907	0.000	0.000
14	  D	  0.0	  0.8	11.719	0.000	0.000
15	  E	  0.1	  0.7	14.024	0.000	0.000
16	  Y	  0.5	  0.1	14.024	0.000	0.000
17	  I	  0.6	  0.0	14.024	0.000	0.000
18	  Q	  0.8	  0.0	14.024	0.000	0.000
19	  K	  0.7	  0.0	14.024	0.000	0.000
20	  L	  0.5	  0.2	13.608	0.477	0.477
21	  A	  1.0	  0.2	12.902	0.477	0.477
22	  T	  2.7	  0.2	13.069	0.477	0.477
23	  Y	  3.7	  0.2	13.069	0.477	0.477
24	  I	  3.6	  0.0	10.292	0.477	0.477
25	  R	  2.1	  0.2	10.292	0.000	0.000
26	  K	  1.1	  0.2	7.250	0.000	0.000
27	  N	  0.5	  0.3	7.028	0.000	0.000
28	  E	  0.1	  0.4	4.078	0.000	0.000
29	  E	  0.0	  0.2	3.611	0.000	0.000
30	  S	  0.1	  0.2	3.376	0.000	0.000
31	  L	  0.2	  0.9	2.916	0.213	0.213
32	  A	  0.2	  1.8	2.916	0.213	0.213
33	  N	  0.0	  1.8	2.916	0.213	0.213
34	  G	  0.0	  1.8	1.143	0.408	0.408
35	  L	  1.1	  1.0	0.552	0.680	0.680
36	  L	  2.0	  0.0	0.131	0.680	0.680
37	  C	  5.6	  0.0	0.000	0.680	0.680
38	  F	  6.7	  0.1	0.000	0.680	0.680
39	  S	  6.0	  0.1	0.000	0.272	0.272
40	  K	  3.0	  0.1	0.000	0.000	0.000
41	  I	  1.0	  0.1	0.000	0.000	0.000
42	  Q	  0.6	  0.2	0.000	0.000	0.000
43	  E	  0.3	  0.2	0.000	0.000	0.000
44	  N	  0.2	  0.2	0.000	0.000	0.000
45	  Q	  0.1	  0.5	0.000	0.000	0.000
46	  P	  0.0	  0.3	0.000	0.000	0.000
47	  S	  5.2	  0.7	0.172	0.000	0.000
48	  L	  5.5	  0.7	0.172	0.000	0.000
49	  S	  5.8	  0.4	0.172	0.000	0.000
50	  K	  5.6	  0.4	0.172	0.000	0.000
51	  I	  5.7	  0.0	0.172	0.000	0.000
52	  K	  5.4	  0.1	0.172	0.000	0.000
53	  P	  0.4	  0.1	0.000	0.000	0.000
54	  L	  1.3	  0.1	0.000	0.000	0.000
55	  R	  1.6	  0.1	0.000	0.000	0.000
56	  L	  3.6	  0.0	0.000	0.703	0.703
57	  S	  9.6	  0.0	0.000	0.776	0.776
58	  F	 13.7	  0.0	0.000	1.235	1.235
59	  T	 13.0	  0.0	0.286	1.235	1.235
60	  M	  6.4	  0.0	0.286	1.235	1.235
61	  H	  2.4	  0.0	0.286	1.064	1.064
62	  H	  1.6	  0.0	0.286	5.529	5.529
63	  L	  1.6	  0.0	0.286	42.501	42.501
64	  Y	  2.1	  0.0	0.286	42.501	42.501
65	  Y	  2.4	  0.0	0.157	42.501	42.501
66	  I	  2.5	  0.0	0.000	42.501	42.501
67	  T	  1.6	  0.1	0.406	40.682	40.682
68	  E	  0.9	  0.1	0.406	0.000	0.000
69	  R	  2.4	  0.1	0.406	0.000	0.000
70	  I	  3.3	  0.1	0.406	0.000	0.000
71	  S	  4.7	  0.6	0.406	0.000	0.000
72	  R	  2.6	  0.7	0.406	0.000	0.000
73	  S	  1.7	  0.8	0.260	0.000	0.000
74	  S	  2.4	  1.4	0.000	0.000	0.000
75	  L	  4.1	  0.8	0.000	0.000	0.000
76	  D	  4.6	  0.9	0.000	0.000	0.000
77	  V	 10.7	  0.9	0.000	0.000	0.000
78	  D	  8.8	  0.3	0.000	0.000	0.000
79	  V	  8.2	  0.3	0.000	0.000	0.000
80	  G	  0.0	  0.3	0.231	0.000	0.000
81	  P	  0.0	  0.3	0.231	0.000	0.000
82	  L	  3.6	  0.3	0.231	0.000	0.000
83	  N	  5.5	  0.2	0.231	0.000	0.000
84	  I	  6.7	  0.1	0.231	0.000	0.000
85	  K	  3.2	  0.6	0.231	0.000	0.000
86	  S	  1.2	  0.6	0.000	0.000	0.000
87	  D	  0.0	  0.6	0.000	0.000	0.000
88	  N	  0.0	  8.4	0.000	0.000	0.000
89	  P	  0.0	  7.9	0.000	0.000	0.000
90	  N	  0.4	  7.9	0.000	0.000	0.000
91	  H	  0.4	  7.9	0.000	0.000	0.000
92	  E	  0.4	  0.2	0.000	0.000	0.000
93	  P	  0.1	  0.2	0.000	0.156	0.156
94	  T	  2.3	  0.2	0.240	20.492	20.492
95	  F	  3.2	  0.2	0.240	36.730	36.730
96	  I	  7.2	  0.0	0.240	37.057	37.057
97	  S	  5.5	  0.0	0.510	37.057	37.057
98	  F	  5.2	  0.0	0.510	37.057	37.057
99	  M	  1.2	  0.3	0.510	34.589	34.589
100	  A	  0.7	  0.3	0.510	19.751	19.751
101	  N	  0.1	  1.5	0.510	0.745	0.745
102	  K	  0.2	  1.5	0.510	0.000	0.000
103	  S	  1.7	  1.8	0.000	0.000	0.000
104	  R	  1.9	  1.9	0.000	0.000	0.000
105	  S	  1.8	  2.4	0.000	0.000	0.000
106	  S	  0.3	  2.4	0.000	0.000	0.000
107	  N	  0.1	  1.8	0.000	0.000	0.000
108	  R	  1.6	  1.7	0.000	0.000	0.000
109	  H	  3.9	  0.2	0.000	0.000	0.000
110	  F	  4.7	  0.3	0.000	0.000	0.000
111	  D	  3.1	  4.4	0.000	0.000	0.000
112	  S	  0.8	  5.5	0.000	0.000	0.000
113	  D	  0.0	  5.4	0.000	0.000	0.000
114	  N	  0.0	  5.6	0.000	0.000	0.000
115	  R	  0.7	  1.3	0.000	0.000	0.000
116	  S	  3.4	  0.3	0.000	0.179	0.179
117	  I	  5.7	  0.3	0.000	0.179	0.179
118	  T	  5.4	  0.0	0.000	0.179	0.179
119	  S	  5.4	  0.3	0.000	0.179	0.179
120	  I	  3.7	  0.4	0.000	0.179	0.179
121	  D	  3.5	  0.4	0.000	0.000	0.000
122	  S	  4.1	  0.4	0.000	0.000	0.000
123	  V	  5.4	  0.1	0.000	0.000	0.000
124	  R	  5.9	  0.0	0.000	0.000	0.000
125	  S	  3.2	  0.0	0.000	0.000	0.000
126	  I	  4.1	  0.0	0.000	0.357	0.357
127	  V	  3.7	  0.1	0.000	0.357	0.357
128	  S	  3.1	  0.1	0.000	0.357	0.357
129	  N	  0.3	  0.9	0.000	0.357	0.357
130	  A	  0.6	  0.9	0.000	1.559	1.559
131	  S	  1.7	  0.8	0.000	1.559	1.559
132	  F	  2.7	  0.8	0.000	1.559	1.559
133	  Y	  3.3	  0.0	0.000	1.559	1.559
134	  W	  3.2	  0.1	0.000	1.559	1.559
135	  R	  3.6	  0.1	0.000	0.000	0.000
136	  S	  8.6	  0.1	0.000	0.000	0.000
137	  F	 11.3	  0.1	0.000	0.000	0.000
138	  R	 10.9	  0.0	0.000	0.000	0.000
139	  V	  5.8	  0.0	0.000	0.000	0.000
140	  S	  2.8	  0.0	0.000	0.000	0.000
141	  K	  1.7	  0.0	0.000	0.000	0.000
142	  D	  0.9	  0.2	0.416	0.000	0.000
143	  P	  0.0	  0.2	0.416	0.000	0.000
144	  K	  2.2	  0.2	0.416	0.000	0.000
145	  V	  7.9	  0.2	0.416	0.000	0.000
146	  I	  8.3	  0.0	0.416	0.000	0.000
147	  N	  6.1	  0.9	0.700	0.000	0.000
148	  K	  0.6	  0.9	0.546	0.000	0.000
149	  D	  1.2	  0.9	0.607	0.000	0.000
150	  I	  4.0	  0.9	0.607	0.000	0.000
151	  K	  4.1	  0.0	0.607	0.000	0.000
152	  Y	  3.7	  0.0	0.607	0.164	0.164
153	  L	  1.3	  0.0	0.433	0.164	0.164
154	  Y	  2.4	  0.1	0.433	0.164	0.164
155	  S	  2.1	  0.1	0.000	0.164	0.164
156	  S	  8.9	  0.1	0.000	0.164	0.164
157	  F	 11.5	  0.1	0.000	0.164	0.164
158	  T	 12.5	  0.0	0.000	0.000	0.000
159	  K	  5.4	  0.0	0.000	0.000	0.000
160	  I	  1.5	  0.0	0.000	0.000	0.000
161	  P	  0.2	  0.0	0.000	0.000	0.000
162	  C	  1.0	  0.0	0.000	0.000	0.000
163	  L	  1.5	  0.0	0.000	0.000	0.000
164	  I	  2.0	  0.0	0.000	0.000	0.000
165	  F	  1.2	  0.0	0.000	0.000	0.000
166	  N	  0.7	  0.3	0.447	0.000	0.000
167	  P	  0.2	  0.4	0.447	0.000	0.000
168	  K	  0.7	  0.4	0.447	0.000	0.000
169	  T	  1.4	  0.4	0.447	0.000	0.000
170	  K	  2.6	  0.1	0.447	0.000	0.000
171	  I	  3.8	  0.0	0.447	0.000	0.000
172	  N	  4.1	  0.0	0.447	0.000	0.000
173	  T	 14.7	  0.0	0.000	0.000	0.000
174	  I	 13.5	  0.1	0.000	0.000	0.000
175	  S	 12.6	  0.1	0.097	0.000	0.000
176	  S	  6.8	  0.1	0.097	0.000	0.000
177	  Y	  6.7	  0.2	0.097	0.000	0.000
178	  E	  6.6	  0.1	0.097	0.000	0.000
179	  E	  0.7	  0.1	0.097	0.000	0.000
180	  Y	  0.2	  0.2	0.097	0.000	0.000
181	  P	  0.1	  0.2	0.000	0.000	0.000
182	  C	  0.2	  0.3	0.000	0.000	0.000
183	  D	  0.3	  0.5	0.000	0.000	0.000
184	  T	  1.7	  0.4	0.000	0.000	0.000
185	  S	  1.7	  0.3	0.000	0.000	0.000
186	  V	  1.6	  0.2	0.000	0.000	0.000
187	  P	  0.2	  0.0	0.121	0.000	0.000
188	  I	  1.6	  0.0	0.121	0.000	0.000
189	  Q	  2.8	  0.0	0.121	0.000	0.000
190	  M	  3.0	  0.0	0.121	0.000	0.000
191	  F	  2.0	  0.6	0.121	0.000	0.000
192	  K	  0.8	  0.6	0.121	0.000	0.000
193	  N	  0.8	  0.6	0.430	0.000	0.000
194	  L	  1.0	  0.6	0.309	0.000	0.000
195	  Q	  1.4	  0.0	0.309	0.000	0.000
196	  V	  2.6	  0.0	0.309	0.000	0.000
197	  L	  3.0	  0.0	0.309	0.000	0.000
198	  E	  2.7	  0.0	0.309	0.000	0.000
199	  I	  2.8	  0.0	0.309	0.000	0.000
200	  I	  4.1	  0.0	0.309	0.000	0.000
201	  E	  7.1	  0.0	0.309	0.000	0.000
202	  Y	  5.9	  0.0	0.187	0.000	0.000
203	  D	  3.6	  8.3	1.541	0.000	0.000
204	  P	  0.2	  8.3	1.541	0.000	0.000
205	  N	  0.0	  8.3	1.541	0.000	0.000
206	  E	  0.5	  8.3	1.541	0.000	0.000
207	  I	  1.3	  0.2	1.541	0.612	0.612
208	  F	  1.4	  0.2	1.541	0.612	0.612
209	  G	  1.0	  0.2	0.802	0.612	0.612
210	  W	  2.2	  0.2	0.295	0.612	0.612
211	  H	  5.2	  0.0	0.290	0.612	0.612
212	  I	  6.1	  0.0	1.225	0.612	0.612
213	  L	  4.1	  0.0	3.149	0.494	0.494
214	  S	  0.9	  0.1	26.883	0.213	0.213
215	  E	  0.0	  0.1	28.285	0.213	0.213
216	  Q	  0.5	  0.1	28.844	0.213	0.213
217	  L	  3.2	  0.1	28.844	0.213	0.213
218	  R	  5.0	  0.0	28.844	0.213	0.213
219	  I	  5.9	  0.0	28.844	0.213	0.213
220	  L	  4.2	  0.0	28.844	0.213	0.213
221	  I	  5.0	  0.0	28.068	0.213	0.213
222	  I	  4.1	  0.0	27.995	0.213	0.213
223	  R	  3.2	  0.0	27.624	0.000	0.000
224	  K	  0.6	  0.2	19.071	0.000	0.000
225	  A	  0.2	  0.2	5.371	0.086	0.086
226	  N	  2.0	  0.1	2.167	0.086	0.086
227	  I	  4.1	  0.1	0.079	0.086	0.086
228	  T	  4.8	  0.0	0.079	0.086	0.086
229	  S	  6.6	  0.0	0.379	0.086	0.086
230	  V	  4.9	  0.0	0.300	0.086	0.086
231	  E	  4.1	  0.0	0.300	0.000	0.000
232	  E	  1.0	  0.0	0.300	0.000	0.000
233	  V	  2.1	  0.0	0.300	1.254	1.254
234	  M	  2.4	  0.0	0.300	1.458	1.458
235	  F	  5.1	  0.1	0.154	1.458	1.458
236	  Q	  4.1	  0.1	0.000	1.458	1.458
237	  L	  4.3	  0.1	0.000	1.458	1.458
238	  V	  1.5	  0.2	0.000	1.249	1.249
239	  D	  0.8	  2.7	1.322	0.000	0.000
240	  D	  0.3	  2.7	3.421	0.000	0.000
241	  D	  0.0	  3.1	4.376	0.000	0.000
242	  A	  0.0	  3.1	4.376	0.000	0.000
243	  L	  0.1	  0.7	4.376	0.000	0.000
244	  G	  0.1	  0.8	4.376	0.000	0.000
245	  R	  0.2	  0.4	4.119	0.000	0.000
246	  Q	  1.0	  0.2	2.656	0.000	0.000
247	  S	  9.4	  0.4	0.288	0.000	0.000
248	  F	 10.3	  0.3	0.288	0.000	0.000
249	  N	  9.7	  0.4	0.000	0.000	0.000
250	  S	  3.1	  0.6	0.000	0.000	0.000
251	  T	  3.0	  0.5	0.000	0.000	0.000
252	  S	  3.6	  1.2	0.000	0.000	0.000
253	  S	  2.0	  1.2	0.000	0.000	0.000
254	  S	  6.0	  1.2	0.000	0.000	0.000
255	  L	  5.4	  1.2	0.000	0.000	0.000
256	  S	  6.0	  1.0	0.000	0.000	0.000
257	  S	  1.6	  1.7	0.000	0.000	0.000
258	  S	  1.5	  1.5	0.000	0.000	0.000
259	  S	 21.2	  1.5	0.000	0.000	0.000
260	  F	 21.8	  1.0	0.000	0.000	0.000
261	  S	 21.6	  0.3	0.000	0.000	0.000
262	  S	  1.7	  0.6	0.000	0.000	0.000
263	  A	  0.2	  0.6	0.000	0.000	0.000
264	  G	  0.2	  0.5	0.000	0.000	0.000
265	  I	  1.1	  0.4	0.000	0.000	0.000
266	  S	  1.1	  0.1	0.000	0.000	0.000
267	  R	  1.3	  0.2	0.000	0.000	0.000
268	  A	  0.3	  0.3	0.000	0.000	0.000
269	  N	  1.4	  0.2	0.340	0.000	0.000
270	  T	 12.7	  0.2	0.340	0.000	0.000
271	  I	 16.4	  0.0	0.340	0.000	0.000
272	  T	 15.5	  0.3	0.340	0.000	0.000
273	  A	  4.2	  0.3	0.340	0.000	0.000
274	  N	  0.4	  0.4	0.340	0.000	0.000
275	  S	  0.9	  0.4	0.000	0.000	0.000
276	  T	  1.4	  0.1	0.000	0.000	0.000
277	  I	  1.3	  0.2	0.000	0.000	0.000
278	  P	  0.6	  0.5	0.000	0.000	0.000
279	  E	  0.0	  0.5	0.000	0.000	0.000
280	  N	  0.1	  1.3	0.000	0.000	0.000
281	  A	  0.7	  1.2	0.000	0.000	0.000
282	  S	  1.8	  0.8	0.000	0.000	0.000
283	  F	  3.9	  0.9	0.000	0.000	0.000
284	  Y	  3.6	  0.3	0.000	0.000	0.000
285	  S	  2.5	  0.3	0.160	0.000	0.000
286	  N	  0.4	  0.8	0.160	0.000	0.000
287	  H	  0.1	  0.8	0.160	0.000	0.000
288	  N	  0.3	  0.6	0.160	0.000	0.000
289	  K	  1.9	  0.6	0.160	0.000	0.000
290	  F	  2.2	  0.0	0.160	0.000	0.000
291	  R	  2.1	  0.1	0.000	0.000	0.000
292	  P	  0.4	  0.2	0.000	0.000	0.000
293	  K	  0.2	  0.2	0.000	0.000	0.000
294	  K	  0.7	  0.2	0.000	0.000	0.000
295	  T	 20.1	  0.1	0.000	0.000	0.000
296	  Y	 21.3	  0.1	0.000	0.000	0.000
297	  T	 21.2	  0.1	0.000	0.000	0.000
298	  T	  2.0	  0.3	0.000	0.000	0.000
299	  N	  0.5	  0.5	0.000	0.000	0.000
300	  N	  0.1	  0.5	0.000	0.000	0.000
301	  G	  0.0	  0.4	0.467	0.000	0.000
302	  L	  0.1	  0.3	0.467	0.000	0.000
303	  E	  0.2	  0.1	0.467	0.000	0.000
304	  R	 14.9	  0.0	0.467	0.000	0.000
305	  I	 15.9	  0.0	0.467	0.000	0.000
306	  N	 16.0	  0.1	0.467	0.000	0.000
307	  S	  1.5	  0.2	0.296	0.000	0.000
308	  R	  0.5	  0.2	0.142	0.000	0.000
309	  H	  0.4	  0.7	0.000	0.000	0.000
310	  S	  0.3	  0.9	0.000	0.000	0.000
311	  T	  0.2	  1.1	0.000	0.000	0.000
312	  G	  0.2	  1.5	0.000	0.000	0.000
313	  K	  0.2	  0.9	0.000	0.000	0.000
314	  N	  0.1	  0.7	0.241	0.000	0.000
315	  K	  0.5	  0.4	0.241	0.000	0.000
316	  A	  0.6	  0.1	0.241	0.000	0.000
317	  T	  1.9	  0.2	0.241	0.000	0.000
318	  S	  2.3	  1.0	0.241	0.000	0.000
319	  S	  3.0	  1.8	0.241	0.000	0.000
320	  S	  2.5	  2.4	0.000	0.000	0.000
321	  S	  2.0	  2.3	0.000	0.000	0.000
322	  S	  3.0	  1.8	0.000	0.000	0.000
323	  T	  2.7	  1.0	0.000	0.000	0.000
324	  S	  2.6	  1.4	0.934	0.000	0.000
325	  R	  0.8	  1.4	0.934	0.000	0.000
326	  D	  0.6	  1.1	1.146	0.000	0.000
327	  T	  1.1	  1.1	1.450	0.000	0.000
328	  R	  1.7	  0.0	1.450	0.000	0.000
329	  W	  3.1	  0.1	1.541	0.000	0.000
330	  S	  2.6	  0.1	1.254	0.000	0.000
331	  L	  2.1	  0.1	1.116	0.000	0.000
332	  L	  0.5	  0.1	1.116	0.000	0.000
333	  K	  0.4	  0.1	1.116	0.000	0.000
334	  Q	  1.0	  0.1	0.642	0.000	0.000
335	  L	  4.4	  0.1	0.120	0.000	0.000
336	  T	 16.9	  0.0	0.000	0.000	0.000
337	  I	 16.3	  0.0	0.000	0.000	0.000
338	  S	 13.1	  0.1	0.000	0.000	0.000
339	  E	  0.3	  0.1	0.000	0.000	0.000
340	  T	  0.4	  0.1	0.000	0.000	0.000
341	  S	  5.8	  0.3	0.000	0.000	0.000
342	  I	  6.3	  0.2	0.000	0.000	0.000
343	  S	  6.2	  0.2	0.283	0.000	0.000
344	  S	  5.5	  0.5	0.283	0.000	0.000
345	  V	  5.2	  0.3	0.283	0.000	0.000
346	  N	  5.1	  0.4	0.410	0.000	0.000
347	  R	  0.6	  0.5	0.410	0.000	0.000
348	  Q	  1.1	  0.2	0.410	0.000	0.000
349	  S	  2.5	  0.2	0.127	0.000	0.000
350	  F	  2.9	  0.7	0.127	0.000	0.000
351	  K	  2.1	  0.6	0.127	0.000	0.000
352	  N	  0.9	  0.6	1.016	0.000	0.000
353	  L	  0.6	  0.6	0.889	0.000	0.000
354	  T	  0.8	  0.1	1.328	0.000	0.000
355	  N	  0.7	  0.1	1.700	0.000	0.000
356	  L	  0.9	  0.1	1.700	0.000	0.000
357	  V	  7.7	  0.0	1.700	0.000	0.000
358	  K	  8.1	  0.0	1.700	0.000	0.000
359	  L	  8.9	  0.0	1.056	0.000	0.000
360	  N	  2.4	  0.5	0.944	0.000	0.000
361	  L	  1.8	  0.6	0.297	0.000	0.000
362	  S	  0.6	  2.3	0.447	0.000	0.000
363	  S	  0.4	  2.3	0.150	0.000	0.000
364	  N	  0.1	  1.8	0.150	0.000	0.000
365	  L	  0.1	  1.7	0.150	0.000	0.000
366	  L	  0.2	  0.1	0.150	0.000	0.000
367	  E	  0.2	  0.1	0.150	0.000	0.000
368	  S	  0.4	  0.1	0.000	0.000	0.000
369	  V	  0.2	  0.4	0.000	0.000	0.000
370	  P	  0.2	  0.6	0.000	0.000	0.000
371	  E	  0.0	  0.6	0.000	0.000	0.000
372	  G	  0.0	  0.6	2.566	0.000	0.000
373	  L	  0.1	  0.4	2.566	0.000	0.000
374	  E	  0.1	  0.1	2.566	0.000	0.000
375	  Q	  0.9	  0.1	2.566	0.000	0.000
376	  L	  1.2	  0.1	2.566	0.000	0.000
377	  T	  1.3	  0.1	2.680	0.000	0.000
378	  N	  1.1	  0.1	2.979	0.000	0.000
379	  L	  2.0	  0.1	2.547	0.000	0.000
380	  R	  2.4	  0.0	2.030	0.000	0.000
381	  Y	  2.8	  0.2	1.350	0.577	0.577
382	  L	  3.0	  0.2	0.623	0.577	0.577
383	  N	  2.5	  0.2	0.647	0.577	0.577
384	  L	  1.5	  0.6	0.358	0.577	0.577
385	  A	  0.1	  0.5	0.242	0.577	0.577
386	  D	  0.0	  0.5	0.242	0.000	0.000
387	  N	  0.1	  0.5	1.952	0.000	0.000
388	  K	  5.4	  0.2	1.952	0.000	0.000
389	  I	  5.9	  0.0	1.711	0.000	0.000
390	  T	  6.0	  0.0	1.711	0.000	0.000
391	  N	  1.0	  0.2	1.711	0.000	0.000
392	  L	  0.5	  0.8	1.711	0.000	0.000
393	  K	  0.3	  0.7	1.034	0.000	0.000
394	  G	  0.1	  0.7	0.682	0.000	0.000
395	  V	  1.0	  0.7	0.151	0.315	0.315
396	  E	  1.0	  0.1	0.151	0.315	0.315
397	  N	  3.5	  0.1	0.785	2.974	2.974
398	  I	  4.4	  0.1	0.785	64.144	64.144
399	  I	  7.6	  0.0	0.785	64.144	64.144
400	  S	  5.4	  0.0	1.604	64.144	64.144
401	  L	  3.9	  0.0	1.604	64.144	64.144
402	  I	  5.4	  0.0	1.604	63.937	63.937
403	  K	  5.7	  0.2	1.604	2.444	2.444
404	  L	  7.7	  0.2	1.108	2.397	2.397
405	  D	  4.6	  0.2	0.991	2.129	2.129
406	  I	  4.7	  0.2	0.418	1.777	1.777
407	  R	  3.3	  0.0	0.418	0.000	0.000
408	  K	  1.5	  0.0	0.289	0.000	0.000
409	  N	  0.8	  0.0	0.174	0.000	0.000
410	  P	  0.0	  0.0	0.000	0.000	0.000
411	  I	  0.3	  0.1	0.000	0.000	0.000
412	  K	  0.3	  0.1	0.000	0.000	0.000
413	  N	  0.8	  0.1	0.000	0.000	0.000
414	  L	  0.6	  0.1	0.000	0.000	0.000
415	  Q	  0.6	  0.0	0.000	0.000	0.000
416	  P	  0.1	  0.0	0.000	0.000	0.000
417	  L	  0.3	  0.0	0.000	0.000	0.000
418	  I	  5.7	  0.0	0.000	0.000	0.000
419	  K	  6.0	  0.0	0.000	0.000	0.000
420	  L	  5.7	  0.0	0.000	0.000	0.000
421	  A	  0.6	  0.0	0.000	0.000	0.000
422	  T	  1.6	  0.1	0.000	0.000	0.000
423	  K	  1.9	  0.1	0.000	0.000	0.000
424	  T	  3.9	  0.1	0.000	0.000	0.000
425	  Q	  6.1	  0.1	0.000	0.000	0.000
426	  Y	  8.2	  0.0	0.000	4.867	4.867
427	  Q	  7.0	  0.0	0.000	5.020	5.020
428	  V	  5.8	  0.0	0.000	5.866	5.866
429	  Y	  4.2	  0.0	0.000	5.866	5.866
430	  I	  3.7	  0.1	0.000	5.866	5.866
431	  S	  1.5	  0.1	0.000	1.540	1.540
432	  S	  3.4	  0.9	0.125	0.847	0.847
433	  A	  3.0	  0.9	0.125	0.388	0.388
434	  S	  4.8	  1.1	0.125	0.000	0.000
435	  T	  3.2	  1.2	0.125	0.000	0.000
436	  S	  3.9	  1.2	0.125	0.000	0.000
437	  S	  2.9	  1.9	0.125	0.000	0.000
438	  S	  2.5	  2.4	0.000	0.000	0.000
439	  S	  2.5	  3.1	0.000	0.000	0.000
440	  S	  2.5	  3.1	0.000	0.000	0.000
441	  S	  2.5	  3.2	0.000	0.000	0.000
442	  S	  2.5	  3.1	0.000	0.000	0.000
443	  S	  1.9	  2.3	0.000	0.000	0.000
444	  S	  1.2	  1.5	0.000	0.000	0.000
445	  I	  0.4	  0.7	0.000	0.000	0.000
446	  P	  0.1	  0.1	0.226	0.000	0.000
447	  I	  0.7	  0.1	0.226	0.000	0.000
448	  D	  0.6	  0.1	8.933	0.000	0.000
449	  S	  2.5	  0.1	11.759	0.000	0.000
450	  M	  3.4	  0.1	11.854	0.000	0.000
451	  R	  3.7	  0.0	13.439	0.000	0.000
452	  L	  2.0	  0.0	13.590	0.000	0.000
453	  L	  0.9	  0.0	13.590	0.000	0.000
454	  E	  0.7	  0.0	13.402	0.000	0.000
455	  L	  1.8	  0.0	12.543	0.000	0.000
456	  E	  1.3	  0.0	12.332	0.000	0.000
457	  I	  1.3	  0.1	11.196	0.000	0.000
458	  G	  0.2	  0.1	12.251	0.000	0.000
459	  L	  0.4	  0.1	8.639	0.000	0.000
460	  R	  0.5	  0.1	7.817	0.000	0.000
461	  Q	  1.0	  0.1	5.760	0.000	0.000
462	  K	  4.5	  0.1	5.152	0.000	0.000
463	  V	  4.9	  0.0	3.304	0.000	0.000
464	  K	  4.4	  0.1	3.304	0.000	0.000
465	  K	  0.7	  0.1	1.173	0.000	0.000
466	  H	  0.4	  0.3	0.397	0.000	0.000
467	  Q	  0.5	  0.3	0.000	0.000	0.000
468	  S	  5.6	  0.5	0.000	0.000	0.000
469	  L	  5.6	  0.6	0.000	0.000	0.000
470	  S	  6.1	  1.3	0.000	0.000	0.000
471	  Q	  1.3	  1.3	0.000	0.000	0.000
472	  N	  4.1	  1.0	0.000	0.000	0.000
473	  V	  7.3	  0.9	0.000	0.000	0.000
474	  I	  7.7	  0.0	0.000	0.000	0.000
475	  S	  6.7	  0.2	0.000	0.000	0.000
476	  T	  3.9	  0.4	0.000	0.000	0.000
477	  S	  3.9	  1.1	0.000	0.000	0.000
478	  S	  2.1	  1.1	0.193	0.000	0.000
479	  S	  0.9	  0.9	0.522	0.000	0.000
480	  E	  1.5	  0.8	0.522	0.000	0.000
481	  M	  3.0	  0.1	0.522	0.000	0.000
482	  K	  3.4	  0.0	0.522	0.000	0.000
483	  L	  2.3	  0.1	0.522	0.000	0.000
484	  S	  0.8	  0.1	0.628	0.000	0.000
485	  S	  3.1	  0.1	0.359	0.000	0.000
486	  I	  6.3	  0.1	0.257	0.000	0.000
487	  T	  8.9	  0.0	0.257	0.000	0.000
488	  T	  8.6	  0.0	0.257	0.000	0.000
489	  S	  5.4	  0.0	0.257	0.000	0.000
490	  K	  2.6	  0.7	0.151	0.000	0.000
491	  P	  0.1	  0.7	0.000	0.000	0.000
492	  N	  0.2	  0.7	0.154	0.000	0.000
493	  H	  0.3	  0.8	0.373	0.000	0.000
494	  E	  0.4	  0.4	0.373	0.000	0.000
495	  A	  0.3	  0.4	0.373	0.000	0.000
496	  N	  0.1	  0.8	0.373	0.000	0.000
497	  N	  0.1	  0.8	0.373	0.000	0.000
498	  N	  0.4	  0.6	0.373	0.000	0.000
499	  T	  2.0	  0.5	0.000	0.000	0.000
500	  T	  3.6	  0.1	0.000	0.000	0.000
501	  T	  4.9	  0.1	0.000	0.000	0.000
502	  T	  4.8	  0.1	0.000	0.000	0.000
503	  T	  4.8	  0.1	0.000	0.000	0.000
504	  T	  4.8	  0.1	0.000	0.000	0.000
505	  T	  4.8	  0.1	0.000	0.000	0.000
506	  T	  3.7	  0.1	0.000	0.000	0.000
507	  T	  2.7	  0.1	0.000	0.000	0.000
508	  N	  2.3	  0.1	0.000	0.000	0.000
509	  F	  2.0	  0.1	0.000	0.000	0.000
510	  D	  1.5	  0.0	0.000	0.000	0.000
511	  P	  0.2	  0.0	0.000	0.000	0.000
512	  N	  0.0	  7.8	0.000	0.000	0.000
513	  P	  0.0	  7.8	0.000	0.000	0.000
514	  N	  0.1	  8.3	0.000	0.000	0.000
515	  H	  0.2	  8.4	0.000	0.000	0.000
516	  N	  0.2	  1.1	0.000	0.000	0.000
517	  H	  0.2	  1.2	0.000	0.000	0.000
518	  N	  0.1	  0.9	0.000	0.000	0.000
519	  N	  0.4	  0.8	0.000	0.000	0.000
520	  S	  3.2	  0.6	0.000	0.000	0.000
521	  I	  3.4	  0.5	0.000	0.000	0.000
522	  D	  3.2	  0.9	0.000	0.000	0.000
523	  K	  0.6	  0.9	0.000	0.000	0.000
524	  S	  3.1	  0.5	0.000	0.000	0.000
525	  I	  6.6	  0.5	0.000	0.000	0.000
526	  T	 11.4	  0.0	0.000	0.000	0.000
527	  T	  8.8	  0.0	0.000	0.000	0.000
528	  K	  5.5	  0.2	0.000	0.000	0.000
529	  P	  0.2	  0.2	0.000	0.000	0.000
530	  T	  1.6	  0.2	0.000	0.000	0.000
531	  T	  3.3	  0.2	0.000	0.000	0.000
532	  T	  5.0	  0.1	0.000	0.000	0.000
533	  T	  3.9	  0.1	0.000	0.000	0.000
534	  T	  2.7	  0.1	0.000	0.000	0.000
535	  N	  1.5	  0.1	0.000	0.000	0.000
536	  T	  1.5	  0.3	0.000	0.000	0.000
537	  K	  1.0	  0.3	0.000	0.000	0.000
538	  N	  0.7	  1.9	0.000	0.000	0.000
539	  Q	  0.3	  1.9	0.000	0.000	0.000
540	  N	  0.4	  1.8	0.000	0.000	0.000
541	  S	  0.9	  1.8	0.000	0.000	0.000
542	  T	  1.3	  0.2	0.000	0.000	0.000
543	  T	  1.5	  0.2	0.000	0.000	0.000
544	  N	  2.5	  0.5	0.000	0.000	0.000
545	  I	  2.4	  0.5	0.000	0.000	0.000
546	  N	  2.1	  0.5	0.000	0.000	0.000
547	  H	  0.5	  0.5	0.000	0.000	0.000
548	  S	  0.1	  2.8	0.168	0.000	0.000
549	  P	  0.1	  2.9	0.168	0.000	0.000
550	  S	  0.5	  2.9	0.168	0.000	0.000
551	  L	  0.8	  2.9	0.168	0.000	0.000
552	  K	  1.1	  0.1	0.168	0.000	0.000
553	  S	  5.9	  0.2	0.168	0.000	0.000
554	  I	  8.1	  0.2	0.000	0.188	0.188
555	  S	 13.0	  0.2	0.000	0.188	0.188
556	  I	  8.8	  0.3	0.000	0.188	0.188
557	  S	  6.8	  0.7	0.000	0.188	0.188
558	  T	  1.4	  0.9	0.000	0.188	0.188
559	  D	  0.5	  1.1	0.000	0.000	0.000
560	  N	  0.2	  1.1	0.000	0.000	0.000
561	  N	  1.3	  0.7	0.000	0.000	0.000
562	  I	  1.9	  0.6	0.000	0.000	0.000
563	  S	  1.8	  2.4	0.000	0.000	0.000
564	  S	  0.7	  2.6	0.000	0.000	0.000
565	  D	  0.1	  2.7	0.000	0.000	0.000
566	  K	  0.0	  2.6	0.000	0.000	0.000
567	  G	  0.1	  0.5	0.000	0.000	0.000
568	  I	  3.1	  0.4	0.000	0.000	0.000
569	  V	  4.9	  0.0	0.000	0.000	0.000
570	  S	  4.9	  0.0	0.000	0.000	0.000
571	  K	  1.9	  0.2	0.000	0.000	0.000
572	  P	  0.1	  0.2	0.000	0.000	0.000
573	  T	  1.7	  0.2	0.000	0.000	0.000
574	  T	  3.3	  0.2	0.000	0.000	0.000
575	  T	  6.1	  0.1	0.000	0.000	0.000
576	  T	  5.7	  0.2	0.000	0.000	0.000
577	  S	  4.3	  0.2	0.000	0.000	0.000
578	  S	  2.2	  0.2	0.000	0.000	0.000
579	  T	  3.7	  0.2	0.000	0.000	0.000
580	  T	  3.5	  0.1	0.000	0.000	0.000
581	  T	  2.9	  0.4	0.000	0.000	0.000
582	  P	  0.2	  0.4	0.000	0.000	0.000
583	  S	  0.7	  0.4	0.000	0.000	0.000
584	  T	  3.5	  0.5	0.000	0.000	0.000
585	  T	  4.2	  0.2	0.000	0.000	0.000
586	  S	  4.3	  0.1	0.000	0.000	0.000
587	  T	  4.2	  0.1	0.000	0.000	0.000
588	  T	  3.6	  0.1	0.000	0.000	0.000
589	  T	  2.9	  0.3	0.222	0.000	0.000
590	  P	  0.2	  0.3	0.222	0.000	0.000
591	  T	  0.5	  0.3	0.222	0.000	0.000
592	  M	  0.5	  0.3	0.222	0.000	0.000
593	  A	  0.8	  0.0	0.222	0.000	0.000
594	  K	  0.3	  0.0	0.222	0.000	0.000
595	  S	  0.3	  0.3	0.110	0.000	0.000
596	  P	  0.1	  0.3	0.000	0.000	0.000
597	  R	  1.0	  0.3	0.000	0.000	0.000
598	  F	  2.5	  0.5	0.000	0.000	0.000
599	  S	  2.7	  0.2	0.000	0.000	0.000
600	  S	  2.1	  0.2	0.000	0.000	0.000
601	  Q	  1.7	  0.2	0.000	0.000	0.000
602	  F	  2.2	  0.1	0.000	0.000	0.000
603	  M	  2.4	  0.0	0.000	0.000	0.000
604	  H	  1.9	  0.0	0.000	0.000	0.000
605	  H	  2.0	  0.3	0.000	0.000	0.000
606	  L	  1.5	  0.4	0.000	0.000	0.000
607	  N	  0.9	  1.3	0.000	0.000	0.000
608	  D	  0.1	  4.4	0.000	0.000	0.000
609	  S	  0.1	  4.3	0.000	0.000	0.000
610	  N	  0.2	  4.7	0.000	0.000	0.000
611	  S	  0.4	  3.7	0.000	0.000	0.000
612	  S	  0.4	  0.7	0.000	0.000	0.000
613	  I	  0.4	  0.7	0.000	0.000	0.000
614	  P	  0.1	  0.6	0.000	0.000	0.000
615	  S	  0.0	  1.1	0.000	0.000	0.000
616	  N	  0.0	  1.2	0.000	0.000	0.000
617	  N	  0.3	  0.9	0.166	0.000	0.000
618	  S	  1.1	  0.5	0.166	0.000	0.000
619	  I	  3.1	  0.1	0.166	0.000	0.000
620	  K	  3.0	  0.1	0.166	0.000	0.000
621	  R	  2.5	  0.1	0.166	0.000	0.000
622	  S	  1.2	  0.2	0.166	0.000	0.000
623	  T	  3.8	  0.2	0.000	0.000	0.000
624	  T	  4.8	  0.2	0.000	0.000	0.000
625	  S	  4.4	  0.3	0.000	0.000	0.000
626	  S	  1.8	  0.3	0.000	0.000	0.000
627	  T	  1.0	  0.2	0.000	0.000	0.000
628	  L	  1.1	  0.2	0.000	0.000	0.000
629	  I	  1.3	  0.1	0.000	0.000	0.000
630	  D	  0.8	  0.1	0.000	0.000	0.000
631	  H	  0.7	  0.3	0.000	0.000	0.000
632	  E	  0.8	  0.3	0.000	0.000	0.000
633	  H	  0.8	  0.5	0.000	0.000	0.000
634	  N	  0.5	  1.1	0.000	0.000	0.000
635	  N	  0.1	  0.9	0.000	0.000	0.000
636	  N	  0.0	  1.2	0.000	0.000	0.000
637	  H	  0.1	  3.0	0.000	0.000	0.000
638	  S	  0.0	  2.7	0.000	0.000	0.000
639	  D	  0.0	  2.9	0.000	0.000	0.000
640	  G	  0.0	  2.6	0.000	0.000	0.000
641	  T	  0.1	  0.8	0.000	0.000	0.000
642	  S	  0.2	  0.8	0.000	0.000	0.000
643	  N	  0.2	  2.7	0.000	0.000	0.000
644	  S	  0.2	  3.0	0.000	0.000	0.000
645	  N	  0.1	  4.8	0.000	0.000	0.000
646	  S	  0.2	  4.8	0.000	0.000	0.000
647	  N	  0.1	  5.4	0.000	0.000	0.000
648	  S	  0.1	  5.6	0.000	0.000	0.000
649	  N	  0.0	  5.3	0.000	0.000	0.000
650	  N	  0.0	  5.5	0.000	0.000	0.000
651	  N	  0.0	  3.4	0.000	0.000	0.000
652	  G	  0.0	  3.0	0.000	0.000	0.000
653	  S	  0.1	  2.7	0.000	0.000	0.000
654	  S	  0.2	  2.5	0.000	0.000	0.000
655	  N	  0.2	  4.0	0.000	0.000	0.000
656	  S	  0.2	  4.0	0.000	0.000	0.000
657	  N	  0.1	  8.9	0.000	0.000	0.000
658	  S	  0.1	  9.1	0.000	0.000	0.000
659	  N	  0.0	  8.3	0.000	0.000	0.000
660	  G	  0.0	  8.1	0.000	0.000	0.000
661	  N	  0.0	  7.8	0.000	0.000	0.000
662	  S	  0.0	  7.8	0.000	0.000	0.000
663	  N	  0.0	  7.8	0.000	0.000	0.000
664	  G	  0.0	  7.8	0.000	0.000	0.000
665	  N	  0.0	  7.8	0.000	0.000	0.000
666	  S	  0.0	  7.8	0.000	0.000	0.000
667	  N	  0.0	  7.8	0.000	0.000	0.000
668	  G	  0.0	  7.8	0.000	0.000	0.000
669	  N	  0.0	  7.8	0.000	0.000	0.000
670	  S	  0.0	  7.8	0.000	0.000	0.000
671	  N	  0.0	  7.8	0.000	0.000	0.000
672	  G	  0.0	  7.8	0.000	0.000	0.000
673	  N	  0.0	  8.1	0.000	0.000	0.000
674	  S	  0.0	  8.1	0.000	0.000	0.000
675	  N	  0.0	  8.1	0.000	0.000	0.000
676	  G	  0.0	  8.2	0.000	0.000	0.000
677	  N	  0.0	  4.4	0.000	0.000	0.000
678	  S	  0.0	  4.4	0.000	0.000	0.000
679	  N	  0.0	  3.9	0.000	0.000	0.000
680	  N	  0.0	  4.5	0.000	0.000	0.000
681	  N	  0.0	  2.6	0.000	0.000	0.000
682	  N	  0.0	  2.8	0.000	0.000	0.000
683	  N	  0.0	  2.9	0.000	0.000	0.000
684	  N	  0.0	  4.1	0.000	0.000	0.000
685	  N	  0.0	  4.1	0.000	0.000	0.000
686	  N	  0.0	  3.5	0.000	0.000	0.000
687	  G	  0.1	  2.7	0.000	0.000	0.000
688	  A	  0.1	  0.8	0.000	0.000	0.000
689	  A	  0.1	  0.7	0.000	0.000	0.000
690	  P	  0.0	  0.6	0.000	0.000	0.000
691	  N	  1.8	  0.6	0.112	2.524	2.524
692	  I	  5.4	  0.6	0.112	65.302	65.302
693	  V	  6.9	  0.0	0.112	69.756	69.756
694	  T	  6.6	  0.0	0.112	70.093	70.093
695	  T	 10.7	  0.0	0.112	70.627	70.627
696	  V	 12.0	  0.0	0.112	71.408	71.408
697	  Q	 11.0	  0.0	0.112	59.702	59.702
698	  V	 19.2	  0.0	0.000	59.194	59.194
699	  T	 20.5	  0.0	0.000	52.773	52.773
700	  V	 23.5	  0.0	0.000	48.892	48.892
701	  H	  9.2	  0.1	0.000	0.768	0.768
702	  M	  4.8	  0.1	0.000	0.295	0.295
703	  S	  1.1	  0.1	0.000	0.070	0.070
704	  S	  0.4	  0.1	0.000	0.000	0.000
