res	aa	Beta	Turn	Helix	Aggregation	Conc-Stab_Aggregation
01	  M	  1.1	  0.0	0.125	0.269	0.269
02	  L	  1.2	  0.0	0.384	61.991	61.991
03	  L	  2.8	  0.0	0.384	66.278	66.278
04	  Q	  2.7	  0.0	0.384	67.551	67.551
05	  F	  3.3	  0.0	0.384	95.060	95.060
06	  L	  2.6	  0.0	0.384	97.155	97.155
07	  L	  2.0	  0.0	0.384	97.306	97.306
08	  L	  2.8	  0.0	0.384	96.231	96.231
09	  S	  2.5	  0.0	0.273	89.546	89.546
10	  L	  2.8	  0.0	0.000	88.297	88.297
11	  C	  2.7	  0.0	0.000	80.409	80.409
12	  V	 10.4	  0.0	0.000	79.012	79.012
13	  S	 10.2	  0.0	2.145	61.576	61.576
14	  V	  9.7	  0.0	2.145	59.418	59.418
15	  A	  1.6	  0.0	2.145	32.942	32.942
16	  T	  2.1	  0.0	2.145	10.496	10.496
17	  A	  1.4	  0.0	2.145	4.789	4.789
18	  K	  3.5	  0.0	2.145	0.137	0.137
19	  V	  6.4	  0.0	0.000	33.445	33.445
20	  I	  8.5	  0.0	0.000	37.989	37.989
21	  T	  6.4	  0.1	0.000	37.976	37.976
22	  G	  2.5	  0.1	0.000	37.969	37.969
23	  I	  0.3	  0.1	0.000	37.969	37.969
24	  F	  1.1	  0.2	0.000	35.579	35.579
25	  D	  1.5	  0.1	0.000	0.116	0.116
26	  S	  9.9	  0.3	0.000	0.073	0.073
27	  F	 10.1	  0.4	0.000	0.073	0.073
28	  N	  9.6	  0.3	0.000	0.000	0.000
29	  S	  2.4	  0.3	0.000	0.000	0.000
30	  L	  4.0	  0.1	0.000	0.000	0.000
31	  T	 17.7	  0.1	0.073	0.000	0.000
32	  W	 17.4	  0.0	0.073	0.000	0.000
33	  T	 14.9	  0.1	0.171	0.000	0.000
34	  N	  1.2	  0.1	0.240	0.000	0.000
35	  A	  0.1	  0.2	0.240	0.000	0.000
36	  A	  0.5	  0.1	0.240	0.000	0.000
37	  S	 20.4	  0.3	0.240	0.000	0.000
38	  Y	 25.5	  0.3	0.167	0.000	0.000
39	  S	 29.9	  0.2	0.069	0.000	0.000
40	  Y	 12.4	  0.2	0.000	0.000	0.000
41	  R	  6.2	  0.0	0.000	0.000	0.000
42	  G	  1.0	  0.1	0.000	0.000	0.000
43	  P	  0.0	  0.1	0.000	0.000	0.000
44	  A	  0.0	  0.1	0.000	0.000	0.000
45	  N	  0.0	  0.4	0.000	0.000	0.000
46	  P	  0.0	  0.2	0.000	0.090	0.090
47	  T	 14.2	  0.2	0.126	12.298	12.298
48	  W	 16.9	  0.3	0.126	31.545	31.545
49	  T	 17.6	  0.0	0.126	33.169	33.169
50	  A	  4.8	  0.0	0.126	35.548	35.548
51	  V	  2.4	  0.1	0.126	36.275	36.275
52	  I	  1.8	  0.1	0.126	35.647	35.647
53	  G	  0.9	  0.1	0.126	16.314	16.314
54	  W	  1.9	  0.2	0.000	14.364	14.364
55	  S	  3.9	  2.5	0.000	4.218	4.218
56	  L	  4.0	  2.7	0.000	3.640	3.640
57	  D	  2.3	  3.0	2.491	0.000	0.000
58	  G	  0.1	  3.1	2.491	0.000	0.000
59	  A	  0.1	  0.7	2.491	0.000	0.000
60	  T	  2.7	  0.6	2.491	0.000	0.000
61	  A	  2.8	  0.4	2.491	0.000	0.000
62	  S	  2.8	  0.7	2.491	0.000	0.000
63	  A	  0.2	  2.4	0.776	0.000	0.000
64	  G	  0.1	  2.3	0.462	0.000	0.000
65	  D	  1.3	  2.2	0.248	0.000	0.000
66	  T	 19.6	  1.8	0.101	0.000	0.000
67	  F	 23.2	  0.1	0.101	0.000	0.000
68	  T	 23.1	  0.1	0.101	0.000	0.000
69	  L	  7.0	  0.1	0.101	0.000	0.000
70	  D	  2.8	  0.1	0.101	0.000	0.000
71	  M	  1.7	  0.1	0.101	0.000	0.000
72	  P	  0.0	  0.0	0.000	0.000	0.000
73	  C	  0.8	  0.0	0.000	0.175	0.175
74	  V	  1.9	  0.0	0.000	1.004	1.004
75	  F	  3.3	  0.0	0.000	1.004	1.004
76	  K	  3.0	  0.0	0.000	1.004	1.004
77	  F	  2.6	  0.0	0.000	1.004	1.004
78	  I	  1.7	  0.0	0.000	1.004	1.004
79	  T	  1.6	  0.1	0.000	1.004	1.004
80	  D	  0.9	  0.2	0.000	1.004	1.004
81	  Q	  0.5	  0.2	0.000	0.000	0.000
82	  T	  0.5	  0.2	0.000	0.000	0.000
83	  S	  3.4	  0.5	0.000	0.000	0.000
84	  I	  6.0	  0.4	0.000	0.000	0.000
85	  D	  5.8	  0.4	0.000	0.000	0.000
86	  L	  3.8	  0.4	0.000	0.000	0.000
87	  V	  1.6	  0.5	0.000	0.000	0.000
88	  A	  1.4	  1.0	0.000	0.000	0.000
89	  D	  0.6	  1.4	0.000	0.000	0.000
90	  G	  0.0	  1.5	0.000	0.000	0.000
91	  R	  1.3	  1.0	0.000	0.000	0.000
92	  T	  4.7	  0.5	0.000	0.000	0.000
93	  Y	  5.0	  0.2	0.000	0.000	0.000
94	  A	  4.0	  0.2	0.000	0.000	0.000
95	  T	  2.9	  0.2	0.000	0.000	0.000
96	  C	  3.3	  0.3	0.000	0.000	0.000
97	  N	  3.3	  1.0	0.000	0.000	0.000
98	  L	  1.4	  1.0	0.000	0.000	0.000
99	  N	  0.7	  1.0	0.132	0.000	0.000
100	  S	  0.8	  1.0	0.132	0.000	0.000
101	  A	  0.4	  0.1	0.132	0.000	0.000
102	  E	  0.4	  0.1	0.132	0.000	0.000
103	  E	  1.7	  0.1	0.132	0.000	0.000
104	  F	  2.8	  0.1	0.132	0.117	0.117
105	  T	  5.3	  0.0	0.000	0.117	0.117
106	  T	 29.2	  0.0	0.000	0.117	0.117
107	  F	 29.0	  0.2	0.000	0.117	0.117
108	  S	 26.8	  0.1	0.000	0.117	0.117
109	  S	  7.9	  0.3	0.000	0.117	0.117
110	  V	 10.9	  0.3	0.000	0.251	0.251
111	  S	 16.6	  0.2	0.000	0.134	0.134
112	  C	 14.6	  0.2	0.000	0.134	0.134
113	  T	 18.0	  0.0	0.000	0.134	0.134
114	  V	 13.6	  0.0	0.000	0.319	0.319
115	  T	 10.9	  0.0	0.000	0.185	0.185
116	  T	  3.4	  0.0	0.000	0.185	0.185
117	  T	  4.8	  0.0	0.000	0.185	0.185
118	  M	  4.4	  0.0	0.000	0.185	0.185
119	  T	  3.8	  0.3	0.253	0.000	0.000
120	  A	  1.1	  0.4	0.253	0.000	0.000
121	  D	  0.5	  0.4	0.420	0.000	0.000
122	  T	  0.7	  0.4	0.420	0.000	0.000
123	  K	  0.9	  0.1	0.420	0.000	0.000
124	  A	  0.7	  0.1	0.420	0.166	0.166
125	  I	  0.3	  0.1	0.265	0.285	0.285
126	  G	  0.1	  0.1	0.265	0.285	0.285
127	  T	 10.6	  0.1	0.000	0.285	0.285
128	  V	 22.4	  0.1	0.000	0.285	0.285
129	  T	 22.5	  0.0	0.000	0.119	0.119
130	  L	 12.9	  0.0	0.000	0.000	0.000
131	  P	  0.2	  0.0	0.000	0.000	0.000
132	  F	  5.5	  0.0	0.000	2.075	2.075
133	  S	 25.2	  0.1	0.000	2.075	2.075
134	  F	 28.9	  0.1	0.000	2.075	2.075
135	  S	 24.9	  0.2	0.000	2.075	2.075
136	  V	  5.1	  0.6	0.000	2.075	2.075
137	  G	  0.3	  1.1	0.000	0.170	0.170
138	  G	  0.0	  1.5	0.000	0.000	0.000
139	  S	  0.3	  2.5	0.000	0.000	0.000
140	  G	  0.3	  2.5	0.000	0.000	0.000
141	  S	  0.3	  1.9	0.113	0.000	0.000
142	  D	  0.7	  1.8	0.245	0.000	0.000
143	  V	  2.9	  0.7	0.245	0.000	0.000
144	  D	  2.9	  0.3	0.439	0.000	0.000
145	  L	  2.3	  0.6	0.439	0.000	0.000
146	  A	  0.1	  0.3	0.439	0.000	0.000
147	  N	  0.2	  0.5	0.439	0.000	0.000
148	  S	  0.5	  0.5	0.194	0.000	0.000
149	  Q	  2.0	  0.3	0.194	0.000	0.000
150	  C	  2.9	  0.3	0.000	0.000	0.000
151	  F	  7.7	  0.1	0.000	0.744	0.744
152	  T	  6.2	  0.2	0.000	0.744	0.744
153	  A	  5.3	  0.3	0.000	0.744	0.744
154	  G	  0.3	  0.3	0.000	0.744	0.744
155	  I	  1.8	  0.3	0.000	1.525	1.525
156	  N	  2.5	  0.1	0.143	1.141	1.141
157	  T	 11.9	  0.0	0.143	1.141	1.141
158	  V	 17.7	  0.0	0.143	1.141	1.141
159	  T	 24.2	  0.0	0.143	1.141	1.141
160	  F	 15.4	  0.2	0.143	1.018	1.018
161	  N	  7.8	  0.7	0.143	0.000	0.000
162	  D	  0.3	  2.6	0.000	0.000	0.000
163	  G	  0.0	  2.6	0.000	0.000	0.000
164	  D	  0.1	  2.5	0.000	0.000	0.000
165	  T	  0.5	  2.1	0.000	0.000	0.000
166	  S	  5.7	  0.3	0.000	0.000	0.000
167	  I	  6.4	  0.3	0.000	0.161	0.161
168	  S	  6.7	  0.2	0.000	0.161	0.161
169	  T	  3.4	  0.2	0.000	0.161	0.161
170	  T	  6.7	  0.1	0.000	0.161	0.161
171	  V	  7.9	  0.1	0.000	0.161	0.161
172	  D	  7.3	  0.1	0.000	0.000	0.000
173	  F	  5.0	  0.1	0.000	0.000	0.000
174	  E	  3.3	  0.1	0.000	0.000	0.000
175	  K	  2.5	  0.2	0.000	0.000	0.000
176	  S	  1.2	  0.2	0.000	0.000	0.000
177	  T	  4.7	  0.1	0.000	0.000	0.000
178	  V	  6.2	  0.0	0.000	0.000	0.000
179	  A	  6.0	  0.1	0.000	0.000	0.000
180	  S	  2.3	  1.9	0.518	0.000	0.000
181	  S	  0.2	  1.9	1.463	0.000	0.000
182	  D	  0.1	  1.9	2.731	0.000	0.000
183	  R	  2.9	  1.8	2.731	0.000	0.000
184	  I	  5.5	  0.0	2.731	0.000	0.000
185	  L	  5.8	  0.0	2.731	0.000	0.000
186	  L	  3.2	  0.0	2.731	0.000	0.000
187	  S	  0.8	  0.0	2.633	0.000	0.000
188	  R	  5.8	  0.0	1.609	0.000	0.000
189	  I	  6.0	  0.0	0.969	0.000	0.000
190	  L	  5.7	  0.3	0.969	0.000	0.000
191	  P	  0.3	  0.4	0.000	0.000	0.000
192	  S	  5.1	  0.6	0.000	0.000	0.000
193	  L	  5.3	  0.7	0.000	0.164	0.164
194	  S	  5.4	  0.4	0.116	0.164	0.164
195	  Q	  0.5	  0.4	0.116	0.392	0.392
196	  A	  0.8	  0.1	0.116	6.089	6.089
197	  V	  5.3	  0.1	0.116	6.439	6.439
198	  S	  5.3	  0.0	0.116	6.439	6.439
199	  L	  6.2	  0.0	0.116	6.439	6.439
200	  F	  1.9	  0.0	0.116	6.439	6.439
201	  L	  1.6	  0.2	0.000	0.550	0.550
202	  P	  0.1	  0.2	0.752	0.113	0.113
203	  Q	  0.1	  0.3	0.752	0.000	0.000
204	  E	  0.3	  0.3	0.752	0.000	0.000
205	  C	  0.6	  2.1	0.752	0.000	0.000
206	  A	  0.5	  4.4	0.752	0.000	0.000
207	  N	  0.3	  4.4	0.752	0.000	0.000
208	  G	  0.2	  4.4	0.409	0.000	0.000
209	  Y	  3.0	  2.5	0.176	0.000	0.000
210	  T	  3.1	  0.3	0.000	0.000	0.000
211	  S	  3.0	  0.8	0.000	0.000	0.000
212	  G	  0.1	  0.8	0.000	0.000	0.000
213	  T	  0.3	  0.8	0.000	0.000	0.000
214	  M	  0.4	  0.7	0.000	0.000	0.000
215	  G	  0.5	  0.2	0.121	0.000	0.000
216	  F	  1.1	  0.3	0.121	0.000	0.000
217	  S	  1.0	  0.1	0.121	0.000	0.000
218	  T	  1.1	  0.4	0.121	0.000	0.000
219	  A	  0.2	  0.7	0.121	0.000	0.000
220	  G	  0.1	  0.8	0.121	0.000	0.000
221	  T	  0.0	  1.1	0.000	0.000	0.000
222	  G	  0.0	  0.8	0.000	0.000	0.000
223	  A	  0.8	  0.5	0.000	0.000	0.000
224	  T	  5.1	  0.4	0.000	0.000	0.000
225	  I	  7.7	  0.0	0.000	0.000	0.000
226	  D	  7.2	  0.3	1.048	0.000	0.000
227	  C	  3.1	  0.4	1.048	0.000	0.000
228	  S	  0.8	  0.4	1.048	0.000	0.000
229	  T	  6.2	  0.4	1.048	0.000	0.000
230	  V	 14.4	  0.1	1.048	0.000	0.000
231	  H	 14.3	  0.1	1.048	0.000	0.000
232	  V	  9.4	  0.2	0.700	0.000	0.000
233	  G	  0.8	  0.2	0.700	0.000	0.000
234	  I	  0.4	  0.6	0.000	0.000	0.000
235	  S	  0.1	  1.2	0.000	0.000	0.000
236	  N	  0.0	  1.1	0.000	0.000	0.000
237	  G	  0.1	  1.3	0.000	0.000	0.000
238	  L	  0.2	  1.1	0.000	0.000	0.000
239	  N	  0.3	  0.4	0.000	0.000	0.000
240	  D	  0.5	  0.8	0.000	0.000	0.000
241	  W	  3.6	  0.6	0.000	0.000	0.000
242	  N	  3.6	  0.5	0.000	0.000	0.000
243	  Y	  3.3	  0.5	0.000	0.000	0.000
244	  P	  0.1	  0.0	0.000	0.000	0.000
245	  I	  0.5	  0.0	0.000	0.000	0.000
246	  S	  0.5	  0.1	0.000	0.000	0.000
247	  S	  0.7	  0.9	0.000	0.000	0.000
248	  E	  0.3	  0.9	0.000	0.000	0.000
249	  S	 19.2	  1.0	0.000	0.000	0.000
250	  F	 24.0	  0.9	0.000	0.000	0.000
251	  S	 29.3	  0.1	0.000	0.000	0.000
252	  Y	 14.6	  0.1	0.000	0.000	0.000
253	  T	  9.6	  0.1	0.000	0.000	0.000
254	  K	  4.4	  0.1	0.000	0.000	0.000
255	  T	  7.1	  0.1	0.000	0.000	0.000
256	  C	  7.3	  0.1	0.000	0.000	0.000
257	  T	  7.5	  0.1	0.000	0.404	0.404
258	  S	  3.8	  0.3	0.000	1.075	1.075
259	  T	  3.2	  0.3	0.000	7.013	7.013
260	  S	  2.9	  0.2	0.000	14.299	14.299
261	  V	  5.8	  0.2	0.000	60.180	60.180
262	  L	  5.3	  0.0	0.000	60.331	60.331
263	  V	 12.3	  0.0	0.000	60.331	60.331
264	  T	 25.1	  0.0	0.000	58.495	58.495
265	  Y	 26.0	  0.2	0.000	55.840	55.840
266	  Q	 19.9	  0.2	0.000	2.416	2.416
267	  N	  2.3	  0.2	0.000	0.074	0.074
268	  V	  0.8	  0.4	0.000	0.000	0.000
269	  P	  0.1	  0.5	0.000	0.000	0.000
270	  A	  0.0	  0.5	0.000	0.000	0.000
271	  G	  0.1	  0.5	0.000	0.000	0.000
272	  Y	  0.5	  0.4	0.000	0.000	0.000
273	  R	  0.5	  0.0	0.000	0.000	0.000
274	  P	  0.4	  0.0	0.000	0.000	0.000
275	  F	  1.4	  0.1	0.000	0.000	0.000
276	  V	  1.9	  0.1	0.000	0.000	0.000
277	  D	  2.0	  0.1	0.000	0.000	0.000
278	  A	  0.9	  0.1	0.000	0.894	0.894
279	  Y	  1.9	  0.0	0.000	1.289	1.289
280	  V	  3.8	  0.0	0.000	1.289	1.289
281	  S	  4.3	  0.2	0.000	1.289	1.289
282	  A	  2.9	  0.2	0.000	1.289	1.289
283	  T	  1.8	  0.2	0.000	0.731	0.731
284	  R	  2.3	  0.2	0.000	0.000	0.000
285	  V	  3.4	  0.2	0.000	0.000	0.000
286	  S	  2.7	  0.2	0.253	0.000	0.000
287	  S	  2.1	  0.2	0.593	0.000	0.000
288	  Y	  1.5	  0.2	0.593	0.000	0.000
289	  A	  1.5	  0.0	0.593	0.000	0.000
290	  M	  2.5	  0.0	0.593	0.000	0.000
291	  R	  3.5	  0.0	0.593	0.000	0.000
292	  Y	  5.1	  0.1	0.461	0.170	0.170
293	  T	  4.0	  0.1	0.000	0.170	0.170
294	  N	  4.3	  0.1	0.000	0.358	0.358
295	  I	  3.1	  0.1	0.000	6.190	6.190
296	  Y	  4.1	  0.0	0.000	6.190	6.190
297	  A	  2.2	  0.0	0.000	6.190	6.190
298	  C	  1.9	  0.2	0.000	6.190	6.190
299	  V	  0.6	  0.4	0.000	6.190	6.190
300	  G	  0.5	  0.4	0.000	1.092	1.092
301	  A	  0.2	  0.5	0.000	0.665	0.665
302	  A	  0.6	  0.3	0.000	0.305	0.305
303	  S	  4.4	  0.6	0.000	0.000	0.000
304	  V	  4.6	  0.6	0.000	0.000	0.000
305	  D	  4.2	  1.0	0.000	0.000	0.000
306	  D	  0.8	  1.0	0.079	0.000	0.000
307	  S	  6.0	  0.6	0.079	0.000	0.000
308	  F	  8.9	  0.5	0.079	0.000	0.000
309	  T	 10.5	  0.0	0.079	0.000	0.000
310	  H	  7.0	  0.0	0.079	0.000	0.000
311	  T	 24.6	  0.1	0.079	0.000	0.000
312	  W	 22.7	  0.2	0.079	0.000	0.000
313	  S	 20.8	  0.2	0.079	0.000	0.000
314	  G	  0.3	  0.2	0.000	0.000	0.000
315	  Y	  0.3	  0.3	0.000	0.000	0.000
316	  S	  0.4	  0.4	0.000	0.000	0.000
317	  N	  0.4	  0.5	0.000	0.000	0.000
318	  S	  0.3	  0.6	0.104	0.000	0.000
319	  Q	  0.2	  0.9	0.104	0.000	0.000
320	  A	  0.1	  1.3	0.104	0.000	0.000
321	  G	  0.0	  2.0	0.104	0.000	0.000
322	  S	  0.0	  2.9	0.104	0.026	0.026
323	  N	  0.0	  2.6	0.104	0.336	0.336
324	  G	  0.3	  1.9	0.000	8.011	8.011
325	  I	 11.9	  1.0	0.000	88.579	88.579
326	  T	 15.9	  0.1	0.000	90.605	90.605
327	  I	 23.0	  0.0	0.000	91.871	91.871
328	  V	 14.0	  0.0	0.000	91.871	91.871
329	  V	 11.0	  0.0	0.000	91.428	91.428
330	  T	  4.4	  0.0	0.000	28.804	28.804
331	  T	  2.6	  0.1	0.000	11.644	11.644
332	  R	  2.0	  0.1	0.000	0.044	0.044
333	  T	 11.7	  0.1	0.000	0.044	0.044
334	  V	 12.5	  0.1	0.000	0.044	0.044
335	  T	 12.4	  0.1	0.000	0.044	0.044
336	  D	  2.0	  0.2	0.000	0.044	0.044
337	  S	  1.2	  0.3	0.000	0.014	0.014
338	  T	  1.3	  0.3	0.000	0.014	0.014
339	  T	  2.0	  0.2	0.000	0.153	0.153
340	  A	  1.8	  0.0	0.000	0.153	0.153
341	  V	  3.0	  0.0	0.000	0.153	0.153
342	  T	  3.9	  0.0	0.000	0.139	0.139
343	  T	  3.7	  0.0	0.000	0.139	0.139
344	  L	  1.9	  0.0	0.000	0.000	0.000
345	  P	  0.2	  0.0	0.000	0.000	0.000
346	  F	  1.3	  0.0	0.000	0.000	0.000
347	  N	  1.4	  0.2	0.000	0.000	0.000
348	  S	  1.5	  1.4	0.240	0.000	0.000
349	  E	  0.3	  1.6	0.240	0.000	0.000
350	  S	  0.2	  1.6	2.007	0.000	0.000
351	  D	  0.0	  1.7	2.196	0.000	0.000
352	  K	  0.6	  0.4	2.196	0.000	0.000
353	  T	  2.0	  0.3	2.546	0.000	0.000
354	  K	  2.7	  0.3	2.546	0.000	0.000
355	  T	  5.9	  0.1	2.492	0.000	0.000
356	  I	  8.5	  0.1	2.382	0.000	0.000
357	  E	  8.0	  0.0	2.382	0.000	0.000
358	  I	  7.0	  0.0	1.787	0.000	0.000
359	  L	  3.0	  0.0	1.787	0.000	0.000
360	  Q	  2.9	  0.0	1.344	0.000	0.000
361	  P	  0.1	  0.0	0.000	0.000	0.000
362	  I	  0.0	  0.0	0.000	0.000	0.000
363	  P	  0.0	  0.0	0.000	0.000	0.000
364	  T	  1.5	  0.0	0.000	0.823	0.823
365	  T	  2.4	  0.0	0.000	2.189	2.189
366	  T	 13.4	  0.0	0.000	4.582	4.582
367	  I	 15.1	  0.0	0.000	8.665	8.665
368	  T	 16.6	  0.0	0.000	8.883	8.883
369	  T	  7.0	  0.0	0.000	9.186	9.186
370	  S	  4.6	  0.0	0.000	9.801	9.801
371	  Y	  2.7	  0.2	0.000	12.715	12.715
372	  V	  1.7	  0.2	0.000	13.080	13.080
373	  G	  1.1	  0.2	0.000	10.352	10.352
374	  V	  1.8	  0.2	0.000	10.348	10.348
375	  T	  3.7	  0.1	0.000	6.871	6.871
376	  T	  5.0	  0.0	0.000	3.345	3.345
377	  S	 23.4	  0.2	0.106	1.062	1.062
378	  Y	 21.8	  0.2	0.106	0.949	0.949
379	  S	 20.8	  0.2	0.106	0.000	0.000
380	  T	  2.3	  0.3	0.106	0.000	0.000
381	  K	  2.1	  0.1	0.106	0.000	0.000
382	  T	  2.0	  0.1	0.106	0.000	0.000
383	  A	  0.9	  0.1	0.106	0.000	0.000
384	  P	  0.2	  0.2	0.000	0.000	0.000
385	  I	  0.0	  0.6	0.000	0.000	0.000
386	  G	  0.0	  0.8	0.000	0.000	0.000
387	  E	  0.1	  0.8	0.000	0.000	0.000
388	  T	  1.1	  0.6	0.000	5.347	5.347
389	  A	  1.6	  0.1	0.000	13.549	13.549
390	  T	  4.3	  0.0	0.000	13.549	13.549
391	  V	 15.9	  0.0	0.000	13.549	13.549
392	  I	 16.1	  0.0	0.000	13.549	13.549
393	  V	 24.4	  0.0	0.000	13.141	13.141
394	  D	 11.8	  0.0	0.000	0.000	0.000
395	  V	 11.1	  0.0	0.000	0.000	0.000
396	  P	  0.1	  0.0	0.000	0.000	0.000
397	  Y	  0.6	  0.0	0.000	0.000	0.000
398	  H	  1.2	  0.0	0.000	0.000	0.000
399	  T	  2.7	  0.1	0.000	0.000	0.000
400	  T	  3.5	  0.1	0.000	0.000	0.000
401	  T	  4.9	  0.1	0.000	0.000	0.000
402	  T	 13.8	  0.0	0.000	0.000	0.000
403	  V	 14.6	  0.0	0.000	0.000	0.000
404	  T	 12.8	  0.0	0.000	0.000	0.000
405	  S	  2.6	  0.0	0.000	0.000	0.000
406	  E	  1.5	  0.0	0.000	0.000	0.000
407	  W	  1.5	  0.1	0.000	0.000	0.000
408	  T	  1.6	  0.1	0.000	0.000	0.000
409	  G	  0.3	  0.1	0.000	0.000	0.000
410	  T	 11.2	  0.1	0.000	0.000	0.000
411	  I	 14.3	  0.1	0.000	0.000	0.000
412	  T	 15.7	  0.0	0.000	0.000	0.000
413	  T	  6.2	  0.0	0.000	0.000	0.000
414	  T	  4.4	  0.1	0.000	0.000	0.000
415	  T	  4.0	  0.1	0.000	0.000	0.000
416	  T	  3.1	  0.1	0.000	0.000	0.000
417	  R	  2.5	  0.1	0.000	0.000	0.000
418	  T	  1.4	  0.1	0.000	0.000	0.000
419	  N	  0.8	  0.8	0.000	0.000	0.000
420	  P	  0.0	  0.8	0.000	0.000	0.000
421	  T	  0.5	  0.9	0.000	0.000	0.000
422	  D	  0.7	  0.9	0.000	0.000	0.000
423	  S	  3.2	  0.4	0.159	0.000	0.000
424	  I	  3.7	  0.3	0.159	0.000	0.000
425	  D	  4.0	  0.3	0.249	0.000	0.000
426	  T	  6.2	  0.2	0.249	1.144	1.144
427	  V	 15.8	  0.0	0.249	1.406	1.406
428	  V	 18.7	  0.0	0.249	1.406	1.406
429	  V	 19.7	  0.0	0.249	1.406	1.406
430	  Q	  9.1	  0.0	0.249	1.406	1.406
431	  V	  5.7	  0.0	0.000	0.262	0.262
432	  P	  0.1	  0.0	0.000	0.116	0.116
433	  S	  0.0	  0.0	0.000	0.000	0.000
434	  P	  0.0	  0.0	0.000	0.000	0.000
435	  N	  0.0	  0.2	0.000	0.000	0.000
436	  P	  0.0	  0.2	0.000	0.000	0.000
437	  T	 10.9	  0.2	0.000	0.000	0.000
438	  V	 12.5	  0.2	0.000	0.000	0.000
439	  T	 14.0	  0.0	0.000	0.000	0.000
440	  T	  3.5	  0.0	0.000	0.000	0.000
441	  T	  2.0	  0.0	0.000	0.000	0.000
442	  E	  0.8	  0.0	0.000	0.000	0.000
443	  Y	  2.1	  0.0	0.000	0.000	0.000
444	  W	  3.1	  0.1	0.000	0.000	0.000
445	  S	  4.3	  0.8	0.000	0.000	0.000
446	  Q	  3.6	  0.8	0.000	0.000	0.000
447	  S	  3.0	  0.8	0.000	0.000	0.000
448	  Y	  1.8	  0.7	0.000	0.466	0.466
449	  A	  1.0	  0.0	0.000	0.466	0.466
450	  T	  1.8	  0.0	0.000	0.466	0.466
451	  T	  2.9	  0.0	0.000	0.466	0.466
452	  T	  4.7	  0.0	0.000	0.466	0.466
453	  T	 13.6	  0.0	0.000	0.466	0.466
454	  V	 18.2	  0.0	0.000	0.466	0.466
455	  T	 16.3	  0.0	0.000	0.174	0.174
456	  A	  6.4	  0.0	0.000	0.000	0.000
457	  P	  0.0	  1.1	0.000	0.000	0.000
458	  P	  0.0	  1.3	0.000	0.000	0.000
459	  G	  0.0	  1.4	0.000	0.000	0.000
460	  G	  0.0	  1.5	0.000	0.000	0.000
461	  T	  0.5	  0.5	0.000	0.000	0.000
462	  D	  0.6	  0.3	0.000	0.000	0.000
463	  S	  1.7	  0.2	0.411	0.000	0.000
464	  V	  8.2	  0.1	0.411	0.000	0.000
465	  I	 11.9	  0.0	0.411	0.000	0.000
466	  I	 11.6	  0.0	0.411	0.000	0.000
467	  R	  4.8	  0.0	0.411	0.000	0.000
468	  E	  0.8	  0.0	0.411	0.000	0.000
469	  P	  0.0	  0.0	0.000	0.000	0.000
470	  P	  0.0	  0.0	0.000	0.000	0.000
471	  N	  0.0	  0.2	0.000	0.000	0.000
472	  P	  0.0	  0.2	0.000	0.000	0.000
473	  T	 10.9	  0.2	0.000	0.000	0.000
474	  V	 12.5	  0.2	0.000	0.000	0.000
475	  T	 14.0	  0.0	0.000	0.000	0.000
476	  T	  3.5	  0.0	0.000	0.000	0.000
477	  T	  2.0	  0.0	0.000	0.000	0.000
478	  E	  0.8	  0.0	0.000	0.000	0.000
479	  Y	  2.1	  0.0	0.000	0.000	0.000
480	  W	  3.1	  0.1	0.000	0.000	0.000
481	  S	  4.3	  0.8	0.000	0.000	0.000
482	  Q	  3.6	  0.8	0.000	0.000	0.000
483	  S	  3.0	  0.8	0.000	0.000	0.000
484	  Y	  1.8	  0.7	0.000	0.466	0.466
485	  A	  1.0	  0.0	0.000	0.466	0.466
486	  T	  1.8	  0.0	0.000	0.466	0.466
487	  T	  2.9	  0.0	0.000	0.466	0.466
488	  T	  4.7	  0.0	0.000	0.466	0.466
489	  T	 13.6	  0.0	0.000	0.466	0.466
490	  V	 18.2	  0.0	0.000	0.466	0.466
491	  T	 16.3	  0.0	0.000	0.174	0.174
492	  A	  6.4	  0.0	0.000	0.000	0.000
493	  P	  0.0	  1.1	0.000	0.000	0.000
494	  P	  0.0	  1.3	0.000	0.000	0.000
495	  G	  0.0	  1.4	0.000	0.000	0.000
496	  G	  0.0	  1.5	0.000	0.000	0.000
497	  T	  0.5	  0.5	0.000	0.000	0.000
498	  D	  0.6	  0.3	0.000	0.000	0.000
499	  S	  1.7	  0.2	0.411	0.000	0.000
500	  V	  8.2	  0.1	0.411	0.000	0.000
501	  I	 11.9	  0.0	0.411	0.000	0.000
502	  I	 11.6	  0.0	0.411	0.000	0.000
503	  R	  4.8	  0.0	0.411	0.000	0.000
504	  E	  0.8	  0.0	0.411	0.000	0.000
505	  P	  0.0	  0.0	0.000	0.000	0.000
506	  P	  0.0	  0.0	0.000	0.000	0.000
507	  N	  0.0	  0.2	0.000	0.000	0.000
508	  P	  0.0	  0.2	0.000	0.000	0.000
509	  T	 10.9	  0.2	0.000	0.000	0.000
510	  V	 12.5	  0.2	0.000	0.000	0.000
511	  T	 14.0	  0.0	0.000	0.000	0.000
512	  T	  3.5	  0.0	0.000	0.000	0.000
513	  T	  2.0	  0.0	0.000	0.000	0.000
514	  E	  0.8	  0.0	0.000	0.000	0.000
515	  Y	  2.1	  0.0	0.000	0.000	0.000
516	  W	  3.1	  0.1	0.000	0.000	0.000
517	  S	  4.3	  0.8	0.000	0.000	0.000
518	  Q	  3.6	  0.8	0.000	0.000	0.000
519	  S	  3.0	  0.8	0.000	0.000	0.000
520	  Y	  1.8	  0.7	0.000	0.466	0.466
521	  A	  1.0	  0.0	0.000	0.466	0.466
522	  T	  1.8	  0.0	0.000	0.466	0.466
523	  T	  2.9	  0.0	0.000	0.466	0.466
524	  T	  4.7	  0.0	0.000	0.466	0.466
525	  T	 13.6	  0.0	0.000	0.466	0.466
526	  V	 18.2	  0.0	0.000	0.466	0.466
527	  T	 16.3	  0.0	0.000	0.174	0.174
528	  A	  6.4	  0.0	0.000	0.000	0.000
529	  P	  0.0	  1.1	0.000	0.000	0.000
530	  P	  0.0	  1.3	0.000	0.000	0.000
531	  G	  0.0	  1.4	0.000	0.000	0.000
532	  G	  0.0	  1.5	0.000	0.000	0.000
533	  T	  0.5	  0.5	0.000	0.000	0.000
534	  D	  0.6	  0.3	0.000	0.000	0.000
535	  S	  1.7	  0.2	0.411	0.000	0.000
536	  V	  8.2	  0.1	0.411	0.000	0.000
537	  I	 11.9	  0.0	0.411	0.000	0.000
538	  I	 11.6	  0.0	0.411	0.000	0.000
539	  R	  4.8	  0.0	0.411	0.000	0.000
540	  E	  0.8	  0.0	0.411	0.000	0.000
541	  P	  0.0	  0.0	0.000	0.000	0.000
542	  P	  0.0	  0.0	0.000	0.000	0.000
543	  N	  0.0	  0.2	0.000	0.000	0.000
544	  P	  0.0	  0.2	0.000	0.000	0.000
545	  T	 10.9	  0.2	0.000	0.000	0.000
546	  V	 12.5	  0.2	0.000	0.000	0.000
547	  T	 14.0	  0.0	0.000	0.000	0.000
548	  T	  3.5	  0.0	0.000	0.000	0.000
549	  T	  2.0	  0.0	0.000	0.000	0.000
550	  E	  0.8	  0.0	0.000	0.000	0.000
551	  Y	  2.1	  0.0	0.000	0.000	0.000
552	  W	  3.1	  0.1	0.000	0.000	0.000
553	  S	  4.3	  0.8	0.000	0.000	0.000
554	  Q	  3.6	  0.8	0.000	0.000	0.000
555	  S	  3.0	  0.8	0.000	0.000	0.000
556	  Y	  1.8	  0.7	0.000	0.466	0.466
557	  A	  1.0	  0.0	0.000	0.466	0.466
558	  T	  1.8	  0.0	0.000	0.466	0.466
559	  T	  2.9	  0.0	0.000	0.466	0.466
560	  T	  4.7	  0.0	0.000	0.466	0.466
561	  T	 13.6	  0.0	0.000	0.466	0.466
562	  V	 18.2	  0.0	0.000	0.466	0.466
563	  T	 16.3	  0.0	0.000	0.174	0.174
564	  A	  6.4	  0.0	0.000	0.000	0.000
565	  P	  0.0	  1.1	0.000	0.000	0.000
566	  P	  0.0	  1.3	0.000	0.000	0.000
567	  G	  0.0	  1.4	0.000	0.000	0.000
568	  G	  0.0	  1.5	0.000	0.000	0.000
569	  T	  0.5	  0.5	0.000	0.000	0.000
570	  D	  0.6	  0.3	0.000	0.000	0.000
571	  S	  1.7	  0.2	0.411	0.000	0.000
572	  V	  8.2	  0.1	0.411	0.000	0.000
573	  I	 11.9	  0.0	0.411	0.000	0.000
574	  I	 11.6	  0.0	0.411	0.000	0.000
575	  R	  4.8	  0.0	0.411	0.000	0.000
576	  E	  0.8	  0.0	0.411	0.000	0.000
577	  P	  0.0	  0.0	0.000	0.000	0.000
578	  P	  0.0	  0.0	0.000	0.000	0.000
579	  N	  0.0	  0.2	0.000	0.000	0.000
580	  P	  0.0	  0.2	0.000	0.000	0.000
581	  T	 10.9	  0.2	0.000	0.000	0.000
582	  V	 12.5	  0.2	0.000	0.000	0.000
583	  T	 14.0	  0.0	0.000	0.000	0.000
584	  T	  3.5	  0.0	0.000	0.000	0.000
585	  T	  2.0	  0.0	0.000	0.000	0.000
586	  E	  0.8	  0.0	0.000	0.000	0.000
587	  Y	  2.1	  0.0	0.000	0.000	0.000
588	  W	  3.1	  0.1	0.000	0.000	0.000
589	  S	  4.3	  0.8	0.000	0.000	0.000
590	  Q	  3.6	  0.8	0.000	0.000	0.000
591	  S	  3.0	  0.8	0.000	0.000	0.000
592	  Y	  1.8	  0.7	0.000	0.466	0.466
593	  A	  1.0	  0.0	0.000	0.466	0.466
594	  T	  1.8	  0.0	0.000	0.466	0.466
595	  T	  2.9	  0.0	0.000	0.466	0.466
596	  T	  4.7	  0.0	0.000	0.466	0.466
597	  T	 13.6	  0.0	0.000	0.466	0.466
598	  V	 18.2	  0.0	0.000	0.466	0.466
599	  T	 16.3	  0.0	0.000	0.174	0.174
600	  A	  6.4	  0.0	0.000	0.000	0.000
601	  P	  0.0	  1.1	0.000	0.000	0.000
602	  P	  0.0	  1.3	0.000	0.000	0.000
603	  G	  0.0	  1.4	0.000	0.000	0.000
604	  G	  0.0	  1.5	0.000	0.000	0.000
605	  T	  0.5	  0.5	0.000	0.000	0.000
606	  D	  0.6	  0.3	0.000	0.000	0.000
607	  S	  1.7	  0.2	0.411	0.000	0.000
608	  V	  8.2	  0.1	0.411	0.000	0.000
609	  I	 11.9	  0.0	0.411	0.000	0.000
610	  I	 11.6	  0.0	0.411	0.000	0.000
611	  R	  4.8	  0.0	0.411	0.000	0.000
612	  E	  0.8	  0.0	0.411	0.000	0.000
613	  P	  0.0	  0.0	0.000	0.000	0.000
614	  P	  0.0	  0.0	0.000	0.000	0.000
615	  N	  0.0	  0.2	0.000	0.000	0.000
616	  P	  0.0	  0.2	0.000	0.000	0.000
617	  T	 10.9	  0.2	0.000	0.000	0.000
618	  V	 12.5	  0.2	0.000	0.000	0.000
619	  T	 14.0	  0.0	0.000	0.000	0.000
620	  T	  3.5	  0.0	0.000	0.000	0.000
621	  T	  2.0	  0.0	0.000	0.000	0.000
622	  E	  0.8	  0.0	0.000	0.000	0.000
623	  Y	  2.1	  0.0	0.000	0.000	0.000
624	  W	  3.1	  0.1	0.000	0.000	0.000
625	  S	  4.3	  0.8	0.000	0.000	0.000
626	  Q	  3.6	  0.8	0.000	0.000	0.000
627	  S	  3.0	  0.8	0.000	0.133	0.133
628	  F	  1.8	  0.7	0.000	1.968	1.968
629	  A	  1.0	  0.0	0.000	1.968	1.968
630	  T	  1.8	  0.0	0.000	1.968	1.968
631	  T	  2.9	  0.0	0.000	1.968	1.968
632	  T	  4.7	  0.0	0.000	1.968	1.968
633	  T	 13.6	  0.0	0.000	1.822	1.822
634	  V	 18.2	  0.0	0.000	1.822	1.822
635	  T	 16.3	  0.0	0.000	0.630	0.630
636	  A	  6.4	  0.0	0.000	0.000	0.000
637	  P	  0.0	  1.1	0.000	0.000	0.000
638	  P	  0.0	  1.3	0.000	0.000	0.000
639	  G	  0.0	  1.4	0.000	0.000	0.000
640	  G	  0.0	  1.5	0.000	0.000	0.000
641	  T	  0.5	  0.5	0.000	0.000	0.000
642	  D	  0.6	  0.3	0.000	0.000	0.000
643	  S	  1.7	  0.2	0.411	0.000	0.000
644	  V	  8.2	  0.1	0.411	0.000	0.000
645	  I	 11.9	  0.0	0.411	0.000	0.000
646	  I	 11.6	  0.0	0.411	0.000	0.000
647	  R	  4.8	  0.0	0.411	0.000	0.000
648	  E	  0.8	  0.0	0.411	0.000	0.000
649	  P	  0.0	  0.0	0.000	0.000	0.000
650	  P	  0.0	  0.0	0.000	0.000	0.000
651	  N	  0.0	  0.2	0.000	0.000	0.000
652	  P	  0.0	  0.2	0.000	0.000	0.000
653	  T	 10.9	  0.2	0.000	0.000	0.000
654	  V	 12.5	  0.2	0.000	0.000	0.000
655	  T	 14.0	  0.0	0.000	0.000	0.000
656	  T	  3.5	  0.0	0.000	0.000	0.000
657	  T	  2.0	  0.0	0.000	0.000	0.000
658	  E	  0.8	  0.0	0.000	0.000	0.000
659	  Y	  2.1	  0.0	0.000	0.000	0.000
660	  W	  3.1	  0.1	0.000	0.000	0.000
661	  S	  4.3	  0.8	0.000	0.000	0.000
662	  Q	  3.6	  0.8	0.000	0.000	0.000
663	  S	  3.0	  0.8	0.000	0.133	0.133
664	  F	  1.8	  0.7	0.000	1.968	1.968
665	  A	  1.0	  0.0	0.000	1.968	1.968
666	  T	  1.8	  0.0	0.000	1.968	1.968
667	  T	  2.9	  0.0	0.000	1.968	1.968
668	  T	  4.7	  0.0	0.000	1.968	1.968
669	  T	 13.6	  0.0	0.000	1.822	1.822
670	  V	 18.2	  0.0	0.000	1.822	1.822
671	  T	 16.3	  0.0	0.000	0.630	0.630
672	  A	  6.4	  0.0	0.000	0.000	0.000
673	  P	  0.0	  1.1	0.000	0.000	0.000
674	  P	  0.0	  1.3	0.000	0.000	0.000
675	  G	  0.0	  1.4	0.000	0.000	0.000
676	  G	  0.0	  1.5	0.000	0.000	0.000
677	  T	  0.5	  0.5	0.000	0.000	0.000
678	  D	  0.6	  0.3	0.000	0.000	0.000
679	  S	  1.7	  0.2	0.411	0.000	0.000
680	  V	  8.2	  0.1	0.411	0.000	0.000
681	  I	 11.9	  0.0	0.411	0.000	0.000
682	  I	 11.6	  0.0	0.411	0.000	0.000
683	  R	  4.8	  0.0	0.411	0.000	0.000
684	  E	  0.8	  0.0	0.411	0.000	0.000
685	  P	  0.0	  0.0	0.000	0.000	0.000
686	  P	  0.0	  0.0	0.000	0.000	0.000
687	  N	  0.0	  0.2	0.000	0.000	0.000
688	  P	  0.0	  0.2	0.000	0.000	0.000
689	  T	 10.9	  0.2	0.000	0.000	0.000
690	  V	 12.5	  0.2	0.000	0.000	0.000
691	  T	 14.0	  0.0	0.000	0.000	0.000
692	  T	  3.5	  0.0	0.000	0.000	0.000
693	  T	  2.0	  0.0	0.000	0.000	0.000
694	  E	  0.8	  0.0	0.000	0.000	0.000
695	  Y	  2.1	  0.0	0.000	0.000	0.000
696	  W	  3.1	  0.1	0.000	0.000	0.000
697	  S	  4.3	  0.8	0.000	0.000	0.000
698	  Q	  3.6	  0.8	0.000	0.000	0.000
699	  S	  3.0	  0.8	0.000	0.000	0.000
700	  Y	  1.8	  0.7	0.000	0.466	0.466
701	  A	  1.0	  0.0	0.000	0.466	0.466
702	  T	  1.8	  0.0	0.000	0.466	0.466
703	  T	  2.9	  0.0	0.000	0.466	0.466
704	  T	  4.7	  0.0	0.000	0.466	0.466
705	  T	 13.6	  0.0	0.000	0.466	0.466
706	  V	 18.2	  0.0	0.000	0.466	0.466
707	  T	 16.3	  0.0	0.000	0.174	0.174
708	  A	  6.4	  0.0	0.000	0.000	0.000
709	  P	  0.0	  1.1	0.000	0.000	0.000
710	  P	  0.0	  1.3	0.000	0.000	0.000
711	  G	  0.0	  1.4	0.000	0.000	0.000
712	  G	  0.0	  1.5	0.000	0.000	0.000
713	  T	  0.5	  0.5	0.000	0.000	0.000
714	  D	  0.6	  0.3	0.000	0.000	0.000
715	  S	  1.7	  0.2	0.411	0.000	0.000
716	  V	  8.2	  0.1	0.411	0.000	0.000
717	  I	 11.9	  0.0	0.411	0.000	0.000
718	  I	 11.6	  0.0	0.411	0.000	0.000
719	  R	  4.8	  0.0	0.411	0.000	0.000
720	  E	  0.8	  0.0	0.411	0.000	0.000
721	  P	  0.0	  0.0	0.000	0.000	0.000
722	  P	  0.0	  0.0	0.000	0.000	0.000
723	  N	  0.0	  0.2	0.000	0.000	0.000
724	  P	  0.0	  0.2	0.000	0.000	0.000
725	  T	 10.9	  0.2	0.000	0.000	0.000
726	  V	 12.5	  0.2	0.000	0.000	0.000
727	  T	 14.0	  0.0	0.000	0.000	0.000
728	  T	  3.5	  0.0	0.000	0.000	0.000
729	  T	  2.0	  0.0	0.000	0.000	0.000
730	  E	  0.8	  0.0	0.000	0.000	0.000
731	  Y	  2.1	  0.0	0.000	0.000	0.000
732	  W	  3.1	  0.1	0.000	0.000	0.000
733	  S	  4.3	  0.8	0.000	0.000	0.000
734	  Q	  3.6	  0.8	0.000	0.000	0.000
735	  S	  3.0	  0.8	0.000	0.133	0.133
736	  F	  1.8	  0.7	0.000	1.968	1.968
737	  A	  1.0	  0.0	0.000	1.968	1.968
738	  T	  1.8	  0.0	0.000	1.968	1.968
739	  T	  2.9	  0.0	0.000	1.968	1.968
740	  T	  4.7	  0.0	0.000	1.968	1.968
741	  T	 13.6	  0.0	0.000	1.822	1.822
742	  V	 18.2	  0.0	0.000	1.822	1.822
743	  T	 16.3	  0.0	0.000	0.630	0.630
744	  A	  6.4	  0.0	0.000	0.000	0.000
745	  P	  0.0	  1.1	0.000	0.000	0.000
746	  P	  0.0	  1.3	0.000	0.000	0.000
747	  G	  0.0	  1.4	0.000	0.000	0.000
748	  G	  0.0	  1.5	0.000	0.000	0.000
749	  T	  0.5	  0.5	0.000	0.000	0.000
750	  D	  0.6	  0.3	0.000	0.000	0.000
751	  S	  1.7	  0.2	0.411	0.000	0.000
752	  V	  8.2	  0.1	0.411	0.000	0.000
753	  I	 11.9	  0.0	0.411	0.000	0.000
754	  I	 11.6	  0.0	0.411	0.000	0.000
755	  R	  4.8	  0.0	0.411	0.000	0.000
756	  E	  0.8	  0.0	0.411	0.000	0.000
757	  P	  0.0	  0.0	0.000	0.000	0.000
758	  P	  0.0	  0.0	0.000	0.000	0.000
759	  N	  0.0	  0.2	0.000	0.000	0.000
760	  P	  0.0	  0.2	0.000	0.000	0.000
761	  T	 10.9	  0.2	0.000	0.000	0.000
762	  V	 12.5	  0.2	0.000	0.000	0.000
763	  T	 14.0	  0.0	0.000	0.000	0.000
764	  T	  3.5	  0.0	0.000	0.000	0.000
765	  T	  2.0	  0.0	0.000	0.000	0.000
766	  E	  0.8	  0.0	0.000	0.000	0.000
767	  Y	  2.1	  0.0	0.000	0.000	0.000
768	  W	  3.1	  0.1	0.000	0.000	0.000
769	  S	  4.3	  0.8	0.000	0.000	0.000
770	  Q	  3.6	  0.8	0.000	0.000	0.000
771	  S	  3.0	  0.8	0.000	0.133	0.133
772	  F	  1.8	  0.7	0.000	1.968	1.968
773	  A	  1.0	  0.0	0.000	1.968	1.968
774	  T	  1.8	  0.0	0.000	1.968	1.968
775	  T	  2.9	  0.0	0.000	1.968	1.968
776	  T	  4.7	  0.0	0.000	1.968	1.968
777	  T	 13.6	  0.0	0.000	1.822	1.822
778	  V	 18.2	  0.0	0.000	1.822	1.822
779	  T	 16.3	  0.0	0.000	0.630	0.630
780	  A	  6.4	  0.0	0.000	0.000	0.000
781	  P	  0.0	  1.1	0.000	0.000	0.000
782	  P	  0.0	  1.3	0.000	0.000	0.000
783	  G	  0.0	  1.4	0.000	0.000	0.000
784	  G	  0.0	  1.5	0.000	0.000	0.000
785	  T	  0.5	  0.5	0.000	0.000	0.000
786	  D	  0.6	  0.3	0.000	0.000	0.000
787	  S	  1.7	  0.2	0.411	0.000	0.000
788	  V	  8.2	  0.1	0.411	0.000	0.000
789	  I	 11.9	  0.0	0.411	0.000	0.000
790	  I	 11.6	  0.0	0.411	0.000	0.000
791	  R	  4.8	  0.0	0.411	0.000	0.000
792	  E	  0.8	  0.0	0.411	0.000	0.000
793	  P	  0.0	  0.0	0.000	0.000	0.000
794	  P	  0.0	  0.0	0.000	0.000	0.000
795	  N	  0.0	  0.2	0.000	0.000	0.000
796	  P	  0.0	  0.2	0.000	0.000	0.000
797	  T	 10.9	  0.2	0.000	0.000	0.000
798	  V	 12.5	  0.2	0.000	0.000	0.000
799	  T	 14.0	  0.0	0.000	0.000	0.000
800	  T	  3.5	  0.0	0.000	0.000	0.000
801	  T	  2.0	  0.0	0.000	0.000	0.000
802	  E	  0.8	  0.0	0.000	0.000	0.000
803	  Y	  2.1	  0.0	0.000	0.000	0.000
804	  W	  3.1	  0.1	0.000	0.000	0.000
805	  S	  4.3	  0.8	0.000	0.000	0.000
806	  Q	  3.6	  0.8	0.000	0.000	0.000
807	  S	  3.0	  0.8	0.000	0.000	0.000
808	  Y	  1.8	  0.7	0.000	0.466	0.466
809	  A	  1.0	  0.0	0.000	0.466	0.466
810	  T	  1.8	  0.0	0.000	0.466	0.466
811	  T	  2.9	  0.0	0.000	0.466	0.466
812	  T	  4.7	  0.0	0.000	0.466	0.466
813	  T	 13.6	  0.0	0.000	0.466	0.466
814	  V	 18.2	  0.0	0.000	0.466	0.466
815	  T	 16.3	  0.0	0.000	0.174	0.174
816	  A	  6.4	  0.0	0.000	0.000	0.000
817	  P	  0.0	  1.1	0.000	0.000	0.000
818	  P	  0.0	  1.3	0.000	0.000	0.000
819	  G	  0.0	  1.4	0.000	0.000	0.000
820	  G	  0.0	  1.5	0.000	0.000	0.000
821	  T	  0.4	  0.4	0.000	0.000	0.000
822	  D	  0.8	  0.3	0.000	0.000	0.000
823	  T	  4.0	  0.1	0.336	0.000	0.000
824	  V	 10.5	  0.0	0.336	0.000	0.000
825	  I	 13.8	  0.0	0.336	0.000	0.000
826	  I	 11.4	  0.0	0.336	0.000	0.000
827	  R	  4.6	  0.0	0.336	0.000	0.000
828	  E	  0.7	  0.0	0.336	0.000	0.000
829	  P	  0.0	  0.9	0.000	0.000	0.000
830	  P	  0.0	  0.9	0.000	0.000	0.000
831	  N	  1.2	  0.9	0.000	0.000	0.000
832	  Y	 11.0	  0.9	0.000	0.385	0.385
833	  T	 20.7	  0.0	0.000	0.385	0.385
834	  V	 20.9	  0.0	0.000	0.385	0.385
835	  T	 13.0	  0.0	0.000	0.385	0.385
836	  T	  3.1	  0.0	0.000	0.385	0.385
837	  T	  1.8	  0.0	0.000	0.144	0.144
838	  E	  0.8	  0.0	0.000	0.000	0.000
839	  Y	  2.1	  0.0	0.000	0.000	0.000
840	  W	  3.1	  0.1	0.000	0.000	0.000
841	  S	  4.3	  0.8	0.000	0.000	0.000
842	  Q	  3.6	  0.8	0.000	0.000	0.000
843	  S	  3.0	  0.8	0.000	0.000	0.000
844	  Y	  1.8	  0.7	0.000	0.466	0.466
845	  A	  1.0	  0.0	0.000	0.466	0.466
846	  T	  1.9	  0.0	0.000	0.466	0.466
847	  T	  3.1	  0.0	0.000	0.466	0.466
848	  T	  5.0	  0.0	0.000	0.466	0.466
849	  T	 14.0	  0.0	0.000	0.466	0.466
850	  V	 13.1	  0.0	0.000	0.466	0.466
851	  T	 11.1	  0.0	0.000	0.174	0.174
852	  G	  0.6	  0.0	0.000	0.000	0.000
853	  P	  0.0	  1.2	0.000	0.000	0.000
854	  P	  0.0	  1.4	0.000	0.000	0.000
855	  G	  0.0	  1.5	0.000	0.000	0.000
856	  G	  0.0	  1.6	0.000	0.000	0.000
857	  T	  0.4	  0.4	0.000	0.000	0.000
858	  D	  0.8	  0.3	0.000	0.000	0.000
859	  T	  4.0	  0.1	0.340	0.000	0.000
860	  V	 10.5	  0.0	0.340	0.000	0.000
861	  I	 13.8	  0.0	0.340	0.000	0.000
862	  I	 11.4	  0.0	0.340	0.000	0.000
863	  R	  4.7	  0.0	0.340	0.000	0.000
864	  E	  0.7	  0.0	0.340	0.000	0.000
865	  P	  0.0	  0.0	0.000	0.000	0.000
866	  P	  0.0	  0.0	0.000	0.000	0.000
867	  N	  0.0	  0.2	0.000	0.000	0.000
868	  P	  0.0	  0.2	0.000	0.000	0.000
869	  T	 10.9	  0.2	0.000	0.000	0.000
870	  V	 12.5	  0.2	0.000	0.000	0.000
871	  T	 14.0	  0.0	0.000	0.000	0.000
872	  T	  3.5	  0.0	0.000	0.000	0.000
873	  T	  2.0	  0.0	0.000	0.000	0.000
874	  E	  0.8	  0.0	0.000	0.000	0.000
875	  Y	  2.1	  0.0	0.000	0.000	0.000
876	  W	  3.1	  0.1	0.000	0.000	0.000
877	  S	  4.3	  0.8	0.000	0.000	0.000
878	  Q	  3.6	  0.8	0.000	0.000	0.000
879	  S	  3.0	  0.8	0.000	0.000	0.000
880	  Y	  1.8	  0.7	0.000	0.466	0.466
881	  A	  1.0	  0.0	0.000	0.466	0.466
882	  T	  1.8	  0.0	0.000	0.466	0.466
883	  T	  3.0	  0.0	0.000	0.466	0.466
884	  T	  4.8	  0.0	0.000	0.466	0.466
885	  T	 13.8	  0.0	0.000	0.466	0.466
886	  V	 16.5	  0.0	0.000	0.466	0.466
887	  T	 14.6	  0.0	0.000	0.174	0.174
888	  S	  4.5	  0.0	0.000	0.000	0.000
889	  P	  0.0	  1.2	0.000	0.000	0.000
890	  P	  0.0	  1.3	0.000	0.000	0.000
891	  G	  0.0	  1.4	0.000	0.000	0.000
892	  G	  0.0	  1.5	0.000	0.000	0.000
893	  T	  0.2	  0.4	0.000	0.000	0.000
894	  D	  1.2	  0.2	0.220	0.158	0.158
895	  I	  8.5	  0.1	0.220	0.158	0.158
896	  V	 14.8	  0.0	0.220	0.158	0.158
897	  I	 17.5	  0.0	0.220	0.158	0.158
898	  I	 11.1	  0.0	0.220	0.158	0.158
899	  R	  4.5	  0.0	0.220	0.158	0.158
900	  E	  0.7	  0.0	0.113	0.000	0.000
901	  P	  0.0	  0.0	0.000	0.000	0.000
902	  P	  0.0	  0.0	0.000	0.000	0.000
903	  N	  0.0	  0.2	0.000	0.000	0.000
904	  P	  0.0	  0.2	0.000	0.000	0.000
905	  T	 10.9	  0.2	0.000	0.000	0.000
906	  V	 12.5	  0.2	0.000	0.000	0.000
907	  T	 14.0	  0.0	0.000	0.000	0.000
908	  T	  3.5	  0.0	0.000	0.000	0.000
909	  T	  2.0	  0.0	0.000	0.000	0.000
910	  E	  0.8	  0.0	0.000	0.000	0.000
911	  Y	  2.1	  0.0	0.000	0.000	0.000
912	  W	  3.1	  0.1	0.000	0.000	0.000
913	  S	  4.3	  0.8	0.000	0.000	0.000
914	  Q	  3.6	  0.8	0.000	0.000	0.000
915	  S	  3.0	  0.8	0.000	0.000	0.000
916	  Y	  1.8	  0.7	0.000	0.466	0.466
917	  A	  1.0	  0.0	0.000	0.466	0.466
918	  T	  1.8	  0.0	0.000	0.466	0.466
919	  T	  2.9	  0.0	0.000	0.466	0.466
920	  T	  4.7	  0.0	0.000	0.466	0.466
921	  T	 13.6	  0.0	0.000	0.466	0.466
922	  V	 18.2	  0.0	0.000	0.466	0.466
923	  T	 16.3	  0.0	0.000	0.174	0.174
924	  A	  6.4	  0.0	0.000	0.000	0.000
925	  P	  0.0	  1.1	0.000	0.000	0.000
926	  P	  0.0	  1.3	0.000	0.000	0.000
927	  G	  0.0	  1.4	0.000	0.000	0.000
928	  G	  0.0	  1.5	0.000	0.000	0.000
929	  T	  0.5	  0.5	0.000	0.000	0.000
930	  D	  0.6	  0.3	0.000	0.000	0.000
931	  S	  1.7	  0.2	0.411	0.000	0.000
932	  V	  8.2	  0.1	0.411	0.000	0.000
933	  I	 11.9	  0.0	0.411	0.000	0.000
934	  I	 11.6	  0.0	0.411	0.000	0.000
935	  R	  4.8	  0.0	0.411	0.000	0.000
936	  E	  0.8	  0.0	0.411	0.000	0.000
937	  P	  0.0	  0.0	0.000	0.000	0.000
938	  P	  0.0	  0.0	0.000	0.000	0.000
939	  N	  0.0	  0.2	0.000	0.000	0.000
940	  P	  0.0	  0.2	0.000	0.000	0.000
941	  T	 10.9	  0.2	0.000	0.000	0.000
942	  V	 12.5	  0.2	0.000	0.000	0.000
943	  T	 14.0	  0.0	0.000	0.000	0.000
944	  T	  3.5	  0.0	0.000	0.000	0.000
945	  T	  2.0	  0.0	0.000	0.000	0.000
946	  E	  0.8	  0.0	0.000	0.000	0.000
947	  Y	  2.1	  0.0	0.000	0.000	0.000
948	  W	  3.1	  0.1	0.000	0.000	0.000
949	  S	  4.3	  0.8	0.000	0.000	0.000
950	  Q	  3.6	  0.8	0.000	0.000	0.000
951	  S	  3.0	  0.8	0.000	0.000	0.000
952	  Y	  1.8	  0.7	0.000	0.466	0.466
953	  A	  1.0	  0.0	0.000	0.466	0.466
954	  T	  1.8	  0.0	0.000	0.466	0.466
955	  T	  2.9	  0.0	0.000	0.466	0.466
956	  T	  4.7	  0.0	0.000	0.466	0.466
957	  T	 13.6	  0.0	0.000	0.466	0.466
958	  V	 18.2	  0.0	0.000	0.466	0.466
959	  T	 16.3	  0.0	0.000	0.174	0.174
960	  A	  6.4	  0.0	0.000	0.000	0.000
961	  P	  0.0	  1.1	0.000	0.000	0.000
962	  P	  0.0	  1.3	0.000	0.000	0.000
963	  G	  0.0	  1.4	0.000	0.000	0.000
964	  G	  0.0	  1.5	0.000	0.000	0.000
965	  T	  0.5	  0.5	0.000	0.000	0.000
966	  D	  0.6	  0.3	0.000	0.000	0.000
967	  S	  1.7	  0.2	0.411	0.000	0.000
968	  V	  8.2	  0.1	0.411	0.000	0.000
969	  I	 11.9	  0.0	0.411	0.000	0.000
970	  I	 11.6	  0.0	0.411	0.000	0.000
971	  R	  4.8	  0.0	0.411	0.000	0.000
972	  E	  0.8	  0.0	0.411	0.000	0.000
973	  P	  0.0	  0.0	0.000	0.000	0.000
974	  P	  0.0	  0.0	0.000	0.000	0.000
975	  N	  0.0	  0.2	0.000	0.000	0.000
976	  P	  0.0	  0.2	0.000	0.000	0.000
977	  T	 10.9	  0.2	0.000	0.000	0.000
978	  V	 12.5	  0.2	0.000	0.000	0.000
979	  T	 14.0	  0.0	0.000	0.000	0.000
980	  T	  3.5	  0.0	0.000	0.000	0.000
981	  T	  2.0	  0.0	0.000	0.000	0.000
982	  E	  0.8	  0.0	0.000	0.000	0.000
983	  Y	  2.1	  0.0	0.000	0.000	0.000
984	  W	  3.1	  0.1	0.000	0.000	0.000
985	  S	  4.3	  0.8	0.000	0.000	0.000
986	  Q	  3.6	  0.8	0.000	0.000	0.000
987	  S	  3.0	  0.8	0.000	0.000	0.000
988	  Y	  1.8	  0.7	0.000	0.466	0.466
989	  A	  1.0	  0.0	0.000	0.466	0.466
990	  T	  1.8	  0.0	0.000	0.466	0.466
991	  T	  2.9	  0.0	0.000	0.466	0.466
992	  T	  4.7	  0.0	0.000	0.466	0.466
993	  T	 13.6	  0.0	0.000	0.466	0.466
994	  V	 18.2	  0.0	0.000	0.466	0.466
995	  T	 16.3	  0.0	0.000	0.174	0.174
996	  A	  6.4	  0.0	0.000	0.000	0.000
997	  P	  0.0	  1.1	0.000	0.000	0.000
998	  P	  0.0	  1.3	0.000	0.000	0.000
999	  G	  0.0	  1.4	0.000	0.000	0.000
1000	  G	  0.0	  1.5	0.000	0.000	0.000
1001	  T	  0.5	  0.5	0.000	0.000	0.000
1002	  D	  0.6	  0.3	0.000	0.000	0.000
1003	  S	  1.7	  0.2	0.411	0.000	0.000
1004	  V	  8.2	  0.1	0.411	0.000	0.000
1005	  I	 11.9	  0.0	0.411	0.000	0.000
1006	  I	 11.6	  0.0	0.411	0.000	0.000
1007	  R	  4.8	  0.0	0.411	0.000	0.000
1008	  E	  0.8	  0.0	0.411	0.000	0.000
1009	  P	  0.0	  0.0	0.000	0.000	0.000
1010	  P	  0.0	  0.0	0.000	0.000	0.000
1011	  N	  0.0	  0.2	0.000	0.000	0.000
1012	  P	  0.0	  0.2	0.000	0.000	0.000
1013	  T	 10.9	  0.2	0.000	0.000	0.000
1014	  V	 12.5	  0.2	0.000	0.000	0.000
1015	  T	 14.0	  0.0	0.000	0.000	0.000
1016	  T	  3.5	  0.0	0.000	0.000	0.000
1017	  T	  2.0	  0.0	0.000	0.000	0.000
1018	  E	  0.8	  0.0	0.000	0.000	0.000
1019	  Y	  2.1	  0.0	0.000	0.000	0.000
1020	  W	  3.1	  0.1	0.000	0.000	0.000
1021	  S	  4.3	  0.8	0.000	0.000	0.000
1022	  Q	  3.6	  0.8	0.000	0.000	0.000
1023	  S	  3.0	  0.8	0.000	0.133	0.133
1024	  F	  1.8	  0.7	0.000	1.968	1.968
1025	  A	  1.0	  0.0	0.000	1.968	1.968
1026	  T	  1.8	  0.0	0.000	1.968	1.968
1027	  T	  2.9	  0.0	0.000	1.968	1.968
1028	  T	  4.7	  0.0	0.000	1.968	1.968
1029	  T	 13.6	  0.0	0.000	1.822	1.822
1030	  V	 18.2	  0.0	0.000	1.822	1.822
1031	  T	 16.3	  0.0	0.000	0.630	0.630
1032	  A	  6.4	  0.0	0.000	0.000	0.000
1033	  P	  0.0	  1.1	0.000	0.000	0.000
1034	  P	  0.0	  1.3	0.000	0.000	0.000
1035	  G	  0.0	  1.4	0.000	0.000	0.000
1036	  G	  0.0	  1.5	0.000	0.000	0.000
1037	  T	  0.5	  0.5	0.000	0.000	0.000
1038	  D	  0.6	  0.3	0.000	0.000	0.000
1039	  S	  1.7	  0.2	0.411	0.000	0.000
1040	  V	  8.2	  0.1	0.411	0.000	0.000
1041	  I	 11.9	  0.0	0.411	0.000	0.000
1042	  I	 11.6	  0.0	0.411	0.000	0.000
1043	  R	  4.8	  0.0	0.411	0.000	0.000
1044	  E	  0.8	  0.0	0.411	0.000	0.000
1045	  P	  0.0	  0.0	0.000	0.000	0.000
1046	  P	  0.0	  0.0	0.000	0.000	0.000
1047	  N	  0.0	  0.2	0.000	0.000	0.000
1048	  P	  0.0	  0.2	0.000	0.000	0.000
1049	  T	 10.9	  0.2	0.000	0.000	0.000
1050	  V	 12.5	  0.2	0.000	0.000	0.000
1051	  T	 14.0	  0.0	0.000	0.000	0.000
1052	  T	  3.5	  0.0	0.000	0.000	0.000
1053	  T	  2.0	  0.0	0.000	0.000	0.000
1054	  E	  0.8	  0.0	0.000	0.000	0.000
1055	  Y	  2.1	  0.0	0.000	0.000	0.000
1056	  W	  3.1	  0.1	0.000	0.000	0.000
1057	  S	  4.3	  0.8	0.000	0.000	0.000
1058	  Q	  3.6	  0.8	0.000	0.000	0.000
1059	  S	  3.0	  0.8	0.000	0.000	0.000
1060	  Y	  1.8	  0.7	0.000	0.466	0.466
1061	  A	  1.0	  0.0	0.000	0.466	0.466
1062	  T	  1.8	  0.0	0.000	0.466	0.466
1063	  T	  2.9	  0.0	0.000	0.466	0.466
1064	  T	  4.7	  0.0	0.000	0.466	0.466
1065	  T	 13.6	  0.0	0.000	0.466	0.466
1066	  V	 18.2	  0.0	0.000	0.466	0.466
1067	  T	 16.3	  0.0	0.000	0.174	0.174
1068	  A	  6.4	  0.0	0.000	0.000	0.000
1069	  P	  0.0	  1.1	0.000	0.000	0.000
1070	  P	  0.0	  1.3	0.000	0.000	0.000
1071	  G	  0.0	  1.4	0.000	0.000	0.000
1072	  G	  0.0	  1.5	0.000	0.000	0.000
1073	  T	  0.4	  0.4	0.000	0.000	0.000
1074	  D	  0.8	  0.3	0.000	0.000	0.000
1075	  T	  4.0	  0.1	0.336	0.000	0.000
1076	  V	 10.5	  0.0	0.336	0.000	0.000
1077	  I	 13.8	  0.0	0.336	0.000	0.000
1078	  I	 11.4	  0.0	0.336	0.000	0.000
1079	  R	  4.6	  0.0	0.336	0.000	0.000
1080	  E	  0.7	  0.0	0.336	0.000	0.000
1081	  P	  0.0	  0.9	0.000	0.000	0.000
1082	  P	  0.0	  0.9	0.000	0.000	0.000
1083	  N	  1.2	  0.9	0.000	0.000	0.000
1084	  Y	 11.0	  0.9	0.000	0.385	0.385
1085	  T	 20.7	  0.0	0.000	0.385	0.385
1086	  V	 20.9	  0.0	0.000	0.385	0.385
1087	  T	 13.0	  0.0	0.000	0.385	0.385
1088	  T	  3.1	  0.0	0.000	0.385	0.385
1089	  T	  1.8	  0.0	0.000	0.144	0.144
1090	  E	  0.8	  0.0	0.000	0.000	0.000
1091	  Y	  2.1	  0.0	0.000	0.000	0.000
1092	  W	  3.1	  0.1	0.000	0.000	0.000
1093	  S	  4.3	  0.8	0.000	0.000	0.000
1094	  Q	  3.6	  0.8	0.000	0.000	0.000
1095	  S	  3.0	  0.8	0.000	0.000	0.000
1096	  Y	  1.8	  0.7	0.000	0.466	0.466
1097	  A	  1.0	  0.0	0.000	0.466	0.466
1098	  T	  1.9	  0.0	0.000	0.466	0.466
1099	  T	  3.1	  0.0	0.000	0.466	0.466
1100	  T	  5.0	  0.0	0.000	0.466	0.466
1101	  T	 14.0	  0.0	0.000	0.466	0.466
1102	  V	 13.1	  0.0	0.000	0.466	0.466
1103	  T	 11.1	  0.0	0.000	0.174	0.174
1104	  G	  0.6	  0.0	0.000	0.000	0.000
1105	  P	  0.0	  1.2	0.000	0.000	0.000
1106	  P	  0.0	  1.4	0.000	0.000	0.000
1107	  G	  0.0	  1.5	0.000	0.000	0.000
1108	  G	  0.0	  1.6	0.000	0.000	0.000
1109	  T	  0.4	  0.4	0.000	0.000	0.000
1110	  D	  0.8	  0.3	0.000	0.000	0.000
1111	  T	  4.0	  0.1	0.340	0.000	0.000
1112	  V	 10.5	  0.0	0.340	0.000	0.000
1113	  I	 13.8	  0.0	0.340	0.000	0.000
1114	  I	 11.4	  0.0	0.340	0.000	0.000
1115	  R	  4.7	  0.0	0.340	0.000	0.000
1116	  E	  0.7	  0.0	0.340	0.000	0.000
1117	  P	  0.0	  0.0	0.000	0.000	0.000
1118	  P	  0.0	  0.0	0.000	0.000	0.000
1119	  N	  0.0	  0.2	0.000	0.000	0.000
1120	  P	  0.0	  0.2	0.000	0.000	0.000
1121	  T	 10.9	  0.2	0.000	0.000	0.000
1122	  V	 12.5	  0.2	0.000	0.000	0.000
1123	  T	 14.0	  0.0	0.000	0.000	0.000
1124	  T	  3.5	  0.0	0.000	0.000	0.000
1125	  T	  2.0	  0.0	0.000	0.000	0.000
1126	  E	  0.8	  0.0	0.000	0.000	0.000
1127	  Y	  2.1	  0.0	0.000	0.000	0.000
1128	  W	  3.1	  0.1	0.000	0.000	0.000
1129	  S	  4.3	  0.8	0.000	0.000	0.000
1130	  Q	  3.6	  0.8	0.000	0.000	0.000
1131	  S	  3.0	  0.8	0.000	0.000	0.000
1132	  Y	  1.8	  0.7	0.000	0.466	0.466
1133	  A	  1.0	  0.0	0.000	0.466	0.466
1134	  T	  1.8	  0.0	0.000	0.466	0.466
1135	  T	  3.0	  0.0	0.000	0.466	0.466
1136	  T	  4.8	  0.0	0.000	0.466	0.466
1137	  T	 13.8	  0.0	0.000	0.466	0.466
1138	  V	 16.5	  0.0	0.000	0.466	0.466
1139	  T	 14.6	  0.0	0.000	0.174	0.174
1140	  S	  4.5	  0.0	0.000	0.000	0.000
1141	  P	  0.0	  1.2	0.000	0.000	0.000
1142	  P	  0.0	  1.3	0.000	0.000	0.000
1143	  G	  0.0	  1.4	0.000	0.000	0.000
1144	  G	  0.0	  1.5	0.000	0.000	0.000
1145	  T	  0.2	  0.4	0.000	0.000	0.000
1146	  D	  1.2	  0.2	0.220	0.158	0.158
1147	  I	  8.5	  0.1	0.220	0.158	0.158
1148	  V	 14.8	  0.0	0.220	0.158	0.158
1149	  I	 17.5	  0.0	0.220	0.158	0.158
1150	  I	 11.1	  0.0	0.220	0.158	0.158
1151	  R	  4.5	  0.0	0.220	0.158	0.158
1152	  E	  0.7	  0.0	0.113	0.000	0.000
1153	  P	  0.0	  0.0	0.000	0.000	0.000
1154	  P	  0.0	  0.0	0.000	0.000	0.000
1155	  N	  0.0	  0.2	0.000	0.000	0.000
1156	  P	  0.0	  0.2	0.000	0.000	0.000
1157	  T	 10.9	  0.2	0.000	0.000	0.000
1158	  V	 12.5	  0.2	0.000	0.000	0.000
1159	  T	 14.0	  0.0	0.000	0.000	0.000
1160	  T	  3.5	  0.0	0.000	0.000	0.000
1161	  T	  2.0	  0.0	0.000	0.000	0.000
1162	  E	  0.8	  0.0	0.000	0.000	0.000
1163	  Y	  2.1	  0.0	0.000	0.000	0.000
1164	  W	  3.1	  0.1	0.000	0.000	0.000
1165	  S	  4.3	  0.8	0.000	0.000	0.000
1166	  Q	  3.6	  0.8	0.000	0.000	0.000
1167	  S	  3.0	  0.8	0.000	0.133	0.133
1168	  F	  1.8	  0.7	0.000	1.968	1.968
1169	  A	  1.0	  0.0	0.000	1.968	1.968
1170	  T	  1.8	  0.0	0.000	1.968	1.968
1171	  T	  2.9	  0.0	0.000	1.968	1.968
1172	  T	  4.7	  0.0	0.000	1.968	1.968
1173	  T	 13.6	  0.0	0.000	1.822	1.822
1174	  V	 18.2	  0.0	0.000	1.822	1.822
1175	  T	 16.3	  0.0	0.000	0.630	0.630
1176	  A	  6.4	  0.0	0.000	0.000	0.000
1177	  P	  0.0	  1.1	0.000	0.000	0.000
1178	  P	  0.0	  1.3	0.000	0.000	0.000
1179	  G	  0.0	  1.4	0.000	0.000	0.000
1180	  G	  0.0	  1.5	0.000	0.000	0.000
1181	  T	  0.5	  0.5	0.000	0.000	0.000
1182	  D	  0.6	  0.3	0.000	0.000	0.000
1183	  S	  1.7	  0.2	0.411	0.000	0.000
1184	  V	  8.2	  0.1	0.411	0.000	0.000
1185	  I	 11.9	  0.0	0.411	0.000	0.000
1186	  I	 11.6	  0.0	0.411	0.000	0.000
1187	  R	  4.8	  0.0	0.411	0.000	0.000
1188	  E	  0.8	  0.0	0.411	0.000	0.000
1189	  P	  0.0	  0.0	0.000	0.000	0.000
1190	  P	  0.0	  0.0	0.000	0.000	0.000
1191	  N	  0.0	  0.2	0.000	0.000	0.000
1192	  P	  0.0	  0.2	0.000	0.000	0.000
1193	  T	 10.9	  0.2	0.000	0.000	0.000
1194	  V	 12.5	  0.2	0.000	0.000	0.000
1195	  T	 14.0	  0.0	0.000	0.000	0.000
1196	  T	  3.5	  0.0	0.000	0.000	0.000
1197	  T	  2.0	  0.0	0.000	0.000	0.000
1198	  E	  0.8	  0.0	0.000	0.000	0.000
1199	  Y	  2.1	  0.0	0.000	0.000	0.000
1200	  W	  3.1	  0.1	0.000	0.000	0.000
1201	  S	  4.3	  0.8	0.000	0.000	0.000
1202	  Q	  3.6	  0.8	0.000	0.000	0.000
1203	  S	  3.0	  0.8	0.000	0.000	0.000
1204	  Y	  1.8	  0.7	0.000	0.466	0.466
1205	  A	  1.0	  0.0	0.000	0.466	0.466
1206	  T	  1.8	  0.0	0.000	0.466	0.466
1207	  T	  2.9	  0.0	0.000	0.466	0.466
1208	  T	  4.7	  0.0	0.000	0.466	0.466
1209	  T	 13.6	  0.0	0.000	0.466	0.466
1210	  V	 18.2	  0.0	0.000	0.466	0.466
1211	  T	 16.3	  0.0	0.000	0.174	0.174
1212	  A	  6.4	  0.0	0.000	0.000	0.000
1213	  P	  0.0	  1.1	0.000	0.000	0.000
1214	  P	  0.0	  1.3	0.000	0.000	0.000
1215	  G	  0.0	  1.4	0.000	0.000	0.000
1216	  G	  0.0	  1.5	0.000	0.000	0.000
1217	  T	  0.5	  0.5	0.000	0.000	0.000
1218	  D	  0.6	  0.3	0.000	0.000	0.000
1219	  S	  1.7	  0.2	0.411	0.000	0.000
1220	  V	  8.2	  0.1	0.411	0.000	0.000
1221	  I	 11.9	  0.0	0.411	0.000	0.000
1222	  I	 11.6	  0.0	0.411	0.000	0.000
1223	  R	  4.8	  0.0	0.411	0.000	0.000
1224	  E	  0.8	  0.0	0.411	0.000	0.000
1225	  P	  0.0	  0.0	0.000	0.000	0.000
1226	  P	  0.0	  0.0	0.000	0.000	0.000
1227	  N	  0.0	  0.2	0.000	0.000	0.000
1228	  P	  0.0	  0.2	0.000	0.000	0.000
1229	  T	 10.9	  0.2	0.000	0.000	0.000
1230	  V	 12.5	  0.2	0.000	0.000	0.000
1231	  T	 14.0	  0.0	0.000	0.000	0.000
1232	  T	  3.5	  0.0	0.000	0.000	0.000
1233	  T	  2.0	  0.0	0.000	0.000	0.000
1234	  E	  0.8	  0.0	0.000	0.000	0.000
1235	  Y	  2.1	  0.0	0.000	0.000	0.000
1236	  W	  3.1	  0.1	0.000	0.000	0.000
1237	  S	  4.3	  0.8	0.000	0.000	0.000
1238	  Q	  3.6	  0.8	0.000	0.000	0.000
1239	  S	  3.0	  0.8	0.000	0.000	0.000
1240	  Y	  1.8	  0.7	0.000	0.466	0.466
1241	  A	  1.0	  0.0	0.000	0.466	0.466
1242	  T	  1.8	  0.0	0.000	0.466	0.466
1243	  T	  2.9	  0.0	0.000	0.466	0.466
1244	  T	  4.7	  0.0	0.000	0.466	0.466
1245	  T	 13.6	  0.0	0.000	0.466	0.466
1246	  V	 18.2	  0.0	0.000	0.466	0.466
1247	  T	 16.3	  0.0	0.000	0.174	0.174
1248	  A	  6.4	  0.0	0.000	0.000	0.000
1249	  P	  0.0	  1.1	0.000	0.000	0.000
1250	  P	  0.0	  1.3	0.000	0.000	0.000
1251	  G	  0.0	  1.4	0.000	0.000	0.000
1252	  G	  0.0	  1.5	0.000	0.000	0.000
1253	  T	  0.4	  0.4	0.000	0.000	0.000
1254	  D	  0.8	  0.3	0.000	0.000	0.000
1255	  T	  4.0	  0.1	0.340	0.000	0.000
1256	  V	 10.5	  0.0	0.340	0.000	0.000
1257	  I	 13.8	  0.0	0.340	0.000	0.000
1258	  I	 11.4	  0.0	0.340	0.000	0.000
1259	  R	  4.7	  0.0	0.340	0.000	0.000
1260	  E	  0.7	  0.0	0.340	0.000	0.000
1261	  P	  0.0	  0.0	0.000	0.000	0.000
1262	  P	  0.0	  0.0	0.000	0.000	0.000
1263	  N	  0.0	  0.2	0.000	0.000	0.000
1264	  P	  0.0	  0.2	0.000	0.000	0.000
1265	  T	 10.9	  0.2	0.000	0.000	0.000
1266	  V	 12.5	  0.2	0.000	0.000	0.000
1267	  T	 14.0	  0.0	0.000	0.000	0.000
1268	  T	  3.5	  0.0	0.000	0.000	0.000
1269	  T	  2.0	  0.0	0.000	0.000	0.000
1270	  E	  0.8	  0.0	0.000	0.000	0.000
1271	  Y	  2.1	  0.0	0.000	0.000	0.000
1272	  W	  3.1	  0.1	0.000	0.000	0.000
1273	  S	  4.3	  0.8	0.000	0.000	0.000
1274	  Q	  3.6	  0.8	0.000	0.000	0.000
1275	  S	  3.0	  0.8	0.000	0.000	0.000
1276	  Y	  1.8	  0.7	0.000	0.466	0.466
1277	  A	  1.0	  0.0	0.000	0.466	0.466
1278	  T	  1.8	  0.0	0.000	0.466	0.466
1279	  T	  2.9	  0.0	0.000	0.466	0.466
1280	  T	  4.7	  0.0	0.000	0.466	0.466
1281	  T	 13.6	  0.0	0.000	0.466	0.466
1282	  V	 18.2	  0.0	0.000	0.466	0.466
1283	  T	 16.3	  0.0	0.000	0.174	0.174
1284	  A	  6.4	  0.0	0.000	0.000	0.000
1285	  P	  0.0	  1.1	0.000	0.000	0.000
1286	  P	  0.0	  1.3	0.000	0.000	0.000
1287	  G	  0.0	  1.4	0.000	0.000	0.000
1288	  G	  0.0	  1.5	0.000	0.000	0.000
1289	  T	  0.5	  0.5	0.000	0.000	0.000
1290	  D	  0.6	  0.3	0.000	0.000	0.000
1291	  S	  1.7	  0.2	0.411	0.000	0.000
1292	  V	  8.2	  0.1	0.411	0.000	0.000
1293	  I	 11.9	  0.0	0.411	0.000	0.000
1294	  I	 11.6	  0.0	0.411	0.000	0.000
1295	  R	  4.8	  0.0	0.411	0.000	0.000
1296	  E	  0.8	  0.0	0.411	0.000	0.000
1297	  P	  0.0	  0.0	0.000	0.000	0.000
1298	  P	  0.0	  0.0	0.000	0.000	0.000
1299	  N	  0.0	  0.2	0.000	0.000	0.000
1300	  P	  0.0	  0.2	0.000	0.000	0.000
1301	  T	 10.9	  0.2	0.000	0.000	0.000
1302	  V	 12.5	  0.2	0.000	0.000	0.000
1303	  T	 14.0	  0.0	0.000	0.000	0.000
1304	  T	  3.5	  0.0	0.000	0.000	0.000
1305	  T	  2.0	  0.0	0.000	0.000	0.000
1306	  E	  0.8	  0.0	0.000	0.000	0.000
1307	  Y	  2.1	  0.0	0.000	0.000	0.000
1308	  W	  3.1	  0.1	0.000	0.000	0.000
1309	  S	  4.3	  0.8	0.000	0.000	0.000
1310	  Q	  3.6	  0.8	0.000	0.000	0.000
1311	  S	  3.0	  0.8	0.000	0.000	0.000
1312	  Y	  1.8	  0.7	0.000	0.466	0.466
1313	  A	  1.0	  0.0	0.000	0.466	0.466
1314	  T	  1.8	  0.0	0.000	0.466	0.466
1315	  T	  2.9	  0.0	0.000	0.466	0.466
1316	  T	  4.7	  0.0	0.000	0.466	0.466
1317	  T	 13.6	  0.0	0.000	0.466	0.466
1318	  V	 18.2	  0.0	0.000	0.466	0.466
1319	  T	 16.3	  0.0	0.000	0.174	0.174
1320	  A	  6.4	  0.0	0.000	0.000	0.000
1321	  P	  0.0	  1.1	0.000	0.000	0.000
1322	  P	  0.0	  1.3	0.000	0.000	0.000
1323	  G	  0.0	  1.4	0.000	0.000	0.000
1324	  G	  0.0	  1.5	0.000	0.000	0.000
1325	  T	  0.4	  0.4	0.000	0.000	0.000
1326	  D	  0.8	  0.3	0.000	0.000	0.000
1327	  T	  4.0	  0.1	0.336	0.000	0.000
1328	  V	 10.5	  0.0	0.336	0.000	0.000
1329	  I	 13.8	  0.0	0.336	0.000	0.000
1330	  I	 11.4	  0.0	0.336	0.000	0.000
1331	  R	  4.6	  0.0	0.336	0.000	0.000
1332	  E	  0.7	  0.0	0.336	0.000	0.000
1333	  P	  0.0	  0.9	0.000	0.000	0.000
1334	  P	  0.0	  0.9	0.000	0.000	0.000
1335	  N	  1.2	  0.9	0.000	0.000	0.000
1336	  Y	 11.0	  0.9	0.000	0.385	0.385
1337	  T	 20.7	  0.0	0.000	0.385	0.385
1338	  V	 20.9	  0.0	0.000	0.385	0.385
1339	  T	 13.0	  0.0	0.000	0.385	0.385
1340	  T	  3.1	  0.0	0.000	0.385	0.385
1341	  T	  1.8	  0.0	0.000	0.144	0.144
1342	  E	  0.8	  0.0	0.000	0.000	0.000
1343	  Y	  2.1	  0.0	0.000	0.000	0.000
1344	  W	  3.1	  0.1	0.000	0.000	0.000
1345	  S	  4.3	  0.8	0.000	0.000	0.000
1346	  Q	  3.6	  0.8	0.000	0.000	0.000
1347	  S	  3.0	  0.8	0.000	0.000	0.000
1348	  Y	  1.8	  0.7	0.000	0.466	0.466
1349	  A	  1.0	  0.0	0.000	0.466	0.466
1350	  T	  1.8	  0.0	0.000	0.466	0.466
1351	  T	  2.9	  0.0	0.000	0.466	0.466
1352	  T	  4.7	  0.0	0.000	0.466	0.466
1353	  T	 13.6	  0.0	0.000	0.466	0.466
1354	  V	 18.2	  0.0	0.000	0.466	0.466
1355	  T	 16.3	  0.0	0.000	0.174	0.174
1356	  A	  6.4	  0.0	0.000	0.000	0.000
1357	  P	  0.0	  1.1	0.000	0.000	0.000
1358	  P	  0.0	  1.3	0.000	0.000	0.000
1359	  G	  0.0	  1.4	0.000	0.000	0.000
1360	  G	  0.0	  1.5	0.000	0.000	0.000
1361	  T	  0.4	  0.4	0.000	0.000	0.000
1362	  D	  0.8	  0.3	0.000	0.000	0.000
1363	  T	  4.0	  0.1	0.340	0.000	0.000
1364	  V	 10.5	  0.0	0.340	0.000	0.000
1365	  I	 13.8	  0.0	0.340	0.000	0.000
1366	  I	 11.4	  0.0	0.340	0.000	0.000
1367	  R	  4.7	  0.0	0.340	0.000	0.000
1368	  E	  0.7	  0.0	0.340	0.000	0.000
1369	  P	  0.0	  0.0	0.000	0.000	0.000
1370	  P	  0.0	  0.0	0.000	0.000	0.000
1371	  S	  0.0	  0.3	0.000	0.000	0.000
1372	  P	  0.0	  0.3	0.000	0.000	0.000
1373	  T	 10.9	  0.3	0.000	0.000	0.000
1374	  V	 12.5	  0.3	0.000	0.000	0.000
1375	  T	 14.0	  0.0	0.000	0.000	0.000
1376	  T	  3.5	  0.0	0.000	0.000	0.000
1377	  T	  2.0	  0.0	0.000	0.000	0.000
1378	  E	  0.8	  0.0	0.000	0.000	0.000
1379	  Y	  2.1	  0.0	0.000	0.000	0.000
1380	  W	  3.1	  0.1	0.000	0.000	0.000
1381	  S	  4.3	  0.8	0.000	0.000	0.000
1382	  Q	  3.6	  0.8	0.000	0.000	0.000
1383	  S	  3.0	  0.8	0.000	0.000	0.000
1384	  Y	  1.8	  0.7	0.000	0.466	0.466
1385	  A	  1.0	  0.0	0.000	0.466	0.466
1386	  T	  1.8	  0.0	0.000	0.466	0.466
1387	  T	  2.9	  0.0	0.000	0.466	0.466
1388	  T	  4.7	  0.0	0.000	0.466	0.466
1389	  T	 13.6	  0.0	0.000	0.466	0.466
1390	  V	 18.2	  0.0	0.000	0.466	0.466
1391	  T	 16.3	  0.0	0.000	0.174	0.174
1392	  A	  6.4	  0.0	0.000	0.000	0.000
1393	  P	  0.0	  1.1	0.000	0.000	0.000
1394	  P	  0.0	  1.3	0.000	0.000	0.000
1395	  G	  0.0	  1.4	0.000	0.194	0.194
1396	  G	  0.1	  1.4	0.127	2.351	2.351
1397	  T	  1.2	  0.2	0.127	26.672	26.672
1398	  A	  1.8	  0.1	0.127	66.439	66.439
1399	  T	  4.9	  0.0	0.231	66.439	66.439
1400	  V	 10.6	  0.0	0.231	66.439	66.439
1401	  I	 11.6	  0.0	0.231	66.439	66.439
1402	  I	 10.1	  0.0	0.231	66.068	66.068
1403	  K	  3.3	  0.0	0.231	0.000	0.000
1404	  E	  1.6	  0.0	0.104	0.000	0.000
1405	  P	  0.0	  0.9	0.000	0.000	0.000
1406	  P	  0.0	  0.9	0.000	0.000	0.000
1407	  N	  1.2	  0.9	0.000	0.000	0.000
1408	  Y	 11.0	  0.9	0.000	0.385	0.385
1409	  T	 20.7	  0.0	0.000	0.385	0.385
1410	  V	 20.9	  0.0	0.000	0.385	0.385
1411	  T	 13.0	  0.0	0.000	0.385	0.385
1412	  T	  3.1	  0.0	0.000	0.385	0.385
1413	  T	  1.8	  0.0	0.000	0.144	0.144
1414	  E	  0.8	  0.0	0.000	0.000	0.000
1415	  Y	  2.1	  0.0	0.000	0.000	0.000
1416	  W	  3.1	  0.1	0.000	0.000	0.000
1417	  S	  4.3	  0.8	0.000	0.000	0.000
1418	  Q	  3.6	  0.8	0.000	0.000	0.000
1419	  S	  3.0	  0.8	0.000	0.000	0.000
1420	  Y	  1.8	  0.7	0.000	0.443	0.443
1421	  A	  1.0	  0.0	0.000	0.443	0.443
1422	  T	  1.8	  0.0	0.000	0.443	0.443
1423	  T	  2.9	  0.0	0.000	0.443	0.443
1424	  T	  3.6	  0.0	0.000	0.443	0.443
1425	  T	 13.3	  0.0	0.000	0.443	0.443
1426	  I	 20.2	  0.0	0.000	0.443	0.443
1427	  T	 19.3	  0.0	0.000	0.165	0.165
1428	  A	  8.8	  0.0	0.000	0.000	0.000
1429	  P	  0.0	  1.1	0.000	0.000	0.000
1430	  P	  0.0	  1.2	0.000	0.000	0.000
1431	  G	  0.0	  1.4	0.000	0.000	0.000
1432	  G	  0.0	  1.5	0.000	0.000	0.000
1433	  T	  0.4	  0.4	0.000	0.000	0.000
1434	  D	  0.8	  0.3	0.000	0.000	0.000
1435	  T	  4.0	  0.1	0.336	0.000	0.000
1436	  V	 10.5	  0.0	0.336	0.000	0.000
1437	  I	 13.8	  0.0	0.336	0.000	0.000
1438	  I	 11.4	  0.0	0.336	0.000	0.000
1439	  R	  4.6	  0.0	0.336	0.000	0.000
1440	  E	  0.7	  0.0	0.336	0.000	0.000
1441	  P	  0.0	  0.9	0.000	0.000	0.000
1442	  P	  0.0	  0.9	0.000	0.000	0.000
1443	  N	  1.2	  0.9	0.000	0.000	0.000
1444	  Y	 11.0	  0.9	0.000	0.385	0.385
1445	  T	 20.7	  0.0	0.000	0.385	0.385
1446	  V	 20.9	  0.0	0.000	0.385	0.385
1447	  T	 13.0	  0.0	0.000	0.385	0.385
1448	  T	  3.1	  0.0	0.000	0.385	0.385
1449	  T	  1.8	  0.0	0.000	0.144	0.144
1450	  E	  0.8	  0.0	0.000	0.000	0.000
1451	  Y	  2.1	  0.0	0.000	0.000	0.000
1452	  W	  3.1	  0.1	0.000	0.000	0.000
1453	  S	  4.3	  0.8	0.000	0.000	0.000
1454	  Q	  3.6	  0.8	0.000	0.000	0.000
1455	  S	  3.0	  0.8	0.000	0.000	0.000
1456	  Y	  1.8	  0.7	0.000	0.466	0.466
1457	  A	  1.0	  0.0	0.000	0.466	0.466
1458	  T	  1.8	  0.0	0.000	0.466	0.466
1459	  T	  2.9	  0.0	0.000	0.466	0.466
1460	  T	  4.7	  0.0	0.000	0.466	0.466
1461	  T	 13.6	  0.0	0.000	0.466	0.466
1462	  V	 18.2	  0.0	0.000	0.466	0.466
1463	  T	 16.3	  0.0	0.000	0.174	0.174
1464	  A	  6.4	  0.0	0.000	0.000	0.000
1465	  P	  0.0	  1.1	0.000	0.000	0.000
1466	  P	  0.0	  1.3	0.000	0.000	0.000
1467	  G	  0.0	  1.4	0.000	0.000	0.000
1468	  G	  0.0	  1.5	0.000	0.000	0.000
1469	  T	  0.4	  0.4	0.000	0.000	0.000
1470	  D	  0.8	  0.3	0.000	0.000	0.000
1471	  T	  4.0	  0.1	0.336	0.000	0.000
1472	  V	 10.5	  0.0	0.336	0.000	0.000
1473	  I	 13.8	  0.0	0.336	0.000	0.000
1474	  I	 11.4	  0.0	0.336	0.000	0.000
1475	  R	  4.6	  0.0	0.336	0.000	0.000
1476	  E	  0.7	  0.0	0.336	0.000	0.000
1477	  P	  0.0	  0.9	0.000	0.000	0.000
1478	  P	  0.0	  0.9	0.000	0.000	0.000
1479	  N	  1.2	  0.9	0.000	0.000	0.000
1480	  Y	 11.0	  0.9	0.000	0.385	0.385
1481	  T	 20.7	  0.0	0.000	0.385	0.385
1482	  V	 20.9	  0.0	0.000	0.385	0.385
1483	  T	 13.0	  0.0	0.000	0.385	0.385
1484	  T	  3.1	  0.0	0.000	0.385	0.385
1485	  T	  1.8	  0.0	0.000	0.144	0.144
1486	  E	  0.8	  0.0	0.000	0.000	0.000
1487	  Y	  2.1	  0.0	0.000	0.000	0.000
1488	  W	  3.1	  0.1	0.000	0.000	0.000
1489	  S	  4.3	  0.8	0.000	0.000	0.000
1490	  Q	  3.6	  0.8	0.000	0.000	0.000
1491	  S	  3.0	  0.8	0.000	0.000	0.000
1492	  Y	  1.8	  0.7	0.000	0.466	0.466
1493	  A	  1.0	  0.0	0.000	0.466	0.466
1494	  T	  1.9	  0.0	0.000	0.466	0.466
1495	  T	  3.1	  0.0	0.000	0.466	0.466
1496	  T	  5.0	  0.0	0.000	0.466	0.466
1497	  T	 14.0	  0.0	0.000	0.466	0.466
1498	  V	 13.1	  0.0	0.000	0.466	0.466
1499	  T	 11.1	  0.0	0.000	0.174	0.174
1500	  G	  0.6	  0.0	0.000	0.000	0.000
1501	  P	  0.0	  1.2	0.000	0.000	0.000
1502	  P	  0.0	  1.4	0.000	0.000	0.000
1503	  G	  0.0	  1.5	0.000	0.000	0.000
1504	  G	  0.0	  1.6	0.000	0.000	0.000
1505	  T	  0.4	  0.4	0.000	0.000	0.000
1506	  D	  0.8	  0.3	0.000	0.000	0.000
1507	  T	  4.0	  0.1	0.340	0.000	0.000
1508	  V	 10.5	  0.0	0.340	0.000	0.000
1509	  I	 13.8	  0.0	0.340	0.000	0.000
1510	  I	 11.4	  0.0	0.340	0.000	0.000
1511	  R	  4.7	  0.0	0.340	0.000	0.000
1512	  E	  0.7	  0.0	0.340	0.000	0.000
1513	  P	  0.0	  0.0	0.000	0.000	0.000
1514	  P	  0.0	  0.0	0.000	0.000	0.000
1515	  S	  0.0	  0.3	0.000	0.000	0.000
1516	  P	  0.0	  0.3	0.000	0.000	0.000
1517	  T	 10.9	  0.3	0.000	0.000	0.000
1518	  V	 12.5	  0.3	0.000	0.000	0.000
1519	  T	 14.0	  0.0	0.000	0.000	0.000
1520	  T	  3.5	  0.0	0.000	0.000	0.000
1521	  T	  2.0	  0.0	0.000	0.000	0.000
1522	  E	  0.8	  0.0	0.000	0.000	0.000
1523	  Y	  2.1	  0.0	0.000	0.000	0.000
1524	  W	  3.1	  0.1	0.000	0.000	0.000
1525	  S	  4.3	  0.8	0.000	0.000	0.000
1526	  Q	  3.6	  0.8	0.000	0.000	0.000
1527	  S	  3.0	  0.8	0.000	0.000	0.000
1528	  Y	  1.8	  0.7	0.000	0.466	0.466
1529	  A	  1.0	  0.0	0.000	0.466	0.466
1530	  T	  1.8	  0.0	0.000	0.466	0.466
1531	  T	  2.9	  0.0	0.000	0.466	0.466
1532	  T	  4.7	  0.0	0.000	0.466	0.466
1533	  T	 13.6	  0.0	0.000	0.466	0.466
1534	  V	 18.2	  0.0	0.000	0.466	0.466
1535	  T	 16.3	  0.0	0.000	0.174	0.174
1536	  A	  6.4	  0.0	0.000	0.000	0.000
1537	  P	  0.0	  1.1	0.000	0.000	0.000
1538	  P	  0.0	  1.3	0.000	0.000	0.000
1539	  G	  0.0	  1.4	0.000	0.194	0.194
1540	  G	  0.1	  1.4	0.095	2.351	2.351
1541	  T	  1.1	  0.2	0.095	26.672	26.672
1542	  A	  1.7	  0.1	0.095	66.440	66.440
1543	  T	  4.8	  0.0	0.216	66.440	66.440
1544	  V	 10.6	  0.0	0.216	66.440	66.440
1545	  I	 13.7	  0.0	0.216	66.440	66.440
1546	  I	 11.3	  0.0	0.216	66.069	66.069
1547	  R	  4.6	  0.0	0.216	0.000	0.000
1548	  E	  0.7	  0.0	0.121	0.000	0.000
1549	  P	  0.0	  0.9	0.000	0.000	0.000
1550	  P	  0.0	  0.9	0.000	0.000	0.000
1551	  N	  1.2	  0.9	0.000	0.000	0.000
1552	  Y	 11.0	  0.9	0.000	0.385	0.385
1553	  T	 20.7	  0.0	0.000	0.385	0.385
1554	  V	 20.9	  0.0	0.000	0.385	0.385
1555	  T	 13.0	  0.0	0.000	0.385	0.385
1556	  T	  3.1	  0.0	0.000	0.385	0.385
1557	  T	  1.8	  0.0	0.000	0.144	0.144
1558	  E	  0.8	  0.0	0.000	0.000	0.000
1559	  Y	  2.1	  0.0	0.000	0.000	0.000
1560	  W	  3.1	  0.1	0.000	0.000	0.000
1561	  S	  4.3	  0.8	0.000	0.000	0.000
1562	  Q	  3.6	  0.8	0.000	0.000	0.000
1563	  S	  3.0	  0.8	0.000	0.000	0.000
1564	  Y	  1.8	  0.7	0.000	0.443	0.443
1565	  A	  1.0	  0.0	0.000	0.443	0.443
1566	  T	  1.8	  0.0	0.000	0.443	0.443
1567	  T	  2.9	  0.0	0.000	0.443	0.443
1568	  T	  3.6	  0.0	0.000	0.443	0.443
1569	  T	 13.3	  0.0	0.000	0.443	0.443
1570	  I	 20.2	  0.0	0.000	0.443	0.443
1571	  T	 19.3	  0.0	0.000	0.165	0.165
1572	  A	  8.8	  0.0	0.000	0.000	0.000
1573	  P	  0.0	  1.1	0.000	0.000	0.000
1574	  P	  0.0	  1.2	0.000	0.000	0.000
1575	  G	  0.0	  1.4	0.000	0.000	0.000
1576	  G	  0.0	  1.5	0.000	0.000	0.000
1577	  T	  0.4	  0.4	0.000	0.000	0.000
1578	  D	  0.8	  0.3	0.000	0.000	0.000
1579	  T	  4.0	  0.1	0.336	0.000	0.000
1580	  V	 10.5	  0.0	0.336	0.000	0.000
1581	  I	 13.8	  0.0	0.336	0.000	0.000
1582	  I	 11.4	  0.0	0.336	0.000	0.000
1583	  R	  4.6	  0.0	0.336	0.000	0.000
1584	  E	  0.7	  0.0	0.336	0.000	0.000
1585	  P	  0.0	  0.9	0.000	0.000	0.000
1586	  P	  0.0	  0.9	0.000	0.000	0.000
1587	  N	  1.2	  0.9	0.000	0.000	0.000
1588	  Y	 11.0	  0.9	0.000	0.385	0.385
1589	  T	 20.7	  0.0	0.000	0.385	0.385
1590	  V	 20.9	  0.0	0.000	0.385	0.385
1591	  T	 13.0	  0.0	0.000	0.385	0.385
1592	  T	  3.1	  0.0	0.000	0.385	0.385
1593	  T	  1.8	  0.0	0.000	0.144	0.144
1594	  E	  0.8	  0.0	0.000	0.000	0.000
1595	  Y	  2.1	  0.0	0.000	0.000	0.000
1596	  W	  3.1	  0.1	0.000	0.000	0.000
1597	  S	  4.3	  0.8	0.000	0.000	0.000
1598	  Q	  3.6	  0.8	0.000	0.000	0.000
1599	  S	  3.0	  0.8	0.000	0.000	0.000
1600	  Y	  1.8	  0.7	0.000	0.466	0.466
1601	  A	  1.0	  0.0	0.000	0.466	0.466
1602	  T	  1.9	  0.0	0.000	0.466	0.466
1603	  T	  3.1	  0.0	0.000	0.466	0.466
1604	  T	  5.0	  0.0	0.000	0.466	0.466
1605	  T	 14.0	  0.0	0.000	0.466	0.466
1606	  V	 13.1	  0.0	0.000	0.466	0.466
1607	  T	 11.1	  0.0	0.000	0.174	0.174
1608	  G	  0.6	  0.0	0.000	0.000	0.000
1609	  P	  0.0	  1.2	0.000	0.000	0.000
1610	  P	  0.0	  1.4	0.000	0.000	0.000
1611	  G	  0.0	  1.5	0.000	0.000	0.000
1612	  G	  0.0	  1.6	0.000	0.000	0.000
1613	  T	  0.4	  0.4	0.000	0.000	0.000
1614	  D	  0.8	  0.3	0.000	0.000	0.000
1615	  T	  4.0	  0.1	0.336	0.000	0.000
1616	  V	 10.5	  0.0	0.336	0.000	0.000
1617	  I	 13.8	  0.0	0.336	0.000	0.000
1618	  I	 11.4	  0.0	0.336	0.000	0.000
1619	  R	  4.6	  0.0	0.336	0.000	0.000
1620	  E	  0.7	  0.0	0.336	0.000	0.000
1621	  P	  0.0	  0.9	0.000	0.000	0.000
1622	  P	  0.0	  0.9	0.000	0.000	0.000
1623	  N	  1.2	  0.9	0.000	0.000	0.000
1624	  Y	 11.0	  0.9	0.000	0.385	0.385
1625	  T	 20.7	  0.0	0.000	0.385	0.385
1626	  V	 20.9	  0.0	0.000	0.385	0.385
1627	  T	 13.0	  0.0	0.000	0.385	0.385
1628	  T	  3.1	  0.0	0.000	0.385	0.385
1629	  T	  1.8	  0.0	0.000	0.144	0.144
1630	  E	  0.8	  0.0	0.000	0.000	0.000
1631	  Y	  2.1	  0.0	0.000	0.000	0.000
1632	  W	  3.1	  0.1	0.000	0.000	0.000
1633	  S	  4.3	  0.8	0.000	0.000	0.000
1634	  Q	  3.6	  0.8	0.000	0.000	0.000
1635	  S	  3.0	  0.8	0.000	0.000	0.000
1636	  Y	  1.8	  0.7	0.000	0.466	0.466
1637	  A	  1.0	  0.0	0.000	0.466	0.466
1638	  T	  1.9	  0.0	0.000	0.466	0.466
1639	  T	  3.1	  0.0	0.000	0.466	0.466
1640	  T	  5.0	  0.0	0.000	0.466	0.466
1641	  T	 14.0	  0.0	0.000	0.466	0.466
1642	  V	 13.1	  0.0	0.000	0.466	0.466
1643	  T	 11.1	  0.0	0.000	0.174	0.174
1644	  G	  0.6	  0.0	0.000	0.000	0.000
1645	  P	  0.0	  1.2	0.000	0.000	0.000
1646	  P	  0.0	  1.4	0.000	0.000	0.000
1647	  G	  0.0	  1.5	0.000	0.000	0.000
1648	  G	  0.0	  1.6	0.000	0.000	0.000
1649	  T	  0.4	  0.4	0.000	0.000	0.000
1650	  D	  0.8	  0.3	0.000	0.000	0.000
1651	  T	  4.0	  0.1	0.336	0.000	0.000
1652	  V	 10.5	  0.0	0.336	0.000	0.000
1653	  I	 13.8	  0.0	0.336	0.000	0.000
1654	  I	 11.4	  0.0	0.336	0.000	0.000
1655	  R	  4.6	  0.0	0.336	0.000	0.000
1656	  E	  0.7	  0.0	0.336	0.000	0.000
1657	  P	  0.0	  0.9	0.000	0.000	0.000
1658	  P	  0.0	  0.9	0.000	0.000	0.000
1659	  N	  1.2	  0.9	0.000	0.000	0.000
1660	  Y	 11.0	  0.9	0.000	0.385	0.385
1661	  T	 20.7	  0.0	0.000	0.385	0.385
1662	  V	 20.9	  0.0	0.000	0.385	0.385
1663	  T	 13.0	  0.0	0.000	0.385	0.385
1664	  T	  3.1	  0.0	0.000	0.385	0.385
1665	  T	  1.8	  0.0	0.000	0.144	0.144
1666	  E	  0.8	  0.0	0.000	0.000	0.000
1667	  Y	  2.1	  0.0	0.000	0.000	0.000
1668	  W	  3.1	  0.1	0.000	0.000	0.000
1669	  S	  4.3	  0.8	0.000	0.000	0.000
1670	  Q	  3.6	  0.8	0.000	0.000	0.000
1671	  S	  3.0	  0.8	0.000	0.000	0.000
1672	  Y	  1.8	  0.7	0.000	0.466	0.466
1673	  A	  1.0	  0.0	0.000	0.466	0.466
1674	  T	  1.9	  0.0	0.000	0.466	0.466
1675	  T	  3.1	  0.0	0.000	0.466	0.466
1676	  T	  5.0	  0.0	0.000	0.466	0.466
1677	  T	 14.0	  0.0	0.000	0.466	0.466
1678	  V	 13.1	  0.0	0.000	0.466	0.466
1679	  T	 11.1	  0.0	0.000	0.174	0.174
1680	  G	  0.6	  0.0	0.000	0.000	0.000
1681	  P	  0.0	  1.2	0.000	0.000	0.000
1682	  P	  0.0	  1.4	0.000	0.000	0.000
1683	  G	  0.0	  1.5	0.000	0.000	0.000
1684	  G	  0.0	  1.6	0.000	0.000	0.000
1685	  T	  0.4	  0.4	0.000	0.000	0.000
1686	  D	  0.8	  0.3	0.000	0.000	0.000
1687	  T	  4.0	  0.1	0.340	0.000	0.000
1688	  V	 10.5	  0.0	0.340	0.000	0.000
1689	  I	 13.8	  0.0	0.340	0.000	0.000
1690	  I	 11.4	  0.0	0.340	0.000	0.000
1691	  R	  4.7	  0.0	0.340	0.000	0.000
1692	  E	  0.7	  0.0	0.340	0.000	0.000
1693	  P	  0.0	  0.0	0.000	0.000	0.000
1694	  P	  0.0	  0.0	0.000	0.000	0.000
1695	  N	  0.0	  0.2	0.000	0.000	0.000
1696	  P	  0.0	  0.2	0.000	0.000	0.000
1697	  T	 10.9	  0.2	0.000	0.000	0.000
1698	  V	 12.5	  0.2	0.000	0.000	0.000
1699	  T	 14.0	  0.0	0.000	0.000	0.000
1700	  T	  3.5	  0.0	0.000	0.000	0.000
1701	  T	  2.0	  0.0	0.000	0.000	0.000
1702	  E	  0.8	  0.0	0.000	0.000	0.000
1703	  Y	  2.1	  0.0	0.000	0.000	0.000
1704	  W	  3.1	  0.1	0.000	0.000	0.000
1705	  S	  4.3	  0.8	0.000	0.000	0.000
1706	  Q	  3.7	  0.8	0.000	0.000	0.000
1707	  S	  3.0	  0.8	0.095	0.489	0.489
1708	  Y	  1.8	  0.7	0.095	4.956	4.956
1709	  A	  0.9	  0.0	0.095	6.053	6.053
1710	  T	  1.0	  0.0	0.095	7.348	7.348
1711	  T	  3.1	  0.0	0.095	8.164	8.164
1712	  L	  6.1	  0.0	0.095	8.164	8.164
1713	  T	 16.2	  0.0	0.000	7.811	7.811
1714	  I	 22.0	  0.0	0.000	7.598	7.598
1715	  T	 18.9	  0.0	0.000	3.345	3.345
1716	  A	  8.6	  0.0	0.000	0.000	0.000
1717	  P	  0.0	  1.1	0.000	0.000	0.000
1718	  P	  0.0	  1.2	0.000	0.000	0.000
1719	  G	  0.0	  1.5	0.000	0.000	0.000
1720	  G	  0.0	  1.6	0.000	0.000	0.000
1721	  T	  0.7	  0.5	0.000	0.125	0.125
1722	  N	  1.0	  0.3	0.000	0.333	0.333
1723	  S	  1.9	  0.1	0.195	0.333	0.333
1724	  V	  7.7	  0.0	0.195	0.333	0.333
1725	  I	 11.1	  0.0	0.195	0.333	0.333
1726	  I	 16.3	  0.0	0.195	0.333	0.333
1727	  R	 11.5	  0.0	0.195	0.000	0.000
1728	  V	  8.6	  0.0	0.195	0.000	0.000
1729	  H	  2.5	  0.2	0.195	0.000	0.000
1730	  S	  1.2	  0.3	0.000	0.000	0.000
1731	  S	  0.9	  0.9	0.000	0.000	0.000
1732	  T	  0.9	  1.0	0.000	0.000	0.000
1733	  N	  0.7	  0.9	0.000	0.000	0.000
1734	  D	  0.1	  2.5	0.000	0.000	0.000
1735	  E	  0.1	  2.0	0.000	0.000	0.000
1736	  S	  0.1	  2.0	0.000	0.000	0.000
1737	  S	  0.3	  2.4	0.078	0.000	0.000
1738	  E	  0.3	  0.7	0.078	0.000	0.000
1739	  S	  0.7	  0.6	0.078	0.000	0.000
1740	  T	 29.2	  0.6	0.078	0.000	0.000
1741	  F	 29.7	  0.2	0.078	0.000	0.000
1742	  S	 29.3	  0.2	0.078	0.000	0.000
1743	  T	  5.0	  0.2	0.000	0.000	0.000
1744	  L	  5.8	  0.1	0.000	0.000	0.000
1745	  S	  5.8	  0.0	0.000	0.000	0.000
1746	  V	  2.1	  0.4	0.000	0.000	0.000
1747	  P	  0.1	  0.4	0.000	0.000	0.000
1748	  S	 19.4	  0.7	0.000	0.000	0.000
1749	  F	 20.5	  1.0	0.000	0.196	0.196
1750	  S	 20.7	  0.9	0.000	0.196	0.196
1751	  G	  1.6	  0.9	0.000	0.316	0.316
1752	  S	  4.7	  0.6	0.000	2.451	2.451
1753	  I	  6.8	  0.4	0.000	9.260	9.260
1754	  S	  7.2	  0.1	0.000	9.621	9.621
1755	  I	  5.3	  0.1	0.000	12.873	12.873
1756	  V	  3.5	  0.0	0.000	12.873	12.873
1757	  S	  3.4	  0.0	0.000	11.210	11.210
1758	  T	 18.4	  0.0	0.000	9.694	9.694
1759	  V	 19.1	  0.0	0.000	8.781	8.781
1760	  S	 18.8	  0.0	0.000	0.880	0.880
1761	  R	  1.8	  0.2	0.000	0.000	0.000
1762	  P	  0.0	  0.2	0.000	0.000	0.000
1763	  H	  2.2	  0.2	0.000	0.000	0.000
1764	  Y	  3.6	  0.2	0.000	0.000	0.000
1765	  V	  4.9	  0.0	0.000	0.000	0.000
1766	  N	  2.9	  0.1	0.000	0.000	0.000
1767	  S	  1.8	  0.1	0.000	0.000	0.000
1768	  T	 10.9	  0.1	0.000	0.000	0.000
1769	  V	 14.9	  0.1	0.000	0.000	0.000
1770	  T	 16.2	  0.0	0.000	0.000	0.000
1771	  H	  6.1	  0.0	0.000	0.000	0.000
1772	  L	  1.8	  0.3	0.000	0.000	0.000
1773	  P	  0.1	  0.4	0.000	0.000	0.000
1774	  S	  0.9	  1.3	0.000	0.000	0.000
1775	  S	  1.8	  2.2	0.000	0.000	0.000
1776	  S	  2.0	  1.9	0.000	0.000	0.000
1777	  S	  1.2	  1.7	0.000	0.000	0.000
1778	  K	  0.3	  0.9	0.000	0.000	0.000
1779	  P	  0.1	  0.0	0.000	0.000	0.000
1780	  V	  7.7	  0.0	0.000	0.000	0.000
1781	  D	  7.7	  0.0	0.000	0.000	0.000
1782	  I	  7.7	  0.2	0.000	0.000	0.000
1783	  P	  0.1	  0.4	0.000	0.000	0.000
1784	  S	  0.1	  1.9	0.000	0.000	0.000
1785	  S	  0.1	  1.9	0.000	0.000	0.000
1786	  D	  1.1	  1.7	0.000	0.000	0.000
1787	  V	  3.8	  1.5	0.000	0.000	0.000
1788	  V	  6.4	  0.0	0.000	0.000	0.000
1789	  T	  6.1	  0.1	0.000	0.000	0.000
1790	  S	  3.9	  0.7	0.000	0.000	0.000
1791	  T	  1.4	  0.8	0.000	0.000	0.000
1792	  N	  0.6	  2.2	0.000	0.000	0.000
1793	  D	  0.1	  2.3	0.000	0.000	0.000
1794	  N	  0.0	  1.8	0.273	0.000	0.000
1795	  S	  1.6	  1.7	0.273	0.000	0.000
1796	  L	  2.1	  0.3	0.273	0.000	0.000
1797	  T	  2.6	  0.1	0.273	0.000	0.000
1798	  S	  2.5	  0.2	0.273	0.000	0.000
1799	  L	  2.1	  0.3	0.273	0.000	0.000
1800	  T	  1.8	  0.6	0.000	0.000	0.000
1801	  G	  0.3	  0.7	0.000	0.000	0.000
1802	  S	  0.2	  6.1	0.000	0.000	0.000
1803	  E	  0.1	 12.6	0.000	0.000	0.000
1804	  N	  0.1	 12.5	0.000	0.000	0.000
1805	  G	  0.0	 12.5	0.000	0.000	0.000
1806	  K	  0.2	  7.0	0.000	0.000	0.000
1807	  T	  0.9	  0.4	0.000	0.788	0.788
1808	  S	  1.4	  0.1	0.000	1.829	1.829
1809	  V	  4.4	  0.0	0.000	4.364	4.364
1810	  A	  4.0	  0.0	0.000	4.496	4.496
1811	  I	  4.2	  0.0	0.000	4.651	4.651
1812	  S	  1.7	  0.1	0.000	4.456	4.456
1813	  T	  4.6	  0.1	0.000	4.456	4.456
1814	  T	 11.8	  0.1	0.000	3.930	3.930
1815	  F	 12.4	  0.1	0.000	3.639	3.639
1816	  C	  9.4	  0.4	0.000	0.128	0.128
1817	  D	  1.4	  0.5	0.000	0.000	0.000
1818	  D	  0.1	 10.2	0.000	0.000	0.000
1819	  E	  0.0	 10.7	0.000	0.000	0.000
1820	  N	  0.0	 10.6	0.000	0.000	0.000
1821	  G	  0.0	 10.5	0.000	0.000	0.000
1822	  C	  0.1	  0.9	0.000	0.000	0.000
1823	  Q	  0.2	  0.3	0.000	0.000	0.000
1824	  T	  0.8	  0.1	0.000	0.000	0.000
1825	  S	  0.8	  0.1	0.000	0.000	0.000
1826	  I	  0.7	  0.4	0.000	0.000	0.000
1827	  P	  0.1	  0.8	0.000	0.000	0.000
1828	  Q	  0.0	  0.9	0.000	0.000	0.000
1829	  G	  0.0	  0.9	0.000	0.000	0.000
1830	  S	  0.9	  0.5	0.000	0.000	0.000
1831	  V	  3.6	  0.1	0.000	0.000	0.000
1832	  V	  4.3	  0.0	0.000	0.000	0.000
1833	  R	  3.6	  0.0	0.000	0.000	0.000
1834	  T	  1.5	  0.0	0.000	0.134	0.134
1835	  T	  2.0	  0.0	0.000	0.357	0.357
1836	  A	  1.9	  0.0	0.000	0.357	0.357
1837	  T	  2.9	  0.0	0.000	0.357	0.357
1838	  T	  2.4	  0.0	0.000	0.486	0.486
1839	  T	  3.4	  0.0	0.000	0.700	0.700
1840	  A	  1.9	  0.0	0.000	1.056	1.056
1841	  T	  2.9	  0.0	0.000	1.475	1.475
1842	  T	  3.3	  0.0	0.000	2.172	2.172
1843	  T	  4.2	  0.0	0.000	2.172	2.172
1844	  T	  4.8	  0.0	0.000	2.172	2.172
1845	  I	  5.1	  0.0	0.000	2.172	2.172
1846	  I	  4.1	  3.1	0.000	2.172	2.172
1847	  G	  1.8	  3.3	0.000	0.000	0.000
1848	  D	  0.0	  5.8	0.000	0.000	0.000
1849	  N	  0.0	  6.3	0.000	0.000	0.000
1850	  N	  0.0	  4.0	0.000	0.000	0.000
1851	  G	  0.0	  4.2	0.000	0.000	0.000
1852	  S	  0.0	  2.1	0.000	0.000	0.000
1853	  G	  0.0	  1.8	0.000	0.000	0.000
1854	  K	  0.5	  1.0	0.000	0.000	0.000
1855	  S	  2.7	  3.2	0.000	0.000	0.000
1856	  K	  2.8	  3.1	0.000	0.000	0.000
1857	  S	  2.4	  3.2	0.000	0.000	0.000
1858	  G	  0.1	  3.2	0.000	0.000	0.000
1859	  E	  0.4	  0.5	0.000	0.000	0.000
1860	  L	  0.7	  0.4	0.000	0.000	0.000
1861	  S	  1.0	  0.5	0.000	0.000	0.000
1862	  S	  0.7	  0.7	0.000	0.000	0.000
1863	  T	  0.5	  0.9	0.000	0.000	0.000
1864	  G	  0.2	  0.8	0.000	0.000	0.000
1865	  S	  3.8	  0.4	0.000	0.000	0.000
1866	  V	  5.4	  0.2	0.000	0.000	0.000
1867	  T	  5.9	  0.1	0.000	0.000	0.000
1868	  T	  2.8	  0.1	0.000	0.000	0.000
1869	  N	  1.1	  0.1	0.000	0.000	0.000
1870	  T	  2.6	  0.1	0.000	0.000	0.000
1871	  A	  2.1	  0.0	0.000	0.000	0.000
1872	  T	  2.0	  0.9	0.000	0.000	0.000
1873	  P	  0.0	  0.9	0.000	0.000	0.000
1874	  D	  0.1	  0.9	0.000	0.000	0.000
1875	  V	  0.1	  1.1	0.000	0.000	0.000
1876	  P	  0.1	  0.3	0.000	0.000	0.000
1877	  S	  0.3	  0.3	0.000	0.000	0.000
1878	  T	  3.2	  0.3	0.000	0.000	0.000
1879	  K	  3.4	  0.1	0.000	0.000	0.000
1880	  V	  3.1	  0.3	0.000	0.000	0.000
1881	  P	  0.2	  0.3	0.000	0.000	0.000
1882	  S	  0.0	  0.3	0.000	0.000	0.000
1883	  N	  0.0	  3.7	0.000	0.000	0.000
1884	  P	  0.0	  3.4	0.000	0.000	0.000
1885	  G	  0.0	  3.4	0.000	0.000	0.000
1886	  A	  0.0	  4.4	0.000	0.000	0.000
1887	  P	  0.0	  1.2	0.000	0.000	0.000
1888	  G	  0.0	  1.3	0.000	0.000	0.000
1889	  T	  0.1	  1.3	0.000	0.000	0.000
1890	  G	  0.1	  0.4	0.000	0.000	0.000
1891	  V	  0.1	  0.1	0.000	0.000	0.000
1892	  P	  0.0	  0.0	0.000	0.000	0.000
1893	  P	  0.0	  0.2	0.000	0.000	0.000
1894	  P	  0.0	  0.2	0.000	0.000	0.000
1895	  L	  0.0	  0.2	0.000	0.000	0.000
1896	  A	  0.0	  0.5	0.000	0.000	0.000
1897	  P	  0.0	  0.4	0.000	0.000	0.000
1898	  S	  0.2	  0.4	0.000	0.000	0.000
1899	  T	  0.3	  0.5	0.000	0.000	0.000
1900	  E	  0.4	  0.2	0.000	0.000	0.000
1901	  T	  1.0	  0.2	0.000	0.000	0.000
1902	  Q	  1.0	  0.2	0.000	0.000	0.000
1903	  T	  1.4	  0.2	0.000	0.000	0.000
1904	  T	  0.8	  0.2	0.000	0.000	0.000
1905	  N	  0.8	  0.2	0.000	0.000	0.000
1906	  N	  0.4	  0.2	0.000	0.000	0.000
1907	  V	  0.3	  1.1	0.000	0.000	0.000
1908	  P	  0.2	  1.0	0.000	0.000	0.000
1909	  G	  0.0	  1.0	0.000	0.000	0.000
1910	  S	  0.0	  5.6	0.000	0.000	0.000
1911	  P	  0.0	  4.6	0.000	0.000	0.000
1912	  N	  0.2	  4.6	0.000	0.000	0.000
1913	  I	  0.2	  4.6	0.000	0.000	0.000
1914	  P	  0.2	  0.4	0.000	0.000	0.000
1915	  A	  0.1	  0.5	0.000	0.000	0.000
1916	  T	  0.1	  0.9	0.000	0.000	0.000
1917	  G	  0.2	  0.9	0.000	0.000	0.000
1918	  T	  0.5	  0.6	0.000	0.000	0.000
1919	  T	  0.7	  0.5	0.348	0.000	0.000
1920	  D	  2.1	  0.1	0.538	0.000	0.000
1921	  I	  5.8	  0.1	0.538	0.000	0.000
1922	  I	  5.8	  0.0	0.538	0.000	0.000
1923	  R	  4.4	  0.1	0.538	0.000	0.000
1924	  E	  0.4	  0.1	0.538	0.000	0.000
1925	  S	  0.7	  0.1	0.306	0.000	0.000
1926	  T	  2.5	  0.1	0.000	0.000	0.000
1927	  T	 17.9	  0.0	0.000	0.000	0.000
1928	  V	 19.1	  0.0	0.000	0.000	0.000
1929	  S	 18.2	  0.0	0.000	0.000	0.000
1930	  H	  4.9	  0.0	0.000	0.000	0.000
1931	  T	 11.3	  0.0	0.000	0.000	0.000
1932	  V	 11.0	  0.0	0.000	0.000	0.000
1933	  T	  9.2	  2.2	0.000	0.000	0.000
1934	  G	  0.6	  2.4	0.000	0.000	0.000
1935	  N	  0.0	  4.5	0.000	0.000	0.000
1936	  G	  0.0	  4.6	0.000	0.000	0.000
1937	  N	  0.0	  2.6	0.000	0.000	0.000
1938	  T	  0.1	  2.3	0.000	0.000	0.000
1939	  G	  0.1	  0.2	0.000	0.000	0.000
1940	  V	  0.1	  0.1	0.000	0.000	0.000
1941	  P	  0.0	  0.0	0.000	0.000	0.000
1942	  M	  0.1	  0.0	0.000	0.000	0.000
1943	  N	  0.1	  0.0	0.000	0.000	0.000
1944	  P	  0.1	  0.0	0.000	0.000	0.000
1945	  N	  0.0	  0.0	0.000	0.000	0.000
1946	  P	  0.0	  0.0	0.000	0.000	0.000
1947	  V	  1.6	  0.0	0.000	0.314	0.314
1948	  L	  1.9	  0.0	0.000	0.314	0.314
1949	  T	  4.6	  0.0	0.000	0.314	0.314
1950	  T	  3.8	  0.1	0.000	0.314	0.314
1951	  S	  5.5	  0.3	0.000	0.314	0.314
1952	  T	  3.2	  0.4	0.000	0.118	0.118
1953	  S	  4.0	  0.5	0.000	0.000	0.000
1954	  L	  2.2	  0.5	0.000	0.000	0.000
1955	  T	  1.7	  0.7	0.000	0.000	0.000
1956	  G	  0.2	  0.8	0.000	0.000	0.000
1957	  A	  0.1	  0.7	0.000	0.000	0.000
1958	  T	  0.9	  0.7	0.000	0.000	0.000
1959	  N	  0.9	  0.3	0.000	0.000	0.000
1960	  S	  1.6	  0.3	0.000	0.000	0.000
1961	  A	  0.9	  0.3	0.000	0.000	0.000
1962	  T	  0.9	  0.2	0.000	0.000	0.000
1963	  N	  0.1	  4.4	0.000	0.000	0.000
1964	  P	  0.0	  4.3	0.000	0.000	0.000
1965	  S	  0.6	  4.3	0.000	0.000	0.000
1966	  H	  0.7	  4.4	0.000	0.000	0.000
1967	  E	  0.8	  0.3	0.000	0.000	0.000
1968	  T	  1.0	  0.2	0.000	0.000	0.000
1969	  S	  5.9	  0.4	0.132	0.000	0.000
1970	  V	  7.0	  0.3	0.132	0.000	0.000
1971	  N	  6.2	  0.6	0.132	0.000	0.000
1972	  T	  1.4	  1.6	0.132	0.000	0.000
1973	  G	  0.2	  1.6	0.132	0.000	0.000
1974	  S	  0.2	  1.8	0.132	0.000	0.000
1975	  G	  0.0	  2.3	0.000	0.000	0.000
1976	  G	  0.0	  1.4	0.000	0.000	0.000
1977	  S	  0.6	  1.5	0.000	0.000	0.000
1978	  T	  0.9	  1.3	0.000	0.000	0.000
1979	  N	  2.9	  0.5	0.000	0.000	0.000
1980	  I	  9.2	  0.3	0.000	0.000	0.000
1981	  V	  8.8	  0.0	0.000	0.000	0.000
1982	  T	  6.9	  0.0	0.000	0.000	0.000
1983	  P	  0.0	  0.5	0.000	0.000	0.000
1984	  P	  0.0	  0.6	0.000	0.000	0.000
1985	  S	  0.1	  0.7	0.000	0.000	0.000
1986	  S	  0.8	  0.8	0.000	0.274	0.274
1987	  A	  0.9	  0.3	0.000	2.943	2.943
1988	  T	  1.8	  0.2	0.000	5.878	5.878
1989	  A	  1.7	  0.2	0.000	6.468	6.468
1990	  T	  6.8	  0.0	0.000	6.796	6.796
1991	  V	 17.5	  0.0	0.000	6.796	6.796
1992	  V	 17.4	  0.0	0.000	6.615	6.615
1993	  I	 12.5	  0.4	0.000	1.572	1.572
1994	  P	  0.5	  0.5	0.000	0.912	0.912
1995	  G	  0.0	  0.6	0.000	0.000	0.000
1996	  T	  0.1	  1.2	0.000	0.000	0.000
1997	  D	  0.1	  3.1	0.000	0.000	0.000
1998	  N	  0.1	  3.3	0.231	0.000	0.000
1999	  G	  0.0	  3.2	0.557	0.000	0.000
2000	  A	  0.2	  2.7	0.557	0.000	0.000
2001	  T	  2.8	  0.4	0.557	0.000	0.000
2002	  T	  2.8	  0.8	0.557	0.000	0.000
2003	  K	  2.7	  0.8	0.557	0.000	0.000
2004	  G	  0.1	  1.0	0.437	0.000	0.000
2005	  Q	  0.2	  1.0	0.278	0.000	0.000
2006	  D	  0.2	  0.4	0.111	0.000	0.000
2007	  T	  0.3	  0.6	0.111	0.000	0.000
2008	  A	  0.1	  0.6	0.111	0.000	0.000
2009	  G	  0.1	  0.6	0.111	0.000	0.000
2010	  G	  0.0	  1.7	0.000	0.000	0.000
2011	  G	  0.0	  1.5	0.000	0.000	0.000
2012	  N	  0.0	  8.3	0.000	0.000	0.000
2013	  S	  0.0	  8.6	0.000	0.000	0.000
2014	  N	  0.0	  8.5	0.000	0.000	0.000
2015	  G	  0.0	  8.5	0.000	0.000	0.000
2016	  S	  0.1	  1.5	0.128	0.000	0.000
2017	  T	  1.2	  1.1	0.128	0.000	0.000
2018	  A	  1.3	  0.1	0.128	0.000	0.000
2019	  T	  1.8	  0.1	0.128	0.000	0.000
2020	  T	  1.0	  0.1	0.128	0.000	0.000
2021	  N	  1.4	  0.1	0.128	0.000	0.000
2022	  I	  1.1	  0.2	0.000	0.000	0.000
2023	  Q	  0.7	  0.3	0.000	0.000	0.000
2024	  G	  0.1	  1.9	0.000	0.000	0.000
2025	  G	  0.0	  1.9	0.000	0.000	0.000
2026	  N	  0.0	  1.8	0.000	0.000	0.000
2027	  N	  0.0	  1.7	0.000	0.000	0.000
2028	  E	  0.0	  0.5	0.000	0.000	0.000
2029	  P	  0.0	  1.0	0.000	0.000	0.000
2030	  G	  0.0	  1.0	0.000	0.000	0.000
2031	  N	  0.0	  1.0	0.000	0.000	0.000
2032	  Q	  0.0	  1.3	0.000	0.000	0.000
2033	  P	  0.0	  1.0	0.000	0.000	0.000
2034	  G	  0.0	  1.0	0.000	0.000	0.000
2035	  T	  0.6	  1.1	0.000	0.000	0.000
2036	  N	  1.0	  0.5	0.000	0.000	0.000
2037	  T	  1.0	  0.4	0.000	0.000	0.000
2038	  T	  0.5	  0.3	0.000	0.000	0.000
2039	  G	  0.2	  0.3	0.000	0.000	0.000
2040	  E	  0.1	  0.1	0.000	0.000	0.000
2041	  P	  0.0	  0.0	0.000	0.000	0.000
2042	  V	  0.1	  0.5	0.000	0.000	0.000
2043	  G	  0.1	  0.5	0.000	0.000	0.000
2044	  T	  0.5	  0.6	0.000	0.000	0.000
2045	  T	  0.8	  0.6	0.000	0.000	0.000
2046	  D	  1.0	  0.2	0.000	0.000	0.000
2047	  T	  2.7	  0.2	0.000	0.000	0.000
2048	  Q	  2.6	  0.2	0.000	0.000	0.000
2049	  S	  5.9	  0.1	0.000	0.000	0.000
2050	  V	  5.1	  0.1	0.000	0.000	0.000
2051	  E	  4.8	  0.0	0.000	0.000	0.000
2052	  S	  6.9	  0.2	0.000	0.000	0.000
2053	  I	  7.7	  0.2	0.000	0.000	0.000
2054	  S	  7.7	  0.1	0.000	0.000	0.000
2055	  Q	  2.3	  0.3	0.000	0.000	0.000
2056	  P	  0.1	  0.2	0.000	0.000	0.000
2057	  T	  0.8	  0.2	0.000	0.000	0.000
2058	  T	  6.3	  0.2	0.000	0.000	0.000
2059	  L	  6.5	  0.1	0.000	0.000	0.000
2060	  S	  5.9	  0.1	0.000	0.000	0.000
2061	  Q	  0.5	  0.1	0.000	0.000	0.000
2062	  Q	  0.5	  0.1	0.000	0.000	0.000
2063	  T	  3.1	  0.1	0.000	0.000	0.000
2064	  T	  4.3	  0.2	0.000	0.000	0.000
2065	  S	  4.3	  0.2	0.000	0.000	0.000
2066	  S	  1.7	  0.2	0.000	0.000	0.000
2067	  L	  0.8	  0.2	0.000	0.000	0.000
2068	  I	  2.3	  0.1	0.000	0.000	0.000
2069	  S	  2.1	  0.0	0.000	0.000	0.000
2070	  T	  1.6	  0.2	0.000	0.000	0.000
2071	  P	  0.1	  0.2	0.000	0.000	0.000
2072	  L	  0.1	  0.2	0.000	0.123	0.123
2073	  A	  0.2	  0.2	0.000	0.123	0.123
2074	  S	  0.9	  0.1	0.000	0.123	0.123
2075	  T	  8.2	  0.2	0.000	0.123	0.123
2076	  F	  8.4	  0.6	0.000	0.123	0.123
2077	  D	  7.7	  1.3	0.000	0.000	0.000
2078	  G	  0.4	  1.7	0.000	0.000	0.000
2079	  S	  0.2	  1.9	0.000	0.000	0.000
2080	  G	  0.3	  1.6	0.000	0.000	0.000
2081	  S	  0.8	  0.7	0.000	0.001	0.001
2082	  I	  4.0	  0.3	0.000	0.072	0.072
2083	  V	  5.6	  0.0	0.000	0.078	0.078
2084	  Q	  5.2	  0.1	0.000	0.078	0.078
2085	  H	  1.9	  0.6	0.000	0.090	0.090
2086	  S	  0.2	  0.7	0.000	1.131	1.131
2087	  G	  0.1	  0.6	0.176	9.441	9.441
2088	  W	  0.4	  0.6	0.314	89.468	89.468
2089	  L	  1.0	  0.0	0.314	98.051	98.051
2090	  Y	  2.6	  0.0	0.314	99.530	99.530
2091	  V	  5.9	  0.0	0.314	99.944	99.944
2092	  L	  5.5	  0.0	0.314	99.977	99.977
2093	  L	  4.6	  0.0	0.314	99.863	99.863
2094	  T	  1.3	  0.0	0.314	99.110	99.110
2095	  A	  1.4	  0.0	0.314	98.650	98.650
2096	  I	  3.3	  0.0	0.314	98.258	98.258
2097	  S	  3.2	  0.0	0.314	93.742	93.742
2098	  I	  4.3	  0.0	0.000	93.176	93.176
2099	  F	  1.7	  0.0	0.000	90.377	90.377
2100	  F	  1.5	  0.0	0.000	0.039	0.039
