res	aa	Beta	Turn	Helix	Aggregation	Conc-Stab_Aggregation
01	  M	  2.1	  0.0	0.000	0.000	0.000
02	  K	  7.4	  0.0	0.000	0.000	0.000
03	  I	  7.9	  0.0	0.000	2.458	2.458
04	  T	  6.5	  0.0	0.000	2.838	2.838
05	  N	  1.1	  0.1	0.000	2.909	2.909
06	  T	  1.3	  0.1	0.127	6.517	6.517
07	  L	  1.2	  0.0	0.127	12.507	12.507
08	  L	  1.4	  0.0	0.127	13.571	13.571
09	  N	  0.7	  0.0	3.130	13.809	13.809
10	  A	  0.3	  0.0	3.130	22.284	22.284
11	  A	  0.2	  0.0	3.130	33.149	33.149
12	  A	  0.4	  0.0	3.004	45.589	45.589
13	  L	  0.6	  0.0	3.004	56.855	56.855
14	  L	  0.8	  0.0	3.004	58.231	58.231
15	  A	  1.0	  0.0	1.720	56.798	56.798
16	  V	  1.5	  0.0	0.550	55.170	55.170
17	  T	  1.2	  0.0	0.397	40.375	40.375
18	  E	  0.8	  0.0	0.397	29.387	29.387
19	  A	  0.1	  0.0	0.274	29.597	29.597
20	  A	  0.8	  0.0	0.118	29.597	29.597
21	  T	 12.3	  0.0	0.118	29.597	29.597
22	  I	 14.3	  0.0	0.118	29.597	29.597
23	  T	 14.6	  0.0	0.118	29.597	29.597
24	  K	  3.5	  0.0	0.118	29.387	29.387
25	  F	  2.2	  0.0	0.118	32.663	32.663
26	  F	  6.5	  0.0	0.000	31.808	31.808
27	  T	  8.8	  0.1	0.000	18.046	18.046
28	  A	  8.0	  0.2	0.000	9.836	9.836
29	  S	  3.3	  0.2	0.550	4.149	4.149
30	  T	  1.1	  0.3	0.550	4.390	4.390
31	  Q	  1.2	  0.1	0.550	5.826	5.826
32	  T	  1.9	  0.1	0.550	22.177	22.177
33	  L	  1.8	  0.1	0.550	24.230	24.230
34	  F	  2.5	  0.0	0.550	24.340	24.340
35	  V	  5.0	  0.0	0.000	24.191	24.191
36	  T	  5.1	  0.1	0.000	20.648	20.648
37	  Q	  4.4	  0.1	0.000	3.335	3.335
38	  T	  1.8	  0.1	0.000	1.653	1.653
39	  S	  1.3	  0.2	0.000	0.530	0.530
40	  Q	  1.6	  0.1	0.000	0.530	0.530
41	  T	  5.9	  0.1	0.000	4.448	4.448
42	  V	  9.6	  0.1	0.000	9.282	9.282
43	  V	 10.2	  0.0	0.000	9.558	9.558
44	  A	  5.3	  0.0	0.000	9.124	9.124
45	  T	  4.1	  0.1	0.000	9.028	9.028
46	  K	  3.5	  0.1	0.000	7.938	7.938
47	  S	  4.1	  0.1	0.174	7.938	7.938
48	  F	  3.1	  0.1	0.174	7.938	7.938
49	  V	  3.3	  0.0	0.174	7.938	7.938
50	  E	  2.4	  0.0	0.174	7.938	7.938
51	  T	  2.9	  0.0	0.174	7.801	7.801
52	  I	  3.4	  0.0	0.174	7.801	7.801
53	  Y	 11.9	  0.0	0.174	6.296	6.296
54	  S	  9.6	  0.0	0.000	0.669	0.669
55	  A	  8.6	  0.0	0.000	0.000	0.000
56	  P	  0.0	  0.2	0.000	0.000	0.000
57	  P	  0.0	  0.3	0.000	0.000	0.000
58	  K	  0.1	  0.3	0.000	0.000	0.000
59	  Q	  1.0	  0.3	0.000	0.000	0.000
60	  L	  1.5	  0.1	0.000	0.000	0.000
61	  T	  2.7	  0.1	0.000	0.000	0.000
62	  S	  2.4	  0.2	0.000	0.000	0.000
63	  K	  2.2	  0.2	0.000	0.000	0.000
64	  T	  1.5	  0.4	0.000	0.000	0.000
65	  Q	  0.9	  0.4	0.000	0.000	0.000
66	  D	  0.7	  0.5	0.000	0.000	0.000
67	  S	  3.7	  0.5	0.000	0.000	0.000
68	  T	  3.7	  0.3	0.000	0.000	0.000
69	  S	  3.7	  0.5	0.000	0.000	0.000
70	  P	  0.1	  0.3	0.000	0.000	0.000
71	  T	  2.7	  0.4	0.000	0.000	0.000
72	  T	  3.9	  0.5	0.000	0.000	0.000
73	  S	  4.0	  0.2	0.000	0.000	0.000
74	  S	  6.3	  0.4	0.000	0.000	0.000
75	  V	  6.4	  0.4	0.000	0.000	0.000
76	  N	  6.3	  0.4	0.194	0.000	0.000
77	  S	  3.0	  0.4	0.194	0.000	0.000
78	  L	  2.0	  0.1	0.194	0.000	0.000
79	  T	  3.3	  0.2	0.194	0.000	0.000
80	  S	  2.6	  1.1	0.194	0.000	0.000
81	  S	  2.2	  1.1	0.529	0.000	0.000
82	  S	  1.7	  1.2	0.335	0.000	0.000
83	  A	  0.9	  1.1	0.335	0.000	0.000
84	  T	  2.4	  0.2	0.335	0.000	0.000
85	  S	  2.5	  0.2	0.335	0.000	0.000
86	  Y	  4.3	  0.0	0.335	0.000	0.000
87	  V	  3.4	  0.0	0.000	0.000	0.000
88	  E	  2.7	  0.0	0.000	0.000	0.000
89	  T	  3.5	  0.0	0.000	0.000	0.000
90	  T	  3.1	  0.0	0.000	0.000	0.000
91	  T	  3.0	  0.0	0.000	0.000	0.000
92	  P	  0.2	  0.0	0.000	0.000	0.000
93	  A	  0.0	  0.4	0.000	0.000	0.000
94	  P	  0.0	  0.5	0.000	0.000	0.000
95	  S	  0.9	  1.2	0.000	0.000	0.000
96	  S	  1.2	  1.3	0.000	0.000	0.000
97	  S	  1.3	  0.9	0.000	0.000	0.000
98	  T	  3.1	  0.8	0.000	0.000	0.000
99	  L	  3.1	  0.1	0.000	0.000	0.000
100	  T	  5.4	  0.1	0.000	0.000	0.000
101	  T	  3.4	  0.1	0.000	0.000	0.000
102	  S	  3.5	  0.1	0.000	0.000	0.000
103	  T	 13.7	  0.1	0.000	0.000	0.000
104	  I	 13.6	  0.1	0.000	0.000	0.000
105	  S	 13.9	  0.6	0.162	0.000	0.000
106	  S	  1.6	  0.7	0.162	0.000	0.000
107	  S	  1.1	  0.7	0.162	0.000	0.000
108	  T	  2.9	  0.8	0.162	0.000	0.000
109	  A	  2.7	  0.3	0.162	0.000	0.000
110	  S	  2.6	  2.3	0.162	0.000	0.000
111	  E	  0.1	  2.3	0.000	0.000	0.000
112	  D	  0.1	  6.1	0.000	0.000	0.000
113	  S	  0.0	  6.0	0.000	0.000	0.000
114	  D	  0.1	  4.0	0.000	0.000	0.000
115	  A	  0.1	  3.9	0.000	0.000	0.000
116	  T	  0.1	  0.3	0.000	0.000	0.000
117	  P	  0.1	  0.3	0.000	0.000	0.000
118	  T	  0.2	  0.6	0.000	0.000	0.000
119	  A	  0.3	  0.7	0.000	0.000	0.000
120	  D	  2.6	  0.3	0.115	0.000	0.000
121	  V	  5.9	  0.3	0.115	0.000	0.000
122	  E	  6.1	  0.0	0.115	0.000	0.000
123	  F	  4.2	  0.0	0.249	0.000	0.000
124	  A	  0.7	  0.1	0.713	0.000	0.000
125	  E	  0.3	  0.1	0.850	0.000	0.000
126	  E	  0.2	  0.1	0.850	0.000	0.000
127	  I	  1.0	  0.1	0.850	0.000	0.000
128	  L	  1.0	  0.1	0.850	0.000	0.000
129	  K	  1.0	  0.1	0.850	0.000	0.000
130	  E	  0.6	  0.2	0.723	0.000	0.000
131	  H	  1.3	  0.2	0.101	0.000	0.000
132	  N	  3.5	  0.1	0.773	0.000	0.000
133	  V	  4.8	  0.1	0.773	0.000	0.000
134	  K	  4.3	  0.0	0.773	0.000	0.000
135	  R	  2.1	  0.0	0.773	0.000	0.000
136	  A	  0.6	  0.0	0.773	0.000	0.000
137	  L	  0.6	  0.9	0.773	0.000	0.000
138	  H	  0.6	  0.9	0.554	0.000	0.000
139	  G	  0.3	  0.9	0.134	0.000	0.000
140	  V	  0.2	  0.9	0.000	0.000	0.000
141	  P	  0.0	  0.0	0.000	0.000	0.000
142	  A	  0.2	  0.0	0.000	0.000	0.000
143	  L	  2.0	  0.0	0.000	0.000	0.000
144	  S	 17.0	  0.3	0.416	0.000	0.000
145	  W	 16.9	  0.5	0.416	0.000	0.000
146	  S	 15.4	  0.5	0.979	0.000	0.000
147	  N	  0.2	  0.6	1.827	0.000	0.000
148	  K	  0.3	  0.3	1.827	0.000	0.000
149	  L	  0.3	  0.3	1.827	0.000	0.000
150	  A	  0.4	  0.3	1.827	0.000	0.000
151	  E	  0.4	  0.2	1.827	0.000	0.000
152	  Y	  0.9	  0.2	1.495	0.000	0.000
153	  A	  0.9	  0.2	0.573	0.000	0.000
154	  Q	  1.0	  0.2	0.480	0.000	0.000
155	  D	  0.6	  0.2	0.000	0.000	0.000
156	  Y	  0.8	  0.5	0.000	0.000	0.000
157	  A	  0.4	  0.3	0.000	0.000	0.000
158	  N	  0.3	  0.4	0.000	0.000	0.000
159	  T	  0.1	  0.4	0.000	0.000	0.000
160	  G	  0.2	  0.2	0.000	0.000	0.000
161	  F	  5.4	  0.1	0.000	0.000	0.000
162	  D	  5.6	  0.6	0.000	0.000	0.000
163	  C	  5.7	  1.0	0.000	0.000	0.000
164	  S	  0.5	  1.1	0.246	0.000	0.000
165	  N	  0.4	  1.5	0.447	0.000	0.000
166	  L	  1.8	  0.9	0.447	0.000	0.000
167	  N	  2.0	  0.5	0.447	0.000	0.000
168	  L	  2.0	  0.5	0.447	0.000	0.000
169	  K	  0.6	  0.1	0.447	0.000	0.000
170	  H	  0.4	  0.5	0.201	0.000	0.000
171	  S	  0.1	  0.5	0.000	0.000	0.000
172	  G	  0.0	  0.6	0.000	0.000	0.000
173	  G	  0.0	  1.2	0.000	0.000	0.000
174	  P	  0.0	  1.0	0.000	0.000	0.000
175	  Y	  0.1	  1.6	0.000	0.000	0.000
176	  G	  0.1	  1.9	0.542	0.000	0.000
177	  E	  0.1	  1.2	0.542	0.000	0.000
178	  N	  0.0	  1.0	1.504	0.000	0.000
179	  L	  0.1	  0.4	1.504	0.000	0.000
180	  A	  0.1	  0.3	1.504	0.000	0.000
181	  A	  0.1	  0.3	1.504	0.000	0.000
182	  G	  0.1	  0.3	1.316	0.000	0.000
183	  Y	  0.8	  0.3	1.125	0.000	0.000
184	  M	  0.8	  0.4	0.181	0.000	0.000
185	  G	  0.8	  0.4	0.000	0.000	0.000
186	  G	  0.2	  0.4	0.000	0.000	0.000
187	  I	  0.4	  0.4	0.000	0.000	0.000
188	  S	  0.4	  0.1	0.999	0.000	0.000
189	  P	  0.2	  0.0	0.999	0.000	0.000
190	  V	  0.6	  0.0	0.999	0.000	0.000
191	  D	  0.7	  0.0	0.999	0.000	0.000
192	  A	  0.9	  0.0	0.999	0.000	0.000
193	  W	  1.2	  0.0	0.999	0.000	0.000
194	  Y	  1.3	  0.1	0.524	0.000	0.000
195	  D	  1.1	  0.1	0.000	0.000	0.000
196	  E	  1.5	  0.1	0.000	0.000	0.000
197	  I	  5.0	  0.1	0.000	0.000	0.000
198	  S	  5.3	  0.0	0.332	0.000	0.000
199	  M	  4.7	  0.1	0.332	0.000	0.000
200	  V	  2.5	  0.1	0.332	0.000	0.000
201	  D	  2.4	  1.1	0.332	0.000	0.000
202	  W	  2.1	  1.3	0.332	0.000	0.000
203	  N	  0.7	  1.2	0.332	0.000	0.000
204	  N	  1.5	  1.4	0.000	0.000	0.000
205	  V	  3.2	  0.4	0.000	0.000	0.000
206	  D	  3.9	  0.3	0.000	0.000	0.000
207	  F	  3.8	  0.3	0.000	0.000	0.000
208	  T	  2.2	  0.1	0.000	0.000	0.000
209	  E	  1.5	  0.3	0.000	0.000	0.000
210	  S	  0.4	  0.5	0.000	0.000	0.000
211	  T	  0.2	  0.6	0.000	0.000	0.000
212	  G	  0.1	  0.5	0.000	0.000	0.000
213	  H	  3.2	  0.4	0.000	0.000	0.000
214	  F	  7.0	  0.2	0.000	2.869	2.869
215	  T	  7.8	  0.1	0.000	3.049	3.049
216	  Q	  5.4	  0.1	0.000	3.049	3.049
217	  L	  2.6	  0.1	0.000	3.049	3.049
218	  V	  3.2	  0.0	0.000	3.049	3.049
219	  W	  3.5	  0.1	0.000	2.508	2.508
220	  R	  2.9	  0.1	0.000	0.000	0.000
221	  S	  2.1	  0.1	0.000	0.000	0.000
222	  T	  3.3	  0.2	0.000	0.000	0.000
223	  T	  3.7	  0.1	0.000	0.000	0.000
224	  Q	  3.1	  0.2	0.000	0.000	0.000
225	  V	  1.0	  0.5	0.000	0.000	0.000
226	  G	  0.4	  0.5	0.171	0.000	0.000
227	  C	  1.3	  0.6	0.171	0.000	0.000
228	  A	  1.3	  0.4	0.171	0.000	0.000
229	  K	  1.5	  0.1	0.171	0.000	0.000
230	  M	  2.2	  0.1	0.171	0.000	0.000
231	  M	  2.4	  0.0	0.171	0.000	0.000
232	  C	  2.3	  0.2	0.000	0.000	0.000
233	  S	  0.8	  0.2	0.219	0.000	0.000
234	  T	  1.0	  0.2	0.219	0.000	0.000
235	  A	  1.0	  0.2	0.219	0.000	0.000
236	  W	  1.9	  0.1	0.219	0.000	0.000
237	  R	  2.1	  0.1	0.219	0.000	0.000
238	  Q	  3.5	  0.1	0.219	0.000	0.000
239	  I	 19.5	  0.1	0.000	0.000	0.000
240	  T	 21.0	  0.0	0.345	0.000	0.000
241	  V	 20.3	  0.0	0.345	0.000	0.000
242	  C	  4.6	  0.0	0.345	0.000	0.000
243	  E	  2.1	  0.0	0.345	0.000	0.000
244	  Y	  1.4	  0.0	0.345	0.000	0.000
245	  L	  0.3	  0.5	0.345	0.000	0.000
246	  P	  0.1	  0.6	0.000	0.000	0.000
247	  R	  0.1	  0.7	0.000	0.000	0.000
248	  G	  0.1	  0.7	0.000	0.000	0.000
249	  N	  3.3	  0.2	0.000	0.000	0.000
250	  V	  4.2	  0.1	0.000	3.764	3.764
251	  I	  4.4	  0.1	0.000	3.941	3.941
252	  G	  1.2	  0.2	0.000	3.941	3.941
253	  L	  3.2	  0.2	0.000	3.941	3.941
254	  N	  5.0	  0.2	0.000	3.941	3.941
255	  V	  7.5	  0.2	0.000	3.764	3.764
256	  T	  4.7	  0.4	0.000	1.448	1.448
257	  S	  2.7	  0.6	0.000	0.161	0.161
258	  G	  0.1	  0.7	0.000	0.000	0.000
259	  H	  0.4	  0.7	0.000	0.000	0.000
260	  S	  1.4	  0.4	0.000	0.000	0.000
261	  Y	  2.9	  0.2	0.000	0.000	0.000
262	  F	  3.9	  0.2	0.000	0.000	0.000
263	  V	  3.2	  0.1	0.000	0.000	0.000
264	  D	  1.8	  0.1	0.000	0.000	0.000
265	  N	  0.8	  0.1	0.000	0.000	0.000
266	  V	  0.4	  0.1	0.000	0.000	0.000
267	  L	  0.3	  0.0	0.000	0.000	0.000
268	  P	  0.0	  0.2	0.000	0.000	0.000
269	  P	  0.0	  0.2	0.000	0.000	0.000
270	  L	  0.0	  0.2	0.000	0.000	0.000
271	  K	  0.0	  0.2	0.000	0.000	0.000
