res	aa	Beta	Turn	Helix	Aggregation	Conc-Stab_Aggregation
01	  M	  2.1	  0.0	0.000	0.000	0.000
02	  K	  3.2	  0.0	0.000	0.000	0.000
03	  V	  4.0	  0.0	0.000	8.805	8.805
04	  S	  2.5	  0.0	0.000	11.104	11.104
05	  T	  3.9	  0.0	0.117	35.302	35.302
06	  I	  3.7	  0.0	0.117	74.243	74.243
07	  F	  3.9	  0.0	0.117	77.511	77.511
08	  A	  1.4	  0.0	0.117	77.345	77.345
09	  A	  0.8	  0.2	0.117	77.228	77.228
10	  A	  0.3	  0.2	0.117	76.493	76.493
11	  S	  0.4	  0.2	0.263	74.903	74.903
12	  A	  0.4	  0.2	0.146	76.667	76.667
13	  L	  0.6	  0.0	0.146	78.254	78.254
14	  F	  1.2	  0.0	0.146	77.327	77.327
15	  A	  1.1	  0.0	0.146	61.713	61.713
16	  A	  0.9	  0.0	0.146	48.403	48.403
17	  T	  1.9	  0.0	0.000	36.608	36.608
18	  T	  2.7	  0.1	0.000	29.133	29.133
19	  T	  3.0	  0.1	0.000	24.642	24.642
20	  L	  1.3	  0.0	0.000	21.952	21.952
21	  A	  0.5	  0.2	0.000	6.210	6.210
22	  Q	  0.4	  0.2	0.000	0.171	0.171
23	  D	  0.6	  0.2	0.162	0.000	0.000
24	  V	  2.1	  0.2	0.162	1.537	1.537
25	  A	  2.0	  0.0	0.162	1.537	1.537
26	  C	  3.4	  0.0	0.162	1.537	1.537
27	  L	  2.4	  0.1	0.162	1.537	1.537
28	  V	  2.5	  0.1	0.162	1.537	1.537
29	  D	  0.9	  0.2	0.162	0.000	0.000
30	  N	  0.5	  0.2	0.000	0.000	0.000
31	  Q	  0.3	  0.1	0.000	0.000	0.000
32	  Q	  0.5	  0.1	0.000	1.615	1.615
33	  V	  7.1	  0.0	0.000	1.615	1.615
34	  A	  7.5	  0.0	0.000	1.615	1.615
35	  V	 10.9	  0.0	0.000	1.615	1.615
36	  V	  6.5	  0.0	0.000	1.615	1.615
37	  D	  5.7	  1.1	0.144	0.000	0.000
38	  L	  2.5	  1.2	0.144	0.000	0.000
39	  D	  0.3	  1.3	0.144	0.000	0.000
40	  T	  0.2	  1.3	0.144	0.000	0.000
41	  G	  0.1	  0.3	0.144	0.000	0.000
42	  V	  0.2	  0.1	0.144	0.000	0.000
43	  C	  0.1	  0.1	0.144	0.000	0.000
44	  P	  0.1	  0.1	0.000	0.000	0.000
45	  F	 14.6	  0.1	0.000	0.000	0.000
46	  T	 15.1	  0.1	0.000	0.000	0.000
47	  I	 15.1	  0.0	0.000	0.000	0.000
48	  P	  0.5	  0.2	0.236	0.071	0.071
49	  A	  0.4	  0.2	0.236	5.807	5.807
50	  S	  0.5	  0.2	0.610	12.574	12.574
51	  L	  0.6	  0.2	0.610	66.562	66.562
52	  A	  0.3	  0.0	0.610	75.861	75.861
53	  A	  0.4	  0.0	0.610	86.776	86.776
54	  F	  1.3	  0.0	0.610	98.812	98.812
55	  F	 12.8	  0.0	0.374	98.947	98.947
56	  T	 16.8	  0.0	0.000	98.405	98.405
57	  F	 17.2	  0.0	0.000	98.027	98.027
58	  V	  9.6	  0.1	0.000	92.419	92.419
59	  S	  5.9	  0.1	0.550	14.311	14.311
60	  L	  4.6	  0.2	0.550	10.141	10.141
61	  E	  0.9	  0.1	0.550	0.000	0.000
62	  E	  2.1	  0.1	0.550	0.000	0.000
63	  Y	  6.9	  0.1	0.550	0.800	0.800
64	  N	  8.0	  0.0	0.550	1.329	1.329
65	  V	  8.8	  0.0	0.334	30.277	30.277
66	  Q	  6.4	  0.0	0.334	32.666	32.666
67	  F	  6.3	  0.0	0.178	89.877	89.877
68	  Y	  4.5	  0.0	0.178	93.971	93.971
69	  Y	 10.2	  0.0	0.000	94.025	94.025
70	  T	 13.3	  0.0	0.000	93.718	93.718
71	  I	 13.3	  0.0	0.000	93.523	93.523
72	  V	  6.0	  0.0	0.000	87.012	87.012
73	  N	  1.5	  0.0	0.000	4.268	4.268
74	  N	  3.4	  0.0	0.000	0.881	0.881
75	  V	  5.2	  0.0	0.000	0.829	0.829
76	  R	  9.2	  0.0	0.000	0.000	0.000
77	  Y	  7.2	  0.0	0.000	0.000	0.000
78	  N	  5.2	  0.3	0.000	0.000	0.000
79	  T	  1.2	  0.3	0.132	0.000	0.000
80	  D	  2.1	  0.3	0.597	0.000	0.000
81	  I	  2.2	  0.3	0.597	0.000	0.000
82	  R	  2.0	  0.1	0.597	0.000	0.000
83	  N	  0.3	  1.1	0.597	0.000	0.000
84	  A	  0.0	  1.2	0.597	0.000	0.000
85	  G	  0.0	  1.1	0.597	0.000	0.000
86	  K	  2.0	  1.1	0.203	0.000	0.000
87	  V	  7.5	  0.0	0.000	0.000	0.000
88	  I	 21.2	  0.0	0.000	0.000	0.000
89	  N	 19.4	  0.0	0.000	0.000	0.000
90	  V	 14.4	  0.0	0.000	0.000	0.000
91	  P	  0.2	  0.0	0.159	0.000	0.000
92	  A	  0.0	  0.2	0.159	0.000	0.000
93	  R	  0.1	  0.2	0.159	0.000	0.000
94	  N	  0.6	  0.3	0.159	0.000	0.000
95	  L	  0.7	  0.3	0.159	0.000	0.000
96	  Y	  0.8	  1.1	0.159	0.000	0.000
97	  G	  0.3	  1.6	0.000	0.000	0.000
98	  A	  0.2	  1.5	0.000	0.000	0.000
99	  G	  0.0	  1.5	0.000	0.000	0.000
100	  A	  0.1	  0.6	0.000	0.000	0.000
101	  V	  0.1	  0.2	0.000	0.000	0.000
102	  P	  0.1	  0.1	0.000	0.000	0.000
103	  F	  2.0	  0.1	0.000	0.748	0.748
104	  F	  4.5	  0.1	0.000	0.748	0.748
105	  Q	  5.0	  0.0	0.000	0.748	0.748
106	  V	  7.2	  0.0	0.000	0.748	0.748
107	  H	  5.2	  0.0	0.462	0.748	0.748
108	  L	  4.8	  0.0	0.615	0.748	0.748
109	  E	  0.7	  0.1	0.888	0.000	0.000
110	  K	  0.4	  0.1	1.228	0.000	0.000
111	  Q	  1.6	  0.1	1.228	0.000	0.000
112	  L	  1.6	  0.1	1.228	0.000	0.000
113	  E	  1.6	  0.2	1.228	0.000	0.000
114	  A	  0.3	  0.2	1.228	0.000	0.000
115	  N	  0.2	  0.4	2.848	0.000	0.000
116	  S	  0.2	  0.4	4.318	0.000	0.000
117	  T	  0.5	  0.2	8.143	0.000	0.000
118	  A	  0.5	  0.2	8.259	0.000	0.000
119	  A	  0.8	  0.0	8.259	0.000	0.000
120	  I	  2.7	  0.0	8.259	0.000	0.000
121	  R	  2.9	  0.1	8.259	0.000	0.000
122	  R	  2.8	  0.1	7.461	0.000	0.000
123	  R	  1.1	  0.1	5.792	0.000	0.000
124	  L	  0.9	  0.2	3.898	0.000	0.000
125	  M	  0.6	  0.4	3.218	0.000	0.000
126	  G	  0.2	  0.3	1.651	0.000	0.000
127	  E	  0.0	  0.3	0.309	0.000	0.000
128	  T	  0.0	  0.2	0.666	0.000	0.000
129	  P	  0.0	  0.0	0.666	0.000	0.000
130	  I	  2.8	  0.0	0.666	0.000	0.000
131	  V	  4.5	  0.0	0.666	0.000	0.000
132	  K	  4.6	  0.3	0.666	0.000	0.000
133	  R	  1.9	  0.3	0.666	0.000	0.000
134	  D	  0.4	  0.4	0.339	0.000	0.000
135	  Q	  1.3	  0.3	0.140	0.000	0.000
136	  I	  1.3	  0.3	0.140	0.000	0.000
137	  D	  1.1	  0.3	0.280	0.000	0.000
138	  D	  0.6	  0.2	0.280	0.000	0.000
139	  F	  2.0	  0.2	0.280	0.851	0.851
140	  I	  3.0	  0.0	0.140	0.851	0.851
141	  A	  3.0	  0.0	0.140	0.851	0.851
142	  S	  3.2	  0.0	0.140	0.851	0.851
143	  I	  2.2	  0.1	0.000	0.851	0.851
144	  E	  1.9	  0.1	0.000	0.000	0.000
145	  N	  0.5	  0.2	0.000	0.000	0.000
146	  T	  0.3	  0.5	0.000	0.000	0.000
147	  E	  0.2	  0.6	0.000	0.000	0.000
148	  G	  0.1	  0.6	0.000	0.000	0.000
149	  T	  0.5	  0.5	0.258	0.000	0.000
150	  A	  0.6	  0.2	0.258	0.000	0.000
151	  L	  0.5	  0.5	0.258	0.000	0.000
152	  E	  0.1	  2.1	0.258	0.000	0.000
153	  G	  0.1	  2.2	0.258	0.000	0.000
154	  S	  0.2	  2.2	0.258	0.000	0.000
155	  T	  1.1	  1.7	0.000	0.000	0.000
156	  L	  2.7	  0.1	0.000	0.000	0.000
157	  E	  3.1	  0.0	0.000	0.000	0.000
158	  V	  5.9	  0.1	0.000	0.000	0.000
159	  V	  6.1	  0.1	0.000	0.000	0.000
160	  D	  6.1	  0.1	0.000	0.000	0.000
161	  Y	  2.6	  0.1	0.000	0.000	0.000
162	  V	  0.8	  0.9	0.000	0.000	0.000
163	  P	  0.2	  1.3	0.000	0.000	0.000
164	  G	  0.0	  1.5	0.000	0.000	0.000
165	  S	  0.8	  2.3	0.000	0.000	0.000
166	  S	  0.8	  1.5	0.000	0.000	0.000
167	  S	  5.7	  1.0	0.000	0.000	0.000
168	  A	  5.0	  0.9	0.000	0.000	0.000
169	  S	  4.9	  8.2	0.000	0.000	0.000
170	  P	  0.1	  8.5	0.000	0.000	0.000
171	  S	  0.2	  9.1	0.000	0.000	0.000
172	  G	  0.3	  9.1	0.000	0.000	0.000
173	  S	  4.9	  0.9	0.000	0.000	0.000
174	  A	  4.7	  0.6	0.000	0.000	0.000
175	  S	  4.6	  8.4	0.000	0.000	0.000
176	  P	  0.1	  8.7	0.000	0.000	0.000
177	  S	  0.2	  9.3	0.000	0.000	0.000
178	  G	  0.2	  9.4	0.000	0.000	0.000
179	  S	  0.4	  3.8	0.000	0.000	0.000
180	  E	  0.2	  3.6	0.000	0.000	0.000
181	  S	  0.4	  4.9	0.000	0.000	0.000
182	  G	  0.3	  5.2	0.000	0.000	0.000
183	  S	  0.5	  3.5	0.000	0.000	0.000
184	  G	  0.3	  3.7	0.000	0.000	0.000
185	  S	  0.3	  2.4	0.000	0.000	0.000
186	  D	  0.1	  2.0	0.660	0.000	0.000
187	  S	  0.8	  1.1	0.959	0.000	0.000
188	  A	  1.4	  0.7	0.959	0.000	0.000
189	  T	  8.1	  0.2	0.959	0.000	0.000
190	  I	  8.7	  0.1	0.959	0.000	0.000
191	  R	  8.3	  0.1	0.959	0.000	0.000
192	  S	  2.2	  0.1	0.472	0.170	0.170
193	  T	  2.7	  0.1	0.000	0.341	0.341
194	  T	  7.5	  0.1	0.000	0.341	0.341
195	  V	 11.0	  0.0	0.000	0.341	0.341
196	  V	 10.2	  0.0	0.000	0.341	0.341
197	  S	  5.9	  0.7	0.000	0.171	0.171
198	  S	  2.5	  1.9	0.000	0.000	0.000
199	  S	  2.1	  2.0	0.000	0.000	0.000
200	  S	  9.7	  1.9	0.000	0.000	0.000
201	  C	  9.8	  1.5	0.000	0.000	0.000
202	  E	  9.3	  0.5	0.000	0.000	0.000
203	  S	  1.0	  0.8	0.000	0.000	0.000
204	  S	  0.1	  3.6	0.000	0.000	0.000
205	  G	  0.1	  3.5	0.000	0.000	0.000
206	  D	  0.1	  3.4	0.000	0.000	0.000
207	  S	  0.1	  3.0	0.529	0.000	0.000
208	  A	  0.2	  0.2	0.529	0.000	0.000
209	  A	  0.3	  0.1	0.529	0.000	0.000
210	  T	  1.3	  0.4	0.529	0.000	0.000
211	  A	  1.3	  0.5	0.529	0.000	0.000
212	  T	  1.2	  0.8	0.529	0.000	0.000
213	  G	  0.1	  2.2	0.529	0.000	0.000
214	  A	  0.0	  3.2	0.288	0.000	0.000
215	  N	  0.0	  3.3	0.000	0.000	0.000
216	  G	  0.0	  3.1	0.000	0.000	0.000
217	  E	  0.1	  1.7	0.000	0.000	0.000
218	  S	  0.5	  0.3	0.151	0.000	0.000
219	  T	 11.4	  0.2	0.151	0.000	0.000
220	  V	 11.9	  0.0	0.151	0.000	0.000
221	  T	 11.6	  0.1	0.151	0.000	0.000
222	  E	  0.9	  0.1	0.151	0.000	0.000
223	  Q	  0.4	  0.2	0.151	0.023	0.023
224	  N	  1.0	  0.1	0.000	0.689	0.689
225	  T	  5.2	  0.1	0.000	36.775	36.775
226	  V	 14.6	  0.0	0.000	93.684	93.684
227	  V	 15.9	  0.0	0.000	95.524	95.524
228	  V	 19.4	  0.0	0.000	95.541	95.541
229	  T	 18.4	  0.0	0.000	95.490	95.490
230	  I	 18.0	  0.0	0.000	93.645	93.645
231	  T	 12.7	  0.0	0.000	37.794	37.794
232	  S	  6.3	  0.0	0.000	5.105	5.105
233	  C	  5.2	  0.2	0.000	0.995	0.995
234	  H	  3.6	  0.3	0.000	0.126	0.126
235	  N	  0.8	  0.3	0.000	0.000	0.000
236	  D	  0.1	  0.5	0.000	0.000	0.000
237	  A	  0.3	  0.4	0.000	0.000	0.000
238	  C	  3.8	  0.2	0.000	0.000	0.000
239	  H	  4.0	  0.3	0.000	0.000	0.000
240	  A	  3.9	  0.2	0.000	0.000	0.000
241	  T	  3.8	  0.2	0.000	0.000	0.000
242	  T	  4.1	  0.2	0.000	0.000	0.000
243	  V	  4.0	  0.0	0.000	0.000	0.000
244	  P	  0.6	  0.1	0.000	0.000	0.000
245	  A	  0.1	  0.1	0.000	0.177	0.177
246	  T	  3.0	  0.3	0.000	0.386	0.386
247	  A	  3.4	  0.3	0.000	0.733	0.733
248	  S	  3.4	  0.3	0.000	1.142	1.142
249	  I	  0.8	  0.3	0.000	4.678	4.678
250	  G	  0.4	  0.2	0.107	4.962	4.962
251	  V	  1.9	  0.2	0.107	4.962	4.962
252	  T	  3.8	  0.0	0.107	4.962	4.962
253	  T	  9.6	  0.0	0.107	4.962	4.962
254	  V	  8.7	  0.5	0.107	4.692	4.692
255	  H	  6.7	  0.7	0.107	0.000	0.000
256	  G	  0.9	  0.7	0.150	0.000	0.000
257	  T	  0.1	  0.7	0.150	0.000	0.000
258	  E	  0.1	  0.2	0.150	0.000	0.000
259	  T	  2.3	  0.1	0.150	3.305	3.305
260	  I	  3.5	  0.1	0.150	7.610	7.610
261	  F	  4.8	  0.0	0.150	7.610	7.610
262	  T	  5.8	  0.0	0.000	7.610	7.610
263	  T	 17.1	  0.0	0.000	7.610	7.610
264	  Y	 16.0	  0.0	0.000	6.885	6.885
265	  C	 12.9	  0.2	0.000	0.000	0.000
266	  P	  0.2	  0.2	0.000	0.000	0.000
267	  L	  0.3	  0.4	0.000	0.000	0.000
268	  S	  0.5	  0.4	0.000	0.000	0.000
269	  S	  6.8	  0.2	0.115	0.000	0.000
270	  Y	  7.0	  0.4	0.115	0.000	0.000
271	  E	  6.8	  0.1	0.115	0.000	0.000
272	  T	  6.7	  0.1	0.115	0.000	0.000
273	  V	  7.6	  0.2	0.115	0.000	0.000
274	  E	  7.6	  0.1	0.115	0.000	0.000
275	  S	  1.7	  0.1	0.000	0.000	0.000
276	  T	  1.6	  0.1	0.000	0.000	0.000
277	  K	  3.2	  0.1	0.000	0.000	0.000
278	  V	  6.2	  0.0	0.000	18.363	18.363
279	  I	 15.0	  0.0	0.000	18.652	18.652
280	  T	 21.4	  0.0	0.000	18.652	18.652
281	  I	 19.8	  0.0	0.000	18.652	18.652
282	  T	 12.0	  0.0	0.000	18.652	18.652
283	  S	 18.9	  0.2	0.084	4.002	4.002
284	  C	 17.5	  0.3	0.084	2.050	2.050
285	  S	 16.2	  1.9	0.084	0.213	0.213
286	  E	  0.4	  1.9	0.084	0.000	0.000
287	  N	  0.2	  1.8	0.084	0.000	0.000
288	  K	  0.9	  1.7	0.084	0.000	0.000
289	  C	  1.2	  0.1	0.000	0.000	0.000
290	  Q	  1.1	  0.2	0.000	0.000	0.000
291	  E	  0.6	  0.1	0.000	0.000	0.000
292	  T	  2.2	  0.1	0.000	0.000	0.000
293	  T	  8.9	  0.1	0.000	0.000	0.000
294	  V	 10.3	  0.0	0.000	0.000	0.000
295	  E	  8.6	  0.0	0.000	0.000	0.000
296	  A	  1.9	  0.0	0.000	0.000	0.000
297	  T	  0.4	  0.3	0.000	0.000	0.000
298	  P	  0.1	  0.4	0.000	0.000	0.000
299	  S	  0.1	  0.4	0.000	0.000	0.000
300	  T	  1.1	  0.4	0.000	0.000	0.000
301	  A	  1.2	  0.1	0.000	0.000	0.000
302	  T	  3.0	  0.0	0.000	0.000	0.000
303	  T	 19.4	  0.0	0.000	0.000	0.000
304	  V	 19.6	  0.1	0.000	0.000	0.000
305	  S	 17.8	  0.5	0.000	0.000	0.000
306	  E	  0.4	  0.5	0.000	0.000	0.000
307	  G	  0.0	  0.5	0.171	0.000	0.000
308	  V	  2.9	  0.5	0.257	0.000	0.000
309	  V	  3.5	  0.0	0.348	0.000	0.000
310	  T	  3.7	  0.0	0.843	0.000	0.000
311	  E	  0.9	  0.0	1.061	0.000	0.000
312	  Y	  0.9	  0.0	1.061	0.000	0.000
313	  V	  8.9	  0.0	0.964	0.000	0.000
314	  T	 21.0	  0.0	0.964	0.000	0.000
315	  Y	 20.6	  0.0	0.964	0.000	0.000
316	  C	 12.9	  0.0	0.964	0.000	0.000
317	  P	  0.2	  0.0	0.000	0.000	0.000
318	  V	  1.1	  0.0	0.000	0.072	0.072
319	  S	  1.3	  0.0	0.000	0.072	0.072
320	  S	  4.9	  0.0	0.323	0.123	0.123
321	  V	  4.3	  0.1	0.323	0.566	0.566
322	  E	  4.2	  0.0	0.323	0.600	0.600
323	  T	  4.4	  0.0	0.323	0.600	0.600
324	  V	  5.8	  0.1	0.323	0.600	0.600
325	  A	  5.9	  0.1	0.323	0.600	0.600
326	  S	  2.4	  0.1	0.166	0.600	0.600
327	  T	  1.6	  0.1	0.000	0.600	0.600
328	  K	  3.2	  0.1	0.000	0.600	0.600
329	  V	  6.3	  0.0	0.000	89.528	89.528
330	  I	 21.1	  0.0	0.000	95.430	95.430
331	  T	 23.7	  0.0	0.000	95.438	95.438
332	  V	 23.8	  0.0	0.000	95.438	95.438
333	  V	  9.4	  0.0	0.000	95.411	95.411
334	  A	  4.6	  0.0	0.000	77.540	77.540
335	  C	  1.3	  0.1	0.000	6.379	6.379
336	  D	  0.1	  0.3	0.000	0.000	0.000
337	  E	  1.3	  0.3	0.000	0.000	0.000
338	  H	  2.0	  0.4	0.000	0.000	0.000
339	  K	  2.9	  0.3	0.000	0.000	0.000
340	  C	  2.7	  0.1	0.000	0.000	0.000
341	  H	  2.0	  0.2	0.000	0.000	0.000
342	  E	  1.2	  0.2	0.000	0.000	0.000
343	  T	  0.9	  0.2	0.000	0.000	0.000
344	  T	  1.6	  0.2	0.000	0.000	0.000
345	  A	  1.8	  0.0	0.000	0.000	0.000
346	  V	  3.0	  0.0	0.000	0.000	0.000
347	  A	  2.2	  0.0	0.000	0.000	0.000
348	  T	  1.9	  0.2	0.000	0.000	0.000
349	  P	  0.1	  0.3	0.000	0.000	0.000
350	  T	  0.3	  0.3	0.000	0.000	0.000
351	  E	  5.0	  0.3	0.000	0.000	0.000
352	  V	  6.6	  0.0	0.000	6.630	6.630
353	  T	  8.2	  0.0	0.000	6.630	6.630
354	  T	  8.6	  0.0	0.000	6.630	6.630
355	  V	 10.5	  0.0	0.000	6.630	6.630
356	  V	  8.8	  0.3	0.000	6.630	6.630
357	  E	  3.8	  1.7	0.000	0.000	0.000
358	  G	  0.2	  1.7	0.000	0.000	0.000
359	  S	  0.7	  1.8	0.000	0.000	0.000
360	  T	  1.8	  1.5	0.000	0.000	0.000
361	  T	  3.9	  0.1	0.000	0.114	0.114
362	  H	  4.8	  0.0	0.000	0.304	0.304
363	  Y	  4.2	  0.0	0.000	0.304	0.304
364	  V	  9.4	  0.0	0.000	0.304	0.304
365	  T	 30.1	  0.0	0.000	0.304	0.304
366	  Y	 29.6	  0.0	0.000	0.304	0.304
367	  K	 23.2	  0.5	0.000	0.000	0.000
368	  P	  0.2	  0.6	0.000	0.000	0.000
369	  T	  0.1	  1.5	0.000	0.000	0.000
370	  G	  0.1	  1.5	0.000	0.000	0.000
371	  S	  0.1	  1.3	0.000	0.000	0.000
372	  G	  0.0	  1.5	0.000	0.000	0.000
373	  P	  0.0	  0.7	0.000	0.000	0.000
374	  T	  0.0	  1.0	0.000	0.000	0.000
375	  Q	  0.0	  0.9	0.000	0.000	0.000
376	  G	  0.1	  0.7	0.000	0.000	0.000
377	  E	  0.2	  0.6	0.000	0.000	0.000
378	  T	  3.8	  0.3	0.000	0.000	0.000
379	  Y	  4.1	  0.3	0.000	0.000	0.000
380	  A	  4.0	  0.2	0.000	0.000	0.000
381	  T	  0.5	  0.2	0.000	0.000	0.000
382	  N	  0.3	  0.2	0.299	0.000	0.000
383	  A	  0.6	  0.1	0.299	0.000	0.000
384	  I	  3.0	  0.0	0.299	0.000	0.000
385	  T	  3.0	  0.2	0.299	0.000	0.000
386	  S	  2.6	  0.6	0.299	0.000	0.000
387	  E	  0.1	  0.7	0.299	0.000	0.000
388	  G	  0.0	  0.7	0.000	0.000	0.000
389	  T	  5.8	  0.5	0.000	0.232	0.232
390	  V	 14.4	  0.1	0.000	0.232	0.232
391	  Y	 14.6	  0.0	0.000	0.232	0.232
392	  V	  9.3	  0.0	0.000	0.232	0.232
393	  P	  0.2	  0.1	0.000	0.232	0.232
394	  K	  0.8	  0.1	0.000	0.000	0.000
395	  T	  1.4	  0.1	0.000	0.000	0.000
396	  T	  2.2	  0.1	0.000	0.000	0.000
397	  A	  1.8	  0.0	0.000	0.000	0.000
398	  V	  3.0	  0.0	0.000	0.000	0.000
399	  T	  3.4	  0.1	0.000	0.000	0.000
400	  T	  3.2	  0.3	0.000	0.000	0.000
401	  H	  1.5	  1.7	0.000	0.000	0.000
402	  G	  0.2	  1.8	0.000	0.000	0.000
403	  S	  0.7	  1.8	0.000	0.000	0.000
404	  T	 10.8	  1.5	0.000	0.125	0.125
405	  F	 11.2	  0.3	0.000	0.332	0.332
406	  E	 10.6	  0.2	0.000	0.332	0.332
407	  T	  3.4	  0.2	0.000	34.777	34.777
408	  V	  4.2	  0.2	0.000	91.120	91.120
409	  A	  4.4	  0.0	0.000	91.942	91.942
410	  Y	  2.0	  0.0	0.000	92.306	92.306
411	  I	 17.3	  0.0	0.000	92.306	92.306
412	  T	 26.0	  0.0	0.000	91.793	91.793
413	  V	 26.7	  0.0	0.000	90.970	90.970
414	  T	 11.9	  0.0	0.000	34.629	34.629
415	  K	  2.4	  0.0	0.000	0.332	0.332
416	  A	  1.0	  0.0	0.000	0.152	0.152
417	  T	  0.7	  0.3	0.000	0.000	0.000
418	  P	  0.1	  0.4	0.000	0.000	0.000
419	  T	  0.1	  0.7	0.000	0.000	0.000
420	  K	  0.1	  1.8	0.000	0.000	0.000
421	  G	  0.1	  1.6	0.000	0.000	0.000
422	  G	  0.0	  1.6	0.000	0.000	0.000
423	  E	  0.3	  1.3	0.000	0.000	0.000
424	  Q	  1.3	  0.2	0.000	0.000	0.000
425	  H	  1.4	  0.1	0.000	0.000	0.000
426	  Q	  1.1	  1.6	0.000	0.000	0.000
427	  P	  0.1	  1.6	0.000	0.000	0.000
428	  G	  0.0	  1.6	0.000	0.000	0.000
429	  S	  0.0	  2.1	0.000	0.000	0.000
430	  P	  0.0	  1.0	0.000	0.000	0.000
431	  A	  0.0	  1.1	0.000	0.000	0.000
432	  G	  0.0	  1.1	0.315	0.000	0.000
433	  A	  0.1	  0.6	0.315	0.000	0.000
434	  A	  0.3	  0.1	0.315	0.000	0.000
435	  T	  1.2	  0.0	0.315	0.000	0.000
436	  S	  1.2	  0.0	0.315	0.000	0.000
437	  A	  1.1	  1.6	0.315	0.000	0.000
438	  P	  0.1	  1.5	0.000	0.000	0.000
439	  G	  0.0	  1.5	0.000	0.000	0.000
440	  A	  0.0	  1.5	0.000	0.000	0.000
441	  P	  0.0	  0.0	0.000	0.000	0.000
442	  A	  0.0	  1.5	0.000	0.000	0.000
443	  P	  0.0	  1.7	0.000	0.000	0.000
444	  G	  0.0	  2.4	0.000	0.000	0.000
445	  A	  0.1	  2.7	0.000	0.000	0.000
446	  S	  0.1	  1.6	0.000	0.000	0.000
447	  G	  0.1	  1.6	0.000	0.000	0.000
448	  A	  0.1	  0.8	0.000	0.000	0.000
449	  H	  0.4	  0.9	0.000	0.000	0.000
450	  A	  0.6	  0.5	0.000	0.000	0.000
451	  S	  0.6	  0.4	0.000	0.000	0.000
452	  T	  0.4	  0.6	0.000	0.000	0.000
453	  A	  0.3	  0.4	0.000	0.000	0.000
454	  N	  0.3	  0.3	0.523	0.000	0.000
455	  K	  4.7	  0.3	0.523	0.000	0.000
456	  V	 22.1	  0.0	0.523	0.000	0.000
457	  T	 27.4	  0.0	0.523	0.000	0.000
458	  V	 24.4	  0.0	0.523	0.000	0.000
459	  E	  7.4	  0.0	0.523	0.000	0.000
460	  A	  1.4	  0.0	0.324	0.000	0.000
461	  Q	  0.4	  0.0	0.324	0.000	0.000
462	  A	  0.4	  0.0	0.000	0.000	0.000
463	  T	  0.3	  1.1	0.000	0.000	0.000
464	  P	  0.0	  1.2	0.000	0.000	0.000
465	  G	  0.0	  1.2	0.000	0.000	0.000
466	  T	  4.7	  1.2	0.000	0.000	0.000
467	  L	  4.8	  0.1	0.000	0.000	0.000
468	  T	  4.8	  0.3	0.000	0.000	0.000
469	  P	  0.1	  0.5	0.000	0.000	0.000
470	  E	  0.1	  0.5	0.000	0.000	0.000
471	  N	  1.0	  0.5	0.000	0.000	0.000
472	  T	  4.9	  0.2	0.000	0.000	0.000
473	  V	  5.4	  0.1	0.000	0.000	0.000
474	  A	  4.5	  1.0	0.000	0.000	0.000
475	  G	  0.6	  1.0	0.000	0.000	0.000
476	  G	  0.1	  1.2	0.000	0.000	0.000
477	  V	  0.4	  4.4	0.000	0.000	0.000
478	  N	  0.4	  3.6	0.000	0.000	0.000
479	  G	  0.3	  3.6	0.246	0.000	0.000
480	  E	  0.0	  3.5	0.246	0.000	0.000
481	  Q	  0.2	  0.2	0.246	0.000	0.000
482	  V	  6.9	  0.1	0.246	1.861	1.861
483	  A	  7.4	  0.0	0.246	1.861	1.861
484	  V	  9.1	  0.0	0.246	1.861	1.861
485	  S	  2.7	  0.0	0.246	1.861	1.861
486	  A	  2.1	  0.1	0.133	1.861	1.861
487	  K	  1.0	  0.1	0.133	0.000	0.000
488	  T	  1.8	  0.1	0.000	0.000	0.000
489	  T	 14.4	  0.1	0.000	0.000	0.000
490	  I	 14.6	  0.0	0.000	0.000	0.000
491	  S	 13.9	  0.1	0.760	0.000	0.000
492	  Q	  1.5	  0.1	0.760	0.000	0.000
493	  T	  2.2	  0.1	0.876	0.000	0.000
494	  T	  5.7	  0.1	1.100	0.000	0.000
495	  V	  6.3	  0.0	1.100	0.000	0.000
496	  A	  4.5	  0.0	1.100	0.000	0.000
497	  K	  0.9	  0.4	0.963	0.000	0.000
498	  A	  0.2	  0.7	0.681	0.000	0.000
499	  S	  0.4	  2.6	0.526	0.000	0.000
500	  G	  0.3	  3.1	0.000	0.000	0.000
501	  S	  0.3	  2.9	0.000	0.000	0.000
502	  G	  0.1	  2.6	0.116	0.000	0.000
503	  K	  0.2	  0.7	0.116	0.000	0.000
504	  A	  0.3	  0.2	0.116	1.118	1.118
505	  A	  0.6	  0.0	0.116	2.463	2.463
506	  I	  1.3	  0.1	0.116	2.463	2.463
507	  S	  1.8	  0.1	0.116	2.463	2.463
508	  T	 12.1	  0.1	0.000	2.463	2.463
509	  F	 11.5	  0.5	0.115	2.463	2.463
510	  E	 10.9	  0.6	0.219	0.000	0.000
511	  G	  0.4	  0.6	1.479	0.000	0.000
512	  A	  0.1	  0.6	1.479	0.000	0.000
513	  A	  0.1	  0.2	1.479	0.000	0.000
514	  A	  0.2	  0.2	1.479	0.000	0.000
515	  A	  0.3	  0.3	1.479	0.000	0.000
516	  S	  0.3	  0.9	1.479	0.000	0.000
517	  A	  0.3	  1.1	0.596	0.402	0.402
518	  G	  0.1	  1.1	0.721	0.876	0.876
519	  A	  0.5	  1.0	0.484	6.826	6.826
520	  S	  1.0	  0.4	1.414	13.695	13.695
521	  V	  2.1	  0.2	1.414	61.177	61.177
522	  L	  1.9	  0.0	1.414	64.587	64.587
523	  A	  1.5	  0.0	1.414	64.587	64.587
524	  L	  0.7	  0.0	1.414	64.451	64.451
525	  A	  0.8	  0.0	1.251	62.606	62.606
526	  L	  0.9	  0.0	0.900	54.749	54.749
527	  I	  0.6	  0.0	0.215	6.542	6.542
528	  P	  0.1	  0.0	0.000	3.155	3.155
529	  L	  0.3	  0.1	0.000	0.071	0.071
530	  A	  0.5	  0.1	0.000	0.071	0.071
531	  Y	  2.8	  0.1	0.000	0.071	0.071
532	  F	  2.5	  0.1	0.000	0.071	0.071
533	  I	  2.2	  0.0	0.000	0.000	0.000
