res	aa	Beta	Turn	Helix	Aggregation	Conc-Stab_Aggregation
01	  M	  1.0	  0.0	0.000	0.000	0.000
02	  L	  1.4	  0.0	0.000	0.000	0.000
03	  I	  2.4	  0.9	0.000	0.000	0.000
04	  K	  1.4	  0.9	0.000	0.000	0.000
05	  G	  1.1	  0.9	0.000	0.000	0.000
06	  V	  3.1	  0.9	0.000	0.000	0.000
07	  K	  3.6	  0.0	0.000	0.000	0.000
08	  Y	  4.9	  0.0	0.000	0.000	0.000
09	  A	  1.9	  0.0	0.000	0.000	0.000
10	  C	  2.8	  0.2	0.549	0.000	0.000
11	  E	  1.8	  0.2	0.549	0.000	0.000
12	  R	  3.9	  0.2	0.549	0.000	0.000
13	  C	  5.9	  0.2	0.549	0.000	0.000
14	  I	  7.7	  0.1	0.549	0.000	0.000
15	  R	  5.6	  0.1	0.549	0.000	0.000
16	  G	  2.1	  0.1	0.435	0.000	0.000
17	  H	  1.0	  0.1	0.188	0.000	0.000
18	  R	  3.0	  0.0	0.000	0.000	0.000
19	  V	  4.5	  0.0	0.000	0.000	0.000
20	  T	  5.5	  0.0	0.000	0.000	0.000
21	  T	  9.5	  0.0	0.000	0.000	0.000
22	  C	 10.1	  0.1	0.000	0.000	0.000
23	  T	  9.9	  0.1	0.000	0.000	0.000
24	  H	  4.1	  0.5	0.000	0.000	0.000
25	  S	  1.8	  0.5	0.000	0.000	0.000
26	  N	  0.0	  0.5	0.000	0.000	0.000
27	  E	  0.0	  0.4	0.000	0.000	0.000
28	  P	  0.0	  0.0	0.000	0.000	0.000
29	  L	  2.4	  0.0	0.000	0.000	0.000
30	  T	  3.0	  0.0	0.000	0.000	0.000
31	  M	  3.9	  0.0	0.000	0.000	0.000
32	  I	  1.9	  0.0	0.000	0.000	0.000
33	  K	  1.3	  0.5	0.000	0.000	0.000
34	  P	  0.4	  1.2	0.000	0.000	0.000
35	  K	  0.0	  1.2	0.000	0.000	0.000
36	  G	  0.0	  1.2	0.000	0.000	0.000
37	  R	  0.0	  0.7	0.000	0.000	0.000
38	  P	  0.0	  0.0	0.000	0.000	0.000
39	  V	  3.7	  0.0	0.000	0.000	0.000
40	  T	  4.8	  0.0	0.000	0.000	0.000
41	  Q	  5.5	  0.0	0.000	0.000	0.000
42	  C	  2.8	  0.2	0.000	0.000	0.000
43	  Q	  2.1	  0.2	0.000	0.000	0.000
44	  H	  2.3	  0.2	0.000	0.000	0.000
45	  C	  1.8	  0.3	0.330	0.000	0.000
46	  R	  1.4	  0.4	0.330	0.000	0.000
47	  E	  0.4	  0.4	0.330	0.000	0.000
48	  N	  0.1	  0.5	0.784	0.000	0.000
49	  R	  0.2	  0.5	0.784	0.000	0.000
50	  K	  0.7	  0.3	0.784	0.000	0.000
51	  S	  1.2	  1.8	0.563	0.000	0.000
52	  K	  1.1	  1.7	0.453	0.000	0.000
53	  N	  0.7	  1.6	0.453	0.000	0.000
54	  L	  1.1	  1.5	0.134	0.000	0.000
55	  H	  2.3	  0.0	0.000	0.000	0.000
56	  V	  8.7	  0.0	0.000	0.000	0.000
57	  T	 17.8	  0.0	0.000	0.000	0.000
58	  C	 19.8	  0.2	0.000	0.000	0.000
59	  S	 14.7	  0.3	0.150	0.000	0.000
60	  C	  5.1	  0.3	0.150	0.000	0.000
61	  G	  1.1	  0.5	0.150	0.000	0.000
62	  K	  0.2	  1.7	0.150	0.000	0.000
63	  K	  0.0	  1.8	0.150	0.000	0.000
64	  G	  0.1	  2.8	0.150	0.000	0.000
65	  K	  0.1	  3.9	0.150	0.000	0.000
66	  N	  0.0	  3.1	0.000	0.000	0.000
67	  G	  0.0	  3.1	0.000	0.000	0.000
68	  S	  0.4	  2.0	0.000	0.000	0.000
69	  H	  0.5	  0.7	0.000	0.000	0.000
70	  L	  0.4	  0.7	0.000	0.000	0.000
71	  P	  0.1	  0.6	0.000	0.000	0.000
72	  S	  0.9	  0.6	0.110	0.000	0.000
73	  C	  1.5	  0.6	0.110	0.000	0.000
74	  A	  1.7	  0.0	0.110	0.000	0.000
75	  C	  3.0	  0.0	0.110	0.000	0.000
76	  H	  2.7	  0.2	0.110	0.000	0.000
77	  K	  2.7	  0.3	0.110	0.000	0.000
78	  T	  0.6	  0.3	0.000	0.000	0.000
79	  N	  0.4	  0.3	0.000	0.000	0.000
80	  H	  1.1	  0.1	0.000	0.000	0.000
81	  C	  4.7	  0.1	0.000	0.000	0.000
82	  T	 14.7	  0.1	0.000	0.000	0.000
83	  C	 14.1	  0.2	0.000	0.000	0.000
84	  S	 11.1	  0.6	0.000	0.000	0.000
85	  T	  0.9	  0.6	0.202	0.000	0.000
86	  N	  1.0	  0.5	0.202	0.000	0.000
87	  M	  1.0	  0.4	0.202	0.000	0.000
88	  T	  1.8	  0.1	0.202	0.000	0.000
89	  K	  1.7	  0.1	0.202	0.000	0.000
90	  K	  2.0	  0.1	0.202	0.000	0.000
91	  T	  2.8	  0.1	0.000	0.000	0.000
92	  T	  5.1	  0.1	0.000	0.000	0.000
93	  T	  4.4	  0.6	0.000	0.000	0.000
94	  K	  2.7	  1.1	0.000	0.000	0.000
95	  G	  0.1	  1.0	0.000	0.000	0.000
96	  D	  0.3	  1.0	0.000	0.000	0.000
97	  I	  0.7	  0.5	0.000	0.000	0.000
98	  H	  1.3	  0.0	0.000	0.000	0.000
99	  H	  1.7	  0.0	0.000	0.000	0.000
100	  M	  2.0	  0.0	0.000	0.000	0.000
101	  T	  3.8	  0.1	7.230	0.000	0.000
102	  A	  3.2	  0.2	7.230	0.000	0.000
103	  S	  2.5	  0.3	11.476	0.000	0.000
104	  E	  0.1	  0.3	11.658	0.000	0.000
105	  K	  0.3	  0.2	11.658	0.000	0.000
106	  A	  0.3	  0.2	11.658	0.000	0.000
107	  K	  0.3	  0.1	11.159	0.000	0.000
108	  K	  0.2	  0.2	8.434	0.000	0.000
109	  K	  0.3	  0.2	4.103	0.000	0.000
110	  S	  0.5	  0.1	1.649	0.000	0.000
111	  L	  0.9	  0.1	0.857	0.000	0.000
112	  I	  1.4	  0.0	0.667	0.000	0.000
113	  D	  1.1	  0.1	2.706	0.000	0.000
114	  A	  0.7	  0.5	2.706	0.000	0.000
115	  A	  0.0	  0.5	2.706	0.000	0.000
116	  N	  0.0	  0.7	2.998	0.000	0.000
117	  A	  0.0	  0.6	2.833	0.000	0.000
118	  G	  0.1	  0.2	2.935	0.000	0.000
119	  L	  0.1	  0.3	1.683	0.000	0.000
120	  K	  0.2	  0.1	0.968	0.000	0.000
121	  K	  0.3	  0.2	0.572	0.000	0.000
122	  R	  0.4	  0.6	0.572	0.000	0.000
123	  S	  0.4	  1.0	0.200	0.000	0.000
124	  D	  0.3	  1.0	0.000	0.000	0.000
125	  S	 10.2	  1.0	0.096	0.000	0.000
126	  V	 10.9	  0.6	0.096	0.000	0.000
127	  S	 11.4	  0.2	0.096	0.000	0.000
128	  T	  3.6	  0.2	0.096	0.000	0.000
129	  T	  4.6	  0.2	0.196	0.000	0.000
130	  Q	  4.1	  0.2	0.196	0.000	0.000
131	  S	  2.1	  0.1	0.100	0.000	0.000
132	  A	  0.2	  0.3	0.100	0.000	0.000
133	  A	  0.3	  0.3	0.100	0.000	0.000
134	  S	  1.0	  1.2	0.100	0.000	0.000
135	  S	  1.0	  1.2	0.000	0.000	0.000
136	  S	  6.2	  1.1	0.000	0.000	0.000
137	  A	  5.4	  1.0	0.000	0.000	0.000
138	  S	  5.4	  2.8	0.000	0.000	0.000
139	  P	  0.1	  2.9	0.000	0.000	0.000
140	  S	  0.1	  3.0	0.000	0.000	0.000
141	  S	  0.1	  3.0	0.000	0.000	0.000
142	  A	  0.3	  0.2	0.000	0.000	0.000
143	  A	  0.3	  0.0	0.000	0.000	0.000
144	  S	  0.2	  6.2	0.179	0.000	0.000
145	  P	  0.0	  6.2	0.179	0.000	0.000
146	  N	  0.0	  6.3	0.179	0.000	0.000
147	  K	  0.1	  6.4	0.179	0.000	0.000
148	  K	  0.2	  0.3	0.179	0.000	0.000
149	  S	  0.4	  0.3	0.179	0.000	0.000
150	  S	  0.4	  0.2	0.000	0.000	0.000
151	  V	  0.3	  0.1	0.000	0.000	0.000
152	  P	  0.0	  0.0	0.000	0.000	0.000
153	  P	  0.0	  0.0	0.000	0.000	0.000
154	  P	  0.0	  0.1	0.000	0.000	0.000
155	  G	  0.0	  0.6	0.000	0.000	0.000
156	  P	  0.0	  0.7	0.000	0.000	0.000
157	  T	  0.8	  0.7	0.000	0.000	0.000
158	  N	  0.9	  0.7	0.000	0.000	0.000
159	  S	  1.2	  0.3	0.927	0.000	0.000
160	  Q	  0.6	  0.3	0.927	0.000	0.000
161	  Q	  0.7	  0.3	0.927	0.000	0.000
162	  K	  0.5	  0.2	0.927	0.000	0.000
163	  K	  0.3	  0.1	0.927	0.000	0.000
164	  Q	  0.3	  0.2	0.927	0.000	0.000
165	  Q	  0.4	  0.2	0.535	0.000	0.000
166	  S	  3.7	  0.1	0.167	0.000	0.000
167	  T	  3.7	  0.1	0.000	0.000	0.000
168	  S	  3.6	  4.9	0.000	0.000	0.000
169	  P	  0.1	  4.9	0.000	0.000	0.000
170	  N	  0.1	  5.7	0.000	0.000	0.000
171	  Q	  0.2	  5.7	0.000	0.000	0.000
172	  S	  0.4	  0.9	0.215	0.000	0.000
173	  R	  0.6	  0.9	0.215	0.000	0.000
174	  Q	  0.6	  0.1	0.215	0.000	0.000
175	  T	  5.3	  0.1	0.215	0.000	0.000
176	  T	  5.2	  0.0	0.215	0.000	0.000
177	  Q	  5.1	  0.0	0.215	0.000	0.000
178	  P	  0.2	  0.0	0.000	0.000	0.000
179	  A	  0.2	  0.1	0.000	0.000	0.000
180	  Y	  0.7	  0.2	0.000	0.000	0.000
181	  N	  0.8	  0.2	0.000	0.000	0.000
182	  N	  0.8	  0.9	0.000	0.000	0.000
183	  L	  0.3	  1.0	0.000	0.000	0.000
184	  S	  0.3	  1.0	0.000	0.000	0.000
185	  D	  0.1	  2.1	0.000	0.000	0.000
186	  Q	  0.7	  1.5	0.000	0.000	0.000
187	  N	  1.3	  1.3	0.000	0.000	0.000
188	  F	  3.4	  1.2	0.000	0.000	0.000
189	  V	  5.7	  0.0	0.000	0.000	0.000
190	  I	  5.1	  0.1	0.000	0.000	0.000
191	  E	  3.0	  0.1	0.000	0.000	0.000
192	  D	  1.2	  0.1	0.000	0.000	0.000
193	  I	  8.8	  0.1	0.000	0.000	0.000
194	  V	  9.1	  0.0	0.000	0.000	0.000
195	  F	  8.1	  0.1	0.000	0.000	0.000
196	  P	  0.3	  0.2	0.000	0.000	0.000
197	  F	  0.8	  0.2	0.000	0.000	0.000
198	  N	  0.9	  1.1	0.000	0.000	0.000
199	  T	  1.0	  1.6	0.000	0.000	0.000
200	  D	  0.2	  2.6	0.000	0.000	0.000
201	  N	  0.1	  2.5	0.000	0.000	0.000
202	  G	  0.0	  1.6	0.000	0.000	0.000
203	  L	  0.4	  1.1	0.000	0.000	0.000
204	  F	  1.6	  0.1	0.000	0.000	0.000
205	  D	  1.8	  0.0	0.000	0.000	0.000
206	  M	  2.2	  0.0	0.000	0.000	0.000
207	  F	  2.5	  0.2	0.000	0.000	0.000
208	  S	  2.3	  2.0	0.000	0.000	0.000
209	  S	  1.6	  2.0	0.134	0.000	0.000
210	  N	  0.1	  2.2	0.134	0.000	0.000
211	  A	  0.2	  2.1	0.134	0.000	0.000
212	  T	  0.4	  0.3	0.134	0.000	0.000
213	  S	  0.4	  0.3	0.134	0.000	0.000
214	  E	  0.3	  0.1	0.134	0.000	0.000
215	  V	  0.2	  0.9	0.000	0.000	0.000
216	  G	  0.2	  1.1	0.000	0.000	0.000
217	  G	  0.1	  1.8	0.000	0.000	0.000
218	  A	  0.0	  2.7	0.000	0.000	0.000
219	  G	  0.0	  2.1	0.000	0.000	0.000
220	  S	  0.1	  2.1	0.000	0.000	0.000
221	  G	  0.1	  1.4	0.000	0.000	0.000
222	  T	  0.3	  0.8	0.000	0.000	0.000
223	  R	  0.3	  0.6	0.000	0.000	0.000
224	  D	  0.3	  0.4	0.000	0.000	0.000
225	  S	  0.4	  0.4	0.000	0.000	0.000
226	  Q	  0.7	  0.1	0.000	0.000	0.000
227	  I	  1.8	  0.1	0.000	0.000	0.000
228	  A	  1.7	  0.0	0.000	0.000	0.000
229	  T	  1.4	  0.3	0.000	0.000	0.000
230	  S	  0.3	  0.3	0.000	0.000	0.000
231	  N	  0.1	  0.3	0.000	0.000	0.000
232	  L	  0.2	  0.5	0.000	0.000	0.000
233	  A	  0.2	  0.6	0.000	0.000	0.000
234	  S	  0.2	  1.7	0.000	0.000	0.000
235	  D	  0.0	  2.0	0.000	0.000	0.000
236	  N	  0.2	  1.8	0.000	0.000	0.000
237	  S	  0.3	  1.5	0.000	0.000	0.000
238	  T	  0.3	  0.5	0.000	0.000	0.000
239	  P	  0.1	  0.1	0.000	0.000	0.000
240	  F	  1.3	  0.2	0.000	0.000	0.000
241	  N	  1.3	  1.4	0.000	0.000	0.000
242	  S	  1.3	  1.3	0.000	0.000	0.000
243	  N	  0.8	  1.8	0.000	0.000	0.000
244	  Y	  1.3	  1.9	0.000	0.000	0.000
245	  D	  1.3	  0.7	0.000	0.000	0.000
246	  T	  0.6	  0.7	0.000	0.000	0.000
247	  G	  0.1	  0.3	0.000	0.000	0.000
248	  I	  4.1	  0.1	0.000	0.000	0.000
249	  S	 24.1	  0.3	0.000	0.000	0.000
250	  Y	 24.3	  0.4	0.000	0.000	0.000
251	  S	 21.0	  0.4	0.106	0.000	0.000
252	  N	  0.3	  1.2	0.106	0.000	0.000
253	  K	  0.2	  1.0	0.106	0.000	0.000
254	  D	  0.2	  0.8	0.106	0.000	0.000
255	  V	  0.8	  0.8	0.106	0.000	0.000
256	  G	  0.6	  0.0	0.106	0.000	0.000
257	  L	  0.6	  0.1	0.000	0.000	0.000
258	  P	  0.0	  0.1	0.000	0.000	0.000
259	  L	  0.1	  0.1	0.000	0.000	0.000
260	  S	  0.1	  5.3	0.000	0.000	0.000
261	  P	  0.1	  5.2	0.000	0.000	0.000
262	  N	  0.0	  5.3	0.000	0.000	0.000
263	  E	  0.0	  5.3	0.000	0.000	0.000
264	  T	  0.1	  0.2	0.000	0.000	0.000
265	  E	  0.2	  0.2	0.000	0.000	0.000
266	  A	  0.2	  0.1	0.000	0.000	0.000
267	  D	  0.2	  0.2	0.000	0.000	0.000
268	  P	  0.0	  0.2	0.000	0.000	0.000
269	  M	  0.1	  0.2	0.000	0.000	0.000
270	  F	  0.1	  0.3	0.000	0.000	0.000
271	  P	  0.1	  0.2	0.000	0.000	0.000
272	  L	  0.1	  0.2	0.000	0.000	0.000
273	  F	  0.1	  0.5	0.000	0.000	0.000
274	  P	  0.1	  0.3	0.000	0.000	0.000
275	  L	  0.2	  0.3	0.000	0.000	0.000
276	  V	  0.2	  0.4	0.000	0.000	0.000
277	  G	  0.2	  0.2	0.000	0.000	0.000
278	  T	  2.2	  0.3	0.000	0.000	0.000
279	  Q	  3.0	  0.3	0.000	0.000	0.000
280	  S	 10.3	  0.4	0.259	0.000	0.000
281	  F	  8.6	  0.4	0.259	0.000	0.000
282	  D	  7.6	  0.5	0.259	0.000	0.000
283	  R	  0.4	  0.7	0.259	0.000	0.000
284	  E	  0.2	  0.4	0.259	0.000	0.000
285	  N	  0.2	  0.4	0.259	0.000	0.000
286	  Q	  0.1	  0.2	0.150	0.000	0.000
287	  P	  0.0	  0.0	0.000	0.000	0.000
288	  L	  0.6	  0.0	0.000	0.000	0.000
289	  S	  0.7	  0.0	0.000	0.000	0.000
290	  A	  1.0	  0.0	0.000	0.000	0.000
291	  L	  0.4	  0.2	0.000	0.000	0.000
292	  S	  0.3	  0.2	0.000	0.000	0.000
293	  N	  0.1	  0.3	0.000	0.000	0.000
294	  E	  0.3	  0.3	0.000	0.000	0.000
295	  K	  0.3	  0.1	0.000	0.000	0.000
296	  E	  0.2	  0.1	0.000	0.000	0.000
297	  P	  0.0	  0.0	0.000	0.000	0.000
298	  P	  0.0	  0.0	0.000	0.000	0.000
299	  Q	  0.0	  0.2	0.000	0.000	0.000
300	  P	  0.0	  0.2	0.000	0.000	0.000
301	  Q	  0.0	  0.2	0.000	0.000	0.000
302	  Q	  0.1	  0.2	0.000	0.000	0.000
303	  P	  0.1	  0.0	0.000	0.000	0.000
304	  T	  0.0	  0.0	0.000	0.000	0.000
305	  P	  0.0	  0.0	0.000	0.000	0.000
306	  V	  0.4	  0.0	0.000	0.000	0.000
307	  R	  0.4	  0.4	0.000	0.000	0.000
308	  P	  0.4	  0.5	0.000	0.000	0.000
309	  S	  1.0	  0.8	0.000	0.000	0.000
310	  H	  1.7	  0.8	0.000	0.000	0.000
311	  N	  3.1	  0.6	0.429	0.000	0.000
312	  V	  3.0	  0.5	0.429	0.000	0.000
313	  S	  2.4	  0.2	0.429	0.000	0.000
314	  T	  1.4	  0.2	0.429	0.000	0.000
315	  A	  0.7	  0.2	0.429	0.000	0.000
316	  M	  0.8	  0.2	0.429	0.000	0.000
317	  N	  0.5	  0.2	0.122	0.000	0.000
318	  N	  1.5	  0.4	0.000	0.000	0.000
319	  I	  1.8	  0.3	0.000	0.000	0.000
320	  S	  1.7	  1.5	0.000	0.000	0.000
321	  S	  0.6	  1.7	0.000	0.000	0.000
322	  N	  1.0	  1.6	0.000	0.000	0.000
323	  S	 21.4	  1.7	0.000	0.000	0.000
324	  Y	 22.5	  0.5	0.000	0.000	0.000
325	  S	 22.0	  0.3	0.000	0.000	0.000
326	  S	  1.8	  0.3	0.000	0.000	0.000
327	  I	  0.3	  0.3	0.000	0.000	0.000
328	  P	  0.1	  0.2	0.000	0.000	0.000
329	  S	  0.2	  0.2	0.105	0.000	0.000
330	  A	  0.4	  0.2	0.105	0.000	0.000
331	  V	 19.0	  0.0	0.105	0.000	0.000
332	  E	 21.1	  0.0	0.105	0.000	0.000
333	  V	 21.9	  0.0	0.105	0.000	0.000
334	  S	  4.5	  0.0	0.105	0.000	0.000
335	  S	  4.0	  0.3	0.000	0.000	0.000
336	  I	  3.4	  0.3	0.000	0.000	0.000
337	  N	  3.4	  0.3	0.000	0.000	0.000
338	  H	  0.8	  0.4	0.000	0.000	0.000
339	  Q	  0.5	  0.2	0.000	0.000	0.000
340	  Q	  0.7	  0.2	0.000	0.000	0.000
341	  S	  0.4	  0.2	0.000	0.000	0.000
342	  R	  0.3	  0.2	0.000	0.000	0.000
343	  P	  0.0	  0.2	0.000	0.000	0.000
344	  K	  0.1	  0.2	0.000	0.000	0.000
345	  R	  0.1	  0.4	0.000	0.000	0.000
346	  P	  0.1	  0.3	0.000	0.000	0.000
347	  E	  0.0	  0.3	0.000	0.000	0.000
348	  S	  0.6	  0.3	0.000	0.611	0.611
349	  V	  3.5	  0.1	0.000	3.116	3.116
350	  L	  5.0	  0.0	0.000	3.116	3.116
351	  S	  4.8	  0.0	0.000	3.116	3.116
352	  I	  3.0	  0.1	0.000	3.116	3.116
353	  A	  1.3	  0.3	0.000	2.784	2.784
354	  S	  1.1	  0.5	0.000	0.279	0.279
355	  N	  0.2	  1.3	0.128	0.000	0.000
356	  S	  0.4	  1.4	0.128	0.000	0.000
357	  S	  0.9	  1.2	0.128	0.000	0.000
358	  T	  2.9	  1.0	0.128	0.000	0.000
359	  R	  4.1	  0.2	0.128	0.000	0.000
360	  S	 10.3	  0.4	0.128	0.000	0.000
361	  F	 10.4	  0.4	0.000	0.000	0.000
362	  D	  9.7	  0.3	0.000	0.000	0.000
363	  F	  3.8	  0.3	0.000	0.000	0.000
364	  F	  1.7	  4.4	0.000	0.000	0.000
365	  G	  0.9	  4.4	0.000	0.000	0.000
366	  N	  0.1	  4.5	0.115	0.000	0.000
367	  N	  0.1	  4.5	0.115	0.000	0.000
368	  H	  0.5	  0.3	0.115	0.000	0.000
369	  T	  1.1	  0.2	0.115	0.000	0.000
370	  N	  1.8	  0.7	0.115	0.000	0.000
371	  Y	  2.7	  0.7	0.115	0.000	0.000
372	  N	  2.3	  1.2	0.000	0.000	0.000
373	  S	  1.6	  1.2	0.000	0.000	0.000
374	  S	  0.9	  0.7	0.000	0.000	0.000
375	  F	  2.1	  1.1	0.000	0.000	0.000
376	  M	  1.9	  0.8	0.000	0.000	0.000
377	  N	  1.4	  1.1	0.000	0.000	0.000
378	  G	  0.1	  1.1	0.000	0.000	0.000
379	  S	  0.1	  0.6	0.000	0.000	0.000
380	  L	  0.1	  0.4	0.000	0.000	0.000
381	  P	  0.1	  0.2	0.000	0.000	0.000
382	  T	  1.5	  0.2	0.000	0.000	0.000
383	  S	  9.1	  0.2	0.000	0.000	0.000
384	  F	 11.9	  0.1	0.000	0.000	0.000
385	  T	 10.8	  0.1	0.000	0.000	0.000
386	  S	  3.4	  0.1	0.000	0.000	0.000
387	  A	  0.6	  0.1	0.000	0.000	0.000
388	  A	  0.2	  0.0	0.000	0.000	0.000
389	  F	  0.2	  0.0	0.000	0.000	0.000
390	  P	  0.0	  0.7	0.000	0.000	0.000
391	  P	  0.0	  1.6	0.000	0.000	0.000
392	  S	  0.0	  1.9	0.000	0.000	0.000
393	  N	  0.0	  1.9	0.000	0.000	0.000
394	  G	  0.1	  1.2	0.000	0.000	0.000
395	  F	  0.3	  0.3	0.000	0.000	0.000
396	  D	  0.3	  3.3	0.607	0.000	0.000
397	  E	  0.2	  3.3	0.607	0.000	0.000
398	  N	  0.1	  3.4	0.607	0.000	0.000
399	  S	  5.3	  3.8	0.768	0.000	0.000
400	  L	  5.3	  0.7	0.768	0.000	0.000
401	  S	  5.3	  0.7	0.768	0.000	0.000
402	  N	  0.5	  0.6	0.463	0.000	0.000
403	  L	  0.5	  0.2	0.297	0.000	0.000
404	  N	  0.5	 10.9	0.297	0.000	0.000
405	  P	  0.1	 11.2	0.000	0.000	0.000
406	  D	  0.0	 11.3	0.000	0.000	0.000
407	  D	  0.0	 12.1	0.000	0.000	0.000
408	  H	  0.1	  1.3	0.000	0.000	0.000
409	  N	  0.1	  1.1	0.000	0.000	0.000
410	  N	  0.3	  0.9	0.000	0.000	0.000
411	  M	  0.8	  0.2	0.000	0.000	0.000
412	  Q	  1.1	  0.1	0.000	0.000	0.000
413	  H	  2.3	  0.1	0.000	0.000	0.000
414	  H	  2.5	  0.6	0.000	0.000	0.000
415	  F	  2.3	  1.7	0.000	0.000	0.000
416	  G	  0.9	  2.0	0.000	0.000	0.000
417	  R	  0.2	  2.0	0.000	0.000	0.000
418	  T	  0.1	  1.6	0.000	0.000	0.000
419	  G	  0.1	  0.5	0.120	0.000	0.000
420	  L	  0.1	  0.3	0.120	0.000	0.000
421	  G	  0.0	  0.3	0.120	0.000	0.000
422	  A	  0.7	  0.2	0.120	0.000	0.000
423	  V	  3.8	  0.0	0.120	0.000	0.000
424	  K	  4.0	  0.2	0.120	0.000	0.000
425	  F	  3.5	  1.0	0.120	0.000	0.000
426	  G	  0.4	  1.1	0.000	0.000	0.000
427	  S	  0.3	  1.1	0.000	0.000	0.000
428	  Q	  0.9	  0.9	0.000	0.000	0.000
429	  L	  1.1	  0.2	0.000	0.000	0.000
430	  S	  1.3	  0.1	0.120	0.000	0.000
431	  K	  4.6	  0.0	0.120	0.000	0.000
432	  I	  4.8	  0.1	0.120	0.000	0.000
433	  E	  4.5	  0.1	0.120	0.000	0.000
434	  S	  0.6	  0.1	0.120	0.000	0.000
435	  E	  0.2	  0.1	0.120	0.000	0.000
436	  M	  0.6	  0.0	0.000	0.000	0.000
437	  Y	  2.2	  0.1	0.000	0.000	0.000
438	  T	  2.1	  0.3	0.000	0.000	0.000
439	  D	  1.8	  0.3	0.000	0.000	0.000
440	  N	  1.9	  0.3	0.000	0.000	0.000
441	  F	  3.4	  0.3	0.000	0.000	0.000
442	  F	  3.8	  0.1	0.000	0.000	0.000
443	  D	  2.1	  0.1	0.000	0.000	0.000
444	  D	  0.6	  0.6	0.000	0.000	0.000
445	  P	  0.0	  0.5	0.000	0.000	0.000
446	  Y	  0.2	  0.5	0.000	0.000	0.000
447	  A	  0.2	  0.8	0.000	0.000	0.000
448	  P	  0.2	  0.3	0.000	0.000	0.000
449	  Q	  0.2	  0.4	0.000	0.000	0.000
450	  S	  1.0	  1.4	0.000	0.000	0.000
451	  Q	  1.5	  1.2	0.000	0.000	0.000
452	  N	  2.4	  1.5	0.000	0.000	0.000
453	  V	  2.8	  1.5	0.000	0.000	0.000
454	  D	  2.3	  0.5	0.000	0.000	0.000
455	  Q	  2.1	  0.5	0.000	0.000	0.000
456	  L	  3.5	  0.1	0.000	0.000	0.000
457	  Q	  3.7	  0.1	0.000	0.000	0.000
458	  F	  2.7	  0.8	0.000	0.000	0.000
459	  P	  0.2	  0.8	0.000	0.000	0.000
460	  D	  0.2	  0.9	0.000	0.000	0.000
461	  T	  1.9	  0.9	0.000	0.000	0.000
462	  T	  3.8	  0.1	0.000	0.000	0.000
463	  T	  4.1	  0.1	0.000	0.000	0.000
464	  I	  2.4	  0.4	0.000	0.000	0.000
465	  P	  0.5	  0.4	0.000	0.000	0.000
466	  N	  0.5	  0.4	0.000	0.000	0.000
467	  L	  0.9	  0.4	0.000	0.163	0.163
468	  Y	  6.0	  0.0	0.000	0.163	0.163
469	  N	  7.4	  0.0	0.134	0.163	0.163
470	  V	  7.7	  0.0	0.134	0.163	0.163
471	  T	  2.9	  0.0	0.134	0.163	0.163
472	  E	  4.2	  0.0	0.134	0.000	0.000
473	  F	  3.7	  0.0	0.134	0.000	0.000
474	  N	  3.5	  4.9	0.134	0.000	0.000
475	  P	  0.2	  5.3	0.000	0.000	0.000
476	  S	  0.0	  6.5	0.000	0.000	0.000
477	  D	  0.1	  6.5	0.111	0.000	0.000
478	  N	  0.2	  1.6	0.520	0.000	0.000
479	  Y	  0.9	  1.4	0.520	0.000	0.000
480	  A	  1.0	  0.3	0.520	0.000	0.000
481	  S	  1.0	  0.3	0.520	0.000	0.000
482	  S	  0.3	  0.3	0.520	0.000	0.000
483	  N	  0.1	  4.9	0.520	0.000	0.000
484	  P	  0.0	  5.1	0.000	0.000	0.000
485	  S	  0.0	  5.1	0.000	0.000	0.000
486	  N	  0.7	  5.3	0.000	0.000	0.000
487	  Y	  4.1	  0.6	0.000	0.000	0.000
488	  D	  4.8	  0.9	0.000	0.000	0.000
489	  V	  4.7	  1.0	0.000	0.000	0.000
490	  N	  1.4	  1.3	0.000	0.000	0.000
491	  N	  0.6	  1.6	0.000	0.000	0.000
492	  N	  0.0	  1.9	0.000	0.000	0.000
493	  S	  0.0	  1.9	0.000	0.000	0.000
494	  D	  1.8	  1.4	0.207	0.000	0.000
495	  V	  5.8	  1.0	0.207	0.000	0.000
496	  I	  6.4	  0.1	0.207	0.000	0.000
497	  T	  4.6	  0.3	0.207	0.000	0.000
498	  N	  0.6	  0.5	0.207	0.000	0.000
499	  G	  0.0	  2.0	0.207	0.000	0.000
500	  G	  0.0	  2.0	0.000	0.000	0.000
501	  N	  0.0	  1.8	0.000	0.000	0.000
502	  N	  0.2	  1.7	0.000	0.000	0.000
503	  H	  0.4	  0.7	0.000	0.000	0.000
504	  R	  0.5	  0.6	0.000	0.000	0.000
505	  N	  0.4	  1.3	0.000	0.000	0.000
506	  N	  0.1	  2.1	0.000	0.000	0.000
507	  N	  0.0	  2.3	0.000	0.000	0.000
508	  N	  0.0	  3.0	0.000	0.000	0.000
509	  N	  0.0	  2.7	0.195	0.000	0.000
510	  N	  0.0	  2.0	0.195	0.000	0.000
511	  D	  0.7	  1.3	0.195	0.000	0.000
512	  T	  4.0	  0.5	0.195	0.000	0.000
513	  I	  4.1	  0.0	0.195	0.000	0.000
514	  Y	  3.4	  0.4	0.195	0.000	0.000
515	  P	  0.1	  0.4	0.000	0.000	0.000
516	  S	 19.9	  0.6	0.000	0.000	0.000
517	  Y	 20.1	  0.7	0.000	0.000	0.000
518	  S	 20.1	  0.4	0.000	0.000	0.000
519	  N	  0.3	  2.2	0.000	0.000	0.000
520	  E	  0.1	  2.0	0.000	0.000	0.000
521	  N	  0.2	  1.9	0.276	0.000	0.000
522	  K	  4.8	  1.9	0.276	0.000	0.000
523	  I	 17.0	  0.0	0.276	0.000	0.000
524	  T	 21.2	  0.1	0.276	0.000	0.000
525	  I	 16.9	  0.1	0.276	0.000	0.000
526	  N	  5.0	  1.2	0.365	0.000	0.000
527	  D	  0.1	  1.3	0.088	0.000	0.000
528	  N	  0.3	  1.2	0.088	0.000	0.000
529	  S	  3.5	  1.4	0.088	0.000	0.000
530	  I	 10.7	  0.3	0.088	0.000	0.000
531	  N	 11.8	  1.4	0.088	0.000	0.000
532	  I	  9.5	  2.8	0.000	0.000	0.000
533	  N	  2.4	  4.6	0.126	0.000	0.000
534	  G	  0.8	  4.6	0.126	0.000	0.000
535	  N	  0.9	  3.4	0.126	0.000	0.000
536	  T	  1.3	  2.0	0.126	0.000	0.000
537	  V	  1.4	  0.9	0.126	0.000	0.000
538	  G	  0.5	  0.9	0.126	0.000	0.000
539	  N	  0.1	  3.5	0.000	0.000	0.000
540	  E	  0.2	  3.5	0.000	0.000	0.000
541	  N	  0.2	  2.6	0.000	0.000	0.000
542	  H	  0.2	  4.0	0.000	0.000	0.000
543	  P	  0.0	  1.4	0.000	0.000	0.000
544	  N	  2.4	  1.4	0.000	0.000	0.000
545	  I	  4.7	  1.4	0.000	0.000	0.000
546	  T	  5.5	  0.1	0.000	0.000	0.000
547	  S	  4.9	  0.3	0.000	0.000	0.000
548	  T	  3.7	  0.4	0.000	0.000	0.000
549	  S	  3.1	  0.4	0.000	0.000	0.000
550	  S	  2.5	  0.3	0.000	0.000	0.000
551	  V	  9.9	  0.1	0.000	0.000	0.000
552	  Q	  9.8	  0.0	0.000	0.000	0.000
553	  L	  8.7	  0.6	0.000	0.000	0.000
554	  P	  0.1	  1.5	0.000	0.000	0.000
555	  G	  0.0	  1.6	0.000	0.000	0.000
556	  N	  0.1	  1.6	0.000	0.000	0.000
557	  S	  0.2	  1.0	0.000	0.000	0.000
558	  E	  0.3	  0.1	0.000	0.000	0.000
559	  I	  0.2	  0.4	0.000	0.000	0.000
560	  P	  0.1	  0.4	0.000	0.000	0.000
561	  N	  0.5	  0.4	0.000	0.000	0.000
562	  L	  0.9	  0.4	0.000	0.000	0.000
563	  Y	  6.1	  0.0	0.000	0.000	0.000
564	  N	  6.8	  0.0	1.044	0.000	0.000
565	  V	  7.4	  0.1	1.044	0.000	0.000
566	  Q	  2.4	  0.1	1.044	0.000	0.000
567	  D	  1.2	  0.1	1.044	0.000	0.000
568	  I	  1.5	  0.1	1.044	0.000	0.000
569	  L	  1.5	  0.2	1.044	0.000	0.000
570	  S	  1.4	  0.9	0.842	0.000	0.000
571	  D	  0.1	  0.9	0.372	0.000	0.000
572	  S	  0.3	  0.9	0.000	0.000	0.000
573	  A	  0.4	  0.7	0.000	0.000	0.000
574	  F	  0.7	  0.3	0.000	0.000	0.000
575	  D	  0.5	  0.3	0.000	0.000	0.000
576	  D	  1.1	  0.3	0.000	0.000	0.000
577	  F	  1.0	  0.2	0.000	0.000	0.000
578	  I	  0.9	  0.1	0.000	0.000	0.000
579	  P	  0.1	  0.1	0.000	0.000	0.000
580	  T	  2.8	  0.1	0.000	0.000	0.000
581	  L	  3.1	  0.2	0.000	0.000	0.000
582	  T	  3.1	  0.2	0.000	0.000	0.000
583	  D	  0.3	  0.3	0.000	0.000	0.000
584	  N	  0.5	  0.3	0.000	0.000	0.000
585	  T	  0.9	  0.5	0.000	0.000	0.000
586	  K	  0.9	  0.4	0.000	0.000	0.000
587	  D	  0.5	  3.3	0.000	0.000	0.000
588	  Q	  0.2	  3.3	0.000	0.000	0.000
589	  N	  0.2	  3.0	0.000	0.000	0.000
590	  N	  0.1	  3.0	0.000	0.000	0.000
591	  I	  0.1	  0.0	0.000	0.000	0.000
