res	aa	Beta	Turn	Helix	Aggregation	Conc-Stab_Aggregation
01	  M	  0.4	  0.4	0.000	0.000	0.000
02	  K	  0.5	  0.5	0.204	0.000	0.000
03	  S	  0.5	  0.5	0.538	0.210	0.210
04	  G	  0.1	  0.5	1.154	3.221	3.221
05	  L	  0.8	  0.2	1.276	82.233	82.233
06	  L	  0.9	  0.1	1.276	94.929	94.929
07	  L	  1.2	  0.0	1.276	95.087	95.087
08	  A	  1.4	  0.0	1.276	95.102	95.102
09	  V	 15.1	  0.0	1.276	95.083	95.083
10	  I	 15.1	  0.0	1.276	88.943	88.943
11	  L	 14.2	  0.0	1.276	6.541	6.541
12	  P	  0.3	  0.0	0.166	3.497	3.497
13	  V	  1.5	  0.0	0.166	5.979	5.979
14	  A	  1.7	  0.0	0.166	5.979	5.979
15	  F	  2.8	  0.0	0.166	5.979	5.979
16	  A	  2.0	  0.0	0.166	5.979	5.979
17	  V	  2.5	  0.0	0.166	5.979	5.979
18	  K	  1.3	  0.4	0.166	0.000	0.000
19	  K	  0.7	  0.4	0.000	0.000	0.000
20	  D	  0.2	  0.5	0.000	0.000	0.000
21	  Q	  0.2	  0.6	0.000	0.000	0.000
22	  Q	  0.7	  0.3	0.000	0.000	0.000
23	  S	  8.6	  0.7	0.000	0.000	0.000
24	  C	  9.0	  0.6	0.000	0.000	0.000
25	  N	  8.5	  2.0	0.000	0.000	0.000
26	  S	  1.1	  2.0	0.000	0.000	0.000
27	  S	  1.7	  1.6	0.000	0.000	0.000
28	  C	  5.0	  1.5	0.129	0.000	0.000
29	  V	 18.6	  0.0	0.129	0.000	0.000
30	  K	 18.2	  0.0	0.129	0.000	0.000
31	  V	 17.1	  0.0	0.129	0.000	0.000
32	  L	  3.0	  0.0	0.129	0.000	0.000
33	  Q	  2.3	  0.1	0.129	0.000	0.000
34	  K	  0.5	  0.1	0.129	0.000	0.000
35	  Q	  0.6	  0.1	0.000	0.000	0.000
36	  Q	  0.4	  0.3	0.000	0.000	0.000
37	  E	  0.7	  0.2	0.000	0.000	0.000
38	  S	  0.8	  0.2	0.000	0.000	0.000
39	  C	  0.7	  2.8	0.000	0.000	0.000
40	  P	  0.4	  3.0	0.000	0.000	0.000
41	  S	  0.2	  4.0	0.000	0.000	0.000
42	  G	  0.2	  4.4	0.000	0.000	0.000
43	  S	  0.2	  1.8	0.141	0.000	0.000
44	  D	  0.0	  8.7	0.306	0.000	0.000
45	  A	  0.0	  7.7	0.306	0.000	0.000
46	  D	  0.1	  7.3	0.453	0.000	0.000
47	  C	  1.2	  7.3	0.583	0.000	0.000
48	  L	  1.3	  0.0	0.583	0.000	0.000
49	  C	  1.7	  0.1	0.583	0.000	0.000
50	  K	  1.0	  0.1	0.583	0.000	0.000
51	  L	  0.9	  0.3	0.277	0.000	0.000
52	  S	  0.5	  1.0	0.131	0.000	0.000
53	  D	  0.1	  2.9	0.000	0.000	0.000
54	  S	  0.1	  2.9	0.000	0.000	0.000
55	  D	  0.8	  2.6	0.000	0.000	0.000
56	  Y	  4.7	  1.9	0.000	0.000	0.000
57	  W	  5.1	  0.0	0.000	0.000	0.000
58	  E	  4.3	  0.0	0.000	0.000	0.000
59	  P	  0.4	  0.0	0.000	0.000	0.000
60	  L	  0.2	  0.1	0.000	0.000	0.000
61	  T	  0.6	  0.1	0.108	0.000	0.000
62	  D	  0.8	  1.6	0.108	0.000	0.000
63	  C	  1.3	  1.6	0.108	0.000	0.000
64	  D	  1.7	  1.5	0.108	0.000	0.000
65	  C	  6.9	  1.5	0.108	0.000	0.000
66	  I	  6.4	  0.0	0.108	0.000	0.000
67	  N	  5.7	  8.5	0.449	0.000	0.000
68	  P	  0.2	  8.6	0.342	0.000	0.000
69	  D	  0.0	  8.6	0.577	0.000	0.000
70	  K	  0.1	  8.7	0.577	0.000	0.000
71	  K	  0.5	  0.1	0.577	0.000	0.000
72	  L	  1.0	  0.1	0.577	0.000	0.000
73	  S	  3.5	  0.9	0.892	0.000	0.000
74	  A	  3.2	  0.9	0.740	0.000	0.000
75	  S	  2.7	  0.9	0.854	0.000	0.000
76	  E	  6.0	  0.9	0.744	0.000	0.000
77	  I	 12.7	  0.0	0.744	0.000	0.000
78	  K	 13.9	  0.0	0.744	0.000	0.000
79	  V	 11.6	  0.0	0.441	0.000	0.000
80	  Q	  5.1	  0.0	0.441	0.000	0.000
81	  I	  4.5	  0.0	0.000	0.000	0.000
82	  C	  2.1	  0.0	0.000	0.000	0.000
83	  G	  1.6	  0.0	0.000	0.000	0.000
84	  A	  0.9	  0.4	0.000	0.000	0.000
85	  P	  0.0	  0.6	0.000	0.000	0.000
86	  S	  0.9	  1.4	0.000	0.000	0.000
87	  S	  1.8	  2.1	0.000	0.000	0.000
88	  S	  2.3	  1.7	0.000	0.000	0.000
89	  S	  1.5	  1.5	0.000	0.000	0.000
90	  T	  0.6	  0.9	0.000	0.000	0.000
91	  P	  0.1	  0.3	0.000	0.000	0.000
92	  T	  1.3	  0.4	0.000	0.000	0.000
93	  S	  1.6	  0.5	0.000	0.000	0.000
94	  S	  1.8	  0.3	0.000	0.000	0.000
95	  T	  0.6	  0.3	0.000	0.000	0.000
96	  E	  0.4	  0.2	0.000	0.000	0.000
97	  T	  3.1	  0.1	0.000	0.000	0.000
98	  T	  4.4	  0.2	0.000	0.000	0.000
99	  S	  4.5	  0.3	0.000	0.000	0.000
100	  S	  1.9	  0.3	0.000	0.000	0.000
101	  T	  0.6	  0.3	0.000	0.000	0.000
102	  E	  0.3	  0.2	0.000	0.000	0.000
103	  A	  0.1	  0.1	0.000	0.000	0.000
104	  E	  0.2	  0.1	0.000	0.000	0.000
105	  T	  0.5	  0.1	0.000	0.000	0.000
106	  T	  0.5	  0.1	0.000	0.000	0.000
107	  E	  0.4	  0.1	0.000	0.000	0.000
108	  A	  0.1	  0.1	0.000	0.000	0.000
109	  E	  0.2	  0.1	0.000	0.000	0.000
110	  T	  0.5	  0.1	0.000	0.000	0.000
111	  T	  0.7	  0.1	0.000	0.000	0.000
112	  E	  0.6	  0.0	0.000	0.000	0.000
113	  Q	  0.3	  0.3	0.000	0.000	0.000
114	  P	  0.0	  0.5	0.000	0.000	0.000
115	  S	  0.9	  1.1	0.000	0.000	0.000
116	  S	  1.2	  1.2	0.000	0.000	0.000
117	  S	  3.1	  1.1	0.000	0.000	0.000
118	  T	  3.6	  1.2	0.000	0.000	0.000
119	  S	  3.3	  1.8	0.122	0.000	0.000
120	  S	  1.4	  1.7	0.122	0.000	0.000
121	  N	  0.3	  1.5	0.122	0.000	0.000
122	  T	  0.5	  1.5	0.122	0.000	0.000
123	  E	  0.5	  0.3	0.122	0.000	0.000
124	  S	  0.4	  0.3	0.122	0.000	0.000
125	  S	  0.8	  0.4	0.000	0.000	0.000
126	  K	  1.6	  0.2	0.000	0.000	0.000
127	  T	  2.5	  0.2	0.000	0.000	0.000
128	  T	  4.6	  0.1	0.000	0.000	0.000
129	  I	  4.4	  0.0	0.000	0.000	0.000
130	  L	  3.4	  0.0	0.000	0.000	0.000
131	  E	  0.8	  0.0	0.000	0.000	0.000
132	  T	  0.1	  0.4	0.000	0.000	0.000
133	  P	  0.0	  0.4	0.000	0.000	0.000
134	  S	  0.4	  0.4	0.258	0.000	0.000
135	  I	  0.5	  0.4	0.258	0.000	0.000
136	  Q	  0.6	  0.1	0.258	0.000	0.000
137	  E	  1.1	  0.1	0.258	0.000	0.000
138	  L	  1.2	  0.1	0.258	0.000	0.000
139	  N	  1.2	  0.3	0.258	0.000	0.000
140	  A	  0.4	  0.3	0.111	0.000	0.000
141	  E	  0.2	  0.3	0.111	0.000	0.000
142	  S	  0.8	  0.3	0.000	0.000	0.000
143	  T	  3.4	  0.2	0.000	0.169	0.169
144	  T	  4.1	  0.1	0.000	0.169	0.169
145	  S	  4.6	  0.1	0.000	0.169	0.169
146	  V	  8.6	  0.0	0.000	0.169	0.169
147	  I	  8.5	  0.0	0.000	0.169	0.169
148	  T	  7.4	  0.1	0.000	0.000	0.000
149	  P	  0.7	  0.1	0.000	0.000	0.000
150	  L	  0.0	  0.1	0.000	0.000	0.000
151	  T	  0.3	  0.3	0.313	0.000	0.000
152	  E	  0.3	  0.2	0.313	0.000	0.000
153	  S	  0.6	  0.2	0.849	0.493	0.493
154	  A	  0.7	  0.2	0.849	4.432	4.432
155	  V	  1.8	  0.0	0.849	9.483	9.483
156	  A	  1.7	  0.0	0.849	9.483	9.483
157	  A	  1.7	  0.0	0.849	9.483	9.483
158	  V	  1.3	  0.1	0.849	9.483	9.483
159	  A	  1.1	  0.1	0.849	7.084	7.084
160	  N	  0.9	  0.7	0.474	0.000	0.000
161	  T	  0.5	  0.7	0.000	0.000	0.000
162	  D	  0.6	  1.0	0.000	0.000	0.000
163	  T	  1.3	  1.0	0.000	0.000	0.000
164	  S	  1.1	  0.5	0.000	0.000	0.000
165	  T	  1.5	  0.4	0.000	0.000	0.000
166	  L	  1.0	  0.1	0.000	0.000	0.000
167	  I	  1.3	  0.0	0.000	0.000	0.000
168	  E	  0.7	  0.2	0.000	0.000	0.000
169	  P	  0.4	  0.3	0.000	0.000	0.000
170	  Q	  0.2	  0.3	0.000	0.000	0.000
171	  N	  0.4	  0.4	0.000	0.000	0.000
172	  T	  0.5	  0.2	0.000	0.000	0.000
173	  E	  0.6	  0.1	0.000	0.000	0.000
174	  A	  0.4	  0.1	0.000	0.000	0.000
175	  T	  0.4	  0.2	0.000	0.000	0.000
176	  P	  0.0	  0.2	0.000	0.000	0.000
177	  E	  3.9	  0.2	0.000	0.000	0.000
178	  V	  4.3	  0.2	0.000	0.000	0.000
179	  A	  4.3	  0.0	0.000	0.000	0.000
180	  P	  0.5	  0.0	0.000	0.000	0.000
181	  L	  0.2	  0.0	0.000	0.000	0.000
182	  I	  0.3	  0.0	0.000	0.000	0.000
183	  Q	  0.3	  0.2	0.000	0.000	0.000
184	  P	  0.1	  0.2	0.000	0.000	0.000
185	  Q	  0.8	  0.3	0.000	0.000	0.000
186	  L	  1.0	  0.5	0.000	0.000	0.000
187	  N	  1.0	  0.8	0.000	0.000	0.000
188	  N	  0.1	  1.3	0.000	0.000	0.000
189	  G	  0.0	  1.6	0.129	0.000	0.000
190	  S	  0.0	  1.5	0.129	0.000	0.000
191	  D	  0.0	  1.0	0.233	0.000	0.000
192	  L	  0.0	  0.4	0.233	0.000	0.000
193	  A	  0.2	  0.0	0.233	0.000	0.000
194	  Q	  0.6	  0.0	0.233	0.000	0.000
195	  V	  9.3	  0.0	0.104	0.216	0.216
196	  S	 10.4	  0.0	0.658	0.216	0.216
197	  V	 11.0	  0.0	0.554	0.216	0.216
198	  Q	  2.8	  0.0	0.554	0.216	0.216
199	  A	  1.6	  0.0	0.554	0.216	0.216
200	  F	  1.4	  0.9	0.554	0.216	0.216
201	  E	  1.0	  2.5	0.554	0.000	0.000
202	  N	  0.9	  2.8	0.447	0.000	0.000
203	  G	  0.0	  3.5	0.139	0.000	0.000
204	  A	  0.0	  2.7	0.000	0.000	0.000
205	  G	  0.1	  1.1	0.000	0.000	0.000
206	  R	  0.1	  0.8	0.000	0.000	0.000
207	  A	  0.3	  0.2	0.000	1.826	1.826
208	  A	  1.2	  0.0	0.000	3.808	3.808
209	  V	  2.1	  0.0	0.000	4.928	4.928
210	  I	  2.0	  1.4	0.000	5.010	5.010
211	  G	  1.0	  1.8	1.928	5.010	5.010
212	  S	  0.3	  2.6	2.864	4.942	4.942
213	  G	  0.2	  2.7	4.869	5.642	5.642
214	  S	  0.4	  1.3	12.287	13.625	13.625
215	  L	  0.3	  0.9	12.636	76.270	76.270
216	  L	  0.6	  0.0	12.776	86.080	86.080
217	  A	  0.7	  0.0	12.776	86.697	86.697
218	  L	  1.2	  0.0	12.776	87.404	87.404
219	  L	  1.4	  0.2	12.639	87.249	87.249
220	  L	  2.7	  0.2	12.247	79.963	79.963
221	  N	  3.4	  0.2	10.325	31.644	31.644
222	  F	  3.0	  0.2	3.918	30.734	30.734
223	  I	  1.5	  0.0	0.000	0.000	0.000
