res	aa	Beta	Turn	Helix	Aggregation	Conc-Stab_Aggregation
01	  M	  0.8	  0.0	0.000	0.000	0.000
02	  S	  1.1	  0.2	0.000	0.000	0.000
03	  A	  1.2	  0.2	0.000	0.000	0.000
04	  H	  0.7	  0.3	0.000	0.000	0.000
05	  A	  0.5	  0.3	0.000	0.000	0.000
06	  T	  3.3	  0.2	0.000	0.000	0.000
07	  T	  5.4	  0.2	0.000	0.000	0.000
08	  S	  5.3	  0.1	0.000	0.000	0.000
09	  S	  2.5	  0.2	0.000	0.000	0.000
10	  P	  0.0	  0.2	0.000	0.000	0.000
11	  L	  0.3	  0.4	0.000	0.000	0.000
12	  S	  0.9	  0.4	0.000	0.000	0.000
13	  S	  3.5	  0.2	0.000	0.000	0.000
14	  C	  5.9	  0.3	0.000	0.000	0.000
15	  I	  6.4	  0.2	0.000	0.000	0.000
16	  D	  5.4	  0.1	0.000	0.000	0.000
17	  T	 11.2	  0.1	0.000	0.000	0.000
18	  Y	 12.4	  0.1	0.000	0.000	0.000
19	  C	 12.5	  0.0	0.000	0.000	0.000
20	  A	  4.2	  0.0	0.000	0.000	0.000
21	  V	  1.7	  0.0	0.000	0.000	0.000
22	  P	  0.0	  0.0	0.000	0.000	0.000
23	  P	  0.0	  0.0	0.000	0.000	0.000
24	  L	  0.0	  0.0	0.000	0.000	0.000
25	  P	  0.0	  0.0	0.000	0.000	0.000
26	  T	  0.0	  0.0	0.000	0.000	0.000
27	  P	  0.0	  0.0	0.000	0.000	0.000
28	  N	  0.0	  2.1	0.105	0.000	0.000
29	  P	  0.0	  2.2	0.105	0.000	0.000
30	  G	  0.0	  2.2	0.105	1.073	1.073
31	  T	  5.1	  2.2	0.264	13.666	13.666
32	  L	  6.7	  0.1	0.264	33.170	33.170
33	  S	  7.2	  0.0	0.264	33.608	33.608
34	  W	  3.2	  0.0	0.264	35.203	35.203
35	  I	  8.8	  0.0	0.159	35.203	35.203
36	  V	  8.6	  0.0	0.159	34.282	34.282
37	  F	  7.8	  0.0	0.159	6.151	6.151
38	  P	  0.3	  0.0	0.000	3.609	3.609
39	  A	  0.1	  0.2	0.000	0.000	0.000
40	  A	  1.0	  0.2	0.000	0.000	0.000
41	  S	  1.1	  0.2	0.000	0.000	0.000
42	  L	  1.0	  0.4	0.000	0.000	0.000
43	  P	  0.1	  0.2	0.000	0.000	0.000
44	  T	  0.2	  0.3	0.000	0.000	0.000
45	  R	  0.2	  0.4	0.000	0.000	0.000
46	  E	  0.3	  0.2	0.000	0.000	0.000
47	  T	  0.3	  0.2	0.000	0.000	0.000
48	  N	  0.6	  0.2	0.000	0.000	0.000
49	  L	  1.2	  0.0	0.000	0.000	0.000
50	  V	  2.3	  0.1	0.000	0.000	0.000
51	  S	  2.2	  0.1	0.000	0.000	0.000
52	  S	  1.8	  0.2	0.000	0.000	0.000
53	  Q	  1.9	  0.2	0.000	0.000	0.000
54	  T	  2.6	  0.2	0.132	0.000	0.000
55	  Y	  2.3	  0.2	0.614	0.000	0.000
56	  P	  0.8	  0.1	1.922	0.586	0.586
57	  L	  0.3	  0.1	2.136	49.235	49.235
58	  A	  0.3	  0.1	2.883	56.557	56.557
59	  L	  0.7	  0.0	2.883	56.896	56.896
60	  A	  0.9	  0.0	2.883	56.896	56.896
61	  I	  3.3	  0.0	2.883	56.896	56.896
62	  L	  3.0	  0.0	2.883	49.853	49.853
63	  Y	  2.5	  0.0	2.700	2.263	2.263
64	  P	  0.1	  0.0	0.000	1.017	1.017
65	  T	  0.0	  0.0	0.000	0.000	0.000
66	  P	  0.0	  0.0	0.000	0.000	0.000
67	  P	  0.0	  0.0	0.000	0.000	0.000
68	  I	  2.0	  0.0	0.000	0.000	0.000
69	  E	  2.1	  0.0	0.000	0.000	0.000
70	  F	  2.8	  0.0	0.000	0.151	0.151
71	  V	 27.2	  0.0	0.000	0.151	0.151
72	  T	 27.6	  0.0	0.000	0.151	0.151
73	  V	 27.0	  0.0	0.000	0.151	0.151
74	  P	  0.6	  0.0	0.000	0.151	0.151
75	  I	  0.6	  0.0	0.000	0.000	0.000
76	  F	  2.8	  0.0	0.000	0.000	0.000
77	  E	  2.8	  0.0	0.000	0.000	0.000
78	  S	  2.2	  0.0	0.348	0.000	0.000
79	  P	  0.0	  0.0	0.348	1.468	1.468
80	  I	  3.3	  0.0	0.348	1.609	1.609
81	  L	  5.2	  0.0	0.348	1.609	1.609
82	  V	  5.7	  0.0	0.348	1.609	1.609
83	  L	  2.6	  0.1	0.348	1.609	1.609
84	  G	  0.6	  0.7	0.167	0.140	0.140
85	  P	  0.0	  0.7	0.000	0.113	0.113
86	  S	  0.6	  0.7	0.000	10.610	10.610
87	  F	  1.5	  0.6	0.000	21.650	21.650
88	  A	  2.1	  0.0	0.000	21.650	21.650
89	  I	  4.5	  0.0	0.000	21.650	21.650
90	  V	  4.9	  0.1	0.000	21.650	21.650
91	  S	  4.3	  0.1	0.000	12.337	12.337
92	  S	  2.1	  0.3	0.000	1.959	1.959
93	  A	  0.9	  0.3	0.000	0.659	0.659
94	  T	  0.9	  0.2	0.000	0.248	0.248
95	  D	  0.1	  0.8	0.000	0.000	0.000
96	  P	  0.0	  0.6	0.000	0.000	0.000
97	  T	  2.7	  0.6	0.000	0.000	0.000
98	  T	  4.1	  0.7	0.000	0.000	0.000
99	  K	  4.3	  0.3	0.000	0.000	0.000
100	  T	  1.7	  0.3	0.000	0.000	0.000
101	  D	  0.2	  1.2	0.000	0.000	0.000
102	  A	  0.5	  1.1	0.000	0.000	0.000
103	  S	  4.6	  1.0	0.000	0.000	0.000
104	  L	  4.5	  1.0	0.000	0.000	0.000
105	  S	  4.1	  0.0	0.000	0.000	0.000
