res	aa	Beta	Turn	Helix	Aggregation	Conc-Stab_Aggregation
01	  M	  0.3	  0.1	0.000	0.000	0.000
02	  R	  2.1	  0.1	0.000	0.000	0.000
03	  Q	  5.6	  0.1	0.000	0.365	0.365
04	  F	  8.8	  0.1	0.000	16.024	16.024
05	  Q	  7.5	  0.0	0.000	18.902	18.902
06	  I	  9.3	  0.0	0.000	92.831	92.831
07	  I	  7.5	  0.0	0.000	99.257	99.257
08	  L	  7.4	  0.0	0.000	99.815	99.815
09	  I	  5.4	  0.0	0.000	99.910	99.910
10	  S	  3.8	  0.0	0.193	99.900	99.900
11	  L	  4.9	  0.0	0.193	99.949	99.949
12	  V	  5.8	  0.0	0.193	99.895	99.895
13	  V	  8.6	  0.0	0.193	99.118	99.118
14	  S	  7.5	  0.0	0.193	89.699	89.699
15	  I	  7.2	  0.0	0.193	88.519	88.519
16	  I	  7.6	  0.0	0.193	82.791	82.791
17	  R	  8.0	  0.0	0.193	5.719	5.719
18	  C	  6.6	  0.0	0.084	5.719	5.719
19	  V	  6.8	  0.0	0.000	5.719	5.719
20	  V	  6.3	  0.1	0.000	5.716	5.716
21	  A	  4.4	  0.1	0.000	5.667	5.667
22	  D	  1.2	  0.4	0.000	5.625	5.625
23	  V	  5.0	  0.4	0.000	5.181	5.181
24	  D	  6.2	  0.2	0.000	0.000	0.000
25	  I	  9.8	  0.2	0.000	0.000	0.000
26	  T	  5.7	  0.0	0.000	0.000	0.000
27	  S	  4.3	  0.3	0.000	0.000	0.000
28	  P	  0.1	  0.6	0.000	0.000	0.000
29	  K	  0.1	  0.7	0.000	0.000	0.000
30	  S	  0.1	  1.2	0.000	0.000	0.000
31	  G	  0.1	  1.0	0.000	0.000	0.000
32	  E	  0.2	  0.7	0.000	0.000	0.000
33	  T	 30.2	  0.6	0.000	0.000	0.000
34	  F	 31.1	  0.4	0.000	0.000	0.000
35	  S	 31.1	  1.2	0.000	0.000	0.000
36	  G	  1.7	  1.5	0.000	0.000	0.000
37	  S	  0.3	  1.9	0.000	0.000	0.000
38	  S	  0.3	  2.2	0.000	0.000	0.000
39	  G	  0.4	  1.4	0.000	0.000	0.000
40	  S	  3.0	  1.7	0.000	0.000	0.000
41	  A	  3.1	  1.3	0.000	0.000	0.000
42	  S	  3.6	  0.7	0.000	0.000	0.000
43	  I	  5.4	  0.7	0.000	0.000	0.000
44	  K	  9.3	  0.0	0.000	0.000	0.000
45	  I	 20.2	  0.0	0.000	0.000	0.000
46	  T	 20.2	  0.1	0.000	0.000	0.000
47	  W	 15.8	  0.2	0.000	0.000	0.000
48	  D	  4.5	  1.3	0.000	0.000	0.000
49	  D	  0.1	  5.0	0.000	0.000	0.000
50	  S	  0.0	  6.0	0.000	0.000	0.000
51	  D	  0.0	  7.2	0.000	0.000	0.000
52	  D	  0.0	  9.5	0.000	0.000	0.000
53	  S	  0.1	  5.8	0.000	0.000	0.000
54	  D	  0.1	  4.7	0.000	0.000	0.000
55	  S	  0.1	  3.6	0.000	0.000	0.000
56	  P	  0.0	  0.4	0.000	0.000	0.000
57	  K	  0.2	  0.5	0.000	0.000	0.000
58	  S	  2.5	  1.5	0.147	0.000	0.000
59	  L	  2.6	  1.4	0.147	0.000	0.000
60	  D	  2.4	  1.2	0.387	0.000	0.000
61	  N	  0.1	  1.6	0.387	0.000	0.000
62	  A	  0.1	  0.8	0.387	0.000	0.000
63	  K	  0.1	  0.7	0.387	0.000	0.000
64	  G	  0.1	  0.7	0.240	0.000	0.000
65	  Y	  8.4	  0.3	0.240	0.555	0.555
66	  T	 20.5	  0.0	0.000	0.555	0.555
67	  I	 23.3	  0.0	0.000	0.555	0.555
68	  S	 16.3	  0.0	0.000	0.555	0.555
69	  L	  4.2	  0.0	0.000	0.555	0.555
70	  C	  1.0	  0.0	0.000	0.000	0.000
71	  T	  0.5	  0.2	0.000	0.000	0.000
72	  G	  0.3	  0.5	0.000	0.000	0.000
73	  P	  0.0	  0.6	0.000	0.000	0.000
74	  T	  0.1	  1.6	0.000	0.000	0.000
75	  S	  0.1	  1.9	0.000	0.000	0.000
76	  D	  0.1	  1.7	0.000	0.000	0.000
77	  G	  0.0	  1.7	0.000	0.000	0.000
78	  D	  0.3	  0.6	0.000	0.000	0.000
79	  I	  1.0	  0.2	0.000	0.000	0.000
80	  Q	  1.5	  0.0	0.000	0.000	0.000
81	  C	  3.9	  0.0	0.000	0.000	0.000
82	  L	  3.3	  0.0	0.000	0.000	0.000
83	  D	  2.8	  0.2	0.749	0.000	0.000
84	  P	  0.1	  0.2	0.749	0.000	0.000
85	  L	  0.6	  0.2	0.749	0.000	0.000
86	  V	  2.3	  0.3	0.749	0.000	0.000
87	  K	  2.4	  0.1	0.749	0.000	0.000
88	  N	  1.8	  0.1	1.111	0.000	0.000
89	  E	  0.1	  0.1	0.620	0.000	0.000
90	  A	  0.4	  0.0	0.362	0.000	0.000
91	  I	  1.6	  0.3	0.362	0.000	0.000
92	  S	  1.6	  0.5	0.362	0.000	0.000
93	  G	  1.3	  0.7	0.362	0.000	0.000
94	  K	  0.4	  0.7	0.240	0.000	0.000
95	  S	  0.9	  0.5	0.000	0.000	0.000
96	  K	  1.5	  0.3	0.000	0.000	0.000
97	  T	 18.8	  0.1	0.000	0.243	0.243
98	  V	 21.2	  0.1	0.000	0.243	0.243
99	  S	 20.8	  0.0	0.000	0.243	0.243
100	  I	  4.6	  0.0	0.000	0.243	0.243
101	  A	  1.0	  0.1	0.000	0.243	0.243
102	  Q	  0.9	  0.2	0.000	0.000	0.000
103	  N	  0.6	  0.2	0.000	0.000	0.000
104	  S	  0.7	  0.2	0.000	0.000	0.000
105	  V	  0.6	  1.3	0.000	0.000	0.000
106	  P	  0.2	  2.3	0.000	0.003	0.003
107	  N	  0.0	  2.3	0.000	0.241	0.241
108	  G	  0.1	  2.3	0.000	6.162	6.162
109	  Y	  1.3	  1.0	0.000	71.676	71.676
110	  Y	  2.6	  0.0	0.000	90.096	90.096
111	  Y	  4.5	  0.0	0.000	95.264	95.264
112	  F	  6.7	  0.0	0.000	96.724	96.724
113	  Q	  6.4	  0.0	0.000	96.809	96.809
114	  I	  5.4	  0.0	0.000	99.262	99.262
115	  Y	  2.6	  0.0	0.000	99.200	99.200
116	  V	  9.1	  0.0	0.000	98.656	98.656
117	  T	 25.6	  0.0	0.000	91.950	91.950
118	  F	 26.5	  0.2	0.000	87.907	87.907
119	  T	 19.8	  0.3	0.000	34.035	34.035
120	  N	  1.8	  0.5	0.000	1.504	1.504
121	  G	  0.0	  0.7	0.000	0.189	0.189
122	  G	  0.0	  0.6	0.000	0.071	0.071
123	  T	  1.0	  0.4	0.000	0.062	0.062
124	  T	  4.3	  0.3	0.000	0.057	0.057
125	  I	  7.3	  0.0	0.000	0.054	0.054
126	  H	 12.2	  0.0	0.000	0.011	0.011
127	  Y	  9.3	  0.0	0.000	0.005	0.005
128	  S	  6.3	  0.3	0.464	0.000	0.000
129	  P	  0.3	  0.3	0.464	0.000	0.000
130	  R	  0.5	  0.3	0.464	0.000	0.000
131	  F	  1.8	  0.3	0.464	0.000	0.000
132	  K	  3.7	  0.0	0.464	0.000	0.000
133	  L	  3.4	  0.1	0.464	0.000	0.000
134	  T	  2.1	  0.1	0.254	0.000	0.000
135	  G	  0.2	  0.4	0.254	0.000	0.000
136	  M	  0.2	  0.4	0.110	0.000	0.000
137	  S	  0.2	  0.6	0.000	0.000	0.000
138	  G	  0.2	  1.0	0.000	0.000	0.000
139	  P	  0.0	  0.7	0.000	0.000	0.000
140	  T	  1.2	  0.9	0.000	0.000	0.000
141	  A	  1.6	  0.5	0.000	0.000	0.000
142	  T	  3.0	  0.1	0.000	0.000	0.000
143	  L	  3.9	  0.1	0.000	0.000	0.000
144	  D	  4.6	  0.0	0.000	0.000	0.000
145	  V	  3.9	  0.0	0.000	0.000	0.000
146	  T	  1.9	  0.3	0.000	0.000	0.000
147	  E	  0.8	  0.4	0.000	0.000	0.000
148	  T	  0.2	  0.6	0.000	0.000	0.000
149	  G	  0.2	  0.6	0.000	0.000	0.000
150	  S	  0.4	  0.2	0.000	0.000	0.000
151	  V	  0.2	  0.2	0.000	0.000	0.000
152	  P	  0.2	  0.4	0.000	0.000	0.000
153	  A	  0.0	  0.5	0.000	0.000	0.000
154	  D	  0.0	  0.5	0.122	0.000	0.000
155	  Q	  0.2	  0.9	0.122	0.000	0.000
156	  A	  0.3	  0.8	0.122	0.000	0.000
157	  S	  0.3	  0.7	0.122	0.000	0.000
158	  G	  0.2	  0.7	0.122	0.000	0.000
159	  F	  0.7	  0.4	0.122	0.000	0.000
160	  D	  0.7	  0.1	0.146	0.000	0.000
161	  T	  1.8	  0.1	0.146	0.000	0.000
162	  A	  1.4	  0.1	0.146	0.000	0.000
163	  T	  1.9	  0.0	0.247	0.000	0.000
164	  T	  1.0	  0.4	0.247	0.000	0.000
165	  A	  0.8	  0.5	0.247	0.000	0.000
166	  D	  0.3	  0.6	0.247	0.000	0.000
167	  S	  1.9	  1.3	0.101	0.000	0.000
168	  K	  2.2	  1.0	0.101	0.000	0.000
169	  S	  9.1	  0.9	0.000	0.000	0.000
170	  F	 21.4	  0.8	0.000	0.000	0.000
171	  T	 21.6	  0.0	0.000	0.000	0.000
172	  V	 15.2	  0.0	0.000	0.000	0.000
173	  P	  0.5	  0.0	0.000	0.000	0.000
174	  Y	  4.0	  0.0	0.000	0.000	0.000
175	  T	  6.6	  0.0	0.137	0.000	0.000
176	  L	  6.7	  0.2	0.137	0.000	0.000
177	  Q	  2.9	  0.3	0.137	0.000	0.000
178	  T	  0.2	  0.6	0.137	0.000	0.000
179	  G	  0.1	  0.7	0.137	0.000	0.000
180	  K	  0.4	  0.6	0.137	0.000	0.000
181	  T	  1.2	  0.4	0.000	0.000	0.000
182	  R	  1.9	  0.1	0.000	0.000	0.000
183	  Y	  1.8	  0.0	0.000	0.000	0.000
184	  A	  1.0	  0.0	0.000	0.000	0.000
185	  P	  0.2	  0.0	0.000	0.000	0.000
186	  M	  2.0	  0.0	0.000	0.000	0.000
187	  Q	  4.4	  0.0	0.000	0.000	0.000
188	  M	  4.6	  0.0	0.000	0.000	0.000
189	  Q	  2.6	  0.7	0.000	0.000	0.000
190	  P	  0.1	  0.8	0.000	0.000	0.000
191	  G	  0.0	  0.8	0.000	0.000	0.000
192	  T	  1.7	  0.8	0.000	0.000	0.000
193	  K	  6.8	  0.1	0.000	0.000	0.000
194	  V	  9.0	  0.0	0.000	0.261	0.261
195	  T	  8.2	  0.0	0.088	0.261	0.261
196	  A	  3.1	  0.0	0.088	0.261	0.261
197	  T	  3.3	  0.0	0.292	0.261	0.261
198	  T	 24.5	  0.0	0.678	0.261	0.261
199	  W	 25.8	  0.0	0.678	0.261	0.261
200	  S	 24.1	  0.0	0.678	0.000	0.000
201	  M	  3.9	  0.0	0.678	0.000	0.000
202	  K	  1.7	  0.0	0.678	0.000	0.000
203	  F	  1.3	  0.2	0.678	0.000	0.000
204	  P	  0.1	  0.3	0.000	0.000	0.000
205	  T	  0.3	  0.3	0.000	0.346	0.346
206	  S	  0.6	  0.3	0.394	1.088	1.088
207	  A	  0.9	  0.1	0.394	6.103	6.103
208	  V	  8.9	  0.0	0.394	6.565	6.565
209	  T	 14.7	  0.0	0.394	6.565	6.565
210	  Y	 16.3	  0.0	0.394	6.565	6.565
211	  Y	  8.9	  0.1	0.394	6.402	6.402
212	  S	  3.1	  0.1	0.000	0.852	0.852
213	  T	  1.4	  0.2	0.000	0.320	0.320
214	  K	  0.7	  0.4	0.000	0.000	0.000
215	  A	  0.5	  0.3	0.000	0.000	0.000
216	  G	  0.1	  0.3	0.000	0.000	0.000
217	  T	  0.0	  1.0	0.000	0.000	0.000
218	  P	  0.0	  0.8	0.000	0.000	0.000
219	  N	  0.3	  0.8	0.000	0.000	0.000
220	  V	  2.2	  0.8	0.000	0.563	0.563
221	  A	  2.3	  0.1	0.000	0.563	0.563
222	  S	  2.3	  0.1	0.000	0.563	0.563
223	  T	 18.4	  0.1	0.000	0.563	0.563
224	  I	 19.0	  0.0	0.000	0.563	0.563
225	  T	 18.6	  1.3	0.000	0.000	0.000
226	  P	  0.7	  1.3	0.000	0.000	0.000
227	  G	  0.0	  1.3	0.000	0.000	0.000
228	  W	  3.5	  1.3	0.000	0.000	0.000
229	  S	 10.7	  0.0	0.000	0.000	0.000
230	  Y	 15.5	  0.0	0.000	0.000	0.000
231	  T	 12.5	  0.0	0.562	0.000	0.000
232	  A	  5.3	  0.1	0.562	0.000	0.000
233	  E	  0.4	  0.1	0.562	0.000	0.000
234	  S	  0.3	  0.1	0.562	0.000	0.000
235	  A	  0.6	  0.2	0.562	0.000	0.000
236	  V	  3.4	  0.1	0.562	0.142	0.142
237	  N	  3.3	  0.1	0.704	0.142	0.142
238	  Y	  3.7	  0.3	0.381	0.142	0.142
239	  A	  1.3	  0.3	0.141	0.142	0.142
240	  S	  2.6	  0.3	0.141	0.142	0.142
241	  V	  2.3	  0.3	0.141	0.142	0.142
242	  A	  1.8	  0.0	0.141	0.000	0.000
243	  P	  0.5	  0.0	0.000	0.000	0.000
244	  Y	  0.0	  0.3	0.000	0.000	0.000
245	  P	  0.0	  0.3	0.000	0.000	0.000
246	  T	  5.7	  0.3	0.000	0.000	0.000
247	  Y	  7.2	  0.3	0.000	0.000	0.000
248	  W	  7.3	  0.0	0.000	0.000	0.000
249	  Y	  1.7	  0.0	0.000	0.000	0.000
250	  P	  0.1	  0.2	0.000	0.000	0.000
251	  A	  0.0	  0.2	0.000	0.000	0.000
252	  S	  0.1	  0.3	0.217	0.000	0.000
253	  E	  0.2	  0.3	0.217	0.000	0.000
254	  R	  1.4	  0.1	0.217	0.000	0.000
255	  V	  2.1	  0.1	0.217	0.000	0.000
256	  S	  2.1	  0.0	1.375	0.000	0.000
257	  K	  1.2	  0.0	1.375	0.000	0.000
258	  A	  1.1	  0.0	1.253	0.000	0.000
259	  T	 12.8	  0.0	1.158	0.000	0.000
260	  I	 13.6	  0.0	1.158	0.000	0.000
261	  S	 13.1	  0.0	9.790	0.000	0.000
262	  A	  1.5	  0.0	9.315	0.000	0.000
263	  A	  0.3	  0.0	9.211	0.000	0.000
264	  T	  1.4	  0.1	9.103	0.000	0.000
265	  K	  1.6	  0.1	9.103	0.000	0.000
266	  R	  1.7	  0.1	8.934	0.000	0.000
267	  R	  1.2	  0.1	3.527	0.000	0.000
268	  R	  1.3	  0.0	1.864	0.000	0.000
269	  W	  1.3	  0.0	0.932	0.000	0.000
270	  L	  0.6	  0.0	0.606	0.000	0.000
271	  D	  0.3	  0.0	0.000	0.000	0.000
