res	aa	Beta	Turn	Helix	Aggregation	Conc-Stab_Aggregation
01	  M	  1.0	  0.0	0.000	0.000	0.000
02	  K	  1.6	  0.0	0.000	0.000	0.000
03	  F	  2.4	  0.1	0.000	1.053	1.053
04	  S	  1.8	  0.1	0.442	1.177	1.177
05	  T	  4.9	  0.1	0.648	1.465	1.465
06	  V	  7.3	  0.1	0.648	1.465	1.465
07	  A	  7.1	  0.0	0.648	1.465	1.465
08	  L	  6.7	  0.0	0.648	1.309	1.309
09	  S	  3.6	  0.0	0.775	0.288	0.288
10	  L	  3.4	  0.0	0.563	0.000	0.000
11	  P	  0.1	  0.0	1.268	0.419	0.419
12	  L	  0.5	  0.0	1.268	38.175	38.175
13	  I	  3.3	  0.0	1.268	38.839	38.839
14	  A	  3.6	  0.0	1.268	38.839	38.839
15	  M	  3.4	  0.0	1.268	38.839	38.839
16	  V	  1.8	  0.0	1.268	38.839	38.839
17	  Q	  1.4	  0.2	1.268	4.737	4.737
18	  A	  1.2	  0.3	0.950	3.094	3.094
19	  G	  0.1	  0.3	0.802	1.700	1.700
20	  I	  1.2	  0.2	0.000	1.593	1.593
21	  S	  1.1	  0.1	0.000	0.154	0.154
22	  S	  1.1	  0.5	0.000	0.000	0.000
23	  P	  0.0	  0.5	0.000	0.000	0.000
24	  T	  6.7	  0.5	0.000	0.000	0.000
25	  Y	  9.1	  0.5	0.000	0.000	0.000
26	  Y	  9.3	  0.0	0.000	0.000	0.000
27	  K	  2.9	  0.2	0.000	0.000	0.000
28	  P	  0.2	  0.2	0.000	0.000	0.000
29	  E	  0.6	  0.2	0.000	0.000	0.000
30	  H	  0.8	  0.3	0.000	0.000	0.000
31	  T	  0.9	  0.2	0.000	0.000	0.000
32	  E	  0.3	  0.1	0.000	0.000	0.000
33	  E	  0.1	  0.1	0.000	0.000	0.000
34	  I	  0.2	  0.1	0.000	0.000	0.000
35	  G	  0.3	  0.0	0.102	0.000	0.000
36	  V	  0.8	  0.0	0.102	0.000	0.000
37	  E	  0.7	  0.0	0.102	0.000	0.000
38	  T	  5.0	  0.1	0.102	0.000	0.000
39	  V	  6.3	  0.1	0.102	0.000	0.000
40	  D	  7.5	  0.1	0.901	0.000	0.000
41	  Y	  7.0	  0.1	0.799	0.000	0.000
42	  E	  5.5	  0.0	0.799	0.000	0.000
43	  F	  4.8	  0.2	0.799	4.330	4.330
44	  A	  1.0	  0.2	0.799	4.330	4.330
45	  L	  0.7	  0.2	0.799	4.330	4.330
46	  G	  0.1	  0.2	0.915	4.330	4.330
47	  V	  0.5	  0.0	0.227	4.330	4.330
48	  R	  0.5	  0.1	0.227	0.000	0.000
49	  E	  0.7	  0.1	0.116	0.000	0.000
50	  K	  0.8	  0.2	0.116	0.000	0.000
51	  C	  0.8	  0.3	0.116	0.000	0.000
52	  D	  0.6	  3.2	0.791	0.000	0.000
53	  E	  0.1	  3.2	0.791	0.000	0.000
54	  D	  0.7	  3.1	1.013	0.000	0.000
55	  T	  3.2	  3.0	1.259	2.336	2.336
56	  I	  4.3	  0.0	1.259	9.511	9.511
57	  Y	  4.2	  0.0	1.259	9.511	9.511
58	  L	  1.9	  0.0	0.818	9.511	9.511
59	  A	  0.9	  0.0	0.818	9.511	9.511
60	  Y	  8.7	  0.0	0.818	8.997	8.997
61	  E	 12.7	  0.0	0.000	0.000	0.000
62	  V	 12.8	  0.3	0.000	0.000	0.000
63	  D	  5.1	  1.3	1.452	0.000	0.000
64	  D	  0.3	  1.3	1.651	0.000	0.000
65	  G	  0.0	  1.3	3.156	0.000	0.000
66	  Q	  1.3	  1.1	3.156	0.000	0.000
67	  L	  1.4	  0.1	3.156	0.000	0.000
68	  E	  1.6	  0.2	3.156	0.000	0.000
69	  R	  0.4	  0.3	3.156	0.000	0.000
70	  N	  0.3	  0.4	2.894	0.000	0.000
71	  D	  0.1	  0.4	0.725	0.000	0.000
72	  K	  0.2	  0.3	0.246	0.000	0.000
73	  K	  1.6	  0.3	0.246	0.000	0.000
74	  V	  4.0	  0.2	0.000	0.000	0.000
75	  D	  4.1	  1.6	0.000	0.000	0.000
76	  C	  4.0	  1.6	0.000	0.000	0.000
77	  N	  1.9	  1.5	0.000	0.000	0.000
78	  C	  2.0	  1.6	0.000	0.000	0.000
79	  K	  1.3	  0.2	0.000	0.000	0.000
80	  S	  0.9	  0.2	0.000	0.000	0.000
81	  E	  0.6	  0.2	0.000	0.000	0.000
82	  P	  0.0	  0.0	0.000	0.000	0.000
83	  V	  5.8	  0.0	0.000	0.000	0.000
84	  V	  6.1	  0.0	0.000	0.000	0.000
85	  Y	  6.1	  0.0	0.000	0.000	0.000
86	  P	  0.3	  0.0	0.000	0.000	0.000
87	  T	  0.0	  0.0	0.000	0.000	0.000
88	  P	  0.0	  0.0	0.000	0.000	0.000
89	  R	  0.0	  0.4	0.000	0.000	0.000
90	  P	  0.0	  0.5	0.000	0.000	0.000
91	  S	  0.6	  0.6	0.000	0.000	0.000
92	  K	  1.2	  0.6	0.000	0.000	0.000
93	  T	  6.7	  0.2	0.000	0.000	0.000
94	  Y	  7.1	  0.4	0.000	0.000	0.000
95	  W	  6.6	  0.4	0.000	0.000	0.000
96	  D	  1.2	  0.7	0.000	0.000	0.000
97	  G	  0.0	  1.7	0.000	0.000	0.000
98	  G	  0.0	  1.8	0.000	0.000	0.000
99	  D	  0.0	  4.4	0.000	0.000	0.000
100	  D	  0.0	  4.9	0.000	0.000	0.000
101	  N	  0.0	  3.9	0.000	0.000	0.000
102	  D	  0.0	  3.8	0.000	0.000	0.000
103	  E	  0.7	  1.1	0.000	0.000	0.000
104	  C	  0.7	  0.4	0.000	0.000	0.000
105	  D	  0.7	  5.1	0.000	0.000	0.000
106	  E	  0.1	  4.9	0.000	0.000	0.000
107	  D	  0.2	  5.8	0.163	0.000	0.000
108	  C	  0.2	  5.9	0.638	0.000	0.000
109	  D	  0.2	  1.3	3.534	0.000	0.000
110	  D	  0.1	  4.3	24.010	0.000	0.000
111	  E	  0.0	  3.4	24.623	0.000	0.000
112	  D	  0.1	  3.3	25.352	0.000	0.000
113	  K	  0.1	  3.3	25.352	0.000	0.000
114	  K	  0.1	  0.7	25.352	0.000	0.000
115	  K	  0.1	  0.7	25.101	0.000	0.000
116	  G	  0.0	  0.6	18.581	0.000	0.000
117	  H	  0.2	  0.6	9.927	0.000	0.000
118	  K	  0.4	  0.2	1.177	0.000	0.000
119	  Q	  2.2	  0.1	0.167	0.000	0.000
120	  Y	  2.9	  0.3	0.167	0.000	0.000
121	  K	  2.8	  0.3	0.000	0.000	0.000
122	  R	  1.0	  0.3	0.000	0.000	0.000
123	  G	  0.1	  0.3	0.000	0.000	0.000
124	  E	  2.2	  0.2	0.000	0.000	0.000
125	  V	  3.5	  0.0	0.000	0.000	0.000
126	  E	  3.5	  0.0	0.000	0.000	0.000
127	  E	  1.4	  0.0	0.000	0.000	0.000
128	  P	  0.0	  0.0	0.000	0.000	0.000
129	  C	  0.2	  0.2	0.000	0.000	0.000
130	  E	  0.3	  0.2	0.000	0.000	0.000
131	  T	  0.3	  0.7	0.000	0.000	0.000
132	  S	  0.2	  0.8	0.000	0.000	0.000
133	  D	  0.3	  1.1	0.000	0.000	0.000
134	  C	  0.6	  1.1	0.000	0.000	0.000
135	  D	  1.0	  0.6	0.745	0.000	0.000
136	  F	  2.0	  0.5	0.745	0.000	0.000
137	  C	  5.0	  0.0	0.745	0.000	0.000
138	  T	  8.4	  0.0	0.846	0.000	0.000
139	  I	  7.8	  0.0	0.846	0.000	0.000
140	  E	  4.6	  0.1	0.846	0.000	0.000
141	  K	  1.1	  0.1	0.558	0.000	0.000
142	  S	  3.3	  0.1	0.395	0.000	0.000
143	  F	  5.0	  0.1	0.223	0.000	0.000
144	  C	  5.1	  0.3	0.000	0.000	0.000
145	  Q	  2.6	  0.4	0.000	0.000	0.000
146	  D	  1.2	  0.4	0.000	0.000	0.000
147	  Q	  3.7	  0.4	0.000	0.000	0.000
148	  F	  8.1	  0.1	0.000	0.000	0.000
149	  T	  8.7	  0.0	0.000	0.000	0.000
150	  L	  5.8	  0.0	0.000	0.000	0.000
151	  C	  1.4	  0.7	0.457	0.000	0.000
152	  E	  0.2	  0.7	0.457	0.000	0.000
153	  G	  0.1	  0.7	0.457	0.000	0.000
154	  V	  1.1	  0.7	0.457	0.000	0.000
155	  L	  1.3	  0.2	0.457	0.000	0.000
156	  K	  1.3	  0.2	0.457	0.000	0.000
157	  D	  0.4	  0.4	0.457	0.000	0.000
158	  Q	  0.5	  0.4	0.127	0.000	0.000
159	  R	  0.6	  0.3	0.000	0.000	0.000
160	  S	  0.7	  0.2	0.000	0.000	0.000
161	  A	  0.6	  0.3	0.000	0.773	0.773
162	  I	  0.4	  0.5	0.000	2.942	2.942
163	  G	  0.2	  0.5	0.000	2.942	2.942
164	  S	  0.7	  0.5	0.000	2.942	2.942
165	  I	  5.2	  0.3	0.000	2.942	2.942
166	  V	  5.9	  0.1	0.000	2.942	2.942
167	  A	  5.3	  0.2	0.000	1.350	1.350
168	  N	  0.8	  0.2	0.000	0.000	0.000
169	  H	  1.1	  0.2	0.000	0.000	0.000
170	  Q	  4.7	  0.0	0.000	0.000	0.000
171	  F	 10.1	  0.0	0.000	0.000	0.000
172	  Q	 10.7	  0.0	0.000	0.000	0.000
173	  F	  7.6	  0.0	0.000	0.000	0.000
174	  D	  2.2	  0.0	0.000	0.000	0.000
175	  N	  0.5	  0.0	0.123	0.000	0.000
176	  P	  0.0	  0.0	0.123	0.000	0.000
177	  I	  0.2	  0.0	0.123	0.000	0.000
178	  Q	  0.3	  0.3	0.123	0.000	0.000
179	  K	  0.3	  0.3	0.123	0.000	0.000
180	  D	  0.1	  0.4	0.123	0.000	0.000
181	  A	  0.3	  0.4	0.000	1.915	1.915
182	  L	  0.5	  0.2	0.000	2.319	2.319
183	  H	  2.3	  0.3	0.000	2.485	2.485
184	  T	  2.5	  0.1	0.000	2.996	2.996
185	  C	  2.3	  0.1	0.000	3.844	3.844
186	  G	  0.5	  0.1	0.000	4.788	4.788
187	  W	  2.0	  0.0	0.000	4.788	4.788
188	  S	  2.5	  0.0	0.173	4.788	4.788
189	  I	  5.2	  0.0	0.173	4.788	4.788
190	  V	  4.4	  0.0	0.173	4.788	4.788
191	  E	  4.0	  0.3	0.173	0.000	0.000
192	  K	  1.3	  0.3	0.173	0.000	0.000
193	  D	  0.6	  0.3	0.309	0.000	0.000
194	  C	  4.0	  0.3	0.416	0.000	0.000
195	  V	 10.7	  0.0	0.416	0.000	0.000
196	  K	 10.6	  0.0	0.416	0.000	0.000
197	  L	  7.3	  0.0	0.416	0.000	0.000
198	  L	  0.7	  0.0	0.416	0.000	0.000
199	  A	  0.6	  0.3	0.416	0.000	0.000
200	  L	  0.4	  0.7	0.416	0.000	0.000
201	  D	  0.2	  1.5	0.101	0.000	0.000
202	  G	  0.2	  1.5	0.000	0.000	0.000
203	  C	  0.8	  1.3	0.000	0.000	0.000
204	  T	  1.2	  0.9	0.000	0.000	0.000
205	  D	  1.8	  0.2	0.000	0.000	0.000
206	  F	  2.7	  0.2	0.000	0.000	0.000
207	  W	  8.8	  0.0	0.000	0.000	0.000
208	  E	  8.1	  0.0	0.000	0.000	0.000
209	  C	  6.6	  0.0	0.000	0.000	0.000
210	  P	  0.1	  0.0	0.000	0.000	0.000
211	  V	  0.3	  0.1	0.000	0.000	0.000
212	  D	  0.3	  0.2	0.000	0.000	0.000
213	  D	  0.5	  0.9	1.118	0.000	0.000
214	  C	  0.3	  1.0	1.274	0.000	0.000
215	  D	  1.8	  0.8	1.686	0.000	0.000
216	  T	 15.0	  0.8	1.686	0.000	0.000
217	  Y	 16.0	  0.1	1.686	0.000	0.000
218	  K	 14.7	  0.0	1.686	0.000	0.000
219	  L	  2.0	  0.1	1.326	0.000	0.000
220	  Y	  1.2	  0.1	1.162	0.000	0.000
221	  D	  1.0	  0.7	0.272	0.000	0.000
222	  S	  0.9	  0.7	0.000	0.000	0.000
223	  S	  3.0	  1.1	0.453	0.000	0.000
224	  I	  3.1	  1.1	0.453	0.000	0.000
225	  D	  2.9	  0.7	1.748	0.000	0.000
226	  D	  0.1	  0.8	2.656	0.000	0.000
227	  K	  0.8	  0.4	2.751	0.000	0.000
228	  C	  1.0	  0.4	3.045	0.000	0.000
229	  K	  1.3	  0.2	3.177	0.000	0.000
230	  E	  1.2	  0.1	3.210	0.000	0.000
231	  I	  4.4	  0.1	2.653	0.000	0.000
232	  E	  4.2	  0.0	2.852	0.000	0.000
233	  I	 10.0	  0.0	2.483	92.040	92.040
234	  I	 13.2	  0.0	2.483	98.802	98.802
235	  V	 19.1	  0.0	2.483	98.802	98.802
236	  I	 14.0	  0.0	2.483	98.802	98.802
237	  L	  7.6	  0.0	2.483	98.802	98.802
238	  F	  1.9	  0.0	2.421	84.562	84.562
239	  E	  0.6	  0.1	0.680	0.000	0.000
240	  E	  0.5	  0.1	2.661	0.000	0.000
241	  E	  0.0	  0.1	6.102	0.000	0.000
242	  E	  0.0	  0.1	8.317	0.000	0.000
243	  E	  0.1	  0.1	9.183	0.000	0.000
244	  E	  0.5	  0.1	9.183	0.000	0.000
245	  K	  0.6	  0.1	9.183	0.000	0.000
246	  K	  0.5	  0.2	9.183	0.000	0.000
247	  K	  0.4	  0.1	8.704	0.000	0.000
248	  H	  0.7	  0.4	6.188	0.000	0.000
249	  K	  0.8	  0.3	2.483	0.000	0.000
250	  S	  0.5	  0.3	0.816	0.000	0.000
251	  W	  0.2	  0.3	0.000	0.000	0.000
