res	aa	Beta	Turn	Helix	Aggregation	Conc-Stab_Aggregation
01	  M	  2.0	  0.0	0.159	0.039	0.039
02	  N	  2.1	  0.0	4.397	5.925	5.925
03	  Y	  2.8	  0.0	4.397	64.349	64.349
04	  L	  1.2	  0.0	4.397	93.598	93.598
05	  L	  2.7	  0.0	4.397	98.676	98.676
06	  F	  4.2	  0.0	4.397	99.566	99.566
07	  C	  4.1	  0.0	4.397	99.632	99.632
08	  L	  3.1	  0.0	4.232	99.941	99.941
09	  F	  2.4	  0.0	4.092	99.969	99.969
10	  F	  2.7	  0.0	3.255	99.804	99.804
11	  A	  2.6	  0.0	1.018	97.603	97.603
12	  F	  5.8	  0.0	0.604	95.736	95.736
13	  S	  5.6	  0.0	0.258	71.481	71.481
14	  V	  7.4	  0.0	0.000	68.441	68.441
15	  A	  2.8	  0.0	0.000	31.615	31.615
16	  A	  2.2	  0.0	0.000	0.395	0.395
17	  P	  0.0	  0.0	0.000	0.227	0.227
18	  V	 17.7	  0.0	0.000	0.010	0.010
19	  T	 26.6	  0.0	0.000	0.010	0.010
20	  V	 27.8	  0.0	0.000	0.010	0.010
21	  T	 12.2	  0.0	0.000	0.010	0.010
22	  R	  2.6	  0.0	0.000	0.010	0.010
23	  F	  2.4	  0.1	0.000	0.010	0.010
24	  V	  2.3	  0.1	0.000	0.010	0.010
25	  D	  1.8	  0.1	0.000	0.010	0.010
26	  A	  0.6	  0.1	0.000	0.005	0.005
27	  S	  0.1	  1.3	0.000	0.000	0.000
28	  P	  0.0	  1.4	0.000	0.000	0.000
29	  T	  0.1	  1.4	0.000	0.000	0.000
30	  G	  0.2	  1.4	0.195	0.000	0.000
31	  Y	  2.0	  0.1	0.325	0.000	0.000
32	  D	  2.6	  0.0	3.597	0.000	0.000
33	  W	  3.5	  0.0	3.960	0.000	0.000
34	  R	  1.9	  0.7	4.251	0.000	0.000
35	  A	  1.2	  0.7	4.411	0.000	0.000
36	  D	  0.5	  0.7	5.640	0.000	0.000
37	  W	  1.4	  0.6	5.640	0.000	0.000
38	  V	  1.9	  0.5	5.640	0.000	0.000
39	  K	  1.7	  0.5	5.640	0.000	0.000
40	  G	  0.5	  0.5	5.215	0.000	0.000
41	  F	  0.0	  0.5	4.805	0.000	0.000
42	  P	  0.0	  0.1	0.000	0.000	0.000
43	  I	  0.7	  0.1	0.000	0.000	0.000
44	  D	  0.7	  2.6	0.000	0.000	0.000
45	  S	  1.3	  2.7	0.000	0.000	0.000
46	  S	  8.6	  3.1	0.000	0.000	0.000
47	  C	  9.6	  3.0	0.000	0.000	0.000
48	  N	  9.0	  0.7	0.000	0.000	0.000
49	  A	  1.5	  0.6	0.000	0.000	0.000
50	  T	  2.4	  0.2	0.000	0.000	0.000
51	  Q	  4.3	  0.2	0.000	0.000	0.000
52	  Y	  5.5	  0.1	0.000	0.000	0.000
53	  N	  3.4	  0.1	0.000	0.000	0.000
54	  Q	  2.1	  0.1	0.000	0.000	0.000
55	  L	  0.9	  0.3	0.000	0.000	0.000
56	  S	  0.9	  0.4	0.000	0.000	0.000
57	  T	  0.3	  0.3	0.000	0.000	0.000
58	  G	  0.1	  0.3	0.608	0.000	0.000
59	  L	  0.1	  0.2	0.608	0.000	0.000
60	  Q	  0.1	  0.1	1.187	0.000	0.000
61	  E	  0.2	  0.1	1.318	0.000	0.000
62	  A	  0.4	  0.1	1.318	0.000	0.000
63	  Q	  0.9	  0.1	1.318	0.000	0.000
64	  L	  1.0	  0.0	1.088	0.000	0.000
65	  L	  0.8	  0.0	1.088	0.000	0.000
66	  A	  0.3	  0.1	1.088	0.000	0.000
67	  E	  0.2	  0.1	1.088	0.000	0.000
68	  H	  0.5	  0.3	0.533	0.000	0.000
69	  A	  0.4	  0.5	0.117	0.000	0.000
70	  R	  0.3	  0.4	0.117	0.000	0.000
71	  D	  0.1	  0.5	0.000	0.000	0.000
72	  H	  1.1	  0.3	0.000	0.000	0.000
73	  T	  3.4	  0.1	0.000	0.000	0.000
74	  L	  4.5	  0.0	0.000	0.000	0.000
75	  R	  3.8	  0.2	0.000	0.000	0.000
76	  F	  1.6	  1.1	0.000	0.000	0.000
77	  G	  0.4	  1.1	0.000	0.000	0.000
78	  S	  4.2	  1.1	0.000	0.000	0.000
79	  K	  4.1	  0.9	0.000	0.000	0.000
80	  S	  4.1	  0.2	0.168	0.000	0.000
81	  P	  0.0	  0.2	0.168	0.000	0.000
82	  F	  1.8	  0.2	0.168	0.000	0.000
83	  F	  3.2	  0.2	0.168	0.000	0.000
84	  R	  3.6	  0.0	0.168	0.000	0.000
85	  K	  2.1	  0.0	0.168	0.000	0.000
86	  Y	  1.7	  0.0	0.168	0.000	0.000
87	  F	  1.2	  1.9	0.168	0.000	0.000
88	  G	  1.0	  1.9	0.225	0.000	0.000
89	  N	  0.1	  2.1	0.225	0.000	0.000
90	  E	  0.1	  2.1	0.225	0.000	0.000
91	  T	  2.8	  0.4	0.225	0.000	0.000
92	  A	  2.9	  0.4	0.225	0.000	0.000
93	  S	  3.2	  0.2	0.225	0.000	0.000
94	  A	  0.7	  0.2	0.000	0.000	0.000
95	  E	  1.1	  0.0	0.000	0.000	0.000
96	  V	  1.8	  0.0	0.000	0.000	0.000
97	  V	  1.7	  0.4	0.000	0.000	0.000
98	  G	  1.2	  0.4	0.000	0.000	0.000
99	  H	  2.6	  0.5	0.000	0.000	0.000
100	  F	  2.8	  0.8	0.000	0.000	0.000
101	  D	  2.8	  0.5	0.000	0.000	0.000
102	  N	  2.4	  0.5	0.000	0.000	0.000
103	  V	  3.0	  0.3	0.000	0.000	0.000
104	  V	  3.1	  0.2	0.000	0.000	0.000
105	  G	  1.1	  0.8	0.000	0.000	0.000
106	  A	  0.1	  0.8	0.000	0.000	0.000
107	  D	  0.0	  2.4	0.000	0.000	0.000
108	  K	  0.2	  2.2	0.000	0.000	0.000
109	  S	  0.3	  1.7	0.000	3.205	3.205
110	  S	  0.5	  1.6	0.000	47.249	47.249
111	  I	  1.9	  0.1	0.000	52.357	52.357
112	  L	  2.5	  0.0	0.000	52.357	52.357
113	  F	  4.1	  0.0	0.000	52.357	52.357
114	  L	  2.8	  0.1	0.000	51.477	51.477
115	  C	  2.2	  0.5	0.000	8.868	8.868
116	  D	  0.3	  0.6	0.000	0.000	0.000
117	  D	  0.2	  2.4	1.014	0.000	0.000
118	  L	  0.2	  2.5	1.014	0.000	0.000
119	  D	  0.2	  2.3	2.597	0.000	0.000
120	  D	  0.1	  2.3	3.260	0.000	0.000
121	  K	  0.8	  0.4	3.260	0.000	0.000
122	  C	  1.0	  0.9	3.260	0.000	0.000
123	  K	  1.0	  1.1	3.064	0.000	0.000
124	  N	  0.2	  1.3	2.876	0.000	0.000
125	  D	  0.0	  1.3	1.900	0.000	0.000
126	  G	  0.1	  0.7	0.773	0.138	0.138
127	  W	  0.2	  0.6	0.466	1.690	1.690
128	  A	  0.2	  0.3	0.231	1.690	1.690
129	  G	  0.1	  0.3	0.231	1.690	1.690
130	  Y	  1.4	  0.4	0.231	1.690	1.690
131	  W	  1.6	  0.3	0.119	1.690	1.690
132	  R	  1.6	  0.5	0.119	0.000	0.000
133	  G	  0.2	  0.9	0.119	0.000	0.000
134	  S	  0.0	  0.8	0.000	0.000	0.000
135	  N	  0.0	  0.9	0.000	0.000	0.000
136	  H	  0.1	  1.3	0.000	0.000	0.000
137	  S	  0.1	  1.0	0.000	0.000	0.000
138	  D	  0.1	  1.0	0.000	0.000	0.000
139	  Q	  0.2	  0.7	0.000	0.000	0.000
140	  T	  2.6	  0.1	0.000	0.000	0.000
141	  I	  4.5	  0.1	0.000	0.000	0.000
142	  I	  4.5	  0.0	0.000	0.000	0.000
143	  C	  2.5	  0.1	0.000	0.000	0.000
144	  D	  0.7	  0.4	0.000	0.000	0.000
145	  L	  2.6	  0.4	0.000	4.756	4.756
146	  S	  3.0	  0.4	2.068	4.756	4.756
147	  F	  3.7	  0.3	2.068	4.756	4.756
148	  V	  3.3	  0.0	2.068	4.756	4.756
149	  T	  3.2	  0.1	2.202	4.756	4.756
150	  R	  3.2	  0.1	2.202	0.000	0.000
151	  R	  2.2	  0.1	2.202	0.000	0.000
152	  Y	  1.8	  0.0	0.993	0.000	0.000
153	  L	  1.3	  0.0	0.262	0.000	0.000
154	  T	  1.6	  0.1	0.262	0.000	0.000
155	  Q	  1.7	  0.1	0.262	0.000	0.000
156	  L	  1.9	  0.1	0.000	0.000	0.000
157	  C	  1.6	  0.7	0.000	0.000	0.000
158	  S	  1.1	  0.9	0.000	0.000	0.000
159	  S	  0.7	  0.9	0.000	0.000	0.000
160	  G	  0.2	  0.9	0.000	0.000	0.000
161	  Y	  9.7	  0.3	0.000	0.000	0.000
162	  T	 25.2	  0.0	0.000	0.000	0.000
163	  V	 25.8	  0.0	0.000	0.000	0.000
164	  S	 19.0	  0.7	0.000	0.000	0.000
165	  K	  2.9	  0.7	0.000	0.000	0.000
166	  S	  2.6	  0.8	0.000	0.000	0.000
167	  K	  1.0	  0.9	0.000	0.000	0.000
168	  T	  1.0	  0.2	0.000	2.367	2.367
169	  N	  2.6	  0.2	0.000	5.661	5.661
170	  I	  3.3	  0.0	0.000	6.875	6.875
171	  F	  4.0	  0.0	0.000	6.875	6.875
172	  W	  2.0	  0.4	0.331	6.875	6.875
173	  A	  1.2	  1.4	0.331	6.491	6.491
174	  G	  0.1	  1.4	0.638	1.650	1.650
175	  D	  0.0	  1.4	1.015	0.000	0.000
176	  L	  0.5	  1.0	1.015	0.000	0.000
177	  L	  0.6	  0.1	1.015	0.000	0.000
178	  H	  1.3	  0.0	1.015	0.000	0.000
179	  R	  1.9	  0.0	0.891	0.000	0.000
180	  F	  2.5	  0.0	0.766	0.000	0.000
181	  W	  2.6	  0.0	0.000	0.000	0.000
182	  H	  2.2	  0.0	0.000	0.000	0.000
183	  L	  1.7	  0.1	0.000	0.000	0.000
184	  K	  1.3	  0.1	0.000	0.000	0.000
185	  S	  0.9	  0.4	0.000	0.620	0.620
186	  I	  0.6	  0.5	0.000	5.996	5.996
187	  G	  0.2	  0.4	0.000	5.996	5.996
188	  Q	  0.8	  0.4	0.000	5.996	5.996
189	  L	  3.0	  0.1	0.000	5.996	5.996
190	  V	  6.1	  0.0	0.000	5.996	5.996
191	  I	  6.0	  0.1	0.000	5.566	5.566
192	  E	  4.1	  0.1	0.000	0.000	0.000
193	  H	  2.3	  0.1	0.000	0.000	0.000
194	  Y	  1.9	  0.3	0.000	0.000	0.000
195	  A	  1.5	  0.3	0.000	0.000	0.000
196	  D	  1.7	  0.3	0.000	0.000	0.000
197	  T	 12.0	  0.3	0.369	0.000	0.000
198	  Y	 12.5	  0.2	0.369	0.000	0.000
199	  E	 11.1	  0.1	0.468	0.000	0.000
200	  E	  1.1	  0.1	0.468	0.000	0.000
201	  V	  1.7	  0.1	0.595	0.000	0.000
202	  L	  2.3	  0.0	0.595	0.000	0.000
203	  E	  2.0	  0.0	0.595	0.000	0.000
204	  L	  0.8	  0.0	0.595	0.000	0.000
205	  A	  0.1	  0.1	0.496	0.000	0.000
206	  Q	  0.1	  0.2	0.496	0.000	0.000
207	  E	  0.1	  0.3	0.000	0.000	0.000
208	  N	  0.2	  0.3	0.238	0.000	0.000
209	  S	  0.8	  0.3	0.714	0.399	0.399
210	  T	  4.3	  0.1	1.403	0.399	0.399
211	  Y	  5.3	  0.1	1.403	0.399	0.399
212	  A	  5.2	  0.0	1.403	0.399	0.399
213	  V	  2.6	  0.1	1.403	0.399	0.399
214	  R	  1.4	  0.1	1.403	0.000	0.000
215	  N	  0.9	  2.3	1.282	0.000	0.000
216	  S	  0.2	  2.5	0.633	0.141	0.141
217	  N	  0.1	  2.5	0.000	0.440	0.440
218	  S	  0.4	  2.4	0.000	8.722	8.722
219	  L	  0.8	  0.3	0.000	55.625	55.625
220	  I	  1.8	  0.0	0.000	62.566	62.566
221	  Y	  3.0	  0.0	0.000	62.566	62.566
222	  Y	  3.2	  0.0	0.000	62.566	62.566
223	  A	  2.3	  0.0	0.000	60.045	60.045
224	  L	  2.8	  0.0	0.000	52.238	52.238
225	  D	  4.3	  0.0	0.000	0.000	0.000
226	  V	  6.0	  0.0	0.000	0.000	0.000
227	  Y	  4.7	  0.0	0.000	0.000	0.000
228	  A	  2.7	  0.0	0.000	0.000	0.000
229	  Y	  3.8	  0.0	0.000	0.000	0.000
230	  D	  4.1	  0.0	0.000	0.000	0.000
231	  V	 19.0	  0.0	0.000	0.000	0.000
232	  T	 16.5	  0.0	0.000	0.000	0.000
233	  I	 15.6	  0.6	0.000	0.000	0.000
234	  P	  0.5	  0.8	0.000	0.000	0.000
235	  G	  0.0	  1.7	0.000	0.000	0.000
236	  E	  0.0	  2.6	0.000	0.000	0.000
237	  G	  0.1	  2.3	0.000	0.000	0.000
238	  C	  0.2	  3.0	0.000	0.000	0.000
239	  N	  0.2	  4.2	0.000	0.000	0.000
240	  G	  0.1	  3.5	0.000	0.000	0.000
241	  D	  0.0	  3.5	0.000	0.000	0.000
242	  G	  0.0	  2.6	0.000	0.000	0.000
243	  T	  1.5	  0.5	0.000	0.000	0.000
244	  S	  3.0	  0.3	0.000	0.000	0.000
245	  Y	  3.4	  0.1	0.000	0.000	0.000
246	  K	  2.0	  0.2	0.000	0.000	0.000
247	  K	  0.5	  0.7	0.000	0.000	0.000
248	  S	  0.1	  0.7	0.000	0.000	0.000
249	  D	  0.6	  0.9	0.000	0.000	0.000
250	  F	  2.0	  0.9	0.000	0.000	0.000
251	  S	  2.2	  0.4	0.000	0.000	0.000
252	  S	  8.1	  0.4	0.000	0.000	0.000
253	  F	  7.3	  0.4	0.000	0.000	0.000
254	  E	  7.1	  0.3	0.000	0.000	0.000
255	  D	  0.7	  3.5	0.000	0.000	0.000
256	  S	  0.1	  5.2	0.000	0.000	0.000
257	  D	  0.1	  5.8	0.000	0.000	0.000
258	  S	  0.3	  6.9	0.000	0.000	0.000
259	  G	  0.2	  4.0	0.000	0.000	0.000
260	  S	  0.3	  4.1	0.000	0.000	0.000
261	  D	  0.1	  3.9	0.000	0.000	0.000
262	  S	  0.1	  3.3	0.000	0.000	0.000
263	  G	  0.0	  3.1	0.000	0.000	0.000
264	  A	  0.2	  1.4	0.000	0.000	0.000
265	  S	  0.4	  0.9	0.000	0.000	0.000
266	  S	  0.5	  0.4	0.000	0.000	0.000
267	  T	  3.1	  0.4	0.000	0.000	0.000
268	  A	  3.0	  0.4	0.000	0.000	0.000
269	  S	  3.7	  1.2	0.000	0.000	0.000
270	  S	  1.2	  1.3	0.000	0.000	0.000
271	  S	  1.4	  1.1	0.000	0.000	0.000
272	  H	  1.0	  1.1	0.000	0.000	0.000
273	  Q	  1.3	  0.2	0.000	0.000	0.000
274	  H	  1.2	  0.3	0.000	0.000	0.000
275	  T	  1.3	  0.4	0.000	0.000	0.000
276	  D	  0.9	  0.3	0.000	0.000	0.000
277	  S	  0.5	  0.3	0.000	0.000	0.000
278	  N	  0.0	  4.5	0.000	0.000	0.000
279	  P	  0.0	  4.4	0.000	0.000	0.000
280	  S	  0.7	  4.6	0.112	0.000	0.000
281	  A	  0.8	  4.6	0.112	0.000	0.000
282	  T	  1.2	  0.3	0.112	0.000	0.000
283	  T	  0.6	  0.3	0.112	0.000	0.000
284	  D	  0.5	  4.0	0.112	0.000	0.000
285	  A	  0.1	  4.1	0.112	0.000	0.000
286	  N	  0.1	  4.2	0.112	0.000	0.000
287	  S	  0.7	  4.2	0.000	0.000	0.000
288	  H	  1.8	  0.3	0.000	0.000	0.000
289	  C	  2.0	  0.3	0.000	0.000	0.000
290	  H	  2.5	  0.1	0.000	0.000	0.000
291	  T	  2.1	  0.1	0.000	0.000	0.000
292	  H	  1.9	  2.3	0.000	0.000	0.000
293	  A	  0.8	  2.5	0.000	0.000	0.000
294	  D	  0.1	  2.5	0.000	0.000	0.000
295	  G	  0.0	  2.5	0.000	0.000	0.000
296	  E	 11.4	  0.2	0.000	0.000	0.000
297	  V	 14.6	  0.0	0.000	0.000	0.000
298	  H	 14.6	  0.0	0.000	0.000	0.000
299	  C	  3.5	  0.0	0.000	0.000	0.000
