res	aa	Beta	Turn	Helix	Aggregation	Conc-Stab_Aggregation
01	  M	  0.1	  0.0	0.000	0.003	0.003
02	  I	  0.4	  0.1	0.000	2.144	2.144
03	  Q	  1.5	  0.1	0.000	2.219	2.219
04	  Q	  4.5	  0.1	0.000	5.415	5.415
05	  F	  8.6	  0.1	0.000	82.364	82.364
06	  T	  8.2	  0.0	1.526	88.298	88.298
07	  L	  5.6	  0.0	1.526	98.056	98.056
08	  L	  1.8	  0.0	1.526	99.691	99.691
09	  F	  1.7	  0.0	1.526	99.915	99.915
10	  L	  1.9	  0.0	1.526	99.792	99.792
11	  Y	  2.2	  0.1	1.526	98.929	98.929
12	  L	  3.6	  0.1	1.110	95.517	95.517
13	  S	  3.5	  0.1	3.227	75.526	75.526
14	  F	  2.9	  0.2	2.847	73.014	73.014
15	  A	  1.0	  0.1	2.569	40.498	40.498
16	  T	  1.6	  0.1	2.460	12.936	12.936
17	  A	  1.3	  0.1	2.460	5.935	5.935
18	  K	  1.4	  0.0	2.460	0.000	0.000
19	  A	  0.7	  0.0	0.540	0.031	0.031
20	  I	  3.1	  0.1	0.131	2.994	2.994
21	  T	  2.9	  0.1	0.131	2.994	2.994
22	  G	  2.6	  0.1	0.131	2.994	2.994
23	  I	  0.4	  0.1	0.000	3.207	3.207
24	  F	  1.6	  0.2	0.000	3.205	3.205
25	  N	  1.9	  0.1	0.000	0.944	0.944
26	  S	  4.4	  0.4	0.000	0.944	0.944
27	  I	  3.7	  0.4	0.000	0.944	0.944
28	  D	  3.4	  0.4	0.560	0.000	0.000
29	  S	  1.8	  0.4	0.560	0.000	0.000
30	  L	  4.0	  0.1	0.560	0.000	0.000
31	  T	 25.9	  0.1	0.560	0.000	0.000
32	  W	 24.8	  0.2	0.560	0.000	0.000
33	  S	 22.3	  0.2	0.560	0.000	0.000
34	  N	  0.2	  0.5	0.140	0.000	0.000
35	  A	  0.0	  1.8	0.140	0.000	0.000
36	  G	  0.0	  1.6	0.140	0.000	0.000
37	  N	  0.1	  1.5	0.505	0.000	0.000
38	  Y	  1.0	  1.2	0.505	0.000	0.000
39	  A	  1.2	  0.0	0.505	0.000	0.000
40	  F	  1.4	  0.0	0.505	0.000	0.000
41	  K	  0.6	  0.0	0.366	0.000	0.000
42	  G	  0.3	  0.0	0.366	0.000	0.000
43	  P	  0.0	  0.0	0.000	0.000	0.000
44	  G	  0.0	  0.0	0.000	0.000	0.000
45	  Y	  0.0	  0.0	0.000	0.000	0.000
46	  P	  0.0	  0.0	-1.#IO	0.000	0.000
47	  T	  0.0	  0.0	-1.#IO	0.000	0.000
48	  W	  0.0	  0.0	-1.#IO	0.000	0.000
49	  N	  0.0	  0.0	-1.#IO	0.000	0.000
50	  A	  0.0	  0.0	-1.#IO	0.000	0.000
51	  V	  0.0	  0.0	-1.#IO	0.000	0.000
52	  L	  0.0	  0.0	-1.#IO	0.000	0.000
53	  G	  0.0	  0.0	-1.#IO	0.000	0.000
54	  W	  0.0	  0.0	-1.#IO	0.000	0.000
55	  S	  0.0	  0.0	-1.#IO	0.000	0.000
56	  L	  0.0	  0.0	-1.#IO	0.000	0.000
57	  D	  0.0	  0.0	-1.#IO	0.000	0.000
58	  G	  0.0	  0.0	-1.#IO	0.000	0.000
59	  T	  0.0	  0.0	0.000	0.000	0.000
60	  S	  0.0	  0.0	0.000	0.000	0.000
61	  A	  0.0	  0.0	0.000	0.000	0.000
62	  N	  0.0	  3.2	0.000	0.000	0.000
63	  P	  0.0	  4.9	0.000	0.000	0.000
64	  G	  0.0	  5.0	0.105	0.000	0.000
65	  D	  1.6	  5.0	0.377	0.000	0.000
66	  T	  3.7	  1.8	0.763	0.516	0.516
67	  F	  4.6	  0.1	0.763	0.516	0.516
68	  I	  3.6	  0.0	0.763	0.516	0.516
69	  L	  4.4	  0.0	0.763	0.516	0.516
70	  N	  3.5	  0.0	0.763	0.516	0.516
71	  M	  3.0	  0.0	0.763	0.000	0.000
72	  P	  0.0	  0.0	0.000	0.000	0.000
73	  C	  0.0	  0.0	0.000	0.000	0.000
74	  V	  0.0	  0.0	-1.#IO	0.000	0.000
75	  F	  0.0	  0.0	-1.#IO	0.000	0.000
76	  K	  0.0	  0.0	-1.#IO	0.000	0.000
77	  F	  0.0	  0.0	-1.#IO	0.000	0.000
78	  T	  0.0	  0.0	-1.#IO	0.000	0.000
79	  A	  0.0	  0.0	-1.#IO	0.000	0.000
80	  S	  0.0	  0.0	-1.#IO	0.000	0.000
81	  Q	  0.0	  0.0	-1.#IO	0.000	0.000
82	  K	  0.0	  0.0	-1.#IO	0.000	0.000
83	  S	  0.0	  0.0	-1.#IO	0.000	0.000
84	  V	  0.0	  0.0	-1.#IO	0.000	0.000
85	  D	  0.0	  0.0	-1.#IO	0.000	0.000
86	  L	  0.0	  0.0	-1.#IO	0.000	0.000
87	  T	  0.0	  0.0	0.000	0.000	0.000
88	  A	  0.0	  0.0	0.000	0.000	0.000
89	  D	  0.0	  0.0	0.000	0.000	0.000
90	  G	  0.0	  0.0	0.000	0.000	0.000
91	  V	  3.0	  0.0	0.000	0.000	0.000
92	  K	  3.5	  0.0	0.000	0.000	0.000
93	  Y	  3.7	  0.1	0.000	0.000	0.000
94	  A	  1.1	  0.1	0.000	0.000	0.000
95	  T	  6.0	  0.1	0.000	0.000	0.000
96	  C	  6.7	  0.1	0.000	0.000	0.000
97	  Q	  9.3	  0.0	0.000	0.000	0.000
98	  F	  6.0	  0.1	0.000	0.000	0.000
99	  Y	  6.1	  0.3	0.000	0.000	0.000
100	  S	  3.4	  0.5	0.000	0.000	0.000
101	  G	  1.3	  0.5	0.000	0.000	0.000
102	  E	  0.1	  0.4	0.000	0.000	0.000
103	  E	  1.6	  0.2	0.000	0.000	0.000
104	  F	  2.8	  0.1	0.000	0.314	0.314
105	  T	  5.5	  0.0	0.000	0.314	0.314
106	  T	 32.5	  0.0	0.000	0.314	0.314
107	  F	 32.4	  0.2	0.000	0.314	0.314
108	  S	 30.0	  0.2	0.000	0.314	0.314
109	  S	  1.9	  0.2	0.076	0.314	0.314
110	  L	  1.8	  0.3	0.076	0.314	0.314
111	  K	  4.2	  0.1	0.076	0.000	0.000
112	  C	  8.8	  0.0	0.076	0.000	0.000
113	  T	 12.6	  0.1	0.076	0.000	0.000
114	  V	 10.6	  0.1	0.076	0.000	0.000
115	  N	  5.8	  0.3	0.223	0.000	0.000
116	  N	  0.6	  0.4	0.147	0.000	0.000
117	  N	  0.6	  0.3	0.147	0.000	0.000
118	  L	  1.1	  0.3	0.147	0.000	0.000
119	  R	  1.3	  0.2	0.147	0.000	0.000
120	  S	  0.9	  0.2	0.147	0.000	0.000
121	  S	  1.1	  0.2	0.160	0.000	0.000
122	  I	  2.5	  0.1	0.160	0.000	0.000
123	  K	  2.4	  0.1	0.160	0.000	0.000
124	  A	  1.6	  0.1	0.160	0.000	0.000
125	  L	  0.1	  0.2	0.160	0.000	0.000
126	  G	  0.1	  0.1	0.160	0.000	0.000
127	  T	 10.6	  0.0	0.000	0.000	0.000
128	  V	 23.1	  0.0	0.000	0.000	0.000
129	  T	 23.3	  0.0	0.000	0.000	0.000
130	  L	 13.7	  0.0	0.000	0.000	0.000
131	  P	  0.2	  0.0	0.000	0.000	0.000
132	  I	  1.5	  0.0	0.000	3.991	3.991
133	  A	  1.7	  0.0	0.000	3.991	3.991
134	  F	  6.9	  0.0	0.000	3.991	3.991
135	  N	  5.5	  0.2	0.000	3.991	3.991
136	  V	  5.3	  1.0	0.000	3.991	3.991
137	  G	  0.1	  1.3	0.000	0.328	0.328
138	  G	  0.1	  1.5	0.000	0.000	0.000
139	  T	  0.1	  2.0	0.000	0.000	0.000
140	  G	  0.2	  1.3	0.000	0.000	0.000
141	  S	  0.3	  1.0	0.000	0.000	0.000
142	  S	  4.4	  1.2	0.000	0.000	0.000
143	  V	  6.6	  0.5	0.000	0.000	0.000
144	  D	  6.7	  0.4	0.000	0.000	0.000
145	  L	  2.6	  0.6	0.000	0.000	0.000
146	  E	  0.3	  0.3	0.000	0.000	0.000
147	  D	  0.2	  0.5	0.000	0.000	0.000
148	  S	  0.7	  0.6	0.000	0.000	0.000
149	  K	  1.2	  0.4	0.000	0.000	0.000
150	  C	  2.1	  0.3	0.000	0.000	0.000
151	  F	  6.9	  0.1	0.000	0.000	0.000
152	  T	  6.4	  0.3	0.000	0.000	0.000
153	  A	  5.4	  0.5	0.000	0.000	0.000
154	  G	  0.1	  0.5	0.000	0.000	0.000
155	  T	  0.5	  0.5	0.000	0.000	0.000
156	  N	  1.2	  0.3	0.000	0.000	0.000
157	  T	 10.9	  0.1	0.000	0.000	0.000
158	  V	 17.9	  0.0	0.000	0.000	0.000
159	  T	 24.6	  0.0	0.000	0.000	0.000
160	  F	 15.8	  0.2	0.000	0.000	0.000
161	  N	  8.0	  0.8	0.364	0.000	0.000
162	  D	  0.4	  1.1	0.364	0.000	0.000
163	  G	  0.0	  1.1	0.466	0.000	0.000
164	  S	  0.1	  1.0	0.466	0.000	0.000
165	  K	  0.2	  0.5	0.466	0.000	0.000
166	  K	  0.6	  0.2	0.466	0.000	0.000
167	  L	  2.0	  0.1	0.466	2.070	2.070
168	  S	  2.2	  0.0	0.248	2.499	2.499
169	  I	  5.1	  0.0	0.000	10.623	10.623
170	  A	  3.9	  0.0	0.000	10.623	10.623
171	  V	  6.4	  0.0	0.000	10.623	10.623
172	  N	  5.5	  0.0	0.000	9.784	9.784
173	  F	  7.0	  0.1	0.000	9.593	9.593
174	  E	  4.5	  0.1	0.000	0.000	0.000
175	  K	  2.5	  0.1	0.000	0.000	0.000
176	  S	  1.2	  0.1	0.000	0.000	0.000
177	  T	  5.4	  0.1	0.000	0.000	0.000
178	  V	  5.9	  0.1	0.000	0.000	0.000
179	  D	  5.5	  3.7	0.000	0.000	0.000
180	  Q	  1.2	  3.8	0.000	0.000	0.000
181	  S	  0.1	  3.8	0.000	0.000	0.000
182	  G	  0.0	  3.8	0.000	0.000	0.000
183	  Y	  0.4	  0.2	0.000	0.000	0.000
184	  L	  0.7	  0.0	0.000	0.000	0.000
185	  T	  3.6	  0.1	0.000	0.000	0.000
186	  T	  3.7	  0.1	0.000	0.000	0.000
187	  S	  3.6	  0.1	0.000	0.000	0.000
188	  R	  1.9	  0.1	0.000	0.000	0.000
189	  F	  1.5	  0.1	0.000	0.000	0.000
190	  M	  1.3	  0.4	0.000	0.000	0.000
191	  P	  0.2	  0.4	0.000	0.000	0.000
192	  S	  2.8	  1.2	0.179	0.000	0.000
193	  L	  2.9	  1.2	0.179	0.000	0.000
194	  N	  3.0	  0.8	0.418	0.000	0.000
195	  K	  1.5	  0.8	0.418	0.000	0.000
196	  I	  2.4	  0.0	0.418	28.474	28.474
197	  A	  2.7	  0.0	0.418	30.734	30.734
198	  T	  2.4	  0.0	0.418	30.734	30.734
199	  L	  2.1	  0.0	0.418	30.734	30.734
200	  Y	  7.3	  0.0	0.418	30.734	30.734
201	  V	  6.7	  0.0	0.000	28.589	28.589
202	  A	  6.1	  0.3	0.000	0.357	0.357
203	  P	  0.4	  0.3	0.000	0.218	0.218
204	  Q	  1.9	  0.3	0.000	0.000	0.000
205	  C	  2.5	  2.0	0.000	0.000	0.000
206	  E	  2.5	  5.2	0.000	0.000	0.000
207	  N	  0.6	  5.2	0.000	0.000	0.000
208	  G	  0.2	  5.2	0.000	0.000	0.000
209	  Y	  3.0	  3.6	0.000	0.000	0.000
210	  T	  3.1	  0.3	0.000	0.000	0.000
211	  S	  3.0	  0.8	0.000	0.000	0.000
212	  G	  0.1	  0.8	0.000	0.000	0.000
213	  T	  0.3	  0.8	0.000	0.000	0.000
214	  M	  0.4	  0.7	0.000	0.000	0.000
215	  G	  0.5	  0.2	0.000	0.000	0.000
216	  F	  1.1	  0.2	0.000	0.000	0.000
217	  S	  2.9	  0.3	0.000	0.000	0.000
218	  T	  4.3	  0.5	0.000	0.000	0.000
219	  S	  4.2	  0.7	0.000	0.000	0.000
220	  Y	  2.3	  2.5	0.000	0.000	0.000
221	  G	  0.7	  2.2	0.000	0.000	0.000
222	  D	  0.2	  2.1	0.000	0.000	0.000
223	  V	  3.3	  1.9	0.000	0.000	0.000
224	  A	  3.5	  0.0	0.000	0.000	0.000
225	  I	  6.1	  0.0	0.000	0.000	0.000
226	  D	  3.3	  0.5	0.000	0.000	0.000
227	  C	  3.2	  0.9	0.000	0.000	0.000
228	  S	  0.4	  0.9	0.000	0.000	0.000
229	  N	  0.8	  0.9	0.000	0.000	0.000
230	  V	 11.5	  0.4	0.000	0.000	0.000
231	  H	 12.5	  0.2	0.000	0.000	0.000
232	  I	 12.1	  0.3	0.000	0.000	0.000
233	  G	  1.4	  0.3	0.000	0.000	0.000
234	  I	  0.9	  0.4	0.000	0.000	0.000
235	  S	  0.7	  0.8	0.000	0.000	0.000
236	  K	  0.6	  0.6	0.000	0.000	0.000
237	  G	  0.2	  0.7	0.000	0.000	0.000
238	  V	  0.6	  0.7	0.000	0.000	0.000
239	  N	  0.7	  0.2	0.000	0.000	0.000
240	  D	  0.9	  1.1	0.000	0.000	0.000
241	  W	  1.2	  1.0	0.000	0.000	0.000
242	  N	  1.1	  0.9	0.000	0.000	0.000
243	  H	  0.7	  0.9	0.000	0.000	0.000
244	  P	  0.0	  0.0	0.000	0.000	0.000
245	  V	  2.1	  0.0	0.000	0.000	0.000
246	  T	  2.2	  0.1	0.000	0.000	0.000
247	  S	  2.3	  0.8	0.000	0.000	0.000
248	  E	  0.4	  0.8	0.000	0.000	0.000
249	  S	 18.6	  0.9	0.000	0.000	0.000
250	  F	 23.3	  0.9	0.000	0.000	0.000
251	  S	 28.0	  0.1	0.000	0.000	0.000
252	  Y	 13.5	  0.1	0.000	0.000	0.000
253	  T	  9.6	  0.1	0.000	0.000	0.000
254	  K	  5.4	  0.2	0.000	0.000	0.000
255	  S	 20.7	  0.3	0.000	0.000	0.000
256	  C	 19.2	  0.5	0.000	0.000	0.000
257	  S	 18.6	  0.5	0.000	0.000	0.000
258	  S	  1.6	  0.6	0.000	0.400	0.400
259	  F	  1.0	  0.6	0.000	4.530	4.530
260	  G	  0.8	  0.3	0.000	4.713	4.713
261	  I	  2.1	  0.2	0.000	6.745	6.745
262	  S	  4.0	  0.1	0.000	6.745	6.745
263	  I	 17.7	  0.0	0.000	6.745	6.745
264	  T	 32.3	  0.0	0.000	5.514	5.514
265	  Y	 31.4	  0.2	0.000	4.850	4.850
266	  Q	 19.6	  0.2	0.000	0.000	0.000
267	  N	  2.1	  0.2	0.000	0.000	0.000
268	  V	  0.7	  0.3	0.000	0.000	0.000
269	  P	  0.1	  0.5	0.000	0.000	0.000
270	  A	  0.0	  0.5	0.000	0.000	0.000
271	  G	  0.1	  0.5	0.000	0.000	0.000
272	  Y	  0.5	  0.4	0.000	0.000	0.000
273	  R	  0.5	  0.0	0.000	0.000	0.000
274	  P	  0.4	  0.0	0.000	0.000	0.000
275	  F	  1.1	  0.1	0.000	0.000	0.000
276	  I	  1.8	  0.1	0.000	0.000	0.000
277	  D	  1.9	  0.1	0.000	0.000	0.000
278	  A	  1.1	  0.1	0.000	0.000	0.000
279	  Y	  2.1	  0.0	0.000	0.000	0.000
280	  I	  2.2	  0.0	0.000	0.000	0.000
281	  S	  1.9	  3.8	0.000	0.000	0.000
282	  P	  0.3	  4.2	0.000	0.000	0.000
283	  S	  0.0	  5.4	0.000	0.000	0.000
284	  D	  0.0	  6.1	0.000	0.000	0.000
285	  N	  0.0	  2.3	0.000	0.000	0.000
286	  N	  1.0	  1.9	0.000	0.000	0.000
287	  Q	  4.6	  0.7	0.000	0.000	0.000
288	  Y	  7.6	  0.0	0.000	0.000	0.000
289	  Q	  7.3	  0.0	0.000	0.000	0.000
290	  L	  5.8	  0.0	0.000	0.000	0.000
291	  S	  4.1	  0.0	0.000	0.000	0.000
292	  Y	  3.9	  0.2	0.000	0.000	0.000
293	  K	  1.9	  0.3	0.000	0.000	0.000
294	  N	  0.5	  0.3	0.000	0.000	0.000
295	  D	  0.8	  0.3	0.000	0.000	0.000
296	  Y	 18.2	  0.1	0.000	0.000	0.000
297	  T	 20.2	  0.0	0.000	0.000	0.000
298	  C	 20.6	  0.1	0.000	0.000	0.000
299	  V	  3.8	  0.3	0.000	0.000	0.000
300	  D	  1.4	  0.3	0.000	0.000	0.000
301	  D	  1.1	  0.3	0.000	0.000	0.000
302	  Y	  2.3	  0.2	0.000	0.000	0.000
303	  W	  3.3	  0.1	0.000	0.000	0.000
304	  Q	  2.7	  0.1	0.000	0.000	0.000
305	  H	  1.3	  0.1	0.000	0.000	0.000
306	  A	  0.3	  0.1	0.000	0.000	0.000
307	  P	  0.1	  0.0	0.000	0.000	0.000
308	  F	  4.7	  0.0	0.000	0.000	0.000
309	  T	  7.6	  0.0	0.000	0.000	0.000
310	  L	  8.2	  0.0	0.000	0.000	0.000
311	  K	  5.8	  0.0	0.000	0.000	0.000
312	  W	  2.9	  0.1	0.000	0.000	0.000
313	  T	  2.3	  0.1	0.000	0.000	0.000
314	  G	  0.3	  0.1	0.000	0.000	0.000
315	  Y	  0.6	  0.3	0.000	0.000	0.000
316	  K	  0.6	  0.3	0.000	0.000	0.000
317	  N	  0.6	  3.1	0.000	0.000	0.000
318	  S	  0.1	  3.2	0.000	0.000	0.000
319	  D	  0.0	  4.5	0.000	0.000	0.000
320	  A	  0.0	  5.2	0.000	0.000	0.000
321	  G	  0.0	  3.1	0.000	0.000	0.000
322	  S	  0.0	  3.9	0.000	0.062	0.062
323	  N	  0.0	  2.4	0.000	0.607	0.607
324	  G	  0.1	  1.7	0.000	13.625	13.625
325	  I	  7.1	  0.9	0.000	92.355	92.355
326	  V	 20.1	  0.0	0.000	94.335	94.335
327	  I	 23.7	  0.0	0.000	94.396	94.396
328	  V	 18.2	  0.0	0.000	94.376	94.376
329	  A	  5.0	  0.0	0.000	88.169	88.169
330	  T	  1.8	  0.0	0.000	26.978	26.978
331	  T	  1.5	  0.1	0.000	10.209	10.209
332	  R	  2.0	  0.1	0.000	0.052	0.052
333	  T	 11.9	  0.1	0.000	0.052	0.052
334	  V	 12.7	  0.1	0.000	0.052	0.052
335	  T	 12.6	  0.1	0.000	0.052	0.052
336	  D	  2.0	  0.2	0.000	0.052	0.052
337	  S	  1.2	  0.3	0.000	0.022	0.022
338	  T	  1.3	  0.3	0.000	0.022	0.022
339	  T	  2.0	  0.2	0.000	0.162	0.162
340	  A	  1.8	  0.0	0.000	0.162	0.162
341	  V	  3.0	  0.0	0.000	0.162	0.162
342	  T	  3.9	  0.0	0.000	0.148	0.148
343	  T	  3.7	  0.0	0.000	0.140	0.140
344	  L	  1.9	  0.0	0.000	0.000	0.000
345	  P	  0.2	  0.0	0.000	0.000	0.000
346	  F	  0.2	  0.0	0.000	0.000	0.000
347	  N	  0.2	  1.6	0.000	0.000	0.000
348	  P	  0.2	  1.6	0.000	0.000	0.000
349	  S	  4.1	  2.0	0.000	0.000	0.000
350	  V	  4.3	  2.0	0.000	0.000	0.000
351	  D	  4.3	  0.6	0.155	0.000	0.000
352	  K	  0.8	  0.6	0.155	0.000	0.000
353	  T	  2.0	  0.3	0.502	0.000	0.000
354	  K	  2.7	  0.3	0.502	0.000	0.000
355	  T	  6.0	  0.1	0.692	0.000	0.000
356	  I	  8.7	  0.1	0.692	0.000	0.000
357	  E	  8.1	  0.0	0.692	0.000	0.000
358	  I	  7.2	  0.0	0.692	0.000	0.000
359	  L	  3.1	  0.0	0.692	0.000	0.000
360	  Q	  2.9	  0.0	0.593	0.000	0.000
361	  P	  0.1	  0.0	0.000	0.000	0.000
362	  I	  0.0	  0.0	0.000	0.000	0.000
363	  P	  0.0	  0.0	0.000	0.000	0.000
364	  T	  1.5	  0.0	0.000	0.828	0.828
365	  T	  2.4	  0.0	0.000	2.202	2.202
366	  T	 13.4	  0.0	0.000	4.610	4.610
367	  I	 15.1	  0.0	0.000	8.716	8.716
368	  T	 16.6	  0.0	0.000	8.936	8.936
369	  T	  7.0	  0.0	0.000	9.241	9.241
370	  S	  4.6	  0.0	0.000	9.859	9.859
371	  Y	  2.7	  0.2	0.000	12.791	12.791
372	  V	  1.7	  0.2	0.000	13.158	13.158
373	  G	  1.1	  0.2	0.000	10.414	10.414
374	  V	  1.8	  0.2	0.000	10.410	10.410
375	  T	  3.7	  0.1	0.000	6.912	6.912
376	  T	  5.0	  0.0	0.000	3.365	3.365
377	  S	 23.4	  0.2	0.106	1.068	1.068
378	  Y	 21.8	  0.2	0.106	0.955	0.955
379	  S	 20.8	  0.2	0.106	0.000	0.000
380	  T	  2.3	  0.3	0.106	0.000	0.000
381	  K	  2.1	  0.1	0.106	0.000	0.000
382	  T	  2.0	  0.1	0.106	0.000	0.000
383	  A	  0.9	  0.1	0.106	0.000	0.000
384	  P	  0.2	  0.2	0.000	0.000	0.000
385	  I	  0.0	  0.6	0.000	0.000	0.000
386	  G	  0.0	  0.8	0.000	0.000	0.000
387	  E	  0.1	  0.8	0.000	0.000	0.000
388	  T	  1.1	  0.6	0.000	5.379	5.379
389	  A	  1.6	  0.1	0.000	13.629	13.629
390	  T	  4.3	  0.0	0.000	13.629	13.629
391	  V	 15.9	  0.0	0.000	13.629	13.629
392	  I	 16.1	  0.0	0.000	13.629	13.629
393	  V	 24.4	  0.0	0.000	13.219	13.219
394	  D	 11.8	  0.0	0.000	0.000	0.000
395	  V	 11.1	  0.0	0.000	0.000	0.000
396	  P	  0.1	  0.0	0.000	0.000	0.000
397	  Y	  0.6	  0.0	0.000	0.000	0.000
398	  H	  1.2	  0.0	0.000	0.000	0.000
399	  T	  2.7	  0.1	0.000	0.000	0.000
400	  T	  3.5	  0.1	0.000	0.000	0.000
401	  T	  4.9	  0.1	0.000	0.000	0.000
402	  T	 13.8	  0.0	0.000	0.000	0.000
403	  V	 14.6	  0.0	0.000	0.000	0.000
404	  T	 12.8	  0.0	0.000	0.000	0.000
405	  S	  2.6	  0.0	0.000	0.000	0.000
406	  E	  1.5	  0.0	0.000	0.000	0.000
407	  W	  1.5	  0.1	0.000	0.000	0.000
408	  T	  1.6	  0.1	0.000	0.000	0.000
409	  G	  0.3	  0.1	0.000	0.000	0.000
410	  T	 11.2	  0.1	0.000	0.000	0.000
411	  I	 14.3	  0.1	0.000	0.000	0.000
412	  T	 15.7	  0.0	0.000	0.000	0.000
413	  T	  6.2	  0.0	0.000	0.000	0.000
414	  T	  4.4	  0.1	0.000	0.000	0.000
415	  T	  4.0	  0.1	0.000	0.000	0.000
416	  T	  3.1	  0.1	0.000	0.000	0.000
417	  R	  2.5	  0.1	0.000	0.000	0.000
418	  T	  1.4	  0.1	0.000	0.000	0.000
419	  N	  0.8	  0.8	0.000	0.000	0.000
420	  P	  0.0	  0.8	0.000	0.000	0.000
421	  T	  0.5	  0.9	0.000	0.000	0.000
422	  D	  0.7	  0.9	0.000	0.000	0.000
423	  S	  3.2	  0.4	0.159	0.000	0.000
424	  I	  3.7	  0.3	0.159	0.000	0.000
425	  D	  4.0	  0.3	0.249	0.000	0.000
426	  T	  6.2	  0.2	0.249	1.152	1.152
427	  V	 15.8	  0.0	0.249	1.416	1.416
428	  V	 18.7	  0.0	0.249	1.416	1.416
429	  V	 19.7	  0.0	0.249	1.416	1.416
430	  Q	  9.0	  0.0	0.249	1.416	1.416
431	  V	  5.7	  0.0	0.000	0.264	0.264
432	  P	  0.1	  0.0	0.000	0.117	0.117
433	  L	  0.1	  0.0	0.000	0.000	0.000
434	  P	  0.0	  0.0	0.000	0.000	0.000
435	  N	  0.0	  0.4	0.000	0.000	0.000
436	  P	  0.0	  0.4	0.000	0.000	0.000
437	  T	  1.6	  0.5	0.000	0.000	0.000
438	  T	  3.2	  0.5	0.000	0.000	0.000
439	  T	  4.8	  0.1	0.000	0.000	0.000
440	  T	  5.4	  0.1	0.000	0.000	0.000
441	  T	  6.0	  0.1	0.000	0.000	0.000
442	  Q	  6.8	  0.0	0.000	0.000	0.000
443	  F	  5.9	  0.0	0.000	0.000	0.000
444	  W	  4.1	  0.0	0.000	0.000	0.000
445	  S	  1.8	  1.0	0.000	0.000	0.000
446	  E	  0.6	  1.0	0.000	0.000	0.000
447	  S	  7.6	  1.0	0.000	0.000	0.000
448	  F	 10.2	  1.0	0.000	0.000	0.000
449	  T	 10.7	  0.1	0.000	0.000	0.000
450	  S	  4.0	  0.1	0.000	0.000	0.000
451	  T	  2.6	  0.1	0.000	0.000	0.000
452	  T	  2.9	  0.1	0.000	0.000	0.000
453	  T	 13.8	  0.0	0.000	0.000	0.000
454	  I	 12.9	  0.0	0.000	0.000	0.000
455	  T	 12.7	  0.1	0.000	0.000	0.000
456	  N	  1.3	  0.1	0.000	0.000	0.000
457	  S	  1.2	  0.2	0.000	0.000	0.000
458	  L	  0.5	  0.5	0.000	0.000	0.000
459	  K	  0.5	  0.6	0.000	0.000	0.000
460	  G	  0.1	  0.6	0.000	0.000	0.000
461	  T	  0.5	  0.5	0.000	0.000	0.000
462	  D	  0.6	  0.3	0.000	0.000	0.000
463	  S	  1.6	  0.2	0.219	0.000	0.000
464	  V	 15.3	  0.1	0.219	0.000	0.000
465	  I	 19.2	  0.0	0.219	0.000	0.000
466	  V	 19.2	  0.0	0.219	0.000	0.000
467	  R	  5.4	  0.0	0.219	0.000	0.000
468	  E	  1.0	  0.1	0.219	0.000	0.000
469	  P	  0.0	  0.1	0.000	0.000	0.000
470	  H	  0.1	  0.1	0.000	0.000	0.000
471	  N	  0.0	  0.3	0.000	0.000	0.000
472	  P	  0.0	  0.2	0.000	0.000	0.000
473	  T	 10.9	  0.2	0.000	0.000	0.000
474	  V	 12.5	  0.2	0.000	0.000	0.000
475	  T	 14.0	  0.0	0.000	0.000	0.000
476	  T	  3.5	  0.0	0.000	0.000	0.000
477	  T	  2.0	  0.0	0.000	0.000	0.000
478	  E	  0.8	  0.0	0.000	0.000	0.000
479	  F	  2.1	  0.0	0.000	0.000	0.000
480	  W	  2.3	  0.1	0.000	0.000	0.000
481	  S	  2.1	  1.2	0.000	0.000	0.000
482	  E	  0.7	  1.2	0.000	0.000	0.000
483	  S	  0.9	  1.2	0.129	0.000	0.000
484	  Y	  1.1	  1.1	0.129	0.000	0.000
485	  A	  1.0	  0.0	0.129	0.000	0.000
486	  T	  0.7	  0.0	0.256	0.000	0.000
487	  T	  0.5	  0.1	0.473	0.000	0.000
488	  E	  0.4	  0.1	0.473	0.000	0.000
489	  T	 11.9	  0.1	0.344	0.000	0.000
490	  I	 12.4	  0.2	0.344	0.000	0.000
491	  T	 12.3	  0.1	0.344	0.000	0.000
492	  N	  0.6	  0.1	0.344	0.000	0.000
493	  G	  0.0	  1.0	0.344	0.000	0.000
494	  P	  0.0	  1.2	0.000	0.000	0.000
495	  E	  0.0	  1.5	0.000	0.000	0.000
496	  G	  0.0	  1.5	0.000	0.000	0.000
497	  T	  0.5	  0.8	0.000	0.000	0.000
498	  D	  0.6	  0.4	0.000	0.000	0.000
499	  S	  1.6	  0.2	0.219	0.000	0.000
500	  V	 15.3	  0.1	0.219	0.000	0.000
501	  I	 19.2	  0.0	0.219	0.000	0.000
502	  V	 19.2	  0.0	0.219	0.000	0.000
503	  R	  5.4	  0.0	0.219	0.000	0.000
504	  E	  1.0	  0.1	0.219	0.000	0.000
505	  P	  0.0	  0.1	0.000	0.000	0.000
506	  H	  0.1	  0.1	0.000	0.000	0.000
507	  N	  0.0	  0.3	0.000	0.000	0.000
508	  P	  0.0	  0.2	0.000	0.000	0.000
509	  T	 10.9	  0.2	0.000	0.000	0.000
510	  V	 12.5	  0.2	0.000	0.000	0.000
511	  T	 14.0	  0.0	0.000	0.000	0.000
512	  T	  3.5	  0.0	0.000	0.000	0.000
513	  T	  2.0	  0.0	0.000	0.000	0.000
514	  E	  0.8	  0.0	0.000	0.000	0.000
515	  F	  2.1	  0.0	0.000	0.000	0.000
516	  W	  2.3	  0.1	0.000	0.000	0.000
517	  S	  2.1	  1.2	0.000	0.000	0.000
518	  E	  0.7	  1.2	0.000	0.000	0.000
519	  S	  0.9	  1.2	0.129	0.000	0.000
520	  Y	  1.1	  1.1	0.129	0.000	0.000
521	  A	  1.0	  0.0	0.129	0.000	0.000
522	  T	  0.7	  0.0	0.257	0.000	0.000
523	  T	  0.5	  0.1	0.473	0.000	0.000
524	  E	  0.4	  0.1	0.473	0.000	0.000
525	  T	 11.0	  0.1	0.344	0.000	0.000
526	  V	 12.6	  0.1	0.344	0.000	0.000
527	  T	 13.1	  0.0	0.344	0.000	0.000
528	  N	  2.3	  0.0	0.344	0.000	0.000
529	  K	  0.5	  0.5	0.344	0.000	0.000
530	  P	  0.0	  0.8	0.000	0.000	0.000
531	  E	  0.0	  1.1	0.000	0.000	0.000
532	  G	  0.0	  1.2	0.000	0.000	0.000
533	  T	  0.5	  0.8	0.000	0.000	0.000
534	  D	  0.6	  0.5	0.000	0.000	0.000
535	  S	  1.7	  0.2	0.355	0.000	0.000
536	  V	  8.2	  0.1	0.355	0.000	0.000
537	  I	  9.7	  0.0	0.355	0.000	0.000
538	  I	 10.3	  0.0	0.355	0.000	0.000
539	  K	  3.5	  0.0	0.355	0.000	0.000
540	  E	  1.8	  0.1	0.355	0.000	0.000
541	  P	  0.1	  0.1	0.000	0.000	0.000
542	  H	  0.1	  0.1	0.000	0.000	0.000
543	  N	  0.0	  0.4	0.000	0.000	0.000
544	  P	  0.0	  0.2	0.000	0.000	0.000
545	  T	 10.9	  0.2	0.000	0.000	0.000
546	  V	 12.5	  0.2	0.000	0.000	0.000
547	  T	 14.0	  0.0	0.000	0.000	0.000
548	  T	  3.5	  0.0	0.000	0.000	0.000
549	  T	  2.0	  0.0	0.000	0.000	0.000
550	  E	  0.8	  0.0	0.000	0.000	0.000
551	  F	  2.1	  0.0	0.000	0.000	0.000
552	  W	  2.3	  0.1	0.000	0.000	0.000
553	  S	  2.1	  1.2	0.000	0.000	0.000
554	  E	  0.7	  1.2	0.000	0.000	0.000
555	  S	  0.9	  1.2	0.126	0.000	0.000
556	  Y	  1.1	  1.1	0.126	0.000	0.000
557	  A	  1.0	  0.0	0.126	0.000	0.000
558	  T	  0.7	  0.0	0.126	0.000	0.000
559	  T	  0.5	  0.1	0.126	0.000	0.000
560	  E	  0.4	  0.1	0.126	0.000	0.000
561	  T	 11.8	  0.1	0.000	0.000	0.000
562	  I	 14.9	  0.1	0.000	0.000	0.000
563	  T	 15.0	  0.0	0.000	0.000	0.000
564	  T	  3.5	  0.1	0.000	0.000	0.000
565	  G	  0.1	  0.6	0.000	0.000	0.000
566	  P	  0.0	  0.6	0.000	0.000	0.000
567	  L	  0.0	  0.8	0.000	0.000	0.000
568	  G	  0.0	  0.8	0.000	0.000	0.000
569	  T	  0.5	  0.3	0.000	0.000	0.000
570	  D	  0.7	  0.3	0.000	0.000	0.000
571	  S	  1.2	  0.2	0.000	0.000	0.000
572	  I	  8.4	  0.1	0.000	0.000	0.000
573	  V	 11.8	  0.0	0.000	0.000	0.000
574	  I	 11.6	  0.0	0.000	0.000	0.000
575	  H	  4.1	  0.0	0.000	0.000	0.000
576	  D	  0.3	  0.3	0.540	0.000	0.000
577	  P	  0.0	  0.3	0.540	0.000	0.000
578	  L	  0.0	  0.4	0.540	0.000	0.000
579	  E	  0.0	  0.5	0.540	0.000	0.000
580	  E	  0.1	  0.2	0.540	0.000	0.000
581	  S	  1.0	  0.9	0.540	0.000	0.000
582	  S	  1.2	  0.9	0.104	0.000	0.000
583	  S	  1.9	  0.9	0.000	0.000	0.000
584	  T	  1.6	  0.8	0.000	0.000	0.000
585	  T	  1.7	  0.1	0.112	0.000	0.000
586	  A	  1.2	  0.0	0.112	0.000	0.000
587	  I	  1.1	  0.1	0.112	0.000	0.000
588	  E	  0.7	  0.2	0.112	0.000	0.000
589	  S	  0.6	  2.1	0.112	0.000	0.000
590	  S	  0.2	  2.8	0.112	0.000	0.000
591	  D	  0.1	  3.9	0.000	0.000	0.000
592	  S	  0.1	  3.8	0.000	0.000	0.000
593	  N	  1.2	  2.1	0.000	0.000	0.000
594	  I	  1.8	  1.4	0.000	0.000	0.000
595	  S	  2.6	  1.2	0.000	0.000	0.000
596	  S	  1.5	  1.3	0.000	0.000	0.000
597	  S	  1.2	  1.2	0.138	0.000	0.000
598	  A	  0.4	  1.1	0.138	0.000	0.000
599	  Q	  0.3	  0.3	0.138	0.000	0.000
600	  E	  0.1	  0.3	0.138	0.000	0.000
601	  S	  1.0	  1.0	0.138	0.000	0.000
602	  S	  1.8	  1.7	0.138	0.000	0.000
603	  S	  1.8	  1.6	0.000	0.000	0.000
604	  S	  4.7	  1.5	0.000	0.000	0.000
605	  V	  5.0	  0.8	0.000	0.000	0.000
606	  E	  4.9	  0.1	0.000	0.000	0.000
607	  Q	  1.3	  0.2	0.000	0.000	0.000
608	  S	  1.0	  0.8	0.000	0.000	0.000
609	  S	  1.0	  0.8	0.000	0.000	0.000
610	  S	  1.5	  0.8	0.000	0.545	0.545
611	  I	  3.7	  0.7	0.000	1.081	1.081
612	  V	  3.8	  0.1	0.000	1.081	1.081
613	  G	  3.2	  0.1	0.000	1.081	1.081
614	  L	  0.6	  0.2	0.000	1.081	1.081
615	  S	  1.2	  1.0	0.000	0.536	0.536
616	  S	  2.0	  2.1	0.000	0.000	0.000
617	  S	  1.8	  3.6	0.000	0.000	0.000
618	  S	  1.0	  3.5	0.000	0.000	0.000
619	  D	  0.2	  2.7	0.000	0.000	0.000
620	  I	  0.1	  1.6	0.000	0.000	0.000
621	  P	  0.1	  0.0	0.000	0.000	0.000
622	  L	  0.3	  0.1	0.000	0.000	0.000
623	  S	  0.4	  2.0	0.000	0.000	0.000
624	  S	  0.4	  2.0	0.000	0.000	0.000
625	  D	  0.1	  2.0	0.000	0.000	0.000
626	  M	  0.0	  2.3	0.000	0.000	0.000
627	  P	  0.0	  0.5	0.000	0.000	0.000
628	  S	  0.9	  1.4	0.000	0.000	0.000
629	  S	  1.8	  2.0	0.000	0.000	0.000
630	  S	  2.1	  2.1	0.000	0.000	0.000
631	  S	  1.3	  2.0	0.000	0.000	0.000
632	  T	  0.4	  1.3	0.000	0.000	0.000
633	  G	  0.2	  0.6	0.000	0.000	0.000
634	  L	  0.6	  0.2	0.000	0.000	0.000
635	  T	  1.9	  0.3	0.000	0.000	0.000
636	  S	  1.9	  0.2	0.000	0.000	0.000
637	  S	  1.5	  1.0	0.000	0.000	0.000
638	  E	  0.3	  1.0	0.000	0.000	0.000
639	  S	  0.4	  1.0	0.000	0.000	0.000
640	  S	  0.7	  0.9	0.000	0.000	0.000
641	  T	 17.0	  0.1	0.000	0.000	0.000
642	  V	 17.8	  0.2	0.000	0.000	0.000
643	  S	 17.6	  0.1	0.000	0.000	0.000
644	  S	  7.4	  0.5	0.000	0.000	0.000
645	  Y	  6.8	  0.5	0.000	0.000	0.000
646	  D	  6.6	  3.5	0.000	0.000	0.000
647	  S	  0.8	  4.0	0.000	0.000	0.000
648	  D	  0.1	  5.1	0.000	0.000	0.000
649	  S	  0.9	  5.8	0.000	0.000	0.000
650	  S	  1.7	  3.5	0.000	0.000	0.000
651	  S	  2.5	  3.7	0.000	0.000	0.000
652	  S	  1.8	  2.4	0.000	0.000	0.000
653	  S	  0.9	  1.6	0.000	0.000	0.000
654	  E	  0.4	  0.9	0.000	0.000	0.000
655	  L	  0.4	  0.2	0.000	0.000	0.000
656	  S	  0.9	  0.2	0.000	0.000	0.000
657	  T	 30.6	  0.1	0.000	0.000	0.000
658	  F	 31.6	  0.2	0.000	0.000	0.000
659	  S	 31.6	  0.5	0.000	0.000	0.000
660	  S	  2.3	  0.6	0.000	0.000	0.000
661	  S	  0.7	  1.2	0.000	0.000	0.000
662	  E	  0.3	  1.2	0.000	0.000	0.000
663	  S	 19.7	  0.9	0.000	0.000	0.000
664	  Y	 20.8	  0.9	0.000	0.000	0.000
665	  S	 21.3	  0.8	0.000	0.000	0.000
666	  S	  2.3	  0.8	0.000	0.000	0.000
667	  S	  5.3	  0.8	0.000	0.000	0.000
668	  I	  4.6	  0.8	0.000	0.000	0.000
669	  S	  4.5	  0.3	0.126	0.000	0.000
670	  D	  0.2	  0.4	0.126	0.000	0.000
671	  T	  0.7	  0.3	0.126	0.000	0.000
672	  T	  1.2	  0.2	0.126	0.000	0.000
673	  N	  2.5	  0.2	0.126	0.000	0.000
674	  F	  3.0	  0.2	0.126	0.000	0.000
675	  W	  2.9	  0.2	0.000	0.000	0.000
676	  D	  1.6	  1.7	0.000	0.000	0.000
677	  S	  1.4	  2.5	0.000	0.000	0.000
678	  S	  1.7	  3.5	0.000	0.000	0.000
679	  S	  1.7	  5.3	0.000	0.000	0.000
680	  S	  0.9	  3.8	0.000	0.000	0.000
681	  D	  0.3	  3.0	0.000	0.000	0.000
682	  L	  0.3	  2.0	0.000	0.000	0.000
683	  E	  0.4	  0.1	0.000	0.000	0.000
684	  S	  1.6	  0.2	0.000	0.000	0.000
685	  T	  1.7	  0.2	0.000	0.000	0.000
686	  S	  3.7	  0.2	0.000	0.000	0.000
687	  I	 14.1	  0.1	0.000	0.000	0.000
688	  T	 33.2	  0.0	0.000	0.000	0.000
689	  W	 31.7	  0.1	0.000	0.000	0.000
690	  S	 22.2	  0.5	0.000	0.000	0.000
691	  S	  1.6	  0.5	0.166	0.000	0.000
692	  S	  2.9	  0.8	0.166	0.000	0.000
693	  I	  3.0	  0.8	0.166	0.000	0.000
694	  D	  2.9	  0.6	0.273	0.000	0.000
695	  A	  0.7	  0.6	0.273	0.000	0.000
696	  Q	  0.2	  0.4	0.273	0.000	0.000
697	  S	  0.3	  0.5	0.107	0.000	0.000
698	  S	  1.8	  0.8	0.107	0.000	0.000
699	  Q	  2.0	  0.7	0.107	0.000	0.000
700	  S	  3.0	  0.6	0.000	0.000	0.000
701	  V	  2.5	  0.5	0.000	0.000	0.000
702	  Q	  2.5	  0.0	0.000	0.000	0.000
703	  S	 11.1	  0.2	0.000	0.000	0.000
704	  V	 10.3	  0.3	0.000	0.000	0.000
705	  S	 10.1	  0.4	0.000	0.000	0.000
706	  N	  0.6	  0.4	0.000	0.000	0.000
707	  S	  5.4	  0.4	0.091	0.000	0.000
708	  I	  6.2	  0.3	0.091	0.000	0.000
709	  S	  7.9	  0.3	0.091	0.000	0.000
710	  T	  3.9	  0.4	0.091	0.000	0.000
711	  S	  3.2	  0.3	0.197	0.000	0.000
712	  Q	  1.3	  0.3	0.197	0.000	0.000
713	  E	  0.5	  0.2	0.105	0.000	0.000
714	  T	  3.0	  0.1	0.105	0.000	0.000
715	  T	  4.2	  0.2	0.105	0.000	0.000
716	  S	  4.9	  2.9	0.105	0.000	0.000
717	  S	  2.2	  3.3	0.000	0.000	0.000
718	  S	  1.0	  3.4	0.000	0.000	0.000
719	  G	  0.1	  3.4	0.000	0.000	0.000
720	  E	  0.1	  0.8	0.000	0.000	0.000
721	  E	  0.0	  0.5	0.000	0.000	0.000
722	  S	  0.1	  0.3	0.000	0.000	0.000
723	  N	  0.3	  0.4	0.000	0.000	0.000
724	  T	  1.1	  0.3	0.000	0.000	0.000
725	  S	  4.7	  0.2	0.152	0.000	0.000
726	  V	  5.8	  0.2	0.152	0.000	0.000
727	  T	  5.2	  0.0	0.267	0.000	0.000
728	  D	  1.7	  0.0	0.267	0.000	0.000
729	  I	  3.4	  0.0	0.267	0.134	0.134
730	  L	  3.8	  0.0	0.267	0.134	0.134
731	  V	  4.9	  0.1	0.267	0.134	0.134
732	  S	  2.0	  2.1	0.267	0.134	0.134
733	  S	  1.3	  2.2	0.000	0.134	0.134
734	  D	  0.1	  4.2	0.000	0.000	0.000
735	  A	  0.2	  4.2	0.000	0.000	0.000
736	  S	  0.3	  2.1	0.111	0.000	0.000
737	  S	  0.5	  2.1	0.111	0.000	0.000
738	  I	  0.9	  0.1	0.111	0.000	0.000
739	  L	  1.2	  0.1	0.111	0.000	0.000
740	  N	  1.0	  1.1	0.111	0.000	0.000
741	  S	  0.4	  1.1	0.111	0.000	0.000
742	  D	  0.7	  1.3	0.000	0.000	0.000
743	  I	  1.3	  1.5	0.000	0.000	0.000
744	  S	  1.5	  0.5	0.000	0.000	0.000
745	  S	  2.7	  0.5	0.000	0.000	0.000
746	  Y	  2.2	  0.2	0.000	0.000	0.000
747	  Y	  2.0	  0.3	0.000	0.000	0.000
748	  P	  0.2	  0.4	0.000	0.000	0.000
749	  S	  0.3	  0.5	0.000	0.000	0.000
750	  S	  0.6	  0.5	0.000	0.000	0.000
751	  T	 13.2	  0.2	0.000	0.000	0.000
752	  I	 16.2	  0.1	0.000	0.000	0.000
753	  S	 20.4	  0.4	0.000	0.000	0.000
754	  L	  8.6	  0.6	0.000	0.000	0.000
755	  S	  5.0	  1.9	0.000	0.000	0.000
756	  D	  0.1	  1.8	0.000	0.000	0.000
757	  D	  0.1	  1.5	0.000	0.000	0.000
758	  F	  0.1	  1.4	0.000	0.000	0.000
759	  P	  0.0	  0.2	0.000	0.000	0.000
760	  H	  3.2	  0.2	0.000	0.000	0.000
761	  T	  5.9	  0.2	0.000	0.000	0.000
762	  I	  7.1	  0.2	0.000	0.000	0.000
763	  A	  4.0	  0.2	0.000	0.000	0.000
764	  G	  1.2	  0.2	0.000	0.000	0.000
765	  E	  0.0	  0.7	0.000	0.000	0.000
766	  P	  0.0	  0.6	0.000	0.000	0.000
767	  D	  0.1	  0.8	0.000	0.000	0.000
768	  S	  1.6	  1.4	0.000	0.000	0.000
769	  R	  1.8	  1.0	0.000	0.000	0.000
770	  S	  2.6	  1.7	0.000	0.000	0.000
771	  S	  1.9	  2.2	0.000	0.000	0.000
772	  S	  1.8	  1.6	0.000	0.000	0.000
773	  S	  1.3	  1.5	0.000	0.000	0.000
774	  I	  1.3	  0.7	0.000	0.231	0.231
775	  A	  1.3	  0.1	0.000	0.231	0.231
776	  S	  1.4	  0.1	0.000	0.231	0.231
777	  T	  6.9	  0.1	0.000	0.231	0.231
778	  V	 13.7	  0.1	0.000	0.231	0.231
779	  E	 14.4	  0.0	0.000	0.000	0.000
780	  I	  8.9	  0.1	0.000	0.000	0.000
781	  S	  1.9	  1.7	0.094	0.000	0.000
782	  S	  0.6	  1.7	0.094	0.000	0.000
783	  D	  0.2	  1.7	0.094	0.000	0.000
784	  L	  0.8	  1.7	0.094	0.327	0.327
785	  V	  5.4	  0.0	0.094	0.327	0.327
786	  S	  6.8	  0.0	0.094	0.327	0.327
787	  L	  6.7	  0.0	0.000	0.327	0.327
788	  T	  2.3	  0.0	0.000	0.327	0.327
789	  S	  0.6	  0.0	0.000	0.000	0.000
790	  D	  0.1	  0.8	0.000	0.000	0.000
791	  P	  0.0	  0.8	0.000	0.000	0.000
792	  T	  1.2	  0.9	0.000	0.000	0.000
793	  S	  1.5	  0.9	0.000	0.000	0.000
794	  S	  8.6	  0.5	0.000	0.000	0.000
795	  F	  8.2	  0.5	0.000	0.000	0.000
796	  D	  7.9	  1.8	0.000	0.000	0.000
797	  S	  1.7	  2.5	0.000	0.000	0.000
798	  S	  1.6	  3.0	0.000	0.000	0.000
799	  S	  1.6	  3.0	0.000	0.000	0.000
800	  S	  3.5	  2.2	0.000	0.000	0.000
801	  L	  3.1	  1.5	0.000	0.000	0.000
802	  N	  3.0	  3.1	0.000	0.000	0.000
803	  S	  0.5	  3.6	0.000	0.000	0.000
804	  D	  0.1	  4.5	0.000	0.000	0.000
805	  S	  1.0	  5.2	0.000	0.000	0.000
806	  S	  2.4	  2.8	0.000	0.000	0.000
807	  S	  2.4	  2.3	0.000	0.000	0.000
808	  S	  1.6	  1.0	0.000	0.000	0.000
809	  P	  0.0	  0.1	0.000	0.000	0.000
810	  F	  0.2	  0.4	0.000	0.000	0.000
811	  S	  0.2	  0.5	0.000	0.000	0.000
812	  D	  0.2	  2.6	0.000	0.000	0.000
813	  E	  0.0	  2.7	0.000	0.000	0.000
814	  S	  0.0	  2.5	0.119	0.000	0.000
815	  D	  0.6	  2.7	0.119	0.000	0.000
816	  I	  2.1	  0.5	0.119	0.000	0.000
817	  S	  4.4	  1.2	0.119	0.000	0.000
818	  A	  3.9	  1.3	0.119	0.000	0.000
819	  S	  3.2	  1.7	0.119	0.000	0.000
820	  S	  1.0	  1.7	0.000	0.000	0.000
821	  S	 20.5	  0.9	0.000	0.495	0.495
822	  F	 20.5	  1.0	0.000	4.455	4.455
823	  S	 20.4	  0.2	0.000	4.455	4.455
824	  T	  1.9	  0.2	0.000	4.455	4.455
825	  L	  2.4	  0.2	0.000	4.455	4.455
826	  V	  2.7	  0.0	0.000	4.455	4.455
827	  A	  1.7	  0.4	0.000	0.000	0.000
828	  P	  0.3	  0.4	0.000	0.000	0.000
829	  S	 19.5	  0.5	0.000	0.000	0.000
830	  F	 22.1	  0.5	0.000	0.000	0.000
831	  S	 26.2	  0.4	0.000	0.000	0.000
832	  L	  7.7	  0.5	0.000	0.000	0.000
833	  S	  5.3	  1.0	0.000	0.000	0.000
834	  S	  1.6	  1.6	0.000	0.000	0.000
835	  S	  2.1	  2.1	0.000	0.000	0.000
836	  S	  1.6	  2.1	0.000	0.000	0.000
837	  S	  5.8	  1.8	0.158	0.000	0.000
838	  L	  6.5	  1.1	0.158	0.000	0.000
839	  S	  8.0	  0.4	0.158	0.000	0.000
840	  L	  8.9	  0.3	0.158	0.000	0.000
841	  T	  7.9	  0.0	0.158	0.000	0.000
842	  Y	  6.5	  0.2	0.158	0.000	0.000
843	  P	  0.7	  0.2	0.000	0.000	0.000
844	  H	  2.1	  0.2	0.000	0.000	0.000
845	  Y	  3.6	  0.3	0.000	0.000	0.000
846	  V	  5.0	  0.0	0.000	0.000	0.000
847	  N	  3.1	  0.2	0.000	0.000	0.000
848	  S	  2.1	  0.2	0.000	0.000	0.000
849	  T	  4.0	  0.2	0.000	0.000	0.000
850	  T	 10.8	  0.1	0.000	0.000	0.000
851	  Y	 11.7	  0.0	0.000	0.000	0.000
852	  H	  8.8	  0.3	0.000	0.000	0.000
853	  A	  2.0	  0.3	0.000	0.000	0.000
854	  S	  0.5	  1.1	0.000	0.000	0.000
855	  E	  0.2	  1.2	0.000	0.000	0.000
856	  S	  0.3	  1.8	0.000	0.000	0.000
857	  E	  0.3	  1.8	0.000	0.000	0.000
858	  S	  1.1	  1.7	0.000	0.000	0.000
859	  S	  1.1	  1.7	0.000	0.000	0.000
860	  S	  1.6	  0.8	0.000	0.000	0.000
861	  V	  4.6	  0.7	0.000	0.000	0.000
862	  A	  4.5	  0.0	0.000	0.000	0.000
863	  S	  4.0	  2.7	0.000	0.000	0.000
864	  P	  0.1	  2.7	0.000	0.000	0.000
865	  S	  0.2	  2.7	0.000	0.000	0.000
866	  M	  0.3	  2.8	0.000	0.000	0.000
867	  A	  0.3	  0.2	0.000	0.000	0.000
868	  S	  0.3	  1.2	0.000	0.000	0.000
869	  E	  0.2	  1.2	0.000	0.000	0.000
870	  S	  0.7	  3.9	0.000	0.000	0.000
871	  A	  0.5	  3.9	0.000	0.000	0.000
872	  N	  0.5	  4.1	0.000	0.000	0.000
873	  D	  0.0	  4.2	0.000	0.000	0.000
874	  D	  0.1	  1.5	0.140	0.000	0.000
875	  T	  2.7	  1.4	0.140	0.000	0.000
876	  H	  3.7	  0.2	0.140	0.000	0.000
877	  T	  8.8	  0.1	0.140	0.000	0.000
878	  L	  6.3	  0.1	0.140	0.000	0.000
879	  S	  5.4	  0.7	0.140	0.000	0.000
880	  E	  0.3	  0.8	0.000	0.000	0.000
881	  S	  0.7	  1.2	0.000	0.000	0.000
882	  T	  1.0	  1.2	0.000	0.000	0.000
883	  D	  1.0	  0.5	0.000	0.000	0.000
884	  T	  3.4	  0.5	0.000	0.000	0.000
885	  T	  4.3	  0.2	0.000	0.000	0.000
886	  S	  4.3	  0.2	0.000	0.000	0.000
887	  S	  1.7	  0.3	0.000	0.000	0.000
888	  I	  0.4	  0.6	0.000	0.000	0.000
889	  G	  0.3	  0.6	0.000	0.000	0.000
890	  T	  0.6	  0.6	0.000	0.000	0.000
891	  D	  0.5	  1.4	0.000	0.000	0.000
892	  S	  0.7	  1.2	0.000	0.118	0.118
893	  S	  0.6	  1.1	0.092	1.061	1.061
894	  T	 10.1	  1.0	0.092	1.181	1.181
895	  V	 17.2	  0.1	0.092	1.181	1.181
896	  T	 24.3	  0.0	0.092	1.181	1.181
897	  F	 17.1	  0.0	0.092	1.181	1.181
898	  C	 10.3	  0.1	0.092	0.120	0.120
899	  R	  3.2	  0.5	0.000	0.000	0.000
900	  R	  1.3	  0.9	0.000	0.000	0.000
901	  D	  0.5	  1.8	0.000	0.000	0.000
902	  N	  0.1	  3.7	0.000	0.000	0.000
903	  G	  0.0	  3.9	0.000	0.000	0.000
904	  D	  0.0	  3.5	0.000	0.000	0.000
905	  G	  0.1	  2.6	0.000	0.000	0.000
906	  C	  4.6	  0.6	0.000	0.000	0.000
907	  I	  8.7	  0.1	0.000	0.000	0.000
908	  V	  9.3	  0.1	0.000	0.000	0.000
909	  T	  4.8	  0.1	0.000	0.000	0.000
910	  G	  0.7	  0.1	0.000	0.000	0.000
911	  M	  0.1	  0.4	0.000	0.000	0.000
912	  P	  0.0	  0.5	0.000	0.000	0.000
913	  S	  0.9	  1.2	0.000	0.000	0.000
914	  S	  1.0	  1.2	0.000	0.000	0.000
915	  S	  4.0	  1.2	0.000	0.000	0.000
916	  I	  3.9	  1.1	0.000	0.000	0.000
917	  D	  3.8	  0.6	0.000	0.000	0.000
918	  S	  0.8	  0.6	0.204	0.000	0.000
919	  E	  0.1	  0.3	0.204	0.000	0.000
920	  Q	  0.2	  0.3	0.204	0.000	0.000
921	  T	  0.2	  0.4	0.204	0.000	0.000
922	  S	  0.2	  0.3	0.204	0.000	0.000
923	  D	  1.1	  0.3	0.204	0.000	0.000
924	  V	  2.8	  0.3	0.000	0.314	0.314
925	  T	  4.4	  0.0	0.000	0.314	0.314
926	  T	  6.1	  0.1	0.000	0.314	0.314
927	  T	  5.6	  0.2	0.000	0.314	0.314
928	  S	  4.2	  0.2	0.000	0.443	0.443
929	  S	  2.4	  0.2	0.000	0.572	0.572
930	  F	  3.5	  0.1	0.000	0.702	0.702
931	  V	  5.5	  0.0	0.000	0.702	0.702
932	  A	  4.8	  0.1	0.000	0.532	0.532
933	  S	  2.9	  0.1	0.000	0.258	0.258
934	  S	  0.7	  0.1	0.000	0.129	0.129
935	  T	  0.6	  0.4	0.000	0.000	0.000
936	  P	  0.1	  0.3	0.000	0.000	0.000
937	  T	  0.4	  0.4	0.137	0.000	0.000
938	  S	  0.8	  0.4	0.137	0.000	0.000
939	  A	  0.8	  0.1	0.137	0.000	0.000
940	  E	  0.4	  0.1	0.137	0.000	0.000
941	  Q	  0.2	  0.1	0.137	0.000	0.000
942	  S	  3.1	  0.1	0.137	0.000	0.000
943	  I	  3.5	  0.1	0.000	0.000	0.000
944	  T	  3.5	  0.0	0.000	0.000	0.000
945	  D	  0.5	  0.0	0.000	0.000	0.000
946	  N	  0.1	  2.9	0.000	0.000	0.000
947	  P	  0.0	  2.8	0.000	0.000	0.000
948	  N	  1.3	  3.3	0.000	0.000	0.000
949	  I	  2.0	  3.3	0.000	0.000	0.000
950	  D	  2.1	  1.9	0.000	0.000	0.000
951	  S	  0.9	  1.9	0.122	0.000	0.000
952	  S	  0.5	  1.5	0.122	0.000	0.000
953	  Q	  0.5	  1.5	0.122	0.000	0.000
954	  T	  0.8	  0.2	0.122	0.000	0.000
955	  S	  3.4	  1.2	0.122	0.000	0.000
956	  A	  3.5	  1.2	0.122	0.000	0.000
957	  S	  3.9	  1.8	0.150	0.000	0.000
958	  S	  1.3	  1.9	0.150	0.000	0.000
959	  S	  1.4	  0.9	0.150	0.000	0.000
960	  T	  3.2	  0.9	0.150	0.000	0.000
961	  K	  2.9	  0.3	0.150	0.000	0.000
962	  S	  2.8	  0.2	0.150	0.000	0.000
963	  S	  9.5	  0.3	0.000	0.000	0.000
964	  V	 17.6	  0.2	0.000	0.000	0.000
965	  S	 25.8	  0.3	0.000	0.000	0.000
966	  V	 17.5	  0.3	0.000	0.000	0.000
967	  S	  9.8	  0.3	0.000	0.000	0.000
968	  D	  0.6	  0.3	0.000	0.000	0.000
969	  T	  5.0	  0.1	0.000	0.134	0.134
970	  V	  9.0	  0.1	0.000	0.357	0.357
971	  V	  9.9	  0.0	0.000	0.357	0.357
972	  N	  5.6	  0.0	0.128	0.357	0.357
973	  S	  6.5	  0.2	0.128	0.357	0.357
974	  I	  8.7	  0.2	0.128	0.357	0.357
975	  S	 13.3	  0.4	0.128	0.000	0.000
976	  L	  8.6	  0.5	0.128	0.000	0.000
977	  S	  5.4	  0.4	0.128	0.000	0.000
978	  E	  0.1	  0.4	0.000	0.000	0.000
979	  T	  0.8	  0.2	0.000	0.000	0.000
980	  S	  0.9	  0.2	0.000	0.000	0.000
981	  T	  6.1	  0.1	0.000	0.000	0.000
982	  L	  5.7	  0.2	0.000	0.000	0.000
983	  S	  5.6	  2.5	0.000	0.000	0.000
984	  S	  0.4	  3.6	0.000	0.000	0.000
985	  D	  0.1	  4.4	0.000	0.000	0.000
986	  D	  0.1	  4.5	0.000	0.000	0.000
987	  S	  2.0	  2.3	0.000	0.000	0.000
988	  T	  3.2	  1.3	0.000	0.000	0.000
989	  S	  3.2	  2.0	0.000	0.000	0.000
990	  S	  1.3	  1.8	0.000	0.000	0.000
991	  D	  0.2	  1.8	0.000	0.000	0.000
992	  T	  0.5	  1.6	0.000	0.000	0.000
993	  S	  6.1	  0.4	0.000	0.000	0.000
994	  I	  6.5	  0.4	0.000	0.000	0.000
995	  S	  6.5	  0.3	0.000	0.000	0.000
996	  S	  1.5	  0.3	0.000	0.000	0.000
997	  T	  1.4	  0.2	0.000	0.000	0.000
998	  T	  1.9	  0.2	0.000	0.000	0.000
999	  N	  1.3	  2.1	0.000	0.000	0.000
1000	  S	  0.8	  2.4	0.000	0.000	0.000
1001	  D	  0.0	  2.5	0.000	0.000	0.000
1002	  T	  0.0	  2.9	0.000	0.000	0.000
1003	  G	  0.0	  0.9	0.000	0.000	0.000
1004	  N	  1.6	  1.1	0.000	0.000	0.000
1005	  I	  2.6	  0.9	0.000	0.000	0.000
1006	  N	  2.6	  1.6	0.000	0.000	0.000
1007	  A	  1.0	  2.2	0.000	0.000	0.000
1008	  G	  0.0	  1.9	0.000	0.000	0.000
1009	  S	  0.2	  1.9	0.000	0.000	0.000
1010	  S	  1.3	  0.8	0.000	0.000	0.000
1011	  H	  1.9	  0.3	0.000	0.000	0.000
1012	  T	  2.5	  0.3	0.000	0.000	0.000
1013	  S	  1.5	  0.2	0.000	0.000	0.000
1014	  T	  3.6	  0.3	0.153	0.000	0.000
1015	  A	  3.3	  0.2	0.153	0.000	0.000
1016	  S	  3.9	  0.2	0.281	0.000	0.000
1017	  I	  2.0	  0.2	0.281	0.000	0.000
1018	  K	  1.6	  0.1	0.281	0.000	0.000
1019	  E	  0.8	  0.2	0.281	0.000	0.000
1020	  S	  0.3	  0.2	0.281	0.000	0.000
1021	  S	  0.6	  0.2	0.127	0.000	0.000
1022	  I	  0.7	  0.1	0.000	0.000	0.000
1023	  Q	  0.8	  0.2	0.000	0.000	0.000
1024	  K	  0.5	  0.3	0.000	0.000	0.000
1025	  T	  0.3	  0.3	0.000	0.121	0.121
1026	  G	  0.1	  0.3	0.000	0.121	0.121
1027	  V	  4.3	  0.1	0.000	0.331	0.331
1028	  M	  4.8	  0.0	0.000	0.331	0.331
1029	  L	  5.1	  0.1	0.000	0.331	0.331
1030	  S	  1.7	  1.1	0.000	0.210	0.210
1031	  S	  1.4	  1.1	0.000	0.210	0.210
1032	  S	  1.6	  1.1	0.000	0.210	0.210
1033	  Y	  1.7	  1.0	0.000	0.210	0.210
1034	  L	  1.6	  0.1	0.000	0.210	0.210
1035	  S	  1.4	  0.1	0.000	0.000	0.000
1036	  T	  1.3	  0.2	0.000	0.000	0.000
1037	  K	  1.6	  0.1	0.000	0.000	0.000
1038	  L	  1.6	  0.1	0.000	0.000	0.000
1039	  S	  1.1	  0.2	0.000	0.000	0.000
1040	  S	  2.5	  0.5	0.000	0.000	0.000
1041	  T	  2.3	  0.7	0.000	0.000	0.000
1042	  S	  2.0	  0.7	0.000	0.000	0.000
1043	  D	  1.4	  0.5	0.000	0.000	0.000
1044	  I	  4.9	  0.3	0.000	0.000	0.000
1045	  T	  5.2	  0.0	0.000	0.000	0.000
1046	  T	  3.9	  0.1	0.000	0.000	0.000
1047	  E	  0.4	  0.1	0.000	0.000	0.000
1048	  L	  0.5	  0.1	0.000	0.000	0.000
1049	  I	  4.0	  0.0	0.000	0.000	0.000
1050	  T	  4.3	  0.0	0.000	0.000	0.000
1051	  T	  4.0	  0.1	0.000	0.000	0.000
1052	  E	  0.4	  0.1	0.000	0.000	0.000
1053	  L	  0.5	  0.1	0.000	0.000	0.000
1054	  I	  4.0	  0.0	0.000	0.000	0.000
1055	  T	  4.3	  0.0	0.000	0.000	0.000
1056	  T	  4.0	  0.1	0.000	0.000	0.000
1057	  E	  0.9	  0.1	0.000	0.000	0.000
1058	  L	  0.9	  0.1	0.000	0.000	0.000
1059	  T	  1.9	  0.0	0.000	0.000	0.000
1060	  T	  5.5	  0.0	0.000	0.000	0.000
1061	  I	  5.3	  0.2	0.000	0.000	0.000
1062	  E	  4.3	  0.3	0.000	0.000	0.000
1063	  D	  0.1	  0.3	0.000	0.000	0.000
1064	  N	  0.0	  0.3	0.000	0.000	0.000
1065	  E	  0.0	  0.4	0.000	0.000	0.000
1066	  P	  0.0	  0.3	0.000	0.000	0.000
1067	  N	  2.6	  0.3	0.000	0.000	0.000
1068	  T	 21.5	  0.3	0.000	0.000	0.000
1069	  F	 23.9	  0.0	0.000	0.000	0.000
1070	  T	 22.5	  0.0	0.000	0.000	0.000
1071	  S	  3.9	  0.0	0.000	0.000	0.000
1072	  T	  1.2	  0.4	0.000	0.000	0.000
1073	  P	  0.1	  0.5	0.000	0.000	0.000
1074	  S	  0.2	  0.6	0.000	0.000	0.000
1075	  S	  1.6	  0.8	0.000	0.000	0.000
1076	  H	  1.6	  0.5	0.000	0.000	0.000
1077	  S	  1.4	  0.4	0.000	0.000	0.000
1078	  E	  0.6	  0.3	0.000	0.000	0.000
1079	  I	  1.6	  0.1	0.000	0.000	0.000
1080	  F	  3.0	  0.2	0.000	0.000	0.000
1081	  S	  2.6	  2.5	0.000	0.000	0.000
1082	  S	  1.5	  3.6	0.000	0.000	0.000
1083	  D	  0.1	  3.7	0.000	0.000	0.000
1084	  N	  0.3	  3.6	0.236	0.000	0.000
1085	  S	  0.8	  1.2	0.475	0.000	0.000
1086	  V	  3.6	  0.2	0.475	0.000	0.000
1087	  L	  3.6	  0.0	0.475	0.000	0.000
1088	  S	  3.3	  0.1	0.475	0.000	0.000
1089	  K	  0.6	  0.1	0.475	0.000	0.000
1090	  Q	  0.8	  0.1	0.239	0.000	0.000
1091	  V	  0.8	  0.1	0.000	0.000	0.000
1092	  D	  0.6	  0.1	0.127	0.000	0.000
1093	  R	  0.2	  0.2	0.127	0.000	0.000
1094	  E	  0.2	  0.3	0.127	0.000	0.000
1095	  S	  0.6	  0.2	0.127	0.000	0.000
1096	  T	 11.9	  0.1	0.127	0.000	0.000
1097	  I	 13.1	  0.1	0.127	0.000	0.000
1098	  K	 13.0	  0.0	0.127	0.000	0.000
1099	  T	  1.9	  0.0	0.000	0.000	0.000
1100	  S	  0.4	  0.3	0.000	0.000	0.000
1101	  P	  0.1	  0.3	0.000	0.000	0.000
1102	  T	  0.4	  0.4	0.000	0.000	0.000
1103	  T	  0.8	  0.4	0.000	0.000	0.000
1104	  D	  1.7	  0.1	0.000	0.000	0.000
1105	  V	  2.7	  0.1	0.000	0.490	0.490
1106	  T	  4.2	  0.0	0.000	0.490	0.490
1107	  T	 19.5	  0.0	0.000	0.490	0.490
1108	  V	 19.0	  0.1	0.000	0.490	0.490
1109	  S	 17.3	  0.1	0.000	0.490	0.490
1110	  S	  5.8	  0.3	0.000	0.316	0.316
1111	  L	  6.0	  0.3	0.000	0.316	0.316
1112	  S	  7.5	  0.3	0.000	0.190	0.190
1113	  V	  4.1	  0.2	0.000	0.190	0.190
1114	  H	  2.6	  0.1	0.000	0.000	0.000
1115	  S	  1.2	  0.2	0.000	0.000	0.000
1116	  T	  0.3	  0.2	0.000	0.000	0.000
1117	  E	  0.4	  0.3	0.000	0.000	0.000
1118	  A	  0.3	  0.2	0.000	0.000	0.000
1119	  S	  0.4	  0.2	0.726	0.000	0.000
1120	  T	  1.4	  0.3	0.726	0.000	0.000
1121	  A	  1.7	  0.2	0.726	0.000	0.000
1122	  T	  1.7	  0.3	0.726	0.000	0.000
1123	  L	  0.6	  0.4	0.726	0.000	0.000
1124	  G	  0.1	  0.6	0.726	0.000	0.000
1125	  E	  0.0	  0.6	0.243	0.000	0.000
1126	  N	  0.9	  0.5	0.000	0.000	0.000
1127	  S	 21.3	  0.5	0.000	0.000	0.000
1128	  F	 21.5	  0.6	0.000	0.000	0.000
1129	  S	 20.7	  0.6	0.000	0.000	0.000
1130	  N	  0.6	  0.6	0.000	0.000	0.000
1131	  V	  2.1	  0.5	0.000	0.000	0.000
1132	  A	  2.3	  0.0	0.000	0.000	0.000
1133	  S	  2.1	  0.0	0.000	0.000	0.000
1134	  T	  0.3	  0.6	0.000	0.000	0.000
1135	  P	  0.1	  0.8	0.000	0.000	0.000
1136	  S	  0.1	  0.8	0.000	0.000	0.000
1137	  N	  0.3	  0.8	1.100	0.000	0.000
1138	  I	  1.4	  0.2	1.100	0.000	0.000
1139	  A	  1.6	  0.0	1.100	0.000	0.000
1140	  T	  1.7	  0.1	1.100	0.000	0.000
1141	  S	  2.5	  0.1	1.100	0.000	0.000
1142	  L	  2.8	  0.1	1.100	0.000	0.000
1143	  R	  2.7	  0.2	0.678	0.000	0.000
1144	  S	  2.7	  0.3	0.298	0.000	0.000
1145	  T	  3.5	  0.5	0.000	0.000	0.000
1146	  S	  4.0	  1.2	0.000	0.000	0.000
1147	  S	  3.0	  2.2	0.000	0.000	0.000
1148	  S	  1.8	  3.7	0.000	0.000	0.000
1149	  S	  0.9	  3.6	0.000	0.000	0.000
1150	  N	  0.1	  2.8	0.162	0.000	0.000
1151	  H	  0.3	  1.9	0.162	0.000	0.000
1152	  A	  0.3	  0.2	0.162	0.000	0.000
1153	  T	  0.5	  0.3	0.162	0.000	0.000
1154	  E	  0.3	  0.5	0.162	0.000	0.000
1155	  S	  0.3	  0.6	0.162	0.000	0.000
1156	  S	  0.2	  0.6	0.000	0.000	0.000
1157	  G	  0.1	  0.5	0.000	0.000	0.000
1158	  T	 15.9	  0.3	0.000	0.000	0.000
1159	  V	 18.4	  0.1	0.000	0.000	0.000
1160	  K	 18.6	  0.1	0.000	0.000	0.000
1161	  S	  3.1	  0.1	0.098	0.000	0.000
1162	  E	  0.4	  0.1	0.098	0.000	0.000
1163	  A	  0.3	  0.1	0.098	0.000	0.000
1164	  S	  0.6	  0.2	0.098	0.000	0.000
1165	  A	  0.5	  0.2	0.098	0.000	0.000
1166	  E	  0.4	  0.2	0.098	0.000	0.000
1167	  A	  0.1	  0.2	0.000	0.000	0.000
1168	  I	  0.1	  0.0	0.000	0.000	0.000
1169	  P	  0.1	  0.0	0.000	0.000	0.000
1170	  S	  0.0	  0.0	0.000	0.000	0.000
1171	  P	  0.0	  0.3	0.000	0.000	0.000
1172	  P	  0.0	  0.4	0.000	0.000	0.000
1173	  T	  0.8	  0.5	0.000	0.000	0.000
1174	  S	  1.3	  1.1	0.000	0.000	0.000
1175	  T	  1.4	  1.0	0.000	0.000	0.000
1176	  D	  0.6	  0.9	0.158	0.000	0.000
1177	  N	  0.1	  0.9	0.158	0.000	0.000
1178	  R	  0.3	  0.2	0.158	0.000	0.000
1179	  L	  2.3	  0.1	0.158	0.000	0.000
1180	  S	 22.4	  0.2	0.373	0.000	0.000
1181	  Y	 22.7	  0.2	0.373	0.000	0.000
1182	  S	 21.2	  0.2	1.850	0.000	0.000
1183	  T	  1.0	  0.3	2.245	0.000	0.000
1184	  E	  0.2	  0.1	2.245	0.000	0.000
1185	  E	  0.4	  0.2	2.245	0.000	0.000
1186	  A	  0.4	  0.4	2.245	0.000	0.000
1187	  K	  0.4	  0.4	2.245	0.000	0.000
1188	  G	  0.3	  0.4	1.540	0.000	0.000
1189	  I	 15.4	  0.3	0.000	0.000	0.000
1190	  T	 18.3	  0.1	0.000	0.000	0.000
1191	  Y	 18.3	  0.2	0.000	0.000	0.000
1192	  A	  3.4	  0.3	0.000	0.000	0.000
1193	  N	  0.3	  0.9	0.000	0.000	0.000
1194	  S	  0.3	  3.0	0.000	0.000	0.000
1195	  G	  0.3	  2.9	0.000	0.000	0.000
1196	  S	  0.9	  3.4	0.000	0.000	0.000
1197	  T	  0.7	  2.8	0.000	0.000	0.000
1198	  N	  0.7	  0.8	0.000	0.000	0.000
1199	  N	  0.4	  0.6	0.372	0.000	0.000
1200	  L	  0.7	  0.1	0.372	0.000	0.000
1201	  I	  1.4	  0.0	0.372	0.000	0.000
1202	  T	  1.3	  0.1	0.372	0.000	0.000
1203	  E	  1.0	  0.2	0.372	0.000	0.000
1204	  S	  0.5	  0.2	0.372	0.000	0.000
1205	  Q	  0.4	  0.2	0.000	0.000	0.000
1206	  V	  3.2	  0.0	0.000	0.000	0.000
1207	  A	  3.1	  0.0	0.000	0.000	0.000
1208	  A	  2.9	  0.3	0.000	0.000	0.000
1209	  P	  0.0	  0.4	0.000	0.000	0.000
1210	  T	  0.5	  0.5	0.000	0.000	0.000
1211	  D	  0.6	  0.7	0.000	0.000	0.000
1212	  S	  2.6	  0.6	0.000	0.000	0.000
1213	  T	  2.9	  0.5	0.000	0.665	0.665
1214	  S	  3.3	  0.4	0.108	0.665	0.665
1215	  V	  4.2	  0.2	0.108	0.665	0.665
1216	  L	  3.5	  0.0	0.108	0.665	0.665
1217	  I	  3.2	  0.0	0.108	0.665	0.665
1218	  E	  0.3	  0.0	0.108	0.000	0.000
1219	  N	  0.2	  0.0	0.108	0.000	0.000
1220	  P	  0.0	  0.0	0.000	0.000	0.000
1221	  V	  2.7	  0.0	0.000	1.094	1.094
1222	  V	  5.2	  0.0	0.000	1.094	1.094
1223	  T	  5.9	  0.1	0.000	1.094	1.094
1224	  S	  3.8	  0.1	0.000	1.094	1.094
1225	  T	  8.3	  0.2	0.000	1.094	1.094
1226	  F	  7.8	  0.4	0.000	0.924	0.924
1227	  D	  7.2	  2.2	0.000	0.000	0.000
1228	  D	  0.3	  2.6	0.000	0.000	0.000
1229	  N	  0.1	  3.7	0.000	0.000	0.000
1230	  S	  0.2	  3.5	0.000	0.000	0.000
1231	  S	  0.2	  1.6	0.000	0.000	0.000
1232	  A	  0.3	  1.2	0.000	0.000	0.000
1233	  A	  0.5	  0.0	0.000	0.000	0.000
1234	  V	  2.8	  0.0	0.000	0.000	0.000
1235	  D	  2.7	  0.0	0.000	0.000	0.000
1236	  Q	  2.4	  0.3	0.000	0.000	0.000
1237	  P	  0.0	  0.4	0.000	0.000	0.000
1238	  S	  0.6	  0.5	0.000	0.000	0.000
1239	  K	  1.2	  0.5	0.000	0.000	0.000
1240	  T	  4.5	  0.3	0.000	0.000	0.000
1241	  K	  4.3	  0.2	0.000	0.000	0.000
1242	  S	  5.2	  0.1	0.796	0.000	0.000
1243	  I	  2.3	  0.1	0.796	0.000	0.000
1244	  E	  1.9	  0.1	0.940	0.000	0.000
1245	  E	  0.2	  0.1	0.940	0.000	0.000
1246	  S	  0.3	  0.1	0.940	0.000	0.000
1247	  I	  1.2	  0.1	0.940	0.000	0.000
1248	  M	  1.3	  0.0	0.940	0.000	0.000
1249	  N	  1.0	  8.4	0.803	0.000	0.000
1250	  P	  0.1	  8.4	0.000	0.000	0.000
1251	  D	  0.1	  8.7	0.000	0.000	0.000
1252	  S	  0.6	  9.1	0.000	0.000	0.000
1253	  T	  0.7	  0.7	0.000	0.000	0.000
1254	  N	  0.6	  0.9	0.000	0.000	0.000
1255	  E	  0.2	  0.7	0.000	0.000	0.000
1256	  T	  0.2	  0.5	0.000	0.000	0.000
1257	  N	  0.2	  0.7	0.000	0.000	0.000
1258	  N	  0.1	  0.5	0.000	0.000	0.000
1259	  G	  0.1	  0.4	0.000	2.374	2.374
1260	  F	  1.5	  0.2	0.000	25.441	25.441
1261	  I	  2.6	  0.0	0.000	25.638	25.638
1262	  A	  3.0	  0.0	0.000	25.638	25.638
1263	  T	  6.9	  0.0	0.000	25.638	25.638
1264	  L	  6.0	  0.1	0.000	25.321	25.321
1265	  S	  5.7	  0.1	0.000	3.167	3.167
1266	  Q	  0.5	  0.1	0.000	0.195	0.195
1267	  A	  0.5	  0.1	0.000	0.089	0.089
1268	  Q	  0.5	  0.0	0.000	0.000	0.000
1269	  V	  0.3	  0.4	0.000	0.000	0.000
1270	  P	  0.1	  0.4	0.000	0.000	0.000
1271	  N	  0.0	  0.5	0.000	0.000	0.000
1272	  S	  0.4	  0.5	0.000	0.000	0.000
1273	  L	  0.9	  0.1	0.000	0.000	0.000
1274	  I	  1.2	  0.0	0.000	0.000	0.000
1275	  H	  0.9	  0.1	0.000	0.000	0.000
1276	  S	  0.5	  0.9	0.000	0.000	0.000
1277	  E	  0.2	  0.9	0.000	0.000	0.000
1278	  S	  5.8	  1.0	0.279	0.000	0.000
1279	  I	  6.5	  0.9	0.279	0.000	0.000
1280	  S	  7.2	  0.2	0.396	0.000	0.000
1281	  T	  2.4	  0.2	0.396	0.000	0.000
1282	  T	  1.9	  0.1	0.396	0.000	0.000
1283	  M	  1.3	  0.0	0.396	0.000	0.000
1284	  A	  0.6	  0.1	0.277	0.000	0.000
1285	  K	  1.0	  0.1	0.277	0.000	0.000
1286	  T	  1.4	  0.2	0.000	0.000	0.000
1287	  T	  1.3	  0.2	0.000	0.000	0.000
1288	  D	  0.5	  0.9	0.000	0.000	0.000
1289	  A	  0.5	  0.9	0.000	0.000	0.000
1290	  S	  4.0	  1.8	0.000	0.000	0.000
1291	  I	  4.9	  2.7	0.000	0.000	0.000
1292	  N	  4.5	  3.4	0.000	0.000	0.000
1293	  G	  0.9	  3.5	0.000	0.000	0.000
1294	  D	  0.0	  2.6	0.177	0.000	0.000
1295	  S	  0.1	  1.6	0.458	0.000	0.000
1296	  A	  0.2	  0.4	0.458	0.000	0.000
1297	  A	  0.2	  0.5	0.458	0.000	0.000
1298	  S	  0.2	  0.6	0.458	0.000	0.000
1299	  N	  0.3	  0.6	0.458	0.000	0.000
1300	  S	  0.4	  0.4	0.281	0.000	0.000
1301	  Q	  0.3	  0.4	0.113	0.000	0.000
1302	  P	  0.1	  0.2	0.000	0.000	0.000
1303	  T	  0.8	  0.2	0.000	0.000	0.000
1304	  T	  1.4	  0.2	0.000	0.000	0.000
1305	  L	  1.5	  0.0	0.000	0.000	0.000
1306	  I	  1.0	  0.0	0.000	0.000	0.000
1307	  Q	  0.7	  0.0	0.000	0.000	0.000
1308	  Q	  0.8	  0.0	0.000	0.000	0.000
1309	  V	  1.4	  0.0	0.000	0.000	0.000
1310	  A	  1.3	  0.0	0.000	0.000	0.000
1311	  T	  2.3	  0.2	0.000	0.000	0.000
1312	  S	  1.6	  0.2	0.000	0.000	0.000
1313	  S	 10.4	  0.5	0.000	0.000	0.000
1314	  Y	 12.0	  0.5	0.000	0.000	0.000
1315	  N	 11.8	  0.3	0.000	0.000	0.000
1316	  Q	  3.1	  0.3	0.000	0.000	0.000
1317	  P	  0.0	  0.0	0.000	0.000	0.000
1318	  L	  0.3	  0.0	0.000	9.020	9.020
1319	  I	  3.9	  0.0	0.000	9.710	9.710
1320	  T	  7.3	  0.0	0.000	9.710	9.710
1321	  T	 10.2	  0.0	0.000	9.710	9.710
1322	  Y	  7.2	  0.5	0.000	9.710	9.710
1323	  A	  3.7	  1.0	0.000	4.999	4.999
1324	  G	  0.4	  1.1	0.000	0.352	0.352
1325	  S	  0.8	  2.0	0.000	0.000	0.000
1326	  S	  0.9	  1.6	1.278	0.000	0.000
1327	  S	  1.6	  1.3	1.278	0.000	0.000
1328	  A	  1.0	  1.1	1.278	0.000	0.000
1329	  T	  1.9	  0.2	1.278	0.000	0.000
1330	  K	  1.2	  0.2	1.278	0.000	0.000
1331	  H	  0.9	  1.0	1.278	0.000	0.000
1332	  P	  0.0	  1.0	0.000	0.002	0.002
1333	  S	  0.4	  1.0	1.926	0.311	0.311
1334	  W	  0.8	  1.0	1.926	2.982	2.982
1335	  L	  1.0	  0.0	1.926	3.602	3.602
1336	  L	  1.4	  0.0	1.926	3.710	3.710
1337	  K	  1.4	  0.0	1.926	3.729	3.729
1338	  F	  2.1	  0.0	1.926	92.141	92.141
1339	  I	  5.5	  0.0	1.324	98.971	98.971
1340	  S	  5.7	  0.0	1.683	99.077	99.077
1341	  V	  7.9	  0.0	1.019	99.922	99.922
1342	  A	  3.8	  0.0	1.019	99.990	99.990
1343	  L	  3.8	  0.0	0.842	99.990	99.990
1344	  F	  2.0	  0.0	0.842	99.987	99.987
1345	  F	  3.2	  0.0	0.470	99.947	99.947
1346	  F	  2.7	  0.0	0.000	97.057	97.057
1347	  L	  1.4	  0.0	0.000	3.730	3.730
