res	aa	Beta	Turn	Helix	Aggregation	Conc-Stab_Aggregation
01	  M	  0.3	  0.0	0.000	0.000	0.000
02	  M	  0.9	  0.0	0.000	0.000	0.000
03	  T	  1.5	  0.1	0.000	0.000	0.000
04	  S	  1.3	  0.1	0.000	0.000	0.000
05	  R	  0.8	  0.2	0.000	0.000	0.000
06	  K	  0.7	  0.2	0.000	0.000	0.000
07	  R	  1.8	  0.1	0.000	0.000	0.000
08	  T	 12.2	  0.1	0.117	0.000	0.000
09	  F	 12.3	  0.1	0.117	0.000	0.000
10	  E	 11.2	  0.1	0.117	0.000	0.000
11	  E	  1.8	  0.1	0.117	0.000	0.000
12	  F	  2.0	  0.1	0.117	0.000	0.000
13	  S	  3.9	  0.3	0.117	0.000	0.000
14	  T	  3.3	  0.4	0.000	0.000	0.000
15	  S	  3.9	  0.6	0.000	0.000	0.000
16	  H	  2.5	  0.5	0.000	0.000	0.000
17	  S	  2.1	  0.3	0.000	0.000	0.000
18	  F	  0.8	  0.2	0.000	0.000	0.000
19	  P	  0.3	  0.0	0.000	0.000	0.000
20	  F	  0.6	  0.1	0.000	0.000	0.000
21	  S	  0.6	  1.8	0.242	0.000	0.000
22	  E	  0.7	  1.8	0.242	0.000	0.000
23	  D	  0.2	  2.6	0.242	0.000	0.000
24	  T	  0.9	  2.6	0.242	0.000	0.000
25	  N	  1.0	  1.1	0.242	0.000	0.000
26	  S	  1.5	  1.0	0.242	0.000	0.000
27	  T	  1.4	  0.3	0.000	0.000	0.000
28	  R	  1.7	  0.3	0.000	0.000	0.000
29	  T	  1.4	  0.1	0.000	0.000	0.000
30	  N	  2.7	  0.1	0.000	0.000	0.000
31	  I	  2.5	  0.1	0.000	0.000	0.000
32	  F	 10.3	  0.0	0.000	0.000	0.000
33	  N	 11.8	  0.0	0.000	0.000	0.000
34	  C	 11.5	  0.0	0.000	0.000	0.000
35	  F	  4.4	  0.0	0.000	0.000	0.000
36	  P	  0.0	  0.5	0.000	0.000	0.000
37	  P	  0.0	  0.5	0.000	0.000	0.000
38	  S	  0.0	  0.5	0.000	0.000	0.000
39	  S	  0.0	  0.5	0.000	0.000	0.000
40	  P	  0.0	  0.0	0.000	0.000	0.000
41	  P	  0.0	  0.2	0.000	0.000	0.000
42	  P	  0.0	  0.3	0.000	0.000	0.000
43	  T	  1.6	  0.3	0.000	0.000	0.000
44	  T	  3.3	  0.3	0.000	0.000	0.000
45	  T	  5.9	  0.1	0.000	0.000	0.000
46	  T	  5.4	  0.2	0.000	0.000	0.000
47	  S	  4.5	  1.0	0.000	0.000	0.000
48	  S	  2.2	  1.0	0.000	0.000	0.000
49	  S	  8.0	  1.5	0.000	0.000	0.000
50	  Y	  9.3	  1.3	0.000	0.000	0.000
51	  D	  9.9	  0.5	0.000	0.000	0.000
52	  F	  4.8	  0.5	0.000	0.000	0.000
53	  Y	  3.3	  0.1	0.000	0.000	0.000
54	  N	  2.6	  0.2	0.000	0.000	0.000
55	  T	  1.5	  0.2	0.000	0.000	0.000
56	  S	  3.2	  1.4	0.000	0.000	0.000
57	  M	  3.1	  1.5	0.000	0.000	0.000
58	  D	  2.6	  2.4	0.000	0.000	0.000
59	  D	  0.1	  4.9	0.000	0.000	0.000
60	  S	  0.7	  3.9	0.000	0.000	0.000
61	  S	  1.8	  3.7	1.248	0.000	0.000
62	  C	  1.8	  2.8	1.248	0.000	0.000
63	  G	  1.2	  0.3	1.393	0.000	0.000
64	  E	  0.2	  0.2	1.393	0.000	0.000
65	  K	  0.3	  0.2	1.393	0.000	0.000
66	  R	  1.5	  0.1	1.393	0.000	0.000
67	  F	  3.2	  0.1	1.393	0.000	0.000
68	  Q	  3.1	  0.1	0.578	0.000	0.000
69	  K	  2.2	  0.1	0.175	0.000	0.000
70	  H	  1.7	  0.1	0.000	0.000	0.000
71	  K	  2.5	  0.1	0.000	0.000	0.000
72	  I	  2.6	  0.0	0.000	0.000	0.000
73	  H	  1.3	  0.1	0.000	0.000	0.000
74	  S	  0.4	  0.1	0.000	0.000	0.000
75	  E	  4.2	  0.1	0.000	0.000	0.000
76	  I	  5.2	  0.1	0.000	0.000	0.000
77	  H	  5.7	  0.0	0.311	0.000	0.000
78	  T	  3.0	  0.0	1.421	0.000	0.000
79	  T	  2.8	  0.0	5.078	0.000	0.000
80	  T	  5.9	  0.0	8.328	0.000	0.000
81	  I	  7.0	  0.0	8.328	0.000	0.000
82	  E	  6.1	  0.0	8.328	0.000	0.000
83	  M	  3.7	  0.0	8.328	0.000	0.000
84	  M	  1.7	  0.1	8.328	0.000	0.000
85	  M	  1.9	  0.1	8.217	0.000	0.000
86	  N	  0.8	  0.1	9.490	0.000	0.000
87	  A	  0.6	  0.1	8.223	0.000	0.000
88	  Q	  1.2	  0.0	7.604	0.000	0.000
89	  L	  2.5	  0.0	5.039	0.000	0.000
90	  Q	  3.2	  0.0	4.673	0.000	0.000
91	  L	  2.4	  0.0	3.892	0.000	0.000
92	  Q	  1.5	  0.1	3.410	0.000	0.000
93	  R	  0.8	  0.1	2.310	0.000	0.000
94	  Q	  0.8	  0.1	1.491	0.000	0.000
95	  E	  0.4	  0.1	0.785	0.000	0.000
96	  K	  0.7	  0.1	0.595	0.000	0.000
97	  L	  0.7	  0.1	0.595	0.000	0.000
98	  Q	  1.1	  0.1	0.595	0.000	0.000
99	  R	  1.0	  0.1	0.595	0.000	0.000
100	  Q	  1.2	  0.1	0.595	0.000	0.000
101	  Q	  1.3	  0.1	0.000	0.000	0.000
102	  Q	  1.0	  0.1	0.000	0.000	0.000
103	  Q	  0.7	  0.2	0.000	0.000	0.000
104	  P	  0.0	  0.2	0.000	0.000	0.000
105	  Q	  0.3	  0.2	0.000	0.000	0.000
106	  Q	  0.6	  0.3	0.000	0.000	0.000
107	  Q	  0.8	  0.1	0.000	0.000	0.000
108	  Q	  0.6	  0.1	0.000	0.000	0.000
109	  E	  0.3	  0.1	0.000	0.000	0.000
110	  E	 13.8	  0.1	0.000	0.000	0.000
111	  V	 16.3	  0.1	0.000	0.000	0.000
112	  K	 16.3	  1.3	0.000	0.000	0.000
113	  S	  2.9	  1.7	0.000	0.000	0.000
114	  D	  0.0	  1.8	0.000	0.000	0.000
115	  G	  0.0	  1.9	0.000	0.000	0.000
116	  E	  0.4	  0.7	0.000	0.000	0.000
117	  H	  0.5	  0.8	0.000	0.000	0.000
118	  N	  0.5	  1.6	0.000	0.000	0.000
119	  N	  0.1	  1.7	0.000	0.000	0.000
120	  G	  0.0	  1.8	0.000	0.000	0.000
121	  E	  0.1	  1.4	0.000	0.000	0.000
122	  S	  0.8	  0.3	0.000	0.000	0.000
123	  T	  8.0	  0.2	0.000	0.000	0.000
124	  Y	  9.0	  0.1	0.000	0.000	0.000
125	  H	  9.2	  0.0	0.000	0.000	0.000
126	  Q	  2.1	  0.0	0.000	0.000	0.000
127	  C	  0.9	  0.4	0.000	0.000	0.000
128	  P	  0.1	  0.3	0.000	0.000	0.000
129	  Y	  0.0	  0.3	0.000	0.000	0.000
130	  W	  0.0	  0.3	0.000	0.000	0.000
