res	aa	Beta	Turn	Helix	Aggregation	Conc-Stab_Aggregation
01	  M	  0.9	  0.1	0.000	0.000	0.000
02	  V	  5.0	  0.1	0.000	0.000	0.000
03	  S	  6.5	  0.1	0.000	0.000	0.000
04	  F	  6.2	  0.6	0.000	0.009	0.009
05	  K	  2.1	  0.6	0.000	0.009	0.009
06	  N	  0.6	  0.6	0.000	2.545	2.545
07	  L	  0.4	  0.6	0.000	64.883	64.883
08	  A	  0.9	  0.0	0.000	79.621	79.621
09	  I	  5.0	  0.0	0.000	96.329	96.329
10	  V	 11.5	  0.0	0.000	97.732	97.732
11	  T	 11.3	  0.0	0.000	97.782	97.782
12	  L	  7.6	  0.0	0.000	97.592	97.592
13	  A	  1.1	  0.0	0.000	95.589	95.589
14	  V	  2.2	  0.0	0.000	93.317	93.317
15	  T	  3.6	  0.0	0.000	65.201	65.201
16	  T	  5.9	  0.1	0.000	48.231	48.231
17	  T	  5.2	  0.1	0.000	37.978	37.978
18	  S	  7.1	  0.1	0.000	31.797	31.797
19	  V	  4.5	  0.1	0.000	29.374	29.374
20	  E	  3.6	  0.2	0.000	0.009	0.009
21	  G	  0.2	  0.2	0.000	0.021	0.021
22	  I	  3.9	  0.2	0.000	3.333	3.333
23	  S	 23.5	  0.2	0.100	3.333	3.333
24	  F	 23.7	  0.5	0.100	3.894	3.894
25	  S	 20.6	  0.5	0.191	3.894	3.894
26	  N	  2.0	  0.5	0.298	3.894	3.894
27	  I	  2.7	  0.4	0.298	3.894	3.894
28	  Y	  3.8	  0.1	0.298	3.894	3.894
29	  L	  2.3	  0.1	0.298	3.730	3.730
30	  N	  1.2	  0.1	0.379	0.118	0.118
31	  K	  0.3	  0.1	0.289	0.000	0.000
32	  A	  0.6	  0.0	0.181	9.085	9.085
33	  I	 13.8	  0.0	0.181	9.085	9.085
34	  T	 15.9	  0.0	0.181	9.085	9.085
35	  I	 15.9	  0.0	0.181	9.085	9.085
36	  F	  3.7	  0.0	0.181	9.085	9.085
37	  K	  1.1	  0.0	0.000	0.000	0.000
38	  N	  0.8	  0.6	0.000	0.000	0.000
39	  P	  0.0	  0.6	0.000	0.000	0.000
40	  T	  0.5	  0.6	0.000	0.000	0.000
41	  S	  1.0	  0.6	0.000	0.000	0.000
42	  L	  1.0	  0.1	0.000	0.000	0.000
43	  I	  0.5	  0.5	0.000	0.000	0.000
44	  P	  0.1	  0.5	0.000	0.000	0.000
45	  S	 20.8	  0.6	0.000	0.000	0.000
46	  F	 21.1	  0.8	0.000	0.000	0.000
47	  S	 21.1	  0.5	0.000	0.000	0.000
48	  N	  0.5	  0.6	0.000	0.000	0.000
49	  S	  0.3	  0.5	0.236	0.000	0.000
50	  K	  0.7	  0.3	0.236	0.000	0.000
51	  L	  1.1	  0.2	0.236	0.000	0.000
52	  I	  5.5	  0.1	0.236	0.000	0.000
53	  N	  5.9	  0.1	0.236	0.000	0.000
54	  Y	  7.0	  0.2	0.236	0.000	0.000
55	  Q	  2.8	  0.1	0.091	0.000	0.000
56	  N	  2.6	  0.1	0.000	0.000	0.000
57	  T	  1.3	  0.1	0.000	0.000	0.000
58	  K	  1.1	  0.0	0.000	0.000	0.000
59	  P	  0.2	  0.0	0.000	0.000	0.000
60	  I	  0.0	  0.8	0.000	0.000	0.000
61	  P	  0.0	  1.8	0.000	0.000	0.000
62	  G	  0.0	  1.8	0.000	0.000	0.000
63	  D	  0.0	  1.8	0.000	0.000	0.000
64	  S	  0.0	  1.0	0.000	0.000	0.000
65	  P	  0.0	  0.0	0.000	0.000	0.000
66	  I	  7.9	  0.0	0.000	0.000	0.000
67	  E	  8.8	  0.0	0.000	0.000	0.000
68	  V	  9.3	  0.0	0.000	0.000	0.000
69	  C	  2.2	  0.0	0.000	0.000	0.000
70	  D	  1.3	  1.7	0.462	0.000	0.000
71	  A	  0.8	  1.8	0.462	0.000	0.000
72	  S	  0.1	  1.9	0.765	0.000	0.000
73	  E	  0.2	  1.9	0.765	0.000	0.000
74	  K	  0.3	  0.2	0.765	0.000	0.000
75	  Q	  0.8	  0.1	0.765	0.000	0.000
76	  L	  1.1	  0.1	0.559	0.000	0.000
77	  L	  2.0	  0.0	0.455	0.000	0.000
78	  H	  2.1	  0.2	0.341	0.000	0.000
79	  L	  1.6	  0.2	0.000	0.000	0.000
80	  D	  0.6	  0.2	0.000	0.000	0.000
81	  E	  0.4	  0.2	0.000	0.000	0.000
82	  V	 14.7	  0.0	0.000	0.000	0.000
83	  I	 20.8	  0.0	0.000	0.000	0.000
84	  V	 20.9	  0.0	0.000	0.000	0.000
85	  T	  7.3	  0.0	0.000	0.000	0.000
86	  P	  0.5	  0.0	0.000	0.000	0.000
87	  N	  0.0	  0.0	0.000	0.000	0.000
88	  P	  0.0	  0.0	0.000	0.000	0.000
89	  P	  0.0	  0.0	0.000	0.000	0.000
90	  V	  0.6	  0.3	0.000	0.000	0.000
91	  A	  0.6	  0.3	0.000	0.000	0.000
92	  G	  0.6	  0.5	0.000	0.000	0.000
93	  Q	  0.2	  0.5	0.000	0.000	0.000
94	  N	  0.4	  0.3	0.000	0.861	0.861
95	  L	  3.6	  0.2	0.000	24.565	24.565
96	  T	 22.2	  0.0	0.000	28.464	28.464
97	  F	 26.3	  0.0	0.000	31.475	31.475
98	  T	 23.8	  0.0	0.000	31.676	31.676
99	  A	  5.8	  0.0	0.000	32.012	32.012
100	  V	  0.8	  0.2	0.000	30.998	30.998
101	  G	  0.1	  0.2	0.000	16.098	16.098
102	  T	  1.4	  0.3	0.000	14.481	14.481
103	  L	  1.4	  0.3	0.000	14.120	14.120
104	  D	  1.5	  0.3	0.000	0.000	0.000
105	  K	  0.9	  0.2	0.000	0.000	0.000
106	  T	  4.9	  0.1	0.099	0.000	0.000
107	  I	  5.1	  0.2	0.099	0.000	0.000
108	  E	  4.3	  0.3	0.099	0.000	0.000
109	  E	  0.2	  0.6	0.099	0.000	0.000
110	  G	  0.0	  0.6	0.099	0.000	0.000
111	  A	  0.2	  0.5	0.099	0.375	0.375
112	  Y	  1.7	  0.3	0.099	1.423	1.423
113	  V	 17.2	  0.0	0.093	1.718	1.718
114	  E	 18.5	  0.0	0.093	1.718	1.718
115	  V	 32.5	  0.0	0.093	2.264	2.264
116	  E	 18.7	  0.0	0.093	2.264	2.264
117	  V	 18.1	  0.0	0.093	2.264	2.264
118	  R	  3.3	  0.0	0.093	2.264	2.264
119	  Y	  1.9	  0.0	0.093	2.264	2.264
120	  G	  0.4	  0.0	0.109	2.264	2.264
121	  F	  1.3	  0.0	0.109	2.264	2.264
122	  I	  6.5	  0.0	0.109	2.264	2.264
123	  K	  6.9	  0.0	0.109	1.718	1.718
124	  L	  6.3	  0.0	0.109	1.718	1.718
125	  I	  1.9	  0.0	0.109	1.718	1.718
126	  H	  1.5	  0.1	0.109	0.000	0.000
127	  Q	  1.9	  0.1	0.000	0.000	0.000
128	  T	  8.4	  0.2	0.000	0.000	0.000
129	  Y	  9.3	  0.2	0.000	0.000	0.000
130	  D	  8.5	  0.1	0.110	0.000	0.000
131	  L	  1.4	  0.1	0.110	0.000	0.000
132	  C	  0.6	  0.1	0.655	0.000	0.000
133	  E	  0.5	  0.1	0.655	0.000	0.000
134	  E	  0.6	  0.1	0.655	0.000	0.000
135	  I	  2.8	  0.1	0.655	0.000	0.000
136	  V	 17.1	  0.0	0.802	0.000	0.000
137	  K	 18.0	  0.1	0.802	0.000	0.000
138	  V	 17.6	  0.1	0.539	0.000	0.000
139	  D	  3.5	  0.2	0.539	0.000	0.000
140	  L	  4.0	  0.2	0.426	0.000	0.000
141	  Q	  2.2	  0.1	0.426	0.000	0.000
142	  C	  2.1	  0.1	0.440	0.000	0.000
143	  P	  0.1	  0.0	0.127	0.000	0.000
144	  I	  1.3	  0.2	0.127	0.000	0.000
145	  K	  1.4	  0.5	0.127	0.000	0.000
146	  S	  1.4	  0.6	0.127	0.000	0.000
147	  G	  0.1	  0.7	0.127	0.000	0.000
148	  K	  0.2	  0.5	0.000	0.000	0.000
149	  Q	  0.3	  0.2	0.000	0.000	0.000
150	  T	 11.6	  0.1	0.000	0.000	0.000
151	  I	 13.3	  0.0	0.000	0.000	0.000
152	  T	 13.5	  0.2	0.000	0.000	0.000
153	  K	  2.6	  0.2	0.000	0.000	0.000
154	  N	  4.2	  0.2	0.000	0.000	0.000
155	  V	 15.4	  0.2	0.000	0.000	0.000
156	  E	 15.2	  0.0	0.000	0.000	0.000
157	  I	 11.9	  0.0	0.000	0.000	0.000
158	  P	  0.1	  0.1	0.000	0.000	0.000
159	  E	  0.0	  0.1	0.000	0.000	0.000
160	  E	  0.0	  0.1	0.000	0.000	0.000
161	  V	  0.0	  0.1	0.000	0.000	0.000
162	  P	  0.0	  2.9	0.000	0.000	0.000
163	  P	  0.0	  3.0	0.000	0.000	0.000
164	  G	  0.0	  3.0	0.000	0.000	0.000
165	  K	  0.2	  3.0	0.000	0.000	0.000
166	  Y	  1.2	  0.1	0.000	21.958	21.958
167	  L	  2.9	  0.0	0.113	21.958	21.958
168	  V	  7.0	  0.0	0.382	21.958	21.958
169	  V	  6.9	  0.0	0.382	21.958	21.958
170	  A	  5.3	  0.0	0.382	21.958	21.958
171	  R	  1.3	  0.0	0.382	0.000	0.000
172	  A	  0.7	  0.0	0.382	0.000	0.000
173	  Y	  4.8	  0.0	0.382	0.000	0.000
174	  T	  4.9	  0.4	0.000	0.000	0.000
175	  K	  4.6	  0.6	0.000	0.000	0.000
176	  D	  0.5	  0.7	0.000	0.000	0.000
177	  D	  0.1	  0.7	0.000	0.000	0.000
178	  E	  0.1	  0.3	0.000	0.000	0.000
179	  Y	  0.8	  0.1	0.000	10.659	10.659
180	  I	 10.7	  0.0	0.000	17.569	17.569
181	  T	 12.5	  0.0	0.000	18.944	18.944
182	  C	 12.1	  0.0	0.000	21.252	21.252
183	  L	  3.0	  0.0	0.000	32.384	32.384
184	  T	  2.0	  0.0	0.000	33.921	33.921
185	  A	  2.4	  0.0	0.000	34.029	34.029
186	  T	  4.2	  0.0	0.000	34.019	34.019
187	  I	  6.6	  0.0	0.000	34.019	34.019
188	  I	  5.9	  0.0	0.000	31.699	31.699
189	  F	  3.6	  0.0	0.000	3.398	3.398
190	  P	  0.1	  0.0	0.000	0.842	0.842
191	  V	  0.0	  0.0	0.000	0.000	0.000
192	  Q	  0.0	  0.0	0.000	0.000	0.000
