res	aa	Beta	Turn	Helix	Aggregation	Conc-Stab_Aggregation
01	  M	  1.6	  0.0	0.000	0.000	0.000
02	  R	  1.9	  0.0	0.000	0.000	0.000
03	  F	  2.2	  0.0	0.000	0.000	0.000
04	  A	  0.8	  0.0	0.000	0.000	0.000
05	  T	  2.8	  0.0	0.000	0.000	0.000
06	  T	  3.4	  0.1	0.000	0.000	0.000
07	  Q	  3.3	  0.1	0.000	0.000	0.000
08	  L	  1.1	  0.1	0.000	0.000	0.000
09	  A	  0.6	  0.0	0.000	0.000	0.000
10	  T	  0.5	  0.0	0.000	0.000	0.000
11	  L	  0.4	  0.0	0.000	0.000	0.000
12	  A	  0.0	  0.0	0.000	0.000	0.000
13	  C	  0.0	  0.0	0.000	0.000	0.000
14	  F	  0.0	  0.0	-1.#IO	0.000	0.000
15	  I	  0.0	  0.0	-1.#IO	0.000	0.000
16	  L	  0.0	  0.0	-1.#IO	0.000	0.000
17	  T	  0.0	  0.0	-1.#IO	0.000	0.000
18	  A	  0.0	  0.0	-1.#IO	0.000	0.000
19	  E	  0.0	  0.0	-1.#IO	0.000	0.000
20	  A	  0.0	  0.0	-1.#IO	0.000	0.000
21	  T	  0.0	  0.0	-1.#IO	0.000	0.000
22	  F	  0.0	  0.0	-1.#IO	0.000	0.000
23	  P	  0.0	  0.0	-1.#IO	0.000	0.000
24	  L	  0.0	  0.0	-1.#IO	0.000	0.000
25	  R	  0.0	  0.0	-1.#IO	0.000	0.000
26	  G	  0.0	  0.0	-1.#IO	0.000	0.000
27	  L	  0.0	  0.0	0.000	0.000	0.000
28	  F	  0.0	  0.0	0.000	0.000	0.000
29	  N	  0.0	  0.0	0.000	0.000	0.000
30	  D	  0.0	  0.0	0.000	0.000	0.000
31	  A	  0.0	  0.0	-1.#IO	0.000	0.000
32	  P	  0.0	  0.0	-1.#IO	0.000	0.000
33	  V	  0.0	  0.0	-1.#IO	0.000	0.000
34	  D	  0.0	  0.0	-1.#IO	0.000	0.000
35	  V	  0.0	  0.0	-1.#IO	0.000	0.000
36	  D	  0.0	  0.0	-1.#IO	0.000	0.000
37	  L	  0.0	  0.0	-1.#IO	0.000	0.000
38	  G	  0.0	  0.0	-1.#IO	0.000	0.000
39	  V	  0.0	  0.0	-1.#IO	0.000	0.000
40	  Y	  0.0	  0.0	-1.#IO	0.000	0.000
41	  H	  0.0	  0.0	-1.#IO	0.000	0.000
42	  E	  0.0	  0.0	-1.#IO	0.000	0.000
43	  E	  0.0	  0.0	-1.#IO	0.000	0.000
44	  S	  0.0	  0.0	-1.#IO	0.000	0.000
45	  G	  0.0	  0.0	-1.#IO	0.000	0.000
46	  N	  0.0	  0.0	-1.#IO	0.000	0.000
47	  N	  0.0	  0.0	-1.#IO	0.000	0.000
48	  K	  0.0	  0.0	-1.#IO	0.000	0.000
49	  E	  0.0	  0.0	-1.#IO	0.000	0.000
50	  Q	  0.0	  0.0	-1.#IO	0.000	0.000
51	  K	  0.0	  0.0	-1.#IO	0.000	0.000
52	  V	  0.0	  0.0	-1.#IO	0.000	0.000
53	  D	  0.0	  0.0	-1.#IO	0.000	0.000
54	  G	  0.0	  0.0	-1.#IO	0.000	0.000
55	  F	  0.0	  0.0	-1.#IO	0.000	0.000
56	  N	  0.0	  0.0	-1.#IO	0.000	0.000
57	  M	  0.0	  0.0	-1.#IO	0.000	0.000
58	  S	  0.0	  0.0	-1.#IO	0.000	0.000
59	  P	  0.0	  0.0	-1.#IO	0.000	0.000
60	  N	  0.0	  0.0	-1.#IO	0.000	0.000
61	  I	  0.0	  0.0	-1.#IO	0.000	0.000
62	  K	  0.0	  0.0	-1.#IO	0.000	0.000
63	  K	  0.0	  0.0	-1.#IO	0.000	0.000
64	  R	  0.0	  0.0	-1.#IO	0.000	0.000
65	  T	  0.0	  0.0	0.000	0.000	0.000
66	  N	  0.0	  0.0	0.000	0.000	0.000
67	  E	  0.0	  0.0	0.000	0.000	0.000
68	  N	  0.0	  0.1	0.000	0.000	0.000
69	  N	  0.0	  0.1	0.000	0.000	0.000
70	  A	  0.0	  0.3	0.000	0.257	0.257
71	  A	  0.1	  0.3	0.000	0.257	0.257
72	  N	  2.1	  0.2	0.000	0.257	0.257
73	  V	  6.4	  0.3	0.000	0.532	0.532
74	  V	  7.2	  0.1	0.000	0.532	0.532
75	  S	  5.8	  1.5	0.000	0.274	0.274
76	  T	  1.5	  1.7	0.000	0.274	0.274
77	  N	  0.6	  1.8	0.000	0.274	0.274
78	  G	  0.0	  1.8	0.000	0.891	0.891
79	  G	  0.0	  0.4	0.000	4.057	4.057
80	  L	  0.6	  0.1	0.000	10.658	10.658
81	  F	  1.4	  0.0	0.000	11.554	11.554
82	  I	  3.8	  0.0	0.000	11.554	11.554
83	  T	  4.0	  0.1	0.101	10.998	10.998
84	  S	  3.5	  0.1	0.444	8.092	8.092
85	  T	  1.7	  0.2	0.444	6.446	6.446
86	  K	  1.0	  0.2	0.444	0.000	0.000
87	  E	  1.8	  0.1	0.444	0.079	0.079
88	  L	  1.3	  0.1	0.444	0.079	0.079
89	  K	  2.0	  0.1	0.444	0.079	0.079
90	  T	  2.6	  0.0	0.000	17.574	17.574
91	  T	  7.3	  0.0	0.000	32.273	32.273
92	  V	 17.5	  0.0	0.000	48.676	48.676
93	  V	 18.0	  0.0	0.000	49.649	49.649
94	  V	 15.6	  0.0	0.000	49.724	49.724
95	  T	  6.2	  0.1	0.000	40.925	40.925
96	  S	  5.9	  0.1	0.000	24.585	24.585
97	  C	  6.7	  0.1	0.000	18.560	18.560
98	  F	  5.5	  0.2	0.000	17.302	17.302
99	  N	  3.5	  0.2	0.000	0.945	0.945
100	  N	  1.3	  0.2	0.000	0.324	0.324
101	  V	  1.8	  0.1	0.000	0.324	0.324
102	  C	  2.0	  0.1	0.000	0.060	0.060
103	  S	  1.3	  0.2	0.000	0.000	0.000
104	  E	  0.4	  0.2	0.000	0.000	0.000
105	  T	  0.4	  0.2	0.000	0.000	0.000
106	  S	  3.3	  0.1	0.000	0.000	0.000
107	  I	  9.0	  0.0	0.000	0.000	0.000
108	  T	  8.9	  0.0	0.000	0.000	0.000
109	  T	  6.0	  0.1	0.000	0.000	0.000
110	  P	  0.2	  0.2	0.000	0.000	0.000
111	  K	  0.4	  0.2	0.000	0.000	0.000
112	  T	  1.2	  0.2	0.000	0.000	0.000
113	  A	  1.5	  0.1	0.000	0.000	0.000
114	  V	  4.1	  0.0	0.000	0.000	0.000
115	  T	  4.4	  0.0	0.000	0.000	0.000
116	  A	  4.2	  0.0	0.000	0.000	0.000
117	  T	  4.1	  0.1	0.000	0.000	0.000
118	  T	  4.1	  0.1	0.000	0.000	0.000
119	  S	  4.2	  0.2	0.000	0.000	0.000
120	  K	  1.5	  0.2	0.000	0.000	0.000
121	  H	  0.3	  0.3	0.000	0.000	0.000
122	  S	  2.2	  0.5	0.000	0.000	0.000
123	  T	  4.2	  0.4	0.000	0.000	0.000
124	  S	  4.2	  0.4	0.000	0.000	0.000
125	  K	  2.2	  0.4	0.000	0.000	0.000
126	  P	  0.1	  0.2	0.000	0.000	0.000
127	  T	 18.4	  0.2	0.000	0.000	0.000
128	  Y	 19.7	  0.2	0.000	0.000	0.000
129	  T	 21.1	  0.0	0.000	0.000	0.000
130	  T	  5.2	  0.1	0.000	0.000	0.000
131	  T	  4.7	  0.1	0.000	0.000	0.000
132	  S	  3.5	  0.2	0.000	0.000	0.000
133	  K	  1.3	  0.2	0.000	0.000	0.000
134	  H	  0.3	  0.3	0.000	0.000	0.000
135	  S	  2.1	  0.5	0.000	0.000	0.000
136	  T	  2.7	  0.5	0.000	0.000	0.000
137	  S	  3.9	  0.7	0.000	0.000	0.000
138	  H	  2.1	  0.7	0.000	0.000	0.000
139	  S	  1.9	  0.5	0.000	0.000	0.000
140	  S	  0.6	  0.4	0.000	0.000	0.000
141	  T	  0.6	  0.2	0.000	0.000	0.000
142	  P	  0.1	  0.2	0.000	0.000	0.000
143	  A	  0.1	  0.2	0.000	0.000	0.000
144	  S	  2.2	  0.5	0.000	0.000	0.000
145	  T	  3.4	  0.5	0.000	0.000	0.000
146	  S	  3.5	  0.5	0.000	0.000	0.000
147	  K	  1.5	  0.4	0.000	0.000	0.000
148	  H	  0.3	  0.3	0.000	0.000	0.000
149	  S	  2.1	  0.4	0.000	0.000	0.000
150	  T	  2.8	  0.4	0.000	0.000	0.000
151	  S	  4.7	  0.6	0.000	0.000	0.000
152	  T	  3.6	  0.5	0.000	0.000	0.000
153	  S	  3.5	  0.3	0.000	0.000	0.000
154	  T	  1.7	  0.3	0.000	0.000	0.000
155	  H	  0.9	  0.2	0.000	0.000	0.000
156	  P	  0.2	  0.3	0.000	0.000	0.000
157	  A	  0.2	  0.3	0.000	0.000	0.000
158	  T	  0.3	  0.4	0.000	0.000	0.000
159	  S	  0.4	  0.3	0.000	0.000	0.000
160	  E	  0.3	  0.2	0.000	0.000	0.000
161	  H	  0.2	  0.4	0.000	0.000	0.000
162	  S	  2.2	  0.5	0.000	0.000	0.000
163	  T	  3.3	  0.5	0.000	0.000	0.000
164	  S	  5.5	  1.1	0.000	0.000	0.000
165	  K	  4.2	  1.0	0.000	0.000	0.000
166	  S	  3.3	  0.8	0.000	0.000	0.000
167	  T	  1.7	  0.7	0.000	0.000	0.000
168	  H	  1.3	  0.3	0.000	0.000	0.000
169	  A	  1.1	  0.3	0.000	0.000	0.000
170	  T	  1.7	  0.4	0.000	0.000	0.000
171	  S	  1.6	  0.5	0.000	0.000	0.000
172	  S	  1.6	  0.4	0.000	0.000	0.000
173	  K	  0.4	  0.4	0.000	0.000	0.000
174	  H	  0.3	  0.4	0.000	0.000	0.000
175	  S	  2.1	  0.5	0.000	0.000	0.000
176	  T	  3.2	  0.4	0.000	0.000	0.000
177	  S	  5.0	  1.1	0.000	0.000	0.000
178	  K	  3.1	  1.0	0.000	0.000	0.000
179	  S	  2.1	  0.8	0.000	0.000	0.000
180	  S	  9.8	  0.8	0.000	0.000	0.000
181	  V	 17.2	  0.2	0.000	0.178	0.178
182	  S	 20.0	  0.1	0.117	0.178	0.178
183	  V	 12.8	  0.1	0.117	0.178	0.178
184	  T	  7.1	  0.0	0.117	0.178	0.178
185	  T	  4.8	  0.1	0.117	0.178	0.178
186	  S	  3.6	  0.2	0.117	0.000	0.000
187	  K	  1.4	  0.2	0.117	0.000	0.000
188	  H	  0.3	  0.3	0.000	0.000	0.000
189	  S	  0.6	  0.3	0.000	0.000	0.000
190	  T	  1.2	  0.3	0.000	0.000	0.000
191	  H	  1.2	  0.3	0.000	0.000	0.000
192	  D	  1.0	  0.2	0.000	0.000	0.000
193	  T	  3.1	  0.2	0.000	0.000	0.000
194	  T	  4.2	  0.2	0.000	0.000	0.000
195	  S	  6.2	  1.1	0.000	0.000	0.000
196	  K	  3.9	  1.0	0.000	0.000	0.000
197	  S	  3.5	  1.0	0.000	0.000	0.000
198	  F	  2.6	  0.9	0.000	0.000	0.000
199	  V	  2.2	  0.0	0.000	0.000	0.000
200	  T	  1.4	  0.0	0.000	0.000	0.000
201	  P	  0.0	  0.0	0.000	0.000	0.000
202	  P	  0.0	  0.2	0.000	0.000	0.000
203	  A	  0.1	  0.3	0.000	0.000	0.000
204	  S	  0.4	  0.4	0.000	0.000	0.000
205	  S	  1.1	  0.4	0.000	0.000	0.000
206	  T	  3.8	  0.3	0.000	0.000	0.000
207	  T	  3.6	  0.2	0.000	0.000	0.000
208	  S	  3.0	  0.2	1.136	0.000	0.000
209	  E	  0.8	  0.2	1.136	0.000	0.000
210	  H	  1.5	  0.2	1.136	0.000	0.000
211	  T	  2.0	  0.2	1.136	0.000	0.000
212	  K	  1.7	  0.1	1.136	0.000	0.000
213	  H	  1.2	  0.4	1.136	0.000	0.000
214	  K	  1.0	  0.4	0.256	0.000	0.000
215	  S	  1.4	  0.4	0.000	0.000	0.000
216	  H	  1.1	  0.3	0.000	0.000	0.000
217	  K	  0.8	  0.4	0.000	0.000	0.000
218	  P	  0.1	  0.4	0.000	0.000	0.000
219	  S	  0.5	  0.5	0.000	0.000	0.000
220	  K	  1.2	  0.5	0.000	0.000	0.000
221	  T	  6.3	  0.1	0.000	11.764	11.764
222	  V	  8.2	  0.1	0.000	20.464	20.464
223	  V	 13.0	  0.0	0.000	20.611	20.611
224	  T	 10.0	  0.0	0.000	20.611	20.611
225	  L	  7.8	  0.0	0.000	20.611	20.611
226	  T	  4.3	  0.1	0.000	14.086	14.086
227	  S	 20.5	  0.3	0.000	1.919	1.919
228	  C	 20.2	  0.8	0.000	0.255	0.255
229	  S	 18.7	  1.1	0.000	0.000	0.000
230	  N	  0.2	  1.1	0.000	0.000	0.000
231	  N	  0.0	  0.9	0.000	0.000	0.000
232	  A	  0.2	  0.4	0.000	0.000	0.000
233	  C	  2.0	  0.1	0.000	0.000	0.000
234	  S	  3.4	  0.6	0.000	0.000	0.000
235	  Q	  3.4	  0.7	0.000	0.000	0.000
236	  S	  1.7	  0.7	0.157	0.000	0.000
237	  E	  3.6	  0.6	0.157	0.000	0.000
238	  I	  7.0	  0.1	0.157	9.730	9.730
239	  T	  7.0	  0.1	0.157	10.540	10.540
240	  T	  3.5	  0.2	0.157	13.881	13.881
241	  G	  0.1	  0.2	0.157	19.190	19.190
242	  A	  0.6	  0.2	0.000	64.679	64.679
243	  I	  9.4	  0.1	0.000	64.679	64.679
244	  V	 12.0	  0.0	0.000	64.679	64.679
245	  V	 12.8	  0.0	0.000	64.118	64.118
246	  T	  4.3	  0.1	0.000	59.865	59.865
247	  D	  1.5	  0.2	0.571	0.000	0.000
248	  K	  0.4	  0.2	0.571	0.000	0.000
249	  E	  0.2	  0.2	0.571	0.000	0.000
250	  T	  5.1	  0.2	0.571	5.430	5.430
251	  V	  7.2	  0.1	0.571	6.684	6.684
252	  Y	  8.4	  0.0	0.571	6.684	6.684
253	  T	  6.7	  0.0	0.167	6.684	6.684
254	  T	 16.4	  0.0	0.167	6.684	6.684
255	  Y	 15.3	  0.0	0.167	5.492	5.492
256	  C	 12.4	  0.2	0.167	0.000	0.000
257	  P	  0.2	  0.2	0.000	0.000	0.000
258	  L	  0.2	  0.2	0.000	0.000	0.000
259	  T	  0.6	  0.3	0.000	0.000	0.000
260	  D	  0.7	  0.1	0.000	0.000	0.000
261	  T	  0.6	  0.2	0.000	0.000	0.000
262	  E	  0.2	  0.2	0.000	0.000	0.000
263	  T	  0.2	  0.2	0.000	0.000	0.000
264	  E	  0.1	  0.2	0.000	0.000	0.000
265	  T	  0.3	  0.2	0.000	0.000	0.000
266	  E	  0.4	  0.2	0.000	0.000	0.000
267	  S	  1.1	  0.2	0.000	0.000	0.000
268	  T	  1.4	  0.2	0.000	0.000	0.000
269	  T	  2.4	  0.1	0.000	0.000	0.000
270	  A	  1.9	  0.1	0.000	0.000	0.000
271	  T	  4.2	  0.1	0.000	0.000	0.000
272	  T	  4.2	  0.1	0.000	0.000	0.000
273	  S	  4.3	  0.2	0.000	0.000	0.000
274	  K	  1.5	  0.2	0.000	0.000	0.000
275	  H	  0.3	  0.3	0.000	0.000	0.000
276	  S	  0.5	  0.3	0.000	0.000	0.000
277	  T	  3.2	  0.2	0.000	0.000	0.000
278	  H	  3.7	  0.2	0.000	0.000	0.000
279	  T	  5.0	  0.1	0.000	0.000	0.000
280	  T	  5.1	  0.1	0.000	0.000	0.000
281	  T	  5.6	  0.1	0.000	0.000	0.000
282	  S	  4.2	  0.2	0.000	0.000	0.000
283	  K	  1.5	  0.2	0.000	0.000	0.000
284	  H	  0.3	  0.4	0.000	0.000	0.000
285	  S	  0.3	  0.3	0.000	0.000	0.000
286	  S	  4.0	  0.2	0.000	0.000	0.000
287	  V	  5.2	  0.3	0.000	0.000	0.000
288	  E	  5.2	  0.1	0.000	0.000	0.000
289	  S	  3.3	  0.3	0.000	0.000	0.000
290	  T	  2.7	  0.3	0.000	0.000	0.000
291	  S	  6.1	  0.2	0.000	0.000	0.000
292	  V	  6.8	  0.2	0.000	0.000	0.000
293	  T	  7.3	  0.1	0.000	0.000	0.000
294	  S	  4.7	  0.9	0.000	0.000	0.000
295	  S	  2.2	  1.0	0.000	0.000	0.000
296	  S	  1.1	  1.1	0.000	0.000	0.000
297	  K	  0.3	  1.0	0.000	0.000	0.000
298	  H	  0.4	  0.2	0.000	0.000	0.000
299	  S	 10.4	  0.3	0.000	0.000	0.000
300	  V	 11.2	  0.2	0.000	0.000	0.000
301	  S	 13.0	  0.7	0.000	0.000	0.000
302	  K	  3.5	  0.8	0.000	0.000	0.000
303	  S	  3.0	  1.0	0.000	0.000	0.000
304	  T	  1.4	  1.0	0.000	0.000	0.000
305	  D	  1.9	  0.5	0.186	0.000	0.000
306	  V	  3.2	  0.4	0.186	0.000	0.000
307	  T	  5.6	  0.0	0.186	0.000	0.000
308	  T	  5.7	  0.1	0.186	0.000	0.000
309	  S	  4.2	  0.2	0.186	0.000	0.000
310	  K	  1.5	  0.2	0.186	0.000	0.000
311	  H	  0.3	  0.4	0.000	0.000	0.000
312	  S	  1.0	  1.2	0.000	0.000	0.000
313	  S	  1.0	  1.1	0.000	0.000	0.000
314	  S	  1.1	  2.1	0.000	0.000	0.000
315	  E	  0.3	  1.9	0.000	0.000	0.000
316	  S	  0.4	  1.3	0.000	0.000	0.000
317	  S	  0.4	  1.2	0.172	0.000	0.000
318	  H	  0.6	  0.4	0.172	0.000	0.000
319	  A	  0.5	  0.3	0.172	0.000	0.000
320	  T	  1.3	  0.2	0.172	0.000	0.000
321	  T	  4.4	  0.2	0.172	0.000	0.000
322	  M	  4.6	  0.1	0.172	0.000	0.000
323	  K	  3.8	  0.1	0.000	0.000	0.000
324	  H	  0.5	  0.2	0.000	0.000	0.000
325	  S	  2.1	  0.5	0.000	0.000	0.000
326	  T	  3.3	  0.5	0.000	0.000	0.000
327	  S	  3.4	  0.6	0.000	0.000	0.000
328	  K	  1.5	  0.4	0.000	0.000	0.000
329	  H	  0.3	  0.4	0.000	0.000	0.000
330	  S	  0.6	  0.3	0.000	0.000	0.000
331	  T	  1.2	  0.2	0.000	0.000	0.000
332	  H	  1.4	  0.4	0.000	0.000	0.000
333	  A	  1.1	  0.2	0.000	0.000	0.000
334	  T	  3.3	  0.2	0.000	0.000	0.000
335	  T	  4.3	  0.3	0.000	0.000	0.000
336	  S	  4.3	  0.2	0.000	0.000	0.000
337	  K	  1.5	  0.2	0.000	0.000	0.000
338	  H	  0.3	  0.3	0.000	0.000	0.000
339	  S	  0.8	  0.3	0.000	0.000	0.000
340	  T	  1.0	  0.2	0.000	0.000	0.000
341	  T	  1.2	  0.3	0.000	0.000	0.000
342	  E	  0.7	  0.2	0.000	0.000	0.000
343	  S	  2.3	  0.9	0.000	0.000	0.000
344	  T	  2.2	  1.1	0.000	0.000	0.000
345	  S	  2.1	  1.2	0.192	0.000	0.000
346	  G	  0.4	  1.2	0.192	0.000	0.000
347	  I	  2.8	  0.4	0.192	0.000	0.000
348	  T	  4.0	  0.4	0.192	0.000	0.000
349	  S	  3.9	  0.2	0.192	0.000	0.000
350	  K	  1.5	  0.2	0.192	0.000	0.000
351	  H	  0.3	  0.4	0.000	0.000	0.000
352	  S	  0.6	  0.3	0.000	0.000	0.000
353	  T	  1.2	  0.2	0.000	0.000	0.000
354	  H	  1.4	  0.4	0.000	0.000	0.000
355	  A	  1.1	  0.3	0.000	0.000	0.000
356	  T	  1.7	  0.4	0.000	0.000	0.000
357	  S	  1.6	  0.5	0.000	0.000	0.000
358	  S	  1.7	  0.3	0.000	0.000	0.000
359	  K	  1.0	  0.2	0.000	0.000	0.000
360	  Y	  1.6	  0.2	0.000	0.000	0.000
361	  S	  1.8	  0.1	0.000	0.000	0.000
362	  T	  7.7	  0.1	0.000	0.000	0.000
363	  V	  8.3	  0.2	0.000	0.000	0.000
364	  E	  7.9	  0.1	0.000	0.000	0.000
365	  S	  2.3	  0.9	0.000	0.000	0.000
366	  S	  1.7	  1.8	0.000	0.000	0.000
367	  S	  1.9	  1.8	0.000	0.000	0.000
368	  S	  1.7	  1.7	0.000	0.000	0.000
369	  F	  1.6	  1.0	0.000	0.000	0.000
370	  A	  1.4	  0.2	0.000	0.000	0.000
371	  S	  2.8	  0.4	0.000	0.000	0.000
372	  T	  2.2	  0.5	0.000	0.000	0.000
373	  S	  2.3	  1.3	0.000	0.000	0.000
374	  E	  0.4	  1.3	0.000	0.000	0.000
375	  S	  0.5	  1.1	0.000	0.000	0.000
376	  S	  0.5	  1.0	0.000	0.000	0.000
377	  V	  0.5	  0.1	0.000	0.000	0.000
378	  P	  0.2	  0.0	0.000	0.000	0.000
379	  V	  1.4	  0.1	0.000	0.000	0.000
380	  S	  2.2	  1.0	0.000	0.000	0.000
381	  S	  2.3	  1.0	0.000	0.000	0.000
382	  S	  3.0	  1.6	0.000	0.000	0.000
383	  K	  2.6	  1.6	0.000	0.000	0.000
384	  S	  3.1	  0.7	0.000	0.000	0.000
385	  T	  4.3	  0.6	0.000	0.000	0.000
386	  T	 13.5	  0.1	0.000	0.000	0.000
387	  F	 13.9	  0.2	0.000	0.000	0.000
388	  E	 10.9	  0.2	0.000	0.000	0.000
389	  S	  1.3	  0.2	0.000	0.000	0.000
390	  S	  5.1	  0.3	0.000	0.000	0.000
391	  I	  5.9	  0.2	0.000	0.000	0.000
392	  S	  6.4	  0.2	0.102	0.000	0.000
393	  T	  3.1	  0.2	0.102	0.000	0.000
394	  T	  4.9	  0.1	0.102	0.000	0.000
395	  T	  5.5	  0.1	0.102	0.000	0.000
396	  S	  4.1	  0.2	0.102	0.000	0.000
397	  K	  1.5	  0.2	0.102	0.000	0.000
398	  H	  0.8	  0.2	0.000	0.000	0.000
399	  L	  2.8	  0.1	0.000	0.000	0.000
400	  T	  5.8	  0.0	0.000	0.000	0.000
401	  L	  5.6	  0.1	0.000	0.000	0.000
402	  K	  3.5	  0.2	0.000	0.000	0.000
403	  S	  1.0	  0.2	0.000	0.000	0.000
404	  S	  0.7	  0.2	0.000	0.000	0.000
405	  T	  0.6	  0.1	0.000	0.000	0.000
406	  P	  0.1	  0.2	0.000	0.000	0.000
407	  A	  0.1	  0.2	0.000	0.000	0.000
408	  S	  0.3	  0.2	0.000	0.000	0.000
409	  T	  1.3	  0.2	0.000	0.000	0.000
410	  L	  1.9	  0.1	0.000	0.000	0.000
411	  E	  3.0	  0.0	0.000	0.000	0.000
412	  Y	  2.9	  0.1	0.000	0.000	0.000
413	  S	  4.2	  0.3	0.000	0.000	0.000
414	  T	  3.5	  0.3	0.000	0.000	0.000
415	  S	  2.6	  0.3	0.000	0.000	0.000
416	  I	  0.6	  0.2	0.000	0.000	0.000
417	  P	  0.0	  0.0	0.000	0.000	0.000
418	  P	  0.0	  0.0	0.000	0.000	0.000
419	  A	  0.0	  0.0	0.000	0.000	0.000
420	  P	  0.0	  0.0	0.000	0.000	0.000
421	  A	  0.1	  0.0	0.000	0.000	0.000
422	  T	  2.9	  0.1	0.000	0.000	0.000
423	  T	  2.9	  0.3	0.000	0.000	0.000
424	  S	  2.9	  0.5	0.000	0.000	0.000
425	  N	  0.2	  0.6	0.000	0.000	0.000
426	  S	  5.2	  0.8	0.334	0.000	0.000
427	  L	  5.3	  0.6	0.334	0.000	0.000
428	  S	  5.6	  0.4	0.334	0.000	0.000
429	  T	  3.5	  0.4	0.334	0.000	0.000
430	  K	  3.9	  0.2	0.334	0.000	0.000
431	  S	  4.2	  0.2	0.334	0.000	0.000
432	  T	  2.0	  0.2	0.000	0.000	0.000
433	  T	  3.7	  0.1	0.000	0.385	0.385
434	  L	  3.3	  0.0	0.000	0.385	0.385
435	  T	  3.5	  0.0	0.106	0.385	0.385
436	  T	 13.7	  0.0	0.106	0.385	0.385
437	  I	 14.4	  0.0	0.106	0.385	0.385
438	  S	 14.8	  0.5	0.106	0.000	0.000
439	  R	  2.5	  0.6	0.106	0.000	0.000
440	  S	  1.8	  0.7	0.106	0.000	0.000
441	  S	  2.3	  1.4	0.000	0.000	0.000
442	  T	  2.3	  1.3	0.000	0.000	0.000
443	  S	  2.2	  2.5	0.000	0.000	0.000
444	  G	  0.3	  2.5	0.000	0.000	0.000
445	  S	  0.5	  1.8	0.000	0.000	0.000
446	  S	  0.4	  1.4	0.000	0.000	0.000
447	  V	  0.4	  0.4	0.000	0.000	0.000
448	  P	  0.2	  0.3	0.000	0.000	0.000
449	  N	  0.4	  0.4	0.000	0.000	0.000
450	  T	  1.5	  0.4	0.000	0.000	0.000
451	  T	  1.7	  0.1	0.000	0.000	0.000
452	  R	  1.4	  0.2	0.000	0.000	0.000
453	  E	  0.3	  0.2	0.000	0.000	0.000
454	  S	  0.4	  0.3	0.000	0.000	0.000
455	  S	  2.4	  0.5	0.000	0.000	0.000
456	  T	  3.1	  0.4	0.000	0.000	0.000
457	  S	  3.4	  0.4	0.000	0.000	0.000
458	  T	  4.2	  0.3	0.000	0.000	0.000
459	  T	  3.6	  0.1	0.000	0.000	0.000
460	  T	  2.9	  0.9	0.000	0.000	0.000
461	  P	  0.2	  0.9	0.000	0.000	0.000
462	  N	  0.1	  2.0	0.000	0.000	0.000
463	  S	  0.9	  2.8	0.000	0.000	0.000
464	  S	  1.8	  2.7	0.000	0.000	0.000
465	  S	  1.8	  2.8	0.000	0.000	0.000
466	  S	  1.1	  2.7	0.000	0.000	0.000
467	  E	  0.7	  1.9	0.000	0.000	0.000
468	  S	  0.9	  1.1	0.000	0.000	0.000
469	  K	  1.9	  1.1	0.000	0.000	0.000
470	  V	  2.8	  0.1	0.000	0.000	0.000
471	  S	  2.5	  0.1	0.000	0.000	0.000
472	  S	  1.8	  0.1	0.000	0.000	0.000
473	  A	  0.6	  0.1	0.000	0.000	0.000
474	  I	  0.5	  0.3	0.000	0.000	0.000
475	  P	  0.1	  0.2	0.000	0.000	0.000
476	  K	  0.7	  0.2	0.000	0.000	0.000
477	  Y	  2.2	  0.3	0.000	0.000	0.000
478	  S	  3.0	  0.8	0.123	0.000	0.000
479	  S	  2.5	  0.9	0.123	0.000	0.000
480	  S	  1.0	  0.9	0.123	0.000	0.000
481	  E	  2.9	  0.8	0.123	0.000	0.000
482	  V	  4.1	  0.1	0.123	0.000	0.000
483	  S	  4.8	  1.0	0.123	0.000	0.000
484	  S	  2.2	  1.0	0.326	0.000	0.000
485	  S	  1.6	  1.1	0.877	0.000	0.000
486	  A	  0.9	  1.1	0.877	0.000	0.000
487	  T	  1.5	  0.2	0.877	0.000	0.000
488	  T	  3.1	  0.1	0.877	0.000	0.000
489	  L	  3.3	  0.2	0.877	0.000	0.000
490	  K	  3.0	  0.2	0.738	0.000	0.000
491	  S	 20.2	  0.3	0.238	0.000	0.000
492	  Y	 20.6	  0.4	0.110	0.000	0.000
493	  S	 20.8	  0.2	0.000	0.000	0.000
494	  T	  2.4	  0.2	0.000	0.000	0.000
495	  T	  3.2	  0.1	0.000	0.000	0.000
496	  H	  3.1	  0.1	0.000	0.000	0.000
497	  S	  2.1	  0.0	0.000	0.000	0.000
498	  I	  0.6	  0.0	0.000	0.000	0.000
499	  P	  0.1	  0.0	0.000	0.000	0.000
500	  T	  0.8	  0.0	0.000	5.900	5.900
501	  T	  1.9	  0.0	0.000	7.124	7.124
502	  L	  3.1	  0.0	0.000	7.350	7.350
503	  V	  6.6	  0.0	0.000	7.350	7.350
504	  Y	  6.9	  0.1	0.000	7.350	7.350
505	  S	  6.5	  0.7	0.000	2.106	2.106
506	  S	  2.6	  0.8	0.000	0.362	0.362
507	  S	  3.0	  1.1	0.000	0.000	0.000
508	  T	  2.6	  1.1	0.000	0.000	0.000
509	  S	  2.5	  0.6	0.000	0.000	0.000
510	  L	  0.6	  0.5	0.000	0.431	0.431
511	  G	  0.2	  0.3	0.000	0.431	0.431
512	  F	  5.1	  0.2	0.000	0.431	0.431
513	  S	  8.5	  0.0	0.324	0.431	0.431
514	  V	  9.1	  0.0	0.324	0.431	0.431
515	  T	  4.6	  0.0	0.324	0.162	0.162
516	  E	  1.5	  0.0	0.324	0.000	0.000
517	  F	  1.6	  0.4	0.324	0.000	0.000
518	  R	  1.5	  0.4	0.324	0.000	0.000
519	  N	  1.2	  0.4	0.137	0.000	0.000
520	  L	  0.7	  0.4	0.000	0.000	0.000
521	  T	  2.2	  0.0	0.000	0.000	0.000
522	  T	  4.7	  0.1	0.000	0.000	0.000
523	  T	  5.6	  0.1	0.000	0.000	0.000
524	  S	  6.1	  0.9	0.000	0.000	0.000
525	  K	  3.4	  0.9	0.000	0.000	0.000
526	  S	  2.3	  0.9	0.000	0.000	0.000
527	  S	  5.3	  1.1	0.000	0.000	0.000
528	  L	  5.4	  0.5	0.000	0.000	0.000
529	  S	  7.2	  0.5	0.000	0.000	0.000
530	  T	  2.9	  0.5	0.000	0.000	0.000
531	  S	  3.3	  0.3	0.000	0.000	0.000
532	  T	  1.7	  0.3	0.000	0.000	0.000
533	  T	  1.0	  0.2	0.113	0.000	0.000
534	  E	  0.4	  0.1	0.113	0.000	0.000
535	  L	  0.3	  0.1	0.113	0.148	0.148
536	  L	  0.8	  0.1	0.113	0.148	0.148
537	  T	  0.8	  0.2	0.113	0.148	0.148
538	  S	  0.6	  1.0	0.113	0.148	0.148
539	  G	  0.2	  1.0	0.000	0.148	0.148
540	  T	  2.1	  0.9	0.000	0.148	0.148
541	  T	  9.4	  0.7	0.000	0.148	0.148
542	  V	 11.2	  0.1	0.000	0.148	0.148
543	  R	  9.4	  0.1	0.000	0.000	0.000
544	  S	  2.4	  0.2	0.000	0.000	0.000
545	  S	  2.3	  0.4	0.000	0.000	0.000
546	  T	  2.2	  0.4	0.000	0.000	0.000
547	  S	  2.1	  1.3	0.000	0.000	0.000
548	  E	  0.4	  1.2	0.000	0.000	0.000
549	  S	  0.4	  1.0	0.124	0.000	0.000
550	  S	  3.8	  1.0	0.124	0.000	0.000
551	  V	  6.4	  0.1	0.124	0.149	0.149
552	  T	  6.6	  0.0	0.124	0.149	0.149
553	  S	  3.7	  0.2	0.124	0.149	0.149
554	  A	  1.3	  0.2	0.124	0.313	0.313
555	  T	  1.2	  0.2	0.000	0.429	0.429
556	  S	  0.8	  0.2	0.000	0.429	0.429
557	  I	  2.0	  0.0	0.000	0.429	0.429
558	  Y	  4.7	  0.0	0.000	0.429	0.429
559	  T	  5.7	  0.1	0.000	0.116	0.116
560	  S	  4.4	  0.2	0.000	0.000	0.000
561	  S	  1.6	  0.9	0.000	0.000	0.000
562	  E	  0.4	  0.9	0.000	0.000	0.000
563	  S	  1.0	  0.9	0.000	0.000	0.000
564	  T	  3.7	  0.8	0.000	0.000	0.000
565	  T	  4.8	  0.2	0.000	0.000	0.000
566	  S	  4.2	  0.3	0.000	0.000	0.000
567	  S	  1.6	  0.9	0.000	0.000	0.000
568	  E	  0.4	  0.9	0.000	0.000	0.000
569	  S	  1.0	  0.9	0.000	0.000	0.000
570	  T	  3.6	  0.8	0.000	0.000	0.000
571	  T	  3.8	  0.1	0.000	0.000	0.000
572	  S	  4.8	  0.1	0.000	0.000	0.000
573	  I	  2.8	  0.0	0.000	0.000	0.000
574	  E	  2.5	  0.0	0.000	0.000	0.000
575	  T	  0.9	  0.2	0.133	0.000	0.000
576	  P	  0.0	  0.3	0.133	0.000	0.000
577	  K	  0.4	  0.3	0.133	0.000	0.000
578	  S	  0.7	  0.3	0.133	0.000	0.000
579	  I	  1.7	  0.1	0.133	0.000	0.000
580	  A	  1.5	  0.1	0.133	0.000	0.000
581	  S	  3.4	  0.8	0.133	0.000	0.000
582	  K	  2.5	  0.9	0.133	0.000	0.000
583	  S	  3.1	  1.6	0.000	0.000	0.000
584	  S	  1.6	  2.2	0.000	0.000	0.000
585	  S	  1.6	  1.4	0.000	0.000	0.000
586	  S	  4.2	  1.3	0.000	0.000	0.000
587	  V	 16.7	  0.6	0.000	0.000	0.000
588	  T	 16.8	  0.0	0.000	0.000	0.000
589	  L	 13.6	  0.1	0.000	0.000	0.000
590	  P	  0.2	  0.2	0.000	0.000	0.000
591	  K	  0.1	  0.3	0.000	0.000	0.000
592	  S	  0.4	  0.5	0.000	0.000	0.000
593	  S	  1.1	  0.3	0.000	0.000	0.000
594	  T	  4.5	  0.2	0.000	0.362	0.362
595	  F	  4.9	  0.1	0.000	0.588	0.588
596	  A	  4.5	  0.0	0.000	0.588	0.588
597	  W	  1.5	  0.1	0.000	0.588	0.588
598	  S	  2.7	  0.2	0.000	0.588	0.588
599	  T	  3.1	  0.3	0.000	0.362	0.362
600	  S	  3.4	  0.3	0.000	0.000	0.000
601	  T	  4.3	  0.3	0.000	0.000	0.000
602	  T	  3.6	  0.1	0.000	0.000	0.000
603	  T	  3.0	  0.2	0.000	0.000	0.000
604	  P	  0.2	  0.4	0.000	0.000	0.000
605	  E	  0.1	  0.4	0.000	0.000	0.000
606	  S	  0.1	  0.4	0.000	0.000	0.000
607	  S	  0.1	  0.1	1.812	0.000	0.000
608	  P	  0.0	  0.0	1.812	0.000	0.000
609	  I	 10.4	  0.0	1.812	0.000	0.000
610	  T	 13.1	  0.0	1.812	0.000	0.000
611	  L	 14.2	  0.0	1.812	0.000	0.000
612	  K	  4.8	  0.0	1.812	0.000	0.000
613	  L	  1.7	  0.1	0.765	0.000	0.000
614	  S	  2.5	  0.3	0.553	0.000	0.000
615	  T	  4.7	  0.3	0.000	0.000	0.000
616	  S	  4.5	  0.3	0.000	0.000	0.000
617	  K	  2.6	  0.2	0.000	0.000	0.000
618	  P	  0.0	  0.0	0.000	0.000	0.000
619	  P	  0.0	  0.0	0.000	0.000	0.000
620	  K	  0.0	  0.4	0.000	0.000	0.000
621	  P	  0.0	  0.4	0.000	0.000	0.000
622	  S	  0.8	  0.6	0.000	0.000	0.000
623	  A	  1.2	  0.6	0.000	0.000	0.000
624	  T	  2.3	  0.2	0.000	0.000	0.000
625	  M	  1.7	  0.3	0.000	0.000	0.000
626	  E	  1.3	  0.2	0.000	0.000	0.000
627	  S	  0.3	  0.2	0.000	0.000	0.000
628	  S	  3.1	  1.1	0.230	0.000	0.000
629	  A	  3.1	  1.0	0.230	0.000	0.000
630	  S	  3.7	  1.0	0.230	0.000	0.000
631	  T	  3.4	  0.9	0.230	0.000	0.000
632	  T	  3.7	  0.4	0.230	0.000	0.000
633	  K	  3.1	  0.3	0.230	0.000	0.000
634	  N	  0.6	  0.7	0.000	0.000	0.000
635	  S	  0.3	  0.7	0.000	0.000	0.000
636	  S	  0.6	  0.5	0.000	0.000	0.000
637	  I	  0.7	  0.5	0.000	0.000	0.000
638	  Q	  0.7	  0.1	0.000	0.000	0.000
639	  S	  2.4	  0.3	0.000	0.000	0.000
640	  T	  2.3	  0.4	0.000	0.000	0.000
641	  S	  2.2	  0.4	0.412	0.000	0.000
642	  E	  0.3	  0.3	0.412	0.000	0.000
643	  A	  0.3	  0.1	0.412	0.000	0.000
644	  T	  3.1	  0.2	0.412	0.000	0.000
645	  T	  3.0	  0.5	0.412	0.000	0.000
646	  S	  3.1	  1.8	0.412	0.000	0.000
647	  G	  0.3	  2.3	0.125	0.000	0.000
648	  S	  0.3	  2.5	0.000	0.000	0.000
649	  S	  0.1	  2.1	0.000	0.000	0.000
650	  G	  0.1	  0.9	0.000	0.000	0.000
651	  V	  1.5	  0.4	0.000	0.000	0.000
652	  E	  1.5	  0.1	0.000	0.000	0.000
653	  S	  1.7	  0.1	0.000	0.000	0.000
654	  S	  0.8	  0.1	0.000	0.758	0.758
655	  V	  2.2	  0.1	0.000	1.668	1.668
656	  L	  2.8	  0.0	0.000	1.668	1.668
657	  T	  3.4	  0.0	0.162	1.668	1.668
658	  A	  2.0	  0.0	0.162	1.668	1.668
659	  T	  3.9	  0.0	0.162	1.550	1.550
660	  T	  5.9	  0.2	0.162	0.583	0.583
661	  K	  5.9	  0.2	0.162	0.000	0.000
662	  S	  3.6	  0.2	0.162	0.000	0.000
663	  S	  0.5	  0.2	0.000	0.000	0.000
664	  V	  0.5	  0.1	0.000	0.000	0.000
665	  P	  0.2	  0.0	0.000	0.000	0.000
666	  V	  1.9	  0.0	0.000	0.000	0.000
667	  T	  4.6	  0.0	0.000	0.000	0.000
668	  T	  4.8	  0.0	0.000	0.000	0.000
669	  S	  3.0	  0.0	0.000	0.000	0.000
670	  E	  1.1	  0.0	0.000	0.000	0.000
671	  W	  1.7	  0.2	0.000	0.426	0.426
672	  S	  1.9	  0.2	0.000	0.426	0.426
673	  S	  1.8	  0.2	0.000	0.426	0.426
674	  V	  3.8	  0.2	0.000	0.426	0.426
675	  V	  6.6	  0.0	0.000	0.426	0.426
676	  T	  5.9	  0.0	0.000	0.160	0.160
677	  T	  3.1	  0.2	0.000	0.000	0.000
678	  P	  0.2	  0.3	0.000	0.000	0.000
679	  K	  0.1	  0.4	0.000	0.000	0.000
680	  S	  0.3	  0.4	0.000	0.000	0.000
681	  S	  0.4	  0.3	0.000	0.000	0.000
682	  A	  0.3	  0.7	0.000	0.000	0.000
683	  P	  0.1	  0.6	0.000	0.000	0.000
684	  N	  0.4	  0.7	0.000	0.000	0.000
685	  T	  1.2	  0.7	0.000	0.000	0.000
686	  T	  2.2	  0.1	0.000	0.000	0.000
687	  L	  2.1	  0.1	0.000	0.000	0.000
688	  E	  1.4	  0.1	0.000	0.000	0.000
689	  H	  0.5	  0.2	0.000	0.000	0.000
690	  S	  2.1	  0.5	0.000	0.000	0.000
691	  T	  2.4	  0.5	0.000	0.000	0.000
692	  S	  5.3	  1.4	0.000	0.000	0.000
693	  A	  3.4	  1.3	0.000	0.000	0.000
694	  S	  3.0	  1.2	0.000	0.000	0.000
695	  E	  0.1	  1.2	0.000	0.000	0.000
696	  T	  1.4	  0.6	0.000	0.000	0.000
697	  S	  1.4	  1.1	0.000	0.000	0.000
698	  S	  1.6	  1.2	0.000	0.000	0.000
699	  G	  0.3	  1.2	0.000	0.000	0.000
700	  S	  1.0	  0.8	0.000	0.625	0.625
701	  V	  3.3	  0.3	0.000	5.618	5.618
702	  Y	  4.7	  0.0	0.000	5.618	5.618
703	  T	  7.2	  0.0	0.000	5.618	5.618
704	  T	 11.6	  0.0	0.000	5.618	5.618
705	  F	 11.1	  0.1	0.000	5.618	5.618
706	  D	  7.9	  0.8	0.000	0.000	0.000
707	  Q	  1.1	  0.8	0.000	0.000	0.000
708	  S	  0.7	  0.8	0.000	0.846	0.846
709	  T	  2.2	  0.8	0.000	17.065	17.065
710	  T	  4.5	  0.0	0.000	42.695	42.695
711	  V	  7.1	  0.0	0.000	59.153	59.153
712	  I	 19.0	  0.0	0.000	59.303	59.303
713	  T	 23.7	  0.0	0.000	59.234	59.234
714	  V	 22.4	  0.0	0.000	58.452	58.452
715	  T	 11.2	  0.0	0.000	32.765	32.765
716	  S	 18.4	  0.2	0.000	4.016	4.016
717	  C	 16.8	  0.7	0.000	0.317	0.317
718	  S	 15.5	  1.6	0.000	0.000	0.000
719	  D	  0.1	  1.6	0.000	0.000	0.000
720	  N	  0.2	  1.4	0.000	0.000	0.000
721	  L	  0.6	  0.9	0.000	0.000	0.000
722	  C	  2.3	  0.1	0.000	0.000	0.000
723	  S	  2.7	  0.2	0.000	0.000	0.000
724	  K	  2.6	  0.2	0.000	0.000	0.000
725	  T	  1.2	  0.2	0.000	0.000	0.000
726	  E	  5.7	  0.1	0.000	0.000	0.000
727	  V	  6.8	  0.0	0.000	10.174	10.174
728	  T	  6.6	  0.1	0.000	10.935	10.935
729	  T	  1.5	  0.1	0.000	14.144	14.144
730	  G	  0.2	  0.1	0.000	19.252	19.252
731	  V	 17.7	  0.1	0.000	31.847	31.847
732	  T	 20.4	  0.0	0.000	31.875	31.875
733	  V	 23.7	  0.0	0.000	31.875	31.875
734	  I	  8.4	  0.0	0.000	31.027	31.027
735	  T	  5.3	  0.2	0.000	16.705	16.705
736	  S	  2.0	  0.2	0.085	1.877	1.877
737	  D	  0.2	  0.3	0.085	0.000	0.000
738	  T	  2.7	  0.3	0.085	0.000	0.000
739	  T	  3.9	  0.1	0.205	0.000	0.000
740	  S	 10.0	  0.1	1.331	0.000	0.000
741	  Y	  8.8	  0.1	1.331	0.000	0.000
742	  T	 10.5	  0.0	1.246	0.000	0.000
743	  T	 16.1	  0.0	1.246	0.000	0.000
744	  Y	 15.0	  0.0	1.246	0.000	0.000
745	  C	 12.2	  0.2	1.246	0.000	0.000
746	  P	  0.2	  0.3	0.000	0.000	0.000
747	  L	  0.1	  0.3	0.000	0.000	0.000
748	  T	  0.2	  0.7	0.000	0.000	0.000
749	  G	  0.2	  0.5	0.000	0.000	0.000
750	  T	  1.5	  0.4	0.000	0.000	0.000
751	  T	  3.3	  0.4	0.000	0.000	0.000
752	  T	 20.6	  0.0	0.000	0.000	0.000
753	  V	 20.3	  0.1	0.000	0.000	0.000
754	  S	 18.5	  0.1	0.129	0.000	0.000
755	  S	  1.5	  0.1	0.503	0.000	0.000
756	  A	  0.2	  0.1	0.503	0.000	0.000
757	  L	  0.3	  0.1	0.503	0.000	0.000
758	  E	  0.2	  0.1	0.503	0.000	0.000
759	  S	  0.5	  0.1	1.694	0.647	0.647
760	  L	  0.7	  0.1	1.565	0.856	0.856
761	  V	  3.6	  0.0	1.389	0.856	0.856
762	  T	  3.5	  0.4	1.389	0.856	0.856
763	  A	  3.2	  0.4	1.389	0.856	0.856
764	  N	  0.3	  1.2	1.564	0.208	0.208
765	  K	  0.6	  1.2	0.448	0.000	0.000
766	  S	  2.6	  1.2	0.174	0.000	0.000
767	  T	  4.0	  1.1	0.174	0.000	0.000
768	  S	  4.3	  0.3	0.174	0.000	0.000
769	  Y	  3.1	  0.4	0.174	0.000	0.000
770	  V	  1.6	  0.6	0.000	0.000	0.000
771	  G	  0.8	  0.6	0.000	0.000	0.000
772	  A	  0.2	  0.6	0.000	0.000	0.000
773	  T	  0.1	  0.5	0.000	0.000	0.000
774	  P	  0.0	  0.0	0.000	0.198	0.198
775	  I	  2.9	  0.0	0.000	20.614	20.614
776	  V	  4.2	  0.1	0.000	22.282	22.282
777	  S	  4.3	  0.1	0.000	22.282	22.282
778	  S	  2.2	  0.1	0.000	22.282	22.282
779	  V	  5.3	  0.1	0.000	22.282	22.282
780	  V	  6.0	  0.0	0.000	20.968	20.968
781	  S	  6.3	  0.0	0.000	3.472	3.472
782	  T	  2.1	  0.0	0.000	1.305	1.305
783	  T	  1.3	  0.0	0.000	0.000	0.000
784	  P	  0.2	  0.0	0.000	0.000	0.000
785	  I	  2.0	  0.0	0.000	0.000	0.000
786	  I	  2.6	  0.1	0.000	0.000	0.000
787	  S	  2.6	  0.1	0.000	0.000	0.000
788	  S	  3.7	  1.0	0.000	0.000	0.000
789	  A	  3.2	  1.0	0.000	0.000	0.000
790	  S	  4.2	  0.9	0.000	0.000	0.000
791	  T	  1.4	  0.9	0.000	0.000	0.000
792	  T	  1.3	  0.1	0.000	0.000	0.000
793	  P	  0.2	  0.0	0.000	0.000	0.000
794	  I	  2.0	  0.0	0.000	0.000	0.000
795	  I	  2.6	  0.1	0.000	0.000	0.000
796	  S	  2.6	  0.1	0.000	0.000	0.000
797	  S	  3.6	  0.9	0.000	0.000	0.000
798	  A	  3.1	  1.0	0.000	0.000	0.000
799	  S	  3.6	  0.9	0.000	0.000	0.000
800	  T	  3.4	  0.9	0.000	0.396	0.396
801	  T	  4.1	  0.1	0.000	0.396	0.396
802	  S	  4.5	  0.1	0.000	0.396	0.396
803	  V	  5.9	  0.0	0.000	0.512	0.512
804	  I	  5.6	  0.1	0.000	0.512	0.512
805	  S	  4.6	  0.1	0.000	0.116	0.116
806	  S	  3.4	  0.9	0.000	0.116	0.116
807	  A	  3.0	  0.9	0.000	0.116	0.116
808	  S	  3.5	  0.9	0.000	0.000	0.000
809	  T	  3.4	  0.9	0.000	0.398	0.398
810	  T	  4.1	  0.1	0.000	0.398	0.398
811	  S	  4.6	  0.1	0.000	0.398	0.398
812	  V	  6.1	  0.0	0.000	0.834	0.834
813	  I	  5.3	  0.1	0.000	0.834	0.834
814	  S	  4.2	  0.1	0.000	0.437	0.437
815	  N	  0.2	  0.1	0.000	0.437	0.437
816	  A	  0.5	  0.1	0.000	0.437	0.437
817	  I	  0.5	  0.0	0.000	0.437	0.437
818	  S	  0.4	  0.0	0.000	0.000	0.000
819	  N	  0.1	  0.0	0.000	0.000	0.000
820	  P	  0.0	  0.0	0.000	0.000	0.000
821	  V	  0.9	  0.0	0.000	0.000	0.000
822	  S	  1.4	  0.5	0.000	0.000	0.000
823	  T	  1.8	  0.5	0.000	0.000	0.000
824	  D	  3.6	  0.5	0.000	0.000	0.000
825	  V	  3.7	  0.5	0.000	0.000	0.000
826	  K	  3.3	  0.2	0.000	0.000	0.000
827	  P	  0.6	  0.2	0.000	0.000	0.000
828	  T	  2.9	  0.2	0.000	0.000	0.000
829	  T	  4.1	  0.3	0.000	0.000	0.000
830	  S	  4.3	  0.5	0.000	0.000	0.000
831	  S	  1.5	  0.8	0.000	0.000	0.000
832	  Q	  0.2	  0.8	0.000	0.000	0.000
833	  G	  0.1	  0.7	0.000	0.000	0.000
834	  T	  3.4	  0.5	0.000	0.000	0.000
835	  K	  4.4	  0.2	0.000	0.000	0.000
836	  S	  4.5	  0.1	0.000	0.000	0.000
837	  T	  1.2	  0.1	0.000	0.000	0.000
838	  P	  0.1	  0.0	0.000	0.000	0.000
839	  V	  0.8	  0.1	0.000	0.000	0.000
840	  D	  0.9	  1.0	0.000	0.000	0.000
841	  T	  1.4	  1.1	0.000	0.000	0.000
842	  D	  0.7	  1.2	0.000	0.000	0.000
843	  S	  2.8	  1.8	0.114	0.000	0.000
844	  K	  2.9	  0.9	0.114	0.000	0.000
845	  S	  4.8	  1.0	0.114	0.000	0.000
846	  T	  2.7	  0.9	0.114	0.000	0.000
847	  S	  2.1	  0.4	0.431	0.000	0.000
848	  E	  0.3	  0.3	0.431	0.000	0.000
849	  T	  2.1	  0.1	0.317	18.419	18.419
850	  T	  5.7	  0.1	0.317	47.725	47.725
851	  V	 12.2	  0.0	0.317	55.063	55.063
852	  M	 11.6	  0.0	0.317	55.291	55.291
853	  V	 10.4	  0.0	0.187	55.291	55.291
854	  Y	  5.1	  0.0	0.187	54.517	54.517
855	  T	  5.9	  0.0	0.000	47.200	47.200
856	  T	  6.5	  0.1	0.000	17.884	17.884
857	  K	  5.6	  0.1	0.000	0.000	0.000
858	  S	  9.0	  0.1	0.000	0.000	0.000
859	  V	  6.6	  0.1	0.000	0.000	0.000
860	  T	  6.1	  0.2	0.000	0.000	0.000
861	  P	  0.5	  0.2	0.000	0.000	0.000
862	  T	  1.9	  0.2	0.000	0.000	0.000
863	  T	  8.0	  0.2	0.000	0.000	0.000
864	  V	  9.2	  0.1	0.000	0.000	0.000
865	  E	  7.4	  0.0	0.000	0.000	0.000
866	  S	  6.2	  0.2	0.000	0.569	0.569
867	  I	  8.7	  0.2	0.000	5.677	5.677
868	  S	  9.2	  0.1	0.000	5.795	5.795
869	  V	 10.8	  0.1	0.000	5.912	5.912
870	  A	  7.3	  0.0	0.000	5.912	5.912
871	  V	  8.0	  0.1	0.000	5.912	5.912
872	  S	  1.8	  0.1	0.186	0.803	0.803
873	  S	  1.3	  0.1	0.186	0.117	0.117
874	  A	  0.2	  0.1	0.186	0.000	0.000
875	  A	  0.2	  0.1	0.186	0.000	0.000
876	  Q	  0.2	  0.2	0.186	0.000	0.000
877	  S	  0.3	  0.2	0.318	0.000	0.000
878	  S	  0.5	  0.2	0.423	0.745	0.745
879	  I	  1.4	  0.1	0.423	1.617	1.617
880	  A	  1.4	  0.0	0.423	1.617	1.617
881	  A	  1.4	  0.0	0.423	1.617	1.617
882	  I	  1.1	  0.2	0.423	1.617	1.617
883	  S	  1.2	  0.2	0.423	0.872	0.872
884	  S	  7.5	  0.2	0.000	0.137	0.137
885	  Y	  7.2	  0.4	0.000	0.137	0.137
886	  E	  7.0	  0.7	0.000	0.000	0.000
887	  G	  0.3	  0.8	0.000	0.000	0.000
888	  T	  0.0	  2.8	0.000	0.000	0.000
889	  G	  0.0	  2.6	0.000	0.000	0.000
890	  N	  0.0	  2.2	0.000	0.000	0.000
891	  N	  0.3	  2.1	0.425	0.000	0.000
892	  M	  1.9	  0.1	0.425	0.019	0.019
893	  K	  2.3	  0.0	0.425	0.035	0.035
894	  L	  4.0	  0.0	0.425	54.955	54.955
895	  S	  3.1	  0.2	0.579	64.493	64.493
896	  F	  2.8	  0.2	0.579	82.697	82.697
897	  G	  0.8	  0.2	0.340	84.013	84.013
898	  V	  7.3	  0.2	0.154	97.775	97.775
899	  V	 11.0	  0.0	0.154	98.902	98.902
900	  I	 12.1	  0.1	0.154	98.953	98.953
901	  A	  5.1	  0.1	0.154	97.373	97.373
902	  G	  1.3	  0.1	0.154	95.960	95.960
903	  V	  1.4	  0.1	0.000	95.816	95.816
904	  A	  1.5	  0.0	0.000	93.264	93.264
905	  A	  1.4	  0.0	0.000	91.096	91.096
906	  F	  1.2	  0.0	0.000	89.257	89.257
907	  A	  1.1	  0.0	0.000	60.621	60.621
908	  I	  0.9	  0.0	0.000	0.042	0.042
