res	aa	Beta	Turn	Helix	Aggregation	Conc-Stab_Aggregation
01	  M	  0.0	  0.0	0.000	0.000	0.000
02	  R	  0.0	  0.0	0.000	0.000	0.000
03	  F	  0.0	  0.0	-1.#IO	0.000	0.000
04	  S	  0.0	  0.0	-1.#IO	0.000	0.000
05	  L	  0.0	  0.0	-1.#IO	0.000	0.000
06	  L	  0.0	  0.0	-1.#IO	0.000	0.000
07	  L	  0.0	  0.0	-1.#IO	0.000	0.000
08	  A	  0.0	  0.0	-1.#IO	0.000	0.000
09	  G	  0.0	  0.0	-1.#IO	0.000	0.000
10	  V	  0.0	  0.0	-1.#IO	0.000	0.000
11	  V	  0.0	  0.0	-1.#IO	0.000	0.000
12	  A	  0.0	  0.0	-1.#IO	0.000	0.000
13	  A	  0.0	  0.0	-1.#IO	0.000	0.000
14	  D	  0.0	  0.0	-1.#IO	0.000	0.000
15	  S	  0.0	  0.0	-1.#IO	0.000	0.000
16	  G	  0.0	  0.0	0.000	0.000	0.000
17	  Y	  0.0	  0.0	0.000	0.000	0.000
18	  L	  0.2	  0.0	0.000	0.000	0.000
19	  M	  0.3	  0.0	0.000	0.000	0.000
20	  A	  0.5	  0.1	0.000	0.000	0.000
21	  R	  0.7	  0.1	0.000	0.000	0.000
22	  H	  1.3	  0.1	0.000	0.000	0.000
23	  L	  1.3	  0.1	0.000	0.000	0.000
24	  H	  1.0	  0.1	0.000	0.000	0.000
25	  N	  0.4	  0.0	0.000	0.000	0.000
26	  K	  0.2	  0.0	0.000	0.000	0.000
27	  P	  0.0	  0.0	0.000	0.000	0.000
28	  I	  0.1	  0.7	0.000	0.000	0.000
29	  G	  0.1	  0.7	0.000	0.000	0.000
30	  T	  1.8	  0.7	0.000	0.000	0.000
31	  T	  3.5	  0.7	0.000	0.000	0.000
32	  T	  3.6	  0.0	0.000	0.000	0.000
33	  L	  1.9	  0.0	0.000	0.000	0.000
34	  P	  0.2	  0.6	0.000	0.000	0.000
35	  A	  0.0	  0.8	0.000	0.000	0.000
36	  D	  0.0	  2.1	0.000	0.000	0.000
37	  D	  0.1	  2.3	0.000	0.000	0.000
38	  D	  0.6	  1.7	0.000	0.000	0.000
39	  Y	  2.5	  1.5	0.000	0.000	0.000
40	  C	  2.8	  0.2	0.000	0.000	0.000
41	  T	  2.3	  0.5	0.000	0.000	0.000
42	  P	  0.3	  0.6	0.000	0.000	0.000
43	  S	  0.2	  0.7	0.000	0.000	0.000
44	  K	  0.4	  0.7	0.000	0.000	0.000
45	  H	  2.1	  0.2	0.000	0.000	0.000
46	  Y	  2.9	  0.1	0.000	0.000	0.000
47	  W	  3.9	  0.0	0.000	0.000	0.000
48	  V	  2.7	  0.1	0.000	0.000	0.000
49	  K	  1.7	  1.5	0.000	0.000	0.000
50	  G	  0.5	  1.6	0.000	0.000	0.000
51	  G	  0.0	  1.7	0.000	0.000	0.000
52	  H	  0.6	  1.5	0.000	0.000	0.000
53	  H	  1.1	  0.2	0.000	0.000	0.000
54	  R	  1.4	  0.2	0.000	0.000	0.000
55	  R	  1.0	  0.5	0.000	0.000	0.000
56	  S	  0.5	  2.2	0.000	0.000	0.000
57	  N	  0.2	  2.1	0.000	0.000	0.000
58	  D	  0.0	  2.0	0.000	0.000	0.000
59	  G	  0.0	  2.0	0.000	0.000	0.000
60	  P	  0.0	  0.4	0.000	0.000	0.000
61	  E	  0.1	  0.4	0.000	0.000	0.000
62	  F	  1.2	  0.4	0.000	0.000	0.000
63	  I	  1.8	  0.1	0.000	0.000	0.000
64	  D	  1.7	  0.5	0.176	0.000	0.000
65	  A	  0.6	  0.5	0.176	0.000	0.000
66	  G	  0.2	  0.4	0.176	0.000	0.000
67	  V	  7.2	  0.4	0.176	0.000	0.000
68	  A	  7.6	  0.0	0.176	0.000	0.000
69	  V	  7.6	  0.1	0.176	0.000	0.000
70	  S	  0.8	  0.1	0.602	0.000	0.000
71	  D	  1.2	  0.1	0.426	0.000	0.000
72	  V	  2.8	  0.1	0.426	0.000	0.000
73	  T	  4.5	  0.0	0.426	0.000	0.000
74	  K	  3.8	  0.0	0.426	0.000	0.000
75	  V	  2.1	  2.2	0.426	0.000	0.000
76	  G	  0.4	  2.4	0.317	0.000	0.000
77	  D	  0.1	  2.4	0.096	0.000	0.000
78	  N	  3.9	  2.4	0.568	0.000	0.000
79	  V	  6.8	  0.2	0.660	0.000	0.000
80	  Y	  8.7	  0.0	0.938	0.000	0.000
81	  E	  5.3	  0.0	0.938	0.000	0.000
82	  L	  3.8	  0.1	0.938	0.282	0.282
83	  S	  4.4	  0.7	0.938	0.282	0.282
84	  L	  5.6	  0.7	0.938	0.282	0.282
85	  N	  4.7	  0.7	3.291	0.282	0.282
86	  F	  2.5	  0.7	2.815	0.282	0.282
87	  K	  1.2	  0.1	2.454	0.000	0.000
88	  T	  0.8	  0.1	8.718	0.000	0.000
89	  A	  0.5	  0.3	8.897	0.000	0.000
90	  E	  0.3	  0.2	9.930	0.000	0.000
91	  D	  0.0	  0.3	21.977	0.000	0.000
92	  E	  0.0	  0.3	23.521	0.000	0.000
93	  E	  0.1	  0.1	24.165	0.000	0.000
94	  L	  0.1	  0.1	23.994	0.000	0.000
95	  A	  0.1	  0.0	23.848	0.000	0.000
96	  K	  0.3	  0.0	23.699	0.000	0.000
97	  A	  0.5	  0.0	20.284	0.000	0.000
98	  I	  0.5	  0.1	17.038	0.000	0.000
99	  S	  0.3	  0.4	16.914	0.000	0.000
100	  N	  0.1	  0.4	10.663	0.000	0.000
101	  N	  0.2	  0.4	5.077	0.000	0.000
102	  Q	  0.6	  0.3	1.109	0.000	0.000
103	  V	  2.4	  0.1	0.000	0.000	0.000
104	  R	  2.7	  0.1	0.000	0.000	0.000
105	  S	  3.8	  0.1	0.000	0.000	0.000
106	  L	  5.6	  0.1	0.000	0.000	0.000
107	  T	  9.0	  0.0	0.000	0.000	0.000
108	  I	  7.8	  0.1	0.000	0.000	0.000
109	  E	  4.3	  0.6	0.000	0.000	0.000
110	  G	  0.3	  0.7	0.000	0.000	0.000
111	  T	  0.0	  0.7	0.000	0.000	0.000
112	  G	  0.1	  0.6	0.000	0.000	0.000
113	  V	  0.9	  0.2	0.000	0.000	0.000
114	  E	  0.9	  0.1	0.000	0.000	0.000
115	  D	  1.5	  0.1	0.481	0.000	0.000
116	  V	  5.1	  0.1	0.481	0.000	0.000
117	  Q	  5.3	  0.0	0.481	0.000	0.000
118	  L	  4.8	  0.1	0.481	0.000	0.000
119	  I	  0.5	  0.5	0.481	0.000	0.000
120	  G	  0.2	  0.9	0.481	0.000	0.000
121	  R	  0.2	  1.0	0.253	0.000	0.000
122	  D	  0.1	  0.9	0.000	0.000	0.000
123	  N	  0.1	  0.5	0.000	0.000	0.000
124	  K	  1.8	  0.2	0.000	0.000	0.000
125	  M	  1.8	  0.3	0.000	0.000	0.000
126	  E	  1.8	  0.2	0.000	0.000	0.000
127	  G	  0.0	  0.2	0.000	0.000	0.000
128	  I	  0.0	  0.2	0.000	0.000	0.000
129	  P	  0.0	  0.0	0.000	0.000	0.000
130	  W	  2.3	  0.0	0.000	0.000	0.000
131	  T	  3.4	  0.0	0.150	0.000	0.000
132	  K	  5.4	  0.0	0.150	0.000	0.000
133	  W	  5.9	  0.0	0.150	0.000	0.000
134	  T	  5.5	  0.0	0.361	0.000	0.000
135	  A	  3.7	  0.0	0.361	0.000	0.000
136	  R	  2.4	  0.0	0.361	0.000	0.000
137	  V	 10.2	  0.0	0.211	0.000	0.000
138	  R	 11.3	  0.0	0.211	0.000	0.000
139	  V	 11.8	  0.0	0.211	0.000	0.000
140	  R	  3.5	  0.1	0.211	0.000	0.000
141	  S	  2.0	  0.2	1.101	0.000	0.000
142	  E	  0.2	  0.2	1.337	0.000	0.000
143	  R	  0.6	  0.1	1.637	0.000	0.000
144	  M	  0.6	  0.1	1.637	0.000	0.000
145	  L	  0.6	  0.1	1.637	0.000	0.000
146	  E	  0.3	  0.1	1.637	0.000	0.000
147	  K	  0.6	  0.1	1.469	0.000	0.000
148	  R	  0.7	  0.1	0.508	0.000	0.000
149	  H	  0.9	  0.2	0.000	0.000	0.000
150	  K	  1.1	  0.2	0.000	0.000	0.000
151	  H	  0.9	  0.2	0.000	0.000	0.000
152	  K	  0.7	  0.4	0.000	0.000	0.000
153	  P	  0.1	  0.5	0.000	0.000	0.000
154	  A	  0.0	  0.5	0.000	0.000	0.000
155	  G	  0.0	  0.5	0.000	0.000	0.000
156	  V	  2.1	  0.3	0.000	0.000	0.000
157	  V	  5.3	  0.0	0.000	0.000	0.000
158	  C	 21.7	  0.0	0.000	0.000	0.000
159	  C	 19.9	  0.0	0.000	0.000	0.000
160	  L	 16.8	  0.2	0.000	0.000	0.000
161	  P	  0.2	  0.2	0.000	0.000	0.000
162	  H	  0.5	  0.2	0.000	0.000	0.000
163	  K	  2.0	  0.2	0.140	0.000	0.000
164	  L	  3.6	  0.1	0.140	0.138	0.138
165	  E	  4.7	  0.1	0.617	0.138	0.138
166	  V	  6.8	  0.0	0.617	0.138	0.138
167	  R	  5.2	  0.0	0.617	0.138	0.138
168	  L	  3.9	  0.0	0.617	0.138	0.138
169	  A	  0.6	  0.0	0.617	0.138	0.138
170	  L	  0.5	  0.0	0.617	0.138	0.138
171	  E	  0.2	  0.3	0.579	0.000	0.000
172	  P	  0.1	  0.8	0.901	0.000	0.000
173	  E	  0.0	  0.9	1.217	0.000	0.000
174	  G	  0.0	  0.9	16.908	0.000	0.000
175	  E	  0.1	  0.6	18.152	0.000	0.000
176	  A	  0.1	  0.2	18.152	0.000	0.000
177	  A	  0.1	  0.1	18.152	0.000	0.000
178	  R	  0.4	  0.0	18.152	0.000	0.000
179	  A	  0.5	  0.0	18.022	0.000	0.000
180	  Y	  1.2	  0.2	15.622	0.000	0.000
181	  K	  1.3	  0.2	6.086	0.000	0.000
182	  S	  1.8	  0.2	2.599	0.000	0.000
183	  V	  5.1	  0.2	1.039	0.000	0.000
184	  F	  6.2	  0.1	1.039	0.000	0.000
185	  S	  5.8	  1.4	0.457	0.000	0.000
186	  R	  1.8	  1.5	0.114	0.000	0.000
187	  D	  0.7	  1.6	0.000	0.000	0.000
188	  S	  1.0	  1.5	0.000	3.108	3.108
189	  Y	  1.6	  0.2	0.000	7.544	7.544
190	  A	  1.5	  0.1	0.000	7.544	7.544
191	  Y	 11.2	  0.0	0.000	7.544	7.544
192	  T	 16.6	  0.0	0.000	7.544	7.544
193	  V	 17.6	  0.1	0.000	7.544	7.544
194	  E	  7.8	  0.2	0.000	0.000	0.000
195	  R	  1.4	  0.2	0.000	0.000	0.000
196	  G	  0.1	  0.3	0.000	0.000	0.000
197	  V	  0.1	  1.2	0.000	0.000	0.000
198	  G	  0.1	  1.2	0.000	0.000	0.000
199	  D	  0.1	  1.2	0.119	0.000	0.000
200	  E	  3.7	  1.0	0.119	0.000	0.000
201	  I	  4.3	  0.1	0.119	0.000	0.000
202	  T	  4.6	  0.0	0.119	0.000	0.000
203	  E	  1.1	  0.0	0.119	0.000	0.000
204	  V	  0.5	  0.4	0.119	0.000	0.000
205	  G	  0.2	  0.4	0.119	0.000	0.000
206	  D	  0.7	  2.6	0.000	0.000	0.000
207	  V	  0.9	  2.9	0.000	0.000	0.000
208	  D	  0.9	  2.5	0.000	0.000	0.000
209	  G	  0.2	  2.5	0.000	0.000	0.000
210	  F	  1.1	  0.4	0.000	0.733	0.733
211	  L	  1.2	  0.2	0.000	0.733	0.733
212	  N	  1.3	  0.2	0.331	0.733	0.733
213	  N	  0.4	  0.2	0.331	0.733	0.733
214	  V	  1.4	  0.0	0.331	0.733	0.733
215	  L	  1.4	  0.1	0.331	0.519	0.519
216	  K	  1.3	  0.3	0.331	0.000	0.000
217	  R	  0.4	  0.3	0.331	0.000	0.000
218	  D	  1.0	  1.0	0.000	0.000	0.000
219	  V	  2.7	  0.9	0.000	0.000	0.000
220	  D	  2.5	  0.7	0.000	0.000	0.000
221	  S	  1.9	  0.9	1.742	0.000	0.000
222	  P	  0.0	  0.3	1.742	0.000	0.000
223	  L	  0.2	  0.3	1.742	0.000	0.000
224	  Y	  1.1	  0.3	1.742	0.000	0.000
225	  K	  1.3	  0.3	1.742	0.000	0.000
226	  R	  1.2	  0.4	1.742	0.000	0.000
227	  S	  0.3	  0.5	0.569	0.000	0.000
228	  G	  0.2	  0.4	0.209	0.000	0.000
229	  V	  3.8	  0.2	0.000	0.000	0.000
230	  F	  4.2	  0.1	0.000	0.000	0.000
231	  N	  4.2	  0.0	0.398	0.000	0.000
232	  R	  2.0	  0.0	0.398	0.000	0.000
233	  V	  2.5	  0.1	0.398	0.000	0.000
234	  R	  2.5	  0.1	0.398	0.000	0.000
235	  N	  1.5	  0.1	0.398	0.000	0.000
236	  L	  0.6	  0.1	0.398	0.000	0.000
237	  Q	  0.5	  0.2	0.257	0.000	0.000
238	  P	  0.1	  0.2	0.000	0.000	0.000
239	  R	  0.9	  0.2	0.000	0.000	0.000
240	  F	  2.1	  0.2	0.000	0.000	0.000
241	  H	  2.4	  0.2	0.000	0.000	0.000
242	  K	  1.7	  0.2	0.000	0.000	0.000
243	  Q	  1.7	  0.2	0.000	0.000	0.000
244	  C	  3.0	  0.2	0.000	0.000	0.000
245	  W	  4.0	  0.0	0.000	0.000	0.000
246	  V	  3.7	  0.0	0.000	0.000	0.000
247	  C	  4.4	  0.1	0.000	0.000	0.000
248	  E	  3.6	  0.1	0.000	0.000	0.000
249	  C	  2.8	  0.2	0.000	0.000	0.000
250	  E	  0.8	  0.2	0.000	0.000	0.000
251	  T	  1.9	  0.1	0.000	0.000	0.000
252	  T	  3.3	  0.2	0.000	0.000	0.000
253	  T	  4.8	  0.1	0.000	0.000	0.000
254	  T	  5.9	  0.1	0.000	0.000	0.000
255	  T	  5.5	  0.2	0.000	0.000	0.000
256	  S	  4.7	  0.9	0.000	0.000	0.000
257	  S	  2.9	  1.7	0.000	0.000	0.000
258	  S	  2.5	  2.3	0.000	0.000	0.000
259	  S	  1.9	  2.3	0.000	0.000	0.000
260	  S	  3.1	  1.7	0.000	0.000	0.000
261	  T	  3.5	  1.0	0.000	0.000	0.000
262	  S	  3.5	  0.5	0.000	0.000	0.000
263	  S	  2.3	  0.4	0.000	0.000	0.000
264	  T	  1.0	  0.2	0.000	0.000	0.000
265	  V	  0.7	  0.1	0.000	0.000	0.000
266	  P	  0.0	  0.2	0.000	0.000	0.000
267	  P	  0.0	  0.3	0.000	0.000	0.000
268	  T	  1.7	  0.3	0.000	0.000	0.000
269	  T	  4.5	  0.3	0.000	0.000	0.000
270	  T	  4.7	  0.1	0.000	0.000	0.000
271	  S	  3.2	  1.0	0.000	0.000	0.000
272	  E	  0.4	  1.1	0.000	0.000	0.000
273	  S	  0.5	  1.2	0.000	0.000	0.000
274	  S	  2.3	  1.3	0.000	0.000	0.000
275	  T	  2.4	  0.4	0.000	0.000	0.000
276	  S	  2.1	  0.5	0.105	0.000	0.000
277	  E	  0.3	  0.4	0.105	0.000	0.000
278	  T	  2.9	  0.2	0.105	0.000	0.000
279	  T	  4.1	  0.3	0.105	0.000	0.000
280	  S	  4.8	  1.0	0.105	0.000	0.000
281	  S	  3.0	  1.8	0.105	0.000	0.000
282	  S	  2.5	  2.6	0.000	0.000	0.000
283	  S	  1.8	  2.6	0.000	0.000	0.000
284	  S	  1.6	  1.9	0.000	0.000	0.000
285	  K	  1.5	  1.1	0.000	0.000	0.000
286	  T	  1.4	  0.2	0.000	0.000	0.000
287	  E	  0.9	  0.9	0.000	0.000	0.000
288	  P	  0.0	  1.2	0.000	0.000	0.000
289	  S	  0.3	  2.4	0.000	0.000	0.000
290	  G	  0.3	  2.6	0.000	0.000	0.000
291	  S	  1.1	  2.7	0.000	0.000	0.000
292	  S	  1.7	  3.4	0.000	0.000	0.000
293	  S	  1.9	  2.1	0.000	0.000	0.000
294	  S	  1.0	  1.9	0.000	0.000	0.000
295	  N	  0.1	  1.1	0.000	0.000	0.000
296	  P	  0.0	  0.0	0.000	0.000	0.000
297	  P	  0.0	  0.0	0.000	0.000	0.000
298	  P	  0.0	  0.0	0.000	0.000	0.000
299	  A	  0.0	  0.0	0.000	0.000	0.000
300	  T	  0.1	  0.1	0.000	0.000	0.000
301	  E	  0.2	  0.1	0.000	0.000	0.000
302	  T	  1.5	  0.2	0.000	0.000	0.000
303	  S	  1.5	  0.3	0.000	0.000	0.000
304	  S	  1.4	  0.3	0.000	0.000	0.000
305	  E	  0.3	  0.3	0.000	0.000	0.000
306	  T	  3.1	  0.2	0.000	0.000	0.000
307	  T	  4.3	  0.3	0.000	0.000	0.000
308	  S	  4.5	  0.3	0.000	0.000	0.000
309	  S	  1.9	  0.3	0.000	0.000	0.000
310	  T	  0.6	  0.3	0.000	0.000	0.000
311	  E	  0.4	  0.2	0.000	0.000	0.000
312	  T	  1.5	  0.3	0.000	0.000	0.000
313	  S	  2.3	  1.0	0.000	0.000	0.000
314	  S	  2.3	  1.0	0.000	0.000	0.000
315	  S	  1.0	  1.1	0.000	0.000	0.000
316	  E	  0.3	  0.9	0.000	0.000	0.000
317	  T	  3.0	  0.2	0.000	0.000	0.000
318	  T	  3.8	  0.2	0.000	0.000	0.000
319	  S	  3.9	  0.1	0.000	0.000	0.000
320	  T	  1.1	  0.2	0.000	0.000	0.000
321	  E	  0.4	  0.2	0.000	0.000	0.000
322	  T	  1.0	  0.2	0.000	0.000	0.000
323	  S	  1.1	  0.2	0.162	0.000	0.000
324	  T	  1.1	  0.2	0.162	0.000	0.000
325	  E	  0.4	  0.2	0.162	0.000	0.000
326	  T	  3.1	  0.2	0.162	0.000	0.000
327	  T	  3.1	  0.4	0.162	0.000	0.000
328	  S	  3.0	  0.5	0.162	0.000	0.000
329	  N	  0.2	  0.6	0.162	0.000	0.000
330	  S	  0.2	  0.6	0.412	0.000	0.000
331	  E	  0.3	  0.4	0.412	0.000	0.000
332	  A	  0.4	  0.2	0.412	0.000	0.000
333	  T	  1.7	  0.2	0.412	0.000	0.000
334	  S	  1.8	  0.3	0.412	0.000	0.000
335	  S	  1.8	  0.3	0.412	0.000	0.000
336	  T	  0.6	  0.3	0.000	0.000	0.000
337	  E	  0.4	  0.2	0.000	0.000	0.000
338	  T	  1.0	  0.2	0.000	0.000	0.000
339	  S	  1.1	  0.2	0.000	0.000	0.000
340	  T	  1.1	  0.2	0.000	0.000	0.000
341	  E	  0.4	  0.2	0.000	0.000	0.000
342	  T	  3.0	  0.1	0.000	0.000	0.000
343	  T	  4.2	  0.2	0.000	0.000	0.000
344	  S	  4.2	  0.2	0.000	0.000	0.000
345	  S	  5.0	  0.1	0.000	0.000	0.000
346	  V	  4.3	  0.1	0.000	0.000	0.000
347	  E	  4.3	  0.0	0.000	0.000	0.000
348	  T	  3.5	  0.1	0.000	0.000	0.000
349	  T	  4.2	  0.2	0.000	0.000	0.000
350	  S	  4.3	  0.2	0.000	0.000	0.000
351	  S	  1.8	  0.3	0.000	0.000	0.000
352	  T	  0.6	  0.3	0.000	0.000	0.000
353	  E	  0.4	  0.2	0.000	0.000	0.000
354	  T	  3.1	  0.1	0.000	0.000	0.000
355	  T	  4.3	  0.2	0.000	0.000	0.000
356	  S	  5.0	  0.9	0.000	0.000	0.000
357	  S	  2.3	  1.0	0.115	0.000	0.000
358	  S	  1.0	  1.1	0.115	0.000	0.000
359	  E	  0.2	  1.0	0.115	0.000	0.000
360	  T	  0.2	  0.4	0.115	0.000	0.000
361	  S	  0.2	  0.4	0.115	0.000	0.000
362	  N	  0.3	  0.3	0.115	0.000	0.000
363	  T	  0.3	  0.3	0.000	0.000	0.000
364	  E	  0.5	  0.1	0.000	0.000	0.000
365	  T	  3.1	  0.1	0.000	0.000	0.000
366	  T	  3.8	  0.2	0.000	0.000	0.000
367	  S	  3.9	  0.1	0.000	0.000	0.000
368	  T	  1.1	  0.2	0.000	0.000	0.000
369	  E	  0.4	  0.2	0.000	0.000	0.000
370	  T	  3.1	  0.1	0.000	0.000	0.000
371	  T	  4.3	  0.2	0.000	0.000	0.000
372	  S	  4.5	  0.3	0.000	0.000	0.000
373	  S	  1.9	  0.3	0.000	0.000	0.000
374	  T	  0.6	  0.3	0.000	0.000	0.000
375	  E	  0.4	  0.2	0.000	0.000	0.000
376	  T	  3.1	  0.1	0.000	0.000	0.000
377	  T	  4.3	  0.2	0.000	0.000	0.000
378	  S	  5.0	  0.9	0.000	0.000	0.000
379	  S	  2.3	  1.0	0.000	0.000	0.000
380	  S	  1.0	  1.1	0.000	0.000	0.000
381	  E	  0.2	  1.0	0.000	0.000	0.000
382	  T	  0.9	  0.3	0.000	0.000	0.000
383	  S	  1.4	  0.2	0.000	0.000	0.000
384	  T	  1.4	  0.1	0.000	0.000	0.000
385	  E	  0.6	  0.2	0.000	0.000	0.000
386	  P	  0.0	  0.1	0.000	0.000	0.000
387	  T	  2.9	  0.2	0.000	0.000	0.000
388	  T	  4.2	  0.3	0.000	0.000	0.000
389	  S	  4.3	  0.3	0.000	0.000	0.000
390	  S	  1.6	  0.9	0.000	0.000	0.000
391	  E	  0.4	  0.9	0.000	0.000	0.000
392	  S	  1.0	  0.9	0.000	0.000	0.000
393	  T	  5.9	  0.8	0.000	0.000	0.000
394	  T	  5.9	  0.1	0.000	0.000	0.000
395	  S	  5.2	  0.0	0.000	0.000	0.000
396	  P	  0.1	  0.0	0.000	0.000	0.000
397	  G	  0.0	  0.0	0.165	0.000	0.000
398	  P	  0.0	  0.2	0.165	0.000	0.000
399	  A	  0.2	  0.2	0.165	0.000	0.000
400	  T	  1.5	  0.3	0.165	0.000	0.000
401	  S	  1.6	  0.4	0.165	0.000	0.000
402	  S	  1.4	  0.3	0.294	0.000	0.000
403	  E	  0.2	  0.3	0.129	0.000	0.000
404	  Q	  0.2	  0.2	0.129	0.000	0.000
405	  T	  3.1	  0.2	0.129	0.000	0.000
406	  T	  4.4	  0.2	0.129	0.000	0.000
407	  S	  4.5	  0.2	0.129	0.000	0.000
408	  S	  1.6	  0.2	0.000	0.000	0.000
409	  E	  0.3	  0.2	0.000	0.000	0.000
410	  P	  0.0	  0.1	0.000	0.000	0.000
411	  T	  2.9	  0.2	0.000	0.000	0.000
412	  T	  3.7	  0.3	0.000	0.000	0.000
413	  S	  4.2	  0.5	0.000	0.000	0.000
414	  T	  2.0	  0.5	0.000	0.000	0.000
415	  N	  1.4	  0.8	0.000	0.000	0.000
416	  T	  2.1	  0.8	0.000	0.000	0.000
417	  S	  1.6	  0.5	0.000	0.000	0.000
418	  S	  1.4	  0.7	0.000	0.000	0.000
419	  E	  1.1	  0.3	0.000	0.000	0.000
420	  T	  1.2	  0.2	0.000	0.000	0.000
421	  K	  1.2	  0.3	0.000	0.000	0.000
422	  P	  0.2	  0.2	0.000	0.000	0.000
423	  T	  0.3	  0.4	0.000	0.000	0.000
424	  E	  0.3	  0.4	0.000	0.000	0.000
425	  S	  0.3	  0.7	0.000	0.000	0.000
426	  E	  0.1	  0.7	0.000	0.000	0.000
427	  T	  0.2	  1.3	0.000	0.000	0.000
428	  G	  0.2	  1.4	0.000	0.000	0.000
429	  S	  0.5	  1.1	0.000	0.000	0.000
430	  S	  0.5	  1.0	0.000	0.000	0.000
431	  T	  0.7	  0.4	0.000	0.000	0.000
432	  E	  0.5	  0.4	0.000	0.000	0.000
433	  S	  1.2	  1.1	0.000	0.000	0.000
434	  S	  1.8	  1.7	0.000	0.000	0.000
435	  S	  2.0	  1.7	0.000	0.000	0.000
436	  S	  1.7	  2.0	0.000	0.000	0.000
437	  T	  1.5	  1.2	0.000	0.000	0.000
438	  N	  3.2	  0.5	0.000	0.000	0.000
439	  V	  4.4	  0.4	0.000	0.000	0.000
440	  T	  4.0	  0.0	0.000	0.000	0.000
441	  T	  2.1	  0.1	0.000	0.000	0.000
442	  E	  0.6	  0.1	0.000	0.000	0.000
443	  T	  0.5	  0.1	0.000	0.000	0.000
444	  T	  0.4	  0.3	0.000	0.000	0.000
445	  P	  0.2	  0.3	0.000	0.000	0.000
446	  T	  0.3	  0.4	0.000	0.000	0.000
447	  E	  0.4	  0.4	0.000	0.000	0.000
448	  S	  0.6	  0.2	0.000	0.000	0.000
449	  T	  0.6	  0.3	0.000	0.000	0.000
450	  E	  0.6	  0.2	0.000	0.000	0.000
451	  S	  1.1	  0.2	0.000	0.000	0.000
452	  T	  3.7	  0.2	0.000	0.000	0.000
453	  T	  3.9	  0.1	0.000	0.000	0.000
454	  S	  3.2	  0.1	0.000	0.000	0.000
455	  E	  0.4	  1.2	0.000	0.000	0.000
456	  P	  0.0	  1.7	0.000	0.000	0.000
457	  G	  0.0	  1.8	0.000	0.000	0.000
458	  S	  0.3	  1.9	0.000	0.000	0.000
459	  S	  0.8	  0.7	0.000	0.000	0.000
460	  T	  0.8	  0.2	0.000	0.000	0.000
461	  E	  0.5	  0.1	0.000	0.000	0.000
462	  P	  0.0	  0.4	0.000	0.000	0.000
463	  P	  0.0	  0.4	0.000	0.000	0.000
464	  S	  3.6	  0.4	0.135	0.000	0.000
465	  V	  5.3	  0.4	0.135	0.000	0.000
466	  T	  7.9	  0.0	0.135	0.000	0.000
467	  T	  5.6	  0.1	0.135	0.000	0.000
468	  S	  4.4	  0.2	0.135	0.000	0.000
469	  K	  2.6	  0.2	0.135	0.000	0.000
470	  T	  4.2	  0.2	0.000	0.000	0.000
471	  T	  3.7	  0.2	0.000	0.000	0.000
472	  S	  2.9	  0.2	0.114	0.000	0.000
473	  E	  0.2	  0.2	0.114	0.000	0.000
474	  Q	  0.1	  0.2	0.114	0.000	0.000
475	  T	  0.6	  0.3	0.114	0.000	0.000
476	  D	  0.6	  0.4	0.114	0.000	0.000
477	  S	  1.7	  0.4	0.114	0.000	0.000
478	  H	  1.3	  0.7	0.000	0.000	0.000
479	  T	  1.4	  1.3	0.000	0.000	0.000
480	  G	  0.3	  1.3	0.000	0.000	0.000
481	  S	  0.5	  1.3	0.000	0.000	0.000
482	  S	  2.3	  1.3	0.000	0.000	0.000
483	  T	  2.4	  0.7	0.000	0.000	0.000
484	  S	  2.1	  0.7	0.000	0.000	0.000
485	  N	  0.3	  1.0	0.000	0.000	0.000
486	  T	  0.8	  0.8	0.000	0.000	0.000
487	  N	  0.7	  0.7	0.000	0.000	0.000
488	  T	  0.7	  0.8	0.000	0.000	0.000
489	  G	  0.1	  0.4	0.000	0.000	0.000
490	  T	  0.2	  0.4	0.000	0.000	0.000
491	  E	  0.2	  0.3	0.000	0.000	0.000
492	  T	  1.0	  0.2	0.000	0.000	0.000
493	  S	  1.1	  0.2	0.000	0.000	0.000
494	  T	  1.3	  0.3	0.000	0.000	0.000
495	  E	  0.6	  0.3	0.000	0.000	0.000
496	  S	  0.7	  0.3	0.000	0.000	0.000
497	  Q	  0.9	  0.3	0.000	0.000	0.000
498	  T	  0.9	  0.1	0.000	0.000	0.000
499	  K	  0.6	  0.4	0.000	0.000	0.000
500	  P	  0.2	  0.6	0.000	0.000	0.000
501	  T	  0.0	  1.0	0.000	0.000	0.000
502	  D	  0.0	  1.2	0.000	0.000	0.000
503	  G	  0.1	  1.0	0.000	0.000	0.000
504	  H	  0.2	  0.7	0.000	0.000	0.000
505	  T	  0.2	  0.4	0.000	0.000	0.000
506	  G	  0.2	  0.4	0.000	0.000	0.000
507	  P	  0.0	  0.4	0.000	0.000	0.000
508	  H	  0.6	  0.4	0.000	0.000	0.000
509	  T	  0.7	  0.3	0.000	0.000	0.000
510	  E	  0.7	  0.1	0.000	0.000	0.000
511	  P	  0.0	  0.1	0.000	0.000	0.000
512	  T	  1.7	  0.1	0.000	1.239	1.239
513	  T	 10.9	  0.1	0.000	3.412	3.412
514	  V	 19.1	  0.0	0.000	4.121	4.121
515	  T	 26.9	  0.0	0.000	4.121	4.121
516	  I	 20.1	  0.1	0.000	4.121	4.121
517	  T	 12.0	  0.9	0.000	3.348	3.348
518	  G	  2.1	  1.0	0.000	1.052	1.052
519	  S	  1.9	  1.2	0.000	0.620	0.620
520	  T	  2.5	  1.2	0.000	1.561	1.561
521	  S	  2.6	  0.3	0.000	3.130	3.130
522	  T	  1.1	  0.2	0.000	12.309	12.309
523	  A	  0.8	  0.1	0.000	24.321	24.321
524	  I	  3.6	  0.0	0.000	24.321	24.321
525	  V	 10.6	  0.0	0.000	24.321	24.321
526	  T	 36.4	  0.0	0.000	23.509	23.509
527	  Y	 33.9	  0.0	0.000	21.091	21.091
528	  T	 27.6	  0.2	0.000	0.000	0.000
529	  P	  0.5	  0.2	0.000	0.000	0.000
530	  T	  0.1	  0.2	0.000	0.000	0.000
531	  Q	  0.1	  0.2	0.000	0.000	0.000
532	  P	  0.1	  0.0	0.000	0.000	0.000
533	  G	  0.0	  0.3	0.000	0.000	0.000
534	  P	  0.0	  0.3	0.000	0.000	0.000
535	  E	  0.0	  0.3	0.000	0.000	0.000
536	  H	  0.0	  0.3	0.000	0.000	0.000
537	  P	  0.0	  0.0	0.000	0.000	0.000
538	  Q	  0.0	  1.1	0.000	0.000	0.000
539	  P	  0.0	  1.1	0.000	0.000	0.000
540	  S	  0.0	  1.3	0.000	0.000	0.000
541	  G	  0.0	  3.2	0.000	0.000	0.000
542	  P	  0.0	  2.1	0.000	0.000	0.000
543	  S	  0.0	  2.2	0.000	0.000	0.000
544	  G	  0.0	  3.0	0.000	0.000	0.000
545	  P	  0.0	  1.1	0.000	0.000	0.000
546	  Q	  0.0	  1.1	0.000	0.000	0.000
547	  G	  0.0	  2.0	0.000	0.000	0.000
548	  P	  0.0	  1.0	0.000	0.000	0.000
549	  E	  0.0	  1.0	0.000	0.000	0.000
550	  G	  0.0	  1.9	0.000	0.000	0.000
551	  P	  0.0	  1.0	0.000	0.000	0.000
552	  E	  0.0	  1.1	0.000	0.000	0.000
553	  G	  0.0	  1.9	0.000	0.000	0.000
554	  P	  0.0	  1.0	0.000	0.000	0.000
555	  E	  0.0	  1.1	0.000	0.000	0.000
556	  G	  0.0	  1.9	0.000	0.000	0.000
557	  P	  0.0	  1.0	0.000	0.000	0.000
558	  E	  0.0	  1.1	0.000	0.000	0.000
559	  G	  0.0	  1.9	0.000	0.000	0.000
560	  P	  0.0	  1.0	0.000	0.000	0.000
561	  E	  0.0	  1.2	0.000	0.000	0.000
562	  G	  0.0	  3.0	0.000	0.000	0.000
563	  P	  0.0	  2.1	0.000	0.000	0.000
564	  S	  0.0	  2.3	0.000	0.000	0.000
565	  G	  0.0	  4.0	0.000	0.000	0.000
566	  P	  0.0	  2.1	0.000	0.000	0.000
567	  S	  0.0	  2.3	0.000	0.000	0.000
568	  G	  0.0	  4.0	0.000	0.000	0.000
569	  P	  0.0	  2.1	0.000	0.000	0.000
570	  S	  0.0	  2.3	0.000	0.000	0.000
571	  G	  0.0	  4.0	0.000	0.000	0.000
572	  P	  0.0	  2.1	0.000	0.000	0.000
573	  S	  0.0	  2.3	0.000	0.000	0.000
574	  G	  0.0	  4.0	0.000	0.000	0.000
575	  P	  0.0	  2.1	0.000	0.000	0.000
576	  S	  0.0	  2.3	0.000	0.000	0.000
577	  G	  0.0	  4.0	0.000	0.000	0.000
578	  P	  0.0	  2.1	0.000	0.000	0.000
579	  S	  0.0	  2.3	0.000	0.000	0.000
580	  G	  0.0	  4.0	0.000	0.000	0.000
581	  P	  0.0	  2.1	0.000	0.000	0.000
582	  S	  0.0	  2.3	0.000	0.000	0.000
583	  G	  0.0	  4.0	0.000	0.000	0.000
584	  P	  0.0	  2.1	0.000	0.000	0.000
585	  S	  0.0	  2.3	0.000	0.000	0.000
586	  G	  0.0	  4.0	0.000	0.000	0.000
587	  P	  0.0	  2.1	0.000	0.000	0.000
588	  S	  0.0	  2.3	0.000	0.000	0.000
589	  G	  0.0	  2.8	0.000	0.000	0.000
590	  P	  0.0	  0.9	0.000	0.000	0.000
591	  S	  0.1	  0.9	0.000	0.000	0.000
592	  A	  0.1	  2.1	0.000	0.000	0.000
593	  P	  0.1	  1.4	0.000	0.000	0.000
594	  S	  0.0	  1.6	0.000	0.000	0.000
595	  G	  0.0	  2.3	0.000	0.000	0.000
596	  P	  0.0	  0.9	0.000	0.000	0.000
597	  S	  0.1	  0.9	0.000	0.000	0.000
598	  A	  0.1	  2.0	0.000	0.000	0.000
599	  P	  0.1	  1.4	0.000	0.000	0.000
600	  S	  0.0	  1.6	0.000	0.000	0.000
601	  G	  0.0	  3.5	0.000	0.000	0.000
602	  P	  0.0	  2.1	0.000	0.000	0.000
603	  S	  0.0	  2.3	0.000	0.000	0.000
604	  G	  0.0	  4.0	0.000	0.000	0.000
605	  P	  0.0	  2.1	0.000	0.000	0.000
606	  S	  0.0	  2.2	0.000	0.000	0.000
607	  G	  0.0	  2.9	0.000	0.000	0.000
608	  P	  0.0	  1.0	0.000	0.000	0.000
609	  E	  0.0	  1.1	0.000	0.000	0.000
610	  G	  0.0	  2.0	0.000	0.000	0.000
611	  P	  0.0	  1.1	0.000	0.000	0.000
612	  Q	  0.0	  1.1	0.000	0.000	0.000
613	  G	  0.0	  2.0	0.000	0.000	0.000
614	  P	  0.0	  1.0	0.000	0.000	0.000
615	  Q	  0.0	  1.1	0.000	0.000	0.000
616	  G	  0.0	  2.5	0.000	0.000	0.000
617	  P	  0.0	  1.5	0.000	0.000	0.000
618	  G	  0.0	  1.6	0.000	0.000	0.000
619	  G	  0.0	  2.0	0.000	0.000	0.000
620	  P	  0.0	  0.7	0.000	0.000	0.000
621	  S	  0.1	  6.6	0.000	0.000	0.000
622	  E	  0.1	  7.1	0.000	0.000	0.000
623	  N	  0.1	  6.6	0.000	0.000	0.000
624	  G	  0.0	  6.6	0.000	0.000	0.000
625	  G	  0.0	  2.5	0.000	0.000	0.000
626	  P	  0.0	  1.9	0.000	0.000	0.000
627	  S	  0.0	  2.1	0.000	0.000	0.000
628	  G	  0.0	  3.9	0.000	0.000	0.000
629	  P	  0.0	  2.1	0.000	0.000	0.000
630	  S	  0.0	  2.3	0.000	0.000	0.000
631	  G	  0.0	  4.0	0.000	0.000	0.000
632	  P	  0.0	  2.1	0.000	0.000	0.000
633	  S	  0.0	  2.3	0.000	0.000	0.000
634	  G	  0.0	  4.0	0.000	0.000	0.000
635	  P	  0.0	  2.1	0.000	0.000	0.000
636	  S	  0.0	  2.3	0.000	0.000	0.000
637	  G	  0.0	  4.0	0.000	0.000	0.000
638	  P	  0.0	  2.1	0.000	0.000	0.000
639	  S	  0.0	  2.3	0.000	0.000	0.000
640	  G	  0.0	  4.0	0.000	0.000	0.000
641	  P	  0.0	  2.1	0.000	0.000	0.000
642	  S	  0.0	  2.2	0.000	0.000	0.000
643	  G	  0.0	  2.8	0.000	0.000	0.000
644	  P	  0.0	  0.9	0.000	0.000	0.000
645	  K	  0.0	  1.0	0.000	0.000	0.000
646	  G	  0.0	  2.8	0.000	0.000	0.000
647	  P	  0.0	  2.0	0.000	0.000	0.000
648	  S	  0.0	  2.2	0.000	0.000	0.000
649	  G	  0.0	  4.0	0.000	0.000	0.000
650	  P	  0.0	  2.1	0.000	0.000	0.000
651	  S	  0.0	  2.3	0.000	0.000	0.000
652	  G	  0.0	  4.0	0.000	0.000	0.000
653	  P	  0.0	  2.1	0.000	0.000	0.000
654	  S	  0.0	  2.3	0.000	0.000	0.000
655	  G	  0.0	  4.0	0.000	0.000	0.000
656	  P	  0.0	  2.1	0.000	0.000	0.000
657	  S	  0.0	  2.4	0.000	0.000	0.000
658	  G	  0.0	  4.3	0.000	0.000	0.000
659	  P	  0.0	  2.6	0.000	0.000	0.000
660	  G	  0.0	  3.8	0.000	0.000	0.000
661	  E	  0.0	  4.0	0.000	0.000	0.000
662	  N	  0.0	  2.0	0.000	0.000	0.000
663	  G	  0.0	  2.1	0.000	0.000	0.000
664	  G	  0.0	  1.0	0.000	0.000	0.000
665	  N	  4.2	  0.4	0.000	0.000	0.000
666	  V	  6.5	  0.2	0.000	0.000	0.000
667	  E	  6.5	  0.0	0.000	0.000	0.000
668	  Q	  2.4	  0.5	0.000	0.000	0.000
669	  P	  0.0	  0.7	0.000	0.000	0.000
670	  E	  0.0	  3.9	0.000	0.000	0.000
671	  G	  0.0	  4.1	0.000	0.000	0.000
672	  N	  0.0	  4.4	0.000	0.000	0.000
673	  G	  0.0	  4.2	0.000	0.000	0.000
674	  G	  0.0	  1.2	0.000	0.000	0.000
675	  Q	  0.0	  1.1	0.000	0.000	0.000
676	  G	  0.0	  0.5	0.000	0.000	0.000
677	  G	  0.0	  1.9	0.000	0.000	0.000
678	  P	  0.0	  1.6	0.000	0.000	0.000
679	  G	  0.0	  1.7	0.000	0.000	0.000
680	  G	  0.0	  3.5	0.000	0.000	0.000
681	  P	  0.0	  2.0	0.000	0.000	0.000
682	  S	  0.0	  2.3	0.000	0.000	0.000
683	  G	  0.0	  3.7	0.000	0.000	0.000
684	  P	  0.0	  1.8	0.000	0.000	0.000
685	  G	  0.0	  1.9	0.000	0.000	0.000
686	  G	  0.0	  3.1	0.000	0.000	0.000
687	  P	  0.0	  1.9	0.000	0.000	0.000
688	  G	  0.0	  2.1	0.000	0.000	0.000
689	  G	  0.0	  2.3	0.000	0.000	0.000
690	  H	  0.1	  1.3	0.000	0.000	0.000
691	  G	  0.1	  1.2	0.000	0.000	0.000
692	  S	  0.1	  1.4	0.000	0.000	0.000
693	  E	  0.0	  3.4	0.000	0.000	0.000
694	  G	  0.0	  3.0	0.000	0.000	0.000
695	  N	  0.0	  3.0	0.000	0.000	0.000
696	  H	  0.0	  2.6	0.000	0.000	0.000
697	  G	  0.0	  0.4	0.000	0.000	0.000
698	  G	  0.0	  0.3	0.000	0.000	0.000
699	  P	  0.0	  0.0	0.000	0.000	0.000
700	  A	  0.0	  0.0	0.000	0.000	0.000
701	  P	  0.0	  0.0	0.000	0.000	0.000
702	  A	  0.0	  0.3	0.000	0.000	0.000
703	  P	  0.0	  0.3	0.000	0.000	0.000
704	  S	 10.6	  0.5	0.000	0.000	0.000
705	  V	 12.3	  0.5	0.000	0.000	0.000
706	  S	 12.4	  0.2	0.000	0.000	0.000
707	  Q	  2.0	  0.3	0.000	0.000	0.000
708	  V	  0.4	  0.2	0.000	0.000	0.000
709	  G	  0.3	  0.1	0.000	0.000	0.000
710	  Q	  0.2	  0.1	0.000	0.000	0.000
711	  P	  0.0	  0.1	0.000	0.000	0.000
712	  G	  0.0	  0.6	0.000	0.000	0.000
713	  P	  0.0	  0.7	0.000	0.000	0.000
714	  S	  2.7	  1.5	0.000	0.000	0.000
715	  A	  3.1	  1.4	0.000	0.000	0.000
716	  S	 12.9	  1.0	0.000	0.000	0.000
717	  V	 11.8	  1.0	0.000	0.000	0.000
718	  S	 11.7	  0.2	0.098	0.000	0.000
719	  Q	  4.9	  0.2	0.098	0.000	0.000
720	  Y	  4.5	  0.1	0.098	0.000	0.000
721	  T	  4.1	  0.2	0.098	0.000	0.000
722	  G	  1.3	  0.3	0.098	0.000	0.000
723	  G	  0.0	  0.3	0.098	0.000	0.000
724	  A	  0.5	  0.2	0.000	0.000	0.000
725	  V	  4.2	  0.1	0.000	0.000	0.000
726	  R	  4.3	  0.0	0.000	0.000	0.000
727	  L	  3.9	  0.0	0.000	0.000	0.000
728	  A	  0.4	  0.0	0.000	0.000	0.000
729	  T	  0.4	  0.0	0.000	0.000	0.000
730	  T	  0.4	  0.5	1.274	0.000	0.000
731	  P	  0.2	  0.6	2.269	0.105	0.105
732	  L	  0.0	  0.8	2.269	10.334	10.334
733	  G	  0.0	  0.8	4.172	11.951	11.951
734	  A	  0.3	  0.3	4.172	30.268	30.268
735	  L	  0.5	  0.1	4.172	51.231	51.231
736	  L	  0.5	  0.0	4.287	54.785	54.785
737	  A	  0.3	  0.0	4.287	54.967	54.967
738	  A	  0.2	  0.0	4.022	54.574	54.574
739	  A	  0.4	  0.0	2.980	53.743	53.743
740	  L	  1.3	  0.0	2.236	52.491	52.491
741	  L	  1.1	  0.0	1.514	49.117	49.117
742	  L	  0.9	  0.0	0.440	0.000	0.000
