res	aa	Beta	Turn	Helix	Aggregation	Conc-Stab_Aggregation
01	  M	  0.2	  0.1	0.000	0.000	0.000
02	  S	  0.3	  0.1	1.809	4.583	4.583
03	  T	  3.1	  0.1	1.809	18.942	18.942
04	  L	  5.0	  0.1	1.809	26.349	26.349
05	  T	  5.3	  0.0	2.096	26.936	26.936
06	  L	  2.9	  0.0	2.096	26.936	26.936
07	  A	  1.1	  0.0	2.096	26.838	26.838
08	  V	  1.3	  0.4	1.507	26.486	26.486
09	  A	  1.0	  0.4	1.507	12.400	12.400
10	  D	  0.7	  0.4	1.018	0.000	0.000
11	  Y	  0.1	  0.4	0.658	0.000	0.000
12	  F	  0.0	  0.0	0.000	0.000	0.000
13	  K	  0.0	  0.0	0.000	0.000	0.000
14	  Q	  0.0	  0.0	-1.#IO	0.000	0.000
15	  E	  0.0	  0.0	-1.#IO	0.000	0.000
16	  P	  0.0	  0.0	-1.#IO	0.000	0.000
17	  Q	  0.0	  0.0	-1.#IO	0.000	0.000
18	  Q	  0.0	  0.0	-1.#IO	0.000	0.000
19	  A	  0.0	  0.0	-1.#IO	0.000	0.000
20	  A	  0.0	  0.0	-1.#IO	0.000	0.000
21	  N	  0.0	  0.0	-1.#IO	0.000	0.000
22	  I	  0.0	  0.0	-1.#IO	0.000	0.000
23	  N	  0.0	  0.0	-1.#IO	0.000	0.000
24	  Q	  0.0	  0.0	-1.#IO	0.000	0.000
25	  K	  0.0	  0.0	-1.#IO	0.000	0.000
26	  L	  0.0	  0.0	-1.#IO	0.000	0.000
27	  N	  0.0	  0.0	0.000	0.000	0.000
28	  G	  0.0	  0.0	0.000	0.000	0.000
29	  L	  0.4	  0.0	0.000	0.000	0.000
30	  N	  0.5	  0.0	0.000	0.000	0.000
31	  Q	  0.5	  0.2	0.000	0.000	0.000
32	  P	  0.0	  0.2	0.000	0.000	0.000
33	  K	  0.1	  0.2	0.000	0.000	0.000
34	  A	  0.2	  0.2	0.000	0.000	0.000
35	  Q	  0.5	  0.1	0.000	0.000	0.000
36	  Q	  1.4	  0.1	0.000	0.000	0.000
37	  L	  1.4	  0.1	0.000	0.000	0.000
38	  Q	  1.3	  0.1	0.000	0.000	0.000
39	  T	  2.3	  0.1	0.000	0.000	0.000
40	  Q	  2.3	  0.2	0.000	0.000	0.000
41	  S	  2.9	  1.0	0.000	0.000	0.000
42	  S	  1.0	  0.9	0.000	0.000	0.000
43	  S	  6.8	  1.4	0.000	0.000	0.000
44	  M	  6.0	  1.6	0.000	0.000	0.000
45	  S	  5.9	  0.9	1.073	0.000	0.000
46	  D	  0.1	  1.6	1.178	0.000	0.000
47	  H	  0.1	  1.2	1.289	0.000	0.000
48	  D	  0.1	  1.0	1.446	0.000	0.000
49	  R	  0.6	  0.9	1.446	0.000	0.000
50	  L	  0.8	  0.1	1.446	0.000	0.000
51	  V	  1.0	  0.0	1.013	0.000	0.000
52	  Q	  0.4	  0.0	1.013	0.000	0.000
53	  G	  0.2	  0.0	0.342	0.000	0.000
54	  R	  0.0	  0.0	0.000	0.000	0.000
55	  D	  0.0	  0.0	0.000	0.000	0.000
56	  L	  0.0	  0.0	-1.#IO	0.000	0.000
57	  L	  0.0	  0.0	-1.#IO	0.000	0.000
58	  S	  0.0	  0.0	-1.#IO	0.000	0.000
59	  S	  0.0	  0.0	-1.#IO	0.000	0.000
60	  S	  0.0	  0.0	-1.#IO	0.000	0.000
61	  A	  0.0	  0.0	-1.#IO	0.000	0.000
62	  P	  0.0	  0.0	-1.#IO	0.000	0.000
63	  P	  0.0	  0.0	-1.#IO	0.000	0.000
64	  M	  0.0	  0.0	-1.#IO	0.000	0.000
65	  L	  0.0	  0.0	-1.#IO	0.000	0.000
66	  P	  0.0	  0.0	-1.#IO	0.000	0.000
67	  K	  0.0	  0.0	-1.#IO	0.000	0.000
68	  T	  0.0	  0.0	-1.#IO	0.000	0.000
69	  S	  0.0	  0.0	0.000	0.000	0.000
70	  P	  0.0	  0.0	0.000	0.000	0.000
71	  A	  0.4	  0.0	0.000	0.000	0.000
72	  V	  6.0	  0.0	0.000	0.000	0.000
73	  A	  6.0	  0.0	0.000	0.000	0.000
74	  I	  5.7	  0.0	0.000	0.000	0.000
75	  P	  0.1	  0.0	0.000	0.000	0.000
76	  Q	  0.0	  0.0	0.000	0.000	0.000
77	  K	  0.0	  0.0	0.000	0.000	0.000
78	  L	  0.0	  0.0	-1.#IO	0.000	0.000
79	  N	  0.0	  0.0	-1.#IO	0.000	0.000
80	  L	  0.0	  0.0	-1.#IO	0.000	0.000
81	  S	  0.0	  0.0	-1.#IO	0.000	0.000
82	  Y	  0.0	  0.0	-1.#IO	0.000	0.000
83	  T	  0.0	  0.0	-1.#IO	0.000	0.000
84	  T	  0.0	  0.0	-1.#IO	0.000	0.000
85	  S	  0.0	  0.0	-1.#IO	0.000	0.000
86	  S	  0.0	  0.0	-1.#IO	0.000	0.000
87	  F	  0.0	  0.0	-1.#IO	0.000	0.000
88	  S	  0.0	  0.0	-1.#IO	0.000	0.000
89	  K	  0.0	  0.0	-1.#IO	0.000	0.000
90	  S	  0.0	  0.0	-1.#IO	0.000	0.000
91	  A	  0.0	  0.0	0.000	0.000	0.000
92	  P	  0.0	  0.0	0.000	0.000	0.000
93	  D	  0.1	  0.0	0.000	0.000	0.000
94	  L	  0.6	  0.0	0.000	0.000	0.000
95	  T	  1.8	  0.0	0.000	0.000	0.000
96	  S	 16.6	  0.3	0.000	0.000	0.000
97	  W	 16.3	  0.6	0.000	0.000	0.000
98	  S	 15.2	  1.6	0.000	0.000	0.000
99	  D	  0.2	  1.6	0.000	0.000	0.000
100	  N	  0.0	  2.0	0.000	0.000	0.000
101	  H	  0.1	  2.0	0.000	0.000	0.000
102	  D	  0.1	  1.0	0.000	0.000	0.000
103	  D	  0.1	  1.0	0.000	0.000	0.000
104	  E	  8.9	  0.4	0.000	0.000	0.000
105	  V	  9.0	  0.0	0.000	0.000	0.000
106	  D	  9.0	  0.3	2.192	0.000	0.000
107	  P	  0.2	  0.3	2.192	0.000	0.000
108	  L	  0.4	  0.3	2.192	0.000	0.000
109	  T	  0.8	  0.6	2.192	0.000	0.000
110	  K	  0.8	  0.4	2.192	0.000	0.000
111	  D	  0.5	  1.6	2.192	0.000	0.000
112	  S	  0.1	  1.6	0.719	0.000	0.000
113	  D	  0.2	  1.3	1.051	0.000	0.000
114	  V	  6.5	  1.3	0.957	0.000	0.000
115	  A	  7.1	  0.0	0.957	0.000	0.000
116	  V	 13.3	  0.0	0.957	0.000	0.000
117	  K	  7.7	  0.2	0.957	0.000	0.000
118	  L	  9.0	  0.2	0.717	0.000	0.000
119	  D	  2.8	  0.5	0.621	0.000	0.000
120	  I	  2.2	  0.6	0.104	0.000	0.000
121	  G	  0.1	  0.4	0.104	0.000	0.000
122	  E	  0.2	  0.4	0.000	0.000	0.000
123	  I	  0.1	  0.5	0.000	0.000	0.000
124	  P	  0.1	  0.6	0.000	0.000	0.000
125	  D	  0.0	  0.6	0.000	0.000	0.000
126	  S	  0.3	  0.6	0.000	0.000	0.000
127	  A	  1.2	  0.1	0.000	0.000	0.000
128	  V	  1.6	  0.0	0.000	0.000	0.000
129	  A	  1.3	  0.2	0.000	0.000	0.000
130	  P	  0.5	  0.2	0.000	0.000	0.000
131	  L	  0.1	  0.2	0.000	0.000	0.000
132	  K	  0.1	  0.3	0.000	0.000	0.000
133	  E	  0.2	  0.2	0.000	0.000	0.000
134	  S	  0.3	  0.2	0.000	0.000	0.000
135	  A	  0.3	  0.1	0.000	0.000	0.000
136	  A	  0.2	  0.1	0.000	0.000	0.000
137	  P	  0.0	  0.1	0.000	0.000	0.000
138	  K	  3.7	  0.1	0.000	0.000	0.000
139	  I	  8.1	  0.1	0.000	0.000	0.000
140	  E	 13.9	  0.0	0.000	0.000	0.000
141	  I	 12.5	  0.0	0.000	0.000	0.000
142	  K	  8.6	  0.0	0.000	0.000	0.000
143	  S	  2.2	  2.9	0.103	0.000	0.000
144	  P	  0.1	  2.9	0.103	0.000	0.000
145	  S	  0.4	  3.1	0.620	0.000	0.000
146	  A	  0.4	  3.4	0.620	0.000	0.000
147	  E	  0.4	  0.5	0.620	0.000	0.000
148	  D	  0.1	  0.5	0.620	0.000	0.000
149	  A	  0.6	  0.4	0.620	0.000	0.000
150	  F	  1.4	  0.1	0.620	0.000	0.000
151	  S	  1.6	  0.1	0.131	0.000	0.000
152	  T	  2.7	  0.2	0.000	0.000	0.000
153	  K	  2.7	  0.2	0.000	0.000	0.000
154	  T	  2.4	  0.1	0.000	0.000	0.000
155	  E	  0.9	  0.1	0.000	0.000	0.000
156	  P	  0.0	  0.0	0.000	0.000	0.000
157	  V	  0.5	  0.0	0.000	0.000	0.000
158	  V	  0.5	  0.0	0.000	0.000	0.000
159	  P	  0.5	  0.0	0.000	0.000	0.000
160	  K	 15.8	  0.0	0.000	0.000	0.000
161	  V	 16.4	  0.0	0.000	0.000	0.000
162	  E	 16.4	  0.0	0.000	0.000	0.000
163	  P	  0.6	  0.0	0.000	0.000	0.000
164	  V	  3.8	  0.0	0.000	0.000	0.000
165	  I	  5.1	  0.0	0.000	0.000	0.000
166	  D	  5.7	  0.0	0.000	0.000	0.000
167	  T	  6.6	  0.0	0.000	0.000	0.000
168	  I	  9.4	  0.0	0.000	0.000	0.000
169	  V	  9.4	  0.0	0.000	0.000	0.000
170	  A	  4.8	  0.1	0.000	0.000	0.000
171	  E	  0.7	  0.1	0.000	0.000	0.000
172	  E	  2.8	  0.1	0.000	0.000	0.000
173	  V	  3.0	  0.2	0.000	0.000	0.000
174	  S	  3.0	  0.1	0.000	0.000	0.000
175	  D	  0.2	  0.1	0.000	0.000	0.000
176	  K	  0.0	  0.3	0.000	0.000	0.000
177	  P	  0.0	  0.3	0.000	0.000	0.000
178	  R	  0.2	  0.3	0.000	0.000	0.000
179	  S	  3.3	  1.8	0.000	0.000	0.000
180	  A	  3.3	  1.8	0.000	0.000	0.000
181	  S	  3.1	  1.8	0.000	0.000	0.000
182	  D	  0.1	  1.8	0.000	0.000	0.000
183	  T	  0.1	  0.3	0.000	0.000	0.000
184	  M	  0.1	  0.1	0.000	0.000	0.000
185	  P	  0.0	  0.2	0.306	0.000	0.000
186	  P	  0.0	  0.2	0.306	0.000	0.000
187	  L	  0.2	  0.2	0.306	0.000	0.000
188	  R	  0.5	  0.2	0.306	0.000	0.000
189	  K	  1.6	  0.1	0.306	0.000	0.000
190	  L	  1.7	  0.2	0.306	0.000	0.000
191	  K	  1.5	  0.2	0.151	0.000	0.000
192	  S	  0.5	  0.3	0.000	0.000	0.000
193	  S	  0.7	  0.3	0.000	0.000	0.000
194	  L	  3.4	  0.2	0.000	0.000	0.000
195	  K	  3.4	  0.1	0.000	0.000	0.000
196	  L	  2.9	  0.2	0.000	0.000	0.000
197	  P	  0.1	  0.2	0.000	0.000	0.000
198	  Q	  0.6	  0.2	0.000	0.000	0.000
199	  L	  0.8	  0.2	0.000	0.000	0.000
200	  H	  1.2	  0.3	0.000	0.000	0.000
201	  K	  0.7	  0.4	0.000	0.000	0.000
202	  S	  1.4	  1.0	0.000	0.000	0.000
203	  S	  1.2	  1.1	0.000	0.000	0.000
204	  S	  3.0	  1.0	0.000	0.000	0.000
205	  T	  3.3	  1.0	0.000	0.000	0.000
206	  S	  3.1	  0.5	0.000	0.000	0.000
207	  S	 10.6	  0.4	0.000	0.000	0.000
208	  L	  9.4	  0.2	0.000	0.000	0.000
209	  S	  9.4	  0.3	0.000	0.000	0.000
210	  P	  0.1	  0.4	0.000	0.000	0.000
211	  K	  0.4	  0.4	0.000	0.000	0.000
212	  S	  3.9	  0.4	0.000	0.000	0.000
213	  V	  6.1	  0.1	0.000	0.000	0.000
214	  R	  6.0	  0.0	0.000	0.000	0.000
215	  F	  3.3	  0.2	0.000	0.000	0.000
216	  A	  1.2	  0.2	0.000	0.000	0.000
217	  S	  1.0	  0.3	0.491	0.000	0.000
218	  R	  0.5	  0.3	0.491	0.000	0.000
219	  L	  0.5	  0.3	0.491	0.000	0.000
220	  E	  0.4	  0.2	0.491	0.000	0.000
221	  N	  2.4	  0.2	0.606	0.000	0.000
222	  V	  4.2	  0.3	0.606	0.000	0.000
223	  K	  4.3	  0.1	0.606	0.000	0.000
224	  H	  3.9	  0.1	0.325	0.000	0.000
225	  F	  2.4	  1.7	0.222	0.000	0.000
226	  K	  2.2	  1.7	0.115	0.000	0.000
227	  G	  0.3	  2.1	0.000	0.000	0.000
228	  K	  0.1	  2.1	0.000	0.000	0.000
229	  D	  0.1	  0.4	0.000	0.000	0.000
230	  S	  0.1	  3.6	0.000	0.000	0.000
231	  P	  0.0	  3.2	0.000	0.000	0.000
232	  S	  0.3	  3.2	0.216	0.000	0.000
233	  A	  0.8	  3.2	0.216	0.000	0.000
234	  V	  2.7	  0.0	0.216	0.000	0.000
235	  S	  2.7	  0.2	0.216	0.000	0.000
236	  A	  2.3	  0.3	0.216	0.000	0.000
237	  Q	  0.7	  0.3	0.216	0.000	0.000
238	  N	  0.5	  0.3	0.000	0.000	0.000
239	  T	  0.4	  0.6	0.000	0.000	0.000
240	  P	  0.1	  0.7	0.000	0.000	0.000
241	  L	  0.0	  0.7	0.000	0.000	0.000
242	  G	  0.0	  0.7	0.000	0.000	0.000
243	  S	  0.1	  3.5	0.000	0.000	0.000
244	  P	  0.0	  3.3	0.000	0.000	0.000
245	  S	  2.8	  3.3	0.000	0.000	0.000
246	  F	  4.1	  3.4	0.000	0.000	0.000
247	  C	  4.5	  0.1	0.000	0.000	0.000
248	  D	  2.1	  0.3	0.000	0.000	0.000
249	  F	  4.2	  0.3	0.000	0.000	0.000
250	  D	  4.0	  0.2	0.338	0.000	0.000
251	  V	  4.2	  0.7	0.338	0.000	0.000
252	  A	  0.9	  0.4	0.338	0.000	0.000
253	  D	  1.6	  0.4	0.338	0.000	0.000
254	  Y	  3.2	  0.5	0.338	0.000	0.000
255	  F	  3.4	  0.3	0.338	0.000	0.000
256	  S	  2.5	  0.7	0.000	0.000	0.000
257	  N	  0.3	  1.1	0.000	0.000	0.000
258	  N	  0.1	  2.3	0.000	0.000	0.000
259	  S	  0.1	  2.0	0.000	0.000	0.000
260	  N	  1.5	  1.6	0.000	0.000	0.000
261	  F	  3.0	  1.4	0.000	0.000	0.000
262	  T	  3.1	  0.2	0.000	0.000	0.000
263	  D	  1.8	  0.2	0.000	0.000	0.000
264	  L	  1.7	  0.2	0.000	0.000	0.000
265	  Q	  2.2	  0.1	0.000	0.000	0.000
266	  L	  2.4	  0.1	0.000	0.000	0.000
267	  D	  1.0	  0.3	0.000	0.000	0.000
268	  S	  0.3	  2.3	0.000	0.000	0.000
269	  E	  0.1	  2.3	0.000	0.000	0.000
270	  D	  0.1	  5.6	0.000	0.000	0.000
271	  S	  0.1	  6.1	0.000	0.000	0.000
272	  D	  0.1	  7.4	0.000	0.000	0.000
273	  S	  0.1	  7.8	0.000	0.000	0.000
274	  D	  0.1	  4.6	0.000	0.000	0.000
275	  S	  0.2	  5.0	0.163	0.000	0.000
276	  E	  0.4	  1.7	0.163	0.000	0.000
277	  S	  1.3	  1.2	0.503	0.000	0.000
278	  F	  2.4	  1.0	0.503	0.000	0.000
279	  F	  4.6	  0.0	0.503	0.000	0.000
280	  K	  4.4	  0.0	0.503	0.000	0.000
281	  V	  5.5	  0.0	0.503	0.000	0.000
282	  L	  3.6	  0.0	0.503	0.000	0.000
283	  Q	  3.0	  0.0	0.503	0.000	0.000
284	  H	  1.4	  0.0	0.399	0.000	0.000
285	  R	  1.4	  0.0	0.000	0.000	0.000
286	  Y	  2.8	  0.0	0.000	0.000	0.000
287	  K	  2.8	  0.0	0.000	0.000	0.000
288	  I	  6.2	  0.0	0.000	0.167	0.167
289	  S	 11.6	  0.0	0.000	0.167	0.167
290	  F	 12.8	  0.1	0.000	0.167	0.167
291	  T	  9.6	  0.1	0.000	0.167	0.167
292	  N	  4.5	  0.1	0.000	0.167	0.167
293	  F	  2.7	  0.1	0.000	0.167	0.167
294	  T	  2.2	  0.0	0.000	0.000	0.000
295	  P	  0.0	  0.3	0.000	0.000	0.000
296	  P	  0.0	  0.5	0.000	0.000	0.000
297	  Q	  0.2	  0.5	0.000	0.000	0.000
298	  N	  2.4	  0.5	0.403	0.000	0.000
299	  I	  2.6	  0.2	0.403	0.000	0.000
300	  Y	  2.8	  0.1	0.403	0.000	0.000
301	  D	  0.6	  0.2	0.403	0.000	0.000
302	  K	  0.8	  0.2	0.403	0.000	0.000
303	  L	  9.1	  0.2	0.403	0.000	0.000
304	  S	  9.4	  0.1	0.403	0.000	0.000
305	  C	  9.0	  0.0	0.261	0.000	0.000
306	  P	  0.4	  0.0	0.000	0.000	0.000
307	  V	  3.2	  0.0	0.000	0.000	0.000
308	  Y	  3.8	  0.0	0.000	0.000	0.000
309	  L	  4.0	  0.0	0.000	0.000	0.000
310	  H	  1.1	  0.1	0.000	0.000	0.000
311	  K	  0.7	  0.1	0.000	0.000	0.000
312	  A	  1.3	  0.1	0.000	0.000	0.000
313	  V	  4.2	  0.0	0.000	0.000	0.000
314	  M	  4.7	  0.0	0.000	0.000	0.000
315	  S	  4.3	  2.7	0.717	0.000	0.000
316	  A	  1.1	  2.7	0.717	0.000	0.000
317	  D	  0.4	  2.9	0.717	0.000	0.000
318	  K	  0.1	  2.9	0.717	0.000	0.000
319	  K	  0.2	  0.3	0.717	0.000	0.000
320	  S	  0.6	  0.2	0.717	3.368	3.368
321	  M	  2.7	  0.1	0.308	57.408	57.408
322	  V	  4.1	  0.0	0.000	64.222	64.222
323	  L	  7.0	  0.0	0.000	64.321	64.321
324	  T	  8.5	  0.0	0.000	64.321	64.321
325	  V	  9.4	  0.0	0.000	64.321	64.321
326	  M	  6.3	  0.0	0.000	56.823	56.823
327	  C	  3.2	  0.5	0.564	9.929	9.929
328	  E	  0.8	  0.5	0.564	0.000	0.000
329	  N	  0.6	  0.5	0.889	0.000	0.000
330	  L	  0.3	  0.5	0.889	0.000	0.000
331	  A	  0.5	  0.0	0.889	0.000	0.000
332	  Y	  2.4	  0.1	0.889	0.000	0.000
333	  E	  2.4	  0.2	0.426	0.000	0.000
334	  K	  2.3	  0.2	0.325	0.000	0.000
335	  N	  0.6	  0.3	0.123	0.000	0.000
336	  L	  1.7	  0.3	0.000	0.000	0.000
337	  S	  2.8	  0.2	0.000	0.000	0.000
338	  V	  8.5	  0.1	0.000	0.000	0.000
339	  K	 11.3	  0.0	0.000	0.000	0.000
340	  I	 23.5	  0.0	0.000	0.000	0.000
341	  T	 25.1	  0.0	0.000	0.000	0.000
342	  F	 21.0	  0.1	0.000	0.000	0.000
343	  N	  8.0	  0.1	0.000	0.000	0.000
344	  N	  0.7	  0.1	0.000	0.000	0.000
345	  W	  0.5	  0.1	0.000	0.295	0.295
346	  H	  0.5	  0.2	0.000	0.295	0.295
347	  S	  0.8	  0.2	0.000	2.456	2.456
348	  T	  3.9	  0.2	0.000	3.411	3.411
349	  V	  5.9	  0.1	0.000	3.875	3.875
350	  I	  5.8	  0.0	0.000	3.875	3.875
351	  Y	  2.9	  0.1	0.000	3.875	3.875
352	  N	  0.8	  0.1	0.359	1.419	1.419
353	  N	  0.5	  0.2	0.359	0.721	0.721
354	  A	  0.8	  0.2	0.359	0.721	0.721
355	  T	  4.8	  0.1	0.359	0.721	0.721
356	  Y	  6.3	  0.1	0.359	0.721	0.721
357	  V	  7.8	  0.1	0.359	0.721	0.721
358	  K	  4.2	  0.1	0.359	0.000	0.000
359	  S	 21.2	  0.2	0.095	0.000	0.000
360	  F	 20.1	  0.4	0.095	0.000	0.000
361	  S	 19.8	  0.4	0.000	0.000	0.000
362	  S	  3.7	  1.0	0.000	0.000	0.000
363	  L	  3.6	  0.9	0.000	0.000	0.000
364	  N	  4.2	  1.0	0.000	0.000	0.000
365	  F	  3.0	  1.0	0.000	0.000	0.000
366	  D	  2.1	  0.4	0.000	0.000	0.000
367	  Q	  3.1	  0.4	0.000	0.000	0.000
368	  F	  3.3	  0.0	0.000	0.000	0.000
369	  K	  5.6	  0.0	0.000	0.000	0.000
370	  F	 17.7	  0.0	0.000	0.000	0.000
371	  T	 17.1	  0.0	0.000	0.000	0.000
372	  I	 14.5	  0.0	0.000	0.000	0.000
373	  P	  0.5	  0.0	0.000	0.000	0.000
374	  L	  0.5	  0.0	0.000	0.000	0.000
375	  T	  1.5	  0.0	0.000	0.000	0.000
376	  S	  1.6	  0.0	0.000	0.000	0.000
377	  L	  1.1	  0.4	0.000	0.000	0.000
378	  P	  0.1	  0.4	0.000	0.000	0.000
379	  S	  0.3	  0.4	0.562	0.000	0.000
380	  A	  0.5	  0.4	0.562	0.000	0.000
381	  I	  1.5	  0.0	0.562	0.000	0.000
382	  N	  1.3	  0.0	0.667	0.000	0.000
383	  A	  1.2	  0.0	0.667	0.000	0.000
384	  Q	  2.1	  0.0	0.667	0.000	0.000
385	  F	  5.4	  0.0	0.247	0.000	0.000
386	  C	 10.7	  0.0	0.105	0.000	0.000
387	  I	 11.5	  0.0	0.105	0.000	0.000
388	  K	  8.9	  0.0	0.105	0.000	0.000
389	  Y	  7.7	  0.0	0.105	0.323	0.323
390	  S	  5.5	  0.0	0.105	0.323	0.323
391	  V	  5.4	  0.2	0.000	0.323	0.323
392	  A	  1.1	  1.1	0.000	0.323	0.323
393	  G	  0.6	  1.2	0.000	0.323	0.323
394	  S	  0.7	  1.2	0.000	0.323	0.323
395	  T	  6.1	  1.0	0.151	0.323	0.323
396	  Y	  7.1	  0.2	0.151	0.323	0.323
397	  W	  6.7	  0.3	0.151	0.323	0.323
398	  D	  1.3	  1.2	0.151	0.000	0.000
399	  N	  0.2	  1.8	0.151	0.000	0.000
400	  N	  0.0	  2.0	0.151	0.000	0.000
401	  N	  0.2	  1.9	0.151	0.000	0.000
402	  S	  0.7	  2.6	0.000	0.000	0.000
403	  K	  0.8	  2.1	0.000	0.000	0.000
404	  N	  1.5	  1.9	0.000	0.000	0.000
405	  Y	  5.5	  1.7	0.000	0.988	0.988
406	  S	  8.6	  0.1	0.000	1.184	1.184
407	  V	 14.1	  0.1	0.000	1.184	1.184
408	  T	 12.2	  0.0	0.000	1.184	1.184
409	  L	  9.3	  0.0	0.000	1.184	1.184
410	  T	  4.2	  0.2	0.000	0.697	0.697
411	  S	  1.6	  2.1	0.000	0.206	0.206
412	  S	  1.2	  2.1	0.000	0.000	0.000
413	  D	  0.1	  2.1	0.000	0.000	0.000
414	  K	  0.0	  2.0	0.000	0.000	0.000
415	  P	  0.0	  0.0	0.000	0.000	0.000
416	  S	  0.0	  0.3	0.000	0.000	0.000
417	  P	  0.0	  0.3	0.000	0.000	0.000
418	  K	  0.2	  0.4	0.000	0.000	0.000
419	  Q	  0.4	  0.5	0.000	0.000	0.000
420	  R	  0.9	  0.2	0.000	0.000	0.000
421	  S	  0.8	  0.1	0.000	0.000	0.000
422	  K	  0.6	  0.2	0.000	0.000	0.000
423	  P	  0.1	  0.1	0.000	0.000	0.000
424	  K	  0.8	  0.1	0.000	0.000	0.000
425	  I	  1.3	  0.2	0.000	0.000	0.000
426	  S	  2.1	  0.6	0.000	0.000	0.000
427	  S	  1.6	  0.7	0.000	0.000	0.000
428	  S	  1.6	  0.7	0.000	0.000	0.000
429	  T	 10.9	  0.7	0.000	0.000	0.000
430	  F	 14.8	  0.1	0.000	0.000	0.000
431	  E	 19.5	  0.0	0.000	0.000	0.000
432	  Y	  9.9	  0.0	0.000	0.000	0.000
433	  K	  6.1	  0.0	0.000	0.000	0.000
434	  P	  0.0	  0.1	0.000	0.000	0.000
435	  P	  0.0	  0.1	0.000	0.000	0.000
436	  A	  0.5	  0.1	0.000	0.000	0.000
437	  F	  2.6	  0.2	0.000	0.000	0.000
438	  S	  3.2	  1.5	0.000	0.000	0.000
439	  Q	  2.8	  1.5	0.000	0.000	0.000
440	  D	  0.8	  1.7	0.000	0.000	0.000
441	  S	  1.4	  1.9	0.000	0.000	0.000
442	  H	  1.5	  0.5	0.000	0.000	0.000
443	  S	  1.8	  0.6	0.000	0.000	0.000
444	  A	  0.6	  0.4	0.000	0.000	0.000
445	  E	  0.5	  0.2	0.000	0.000	0.000
446	  R	  0.1	  0.1	0.000	0.000	0.000
447	  P	  0.0	  0.3	0.000	0.000	0.000
448	  A	  0.0	  0.6	0.000	0.000	0.000
449	  S	  0.0	  0.6	0.000	0.000	0.000
450	  D	  0.1	  0.7	0.000	0.000	0.000
451	  A	  0.4	  0.5	0.000	0.000	0.000
452	  F	  0.6	  0.2	0.000	0.000	0.000
453	  A	  0.5	  0.6	0.000	0.000	0.000
454	  P	  0.2	  0.5	0.000	0.000	0.000
455	  S	  2.3	  1.4	0.000	0.000	0.000
456	  K	  2.4	  1.5	0.000	0.000	0.000
457	  S	  2.7	  1.0	0.000	0.000	0.000
458	  S	  0.6	  0.9	0.000	0.000	0.000
459	  V	  0.5	  0.1	0.000	0.000	0.000
460	  P	  0.2	  0.0	0.000	0.000	0.000
461	  Y	  0.6	  0.1	0.000	0.000	0.000
462	  S	  0.6	  0.2	1.067	0.000	0.000
463	  E	  0.7	  0.2	1.336	0.000	0.000
464	  L	  0.4	  0.2	1.336	0.000	0.000
465	  V	  2.2	  0.1	1.336	0.000	0.000
466	  T	  2.9	  0.0	1.336	0.000	0.000
467	  K	  2.8	  0.0	1.336	0.000	0.000
468	  L	  1.5	  0.0	1.336	0.000	0.000
469	  M	  2.0	  0.0	1.203	0.000	0.000
470	  H	  3.7	  0.0	0.974	0.000	0.000
471	  V	 10.4	  0.0	0.481	0.000	0.000
472	  K	  9.7	  0.2	0.481	0.000	0.000
473	  M	  7.9	  0.2	0.000	0.000	0.000
474	  D	  0.8	  0.4	0.937	0.000	0.000
475	  E	  1.1	  0.5	0.937	0.000	0.000
476	  H	  1.3	  0.4	0.937	0.000	0.000
477	  K	  1.4	  0.4	0.937	0.000	0.000
478	  K	  1.9	  0.2	0.937	0.000	0.000
479	  R	  2.1	  0.1	0.937	0.000	0.000
480	  I	  2.0	  0.0	0.207	0.000	0.000
481	  P	  0.4	  0.0	0.000	0.000	0.000
482	  L	  0.2	  0.0	0.000	0.000	0.000
483	  L	  0.6	  0.1	0.000	0.000	0.000
484	  K	  0.6	  0.3	0.000	0.000	0.000
485	  S	  0.5	  0.5	0.000	0.000	0.000
486	  N	  0.2	  0.7	0.000	0.000	0.000
487	  S	  2.1	  0.8	0.000	0.000	0.000
488	  T	  2.1	  0.8	0.000	0.000	0.000
489	  S	  2.0	  0.7	0.000	0.000	0.000
490	  N	  2.0	  0.5	0.000	0.000	0.000
491	  V	  6.3	  0.2	0.000	0.000	0.000
492	  V	  7.7	  0.0	0.000	0.000	0.000
493	  S	  5.8	  0.0	0.000	0.000	0.000
494	  T	  1.5	  0.0	0.000	0.000	0.000
495	  P	  0.0	  0.0	0.000	0.000	0.000
496	  P	  0.0	  0.2	0.000	0.000	0.000
497	  P	  0.0	  0.3	0.000	0.000	0.000
498	  K	  0.1	  0.4	0.000	0.000	0.000
499	  Q	  0.2	  0.4	0.000	0.000	0.000
500	  S	  0.3	  0.3	0.000	0.000	0.000
501	  S	  0.4	  0.3	0.000	0.000	0.000
502	  Q	  1.3	  0.2	0.000	0.000	0.000
503	  V	  1.6	  0.1	0.000	0.000	0.000
504	  R	  1.4	  0.2	0.000	0.000	0.000
505	  P	  0.4	  0.2	0.000	0.000	0.000
506	  K	  0.7	  0.2	0.000	0.000	0.000
507	  Y	  2.3	  0.2	0.000	0.000	0.000
508	  S	  3.8	  0.8	0.000	0.000	0.000
509	  R	  4.7	  0.8	0.000	0.000	0.000
510	  S	  4.0	  0.8	0.000	0.000	0.000
511	  F	  3.3	  0.7	0.000	0.000	0.000
512	  I	  2.7	  0.0	0.000	0.000	0.000
513	  S	  2.1	  0.1	0.000	0.000	0.000
514	  R	  1.3	  0.1	0.000	0.000	0.000
515	  T	  3.0	  0.3	0.000	0.000	0.000
516	  A	  2.9	  0.3	0.000	0.000	0.000
517	  S	  3.4	  1.6	0.000	0.000	0.000
518	  Q	  0.9	  1.6	0.000	0.000	0.000
519	  D	  0.7	  4.4	0.000	0.000	0.000
520	  S	  0.2	  4.9	0.000	0.000	0.000
521	  N	  0.1	  4.3	0.000	0.000	0.000
522	  S	  0.3	  4.4	0.000	0.000	0.000
523	  G	  0.2	  1.6	0.000	0.000	0.000
524	  S	  3.7	  0.9	0.000	0.000	0.000
525	  V	  8.2	  0.3	0.000	0.000	0.000
526	  T	  8.3	  0.0	0.000	0.000	0.000
527	  S	  4.9	  0.4	0.000	0.000	0.000
528	  P	  0.1	  0.4	0.000	0.000	0.000
529	  Q	  0.2	  0.5	0.000	0.000	0.000
530	  K	  0.4	  0.5	0.000	0.000	0.000
531	  T	  0.9	  0.2	0.000	0.000	0.000
532	  S	  1.0	  0.1	0.000	0.000	0.000
533	  L	  1.4	  0.1	0.000	0.000	0.000
534	  V	  1.5	  0.1	0.000	0.000	0.000
535	  K	  1.2	  0.4	0.000	0.000	0.000
536	  K	  0.8	  0.4	0.000	0.000	0.000
537	  D	  0.2	  0.4	0.000	0.000	0.000
538	  E	  0.1	  0.6	0.000	0.000	0.000
539	  P	  0.0	  0.2	0.000	0.000	0.000
540	  S	  1.1	  0.2	0.000	0.000	0.000
541	  V	  8.5	  0.2	0.000	0.000	0.000
542	  I	  8.7	  0.0	0.000	0.000	0.000
543	  S	  7.7	  2.9	0.000	0.000	0.000
544	  P	  0.3	  3.0	0.000	0.000	0.000
545	  S	  0.6	  3.1	0.000	0.000	0.000
546	  K	  0.9	  3.1	0.000	0.000	0.000
547	  T	  3.6	  0.3	0.000	0.000	0.000
548	  A	  3.2	  0.4	0.000	0.000	0.000
549	  S	  3.0	  0.3	0.000	0.000	0.000
550	  S	  0.4	  0.3	0.000	0.000	0.000
551	  L	  0.3	  0.3	0.000	0.000	0.000
552	  P	  0.1	  0.3	0.000	0.000	0.000
553	  E	  0.1	  0.3	0.000	0.000	0.000
554	  K	  0.2	  0.4	0.000	0.000	0.000
555	  A	  0.3	  0.3	0.000	0.000	0.000
556	  S	  0.2	  0.4	0.000	0.000	0.000
557	  E	  0.2	  0.4	0.000	0.000	0.000
558	  T	  0.2	  0.2	0.000	0.000	0.000
559	  D	  0.2	  0.4	0.000	0.000	0.000
560	  P	  0.0	  0.2	0.000	0.000	0.000
561	  F	  0.6	  0.2	0.000	0.000	0.000
562	  T	  0.6	  0.4	0.000	0.000	0.000
563	  P	  0.6	  0.3	0.000	0.000	0.000
564	  R	  0.8	  0.3	0.000	0.000	0.000
565	  S	  1.1	  0.5	0.000	0.232	0.232
566	  V	  1.2	  1.0	0.000	0.232	0.232
567	  G	  0.5	  0.9	0.000	0.232	0.232
568	  A	  0.6	  0.9	0.000	0.232	0.232
569	  F	  1.5	  0.7	0.000	0.232	0.232
570	  H	  1.6	  0.2	0.000	0.000	0.000
571	  E	  1.2	  0.2	0.000	0.000	0.000
572	  T	  2.4	  0.2	0.000	0.000	0.000
573	  Q	  4.2	  0.2	0.000	0.000	0.000
574	  F	  5.2	  0.0	0.000	0.000	0.000
575	  N	  3.0	  1.6	1.643	0.000	0.000
576	  S	  1.2	  1.6	1.825	0.000	0.000
577	  N	  2.8	  1.6	2.907	0.000	0.000
578	  T	  6.1	  1.6	4.121	1.485	1.485
579	  Y	  6.7	  0.0	4.238	3.586	3.586
580	  A	  4.0	  0.0	4.238	3.586	3.586
581	  A	  1.0	  0.0	4.094	3.586	3.586
582	  L	  0.4	  0.0	4.094	3.586	3.586
583	  L	  0.4	  0.1	3.786	3.366	3.366
584	  R	  1.3	  0.1	3.249	0.000	0.000
585	  T	  9.6	  0.1	1.083	0.000	0.000
586	  Y	 12.4	  0.1	1.083	0.000	0.000
587	  C	 14.5	  0.1	0.561	0.000	0.000
588	  F	  7.5	  0.3	0.208	0.000	0.000
589	  S	  4.5	  0.3	0.000	0.000	0.000
590	  G	  1.3	  0.3	0.000	0.000	0.000
591	  T	  0.2	  0.6	0.000	0.000	0.000
592	  P	  0.0	  0.5	0.000	0.000	0.000
593	  S	  0.5	  3.3	0.000	0.000	0.000
594	  A	  0.5	  3.4	0.000	0.000	0.000
595	  N	  0.5	  3.0	0.000	0.000	0.000
596	  N	  0.3	  2.9	0.000	0.000	0.000
597	  S	  0.9	  0.2	0.000	0.000	0.000
598	  V	  1.6	  0.3	0.000	0.000	0.000
599	  A	  1.4	  0.1	0.000	0.000	0.000
600	  N	  0.8	  0.1	0.000	0.000	0.000
601	  S	  0.1	  1.5	0.000	0.000	0.000
602	  P	  0.0	  1.6	0.000	0.000	0.000
603	  T	  0.2	  2.0	0.000	0.000	0.000
604	  G	  0.2	  2.0	0.000	0.000	0.000
605	  S	  0.3	  1.6	0.000	0.000	0.000
606	  E	  0.2	  1.5	0.000	0.000	0.000
607	  S	  0.3	  1.1	0.376	0.000	0.000
608	  S	  1.7	  1.1	0.376	0.000	0.000
609	  L	  2.1	  0.2	0.376	0.136	0.136
610	  T	  3.5	  0.1	0.376	0.136	0.136
611	  S	  2.9	  0.1	0.376	0.136	0.136
612	  Y	  4.0	  0.2	0.376	0.136	0.136
613	  Y	  7.5	  0.1	0.000	0.136	0.136
614	  D	  6.6	  0.1	0.000	0.000	0.000
615	  C	  6.4	  0.1	0.000	0.000	0.000
616	  A	  1.4	  0.0	0.000	0.000	0.000
617	  S	  1.3	  0.1	0.000	0.000	0.000
618	  P	  0.0	  0.3	0.000	0.000	0.000
619	  A	  0.1	  0.4	0.000	0.000	0.000
620	  S	  0.7	  0.4	0.000	0.000	0.000
621	  T	  7.6	  0.2	0.000	0.000	0.000
622	  F	  8.0	  0.1	0.000	0.000	0.000
623	  H	  7.5	  0.1	0.000	0.000	0.000
624	  S	  5.7	  0.6	0.000	0.000	0.000
625	  L	  5.2	  0.8	0.000	0.000	0.000
626	  S	  5.1	  1.1	0.000	0.000	0.000
627	  D	  0.2	  1.1	0.000	0.000	0.000
628	  S	  0.9	  0.7	0.000	0.000	0.000
629	  I	  3.6	  0.4	0.000	0.000	0.000
630	  H	  3.4	  0.0	0.000	0.000	0.000
631	  I	  2.7	  0.0	0.000	0.000	0.000
