res	aa	Beta	Turn	Helix	Aggregation	Conc-Stab_Aggregation
01	  M	  0.5	  0.0	0.000	0.000	0.000
02	  V	  3.5	  0.0	0.000	0.000	0.000
03	  S	 22.1	  0.2	0.000	0.000	0.000
04	  F	 35.7	  0.2	0.000	0.000	0.000
05	  S	 39.1	  0.2	0.000	0.000	0.000
06	  C	 27.9	  0.2	0.000	0.000	0.000
07	  E	 11.6	  0.0	0.000	0.000	0.000
08	  V	  5.2	  0.0	0.000	0.000	0.000
09	  C	  1.2	  0.1	0.000	0.000	0.000
10	  N	  0.6	  0.1	0.352	0.000	0.000
11	  D	  0.8	  0.1	0.763	0.000	0.000
12	  T	  5.3	  0.1	5.946	0.000	0.000
13	  I	  7.7	  0.0	6.077	0.000	0.000
14	  V	  7.7	  0.0	6.208	0.000	0.000
15	  K	  3.2	  0.1	6.208	0.000	0.000
16	  K	  0.7	  0.1	6.208	0.000	0.000
17	  K	  0.7	  0.3	5.944	0.000	0.000
18	  L	  0.7	  0.3	4.550	0.000	0.000
19	  D	  0.7	  0.4	4.332	0.000	0.000
20	  Q	  0.5	  0.3	3.556	0.000	0.000
21	  H	  0.8	  0.4	1.301	0.000	0.000
22	  R	  1.0	  0.4	0.611	0.000	0.000
23	  S	  1.3	  0.3	0.406	0.000	0.000
24	  R	  0.9	  0.3	0.200	0.000	0.000
25	  C	  0.7	  1.9	0.185	0.000	0.000
26	  P	  0.1	  1.8	0.089	0.000	0.000
27	  D	  0.1	  1.8	0.089	0.000	0.000
28	  A	  0.3	  1.8	0.089	0.567	0.567
29	  Y	  1.2	  0.0	0.089	1.235	1.235
30	  F	 17.7	  0.0	0.089	1.235	1.235
31	  T	 19.3	  0.0	0.000	1.235	1.235
32	  C	 20.9	  0.2	0.000	1.235	1.235
33	  I	  6.9	  0.2	0.000	1.235	1.235
34	  D	  5.0	  0.4	0.000	0.000	0.000
35	  C	  2.7	  0.5	0.000	0.000	0.000
36	  S	  1.0	  0.4	0.000	0.000	0.000
37	  T	  3.9	  0.4	0.000	0.000	0.000
38	  T	 12.3	  0.3	0.000	0.000	0.000
39	  F	 12.2	  2.6	0.000	0.000	0.000
40	  N	  9.0	  2.6	0.000	0.000	0.000
41	  G	  0.5	  2.6	0.000	0.000	0.000
42	  T	  0.2	  2.5	0.000	0.000	0.000
43	  E	  0.8	  0.1	0.000	0.000	0.000
44	  Y	  2.6	  0.1	0.000	0.000	0.000
45	  R	  2.9	  0.1	0.000	0.000	0.000
46	  S	  3.3	  0.2	0.000	0.000	0.000
47	  H	  2.4	  0.2	0.000	0.000	0.000
48	  T	  3.0	  0.1	0.000	0.000	0.000
49	  Q	  2.2	  0.1	0.000	0.000	0.000
50	  C	  3.8	  0.1	0.000	0.000	0.000
51	  I	  3.0	  0.0	0.000	0.000	0.000
52	  S	  2.6	  0.1	8.884	0.000	0.000
53	  E	  0.2	  0.1	8.884	0.000	0.000
54	  A	  0.1	  0.1	8.884	0.000	0.000
55	  E	  0.2	  0.1	8.884	0.000	0.000
56	  K	  3.4	  0.1	8.884	0.000	0.000
57	  Y	  5.1	  0.2	8.884	0.000	0.000
58	  E	  4.9	  0.4	4.628	0.000	0.000
59	  K	  1.8	  0.4	3.559	0.000	0.000
60	  G	  0.0	  0.4	2.690	0.000	0.000
61	  L	  0.2	  0.2	0.851	0.000	0.000
62	  Y	  0.5	  2.4	0.442	0.000	0.000
63	  K	  0.5	  2.5	0.000	0.000	0.000
64	  G	  0.3	  2.5	0.000	0.000	0.000
65	  K	  0.1	  2.6	0.000	0.000	0.000
66	  K	  0.3	  0.2	0.000	0.000	0.000
67	  Q	  0.3	  0.1	0.000	0.000	0.000
68	  N	  0.2	  0.1	0.000	0.000	0.000
69	  P	  0.0	  0.0	0.000	0.000	0.000
70	  K	  0.0	  0.0	0.000	0.000	0.000
71	  P	  0.0	  0.0	0.000	0.000	0.000
72	  V	  1.1	  0.0	0.000	0.000	0.000
73	  E	  1.5	  0.1	0.000	0.000	0.000
74	  K	  1.6	  0.1	0.000	0.000	0.000
75	  K	  0.8	  0.1	0.000	0.000	0.000
76	  Q	  0.4	  0.2	0.000	0.000	0.000
77	  E	  0.4	  0.2	0.000	0.000	0.000
78	  S	  0.2	  0.1	0.000	0.000	0.000
79	  R	  0.1	  1.4	0.000	0.000	0.000
80	  P	  0.1	  1.4	0.000	0.000	0.000
81	  D	  0.1	  1.8	0.000	0.000	0.000
82	  T	  2.7	  1.8	0.000	0.000	0.000
83	  S	  2.8	  0.5	0.000	0.000	0.000
84	  K	  2.7	  2.2	0.000	0.000	0.000
85	  P	  0.1	  1.7	0.000	0.000	0.000
86	  D	  0.1	  1.7	0.000	0.000	0.000
87	  A	  0.1	  1.7	0.000	0.000	0.000
88	  K	  0.1	  0.0	0.000	0.000	0.000
89	  P	  0.0	  0.0	0.000	0.000	0.000
90	  V	  1.5	  0.0	0.000	0.000	0.000
91	  K	  1.7	  0.1	0.000	0.000	0.000
92	  T	  2.9	  0.1	0.477	0.000	0.000
93	  S	  1.9	  0.2	0.986	0.000	0.000
94	  K	  2.0	  0.2	0.986	0.000	0.000
95	  E	  0.9	  0.3	0.986	0.000	0.000
96	  K	  0.9	  0.3	0.986	0.000	0.000
97	  S	  1.3	  1.7	0.986	0.000	0.000
98	  K	  1.1	  1.7	0.769	0.000	0.000
99	  N	  0.8	  1.8	0.524	0.000	0.000
100	  S	  0.7	  3.6	0.130	0.000	0.000
101	  K	  0.6	  2.1	0.000	0.000	0.000
102	  D	  0.5	  3.0	0.000	0.000	0.000
103	  R	  0.1	  2.9	0.000	0.000	0.000
104	  S	  0.2	  1.9	0.606	0.000	0.000
105	  E	  0.3	  1.9	0.606	0.000	0.000
106	  S	  2.3	  1.7	5.734	0.000	0.000
107	  L	  3.0	  1.7	5.855	0.000	0.000
108	  D	  3.2	  0.8	7.884	0.000	0.000
109	  L	  1.1	  0.9	7.884	0.000	0.000
110	  K	  0.3	  0.1	7.884	0.000	0.000
111	  K	  0.6	  0.1	7.580	0.000	0.000
112	  Y	  0.8	  1.0	5.627	0.000	0.000
113	  A	  0.7	  1.5	3.690	0.000	0.000
114	  N	  0.3	  1.7	2.899	0.000	0.000
115	  G	  0.0	  1.8	1.102	0.000	0.000
116	  S	  0.3	  0.9	0.827	0.000	0.000
117	  L	  0.4	  0.3	0.468	0.000	0.000
118	  Y	  2.9	  0.1	0.468	0.000	0.000
119	  K	  4.4	  0.0	0.468	0.000	0.000
120	  V	  6.9	  0.0	0.468	0.000	0.000
121	  V	  6.5	  0.0	0.468	0.000	0.000
122	  K	  4.8	  0.0	0.468	0.000	0.000
123	  A	  2.5	  0.0	0.254	0.000	0.000
124	  I	  1.1	  0.1	0.132	0.000	0.000
125	  S	  0.9	  1.5	2.237	0.000	0.000
126	  S	  0.6	  1.6	2.558	0.000	0.000
127	  D	  0.3	  1.6	2.876	0.000	0.000
128	  T	  1.2	  1.7	2.876	0.000	0.000
129	  K	  1.2	  1.7	2.876	0.000	0.000
130	  K	  1.0	  1.7	2.876	0.000	0.000
131	  G	  0.0	  1.7	2.097	0.000	0.000
132	  K	  0.1	  1.9	1.239	0.000	0.000
133	  K	  0.2	  0.5	0.337	0.000	0.000
134	  D	  0.3	  0.5	0.687	0.000	0.000
135	  V	  1.4	  0.4	0.782	0.000	0.000
136	  L	  1.3	  0.0	0.782	0.000	0.000
137	  K	  1.3	  0.1	0.782	0.000	0.000
138	  K	  0.6	  0.1	0.782	0.000	0.000
139	  L	  1.1	  0.1	0.653	0.000	0.000
140	  Q	  1.8	  0.0	0.653	0.000	0.000
141	  V	 16.9	  0.0	0.110	0.000	0.000
142	  K	 22.2	  0.0	0.110	0.000	0.000
143	  V	 22.1	  0.4	0.000	0.000	0.000
144	  E	  8.5	  1.1	0.000	0.000	0.000
145	  D	  0.7	  1.2	0.000	0.000	0.000
146	  G	  0.0	  1.2	0.000	0.000	0.000
147	  K	  1.4	  0.8	0.000	0.000	0.000
148	  I	  9.7	  0.0	0.000	0.000	0.000
149	  V	 12.4	  0.0	0.000	0.000	0.000
150	  L	 12.3	  0.0	0.000	0.000	0.000
151	  S	  4.2	  0.0	0.000	0.000	0.000
152	  M	  1.4	  0.0	0.000	0.000	0.000
