res	aa	Beta	Turn	Helix	Aggregation	Conc-Stab_Aggregation
01	  M	  0.0	  0.1	0.000	0.000	0.000
02	  G	  0.1	  0.1	0.000	0.000	0.000
03	  K	  0.2	  0.3	0.000	0.000	0.000
04	  A	  0.2	  0.6	0.000	0.000	0.000
05	  S	  0.2	  0.6	0.000	0.000	0.000
06	  D	  0.0	  0.5	0.000	0.000	0.000
07	  N	  0.0	  3.9	0.000	0.000	0.000
08	  P	  0.0	  3.7	0.000	0.000	0.000
09	  S	  0.2	  3.7	0.000	0.000	0.000
10	  S	 10.4	  3.8	0.139	0.000	0.000
11	  V	 10.7	  0.3	0.139	0.000	0.000
12	  S	 10.6	  0.2	0.240	0.000	0.000
13	  E	  0.6	  0.3	0.240	0.000	0.000
14	  K	  0.3	  0.3	0.240	0.000	0.000
15	  S	  0.4	  0.5	0.240	0.000	0.000
16	  S	  0.3	  0.4	0.101	0.000	0.000
17	  K	  0.2	  0.4	0.101	0.000	0.000
18	  G	  0.1	  2.0	0.000	0.000	0.000
19	  P	  0.0	  1.9	0.000	0.000	0.000
20	  D	  0.0	  1.9	0.000	0.000	0.000
21	  N	  0.0	  1.9	0.106	0.220	0.220
22	  Q	  0.8	  0.2	0.106	0.220	0.220
23	  L	  2.5	  0.0	0.106	0.220	0.220
24	  V	  5.1	  0.0	0.106	0.220	0.220
25	  V	  7.1	  0.0	0.106	0.220	0.220
26	  K	  6.0	  0.1	0.106	0.000	0.000
27	  Y	  3.7	  0.1	0.000	0.000	0.000
28	  D	  1.0	  0.1	0.000	0.000	0.000
29	  D	  0.5	  7.8	3.406	0.000	0.000
30	  P	  0.0	  7.7	3.406	0.000	0.000
31	  D	  0.2	  7.7	3.715	0.145	0.145
32	  T	  1.6	  7.7	3.898	0.145	0.145
33	  K	  3.1	  0.1	3.898	0.145	0.145
34	  V	  9.0	  0.0	3.898	0.145	0.145
35	  V	 10.6	  0.0	3.624	0.145	0.145
36	  I	 12.7	  0.0	3.526	0.145	0.145
37	  R	  7.3	  0.0	3.526	0.000	0.000
38	  L	  4.4	  0.0	2.797	0.000	0.000
39	  L	  0.8	  0.0	2.342	0.000	0.000
40	  P	  0.0	  1.0	0.000	0.000	0.000
41	  P	  0.0	  1.0	0.000	0.000	0.000
42	  N	  0.3	  1.0	0.185	0.000	0.000
43	  L	  0.4	  1.0	0.185	0.000	0.000
44	  T	  0.4	  0.1	1.915	0.000	0.000
45	  E	  0.1	  0.1	2.142	0.000	0.000
46	  E	  0.1	  0.1	2.142	0.000	0.000
47	  A	  0.4	  0.1	2.142	0.178	0.178
48	  F	  1.1	  0.0	2.142	0.178	0.178
49	  L	  1.2	  0.0	1.957	0.178	0.178
50	  L	  3.8	  0.0	1.798	0.178	0.178
51	  Q	  3.2	  0.0	1.579	0.178	0.178
52	  L	  3.1	  0.0	0.790	0.000	0.000
53	  P	  0.1	  0.0	0.000	0.000	0.000
54	  C	  4.2	  0.1	0.000	0.000	0.000
55	  E	  5.0	  0.1	0.000	0.000	0.000
56	  A	  5.0	  0.1	0.000	0.000	0.000
57	  H	  1.2	  0.2	0.000	0.000	0.000
58	  P	  0.0	  0.2	0.000	0.000	0.000
59	  F	  0.3	  0.5	0.000	0.000	0.000
60	  E	  0.3	  3.0	0.000	0.000	0.000
61	  G	  0.3	  3.0	0.000	0.000	0.000
62	  G	  0.0	  3.1	0.000	0.000	0.000
63	  K	  0.1	  2.9	0.000	0.000	0.000
64	  S	  0.2	  0.5	0.000	0.000	0.000
65	  S	  0.5	  0.3	0.103	0.285	0.285
66	  L	  1.0	  0.2	0.103	5.867	5.867
67	  V	  3.7	  0.1	0.103	6.435	6.435
68	  N	  5.1	  0.1	0.103	6.435	6.435
69	  Y	  5.8	  0.1	0.103	6.435	6.435
70	  Y	  5.1	  0.0	0.103	6.435	6.435
71	  Y	  5.2	  0.1	0.000	4.141	4.141
72	  Q	  4.0	  0.3	0.000	0.136	0.136
73	  R	  2.0	  0.3	0.000	0.000	0.000
74	  G	  0.1	  0.3	0.000	0.000	0.000
75	  S	  0.1	  2.5	0.000	0.000	0.000
76	  P	  0.0	  2.4	0.000	0.000	0.000
77	  S	  0.7	  2.4	0.000	0.000	0.000
78	  T	  0.8	  2.4	0.000	0.000	0.000
79	  K	  0.8	  0.1	0.000	0.000	0.000
80	  P	  0.2	  0.0	0.000	0.000	0.000
81	  F	  1.2	  0.0	0.000	0.000	0.000
82	  E	  1.2	  0.0	0.000	0.000	0.000
83	  E	  1.2	  0.1	0.000	0.000	0.000
84	  P	  0.0	  0.1	0.000	0.000	0.000
85	  T	 30.4	  0.1	0.197	0.000	0.000
86	  F	 31.6	  0.2	0.197	0.000	0.000
87	  S	 31.6	  0.1	0.319	0.000	0.000
88	  R	  2.0	  0.1	0.319	0.000	0.000
89	  A	  0.4	  0.1	0.319	0.000	0.000
90	  Y	  1.5	  0.0	0.319	0.000	0.000
91	  F	  2.6	  0.0	0.319	0.000	0.000
92	  K	  5.2	  0.0	0.122	0.000	0.000
93	  F	  6.9	  0.0	0.000	0.000	0.000
94	  T	  6.8	  0.1	2.469	0.000	0.000
95	  S	  4.4	  0.2	3.556	0.000	0.000
96	  K	  1.9	  0.2	3.556	0.000	0.000
97	  E	  0.8	  0.2	3.702	0.000	0.000
98	  K	  0.4	  0.4	3.702	0.000	0.000
99	  A	  0.2	  0.3	3.702	0.000	0.000
100	  N	  0.2	  0.3	3.418	0.000	0.000
101	  A	  0.6	  0.3	2.426	0.000	0.000
102	  F	  2.4	  0.1	1.983	0.000	0.000
103	  R	  2.6	  0.1	0.387	0.000	0.000
104	  S	  2.3	  0.1	0.000	0.000	0.000
105	  T	  1.6	  0.1	0.000	0.142	0.142
106	  M	  1.4	  0.1	0.000	0.142	0.142
107	  E	  1.3	  0.0	0.000	0.142	0.142
108	  K	  1.6	  0.0	0.000	0.142	0.142
109	  I	  6.3	  0.0	0.000	0.142	0.142
110	  V	  9.3	  0.0	0.000	0.142	0.142
111	  F	  8.6	  0.7	0.000	0.142	0.142
112	  E	  3.8	  0.7	0.000	0.000	0.000
113	  D	  0.8	  2.1	0.000	0.000	0.000
114	  L	  0.4	  2.3	0.000	0.000	0.000
115	  D	  0.4	  2.2	0.813	0.000	0.000
116	  S	  0.3	  4.2	0.813	0.000	0.000
117	  G	  0.0	  2.9	1.413	0.000	0.000
118	  D	  0.1	  2.7	2.529	0.000	0.000
119	  R	  1.5	  2.0	2.529	0.000	0.000
120	  V	  5.0	  0.0	2.529	0.000	0.000
121	  R	  6.4	  0.0	2.529	0.000	0.000
122	  C	  6.6	  0.0	2.312	0.000	0.000
123	  E	  3.3	  0.0	2.206	0.000	0.000
124	  M	  2.3	  0.0	1.750	0.000	0.000
125	  F	  0.8	  0.0	1.183	0.000	0.000
126	  K	  0.6	  0.0	0.210	0.000	0.000
127	  P	  0.2	  0.0	0.000	0.338	0.338
128	  I	  1.0	  0.1	0.000	29.889	29.889
129	  F	  1.1	  0.9	0.000	30.313	30.313
130	  G	  1.1	  0.9	0.000	30.313	30.313
131	  S	  1.0	  0.9	0.000	30.313	30.313
132	  V	  4.7	  0.8	0.000	30.313	30.313
133	  V	  6.9	  0.0	0.000	28.059	28.059
134	  D	  6.4	  0.0	0.000	0.000	0.000
135	  L	  2.6	  0.0	0.000	0.000	0.000
136	  T	  0.3	  0.0	0.000	0.000	0.000
137	  P	  0.0	  0.2	0.000	0.000	0.000
138	  P	  0.0	  0.2	0.000	0.000	0.000
139	  K	  0.1	  0.2	0.000	0.000	0.000
140	  T	  0.1	  2.5	0.000	0.000	0.000
141	  P	  0.1	  2.5	0.000	0.000	0.000
142	  G	  0.0	  2.5	0.000	0.000	0.000
143	  S	  0.6	  2.5	0.000	0.000	0.000
144	  I	  1.6	  0.1	0.000	0.000	0.000
145	  I	  1.9	  0.0	0.000	0.000	0.000
146	  H	  1.3	  0.0	0.000	0.000	0.000
147	  D	  0.3	  0.2	0.924	0.000	0.000
148	  P	  0.0	  0.2	1.481	0.000	0.000
149	  L	  0.6	  0.2	1.481	3.566	3.566
150	  F	  2.7	  0.2	1.481	5.038	5.038
151	  V	  5.7	  0.0	1.481	5.038	5.038
152	  K	  5.3	  0.0	1.481	5.038	5.038
153	  F	  3.8	  0.0	1.255	5.038	5.038
154	  L	  0.8	  0.1	1.255	5.038	5.038
155	  E	  0.7	  0.1	1.255	5.038	5.038
156	  Q	  6.9	  0.1	1.004	0.927	0.927
157	  F	  8.9	  0.1	0.482	0.927	0.927
158	  E	  8.8	  0.0	0.222	0.000	0.000
159	  S	  2.2	  0.4	0.000	0.000	0.000
160	  P	  0.0	  0.4	0.000	0.000	0.000
161	  T	  2.7	  0.6	0.000	0.000	0.000
162	  A	  3.0	  0.7	0.000	0.000	0.000
163	  S	  3.8	  0.7	0.000	0.000	0.000
164	  H	  1.3	  0.7	0.000	0.000	0.000
165	  D	  1.0	  0.5	1.114	0.000	0.000
166	  L	  1.1	  0.5	1.114	72.150	72.150
167	  V	  4.2	  0.0	1.114	72.637	72.637
168	  A	  4.7	  0.0	1.114	72.637	72.637
169	  I	  4.7	  0.0	1.114	72.637	72.637
170	  I	  2.6	  0.0	1.114	72.637	72.637
171	  N	  2.0	  0.2	1.625	3.766	3.766
172	  S	  1.6	  0.6	1.319	0.620	0.620
173	  T	  0.7	  0.6	5.619	0.233	0.233
174	  N	  0.6	  0.8	11.371	0.000	0.000
175	  A	  0.2	  0.7	12.233	0.000	0.000
176	  E	  0.2	  0.2	13.279	0.000	0.000
177	  K	  0.2	  0.2	13.279	0.000	0.000
178	  A	  0.4	  0.1	13.071	0.000	0.000
179	  R	  0.6	  0.0	12.857	0.000	0.000
180	  L	  0.5	  0.1	11.723	0.000	0.000
181	  K	  0.6	  0.1	9.550	0.000	0.000
182	  R	  0.4	  0.1	5.540	0.000	0.000
183	  E	  0.5	  0.2	3.414	0.000	0.000
184	  K	  0.6	  0.1	2.551	0.000	0.000
185	  S	  0.6	  0.1	1.076	0.000	0.000
186	  R	  0.4	  0.2	0.341	0.000	0.000
187	  P	  0.0	  0.2	0.000	0.000	0.000
188	  K	  0.1	  0.6	0.000	0.000	0.000
189	  A	  0.1	  0.6	0.000	0.000	0.000
190	  N	  0.1	  0.6	0.000	0.000	0.000
191	  D	  0.0	  3.7	0.000	0.000	0.000
192	  K	  0.1	  3.4	0.000	0.000	0.000
193	  D	  0.1	  3.4	0.000	0.000	0.000
194	  Q	  0.2	  3.4	0.000	0.000	0.000
195	  T	  1.3	  0.3	0.184	0.000	0.000
196	  S	  1.6	  0.2	0.499	0.000	0.000
197	  K	  5.6	  0.1	0.499	0.000	0.000
198	  V	  5.9	  0.1	0.499	0.000	0.000
199	  K	  5.6	  0.1	0.499	0.000	0.000
200	  E	  2.0	  0.2	0.499	0.000	0.000
201	  S	  0.5	  0.7	0.499	0.000	0.000
202	  K	  0.5	  0.7	0.112	0.000	0.000
203	  G	  0.3	  0.5	0.000	0.000	0.000
204	  I	  0.7	  0.4	0.000	0.000	0.000
205	  R	  0.7	  0.3	0.000	0.000	0.000
206	  P	  0.5	  0.3	0.000	0.000	0.000
207	  T	  0.3	  0.3	0.351	0.000	0.000
208	  R	  0.3	  0.3	0.351	0.000	0.000
209	  A	  0.4	  0.1	0.351	0.000	0.000
210	  K	  0.2	  0.2	0.351	0.000	0.000
211	  Q	  0.2	  0.2	0.351	0.000	0.000
212	  S	  0.3	  0.3	0.351	0.000	0.000
213	  S	  2.5	  1.0	0.252	0.000	0.000
214	  K	  2.7	  1.0	0.140	0.000	0.000
215	  S	  2.6	  1.0	0.140	0.000	0.000
216	  E	  0.4	  1.0	0.140	0.000	0.000
217	  E	  0.4	  0.2	0.140	0.000	0.000
218	  K	  0.4	  0.2	0.140	0.000	0.000
219	  A	  0.3	  0.2	0.000	0.000	0.000
220	  P	  0.0	  0.2	0.000	0.000	0.000
221	  K	  0.5	  0.3	0.000	0.000	0.000
222	  H	  0.9	  0.5	0.000	0.000	0.000
223	  T	  1.0	  0.3	0.787	0.000	0.000
224	  D	  0.5	  0.4	2.477	0.000	0.000
225	  K	  0.2	  0.4	2.477	0.000	0.000
226	  K	  0.3	  0.3	2.477	0.000	0.000
227	  K	  0.3	  0.4	2.477	0.000	0.000
228	  E	  0.7	  0.2	2.477	0.000	0.000
229	  S	  0.6	  0.3	2.222	0.000	0.000
230	  K	  0.6	  0.5	1.018	0.000	0.000
231	  K	  0.2	  0.4	0.307	0.000	0.000
232	  N	  0.2	  0.4	0.163	0.000	0.000
233	  N	  2.5	  0.3	0.936	0.000	0.000
234	  V	  3.9	  0.1	0.936	0.000	0.000
235	  K	  4.5	  0.0	0.936	0.000	0.000
236	  T	  2.8	  0.1	0.936	0.000	0.000
237	  K	  1.6	  0.2	0.936	0.000	0.000
238	  E	  0.9	  0.1	0.936	0.000	0.000
239	  K	  1.8	  0.1	0.546	0.000	0.000
240	  I	  1.9	  0.0	0.243	0.000	0.000
241	  N	  1.9	  0.1	0.243	0.000	0.000
242	  K	  0.5	  0.2	0.113	0.000	0.000
243	  K	  0.1	  0.5	0.113	0.000	0.000
244	  S	  0.1	  0.5	0.000	0.000	0.000
245	  N	  0.1	  0.6	0.000	0.000	0.000
246	  K	  0.1	  0.5	0.000	0.000	0.000
247	  H	  0.1	  0.4	0.385	0.000	0.000
248	  D	  0.1	  0.5	3.276	0.000	0.000
249	  E	  0.4	  0.3	3.686	0.000	0.000
250	  A	  0.5	  0.3	3.686	0.000	0.000
251	  K	  1.0	  0.3	3.686	0.000	0.000
252	  S	  0.7	  0.3	3.686	0.000	0.000
253	  K	  0.6	  0.3	3.573	0.000	0.000
254	  K	  0.3	  0.2	2.147	0.000	0.000
255	  K	  0.2	  0.1	0.650	0.000	0.000
256	  S	  0.2	  3.2	0.000	0.000	0.000
257	  P	  0.1	  3.2	0.000	0.000	0.000
258	  S	  0.2	  3.3	1.979	0.000	0.000
259	  K	  0.5	  3.3	1.979	0.000	0.000
260	  Q	  0.6	  0.2	1.979	0.000	0.000
261	  K	  0.5	  0.2	1.979	0.000	0.000
262	  K	  0.3	  0.8	1.979	0.000	0.000
263	  A	  0.1	  1.0	1.979	0.000	0.000
264	  D	  0.1	  1.0	2.399	0.000	0.000
265	  D	  0.0	  5.2	3.149	0.000	0.000
266	  A	  0.0	  4.4	2.885	0.000	0.000
267	  N	  0.1	  4.4	2.722	0.000	0.000
268	  K	  0.7	  4.4	2.260	0.000	0.000
269	  T	  1.9	  0.2	1.747	0.000	0.000
270	  K	  2.0	  0.5	1.747	0.000	0.000
271	  R	  1.5	  0.6	0.763	0.000	0.000
272	  S	  0.5	  1.8	0.104	0.000	0.000
273	  G	  0.4	  1.9	0.000	0.000	0.000
274	  S	  1.1	  2.6	0.000	0.000	0.000
275	  S	  1.0	  2.4	0.000	0.000	0.000
276	  S	  1.4	  3.5	0.000	0.000	0.000
277	  K	  0.6	  3.6	0.000	0.000	0.000
278	  D	  0.5	  3.7	0.000	0.000	0.000
279	  D	  0.1	  5.5	0.000	0.000	0.000
280	  S	  0.1	  5.1	0.000	0.000	0.000
281	  S	  0.1	  5.6	0.000	0.000	0.000
282	  N	  0.1	  4.6	0.000	0.000	0.000
283	  N	  2.0	  2.7	0.000	0.000	0.000
284	  C	  2.8	  1.0	0.000	0.000	0.000
285	  E	  3.3	  0.3	0.000	0.000	0.000
286	  S	  2.7	  0.5	0.000	0.000	0.000
287	  H	  2.1	  0.5	0.000	0.000	0.000
288	  S	  1.6	  0.2	0.000	0.000	0.000
289	  K	  0.3	  0.4	0.000	0.000	0.000
290	  P	  0.1	  0.2	0.000	0.000	0.000
291	  K	  0.1	  0.3	0.000	0.000	0.000
292	  K	  0.1	  0.3	0.000	0.000	0.000
293	  K	  0.3	  0.1	0.000	0.000	0.000
294	  A	  0.3	  0.1	0.000	0.000	0.000
295	  Q	  0.4	  0.1	0.000	0.000	0.000
296	  R	  0.3	  0.0	0.000	0.000	0.000
297	  A	  0.2	  0.2	0.000	0.000	0.000
298	  P	  0.0	  0.2	0.000	0.000	0.000
299	  K	  0.3	  0.3	0.000	0.000	0.000
300	  R	  1.4	  0.3	0.000	0.000	0.000
301	  Q	  3.3	  0.1	0.000	0.000	0.000
302	  I	  5.3	  0.0	0.000	0.000	0.000
303	  T	  4.6	  0.0	0.234	0.000	0.000
304	  K	  2.9	  0.2	0.234	0.000	0.000
305	  A	  0.7	  0.2	0.234	0.000	0.000
306	  S	  3.1	  1.0	0.234	0.000	0.000
307	  A	  3.1	  1.0	0.234	0.000	0.000
308	  S	  4.9	  1.1	0.234	0.000	0.000
309	  T	  2.6	  1.2	0.000	0.000	0.000
310	  S	  3.8	  0.6	0.000	0.000	0.000
311	  H	  1.9	  1.1	0.000	0.000	0.000
312	  S	  1.3	  1.5	0.000	0.000	0.000
313	  D	  0.2	  1.6	0.000	0.000	0.000
314	  S	  0.3	  1.4	0.000	0.000	0.000
315	  K	  0.4	  0.9	0.000	0.000	0.000
316	  Q	  0.5	  0.4	0.000	0.000	0.000
317	  Q	  0.4	  0.3	0.000	0.000	0.000
318	  N	  0.4	  0.3	0.000	0.000	0.000
319	  S	  2.5	  3.0	0.000	0.000	0.000
320	  K	  2.5	  3.0	0.000	0.000	0.000
321	  S	  2.4	  2.9	0.000	0.000	0.000
322	  G	  0.2	  2.8	0.000	0.000	0.000
323	  T	  0.1	  0.9	0.000	0.000	0.000
324	  P	  0.0	  2.3	0.000	0.000	0.000
325	  G	  0.0	  2.5	0.000	0.000	0.000
326	  N	  0.0	  2.7	0.000	0.000	0.000
327	  G	  0.0	  3.9	0.000	0.000	0.000
328	  G	  0.0	  2.4	0.000	0.000	0.000
329	  N	  0.0	  2.2	0.000	0.000	0.000
330	  T	  0.0	  2.0	0.000	0.000	0.000
