res	aa	Beta	Turn	Helix	Aggregation	Conc-Stab_Aggregation
01	  M	  1.6	  0.0	0.000	0.000	0.000
02	  K	  2.1	  0.0	0.350	0.000	0.000
03	  L	  2.5	  0.0	0.463	10.185	10.185
04	  I	  2.4	  0.0	0.625	12.945	12.945
05	  S	  2.0	  0.0	3.130	13.490	13.490
06	  A	  1.6	  0.0	3.130	16.931	16.931
07	  L	  0.5	  0.0	3.130	19.870	19.870
08	  A	  0.4	  0.0	3.130	19.809	19.809
09	  L	  0.4	  0.2	3.130	19.497	19.497
10	  A	  0.1	  0.2	3.009	16.217	16.217
11	  G	  0.3	  0.2	2.343	12.399	12.399
12	  V	  2.5	  0.2	0.000	12.013	12.013
13	  A	  2.6	  0.0	0.000	6.279	6.279
14	  S	  2.5	  0.0	0.000	1.185	1.185
15	  A	  0.5	  0.0	0.000	0.688	0.688
16	  A	  0.4	  0.0	0.000	0.269	0.269
17	  L	  0.3	  0.9	0.000	0.000	0.000
18	  P	  0.0	  0.9	0.000	0.000	0.000
19	  D	  0.0	  2.6	0.000	0.000	0.000
20	  K	  0.5	  2.6	0.000	0.000	0.000
21	  S	  1.1	  1.9	0.100	0.000	0.000
22	  K	  1.6	  1.8	0.100	0.000	0.000
23	  T	  3.2	  0.2	0.224	3.902	3.902
24	  F	  3.2	  0.1	0.224	4.159	4.159
25	  I	  3.6	  0.0	0.224	4.159	4.159
26	  F	 11.3	  0.0	0.224	4.159	4.159
27	  S	 10.9	  0.0	0.224	4.159	4.159
28	  Y	 10.0	  0.2	0.224	0.256	0.256
29	  P	  0.2	  0.2	0.000	0.115	0.115
30	  H	  0.4	  0.2	0.000	0.000	0.000
31	  H	  3.0	  0.2	0.000	0.000	0.000
32	  T	 21.6	  0.0	0.000	0.000	0.000
33	  Y	 24.5	  0.0	0.000	0.000	0.000
34	  T	 23.2	  0.1	0.000	0.000	0.000
35	  K	  5.2	  0.1	0.000	0.000	0.000
36	  T	  2.2	  0.1	0.000	0.000	0.000
37	  L	  1.1	  0.1	0.000	0.000	0.000
38	  Y	  1.1	  0.3	0.000	0.000	0.000
39	  G	  0.2	  0.4	0.000	0.000	0.000
40	  E	  0.2	  0.4	0.000	0.000	0.000
41	  K	  0.2	  1.0	0.000	0.000	0.000
42	  A	  0.2	  0.8	0.000	0.000	0.000
43	  D	  0.1	  0.7	0.000	0.000	0.000
44	  H	  0.6	  0.7	0.000	0.000	0.000
45	  L	  0.9	  0.1	0.000	0.000	0.000
46	  T	  2.5	  0.1	0.000	0.000	0.000
47	  T	  3.1	  0.1	0.000	0.000	0.000
48	  T	  3.7	  0.1	0.000	0.000	0.000
49	  H	  2.7	  0.0	0.000	0.000	0.000
50	  M	  5.8	  0.0	0.000	0.000	0.000
51	  T	  7.6	  0.0	0.000	0.000	0.000
52	  I	  9.3	  0.0	0.000	0.000	0.000
53	  A	  5.1	  0.0	0.000	0.000	0.000
54	  R	  2.5	  0.2	0.000	0.000	0.000
55	  P	  0.0	  0.2	0.000	0.000	0.000
56	  H	  0.6	  0.3	0.000	0.000	0.000
57	  H	  1.7	  0.3	0.000	0.000	0.000
58	  T	  4.3	  0.1	0.000	0.000	0.000
59	  H	  4.6	  0.1	0.000	0.000	0.000
60	  T	  4.7	  0.1	0.000	0.000	0.000
61	  K	  2.6	  0.1	0.000	0.000	0.000
62	  T	  7.4	  0.1	0.000	27.723	27.723
63	  F	  7.2	  0.1	0.000	70.344	70.344
64	  F	 16.3	  0.0	0.000	70.990	70.990
65	  T	 12.0	  0.0	0.000	70.990	70.990
66	  W	 11.1	  0.0	0.000	70.990	70.990
67	  I	  1.5	  3.2	0.000	68.949	68.949
68	  G	  0.1	  3.7	0.000	6.501	6.501
69	  N	  0.0	  3.8	0.000	0.227	0.227
70	  G	  0.1	  3.8	0.000	0.000	0.000
71	  A	  0.1	  0.6	0.000	0.000	0.000
72	  A	  0.1	  0.4	0.000	0.000	0.000
73	  P	  0.0	  0.4	0.000	0.000	0.000
74	  T	  0.4	  0.4	0.000	0.000	0.000
75	  D	  2.8	  0.4	0.000	0.000	0.000
76	  V	  3.6	  0.2	0.000	0.000	0.000
77	  E	  3.2	  0.1	0.000	0.000	0.000
78	  D	  1.0	  0.1	0.000	0.000	0.000
79	  V	  0.1	  0.9	0.000	0.000	0.000
80	  P	  0.1	  1.3	0.000	0.000	0.000
81	  G	  0.0	  1.4	0.000	0.000	0.000
82	  D	  0.0	  1.6	0.000	0.000	0.000
83	  E	  0.0	  0.8	0.000	0.000	0.000
84	  E	  0.0	  0.2	0.000	0.000	0.000
85	  E	  0.1	  0.2	0.000	0.000	0.000
86	  P	  0.0	  0.1	0.000	0.000	0.000
87	  K	  0.4	  0.1	0.000	0.000	0.000
88	  E	  0.4	  0.1	0.000	0.000	0.000
89	  E	  0.5	  0.1	0.000	0.000	0.000
90	  P	  0.0	  0.1	0.000	0.000	0.000
91	  K	  0.4	  0.1	0.000	0.000	0.000
92	  E	  0.4	  0.1	0.000	0.000	0.000
93	  E	  0.5	  0.1	0.000	0.000	0.000
94	  P	  0.0	  0.1	0.000	0.000	0.000
95	  K	  0.4	  0.1	0.000	0.000	0.000
96	  E	  0.4	  0.1	0.000	0.000	0.000
97	  E	  0.4	  0.1	0.000	0.000	0.000
98	  P	  0.0	  0.0	0.000	0.000	0.000
99	  M	  0.0	  0.2	0.000	0.000	0.000
100	  P	  0.0	  0.2	0.000	0.000	0.000
101	  E	  0.0	  0.2	0.000	0.000	0.000
102	  Q	  0.0	  0.3	0.000	0.000	0.000
103	  P	  0.0	  0.2	0.000	0.000	0.000
104	  K	  0.4	  0.2	0.000	0.000	0.000
105	  E	  0.4	  0.2	0.000	0.000	0.000
106	  E	  0.5	  0.1	0.000	0.000	0.000
107	  P	  0.1	  0.0	0.000	0.000	0.000
108	  K	  0.1	  0.2	0.000	0.000	0.000
109	  P	  0.0	  0.2	0.000	0.000	0.000
110	  E	  0.0	  0.2	0.000	0.000	0.000
111	  E	  0.0	  0.2	0.000	0.000	0.000
112	  P	  0.0	  0.1	0.000	0.000	0.000
113	  K	  0.4	  0.1	0.000	0.000	0.000
114	  E	  0.4	  0.1	0.000	0.000	0.000
115	  E	  0.5	  0.1	0.000	0.000	0.000
116	  P	  0.1	  0.0	0.000	0.000	0.000
117	  K	  0.1	  0.2	0.000	0.000	0.000
118	  P	  0.0	  0.2	0.000	0.000	0.000
119	  E	  0.0	  0.2	0.000	0.000	0.000
120	  E	  0.0	  0.2	0.000	0.000	0.000
121	  P	  0.0	  0.1	0.000	0.000	0.000
122	  K	  0.2	  0.1	0.000	0.000	0.000
123	  E	  0.2	  0.2	0.000	0.000	0.000
124	  E	  0.2	  0.4	0.000	0.000	0.000
125	  S	  0.1	  0.8	0.000	0.000	0.000
126	  N	  0.1	  0.8	0.000	0.000	0.000
127	  D	  0.2	  0.7	0.000	0.000	0.000
128	  T	  0.7	  0.6	0.000	0.000	0.000
129	  E	  0.7	  0.2	0.000	0.000	0.000
130	  K	  0.6	  0.2	0.000	0.000	0.000
131	  P	  0.0	  0.1	0.000	0.000	0.000
132	  Q	  0.4	  0.1	0.000	0.000	0.000
133	  V	  1.2	  0.2	0.000	0.000	0.000
134	  S	  1.9	  0.1	0.000	0.000	0.000
135	  T	 12.1	  0.1	0.000	0.000	0.000
136	  Y	 11.6	  0.4	0.000	0.000	0.000
137	  E	 10.9	  0.8	0.000	0.000	0.000
138	  G	  0.3	  0.9	0.263	0.000	0.000
139	  G	  0.0	  0.9	0.755	0.000	0.000
140	  A	  0.1	  0.6	0.755	0.000	0.000
141	  A	  0.1	  0.1	0.755	0.000	0.000
142	  A	  0.1	  0.2	0.755	0.000	0.000
143	  A	  0.1	  0.3	0.755	0.000	0.000
144	  G	  0.1	  0.5	0.642	0.000	0.000
145	  I	  0.1	  1.1	0.000	0.227	0.227
146	  G	  0.1	  1.2	0.478	0.227	0.227
147	  A	  0.1	  1.4	0.478	0.447	0.447
148	  G	  0.0	  1.3	0.588	0.707	0.707
149	  G	  0.1	  0.7	1.673	3.874	3.874
150	  L	  0.4	  0.4	1.673	39.048	39.048
151	  A	  0.5	  0.0	1.929	45.010	45.010
152	  M	  0.8	  0.0	1.929	51.595	51.595
153	  A	  0.7	  0.0	1.929	51.595	51.595
154	  L	  1.5	  0.0	1.929	51.595	51.595
155	  L	  2.0	  0.0	1.817	50.595	50.595
156	  L	  1.8	  0.0	1.229	47.776	47.776
157	  L	  0.9	  0.0	0.522	0.000	0.000
