res	aa	Beta	Turn	Helix	Aggregation	Conc-Stab_Aggregation
01	  M	  1.8	  0.0	0.000	0.000	0.000
02	  Q	  4.1	  0.0	0.000	0.000	0.000
03	  F	  4.9	  0.2	0.000	2.828	2.828
04	  S	  3.5	  0.2	0.405	2.828	2.828
05	  T	  5.0	  0.2	0.702	5.390	5.390
06	  V	  5.3	  0.2	0.702	9.351	9.351
07	  A	  4.9	  0.0	0.702	9.448	9.448
08	  A	  1.3	  0.2	0.702	9.349	9.349
09	  A	  0.3	  0.2	0.702	9.435	9.435
10	  S	  0.4	  0.2	1.008	9.397	9.397
11	  A	  0.3	  0.2	0.482	13.078	13.078
12	  L	  0.3	  0.0	0.482	17.416	17.416
13	  A	  0.2	  0.0	0.482	17.343	17.343
14	  A	  0.8	  0.0	0.482	17.154	17.154
15	  T	  4.7	  0.0	0.777	16.894	16.894
16	  V	  5.8	  0.0	0.777	16.832	16.832
17	  A	  5.1	  0.3	0.777	10.981	10.981
18	  A	  1.2	  0.3	0.623	5.878	5.878
19	  G	  0.1	  0.3	0.623	1.451	1.451
20	  Y	  0.4	  0.5	0.415	1.354	1.354
21	  S	  0.4	  0.2	0.000	0.000	0.000
22	  N	  0.4	  0.4	0.000	0.000	0.000
23	  A	  0.2	  0.4	0.000	0.000	0.000
24	  T	  2.2	  0.2	0.000	0.000	0.000
25	  T	 12.8	  0.2	0.000	0.000	0.000
26	  V	 13.9	  0.0	0.000	0.000	0.000
27	  T	 12.3	  0.1	0.000	0.000	0.000
28	  T	  2.0	  0.1	0.000	0.000	0.000
29	  D	  1.4	  0.1	0.000	0.000	0.000
30	  V	 18.8	  0.0	0.000	1.479	1.479
31	  T	 27.3	  0.0	0.000	1.479	1.479
32	  V	 27.0	  0.1	0.000	1.646	1.646
33	  T	 10.7	  0.1	0.000	1.646	1.646
34	  G	  0.6	  0.1	0.526	1.646	1.646
35	  Y	  1.4	  0.1	0.526	1.524	1.524
36	  T	  4.6	  0.0	0.526	1.087	1.087
37	  T	 17.5	  0.0	0.526	0.827	0.827
38	  Y	 16.5	  0.0	0.526	0.683	0.683
39	  C	 13.4	  0.0	0.526	0.000	0.000
40	  P	  0.3	  0.0	0.000	0.000	0.000
41	  E	  0.0	  0.1	0.000	0.000	0.000
42	  P	  0.0	  0.1	0.000	0.659	0.659
43	  T	  2.6	  0.1	0.000	53.485	53.485
44	  V	  5.9	  0.1	0.000	60.556	60.556
45	  I	 17.6	  0.0	0.000	60.556	60.556
46	  T	 24.3	  0.0	0.000	60.556	60.556
47	  I	 22.9	  0.0	0.000	60.556	60.556
48	  T	 13.4	  0.0	0.000	26.197	26.197
49	  K	  6.3	  0.0	0.000	0.000	0.000
50	  C	  4.9	  0.1	0.000	0.000	0.000
51	  E	  3.7	  0.1	0.000	0.000	0.000
52	  E	  1.3	  0.1	0.000	0.000	0.000
53	  V	  1.4	  0.1	0.000	0.000	0.000
54	  C	  1.4	  0.0	0.000	0.000	0.000
55	  K	  0.6	  0.1	0.000	0.000	0.000
56	  P	  0.1	  0.2	0.000	0.000	0.000
57	  T	  0.1	  0.2	0.000	0.000	0.000
58	  E	  3.0	  0.2	0.000	0.000	0.000
59	  I	 20.1	  0.0	0.000	0.000	0.000
60	  T	 28.9	  0.0	0.000	0.000	0.000
61	  V	 26.7	  0.0	0.000	0.000	0.000
62	  T	 10.8	  0.0	0.000	0.000	0.000
63	  E	  0.8	  0.0	0.000	0.000	0.000
64	  A	  0.3	  0.0	0.000	0.144	0.144
65	  T	  1.0	  0.0	0.000	0.314	0.314
66	  T	  3.3	  0.0	0.000	0.716	0.716
67	  L	  6.5	  0.0	0.000	0.716	0.716
68	  T	 16.2	  0.0	0.000	0.716	0.716
69	  V	 15.3	  0.0	0.000	0.716	0.716
70	  T	 12.1	  0.0	0.000	0.402	0.402
71	  E	  1.7	  0.0	0.000	0.000	0.000
72	  P	  0.0	  0.0	0.000	0.000	0.000
73	  C	  3.4	  0.0	0.000	0.000	0.000
74	  V	  3.8	  0.0	0.000	0.000	0.000
75	  V	  3.8	  0.0	0.000	0.000	0.000
76	  P	  0.4	  0.0	0.000	0.000	0.000
77	  T	  3.0	  0.0	0.000	0.000	0.000
78	  T	 21.8	  0.0	0.000	0.144	0.144
79	  Y	 23.1	  0.0	0.000	0.383	0.383
80	  T	 20.8	  0.0	0.000	0.383	0.383
81	  T	  2.6	  0.0	0.000	0.383	0.383
82	  A	  1.5	  0.0	0.000	0.383	0.383
83	  Y	  1.7	  0.0	0.000	0.383	0.383
84	  H	  1.7	  0.0	0.000	0.000	0.000
85	  T	  3.0	  0.1	0.000	0.000	0.000
86	  T	  5.1	  0.1	0.000	0.000	0.000
87	  T	  5.3	  0.2	0.000	0.000	0.000
88	  S	  4.3	  0.1	0.000	0.000	0.000
89	  T	  2.1	  0.1	0.000	0.000	0.000
90	  V	  1.4	  0.1	0.000	0.000	0.000
91	  P	  0.7	  0.0	0.000	0.000	0.000
92	  C	  0.5	  0.2	0.000	0.000	0.000
93	  E	  0.5	  0.2	0.000	0.000	0.000
94	  E	  0.9	  0.2	0.000	0.000	0.000
95	  C	  2.5	  0.4	0.000	0.000	0.000
96	  E	  4.8	  0.2	0.000	0.000	0.000
97	  H	  4.5	  0.2	0.000	0.000	0.000
98	  K	  2.7	  0.3	0.000	0.000	0.000
99	  P	  0.1	  0.2	0.000	0.000	0.000
100	  T	  2.1	  0.2	0.000	0.000	0.000
101	  T	  6.0	  0.2	0.000	0.000	0.000
102	  V	  6.6	  0.2	0.000	0.000	0.000
103	  A	  4.5	  0.3	0.000	0.000	0.000
104	  G	  0.6	  0.5	0.000	0.000	0.000
105	  E	  0.1	  0.5	0.000	0.000	0.000
106	  S	  0.8	  0.3	0.000	0.000	0.000
107	  T	  1.0	  0.2	0.000	0.000	0.000
108	  K	  0.8	  0.0	0.000	0.000	0.000
109	  P	  0.2	  0.0	0.000	0.000	0.000
110	  A	  0.0	  0.1	0.000	0.000	0.000
111	  E	  0.2	  0.1	0.000	0.000	0.000
112	  S	  0.9	  0.2	0.118	0.000	0.000
113	  T	  1.5	  0.2	0.268	0.000	0.000
114	  T	  1.6	  0.1	0.268	0.000	0.000
115	  A	  1.1	  0.0	0.268	0.000	0.000
116	  A	  0.9	  0.0	0.268	0.000	0.000
117	  V	  1.8	  0.1	0.268	0.000	0.000
118	  S	  2.0	  0.1	0.404	0.000	0.000
119	  S	  8.0	  0.1	0.498	0.000	0.000
120	  Y	  7.1	  0.5	0.832	0.000	0.000
121	  E	  6.8	  0.6	1.017	0.000	0.000
122	  G	  0.3	  0.6	3.458	0.000	0.000
123	  A	  0.1	  0.6	3.458	0.000	0.000
124	  A	  0.1	  0.2	3.458	0.000	0.000
125	  A	  0.1	  0.2	3.458	0.000	0.000
126	  K	  0.4	  0.2	3.458	0.000	0.000
127	  N	  0.7	  0.2	2.648	1.204	1.204
128	  V	  1.2	  0.4	0.644	32.778	32.778
129	  A	  1.0	  0.2	0.539	33.480	33.480
130	  G	  0.6	  0.2	0.314	34.346	34.346
131	  A	  0.4	  0.2	0.117	44.415	44.415
132	  V	  1.0	  0.2	0.000	56.097	56.097
133	  A	  1.0	  0.1	0.000	56.955	56.955
134	  G	  0.8	  0.1	0.772	58.003	58.003
135	  V	  1.4	  0.1	0.772	68.430	68.430
136	  A	  1.6	  0.0	0.772	68.922	68.922
137	  A	  1.7	  0.0	0.772	69.280	69.280
138	  V	  1.7	  0.0	0.772	69.771	69.771
139	  A	  1.6	  0.0	0.772	65.421	65.421
140	  A	  1.4	  0.0	0.649	60.129	60.129
141	  A	  0.4	  0.0	0.649	55.531	55.531
142	  L	  0.4	  0.0	0.426	51.994	51.994
143	  F	  0.3	  0.0	0.235	0.000	0.000
