res	aa	Beta	Turn	Helix	Aggregation	Conc-Stab_Aggregation
01	  M	  0.0	  0.1	0.000	0.000	0.000
02	  P	  0.0	  0.1	0.000	0.000	0.000
03	  Y	  3.9	  0.1	0.000	0.000	0.000
04	  T	  5.7	  0.1	0.000	0.000	0.000
05	  H	  6.4	  0.0	0.000	0.000	0.000
06	  R	  3.4	  0.0	0.000	0.000	0.000
07	  F	  4.0	  0.0	0.000	0.000	0.000
08	  V	  3.5	  0.0	0.000	0.000	0.000
09	  W	  2.8	  0.0	0.000	0.000	0.000
10	  P	  0.3	  0.0	0.000	0.000	0.000
11	  A	  0.0	  0.0	0.000	0.000	0.000
12	  A	  0.0	  0.7	0.000	0.000	0.000
13	  P	  0.0	  0.8	0.000	0.000	0.000
14	  D	  0.3	  0.8	0.000	0.000	0.000
15	  T	  2.2	  0.9	0.000	0.000	0.000
16	  R	  2.8	  0.2	0.000	0.000	0.000
17	  S	  3.4	  0.1	0.000	16.390	16.390
18	  V	 13.3	  0.1	0.000	27.244	27.244
19	  V	 15.0	  0.0	0.000	27.244	27.244
20	  V	 14.8	  0.0	0.000	27.244	27.244
21	  T	  3.2	  1.5	0.000	27.244	27.244
22	  G	  0.6	  1.5	0.000	12.207	12.207
23	  D	  0.4	  2.2	0.000	0.000	0.000
24	  F	  0.6	  2.3	0.000	0.000	0.000
25	  D	  0.7	  0.9	2.674	0.000	0.000
26	  D	  0.7	  1.1	3.065	0.000	0.000
27	  W	  2.1	  0.4	3.346	0.000	0.000
28	  S	  3.5	  0.2	6.445	0.000	0.000
29	  L	  3.2	  0.2	6.445	0.000	0.000
30	  T	  1.9	  0.1	8.308	0.000	0.000
31	  R	  0.6	  0.0	8.308	0.000	0.000
32	  A	  1.2	  0.0	8.083	0.000	0.000
33	  V	  2.2	  0.0	7.842	0.000	0.000
34	  L	  2.1	  0.0	7.842	0.000	0.000
35	  E	  1.5	  0.1	7.249	0.000	0.000
36	  K	  0.3	  0.3	6.411	0.000	0.000
37	  E	  0.2	  0.4	1.167	0.000	0.000
38	  N	  0.1	  0.7	0.395	0.000	0.000
39	  D	  0.1	  1.0	0.000	0.000	0.000
40	  T	  0.0	  2.5	0.000	0.000	0.000
41	  G	  0.0	  2.4	0.000	0.000	0.000
42	  D	  0.1	  2.1	0.000	0.000	0.000
43	  F	  0.5	  2.0	0.000	4.405	4.405
44	  A	  0.5	  0.4	0.000	4.737	4.737
45	  G	  0.4	  0.4	0.000	5.666	5.666
46	  T	  1.1	  0.4	0.000	5.666	5.666
47	  L	  1.8	  0.2	0.000	5.666	5.666
48	  Y	  2.7	  0.1	0.000	5.666	5.666
49	  L	  1.8	  0.1	0.000	5.533	5.533
50	  D	  1.1	  0.1	0.000	0.000	0.000
51	  K	  0.2	  0.3	0.000	0.000	0.000
52	  P	  0.0	  0.2	0.000	0.000	0.000
53	  R	  0.4	  0.2	0.000	0.000	0.000
54	  R	  0.9	  0.2	0.000	0.000	0.000
55	  L	  2.2	  0.1	0.000	0.000	0.000
56	  V	  2.9	  0.0	0.000	0.000	0.000
57	  F	  3.6	  0.0	0.000	0.000	0.000
58	  K	  2.8	  0.0	0.000	0.000	0.000
59	  F	  3.8	  0.0	0.000	0.679	0.679
60	  V	  6.9	  0.1	0.000	0.679	0.679
61	  V	  6.7	  2.4	0.000	0.679	0.679
62	  N	  4.6	  2.5	0.000	0.679	0.679
63	  G	  0.3	  2.5	0.000	0.679	0.679
64	  T	  1.8	  2.4	0.000	0.489	0.489
65	  Q	  2.1	  0.1	0.000	0.375	0.375
66	  W	  2.5	  0.0	0.000	0.375	0.375
67	  I	  5.1	  0.0	0.000	0.375	0.375
68	  T	  4.8	  0.0	0.000	0.141	0.141
69	  S	  4.4	  0.3	0.147	0.000	0.000
70	  P	  0.1	  0.3	0.147	0.000	0.000
71	  K	  0.9	  0.3	0.147	0.000	0.000
72	  Y	  2.9	  0.3	0.147	0.000	0.000
73	  K	  6.8	  0.0	0.147	0.000	0.000
74	  I	  6.4	  0.0	0.147	0.000	0.000
75	  E	  4.8	  0.1	0.147	0.000	0.000
76	  H	  1.3	  0.1	0.147	0.000	0.000
77	  D	  1.1	  0.2	0.000	0.000	0.000
78	  V	  1.7	  0.5	0.000	0.000	0.000
79	  H	  1.2	  1.6	0.000	0.000	0.000
80	  G	  0.9	  1.6	0.000	0.000	0.000
81	  N	  0.1	  5.1	0.000	0.000	0.000
82	  A	  0.0	  4.8	0.000	0.000	0.000
83	  N	  0.2	  3.7	0.000	0.000	0.000
84	  N	  0.2	  3.7	0.000	0.000	0.000
85	  Y	  1.9	  0.1	0.000	0.000	0.000
86	  L	  1.8	  0.0	0.000	0.000	0.000
87	  D	  1.8	  0.7	0.600	0.000	0.000
88	  P	  0.1	  1.0	0.600	0.000	0.000
89	  E	  0.0	  1.0	0.600	0.000	0.000
90	  D	  0.1	  1.0	0.600	0.000	0.000
91	  L	  0.3	  0.3	0.600	0.000	0.000
92	  V	 19.1	  0.0	0.600	0.000	0.000
93	  E	 20.3	  0.0	0.600	0.000	0.000
94	  V	 20.6	  0.2	0.155	0.000	0.000
95	  A	  2.4	  0.3	0.155	0.000	0.000
96	  D	  0.5	  0.3	0.000	0.000	0.000
97	  N	  0.0	  1.5	0.000	0.000	0.000
98	  E	  0.1	  1.4	0.000	0.000	0.000
99	  S	  0.3	  1.3	0.000	0.000	0.000
100	  Q	  0.4	  1.3	0.000	0.000	0.000
101	  L	  0.3	  0.3	0.000	0.000	0.000
102	  A	  0.2	  0.3	0.000	0.000	0.000
103	  D	  0.2	  1.8	0.000	0.000	0.000
104	  T	  0.2	  1.8	0.000	0.000	0.000
105	  S	  0.2	  1.6	0.000	0.000	0.000
106	  G	  0.1	  1.7	0.000	0.000	0.000
107	  P	  0.0	  0.6	0.000	0.000	0.000
108	  A	  0.0	  0.6	0.000	0.000	0.000
109	  D	  0.3	  0.5	0.000	0.000	0.000
110	  T	  1.2	  0.4	0.000	0.000	0.000
111	  R	  3.2	  0.1	0.000	0.000	0.000
112	  V	  6.6	  0.0	0.000	0.000	0.000
113	  V	 10.1	  0.0	0.000	0.000	0.000
114	  D	  9.6	  0.0	0.112	0.000	0.000
115	  I	  6.6	  0.0	0.112	0.000	0.000
116	  E	  2.3	  0.0	0.112	0.000	0.000
117	  K	  0.7	  0.5	0.112	0.000	0.000
118	  A	  0.1	  0.5	0.112	0.000	0.000
119	  D	  0.1	  0.5	0.112	0.000	0.000
120	  E	  0.0	  0.6	0.000	0.000	0.000
121	  P	  0.0	  0.2	0.000	0.000	0.000
122	  K	  0.1	  0.5	0.000	0.000	0.000
123	  A	  0.1	  0.8	0.000	0.000	0.000
124	  G	  0.1	  0.7	0.000	0.000	0.000
125	  D	  1.8	  0.6	0.000	0.000	0.000
126	  V	  2.9	  0.3	0.000	0.000	0.000
127	  R	  3.0	  0.0	0.000	0.000	0.000
128	  A	  1.4	  0.0	0.000	0.000	0.000
129	  E	  0.8	  0.0	0.000	0.000	0.000
130	  V	  4.7	  0.0	0.000	0.000	0.000
131	  V	  6.7	  0.0	0.000	0.000	0.000
132	  E	  6.2	  0.0	0.000	0.000	0.000
133	  K	  2.3	  0.2	0.000	0.000	0.000
134	  P	  0.0	  0.2	0.000	0.000	0.000
135	  M	  0.0	  1.4	0.000	0.000	0.000
136	  G	  0.0	  1.5	0.000	0.000	0.000
137	  N	  0.1	  1.4	0.000	0.000	0.000
138	  S	  0.1	  1.4	0.140	0.000	0.000
139	  E	  0.1	  0.2	0.140	0.000	0.000
140	  A	  0.3	  0.2	0.140	0.000	0.000
141	  V	  0.5	  0.1	0.140	0.000	0.000
142	  D	  0.5	  1.5	0.290	0.000	0.000
143	  K	  0.4	  1.5	0.290	0.000	0.000
144	  D	  1.5	  1.5	0.290	0.000	0.000
145	  V	  2.1	  1.5	0.150	0.000	0.000
146	  K	  2.1	  0.1	0.150	0.000	0.000
147	  K	  1.0	  0.1	0.150	0.000	0.000
148	  T	  0.5	  0.5	0.000	0.000	0.000
149	  S	  0.3	  1.0	0.000	0.000	0.000
150	  N	  0.1	  1.0	0.230	0.000	0.000
151	  D	  0.1	  1.2	0.230	0.000	0.000
152	  K	  0.2	  0.8	0.230	0.000	0.000
153	  E	  0.3	  0.3	0.230	0.000	0.000
154	  A	  0.6	  0.2	0.230	0.000	0.000
155	  S	  3.4	  0.3	0.230	0.000	0.000
156	  I	  9.6	  0.3	0.000	0.000	0.000
157	  D	  9.4	  0.3	1.086	0.000	0.000
158	  V	  8.7	  0.3	1.086	0.000	0.000
159	  A	  2.4	  0.0	1.086	0.000	0.000
160	  S	  2.4	  0.1	1.466	0.000	0.000
161	  A	  0.4	  0.2	1.466	0.000	0.000
162	  Q	  0.3	  0.4	1.466	0.000	0.000
163	  E	  0.1	  0.4	0.860	0.000	0.000
164	  D	  0.0	  0.3	0.624	0.000	0.000
165	  R	  0.1	  0.3	0.503	0.000	0.000
166	  M	  0.1	  0.2	0.379	0.000	0.000
167	  P	  0.1	  0.2	0.000	0.000	0.000
168	  K	  1.5	  0.2	0.000	0.000	0.000
169	  L	  1.6	  0.3	0.000	0.000	0.000
170	  E	  1.7	  0.4	0.000	0.000	0.000
171	  S	  0.3	  0.5	0.000	0.000	0.000
172	  S	  0.2	  2.0	0.000	0.000	0.000
173	  G	  0.1	  1.9	0.000	0.000	0.000
174	  N	  0.1	  1.7	1.919	0.000	0.000
175	  A	  0.0	  1.5	2.436	0.000	0.000
176	  A	  0.0	  0.1	2.738	0.000	0.000
177	  E	  0.0	  0.1	4.014	0.000	0.000
178	  E	  2.0	  0.1	5.640	0.000	0.000
179	  V	  3.5	  0.1	7.171	0.000	0.000
180	  E	  3.8	  0.0	8.642	0.000	0.000
181	  A	  2.0	  0.1	8.642	0.000	0.000
182	  K	  0.7	  0.1	8.642	0.000	0.000
183	  R	  0.3	  0.1	7.635	0.000	0.000
184	  A	  0.3	  0.1	6.873	0.000	0.000
185	  A	  0.1	  0.2	5.899	0.000	0.000
186	  K	  0.1	  0.3	4.196	0.000	0.000
187	  D	  0.1	  0.8	1.290	0.000	0.000
188	  E	  0.1	  1.1	0.564	0.000	0.000
189	  K	  0.0	  0.8	0.101	0.000	0.000
190	  G	  0.0	  0.8	0.000	0.000	0.000
191	  A	  0.0	  0.2	0.000	0.000	0.000
192	  P	  0.0	  0.0	0.000	0.000	0.000
193	  V	  4.0	  0.0	0.000	0.000	0.000
194	  I	  4.2	  0.1	0.000	0.000	0.000
195	  S	  4.2	  0.1	7.061	0.000	0.000
196	  E	  0.5	  0.1	7.543	0.000	0.000
197	  F	  0.8	  0.1	7.671	0.000	0.000
198	  A	  0.8	  0.0	8.184	0.000	0.000
199	  K	  0.7	  0.1	8.184	0.000	0.000
200	  K	  0.3	  0.1	8.184	0.000	0.000
201	  E	  0.3	  0.1	7.090	0.000	0.000
202	  L	  0.2	  0.1	6.236	0.000	0.000
203	  A	  0.2	  0.1	5.648	0.000	0.000
204	  R	  0.3	  0.1	4.990	0.000	0.000
205	  A	  0.3	  0.1	2.156	0.000	0.000
206	  T	  0.3	  0.1	0.911	0.000	0.000
207	  N	  0.1	  0.1	1.157	0.000	0.000
208	  P	  0.0	  0.0	0.245	0.000	0.000
209	  V	  0.2	  0.0	0.245	0.000	0.000
210	  D	  0.2	  0.3	4.979	0.000	0.000
211	  E	  0.2	  0.3	5.488	0.000	0.000
212	  Q	  0.2	  0.3	5.488	0.000	0.000
213	  A	  0.2	  0.3	5.476	0.000	0.000
214	  K	  0.3	  0.1	5.476	0.000	0.000
215	  E	  0.1	  0.1	5.466	0.000	0.000
216	  Q	  0.3	  0.1	4.643	0.000	0.000
217	  A	  0.2	  0.2	3.176	0.000	0.000
218	  E	  0.2	  0.2	2.807	0.000	0.000
219	  E	  0.1	  0.3	2.087	0.000	0.000
220	  N	  0.2	  1.3	1.699	0.000	0.000
221	  S	  0.2	  1.3	0.517	0.000	0.000
222	  S	  0.2	  1.1	0.134	0.000	0.000
223	  E	  0.6	  1.1	0.000	0.000	0.000
224	  V	  4.6	  0.1	0.000	0.000	0.000
225	  I	  4.9	  0.0	0.000	0.000	0.000
226	  A	  4.5	  0.3	0.000	0.000	0.000
227	  E	  0.4	  0.3	0.000	0.000	0.000
228	  D	  0.8	  0.5	0.000	0.000	0.000
229	  V	  1.7	  0.5	0.000	0.000	0.000
230	  S	  1.7	  0.3	0.000	0.000	0.000
231	  E	  1.0	  0.4	0.000	0.000	0.000
232	  P	  0.0	  0.1	0.000	0.000	0.000
233	  T	  0.3	  0.2	0.000	0.000	0.000
234	  E	  2.5	  0.2	0.000	0.000	0.000
235	  V	  4.7	  0.0	0.000	0.000	0.000
236	  E	  4.4	  0.0	0.000	0.000	0.000
237	  K	  2.3	  0.4	0.000	0.000	0.000
238	  P	  0.0	  0.5	0.000	0.000	0.000
239	  S	  1.0	  0.8	0.000	0.000	0.000
240	  H	  1.1	  0.8	0.000	0.000	0.000
241	  N	  1.1	  0.4	0.000	0.000	0.000
242	  E	  0.1	  0.4	0.000	0.000	0.000
243	  P	  0.0	  0.1	0.000	0.000	0.000
244	  E	  0.0	  0.1	0.000	0.000	0.000
245	  S	  0.0	  6.3	0.291	0.000	0.000
246	  P	  0.0	  6.2	0.291	0.000	0.000
247	  N	  0.1	  6.3	0.291	0.000	0.000
248	  K	  0.1	  6.4	0.291	0.000	0.000
249	  E	  0.5	  0.3	0.291	0.000	0.000
250	  S	  0.8	  0.3	0.291	0.000	0.000
251	  K	  2.2	  0.1	0.109	0.000	0.000
252	  V	  3.2	  0.0	0.000	0.000	0.000
253	  Q	  3.1	  0.0	0.000	0.000	0.000
254	  Q	  1.8	  0.1	0.000	0.000	0.000
255	  E	  0.4	  0.1	0.000	0.000	0.000
256	  E	  0.9	  0.1	0.000	0.000	0.000
257	  I	  1.1	  0.1	0.000	0.000	0.000
258	  E	  1.1	  0.2	0.000	0.000	0.000
259	  G	  0.4	  0.4	0.174	0.000	0.000
260	  L	  0.1	  0.4	0.174	0.000	0.000
261	  D	  0.2	  0.3	0.174	0.000	0.000
262	  K	  1.3	  0.2	0.174	0.000	0.000
263	  V	  2.1	  0.1	0.174	0.000	0.000
264	  S	  4.0	  0.2	0.174	0.000	0.000
265	  T	  3.9	  0.3	0.000	0.000	0.000
266	  S	  4.6	  0.9	0.000	0.000	0.000
267	  Q	  2.7	  1.0	0.000	0.000	0.000
268	  S	  1.9	  0.8	0.232	0.000	0.000
269	  S	  0.9	  0.7	0.428	0.121	0.121
270	  Y	  1.5	  0.1	0.428	0.240	0.240
271	  A	  1.4	  0.0	0.428	0.240	0.240
272	  A	  1.0	  0.0	0.428	0.240	0.240
273	  L	  3.1	  0.0	0.428	0.240	0.240
274	  S	  3.1	  0.0	0.305	0.120	0.120
275	  I	  2.8	  0.3	0.000	0.000	0.000
276	  P	  0.1	  1.4	0.000	0.000	0.000
277	  S	  0.0	  1.7	0.000	0.000	0.000
278	  D	  0.0	  1.7	0.000	0.000	0.000
279	  G	  0.1	  1.5	0.000	0.000	0.000
280	  Y	  0.8	  1.0	0.000	0.000	0.000
281	  E	  0.8	  0.6	0.000	0.000	0.000
282	  D	  0.8	  0.7	0.000	0.000	0.000
283	  V	  0.4	  0.7	0.000	0.235	0.235
284	  G	  0.8	  0.2	0.000	0.235	0.235
285	  I	  3.9	  0.2	0.000	0.235	0.235
286	  A	  3.7	  0.0	0.000	0.235	0.235
287	  V	  3.5	  0.0	0.000	0.235	0.235
288	  D	  0.4	 11.4	0.625	0.000	0.000
289	  E	  0.1	 11.9	1.042	0.000	0.000
290	  D	  0.0	 11.9	2.229	0.000	0.000
291	  G	  0.1	 11.9	3.501	0.000	0.000
292	  Y	  0.6	  0.5	3.501	0.000	0.000
293	  A	  0.7	  0.1	3.501	0.000	0.000
294	  R	  2.6	  0.1	3.501	0.000	0.000
295	  T	  2.9	  0.1	3.501	0.000	0.000
296	  F	  2.8	  0.2	3.501	0.000	0.000
297	  P	  0.8	  0.6	0.000	0.000	0.000
298	  A	  0.0	  0.7	0.000	0.000	0.000
299	  D	  0.0	  2.5	0.903	0.000	0.000
300	  D	  0.0	  2.6	6.751	0.000	0.000
301	  D	  0.0	  5.3	13.828	0.000	0.000
302	  E	  0.0	  5.2	13.828	0.000	0.000
303	  N	  0.1	  3.5	14.058	0.000	0.000
304	  A	  0.2	  3.4	14.058	0.000	0.000
305	  R	  0.3	  0.2	14.058	0.000	0.000
306	  K	  0.9	  0.2	13.324	0.000	0.000
307	  T	  6.6	  0.1	2.424	0.000	0.000
308	  V	  7.5	  0.2	2.177	0.000	0.000
309	  E	  6.9	  0.3	2.177	0.000	0.000
310	  S	  1.2	  0.7	1.238	0.000	0.000
311	  G	  0.0	  0.9	0.598	0.000	0.000
312	  A	  0.2	  0.8	0.164	0.000	0.000
313	  S	  0.6	  0.7	0.670	0.000	0.000
314	  K	  1.8	  0.3	0.670	0.000	0.000
315	  V	  1.8	  0.1	0.670	0.000	0.000
316	  D	  1.5	  0.1	0.670	0.000	0.000
317	  R	  0.2	  0.1	0.670	0.000	0.000
318	  N	  0.0	 12.0	0.670	0.000	0.000
319	  P	  0.0	 12.2	0.000	0.000	0.000
320	  S	  0.0	 12.2	0.000	0.000	0.000
321	  G	  0.0	 12.3	0.000	0.000	0.000
322	  V	  0.1	  0.5	0.000	0.000	0.000
323	  G	  0.1	  0.3	0.000	0.000	0.000
324	  T	  0.3	  0.4	0.000	0.000	0.000
325	  E	  0.3	  0.4	0.000	0.000	0.000
326	  S	  1.2	  1.0	0.000	0.000	0.000
327	  S	  1.2	  1.0	0.000	0.000	0.000
328	  S	  1.1	  0.9	0.000	0.000	0.000
329	  E	  0.3	  0.9	0.000	0.000	0.000
330	  P	  0.0	  0.2	0.000	0.000	0.000
331	  R	  0.5	  0.2	0.000	0.000	0.000
332	  H	  0.7	  0.3	0.000	0.000	0.000
333	  R	  1.0	  0.2	0.000	0.000	0.000
334	  T	  0.7	  0.1	0.000	0.000	0.000
335	  A	  0.4	  0.4	0.000	0.000	0.000
336	  P	  0.2	  0.4	0.000	0.000	0.000
337	  H	  0.7	  0.4	0.000	0.000	0.000
338	  D	  1.3	  0.7	0.171	0.000	0.000
339	  I	  2.8	  0.4	0.171	0.206	0.206
340	  S	  2.4	  0.6	0.296	0.206	0.206
341	  A	  1.8	  0.8	0.296	0.206	0.206
342	  F	  0.5	  0.7	0.296	0.206	0.206
343	  G	  0.3	  0.7	0.527	0.206	0.206
344	  K	  0.3	  0.5	0.527	0.000	0.000
345	  A	  0.3	  0.3	0.356	0.000	0.000
346	  H	  0.5	  0.2	0.356	0.000	0.000
347	  A	  0.4	  0.3	0.356	0.000	0.000
348	  Q	  0.6	  0.3	0.356	0.000	0.000
349	  S	  0.4	  0.3	0.000	0.000	0.000
350	  E	  0.3	  0.1	0.000	0.000	0.000
351	  P	  0.0	  0.0	0.000	0.000	0.000
352	  R	  0.0	  0.0	0.000	0.000	0.000
353	  P	  0.0	  0.0	0.000	0.000	0.000
354	  I	  0.2	  0.0	0.000	0.000	0.000
355	  Q	  0.4	  0.1	0.000	0.000	0.000
356	  S	  0.9	  0.1	0.000	0.000	0.000
357	  H	  3.5	  0.1	0.000	0.000	0.000
358	  Y	  5.9	  0.1	0.000	0.000	0.000
359	  T	  6.0	  0.1	0.000	0.000	0.000
360	  S	  3.8	  0.1	0.000	0.000	0.000
361	  T	 14.1	  0.1	0.000	0.000	0.000
362	  F	 13.6	  0.4	0.000	0.000	0.000
363	  K	 13.1	  0.5	0.000	0.000	0.000
364	  G	  0.4	  2.3	0.000	0.000	0.000
365	  G	  0.0	  2.4	0.000	0.000	0.000
366	  D	  0.1	  2.9	0.000	0.000	0.000
367	  T	  0.8	  2.7	0.000	0.000	0.000
368	  N	  0.8	  1.5	0.000	0.000	0.000
369	  S	  0.8	  6.4	0.000	0.000	0.000
370	  G	  0.0	  5.7	0.000	0.000	0.000
371	  D	  0.4	  5.5	0.000	0.000	0.000
372	  T	  0.5	  5.0	0.000	0.000	0.000
373	  T	  0.5	  0.4	0.000	0.000	0.000
374	  P	  0.2	  0.4	0.000	0.000	0.000
375	  T	  0.8	  0.5	0.000	0.000	0.000
376	  N	  0.8	  0.6	0.116	0.000	0.000
377	  S	  1.3	  0.2	0.116	0.000	0.000
378	  L	  0.7	  0.3	0.116	0.000	0.000
379	  K	  0.7	  0.4	0.116	0.000	0.000
380	  N	  0.2	  0.4	0.116	0.000	0.000
381	  H	  0.3	  0.5	0.116	0.000	0.000
382	  G	  0.3	  0.3	0.000	0.000	0.000
383	  I	  1.3	  0.3	0.000	0.000	0.000
384	  Y	  1.2	  0.5	0.000	0.000	0.000
385	  G	  1.2	  0.3	0.000	0.000	0.000
386	  A	  0.3	  0.3	0.000	0.000	0.000
387	  K	  0.2	  0.3	0.000	0.000	0.000
388	  Q	  0.2	  0.2	0.000	0.000	0.000
389	  P	  0.0	  0.2	0.000	0.000	0.000
390	  T	  1.3	  0.3	0.000	0.000	0.000
391	  S	  1.6	  0.5	0.000	0.000	0.000
392	  S	  2.0	  0.3	0.000	0.000	0.000
393	  T	  2.3	  0.3	0.000	0.000	0.000
394	  Q	  2.3	  0.2	0.000	0.000	0.000
395	  Q	  2.0	  0.2	0.000	0.000	0.000
396	  E	  0.3	  0.2	0.000	0.000	0.000
397	  S	  0.1	  0.2	0.000	0.000	0.000
398	  E	  3.0	  0.1	0.000	0.000	0.000
399	  V	  3.9	  0.1	0.000	0.000	0.000
400	  S	  3.9	  0.1	0.000	0.000	0.000
401	  T	  1.2	  0.3	0.000	0.000	0.000
402	  L	  0.3	  0.8	0.000	0.000	0.000
403	  G	  0.2	  0.8	0.000	0.000	0.000
404	  S	  1.4	  1.0	0.000	0.000	0.000
405	  H	  1.4	  0.9	0.000	0.000	0.000
406	  S	  2.8	  0.9	0.000	0.000	0.000
407	  R	  1.6	  0.9	0.000	0.000	0.000
408	  S	  2.3	  1.6	0.000	0.000	0.000
409	  S	  1.1	  1.5	0.252	0.000	0.000
410	  S	  8.2	  1.0	0.252	0.000	0.000
411	  Y	 12.5	  0.9	0.252	0.000	0.000
412	  T	 13.6	  0.0	0.252	0.000	0.000
413	  A	  6.6	  0.0	0.252	0.000	0.000
414	  R	  1.6	  0.0	0.252	0.000	0.000
415	  P	  0.0	  0.8	0.000	0.000	0.000
416	  P	  0.0	  1.1	0.000	0.000	0.000
417	  Q	  0.0	  1.8	0.000	0.000	0.000
418	  G	  0.0	  1.9	0.000	0.000	0.000
419	  G	  0.0	  1.3	0.000	0.000	0.000
420	  Q	  0.2	  1.1	0.000	0.000	0.000
421	  D	  0.2	  0.4	0.000	0.000	0.000
422	  Q	  0.3	  0.5	0.000	0.000	0.000
423	  A	  0.3	  0.3	0.000	0.000	0.000
424	  S	  0.5	  0.3	0.000	0.000	0.000
425	  S	  1.2	  0.2	0.000	0.000	0.000
426	  V	  5.5	  0.1	0.000	0.000	0.000
427	  V	  5.6	  0.1	0.000	0.000	0.000
428	  S	  4.7	  0.2	0.000	0.000	0.000
429	  D	  0.5	  0.2	0.000	0.000	0.000
430	  T	  1.1	  0.2	0.000	0.000	0.000
431	  K	  1.8	  0.1	0.000	0.000	0.000
432	  M	  2.4	  0.0	0.000	0.000	0.000
433	  V	  1.7	  0.1	0.000	0.000	0.000
434	  S	  1.1	  0.1	0.000	0.000	0.000
435	  D	  0.3	  0.1	0.000	0.000	0.000
436	  T	  0.1	  0.3	0.552	0.000	0.000
437	  P	  0.0	  0.3	0.552	0.000	0.000
438	  E	  0.1	  0.3	0.552	0.000	0.000
439	  H	  0.8	  0.3	0.552	0.000	0.000
440	  L	  1.0	  0.1	0.552	0.000	0.000
441	  R	  1.0	  0.1	0.552	0.000	0.000
442	  T	  0.4	  0.1	0.868	0.000	0.000
443	  E	  1.0	  0.2	0.989	0.000	0.000
444	  R	  1.2	  0.2	0.869	0.000	0.000
445	  K	  1.4	  0.2	0.727	0.000	0.000
446	  R	  0.6	  0.5	0.594	0.000	0.000
447	  K	  0.4	  1.1	0.594	0.000	0.000
448	  G	  0.0	  1.0	0.277	0.000	0.000
449	  G	  0.0	  0.9	1.527	0.000	0.000
450	  L	  0.4	  0.7	1.527	0.000	0.000
451	  V	  1.9	  0.0	1.527	0.000	0.000
452	  T	  2.7	  0.0	1.527	0.000	0.000
453	  R	  7.2	  0.0	1.527	0.000	0.000
454	  I	  8.5	  0.0	1.527	78.516	78.516
455	  V	  7.9	  0.1	1.527	78.516	78.516
456	  G	  3.1	  0.1	1.527	78.516	78.516
457	  L	  0.4	  0.1	0.440	78.516	78.516
458	  F	  0.1	  0.1	0.206	78.516	78.516
459	  Q	  0.1	  0.0	0.000	0.000	0.000
