res	aa	Beta	Turn	Helix	Aggregation	Conc-Stab_Aggregation
01	  M	  0.1	  0.0	0.000	0.000	0.000
02	  L	  0.2	  0.0	0.000	0.000	0.000
03	  E	  0.2	  0.0	0.000	0.000	0.000
04	  N	  0.1	  0.0	0.000	0.000	0.000
05	  P	  0.0	  0.0	0.000	0.000	0.000
06	  V	  4.8	  0.0	0.000	0.909	0.909
07	  F	  6.5	  0.0	0.000	0.909	0.909
08	  V	 24.3	  0.0	0.000	0.909	0.909
09	  E	 21.7	  0.0	0.000	0.909	0.909
10	  V	 20.2	  0.1	0.000	0.909	0.909
11	  S	  3.2	  0.1	0.076	0.909	0.909
12	  N	  1.9	  0.1	0.076	0.909	0.909
13	  V	  7.7	  0.1	0.076	0.909	0.909
14	  K	  8.1	  0.0	0.076	0.909	0.909
15	  L	 11.7	  0.0	0.076	0.765	0.765
16	  S	 11.6	  0.4	0.462	0.000	0.000
17	  C	 11.2	  0.5	0.386	0.000	0.000
18	  D	  6.2	  0.6	0.581	0.000	0.000
19	  E	  0.8	  0.7	0.581	0.000	0.000
20	  L	  0.9	  0.4	0.581	0.000	0.000
21	  N	  0.9	  0.9	0.581	0.000	0.000
22	  D	  0.2	  0.7	0.398	0.000	0.000
23	  N	  1.2	  1.3	0.288	0.000	0.000
24	  V	  1.6	  1.3	0.000	0.000	0.000
25	  D	  1.6	  0.7	0.000	0.000	0.000
26	  N	  0.4	  3.9	0.000	0.000	0.000
27	  K	  0.0	  3.6	0.000	0.000	0.000
28	  D	  0.0	  5.6	0.000	0.000	0.000
29	  D	  0.0	  6.8	0.000	0.000	0.000
30	  D	  0.0	  7.2	0.000	0.000	0.000
31	  S	  0.0	  6.9	0.000	0.000	0.000
32	  D	  0.0	 10.3	0.000	0.000	0.000
33	  A	  0.0	  9.3	0.000	0.000	0.000
34	  D	  0.0	  8.2	0.177	0.000	0.000
35	  D	  0.0	  8.2	0.381	0.000	0.000
36	  D	  0.0	  2.9	0.381	0.000	0.000
37	  A	  0.1	  3.0	0.381	0.000	0.000
38	  K	  0.1	  0.9	0.381	0.000	0.000
39	  D	  0.1	  2.1	0.381	0.000	0.000
40	  D	  0.0	  5.8	0.204	0.000	0.000
41	  S	  0.0	  6.0	0.000	0.000	0.000
42	  N	  0.0	  6.3	0.000	0.000	0.000
43	  N	  0.0	  5.1	0.000	0.000	0.000
44	  D	  0.0	  1.4	0.000	0.000	0.000
45	  E	  0.0	  0.9	0.000	0.000	0.000
46	  E	  0.1	  0.5	0.000	0.000	0.000
47	  A	  0.1	  0.5	0.000	0.000	0.000
48	  D	  0.1	  0.5	0.385	0.000	0.000
49	  E	  0.1	  0.5	0.385	0.000	0.000
50	  T	  0.4	  0.3	2.588	0.000	0.000
51	  A	  0.4	  0.4	2.588	0.000	0.000
52	  E	  0.3	  0.1	2.588	0.000	0.000
53	  E	  0.2	  0.1	2.588	0.000	0.000
54	  R	  1.5	  0.1	2.451	0.000	0.000
55	  Y	  2.1	  0.1	2.319	0.000	0.000
56	  E	  2.0	  0.1	0.683	0.000	0.000
57	  E	  2.5	  0.1	0.301	0.000	0.000
58	  Y	  2.1	  0.1	0.116	0.000	0.000
59	  D	  2.0	  0.3	1.656	0.000	0.000
60	  E	  0.2	  0.3	1.763	0.000	0.000
61	  E	  0.4	  0.4	1.763	0.000	0.000
62	  S	  0.5	  0.7	1.763	0.000	0.000
63	  K	  0.5	  1.3	1.763	0.000	0.000
64	  G	  0.1	  1.3	1.763	0.000	0.000
65	  N	  0.0	  2.8	1.370	0.000	0.000
66	  D	  0.0	  2.6	0.113	0.000	0.000
67	  D	  0.0	  2.1	0.000	0.000	0.000
68	  E	  0.0	  2.2	0.000	0.000	0.000
69	  E	  0.0	  0.7	0.000	0.000	0.000
70	  D	  0.1	  0.6	0.000	0.000	0.000
71	  D	  0.8	  1.1	0.000	0.000	0.000
72	  V	  1.3	  0.9	0.000	0.000	0.000
73	  N	  1.4	  0.8	0.000	0.000	0.000
74	  D	  1.6	  0.8	0.000	0.000	0.000
75	  I	  3.6	  0.0	0.000	0.000	0.000
76	  V	  4.4	  0.0	0.000	0.000	0.000
77	  C	  3.5	  0.9	0.000	0.000	0.000
78	  E	  1.1	  4.5	0.000	0.000	0.000
79	  G	  0.1	  4.6	0.000	0.000	0.000
80	  D	  0.1	  5.5	0.000	0.000	0.000
81	  T	  0.6	  4.8	0.000	0.000	0.000
82	  D	  0.6	  2.8	0.000	0.000	0.000
83	  S	  0.5	  2.8	0.000	0.000	0.000
84	  D	  0.2	  1.8	0.000	0.000	0.000
85	  L	  0.6	  1.7	0.000	0.000	0.000
86	  I	  1.2	  0.1	0.000	0.000	0.000
87	  S	  1.1	  0.2	0.000	0.000	0.000
88	  S	  0.7	  2.3	0.255	0.000	0.000
89	  E	  0.2	  2.4	0.255	0.000	0.000
90	  D	  0.2	  2.4	0.255	0.000	0.000
91	  S	  0.3	  2.3	0.255	0.000	0.000
92	  R	  1.0	  0.1	0.255	0.000	0.000
93	  F	  3.0	  0.1	0.255	23.481	23.481
94	  V	 10.3	  0.0	0.000	23.761	23.761
95	  V	 10.0	  0.0	0.000	23.761	23.761
96	  L	  8.0	  0.4	0.000	23.761	23.761
97	  G	  0.6	  0.6	0.000	23.761	23.761
98	  S	  0.8	  1.4	0.000	4.351	4.351
99	  S	  1.0	  1.4	0.000	1.734	1.734
100	  S	  8.1	  1.2	0.000	1.430	1.430
101	  F	  7.6	  1.1	0.000	1.223	1.223
102	  D	  7.3	  3.8	0.000	0.000	0.000
103	  E	  0.2	  3.8	0.000	0.000	0.000
104	  D	  0.1	  3.5	0.000	0.000	0.000
105	  S	  0.1	  9.3	0.000	0.000	0.000
106	  P	  0.0	  5.8	0.000	0.000	0.000
107	  D	  0.4	  5.9	0.000	0.000	0.000
108	  S	  4.7	  5.9	0.000	0.000	0.000
109	  W	  5.7	  0.1	0.000	0.000	0.000
110	  R	  7.0	  0.3	0.000	0.000	0.000
111	  L	  3.1	  0.3	0.000	0.000	0.000
112	  D	  2.1	  0.5	0.000	0.000	0.000
113	  S	  0.8	  2.7	0.000	0.000	0.000
114	  K	  0.5	  2.9	0.000	0.000	0.000
115	  D	  0.5	  5.6	0.000	0.000	0.000
116	  D	  0.0	  7.9	0.000	0.000	0.000
117	  D	  0.0	  6.5	0.000	0.000	0.000
118	  N	  0.0	  6.2	0.000	0.000	0.000
119	  D	  0.0	  8.3	0.000	0.000	0.000
120	  A	  0.0	  6.0	0.000	0.000	0.000
121	  N	  0.0	  6.5	0.000	0.000	0.000
122	  D	  0.0	  6.6	0.000	0.000	0.000
123	  D	  0.0	  1.9	0.000	0.000	0.000
124	  E	  0.0	  2.0	0.000	0.000	0.000
125	  E	  0.0	  0.6	0.000	0.000	0.000
126	  D	  0.1	  0.5	0.000	0.000	0.000
127	  D	  1.7	  0.3	0.000	0.000	0.000
128	  V	  6.3	  0.1	0.000	0.000	0.000
129	  I	 11.2	  0.0	0.000	0.000	0.000
130	  D	 10.6	  0.0	0.000	0.000	0.000
131	  I	  8.3	  0.0	0.000	0.000	0.000
132	  V	  4.2	  0.0	0.000	0.000	0.000
133	  C	  3.2	  0.8	0.000	0.000	0.000
134	  E	  1.0	  4.5	0.000	0.000	0.000
135	  G	  0.1	  4.5	0.000	0.000	0.000
136	  D	  0.1	  5.5	0.000	0.000	0.000
137	  T	  0.6	  4.8	0.000	0.000	0.000
138	  D	  0.6	  2.4	0.000	0.000	0.000
139	  S	  0.6	  2.5	0.000	0.000	0.000
140	  S	  0.3	  2.2	0.000	0.000	0.000
141	  E	  0.4	  2.2	0.000	0.000	0.000
142	  S	  2.3	  1.1	0.000	0.000	0.000
143	  T	  3.3	  1.1	0.000	0.000	0.000
144	  S	  3.3	  0.5	0.000	0.000	0.000
145	  S	  1.4	  2.5	0.261	0.000	0.000
146	  E	  0.2	  2.3	0.261	0.000	0.000
147	  D	  0.2	  2.3	0.261	0.000	0.000
148	  S	  0.3	  2.2	0.477	0.000	0.000
149	  R	  1.0	  0.1	0.477	0.000	0.000
150	  F	  3.4	  0.1	0.477	5.190	5.190
151	  V	  4.9	  0.0	0.216	5.190	5.190
152	  A	  4.2	  0.2	0.216	5.190	5.190
153	  F	  2.0	  1.8	0.216	5.190	5.190
154	  G	  0.2	  1.9	0.106	5.190	5.190
155	  S	  1.0	  2.9	0.000	1.450	1.450
156	  S	  1.1	  2.7	0.000	0.982	0.982
157	  S	  1.7	  1.1	0.116	0.982	0.982
158	  F	  1.0	  1.3	0.116	0.982	0.982
159	  A	  0.8	  0.4	0.116	0.450	0.450
160	  D	  0.6	  0.5	0.225	0.000	0.000
161	  S	  4.9	  0.5	0.225	0.000	0.000
162	  W	  6.0	  0.1	0.225	0.000	0.000
163	  R	  7.4	  0.3	0.225	0.000	0.000
164	  L	  3.2	  0.3	0.109	0.000	0.000
165	  D	  2.2	  0.5	0.109	0.000	0.000
166	  S	  0.8	  2.7	0.000	0.000	0.000
167	  K	  0.5	  2.9	0.000	0.000	0.000
168	  D	  0.5	  5.6	0.000	0.000	0.000
169	  D	  0.0	  7.9	0.000	0.000	0.000
170	  D	  0.0	  6.5	0.000	0.000	0.000
171	  N	  0.0	  6.2	0.000	0.000	0.000
172	  D	  0.0	  8.3	0.000	0.000	0.000
173	  A	  0.0	  6.0	0.000	0.000	0.000
174	  N	  0.0	  6.5	0.000	0.000	0.000
175	  D	  0.0	  6.6	0.000	0.000	0.000
176	  D	  0.0	  1.9	0.000	0.000	0.000
177	  E	  0.0	  2.0	0.000	0.000	0.000
178	  E	  0.0	  0.6	0.000	0.000	0.000
179	  D	  0.1	  0.5	0.000	0.000	0.000
180	  D	  1.7	  0.3	0.000	0.000	0.000
181	  V	  6.3	  0.1	0.000	0.000	0.000
182	  I	 11.2	  0.0	0.000	0.000	0.000
183	  D	 10.6	  0.0	0.000	0.000	0.000
184	  I	  8.3	  0.0	0.000	0.000	0.000
185	  V	  4.2	  0.0	0.000	0.000	0.000
186	  C	  3.2	  0.8	0.000	0.000	0.000
187	  E	  1.0	  4.5	0.000	0.000	0.000
188	  G	  0.1	  4.5	0.000	0.000	0.000
189	  D	  0.1	  5.5	0.000	0.000	0.000
190	  T	  0.6	  4.8	0.000	0.000	0.000
191	  D	  0.6	  2.5	0.000	0.000	0.000
192	  S	  0.6	  2.5	0.000	0.000	0.000
193	  S	  0.3	  2.3	0.000	0.000	0.000
194	  E	  0.3	  2.2	0.000	0.000	0.000
195	  S	  0.5	  0.9	0.000	0.000	0.000
196	  I	  1.3	  0.8	0.000	0.000	0.000
197	  F	  1.9	  0.1	0.000	0.000	0.000
198	  S	  1.7	  2.1	0.326	0.000	0.000
199	  E	  0.7	  2.2	0.326	0.000	0.000
200	  D	  0.2	  2.4	0.449	0.000	0.000
201	  S	  0.4	  2.4	1.091	0.000	0.000
202	  R	  1.5	  0.3	1.091	0.000	0.000
203	  C	  4.9	  0.3	1.091	0.000	0.000
204	  V	 11.1	  0.1	0.894	0.000	0.000
205	  K	 10.2	  0.2	0.894	0.000	0.000
206	  L	  6.8	  0.6	0.642	0.000	0.000
207	  G	  0.2	  0.8	0.442	0.000	0.000
208	  S	  0.8	  1.4	0.186	0.000	0.000
209	  S	  1.0	  1.3	0.000	0.000	0.000
210	  S	  5.1	  1.1	0.000	0.000	0.000
211	  V	  4.5	  1.0	0.000	0.000	0.000
212	  D	  4.3	  0.5	0.000	0.000	0.000
213	  E	  0.2	  0.6	0.000	0.000	0.000
214	  E	  0.1	  0.4	0.000	0.000	0.000
215	  S	  0.1	  2.2	0.000	0.000	0.000
216	  S	  0.2	  2.5	0.000	0.000	0.000
217	  D	  0.5	  2.6	0.000	0.000	0.000
218	  S	  4.9	  2.5	0.000	0.000	0.000
219	  W	  5.9	  0.7	0.000	0.000	0.000
220	  R	  7.4	  0.3	0.000	0.000	0.000
221	  L	  3.3	  0.3	0.000	0.000	0.000
222	  D	  2.2	  0.3	0.000	0.000	0.000
223	  S	  0.3	  0.3	0.000	0.000	0.000
224	  D	  0.0	  0.1	0.000	0.000	0.000
