res	aa	Beta	Turn	Helix	Aggregation	Conc-Stab_Aggregation
01	  M	  2.5	  0.0	0.000	0.000	0.000
02	  R	  5.0	  0.0	0.000	0.000	0.000
03	  V	  8.6	  0.0	0.000	31.550	31.550
04	  F	  7.7	  0.0	0.000	38.384	38.384
05	  N	  5.2	  0.0	1.565	39.533	39.533
06	  L	  1.9	  0.0	1.565	69.097	69.097
07	  A	  0.7	  0.0	1.565	73.590	73.590
08	  V	  3.9	  0.0	1.565	78.738	78.738
09	  A	  3.8	  0.0	1.565	77.811	77.811
10	  L	  4.1	  0.0	1.565	77.039	77.039
11	  S	  1.1	  0.0	1.756	66.880	66.880
12	  A	  1.1	  0.0	0.988	66.089	66.089
13	  I	  2.0	  0.0	0.654	65.380	65.380
14	  S	  2.0	  0.0	1.224	51.302	51.302
15	  A	  2.1	  0.0	0.959	49.883	49.883
16	  V	  1.8	  0.0	0.959	48.830	48.830
17	  Q	  1.8	  0.0	1.076	30.492	30.492
18	  A	  1.7	  0.0	0.832	29.754	29.754
19	  V	  3.6	  0.0	0.832	29.129	29.129
20	  A	  3.8	  0.0	0.832	21.136	21.136
21	  I	  4.9	  0.0	0.717	18.298	18.298
22	  K	  2.6	  0.0	0.717	0.037	0.037
23	  T	  6.5	  0.0	0.000	0.037	0.037
24	  V	  5.7	  0.0	0.000	0.037	0.037
25	  D	  4.9	  0.0	0.000	0.037	0.037
26	  A	  0.8	  0.0	0.000	0.000	0.000
27	  Q	  2.1	  0.0	0.000	0.000	0.000
28	  I	  2.8	  0.0	0.000	0.000	0.000
29	  T	  2.7	  0.0	0.000	0.000	0.000
30	  E	  0.8	  0.0	0.000	0.000	0.000
31	  A	  0.1	  0.0	0.285	0.000	0.000
32	  P	  0.0	  0.0	0.437	0.000	0.000
33	  A	  0.1	  0.0	0.437	0.000	0.000
34	  L	  0.2	  0.1	0.437	0.000	0.000
35	  E	  0.3	  0.1	0.856	0.000	0.000
36	  K	  0.5	  0.1	0.856	0.000	0.000
37	  R	  0.4	  0.1	0.687	0.000	0.000
38	  A	  0.3	  0.4	0.419	0.000	0.000
39	  K	  0.2	  0.3	0.419	0.000	0.000
40	  D	  0.1	  0.3	0.647	0.000	0.000
41	  A	  0.8	  0.3	0.482	0.000	0.000
42	  I	  1.8	  0.0	0.353	0.000	0.000
43	  I	  2.1	  0.0	0.353	0.000	0.000
44	  N	  1.4	  0.1	0.627	0.000	0.000
45	  K	  0.6	  0.1	0.627	0.000	0.000
46	  E	  1.5	  0.1	0.274	0.000	0.000
47	  Y	  3.3	  0.1	0.274	0.000	0.000
48	  Q	  3.5	  0.1	0.274	0.000	0.000
49	  K	  3.8	  0.1	0.274	0.000	0.000
50	  M	  2.2	  0.2	0.129	0.000	0.000
51	  E	  1.9	  0.1	0.264	0.000	0.000
52	  S	  0.7	  0.1	0.406	0.000	0.000
53	  L	  1.8	  0.2	0.406	0.000	0.000
54	  K	  2.3	  0.1	0.406	0.000	0.000
55	  L	  2.0	  0.2	0.277	0.000	0.000
56	  H	  0.7	  1.8	0.277	0.000	0.000
57	  G	  0.2	  1.9	0.143	0.000	0.000
58	  S	  2.1	  2.2	0.000	0.000	0.000
59	  T	  2.1	  2.3	0.000	0.000	0.000
60	  S	  2.1	  0.8	0.000	0.000	0.000
61	  D	  0.1	  0.7	0.000	0.000	0.000
62	  E	  0.0	  0.3	0.000	0.000	0.000
63	  A	  0.0	  0.1	0.000	0.000	0.000
64	  P	  0.0	  0.0	0.000	0.000	0.000
65	  K	  0.0	  0.0	0.000	0.000	0.000
66	  P	  0.0	  0.0	0.000	0.252	0.252
67	  W	  0.9	  0.0	0.000	22.407	22.407
68	  V	  1.6	  0.0	0.000	28.012	28.012
69	  R	  2.3	  0.0	0.000	28.437	28.437
70	  T	  3.9	  0.0	0.000	43.331	43.331
71	  I	  4.2	  0.0	0.000	68.057	68.057
72	  Y	  4.1	  0.1	0.000	68.411	68.411
73	  S	  2.0	  0.1	0.000	68.411	68.411
74	  T	  5.8	  0.1	0.000	68.411	68.411
75	  V	  8.5	  0.1	0.000	68.411	68.411
76	  V	 14.5	  0.0	0.000	65.389	65.389
77	  E	 10.2	  0.0	0.000	28.437	28.437
78	  I	 12.6	  0.0	0.000	28.255	28.255
79	  V	  6.6	  0.0	0.000	26.162	26.162
80	  T	  6.3	  0.2	0.000	0.138	0.138
81	  P	  0.5	  0.2	0.000	0.063	0.063
82	  T	  5.2	  0.2	0.000	4.883	4.883
83	  V	  6.1	  0.2	0.000	13.007	13.007
84	  V	  6.1	  1.3	0.000	13.541	13.541
85	  G	  1.0	  1.3	0.000	13.541	13.541
86	  G	  0.1	  1.3	0.000	13.541	13.541
87	  V	  7.2	  1.3	0.000	13.541	13.541
88	  T	 35.5	  0.1	0.000	12.215	12.215
89	  F	 36.3	  0.2	0.000	11.417	11.417
90	  S	 30.3	  0.2	0.000	0.545	0.545
91	  G	  1.5	  0.2	0.000	0.000	0.000
92	  E	  0.1	  0.2	0.000	0.000	0.000
93	  P	  0.0	  0.0	0.000	0.000	0.000
94	  P	  0.0	  0.0	0.000	0.000	0.000
95	  A	  0.0	  0.1	0.000	0.000	0.000
96	  E	  0.1	  0.2	0.000	0.000	0.000
97	  T	  0.1	  0.8	0.000	0.000	0.000
98	  N	  0.1	  0.8	0.000	0.000	0.000
99	  G	  0.1	  0.7	0.000	0.000	0.000
100	  L	  0.1	  0.6	0.000	0.000	0.000
101	  E	  0.1	  0.0	0.000	0.000	0.000
102	  P	  0.1	  0.0	0.000	0.000	0.000
103	  W	  0.5	  0.0	0.000	0.000	0.000
104	  I	  3.8	  0.0	0.000	0.000	0.000
105	  S	  5.9	  0.8	0.000	0.000	0.000
106	  L	  5.5	  0.8	0.000	0.000	0.000
107	  D	  2.3	  9.6	0.000	0.000	0.000
108	  K	  0.1	 10.8	0.000	0.000	0.000
109	  N	  0.0	 10.0	0.000	0.000	0.000
110	  G	  0.0	 10.0	0.000	0.000	0.000
111	  S	  0.0	  1.3	0.394	0.000	0.000
112	  P	  0.0	  0.2	0.394	0.000	0.000
113	  K	  0.7	  0.2	0.394	0.000	0.000
114	  T	 21.5	  0.2	0.394	0.000	0.000
115	  I	 21.8	  0.1	0.394	0.000	0.000
116	  K	 21.2	  0.1	0.394	0.000	0.000
117	  P	  0.4	  0.1	0.000	0.000	0.000
118	  K	  2.0	  0.1	0.000	0.000	0.000
119	  I	  3.0	  0.2	0.000	0.000	0.000
120	  K	  3.0	  2.0	0.000	0.000	0.000
121	  G	  1.0	  2.0	0.000	0.000	0.000
122	  G	  0.1	  2.0	0.000	0.000	0.000
123	  V	  1.9	  1.9	0.000	0.000	0.000
124	  T	  2.4	  0.3	0.000	0.000	0.000
125	  K	  2.3	  0.3	0.000	0.000	0.000
126	  N	  0.7	  0.3	0.000	0.000	0.000
127	  A	  0.2	  0.3	0.000	0.000	0.000
128	  S	  0.2	  0.5	0.000	0.000	0.000
129	  P	  0.0	  0.5	0.000	0.000	0.000
130	  T	  0.9	  0.5	0.000	0.351	0.351
131	  Y	  1.0	  1.2	0.000	0.933	0.933
132	  G	  1.0	  0.7	0.000	0.933	0.933
133	  T	  6.7	  0.7	0.000	0.933	0.933
134	  Y	  8.7	  0.7	0.000	0.933	0.933
135	  F	  9.3	  0.0	0.000	0.933	0.933
136	  Q	  2.9	  0.0	0.000	0.000	0.000
137	  T	  0.8	  0.0	0.000	0.000	0.000
138	  P	  0.0	  0.0	0.000	0.000	0.000
139	  V	  1.7	  0.0	0.000	0.000	0.000
140	  T	  3.0	  0.1	0.000	0.000	0.000
141	  K	  3.5	  0.1	0.000	0.000	0.000
142	  T	 10.4	  0.1	0.000	0.000	0.000
143	  Y	  9.6	  0.1	0.000	0.000	0.000
144	  N	  9.1	  0.1	3.262	0.000	0.000
145	  K	  0.8	  0.2	3.424	0.000	0.000
146	  E	  0.2	  0.2	3.561	0.000	0.000
147	  E	  1.4	  0.2	3.561	0.000	0.000
148	  L	  1.5	  0.1	3.561	0.000	0.000
149	  K	  1.7	  0.0	3.561	0.000	0.000
150	  A	  0.5	  0.1	2.582	0.000	0.000
151	  H	  0.4	  0.1	2.030	0.000	0.000
152	  N	  0.6	  0.0	1.005	0.000	0.000
153	  M	  0.6	  0.1	0.648	0.000	0.000
154	  K	  0.4	  0.5	0.354	0.000	0.000
155	  E	  0.2	  0.5	0.204	0.000	0.000
156	  D	  0.3	  0.5	0.204	0.000	0.000
157	  Q	  1.5	  0.5	0.204	0.000	0.000
158	  I	  2.2	  0.0	0.000	0.000	0.000
159	  F	  3.7	  0.2	0.000	0.000	0.000
160	  E	  2.6	  0.2	0.000	0.000	0.000
161	  H	  3.9	  0.2	0.000	0.000	0.000
162	  V	  5.0	  0.2	0.000	0.000	0.000
163	  V	  7.1	  0.0	0.000	0.000	0.000
164	  W	  6.1	  0.0	0.000	0.000	0.000
165	  E	  3.4	  0.1	0.000	0.000	0.000
166	  K	  1.2	  0.4	0.000	0.000	0.000
167	  E	  0.2	  0.4	0.000	0.000	0.000
168	  D	  0.3	  0.4	0.000	0.000	0.000
169	  T	  3.6	  0.4	0.000	0.000	0.000
170	  T	 10.7	  0.1	0.177	0.000	0.000
171	  Y	 11.1	  0.2	0.177	0.000	0.000
172	  H	  7.9	  0.2	0.177	0.000	0.000
173	  D	  1.1	  0.2	0.177	0.000	0.000
174	  L	  0.4	  0.2	0.177	0.000	0.000
175	  N	  0.3	  0.1	0.467	0.000	0.000
176	  P	  0.1	  0.0	0.290	0.000	0.000
177	  V	  3.3	  0.0	0.290	0.000	0.000
178	  I	  7.3	  0.0	0.290	0.000	0.000
179	  R	  9.8	  0.0	0.290	0.000	0.000
180	  C	  6.8	  0.0	0.290	0.000	0.000
181	  T	  2.9	  0.2	0.330	0.000	0.000
182	  P	  0.3	  0.2	0.330	0.000	0.000
183	  K	  0.3	  0.2	0.330	0.000	0.000
184	  L	  0.4	  0.2	0.330	0.000	0.000
185	  Y	  1.0	  0.3	0.330	0.000	0.000
186	  K	  0.8	  0.3	0.330	0.000	0.000
187	  N	  0.6	  0.8	0.111	0.000	0.000
188	  K	  0.1	  0.8	0.000	0.000	0.000
189	  G	  0.1	  0.6	0.000	0.000	0.000
190	  M	  0.1	  0.5	0.000	0.000	0.000
191	  A	  0.2	  0.2	0.000	0.000	0.000
192	  K	  0.4	  0.2	0.000	0.000	0.000
193	  N	  2.6	  0.2	0.000	0.000	0.000
194	  I	  2.8	  0.2	0.000	0.000	0.000
195	  S	  2.5	  0.0	0.000	0.000	0.000
196	  P	  0.3	  0.0	0.000	0.000	0.000
197	  E	  0.0	  0.0	0.000	0.000	0.000
198	  P	  0.0	  0.0	0.000	0.000	0.000
199	  F	  5.4	  0.0	0.000	0.000	0.000
200	  C	  5.6	  0.0	0.000	0.000	0.000
201	  F	  5.6	  0.2	0.000	0.000	0.000
202	  P	  0.3	  0.6	0.000	0.000	0.000
203	  R	  0.1	  0.9	0.000	0.000	0.000
204	  D	  0.1	  0.9	0.368	0.000	0.000
205	  D	  0.1	  0.7	1.222	0.000	0.000
206	  A	  0.5	  0.4	1.222	0.000	0.000
207	  V	  1.3	  0.0	1.222	0.000	0.000
208	  W	  2.1	  0.0	1.222	0.000	0.000
209	  K	  2.3	  0.2	1.222	0.000	0.000
210	  M	  1.5	  0.3	1.090	0.011	0.011
211	  D	  0.8	  0.4	0.505	0.021	0.021
212	  K	  0.6	  0.4	0.315	0.021	0.021
213	  T	  6.4	  0.1	0.446	69.374	69.374
214	  Y	  7.6	  0.1	0.446	89.639	89.639
215	  F	  7.7	  0.0	0.446	94.581	94.581
216	  V	  8.6	  0.0	0.446	94.581	94.581
217	  T	 11.3	  0.0	0.692	94.581	94.581
218	  W	 11.2	  0.0	0.692	92.870	92.870
219	  Y	  5.9	  0.0	0.692	72.059	72.059
220	  H	  2.5	  0.0	0.334	1.337	1.337
221	  R	  3.0	  0.0	0.245	0.104	0.104
222	  F	  3.3	  0.1	0.245	0.104	0.104
223	  F	  2.8	  0.1	0.245	0.104	0.104
224	  D	  1.7	  1.6	0.291	0.104	0.104
225	  E	  0.2	  1.6	0.291	0.000	0.000
226	  D	  0.7	  1.9	1.486	0.000	0.000
227	  V	  1.5	  1.8	1.486	0.000	0.000
228	  S	  1.8	  0.3	1.983	0.000	0.000
229	  K	  4.9	  0.3	1.983	0.000	0.000
230	  V	 10.5	  0.0	1.983	0.000	0.000
231	  K	 10.7	  0.0	1.983	0.000	0.000
232	  L	  7.9	  0.0	1.360	0.324	0.324
233	  H	  2.0	  0.1	1.200	0.324	0.324
234	  L	  3.3	  0.1	0.519	0.324	0.324
235	  S	  3.3	  0.1	1.320	0.324	0.324
236	  Y	  4.6	  0.1	1.438	0.324	0.324
237	  V	  4.1	  0.0	2.310	0.324	0.324
238	  K	  3.4	  0.1	4.434	0.000	0.000
239	  E	  1.6	  0.1	5.225	0.000	0.000
240	  A	  0.2	  0.1	5.367	0.000	0.000
241	  A	  0.3	  0.1	5.367	0.000	0.000
242	  R	  0.5	  0.2	5.367	0.000	0.000
243	  Q	  0.4	  0.5	4.889	0.000	0.000
244	  K	  0.3	  0.5	3.294	0.000	0.000
245	  G	  0.0	  0.5	2.260	0.000	0.000
246	  M	  0.1	  0.4	0.710	0.000	0.000
247	  K	  0.3	  0.1	0.000	0.000	0.000
248	  R	  0.8	  0.1	0.000	0.000	0.000
249	  S	  2.3	  0.1	0.161	0.000	0.000
250	  L	  2.1	  0.1	0.161	0.000	0.000
251	  T	  1.9	  0.1	0.161	0.000	0.000
252	  E	  0.4	  0.0	0.161	0.000	0.000
253	  Y	  2.2	  0.0	0.161	0.000	0.000
254	  V	  2.8	  0.1	0.161	0.000	0.000
255	  E	  2.7	  0.2	0.161	0.000	0.000
256	  D	  0.9	  0.2	1.244	0.000	0.000
257	  S	  1.1	  0.2	3.817	0.000	0.000
258	  M	  1.2	  0.1	3.817	0.000	0.000
259	  E	  1.3	  0.0	3.817	0.000	0.000
260	  K	  4.1	  0.0	3.817	0.000	0.000
261	  V	  5.6	  0.1	3.817	0.000	0.000
262	  K	  6.0	  0.1	3.817	0.000	0.000
263	  R	  3.3	  0.1	2.524	0.000	0.000
264	  T	  2.6	  0.3	1.724	0.000	0.000
265	  F	  2.2	  0.6	1.724	0.000	0.000
266	  G	  1.0	  0.6	0.684	0.000	0.000
267	  K	  0.3	  0.7	0.000	0.000	0.000
268	  R	  0.5	  0.5	0.000	0.000	0.000
269	  S	  0.8	  0.2	0.162	0.000	0.000
270	  Q	  1.6	  0.1	0.162	0.000	0.000
271	  I	  2.0	  0.1	0.162	0.000	0.000
272	  M	  1.8	  0.2	0.162	0.000	0.000
273	  E	  0.9	  0.3	0.162	0.000	0.000
274	  K	  0.2	  3.6	0.162	0.000	0.000
275	  G	  0.0	  3.7	0.000	0.000	0.000
276	  G	  0.0	  3.5	0.000	0.000	0.000
277	  K	  0.8	  3.3	0.000	0.000	0.000
278	  I	  1.8	  0.1	0.000	0.000	0.000
279	  S	  2.0	  0.1	0.000	0.000	0.000
280	  Q	  1.5	  0.2	0.000	0.000	0.000
281	  K	  0.8	  0.2	0.000	0.000	0.000
282	  S	  1.7	  0.2	0.000	0.254	0.254
283	  F	  2.6	  0.1	0.000	0.254	0.254
284	  F	  5.2	  0.0	0.000	0.254	0.254
285	  T	  4.1	  0.4	0.000	0.254	0.254
286	  S	  3.0	  0.4	0.000	0.254	0.254
287	  D	  0.4	  0.4	0.000	0.000	0.000
288	  W	  0.9	  0.3	0.000	0.000	0.000
289	  I	  1.2	  0.0	0.000	0.000	0.000
290	  D	  0.9	  0.2	0.121	0.000	0.000
291	  K	  0.5	  0.4	0.121	0.000	0.000
292	  E	  0.2	  0.4	0.121	0.000	0.000
293	  T	  0.2	  0.5	0.121	0.000	0.000
294	  G	  0.1	  0.4	0.121	0.000	0.000
295	  I	  0.2	  0.1	0.121	0.000	0.000
296	  Y	  0.2	  0.1	0.121	0.000	0.000
297	  P	  0.1	  0.0	0.000	0.000	0.000
298	  V	  9.6	  0.0	0.000	0.000	0.000
299	  T	 17.0	  0.0	0.000	0.000	0.000
300	  I	 17.3	  0.0	0.000	0.000	0.000
301	  D	  8.3	  0.2	0.664	0.000	0.000
302	  P	  0.2	  0.2	0.664	0.000	0.000
303	  K	  0.1	  0.2	0.664	0.000	0.000
304	  W	  0.6	  0.3	0.664	0.000	0.000
305	  L	  0.8	  0.1	0.664	0.000	0.000
306	  D	  0.8	  0.1	0.664	0.000	0.000
307	  T	  2.2	  0.1	1.680	0.000	0.000
308	  Q	  4.2	  0.0	1.680	0.000	0.000
309	  W	  5.7	  0.0	1.543	0.000	0.000
310	  T	  4.7	  0.1	2.192	0.000	0.000
311	  R	  2.6	  0.1	2.192	0.000	0.000
312	  R	  1.1	  0.1	2.192	0.000	0.000
313	  A	  0.5	  0.1	1.714	0.475	0.475
314	  L	  0.8	  0.0	1.593	0.475	0.475
315	  I	  4.3	  0.0	1.372	0.475	0.475
316	  S	  5.3	  0.0	1.372	0.475	0.475
317	  L	  4.9	  0.0	0.799	0.475	0.475
318	  Q	  1.4	  0.5	0.546	0.000	0.000
319	  P	  0.1	  0.6	0.000	0.000	0.000
320	  D	  1.2	  0.6	0.000	0.000	0.000
321	  T	  1.7	  0.6	0.000	0.000	0.000
322	  I	  1.7	  0.7	0.000	0.000	0.000
323	  P	  0.6	  0.8	0.000	0.000	0.000
324	  D	  0.0	  0.9	0.000	0.000	0.000
325	  D	  0.0	  1.0	0.261	0.000	0.000
326	  E	  2.0	  0.4	0.261	0.000	0.000
327	  F	  2.5	  0.3	0.261	0.000	0.000
328	  D	  2.4	  0.3	0.378	0.000	0.000
329	  H	  1.1	  0.2	0.378	0.000	0.000
330	  L	  0.7	  0.3	0.378	0.000	0.000
331	  K	  0.8	  0.2	0.378	0.000	0.000
332	  N	  0.5	  0.2	0.253	1.343	1.343
333	  S	  0.8	  0.2	0.117	1.343	1.343
334	  I	  9.3	  0.0	0.000	1.965	1.965
335	  V	 12.6	  0.0	0.000	1.965	1.965
336	  V	 16.1	  0.0	0.000	1.965	1.965
337	  E	  8.3	  0.0	0.000	0.622	0.622
338	  L	  5.0	  0.0	0.000	0.622	0.622
339	  T	  1.1	  0.5	1.170	0.622	0.622
340	  K	  0.4	  0.5	1.170	0.622	0.622
341	  G	  0.1	  0.5	1.170	0.000	0.000
342	  A	  0.3	  0.5	1.170	0.000	0.000
343	  K	  0.7	  0.2	1.170	0.000	0.000
344	  V	  0.7	  0.5	1.170	0.000	0.000
345	  G	  0.4	  1.2	1.170	0.000	0.000
346	  K	  0.1	  1.3	0.190	0.000	0.000
347	  G	  0.0	  1.2	0.000	0.000	0.000
348	  H	  0.2	  0.9	0.000	0.000	0.000
349	  N	  0.4	  0.6	3.583	0.000	0.000
350	  L	  1.2	  0.5	3.995	0.000	0.000
351	  D	  1.1	  0.5	13.750	0.000	0.000
352	  L	  1.0	  0.5	14.875	0.000	0.000
353	  K	  0.2	  0.1	15.427	0.000	0.000
354	  K	  0.3	  0.1	18.510	0.000	0.000
355	  Q	  0.3	  0.1	19.542	0.000	0.000
356	  E	  0.4	  0.1	22.039	0.000	0.000
357	  E	  0.2	  0.1	22.980	0.000	0.000
358	  K	  0.3	  0.1	23.020	0.000	0.000
359	  A	  0.3	  0.1	22.378	0.000	0.000
360	  R	  0.5	  0.0	22.239	0.000	0.000
361	  L	  0.6	  0.0	21.658	0.000	0.000
362	  K	  0.5	  0.0	19.361	0.000	0.000
363	  A	  0.4	  0.0	14.905	0.000	0.000
364	  L	  0.3	  0.0	13.355	0.000	0.000
365	  Y	  0.3	  3.9	11.030	0.000	0.000
366	  G	  0.1	  3.9	6.134	0.000	0.000
367	  D	  0.8	  3.9	0.677	0.000	0.000
368	  Y	  2.8	  3.9	0.000	0.000	0.000
369	  Y	  7.8	  0.0	0.000	0.000	0.000
370	  E	  7.7	  0.0	0.000	0.000	0.000
371	  I	  5.9	  0.1	0.000	0.000	0.000
372	  E	  1.0	  0.2	0.000	0.000	0.000
373	  E	  0.2	  0.3	0.000	0.000	0.000
374	  G	  0.2	  0.4	0.000	0.000	0.000
375	  I	  3.3	  0.3	0.112	0.000	0.000
376	  D	  4.6	  0.2	1.686	0.000	0.000
377	  Y	  6.2	  0.1	1.686	0.000	0.000
378	  E	  3.4	  0.1	1.686	0.000	0.000
379	  K	  2.3	  0.1	1.686	0.000	0.000
380	  Y	  1.7	  0.1	1.686	38.158	38.158
381	  I	  7.1	  0.0	1.686	38.162	38.162
382	  I	  9.7	  0.0	1.686	38.162	38.162
383	  M	  8.9	  0.0	1.686	38.162	38.162
384	  M	 10.2	  0.0	1.222	38.162	38.162
385	  T	  7.4	  0.0	0.160	0.079	0.079
386	  I	  7.1	  0.2	0.160	0.000	0.000
387	  P	  0.5	  0.2	0.888	0.163	0.163
388	  T	  2.1	  0.2	1.499	13.230	13.230
389	  C	  3.6	  0.2	2.088	34.920	34.920
390	  V	  6.2	  0.0	2.291	94.096	94.096
391	  L	  4.6	  0.0	2.291	98.982	98.982
392	  I	  6.0	  0.0	2.291	99.736	99.736
393	  A	  4.1	  0.0	2.767	99.802	99.802
394	  V	  4.5	  0.0	4.055	99.879	99.879
395	  M	  1.9	  0.0	4.189	99.884	99.884
396	  G	  1.2	  0.0	13.957	99.888	99.888
397	  M	  0.8	  0.0	14.349	99.945	99.945
398	  Y	  1.7	  0.0	14.126	99.991	99.991
399	  F	  2.6	  0.0	14.126	99.996	99.996
400	  F	  2.5	  0.0	14.126	99.988	99.988
401	  I	  1.9	  0.0	14.126	99.879	99.879
402	  W	  1.6	  0.0	14.126	98.633	98.633
403	  I	  1.7	  0.0	14.126	83.934	83.934
404	  N	  1.2	  0.1	14.126	1.407	1.407
405	  R	  0.7	  0.1	7.261	0.000	0.000
406	  K	  0.6	  0.1	4.628	0.000	0.000
407	  H	  0.9	  0.3	0.456	0.000	0.000
408	  T	  0.9	  0.2	0.327	0.000	0.000
409	  D	  0.5	  0.2	2.741	0.000	0.000
410	  L	  0.4	  0.2	2.741	0.000	0.000
411	  A	  0.5	  0.0	2.741	0.000	0.000
412	  F	  1.3	  0.0	2.741	0.000	0.000
413	  L	  1.2	  0.2	2.741	0.000	0.000
414	  K	  1.2	  0.2	2.741	0.000	0.000
415	  N	  2.7	  0.2	2.073	0.000	0.000
416	  V	  5.6	  0.2	1.375	0.000	0.000
417	  K	  6.3	  0.0	1.375	0.000	0.000
418	  F	  4.4	  0.1	0.679	0.000	0.000
419	  K	  1.5	  0.1	0.343	0.000	0.000
420	  K	  0.7	  0.1	0.000	0.000	0.000
421	  K	  0.5	  0.2	0.000	0.000	0.000
422	  T	  1.3	  0.1	0.000	0.000	0.000
423	  R	  1.4	  0.2	0.000	0.000	0.000
424	  R	  1.4	  0.2	0.000	0.000	0.000
425	  S	  0.7	  0.2	0.000	0.000	0.000
426	  R	  0.5	  0.1	0.000	0.000	0.000
427	  L	  0.2	  0.1	0.000	0.000	0.000
428	  P	  0.1	  0.0	0.000	0.000	0.000
429	  F	  2.2	  0.1	0.000	0.000	0.000
430	  S	  2.3	  0.2	0.270	0.000	0.000
431	  K	  2.3	  0.3	0.270	0.000	0.000
432	  K	  0.2	  0.3	0.270	0.000	0.000
433	  N	  0.1	  3.0	0.270	0.000	0.000
434	  E	  0.2	  2.9	0.270	0.000	0.000
435	  N	  0.3	  2.7	0.508	0.000	0.000
436	  K	  3.3	  2.7	0.344	0.000	0.000
437	  Y	  4.3	  0.0	0.238	0.000	0.000
438	  T	  4.3	  0.0	0.238	0.000	0.000
439	  E	  1.3	  0.0	0.238	0.000	0.000
440	  L	  0.2	  0.5	0.238	0.000	0.000
441	  P	  0.0	  0.4	0.000	0.000	0.000
442	  Q	  4.9	  0.4	0.000	0.000	0.000
443	  W	  4.9	  0.4	0.000	0.000	0.000
444	  E	  4.9	  0.1	0.000	0.000	0.000
445	  G	  0.1	  0.4	0.000	0.000	0.000
446	  P	  0.0	  0.4	0.000	0.000	0.000
447	  K	  0.1	  0.4	0.000	0.000	0.000
448	  A	  0.1	  0.3	0.000	0.000	0.000
449	  D	  0.1	  0.0	0.000	0.000	0.000
