res	aa	Beta	Turn	Helix	Aggregation	Conc-Stab_Aggregation
01	  M	  0.2	  0.0	0.000	0.000	0.000
02	  C	  0.3	  0.2	0.000	0.000	0.000
03	  G	  0.4	  0.2	0.000	0.000	0.000
04	  R	  0.5	  0.2	0.000	0.000	0.000
05	  F	  1.0	  0.4	0.000	50.537	50.537
06	  A	  1.1	  0.2	0.000	54.376	54.376
07	  L	  0.9	  0.2	0.000	55.119	55.119
08	  G	  0.6	  0.2	0.000	55.119	55.119
09	  I	  3.0	  0.0	0.000	55.119	55.119
10	  A	  3.1	  0.0	0.000	54.285	54.285
11	  I	  3.7	  0.0	0.000	50.002	50.002
12	  D	  1.4	  0.0	0.000	0.000	0.000
13	  Q	  1.2	  0.0	0.000	0.000	0.000
14	  L	  0.1	  0.2	0.000	0.000	0.000
15	  P	  0.1	  0.3	0.000	0.000	0.000
16	  Q	  0.3	  0.3	0.000	0.000	0.000
17	  K	  1.0	  0.3	0.000	0.000	0.000
18	  L	  1.0	  0.1	0.000	0.000	0.000
19	  N	  0.7	  0.1	0.547	0.000	0.000
20	  E	  0.1	  0.1	0.547	0.000	0.000
21	  T	  3.6	  0.1	0.547	0.000	0.000
22	  V	  8.5	  0.1	0.547	0.000	0.000
23	  L	  8.6	  0.0	0.547	0.000	0.000
24	  N	  5.1	  4.0	0.547	0.000	0.000
25	  P	  0.1	  4.4	0.000	0.000	0.000
26	  G	  0.0	  4.6	0.000	0.000	0.000
27	  S	  0.1	  6.3	0.105	0.000	0.000
28	  S	  0.1	  2.3	1.812	0.000	0.000
29	  D	  0.1	  2.0	3.341	0.000	0.000
30	  Q	  0.1	  1.8	3.341	0.000	0.000
31	  L	  0.2	  0.2	3.341	0.000	0.000
32	  A	  0.2	  0.1	3.341	0.000	0.000
33	  K	  0.1	  0.2	3.341	0.000	0.000
34	  K	  0.4	  0.2	2.574	0.000	0.000
35	  S	  0.8	  2.3	0.583	0.000	0.000
36	  A	  0.8	  2.3	0.116	0.000	0.000
37	  N	  1.0	  2.2	0.116	0.000	0.000
38	  H	  3.5	  2.1	0.000	0.000	0.000
39	  Y	  5.0	  0.0	0.000	0.000	0.000
40	  T	  6.1	  0.0	0.000	0.000	0.000
41	  T	  4.7	  0.0	0.000	0.000	0.000
42	  T	  5.8	  0.1	0.000	0.000	0.000
43	  T	  4.6	  0.2	0.000	0.000	0.000
44	  S	  3.1	  0.1	0.000	0.000	0.000
45	  A	  0.5	  0.2	0.000	0.000	0.000
46	  G	  0.1	  4.3	0.000	0.000	0.000
47	  P	  0.0	  4.6	0.000	0.000	0.000
48	  D	  0.0	  4.7	0.000	0.000	0.000
49	  G	  0.0	  4.7	0.000	0.000	0.000
50	  E	  0.2	  0.6	0.000	0.000	0.000
51	  E	  0.5	  0.3	0.000	0.000	0.000
52	  H	  0.9	  0.2	0.000	0.000	0.000
53	  D	  1.0	  0.1	0.109	0.000	0.000
54	  V	  3.8	  0.0	0.109	0.000	0.000
55	  A	  3.6	  0.0	0.109	0.000	0.000
56	  I	  5.9	  0.0	0.109	0.000	0.000
57	  D	  2.9	  0.0	0.485	0.000	0.000
58	  L	  3.3	  0.0	0.485	0.000	0.000
59	  V	  5.3	  0.0	0.485	0.000	0.000
60	  S	  7.2	  0.9	0.485	0.000	0.000
61	  L	  7.7	  0.9	0.376	0.000	0.000
62	  D	  4.7	  0.9	0.376	0.000	0.000
63	  F	  2.7	  1.0	0.120	0.000	0.000
64	  E	  1.6	  2.1	0.000	0.000	0.000
65	  G	  0.3	  2.1	0.000	0.000	0.000
66	  N	  0.9	  2.2	0.000	0.000	0.000
67	  F	  8.8	  2.0	0.000	0.000	0.000
68	  N	  8.8	  0.1	0.000	0.000	0.000
69	  I	  8.0	  0.1	0.000	0.000	0.000
70	  P	  0.0	  0.2	0.000	0.000	0.000
71	  P	  0.0	  0.2	0.000	0.000	0.000
72	  T	  2.5	  0.3	0.000	0.000	0.000
73	  T	  2.9	  0.3	0.158	0.000	0.000
74	  K	  3.1	  0.1	0.158	0.000	0.000
75	  A	  1.6	  0.0	0.158	48.506	48.506
76	  V	  7.9	  0.0	0.158	89.509	89.509
77	  I	  9.7	  0.0	0.158	89.820	89.820
78	  I	 10.0	  0.0	0.158	89.820	89.820
79	  Y	  4.3	  0.1	0.158	89.820	89.820
80	  L	  2.4	  0.1	0.158	76.055	76.055
81	  N	  1.2	  0.3	0.158	3.264	3.264
82	  K	  0.3	  0.5	0.000	0.013	0.013
83	  T	  0.2	  1.0	0.000	0.013	0.013
84	  D	  0.2	  1.3	0.000	0.013	0.013
85	  D	  0.0	  2.4	0.000	0.000	0.000
86	  G	  0.0	  2.3	0.000	0.000	0.000
87	  N	  0.9	  1.6	0.000	0.000	0.000
88	  S	  8.0	  1.6	0.000	0.000	0.000
89	  F	 10.0	  0.4	0.000	0.000	0.000
90	  D	  9.4	  0.3	0.000	0.000	0.000
91	  Y	  4.0	  0.3	0.000	0.000	0.000
92	  V	  4.9	  0.0	0.000	0.000	0.000
93	  L	  4.6	  0.0	0.000	0.000	0.000
94	  E	  3.2	  0.2	0.000	0.000	0.000
95	  P	  0.1	  0.4	0.000	0.000	0.000
96	  S	  0.3	  0.6	0.000	0.000	0.000
97	  S	  1.0	  0.7	0.000	0.000	0.000
98	  F	  1.2	  0.5	0.000	0.000	0.000
99	  G	  0.9	  0.4	0.000	0.000	0.000
100	  L	  0.3	  0.2	0.000	0.000	0.000
101	  V	  0.1	  1.1	0.000	0.000	0.000
102	  P	  0.1	  1.0	0.000	0.000	0.000
103	  N	  2.6	  1.0	0.000	0.000	0.000
104	  F	  6.6	  1.0	0.000	0.000	0.000
105	  E	  6.6	  0.0	0.000	0.000	0.000
106	  K	  4.1	  0.2	0.000	0.000	0.000
107	  P	  0.0	  0.2	0.000	0.000	0.000
108	  K	  0.0	  0.2	0.000	0.000	0.000
109	  D	  0.0	  0.2	0.000	0.000	0.000
110	  P	  0.0	  0.0	0.000	0.000	0.000
111	  T	  0.0	  0.0	0.255	0.000	0.000
112	  P	  0.0	  0.0	0.255	0.000	0.000
113	  V	  1.8	  0.1	0.255	0.000	0.000
114	  K	  1.9	  0.2	0.255	0.000	0.000
115	  R	  2.0	  0.7	0.255	0.000	0.000
116	  G	  0.2	  0.7	0.255	0.000	0.000
117	  D	  0.1	  1.3	0.000	0.000	0.000
118	  K	  0.1	  1.1	0.000	0.000	0.000
119	  H	  0.1	  0.8	0.000	0.000	0.000
120	  G	  0.1	  1.1	0.000	0.000	0.000
121	  P	  0.0	  0.4	0.000	0.000	0.000
122	  Q	  2.4	  0.4	0.000	0.000	0.000
123	  Y	  4.5	  0.4	0.000	0.000	0.000
124	  S	  5.0	  0.1	0.141	0.000	0.000
125	  K	  2.7	  0.2	0.141	0.000	0.000
126	  E	  0.9	  0.2	0.141	0.000	0.000
127	  L	  0.6	  0.2	0.141	0.000	0.000
128	  Q	  0.6	  0.1	0.141	0.000	0.000
129	  S	  0.4	  0.2	2.267	0.000	0.000
130	  E	  0.2	  0.3	2.126	0.000	0.000
131	  Q	  0.3	  0.2	2.126	0.000	0.000
132	  S	  0.9	  0.3	2.126	0.000	0.000
133	  K	  1.0	  0.2	2.126	0.000	0.000
134	  R	  5.0	  0.1	2.126	0.000	0.000
135	  F	 11.6	  0.1	1.713	0.000	0.000
136	  N	 12.6	  0.0	0.560	0.000	0.000
137	  C	  9.9	  0.1	0.213	0.000	0.000
138	  R	  2.9	  0.1	0.000	0.000	0.000
139	  K	  1.6	  0.1	0.000	0.000	0.000
140	  E	  0.3	  0.1	0.000	0.000	0.000
141	  T	  0.6	  0.1	0.000	0.000	0.000
142	  I	  0.4	  3.2	0.000	0.000	0.000
143	  G	  0.4	  3.3	0.000	0.000	0.000
144	  N	  0.0	  3.3	0.000	0.000	0.000
145	  N	  0.1	  3.8	0.000	0.000	0.000
146	  K	  0.5	  0.6	0.000	0.000	0.000
147	  S	  1.2	  0.5	0.000	0.000	0.000
148	  V	  3.1	  0.4	0.000	0.000	0.000
149	  W	  4.3	  0.0	0.000	0.000	0.000
150	  T	  3.6	  0.0	0.126	0.000	0.000
151	  E	  1.7	  0.1	0.256	0.000	0.000
152	  P	  0.0	  0.2	0.256	0.000	0.000
153	  R	  0.5	  0.4	0.256	0.000	0.000
154	  K	  0.6	  0.4	0.256	0.000	0.000
155	  N	  0.8	  0.5	0.256	0.000	0.000
156	  S	  0.6	  0.5	0.256	0.000	0.000
157	  R	  1.7	  0.3	0.000	0.000	0.000
158	  C	  5.0	  0.2	0.000	0.000	0.000
159	  V	  5.2	  0.0	0.000	0.000	0.000
160	  V	  4.1	  0.0	0.000	0.000	0.000
161	  P	  0.6	  0.0	0.000	0.000	0.000
162	  I	  0.2	  0.3	0.000	0.000	0.000
163	  Q	  0.1	  0.3	0.000	0.000	0.000
164	  G	  0.2	  0.3	0.302	0.000	0.000
165	  Y	  2.3	  0.3	0.302	0.000	0.000
166	  F	  5.7	  0.0	0.413	0.000	0.000
167	  E	  6.6	  0.0	0.413	0.000	0.000
168	  W	  5.3	  0.0	0.522	0.000	0.000
169	  Q	  2.2	  0.1	0.522	0.000	0.000
170	  K	  1.9	  0.1	0.522	0.000	0.000
171	  T	  1.9	  0.2	0.349	0.000	0.000
172	  K	  1.7	  0.6	0.349	0.000	0.000
173	  K	  1.1	  0.6	0.349	0.000	0.000
174	  D	  0.2	  0.6	0.000	0.000	0.000
175	  K	  0.1	  0.5	0.000	0.000	0.000
176	  P	  0.0	  0.0	0.000	1.169	1.169
177	  A	  0.3	  0.0	0.000	6.213	6.213
178	  Y	  1.7	  0.0	0.000	12.066	12.066
179	  F	  2.5	  0.0	0.000	12.066	12.066
180	  V	  4.9	  0.0	0.000	12.066	12.066
181	  T	  4.8	  0.1	0.000	11.251	11.251
182	  S	  4.4	  0.2	0.000	8.082	8.082
183	  K	  2.1	  0.2	0.000	0.000	0.000
184	  E	  0.8	  0.1	0.000	0.000	0.000
185	  R	  0.3	  0.2	0.000	0.000	0.000
186	  P	  0.0	  0.1	0.000	4.763	4.763
187	  L	  0.5	  0.1	0.000	60.063	60.063
188	  L	  1.2	  0.1	0.000	78.250	78.250
189	  F	  1.9	  0.0	0.000	81.338	81.338
190	  L	  1.4	  0.2	0.000	81.543	81.543
191	  A	  0.7	  0.2	0.000	80.637	80.637
192	  G	  0.1	  0.2	0.000	68.899	68.899
193	  L	  0.4	  0.2	0.000	67.417	67.417
194	  Y	  0.9	  0.1	0.000	58.483	58.483
195	  A	  0.9	  0.0	0.000	27.255	27.255
196	  H	  0.8	  0.1	0.000	0.799	0.799
197	  N	  0.4	  0.4	0.000	0.027	0.027
198	  T	  0.9	  0.4	0.000	0.027	0.027
199	  N	  1.6	  1.1	0.000	0.027	0.027
200	  Y	  1.9	  1.1	0.000	0.027	0.027
201	  N	  1.3	  0.9	0.524	0.000	0.000
202	  D	  0.6	  0.9	0.524	0.000	0.000
203	  T	  0.3	  0.2	0.806	0.000	0.000
204	  E	  0.5	  0.1	0.806	0.000	0.000
205	  I	  3.2	  0.0	0.806	0.000	0.000
206	  V	  4.5	  0.4	0.806	0.000	0.000
207	  K	  4.2	  0.6	0.806	0.000	0.000
208	  D	  1.4	  1.4	0.420	0.000	0.000
209	  G	  0.0	  1.4	0.000	0.000	0.000
210	  D	  0.1	  1.0	0.098	0.000	0.000
211	  K	  0.3	  0.8	0.098	0.000	0.000
212	  Y	  1.0	  0.1	0.098	14.779	14.779
213	  L	  1.2	  0.2	0.098	15.483	15.483
214	  S	  1.2	  0.2	0.098	15.766	15.766
215	  S	 20.5	  0.3	0.098	18.049	18.049
216	  F	 22.9	  0.3	0.000	24.890	24.890
217	  S	 23.1	  0.1	0.000	24.403	24.403
218	  I	  7.1	  0.1	0.000	24.403	24.403
219	  V	  4.3	  0.0	0.000	23.702	23.702
220	  T	  3.8	  0.1	0.000	13.170	13.170
221	  G	  0.5	  0.2	0.000	0.000	0.000
222	  P	  0.0	  0.5	0.000	0.000	0.000
223	  A	  0.0	  0.9	0.000	0.000	0.000
224	  E	  0.0	  1.3	0.000	0.000	0.000
225	  G	  0.0	  2.0	0.000	0.000	0.000
226	  E	  0.0	  3.0	0.000	0.000	0.000
227	  G	  0.0	  2.9	0.000	0.000	0.000
228	  S	  0.0	  3.0	0.000	0.000	0.000
229	  N	  0.0	  2.2	0.000	0.000	0.000
230	  D	  0.2	  1.3	0.162	0.000	0.000
231	  L	  1.9	  0.9	0.162	0.000	0.000
232	  S	  2.3	  0.4	0.393	0.000	0.000
233	  W	  2.5	  0.3	0.517	0.000	0.000
234	  L	  0.8	  0.0	0.517	0.000	0.000
235	  H	  0.7	  0.2	0.517	0.000	0.000
236	  E	  1.9	  0.2	0.517	0.000	0.000
237	  R	  1.9	  0.2	0.517	0.000	0.000
238	  K	  1.7	  0.1	0.401	0.000	0.000
239	  P	  0.1	  0.0	0.000	0.000	0.000
240	  I	  3.0	  0.0	0.000	0.000	0.000
241	  L	  3.1	  0.0	0.000	0.000	0.000
242	  L	  3.2	  0.0	0.000	0.000	0.000
243	  E	  0.3	  0.5	0.000	0.000	0.000
244	  P	  0.1	  0.5	0.000	0.000	0.000
245	  N	  0.2	  0.6	0.127	0.000	0.000
246	  S	  0.6	  0.6	0.127	0.000	0.000
247	  K	  0.7	  0.1	0.127	0.000	0.000
248	  E	  0.9	  0.1	0.127	0.000	0.000
249	  W	  1.4	  0.0	0.127	0.000	0.000
250	  F	  3.1	  0.0	0.127	0.000	0.000
251	  D	  2.8	  0.0	0.000	0.000	0.000
252	  W	  2.3	  0.0	0.000	0.000	0.000
253	  L	  0.6	  0.0	0.000	0.000	0.000
254	  T	  0.6	  1.0	0.000	0.000	0.000
255	  P	  0.1	  1.0	0.000	0.000	0.000
256	  N	  0.2	  1.0	0.000	0.000	0.000
257	  H	  0.6	  1.1	0.000	0.000	0.000
258	  E	  3.1	  0.1	0.000	0.000	0.000
259	  W	  3.1	  0.1	0.000	0.000	0.000
260	  D	  2.6	  0.4	1.859	0.000	0.000
261	  P	  0.1	  0.3	1.859	0.000	0.000
262	  K	  0.2	  0.3	1.859	0.000	0.000
263	  L	  0.3	  0.3	1.859	0.000	0.000
264	  L	  0.4	  0.1	1.859	0.000	0.000
265	  E	  0.2	  0.1	1.859	0.000	0.000
266	  T	  0.6	  0.1	0.765	0.000	0.000
267	  S	  3.4	  0.9	0.765	0.000	0.000
268	  L	  3.7	  0.8	0.517	0.000	0.000
269	  N	  3.3	  0.8	0.517	0.000	0.000
270	  H	  1.0	  1.0	0.222	0.000	0.000
271	  T	  0.6	  0.3	0.000	0.000	0.000
272	  N	  0.5	  0.3	0.000	0.000	0.000
273	  N	  0.1	  0.3	0.000	0.000	0.000
274	  K	  0.1	  0.1	0.000	0.000	0.000
275	  A	  0.3	  0.1	0.000	0.000	0.000
276	  Y	  3.7	  0.0	0.000	0.000	0.000
277	  D	  5.1	  0.0	0.264	0.000	0.000
278	  V	  8.4	  0.0	0.264	0.436	0.436
279	  I	  7.0	  0.0	0.264	0.436	0.436
280	  T	  6.5	  0.0	0.506	0.436	0.436
281	  S	  9.0	  0.0	0.506	0.436	0.436
282	  Y	 14.7	  0.0	0.506	0.436	0.436
283	  E	 17.6	  0.0	0.242	0.000	0.000
284	  V	 12.2	  0.0	0.242	0.000	0.000
285	  D	  4.8	  0.5	0.395	0.000	0.000
286	  K	  0.6	  0.5	0.395	0.000	0.000
287	  S	  0.5	  0.5	0.395	0.000	0.000
288	  I	  0.5	  0.5	0.247	0.000	0.000
289	  G	  0.2	  0.0	0.247	0.000	0.000
290	  N	  0.0	  1.3	0.247	0.000	0.000
291	  P	  0.0	  1.3	0.000	0.000	0.000
292	  G	  0.0	  1.3	0.000	0.000	0.000
293	  V	  0.6	  1.3	0.000	0.000	0.000
294	  K	  0.6	  0.0	0.000	0.000	0.000
295	  G	  0.5	  0.3	0.173	0.000	0.000
296	  P	  0.0	  0.3	0.173	0.000	0.000
297	  E	  0.2	  0.3	0.173	0.000	0.000
298	  I	  1.9	  0.2	0.173	0.000	0.000
299	  L	  2.0	  0.0	0.173	0.000	0.000
300	  K	  1.8	  0.0	0.173	0.000	0.000
301	  P	  0.1	  0.0	0.000	0.000	0.000
302	  V	  0.6	  0.0	0.000	0.000	0.000
303	  K	  0.7	  0.1	0.000	0.000	0.000
304	  K	  0.9	  0.2	0.000	0.000	0.000
305	  S	  0.5	  0.4	0.000	0.000	0.000
306	  Q	  0.5	  0.6	0.000	0.000	0.000
307	  K	  0.3	  0.5	0.000	0.000	0.000
308	  G	  0.1	  0.7	0.000	0.000	0.000
309	  I	  0.1	  2.9	0.000	0.250	0.250
310	  G	  0.1	  2.7	0.000	0.250	0.250
311	  S	  1.2	  2.6	0.000	0.250	0.250
312	  F	  2.4	  2.4	0.000	0.250	0.250
313	  F	  3.2	  0.4	0.000	0.250	0.250
314	  K	  2.2	  0.6	0.000	0.000	0.000
315	  S	  1.0	  0.8	0.000	0.000	0.000
316	  G	  0.1	  0.9	0.000	0.000	0.000
317	  E	  0.5	  0.5	0.000	0.000	0.000
318	  K	  0.6	  0.4	0.000	0.000	0.000
319	  K	  1.3	  0.2	0.000	0.000	0.000
320	  T	  1.6	  0.2	0.000	0.000	0.000
321	  K	  1.8	  0.1	0.000	0.000	0.000
322	  E	  1.1	  0.1	0.000	0.000	0.000
323	  E	  0.5	  0.1	0.000	0.000	0.000
324	  P	  0.0	  0.1	0.000	0.000	0.000
325	  K	  0.4	  0.1	0.000	0.000	0.000
326	  E	  0.4	  0.1	0.000	0.000	0.000
327	  E	  0.5	  0.1	0.000	0.000	0.000
328	  P	  0.0	  0.1	0.000	0.000	0.000
329	  K	  0.4	  0.1	0.000	0.000	0.000
330	  E	  0.4	  0.1	0.000	0.000	0.000
331	  E	  0.4	  0.1	0.000	0.000	0.000
332	  P	  0.0	  0.1	0.000	0.000	0.000
333	  E	  0.0	  0.1	0.000	0.000	0.000
334	  E	  0.0	  0.1	0.000	0.000	0.000
335	  E	  0.0	  0.1	0.000	0.000	0.000
336	  P	  0.0	  0.1	0.000	0.000	0.000
337	  E	  0.3	  0.1	0.000	0.000	0.000
338	  E	  0.3	  0.1	0.000	0.000	0.000
339	  K	  0.3	  0.2	0.000	0.000	0.000
340	  P	  0.0	  0.2	0.000	0.000	0.000
341	  K	  0.4	  0.2	0.000	0.000	0.000
342	  E	  0.4	  0.2	0.000	0.000	0.000
343	  E	  0.4	  0.2	0.000	0.000	0.000
344	  P	  0.0	  0.4	0.000	0.000	0.000
345	  K	  0.1	  0.5	0.000	0.000	0.000
346	  D	  0.0	  5.7	0.000	0.000	0.000
347	  E	  0.1	  5.9	0.000	0.000	0.000
348	  D	  0.0	  6.4	0.000	0.000	0.000
349	  D	  0.0	  7.1	0.000	0.000	0.000
350	  G	  0.0	  1.9	0.000	0.000	0.000
351	  D	  0.0	  1.7	0.282	0.000	0.000
352	  E	  0.0	  0.9	0.282	0.000	0.000
353	  E	  0.0	  0.2	0.282	0.000	0.000
354	  E	  2.9	  0.2	0.282	0.000	0.000
355	  F	  5.3	  0.0	0.282	0.000	0.000
356	  K	 12.0	  0.0	0.282	0.000	0.000
357	  V	  9.9	  0.1	0.103	0.000	0.000
358	  E	  7.6	  0.1	0.103	0.000	0.000
359	  D	  0.8	  1.8	0.000	0.000	0.000
360	  L	  0.2	  2.0	0.000	0.000	0.000
361	  D	  0.2	  9.3	0.000	0.000	0.000
362	  D	  0.1	  9.7	0.000	0.000	0.000
363	  D	  0.0	  8.0	0.000	0.000	0.000
364	  G	  0.0	  7.8	0.000	0.000	0.000
365	  V	  0.0	  0.5	0.000	0.000	0.000
366	  P	  0.0	  1.3	0.000	0.000	0.000
367	  E	  0.0	  1.9	0.000	0.000	0.000
368	  D	  0.0	  1.9	0.000	0.000	0.000
369	  G	  0.0	  1.8	0.000	0.000	0.000
370	  V	  1.5	  0.7	0.000	0.000	0.000
371	  K	  1.7	  0.1	0.000	0.000	0.000
372	  D	  2.3	  1.0	0.000	0.000	0.000
373	  V	  1.2	  1.1	0.000	0.000	0.000
374	  D	  1.0	  1.0	0.000	0.000	0.000
375	  D	  2.7	  1.0	0.000	0.000	0.000
376	  V	  3.2	  0.3	0.000	0.000	0.000
377	  E	  3.1	  0.5	0.000	0.000	0.000
378	  D	  0.9	  1.3	0.000	0.000	0.000
379	  D	  0.0	  1.4	0.000	0.000	0.000
380	  G	  0.0	  1.2	0.000	0.000	0.000
381	  A	  0.2	  0.9	0.000	0.000	0.000
382	  Y	  0.9	  0.2	0.000	0.000	0.000
383	  E	  0.9	  0.3	0.000	0.000	0.000
384	  E	  0.7	  0.3	0.000	0.000	0.000
385	  D	  0.0	  1.5	0.000	0.000	0.000
386	  A	  0.0	  1.5	0.000	0.000	0.000
387	  G	  0.0	  1.4	0.000	0.000	0.000
388	  E	  0.0	  1.4	0.000	0.000	0.000
389	  E	  0.1	  0.2	0.000	0.000	0.000
390	  V	  0.2	  0.2	0.000	0.000	0.000
391	  G	  0.2	  0.2	0.000	0.000	0.000
392	  E	  0.1	  0.2	0.000	0.000	0.000
393	  E	  0.0	  0.3	0.000	0.000	0.000
394	  E	  0.0	  0.2	0.000	0.000	0.000
395	  E	  0.0	  0.2	0.000	0.000	0.000
396	  E	  0.0	  0.3	0.000	0.000	0.000
397	  E	  0.1	  0.3	0.000	0.000	0.000
398	  D	  1.5	  0.3	0.000	0.000	0.000
399	  F	  2.2	  0.3	0.000	0.000	0.000
400	  E	  2.1	  0.1	0.000	0.000	0.000
401	  E	  0.7	  0.3	0.000	0.000	0.000
402	  E	  0.1	  0.4	0.000	0.000	0.000
403	  N	  0.1	  0.4	0.000	0.000	0.000
404	  D	  0.0	  2.0	0.000	0.000	0.000
405	  E	  0.0	  1.8	0.000	0.000	0.000
406	  D	  0.1	  1.8	0.000	0.000	0.000
407	  V	  0.1	  2.1	0.000	0.000	0.000
408	  P	  0.1	  0.4	0.000	0.000	0.000
409	  D	  1.3	  0.4	0.000	0.000	0.000
410	  V	  2.8	  0.4	0.000	0.000	0.000
411	  K	  3.0	  0.1	0.000	0.000	0.000
412	  E	  1.7	  0.1	0.000	0.000	0.000
413	  E	  2.3	  0.1	0.000	0.000	0.000
414	  V	  2.6	  0.1	0.000	0.000	0.000
415	  E	  2.6	  0.0	0.000	0.000	0.000
416	  E	  1.3	  0.0	0.000	0.000	0.000
417	  I	  1.0	  0.1	0.000	0.000	0.000
418	  E	  1.0	  0.2	0.000	0.000	0.000
419	  E	  0.2	  0.2	0.000	0.000	0.000
420	  D	  0.0	  0.4	0.000	0.000	0.000
421	  E	  0.0	  0.5	0.000	0.000	0.000
422	  E	  0.0	  0.5	0.000	0.000	0.000
423	  E	  0.0	  0.7	0.000	0.000	0.000
424	  G	  0.0	  1.2	0.000	0.000	0.000
425	  G	  0.0	  1.1	0.000	0.000	0.000
426	  D	  0.0	  0.9	0.000	0.000	0.000
427	  E	  0.0	  1.0	0.000	0.000	0.000
428	  P	  0.0	  0.5	0.000	0.000	0.000
429	  G	  0.0	  0.5	0.000	0.000	0.000
430	  N	  3.8	  0.5	0.000	0.000	0.000
431	  V	 21.4	  0.2	0.000	0.000	0.000
432	  E	 21.8	  0.0	0.000	0.000	0.000
433	  V	 21.7	  0.0	0.000	0.000	0.000
434	  V	  4.5	  0.1	0.000	0.000	0.000
435	  E	  3.8	  0.1	0.000	0.000	0.000
436	  D	  0.7	  0.1	0.000	0.000	0.000
437	  E	  0.0	  0.1	0.000	0.000	0.000
438	  N	  0.0	  3.5	0.000	0.000	0.000
439	  P	  0.0	  3.6	0.000	0.000	0.000
440	  G	  0.0	  4.0	0.000	0.000	0.000
441	  E	  0.0	  4.0	0.000	0.000	0.000
442	  D	  0.0	  0.5	0.000	0.000	0.000
443	  E	  0.1	  0.4	0.000	0.000	0.000
444	  V	  0.2	  0.2	0.000	0.000	0.000
445	  G	  0.2	  0.8	0.000	0.000	0.000
446	  E	  0.1	  0.9	0.000	0.000	0.000
447	  D	  0.0	  1.0	0.000	0.000	0.000
448	  D	  0.1	  2.7	0.000	0.000	0.000
449	  L	  0.2	  2.2	0.000	0.000	0.000
450	  D	  0.2	  2.3	0.707	0.000	0.000
451	  D	  0.1	  3.7	2.713	0.000	0.000
452	  E	  0.0	  1.8	2.713	0.000	0.000
453	  D	  1.3	  1.7	3.288	0.000	0.000
454	  V	  3.3	  1.6	3.421	0.000	0.000
455	  K	  3.6	  0.0	3.421	0.000	0.000
456	  A	  2.4	  0.0	3.202	0.000	0.000
457	  E	  0.4	  0.0	2.837	0.000	0.000
458	  A	  0.1	  0.1	1.578	0.000	0.000
459	  E	  0.0	  0.2	1.428	0.000	0.000
460	  E	  0.0	  0.2	0.971	0.000	0.000
461	  L	  0.1	  0.2	0.576	0.000	0.000
462	  G	  0.1	  0.1	0.576	0.000	0.000
463	  V	  0.7	  0.0	0.000	0.000	0.000
464	  E	  0.6	  0.1	0.000	0.000	0.000
465	  E	  0.6	  0.1	0.000	0.000	0.000
466	  E	  0.0	  0.1	0.000	0.000	0.000
467	  E	  0.0	  0.1	0.000	0.000	0.000
468	  E	  0.0	  0.0	0.000	0.000	0.000
469	  P	  0.0	  0.4	0.000	0.000	0.000
470	  P	  0.0	  1.0	0.000	0.000	0.000
471	  A	  0.0	  1.3	0.000	0.000	0.000
472	  G	  0.0	  1.4	0.000	0.000	0.000
473	  S	  0.7	  1.1	0.137	0.000	0.000
474	  K	  0.9	  0.5	0.137	0.000	0.000
475	  R	  1.1	  0.3	0.137	0.000	0.000
476	  S	  2.7	  1.1	0.137	0.000	0.000
477	  K	  3.0	  1.1	0.137	0.000	0.000
478	  S	  2.9	  1.1	0.137	0.000	0.000
479	  K	  0.6	  1.3	0.000	0.000	0.000
480	  A	  0.1	  1.0	0.000	0.000	0.000
481	  G	  0.1	  0.9	0.000	0.000	0.000
482	  N	  0.0	  0.8	0.000	0.000	0.000
483	  Q	  0.0	  0.8	0.000	0.000	0.000
484	  P	  0.0	  0.4	0.000	0.000	0.000
485	  K	  0.1	  0.6	0.000	0.000	0.000
486	  R	  0.1	  0.7	0.000	0.000	0.000
487	  G	  0.1	  0.5	0.000	0.000	0.000
488	  K	  0.0	  0.3	0.000	0.000	0.000
489	  R	  0.0	  0.0	0.000	0.000	0.000
