res	aa	Beta	Turn	Helix	Aggregation	Conc-Stab_Aggregation
01	  M	  1.0	  0.0	0.000	0.000	0.000
02	  K	  1.6	  0.0	0.000	0.000	0.000
03	  F	  4.6	  0.1	0.000	22.188	22.188
04	  S	  4.0	  0.1	1.132	24.749	24.749
05	  L	  5.2	  0.1	1.132	68.341	68.341
06	  V	  3.3	  0.1	1.132	69.412	69.412
07	  L	  3.2	  0.0	1.132	69.412	69.412
08	  A	  1.6	  0.0	1.132	66.463	66.463
09	  L	  0.8	  0.1	1.132	63.622	63.622
10	  S	  0.6	  0.2	1.054	10.000	10.000
11	  S	  0.5	  0.2	0.788	2.475	2.475
12	  A	  0.3	  0.3	0.619	1.563	1.563
13	  A	  0.3	  0.3	0.619	0.790	0.790
14	  S	  0.3	  0.2	0.619	0.135	0.135
15	  A	  0.3	  0.3	0.619	0.082	0.082
16	  A	  0.2	  0.1	0.506	0.038	0.038
17	  S	  0.6	  0.1	0.350	0.000	0.000
18	  T	 13.0	  0.1	0.000	0.000	0.000
19	  W	 18.0	  0.0	0.000	0.000	0.000
20	  T	 28.5	  0.0	0.000	0.000	0.000
21	  W	 18.1	  0.0	0.000	0.000	0.000
22	  T	 12.8	  0.0	0.000	0.000	0.000
23	  R	  2.3	  0.0	0.000	0.000	0.000
24	  T	 10.3	  0.0	0.000	0.000	0.000
25	  V	 11.5	  0.1	0.000	0.000	0.000
26	  T	 11.1	  0.2	0.000	0.000	0.000
27	  N	  1.8	  0.3	0.000	0.000	0.000
28	  N	  0.1	  0.3	0.000	0.000	0.000
29	  G	  0.1	  0.3	0.000	0.000	0.000
30	  M	  4.1	  0.1	0.000	0.000	0.000
31	  T	 22.6	  0.0	0.000	0.000	0.000
32	  Y	 25.8	  0.0	0.000	0.000	0.000
33	  T	 23.2	  0.2	0.000	0.000	0.000
34	  K	  5.0	  0.3	0.000	0.000	0.000
35	  T	  1.3	  0.4	0.262	0.000	0.000
36	  G	  0.1	  0.4	0.262	0.000	0.000
37	  A	  0.0	  0.2	0.262	0.000	0.000
38	  E	  0.1	  0.2	0.262	0.000	0.000
39	  E	  2.5	  0.1	0.262	0.000	0.000
40	  Y	  3.9	  0.2	0.262	0.000	0.000
41	  T	  3.9	  0.2	0.000	0.000	0.000
42	  G	  1.6	  0.2	0.171	0.000	0.000
43	  Q	  0.3	  0.2	0.171	0.000	0.000
44	  A	  0.4	  0.1	0.171	0.000	0.000
45	  T	  1.1	  0.0	0.171	0.000	0.000
46	  T	  0.9	  0.0	0.171	0.000	0.000
47	  E	  0.8	  0.2	0.171	0.000	0.000
48	  P	  0.1	  0.3	0.000	0.000	0.000
49	  T	  0.1	  0.4	0.000	0.000	0.000
50	  S	  0.1	  0.5	0.000	0.000	0.000
51	  G	  0.1	  0.4	0.000	0.000	0.000
52	  T	 10.6	  0.2	0.000	0.000	0.000
53	  V	 12.0	  0.1	0.000	0.000	0.000
54	  T	 13.3	  0.0	0.000	0.000	0.000
55	  T	  4.0	  0.0	0.000	0.000	0.000
56	  T	  4.6	  0.0	0.000	0.000	0.000
57	  H	  6.2	  0.0	0.000	0.000	0.000
58	  T	 15.7	  0.0	0.000	0.000	0.000
59	  I	 13.9	  0.0	0.000	0.000	0.000
60	  K	 11.1	  0.1	0.000	0.000	0.000
61	  K	  0.5	  0.4	0.000	0.000	0.000
62	  S	  0.1	  0.4	0.000	0.000	0.000
63	  D	  0.2	  0.4	0.000	0.000	0.000
64	  M	  4.2	  0.3	0.000	0.000	0.000
65	  T	 22.2	  0.0	0.000	0.000	0.000
66	  Y	 25.3	  0.0	0.000	0.000	0.000
67	  T	 22.7	  0.1	0.000	0.000	0.000
68	  K	  5.0	  0.1	0.000	0.000	0.000
69	  T	  3.7	  0.1	0.000	0.000	0.000
70	  M	  2.9	  0.1	0.000	0.000	0.000
71	  T	  3.3	  0.1	0.000	0.000	0.000
72	  N	  3.9	  0.1	0.000	0.000	0.000
73	  T	  4.5	  0.2	0.000	0.000	0.000
74	  Y	  4.1	  0.3	0.000	0.000	0.000
75	  G	  1.1	  0.3	0.000	0.000	0.000
76	  Q	  0.3	  0.3	0.000	0.000	0.000
77	  A	  0.3	  0.1	0.000	1.336	1.336
78	  T	  1.2	  0.0	0.000	2.876	2.876
79	  T	 12.1	  0.0	0.000	5.438	5.438
80	  I	 15.0	  0.0	0.000	9.694	9.694
81	  T	 15.2	  0.0	0.000	10.000	10.000
82	  T	  6.7	  0.0	0.000	10.388	10.388
83	  H	  5.4	  0.0	0.000	10.493	10.493
84	  Y	  6.2	  0.0	0.000	10.493	10.493
85	  V	  8.0	  0.0	0.000	10.493	10.493
86	  V	  6.7	  0.0	0.000	9.915	9.915
87	  S	  4.7	  0.2	0.000	1.107	1.107
88	  G	  0.6	  1.3	0.000	0.000	0.000
89	  P	  0.0	  1.2	0.000	0.000	0.000
90	  D	  0.0	  1.4	0.000	0.000	0.000
91	  A	  0.7	  1.2	0.000	0.000	0.000
92	  T	 19.9	  0.1	0.000	0.000	0.000
93	  Y	 24.8	  0.1	0.000	0.000	0.000
94	  T	 24.3	  0.0	0.000	0.000	0.000
95	  R	  6.0	  0.0	0.000	0.000	0.000
96	  P	  0.1	  0.0	0.000	0.000	0.000
97	  M	  0.9	  0.0	0.000	0.000	0.000
98	  T	  1.2	  0.0	0.000	0.000	0.000
99	  A	  1.3	  0.0	0.000	0.000	0.000
100	  A	  0.8	  0.0	0.000	0.000	0.000
101	  M	  0.7	  0.0	0.000	0.000	0.000
102	  H	  1.2	  0.1	0.000	0.000	0.000
103	  T	  1.2	  0.1	0.000	0.000	0.000
104	  T	  1.3	  0.1	0.000	0.000	0.000
105	  E	  3.5	  0.1	0.000	0.000	0.000
106	  V	  4.5	  0.2	0.000	0.374	0.374
107	  S	  4.4	  0.2	0.000	0.374	0.374
108	  S	  2.1	  0.2	0.000	0.374	0.374
109	  F	  1.7	  0.2	0.000	0.374	0.374
110	  L	  1.7	  0.2	0.000	0.374	0.374
111	  S	  1.4	  0.3	0.000	0.000	0.000
112	  S	  1.8	  0.5	0.000	0.000	0.000
113	  H	  1.6	  0.7	0.000	0.000	0.000
114	  S	  1.6	  0.7	0.000	0.000	0.000
115	  S	  0.4	  0.6	0.000	0.000	0.000
116	  H	  1.0	  0.5	0.000	0.000	0.000
117	  L	  1.4	  0.3	0.000	0.000	0.000
118	  S	  1.3	  0.2	3.055	0.000	0.000
119	  A	  0.8	  0.3	3.172	0.000	0.000
120	  A	  0.3	  0.2	3.287	0.000	0.000
121	  S	  0.3	  0.2	5.528	0.000	0.000
122	  A	  0.3	  0.2	5.528	0.000	0.000
123	  A	  0.2	  0.0	5.528	0.000	0.000
124	  A	  0.1	  0.3	5.070	0.000	0.000
125	  K	  0.1	  0.3	4.559	0.000	0.000
126	  D	  0.1	  2.5	2.892	0.000	0.000
127	  A	  0.3	  2.6	2.131	0.000	0.000
128	  S	  1.2	  2.3	1.877	0.000	0.000
129	  K	  1.2	  2.3	1.156	0.000	0.000
130	  N	  1.0	  0.1	0.477	0.000	0.000
131	  P	  0.0	  0.0	0.000	0.000	0.000
132	  K	  0.0	  0.3	0.000	0.000	0.000
133	  P	  0.0	  0.5	0.000	0.000	0.000
134	  S	  0.9	  1.3	0.000	0.000	0.000
135	  S	  1.7	  2.2	0.000	0.000	0.000
136	  S	  1.8	  1.9	0.000	0.000	0.000
137	  S	  3.9	  2.9	0.000	0.000	0.000
138	  A	  3.1	  2.4	0.000	0.000	0.000
139	  S	  3.1	  1.7	0.000	0.000	0.000
140	  S	  0.3	  2.1	0.000	0.000	0.000
141	  G	  0.1	  1.1	0.000	0.000	0.000
142	  T	  0.5	  0.8	0.000	0.000	0.000
143	  S	  1.1	  0.7	0.000	0.000	0.000
144	  A	  1.3	  0.3	0.000	0.000	0.000
145	  T	  2.2	  0.6	0.000	0.000	0.000
146	  S	  1.5	  1.1	0.000	0.000	0.000
147	  S	  1.6	  2.2	0.000	0.000	0.000
148	  G	  0.3	  2.3	0.000	0.000	0.000
149	  S	  1.1	  2.7	0.000	0.000	0.000
150	  S	  1.7	  3.1	0.000	0.000	0.000
151	  S	  1.8	  2.2	0.000	0.000	0.000
152	  S	  1.0	  2.7	0.000	0.000	0.000
153	  K	  0.2	  2.1	0.000	0.000	0.000
154	  G	  0.1	  1.7	0.225	0.000	0.000
155	  A	  0.0	  1.5	0.225	0.000	0.000
156	  G	  0.1	  0.8	0.650	0.000	0.000
157	  A	  0.2	  0.6	0.650	0.000	0.000
158	  A	  0.2	  0.1	0.650	0.000	0.000
159	  L	  0.9	  0.1	0.650	0.000	0.000
160	  E	  0.8	  0.1	0.956	0.000	0.000
161	  Y	  0.9	  0.5	0.956	0.000	0.000
162	  G	  0.2	  0.5	0.306	0.000	0.000
163	  A	  0.5	  0.3	0.306	0.000	0.000
164	  K	  0.7	  0.3	0.306	0.000	0.000
165	  V	  0.8	  0.6	0.306	38.288	38.288
166	  G	  0.5	  0.8	0.306	41.416	41.416
167	  A	  0.2	  0.9	0.141	48.206	48.206
168	  F	  0.3	  1.0	0.141	55.940	55.940
169	  G	  0.5	  0.3	0.791	56.468	56.468
170	  V	  1.6	  0.2	0.791	62.736	62.736
171	  A	  1.5	  0.0	0.791	63.095	63.095
172	  A	  1.4	  0.0	0.791	62.757	62.757
173	  A	  0.4	  0.0	0.791	62.237	62.237
174	  L	  1.3	  0.0	0.791	61.797	61.797
175	  L	  1.2	  0.0	0.502	57.839	57.839
176	  L	  0.9	  0.0	0.158	0.000	0.000
