res	aa	Beta	Turn	Helix	Aggregation	Conc-Stab_Aggregation
01	  M	  1.6	  0.0	0.000	0.000	0.000
02	  K	  1.9	  0.0	0.000	0.000	0.000
03	  L	  2.3	  0.0	0.000	10.464	10.464
04	  L	  0.8	  0.1	0.000	13.483	13.483
05	  S	  1.0	  0.0	0.693	14.693	14.693
06	  T	  4.2	  0.0	2.194	24.798	24.798
07	  V	  5.0	  0.0	2.613	41.422	41.422
08	  A	  4.7	  0.0	3.710	42.524	42.524
09	  T	  1.4	  0.0	7.588	43.827	43.827
10	  A	  0.5	  0.0	7.736	45.542	45.542
11	  A	  0.6	  0.0	7.857	45.439	45.439
12	  L	  1.2	  0.0	7.857	45.143	45.143
13	  L	  1.2	  0.0	7.982	43.181	43.181
14	  L	  1.1	  0.0	7.987	31.452	31.452
15	  Q	  0.4	  0.1	6.953	1.226	1.226
16	  K	  0.3	  0.1	4.285	0.000	0.000
17	  A	  0.3	  0.1	1.865	0.000	0.000
18	  R	  0.6	  0.1	1.498	0.000	0.000
19	  S	  1.9	  0.1	0.538	0.180	0.180
20	  L	  5.3	  0.1	0.110	0.180	0.180
21	  T	 16.1	  0.0	0.000	0.180	0.180
22	  I	 15.3	  0.0	0.000	0.180	0.180
23	  T	 12.0	  0.2	0.000	0.180	0.180
24	  E	  0.7	  0.2	0.000	0.000	0.000
25	  D	  0.5	  0.2	0.088	0.000	0.000
26	  T	  4.1	  0.2	0.088	0.000	0.000
27	  V	 10.4	  0.0	0.088	0.000	0.000
28	  L	 11.1	  0.0	0.088	0.000	0.000
29	  V	  7.9	  0.0	0.088	0.000	0.000
30	  S	  1.6	  0.0	0.207	0.000	0.000
31	  P	  0.3	  0.0	0.119	0.000	0.000
32	  V	  3.4	  0.0	0.119	0.000	0.000
33	  N	  3.8	  0.0	0.119	0.000	0.000
34	  L	  5.1	  0.0	0.119	0.000	0.000
35	  E	  1.8	  0.0	0.299	0.000	0.000
36	  I	  1.4	  0.2	0.180	0.000	0.000
37	  G	  0.1	  0.3	2.120	0.000	0.000
38	  E	  0.9	  0.3	2.120	0.000	0.000
39	  L	  4.4	  0.3	2.120	0.000	0.000
40	  N	  6.9	  0.1	2.120	0.000	0.000
41	  I	  6.3	  0.0	2.120	0.000	0.000
42	  N	  2.9	  1.1	2.120	0.000	0.000
43	  P	  0.3	  1.1	0.000	0.084	0.084
44	  G	  0.0	  1.1	0.000	7.167	7.167
45	  V	  2.0	  1.1	0.000	85.801	85.801
46	  Y	  4.2	  0.0	0.000	92.217	92.217
47	  F	  7.3	  0.0	0.000	93.767	93.767
48	  S	  6.0	  0.0	0.000	93.883	93.883
49	  I	  4.8	  0.1	0.000	94.835	94.835
50	  V	  2.2	  0.1	0.000	93.928	93.928
51	  N	  1.6	  0.0	0.000	81.091	81.091
52	  N	  0.8	  0.0	0.897	80.747	80.747
53	  V	  1.8	  0.0	0.897	84.806	84.806
54	  L	  5.1	  0.0	0.897	84.584	84.584
55	  T	  8.5	  0.0	0.897	83.129	83.129
56	  V	  7.6	  0.0	0.897	82.254	82.254
57	  L	  4.1	  0.3	0.897	71.600	71.600
58	  G	  0.5	  1.2	0.616	6.549	6.549
59	  G	  0.0	  1.2	0.438	0.664	0.664
60	  N	  0.3	  2.4	0.000	0.137	0.137
61	  L	  0.4	  2.1	0.000	0.121	0.121
62	  N	  0.4	  3.5	0.000	0.000	0.000
63	  N	  0.1	  4.0	0.000	0.000	0.000
64	  D	  0.0	  2.9	0.000	0.000	0.000
65	  G	  0.0	  2.8	0.000	1.445	1.445
66	  A	  0.3	  0.6	0.000	8.730	8.730
67	  F	  1.6	  0.1	0.000	12.472	12.472
68	  Y	  2.4	  0.0	0.000	12.572	12.572
69	  V	  4.8	  0.0	0.000	12.572	12.572
70	  T	  4.2	  0.1	0.000	11.668	11.668
71	  S	  4.0	  1.6	0.000	5.056	5.056
72	  T	  1.4	  2.1	0.102	2.173	2.173
73	  N	  0.6	  2.1	0.237	0.343	0.343
74	  G	  0.1	  2.0	0.237	0.727	0.727
75	  L	  0.1	  0.5	0.237	6.024	6.024
76	  A	  0.2	  0.1	0.237	6.780	6.780
77	  A	  0.6	  0.1	0.237	7.684	7.684
78	  S	  3.9	  0.1	0.237	8.176	8.176
79	  V	 13.0	  0.1	0.000	8.968	8.968
80	  T	 15.1	  0.0	0.000	8.626	8.626
81	  I	 12.8	  0.2	0.000	8.420	8.420
82	  A	  3.6	  0.5	0.000	4.775	4.775
83	  S	  1.2	  0.8	0.000	1.193	1.193
84	  G	  0.3	  0.8	0.000	0.452	0.452
85	  S	  0.8	  0.6	0.146	0.452	0.452
86	  I	  1.6	  0.3	0.146	0.452	0.452
87	  I	  2.1	  0.0	0.146	0.452	0.452
88	  N	  1.6	  0.4	2.171	0.000	0.000
89	  R	  0.7	  1.0	2.171	0.000	0.000
90	  G	  0.1	  1.0	2.171	0.000	0.000
91	  D	  0.1	  1.0	2.025	0.000	0.000
92	  L	  0.2	  0.6	2.025	0.257	0.257
93	  A	  0.5	  0.1	2.025	0.257	0.257
94	  F	  1.8	  0.1	2.025	0.257	0.257
95	  N	  1.5	  0.2	0.470	0.257	0.257
96	  S	  1.8	  0.2	0.307	0.257	0.257
97	  L	  0.8	  0.2	0.307	0.257	0.257
98	  K	  0.8	  0.3	0.307	0.000	0.000
99	  A	  0.5	  0.2	0.307	0.000	0.000
100	  N	  3.4	  0.2	0.595	0.000	0.000
101	  V	  7.3	  0.2	0.288	2.815	2.815
102	  I	  7.7	  0.1	0.288	2.815	2.815
103	  T	  5.1	  0.1	0.288	2.815	2.815
104	  N	  1.9	  0.2	0.288	2.815	2.815
105	  F	  3.0	  0.3	0.288	2.815	2.815
106	  N	  2.7	  1.2	0.116	0.251	0.251
107	  L	  2.1	  1.3	0.116	0.251	0.251
108	  D	  0.6	  1.1	0.116	0.000	0.000
109	  S	  0.6	  1.2	0.116	0.000	0.000
110	  V	  0.4	  0.6	0.116	0.000	0.000
111	  G	  0.3	  0.6	0.116	0.000	0.000
112	  T	 30.2	  0.6	0.000	0.000	0.000
113	  F	 30.4	  0.6	0.000	0.000	0.000
114	  S	 30.4	  0.2	0.000	0.000	0.000
115	  N	  0.4	  0.3	0.000	0.000	0.000
116	  T	  0.0	  1.6	0.000	0.000	0.000
117	  G	  0.0	  1.5	0.000	0.000	0.000
118	  N	  0.5	  1.4	0.000	0.000	0.000
119	  M	  1.1	  1.3	0.000	0.000	0.000
120	  W	  1.1	  0.2	0.000	0.000	0.000
121	  L	  0.8	  0.2	0.000	0.000	0.000
122	  G	  0.2	  0.2	0.000	0.000	0.000
123	  V	  0.1	  0.2	0.000	0.000	0.000
124	  P	  0.0	  0.0	0.000	0.000	0.000
125	  I	  1.1	  0.0	0.000	0.000	0.000
126	  F	  5.0	  0.1	0.000	0.000	0.000
127	  S	  5.4	  0.1	0.000	0.000	0.000
128	  A	  4.3	  0.1	0.000	0.000	0.000
129	  V	  0.5	  0.1	0.000	0.000	0.000
130	  P	  0.0	  0.0	0.000	0.000	0.000
131	  P	  0.0	  0.0	0.000	0.000	0.000
132	  I	  5.9	  0.0	0.000	1.761	1.761
133	  I	  7.0	  0.0	0.000	1.761	1.761
134	  L	  7.0	  0.3	0.000	1.761	1.761
135	  G	  1.3	  0.3	0.000	1.761	1.761
136	  S	  0.2	  0.3	0.133	1.761	1.761
137	  A	  0.3	  0.4	0.133	1.243	1.243
138	  L	  1.2	  0.2	0.133	1.059	1.059
139	  D	  2.1	  0.1	0.513	0.000	0.000
140	  W	  2.5	  0.4	0.513	0.000	0.000
141	  E	  1.6	  0.3	0.513	0.000	0.000
142	  N	  0.6	  0.8	1.248	0.000	0.000
143	  K	  0.1	  0.8	1.248	0.000	0.000
144	  G	  0.0	  0.5	1.577	0.274	0.274
145	  M	  0.6	  0.5	1.407	0.274	0.274
146	  I	  2.0	  0.0	1.197	0.274	0.274
147	  Y	  3.0	  0.0	1.197	0.274	0.274
148	  L	  2.6	  0.0	1.197	0.274	0.274
149	  R	  1.5	  0.1	1.082	0.000	0.000
150	  Q	  0.6	  0.2	0.788	0.000	0.000
151	  E	  0.3	  0.2	0.234	0.000	0.000
152	  L	  0.1	  0.7	0.107	0.000	0.000
153	  G	  0.0	  0.8	0.107	0.000	0.000
154	  G	  0.0	  0.7	0.000	0.000	0.000
155	  A	  0.1	  0.7	0.000	0.000	0.000
156	  S	  0.0	  0.2	0.365	0.000	0.000
157	  P	  0.0	  0.0	0.365	0.000	0.000
158	  I	 12.9	  0.0	0.365	2.741	2.741
159	  T	 24.5	  0.0	0.465	2.887	2.887
160	  I	 25.3	  0.0	0.465	3.131	3.131
161	  S	 13.9	  0.0	0.465	3.131	3.131
162	  Q	  1.5	  0.0	0.202	3.131	3.131
163	  V	  1.0	  0.0	0.101	4.613	4.613
164	  L	  0.9	  0.1	0.101	4.320	4.320
165	  G	  0.5	  0.1	0.101	2.246	2.246
166	  A	  0.3	  0.1	0.101	2.094	2.094
167	  I	  0.3	  0.2	0.000	2.094	2.094
168	  D	  0.3	  1.5	0.000	0.000	0.000
169	  N	  0.1	  1.8	0.000	0.000	0.000
170	  S	  0.1	  1.9	0.000	0.000	0.000
171	  G	  0.1	  1.8	0.000	0.199	0.199
172	  T	  2.4	  0.5	0.000	0.199	0.199
173	  I	  4.0	  0.1	0.000	0.199	0.199
174	  C	  6.7	  0.0	0.697	0.199	0.199
175	  I	  5.8	  0.0	0.697	0.199	0.199
176	  E	  4.2	  0.0	0.697	0.000	0.000
177	  R	  3.8	  0.0	0.697	0.000	0.000
178	  L	  3.8	  0.0	0.697	0.000	0.000
179	  N	  3.8	  0.0	0.697	0.000	0.000
180	  W	  1.9	  0.0	0.431	0.152	0.152
181	  L	  0.5	  0.0	0.182	0.152	0.152
182	  Q	  0.6	  0.0	0.182	0.152	0.152
183	  T	  1.8	  0.1	0.000	0.152	0.152
184	  T	  2.7	  0.1	0.000	0.152	0.152
185	  T	  7.7	  0.2	0.000	0.152	0.152
186	  I	  7.0	  2.4	0.000	0.152	0.152
187	  N	  6.0	  2.7	0.000	0.000	0.000
188	  G	  0.9	  3.4	0.000	0.000	0.000
189	  A	  0.0	  3.3	0.000	0.000	0.000
190	  G	  0.0	  1.1	0.000	0.000	0.000
191	  C	  1.5	  0.8	0.000	0.000	0.000
192	  V	 13.5	  0.1	0.000	0.000	0.000
193	  N	 14.6	  0.0	0.000	0.000	0.000
194	  V	 14.2	  0.0	0.000	0.000	0.000
195	  Q	  2.4	  0.8	0.000	0.000	0.000
196	  A	  1.0	  1.1	0.000	0.000	0.000
197	  D	  0.0	  1.1	0.000	0.000	0.000
198	  G	  0.0	  1.1	0.000	0.000	0.000
199	  H	  0.6	  0.3	0.000	0.000	0.000
200	  L	  2.0	  0.1	0.000	0.000	0.000
201	  Q	  3.1	  0.0	0.000	0.000	0.000
202	  L	  4.0	  0.0	0.000	0.000	0.000
203	  Q	  4.1	  0.0	0.000	0.000	0.000
204	  I	  3.3	  0.0	0.000	0.000	0.000
205	  S	  1.8	  0.2	0.000	0.000	0.000
206	  P	  0.2	  0.2	0.000	0.000	0.000
207	  W	  2.9	  0.2	0.000	0.000	0.000
208	  S	  3.2	  0.4	0.000	0.000	0.000
209	  V	  3.3	  0.4	0.000	0.000	0.000
210	  G	  0.4	  0.8	0.000	0.000	0.000
211	  E	  0.1	  0.8	0.000	0.000	0.000
212	  D	  0.1	  0.6	0.133	0.000	0.000
213	  Q	  0.2	  0.5	0.133	0.000	0.000
214	  T	  2.8	  0.1	0.133	0.450	0.450
215	  I	  4.1	  0.1	0.133	0.450	0.450
216	  Y	  4.9	  0.0	0.133	0.450	0.450
217	  L	  2.6	  0.0	0.133	0.450	0.450
218	  S	  1.3	  0.0	0.133	0.450	0.450
219	  T	  0.4	  0.3	0.000	0.000	0.000
220	  P	  0.1	  0.3	0.000	0.000	0.000
221	  T	  0.4	  0.4	0.000	0.189	0.189
222	  S	  0.5	  0.4	0.000	0.503	0.503
223	  A	  0.8	  0.1	0.000	3.553	3.553
224	  L	  2.2	  0.0	0.000	4.310	4.310
225	  S	  2.6	  0.0	0.000	4.422	4.422
226	  V	  3.0	  0.0	0.000	4.422	4.422
227	  L	  1.2	  0.0	0.000	4.422	4.422
228	  G	  0.7	  0.0	0.000	1.415	1.415
229	  L	  0.2	  0.0	0.000	1.303	1.303
230	  E	  0.1	  0.3	0.000	0.000	0.000
231	  P	  0.1	  0.3	0.000	0.000	0.000
232	  S	  0.2	  0.3	0.000	0.000	0.000
233	  L	  0.3	  0.3	0.000	0.000	0.000
234	  L	  0.3	  0.1	0.000	0.000	0.000
235	  G	  0.1	  0.1	0.131	0.000	0.000
236	  T	  1.3	  0.2	0.131	0.000	0.000
237	  K	  1.9	  0.2	0.131	0.000	0.000
238	  T	 10.6	  0.1	0.131	0.673	0.673
239	  Y	 14.1	  0.1	0.131	1.268	1.268
240	  N	 15.3	  0.0	0.131	1.666	1.666
241	  V	  7.9	  0.1	0.000	2.552	2.552
242	  V	  2.9	  0.1	0.000	2.552	2.552
243	  G	  1.0	  0.3	0.000	2.237	2.237
244	  F	  0.2	  0.8	0.000	2.237	2.237
245	  G	  0.1	  0.8	0.000	0.886	0.886
246	  G	  0.1	  2.8	0.000	0.000	0.000
247	  G	  0.0	  2.7	0.000	0.000	0.000
248	  N	  1.2	  2.2	0.000	0.000	0.000
249	  T	  1.6	  2.0	0.185	0.115	0.115
250	  I	  1.8	  0.2	0.185	0.583	0.583
251	  G	  0.9	  0.2	0.185	0.583	0.583
252	  I	  4.5	  0.2	0.185	0.771	0.771
253	  N	  4.3	  0.3	0.185	0.771	0.771
254	  L	  4.1	  0.1	0.185	0.771	0.771
255	  G	  0.2	  0.1	0.185	0.607	0.607
256	  F	  2.0	  0.1	0.000	0.613	0.613
257	  T	  3.0	  0.0	0.000	0.119	0.119
258	  S	 19.6	  0.2	0.000	0.011	0.011
259	  Y	 22.9	  0.2	0.000	0.056	0.056
260	  S	 37.4	  0.6	0.000	0.068	0.068
261	  Y	 22.8	  0.7	0.000	0.179	0.179
262	  S	 17.7	  1.8	0.000	0.209	0.209
263	  G	  1.2	  1.9	0.000	0.467	0.467
264	  S	  0.3	  1.5	0.249	3.327	3.327
265	  T	  2.6	  1.3	0.249	26.163	26.163
266	  L	  4.7	  0.1	0.249	64.118	64.118
267	  T	  9.8	  0.0	0.397	70.700	70.700
268	  L	  9.3	  0.0	0.397	81.389	81.389
269	  S	  8.3	  0.0	0.397	82.997	82.997
270	  F	  4.1	  0.0	0.148	95.668	95.668
271	  F	  2.2	  0.2	0.148	96.465	96.465
272	  L	  1.3	  0.2	0.148	94.873	94.873
273	  G	  0.4	  0.2	0.148	84.252	84.252
274	  V	  1.2	  0.2	0.000	83.279	83.279
275	  F	  2.9	  0.0	0.000	77.380	77.380
276	  K	  4.3	  0.0	0.000	0.052	0.052
277	  I	  7.4	  0.0	0.000	0.069	0.069
278	  N	  6.4	  0.1	0.000	0.069	0.069
279	  F	  9.5	  0.1	0.000	0.069	0.069
280	  N	  5.4	  0.4	0.000	0.069	0.069
281	  I	  4.5	  0.8	0.000	0.069	0.069
282	  G	  0.1	  1.1	0.000	0.052	0.052
283	  E	  0.0	  1.1	0.000	0.052	0.052
284	  G	  0.1	  0.8	0.000	0.000	0.000
285	  Y	  3.6	  0.5	0.000	0.000	0.000
286	  S	  4.0	  7.5	0.000	0.000	0.000
287	  A	  3.9	  7.7	0.000	0.000	0.000
288	  D	  0.4	  7.7	0.000	0.000	0.000
289	  G	  0.1	  7.7	0.000	0.000	0.000
290	  F	  0.8	  0.3	0.000	0.000	0.000
291	  S	  1.4	  1.5	0.000	0.000	0.000
292	  T	  1.3	  1.5	0.000	0.000	0.000
293	  N	  0.6	  1.6	0.000	0.000	0.000
294	  G	  0.0	  2.6	0.000	0.000	0.000
295	  P	  0.0	  2.2	0.000	0.000	0.000
296	  G	  0.0	  2.3	0.000	0.000	0.000
297	  N	  0.0	  2.5	0.000	0.000	0.000
298	  S	  0.1	  1.6	0.000	0.000	0.000
299	  G	  0.1	  0.6	0.000	0.000	0.000
300	  T	  0.6	  0.5	0.000	0.000	0.000
301	  Q	  2.2	  0.2	0.000	0.000	0.000
302	  I	 17.3	  0.0	0.000	0.000	0.000
303	  T	 23.0	  0.2	0.000	0.000	0.000
304	  Y	 21.8	  0.2	0.000	0.000	0.000
305	  D	  7.1	  0.2	0.000	0.000	0.000
306	  G	  0.3	  0.2	0.000	0.000	0.000
307	  P	  0.0	  0.0	0.000	0.000	0.000
308	  Y	  0.0	  2.1	0.000	0.000	0.000
309	  P	  0.0	  2.1	0.000	0.000	0.000
310	  G	  0.0	  2.1	0.000	0.000	0.000
311	  S	  0.2	  2.1	0.000	0.000	0.000
312	  V	  0.2	  0.6	0.000	0.000	0.000
313	  P	  0.2	  0.6	0.000	0.000	0.000
314	  D	  0.1	  0.6	0.160	0.000	0.000
315	  K	  0.5	  0.6	0.160	0.000	0.000
316	  C	  1.7	  0.1	0.308	0.000	0.000
317	  L	  1.8	  0.1	0.308	0.000	0.000
318	  C	  1.5	  0.7	0.308	0.000	0.000
319	  K	  0.4	  0.7	0.308	0.000	0.000
320	  D	  0.3	  0.7	0.148	0.000	0.000
321	  F	  0.2	  0.7	0.148	0.000	0.000
322	  P	  0.1	  0.0	0.000	0.000	0.000
323	  T	  0.0	  0.0	0.000	0.000	0.000
324	  P	  0.0	  0.3	0.000	0.000	0.000
325	  P	  0.0	  0.3	0.000	0.000	0.000
326	  T	  0.0	  0.3	0.000	0.000	0.000
327	  E	  0.0	  0.5	0.000	0.000	0.000
328	  P	  0.0	  0.4	0.000	0.000	0.000
329	  S	  0.9	  1.2	0.000	0.000	0.000
330	  S	  1.7	  2.0	0.000	0.000	0.000
331	  S	  2.5	  2.6	0.000	0.000	0.000
332	  S	  2.5	  3.2	0.000	0.000	0.000
333	  S	  2.5	  3.2	0.000	0.000	0.000
334	  S	  2.5	  3.2	0.000	0.000	0.000
335	  S	  2.5	  3.3	0.000	0.000	0.000
336	  S	  1.9	  2.5	0.000	0.000	0.000
337	  S	  1.0	  1.7	0.000	0.000	0.000
338	  A	  0.2	  0.9	0.000	0.000	0.000
339	  P	  0.0	  0.5	0.000	0.000	0.000
340	  P	  0.0	  0.7	0.000	0.000	0.000
341	  S	  0.9	  1.7	0.000	0.000	0.000
342	  S	  1.1	  1.7	0.000	0.000	0.000
343	  S	  1.1	  1.1	0.000	0.000	0.000
344	  A	  0.3	  1.2	0.000	0.000	0.000
345	  P	  0.1	  0.4	0.000	0.000	0.000
346	  E	  0.1	  0.4	0.000	0.000	0.000
347	  S	  0.9	  1.1	0.000	0.000	0.000
348	  S	  1.2	  1.0	0.000	0.000	0.000
349	  S	  3.1	  1.1	0.000	0.000	0.000
350	  T	  2.4	  1.0	0.000	0.000	0.000
351	  S	  2.3	  1.3	0.000	0.000	0.000
352	  E	  0.4	  1.3	0.000	0.000	0.000
353	  S	  1.1	  1.9	0.000	0.000	0.000
354	  S	  1.8	  2.5	0.000	0.000	0.000
355	  S	  1.8	  1.7	0.000	0.000	0.000
356	  S	  1.1	  2.6	0.000	0.000	0.000
357	  E	  0.3	  1.8	0.000	0.000	0.000
358	  S	  1.1	  1.9	0.000	0.000	0.000
359	  S	  1.8	  2.6	0.000	0.000	0.000
360	  S	  2.6	  2.5	0.000	0.000	0.000
361	  S	  2.0	  2.4	0.000	0.000	0.000
362	  S	  1.1	  1.6	0.000	0.000	0.000
363	  E	  0.2	  0.8	0.000	0.000	0.000
364	  P	  0.0	  0.5	0.000	0.000	0.000
365	  P	  0.0	  0.7	0.000	0.000	0.000
366	  S	  0.1	  0.7	0.125	0.000	0.000
367	  S	  0.1	  0.9	0.125	0.000	0.000
368	  E	  0.2	  0.4	0.125	0.000	0.000
369	  T	  1.5	  0.4	0.125	0.000	0.000
370	  S	  2.3	  1.1	0.125	0.000	0.000
371	  S	  2.5	  0.9	0.125	0.000	0.000
372	  S	  1.2	  0.9	0.000	0.000	0.000
373	  E	  0.2	  0.8	0.000	0.000	0.000
374	  P	  0.0	  0.5	0.000	0.000	0.000
375	  P	  0.0	  0.7	0.000	0.000	0.000
376	  S	  0.9	  1.5	0.000	0.000	0.000
377	  S	  1.2	  1.5	0.000	0.000	0.000
378	  S	  1.2	  0.9	0.000	0.000	0.000
379	  Q	  0.4	  0.8	0.000	0.000	0.000
380	  P	  0.0	  0.5	0.000	0.000	0.000
381	  P	  0.0	  0.7	0.000	0.000	0.000
382	  S	  0.9	  1.5	0.000	0.000	0.000
383	  S	  1.1	  1.5	0.000	0.000	0.000
384	  S	  1.1	  0.9	0.000	0.000	0.000
385	  E	  0.2	  0.8	0.000	0.000	0.000
386	  P	  0.0	  0.5	0.000	0.000	0.000
387	  P	  0.0	  0.7	0.000	0.000	0.000
388	  S	  0.9	  1.5	0.000	0.000	0.000
389	  S	  1.1	  1.5	0.000	0.000	0.000
390	  S	  1.1	  0.9	0.000	0.000	0.000
391	  E	  0.2	  0.8	0.000	0.000	0.000
392	  P	  0.0	  0.5	0.000	0.000	0.000
393	  P	  0.0	  0.7	0.000	0.000	0.000
394	  S	  0.9	  1.5	0.000	0.000	0.000
395	  S	  1.2	  1.5	0.000	0.000	0.000
396	  S	  1.2	  0.9	0.000	0.000	0.000
397	  Q	  0.4	  0.8	0.000	0.000	0.000
398	  P	  0.0	  0.5	0.000	0.000	0.000
399	  P	  0.0	  0.7	0.000	0.000	0.000
400	  S	  0.9	  1.5	0.000	0.000	0.000
401	  S	  1.2	  1.5	0.000	0.000	0.000
402	  S	  1.2	  0.9	0.000	0.000	0.000
403	  Q	  0.4	  0.8	0.000	0.000	0.000
404	  P	  0.0	  0.5	0.000	0.000	0.000
405	  P	  0.0	  0.7	0.000	0.000	0.000
406	  S	  0.9	  1.5	0.000	0.000	0.000
407	  S	  1.1	  1.5	0.000	0.000	0.000
408	  S	  1.1	  0.9	0.000	0.000	0.000
409	  E	  0.2	  0.8	0.000	0.000	0.000
410	  P	  0.0	  0.5	0.000	0.000	0.000
411	  P	  0.0	  0.7	0.000	0.000	0.000
412	  S	  0.9	  1.5	0.000	0.000	0.000
413	  S	  1.1	  1.5	0.000	0.000	0.000
414	  S	  1.1	  0.9	0.000	0.000	0.000
415	  E	  0.2	  0.8	0.000	0.000	0.000
416	  P	  0.0	  0.5	0.000	0.000	0.000
417	  P	  0.0	  0.7	0.000	0.000	0.000
418	  S	  0.9	  1.5	0.000	0.000	0.000
419	  S	  1.2	  1.5	0.000	0.000	0.000
420	  S	  1.2	  0.9	0.000	0.000	0.000
421	  Q	  0.4	  0.8	0.000	0.000	0.000
422	  P	  0.0	  0.5	0.000	0.000	0.000
423	  P	  0.0	  0.7	0.000	0.000	0.000
424	  S	  0.9	  1.5	0.000	0.000	0.000
425	  S	  1.1	  1.5	0.000	0.000	0.000
426	  S	  1.1	  0.9	0.000	0.000	0.000
427	  E	  0.2	  0.8	0.000	0.000	0.000
428	  P	  0.0	  0.5	0.000	0.000	0.000
429	  P	  0.0	  0.7	0.000	0.000	0.000
430	  S	  0.9	  3.5	0.000	0.000	0.000
431	  S	  0.9	  3.5	0.000	0.000	0.000
432	  S	  0.9	  3.2	0.000	0.000	0.000
433	  G	  0.1	  3.5	0.000	0.000	0.000
434	  P	  0.0	  0.8	0.000	0.000	0.000
435	  S	  0.2	  1.7	0.000	0.000	0.000
436	  E	  0.2	  1.7	0.000	0.000	0.000
437	  S	  0.3	  1.7	0.000	0.000	0.000
438	  S	  0.4	  2.9	0.000	0.000	0.000
439	  G	  0.3	  2.2	0.000	0.000	0.000
440	  S	  1.1	  4.7	0.000	0.000	0.000
441	  S	  0.9	  4.2	0.000	0.000	0.000
442	  S	  0.9	  3.1	0.000	0.000	0.000
443	  G	  0.1	  3.5	0.000	0.000	0.000
444	  P	  0.0	  0.8	0.000	0.000	0.000
445	  S	  0.0	  0.9	0.000	0.000	0.000
446	  E	  0.1	  0.8	0.000	0.000	0.000
447	  T	  0.2	  0.6	0.000	0.000	0.000
448	  S	  0.4	  1.8	0.000	0.000	0.000
449	  G	  0.3	  1.9	0.000	0.000	0.000
450	  S	  1.1	  4.6	0.000	0.000	0.000
451	  S	  0.9	  4.2	0.000	0.000	0.000
452	  S	  0.9	  3.2	0.000	0.000	0.000
453	  G	  0.1	  3.5	0.000	0.000	0.000
454	  P	  0.0	  0.8	0.000	0.000	0.000
455	  S	  0.0	  0.9	0.000	0.000	0.000
456	  E	  0.1	  0.8	0.000	0.000	0.000
457	  T	  0.2	  0.6	0.000	0.000	0.000
458	  S	  0.4	  1.9	0.000	0.000	0.000
459	  G	  0.3	  1.9	0.000	0.000	0.000
460	  S	  0.6	  2.2	0.000	0.000	0.000
461	  S	  0.4	  1.8	0.000	0.000	0.000
462	  T	  0.4	  0.7	0.000	0.000	0.000
463	  G	  0.1	  1.1	0.000	0.000	0.000
464	  P	  0.0	  0.7	0.000	0.000	0.000
465	  S	  0.0	  0.8	0.000	0.000	0.000
466	  E	  0.1	  0.8	0.000	0.000	0.000
467	  T	  0.2	  0.3	0.000	0.000	0.000
468	  S	  0.1	  0.4	0.000	0.000	0.000
469	  G	  0.1	  0.8	0.000	0.000	0.000
470	  P	  0.0	  0.8	0.000	0.000	0.000
471	  S	  0.2	  1.8	0.000	0.000	0.000
472	  E	  0.2	  1.6	0.000	0.000	0.000
473	  S	  0.5	  1.5	0.000	0.000	0.000
474	  S	  0.4	  1.4	0.000	0.000	0.000
475	  T	  0.4	  0.6	0.000	0.000	0.000
476	  G	  0.1	  1.6	0.000	0.000	0.000
477	  P	  0.0	  2.8	0.000	0.000	0.000
478	  G	  0.0	  3.0	0.000	0.000	0.000
479	  N	  0.0	  3.2	0.000	0.000	0.000
480	  G	  0.0	  2.4	0.000	0.000	0.000
481	  G	  0.0	  0.9	0.000	0.000	0.000
482	  E	  0.1	  0.8	0.000	0.000	0.000
483	  T	  0.2	  0.4	0.000	0.000	0.000
484	  S	  0.1	  0.5	0.000	0.000	0.000
485	  G	  0.1	  1.4	0.000	0.000	0.000
486	  P	  0.0	  2.9	0.000	0.000	0.000
487	  G	  0.0	  3.1	0.000	0.000	0.000
488	  N	  0.0	  3.2	0.000	0.000	0.000
489	  G	  0.0	  2.4	0.000	0.000	0.000
490	  G	  0.0	  0.9	0.000	0.000	0.000
491	  E	  0.1	  0.7	0.000	0.000	0.000
492	  T	  0.9	  0.7	0.000	0.000	0.000
493	  S	  0.9	  0.4	0.000	0.000	0.000
494	  T	  0.9	  0.5	0.000	0.000	0.000
495	  G	  0.1	  1.5	0.000	0.000	0.000
496	  P	  0.0	  2.8	0.000	0.000	0.000
497	  G	  0.0	  3.0	0.000	0.000	0.000
498	  N	  0.0	  3.5	0.000	0.000	0.000
499	  G	  0.0	  2.5	0.000	0.000	0.000
500	  G	  0.0	  0.9	0.000	0.000	0.000
501	  Q	  0.0	  0.9	0.000	0.000	0.000
502	  P	  0.0	  0.3	0.000	0.000	0.000
503	  T	  0.1	  0.3	0.000	0.000	0.000
504	  S	  0.1	  0.6	0.000	0.000	0.000
505	  G	  0.1	  1.5	0.000	0.000	0.000
506	  P	  0.0	  2.9	0.000	0.000	0.000
507	  G	  0.0	  3.1	0.000	0.000	0.000
508	  N	  0.0	  3.2	0.000	0.000	0.000
509	  G	  0.0	  2.1	0.000	0.000	0.000
510	  G	  0.0	  0.6	0.000	0.000	0.000
511	  E	  0.0	  0.9	0.000	0.000	0.000
512	  P	  0.0	  0.5	0.000	0.000	0.000
513	  T	  0.0	  0.7	0.000	0.000	0.000
514	  G	  0.0	  1.7	0.000	0.000	0.000
515	  P	  0.0	  2.8	0.000	0.000	0.000
516	  G	  0.0	  3.0	0.000	0.000	0.000
517	  N	  0.0	  3.2	0.000	0.000	0.000
518	  G	  0.0	  2.1	0.000	0.000	0.000
519	  G	  0.0	  0.6	0.000	0.000	0.000
520	  E	  0.0	  0.9	0.000	0.000	0.000
521	  P	  0.0	  0.5	0.000	0.000	0.000
522	  T	  0.0	  0.7	0.000	0.000	0.000
523	  G	  0.0	  1.7	0.000	0.000	0.000
524	  P	  0.0	  2.8	0.000	0.000	0.000
525	  G	  0.0	  3.0	0.000	0.000	0.000
526	  N	  0.0	  3.5	0.000	0.000	0.000
527	  G	  0.0	  2.5	0.000	0.000	0.000
528	  G	  0.0	  0.9	0.000	0.000	0.000
529	  Q	  0.0	  1.4	0.000	0.000	0.000
530	  P	  0.0	  0.6	0.000	0.000	0.000
531	  T	  0.0	  0.8	0.000	0.000	0.000
532	  G	  0.0	  1.9	0.000	0.000	0.000
533	  P	  0.0	  2.8	0.000	0.000	0.000
534	  G	  0.0	  3.0	0.000	0.000	0.000
535	  N	  0.0	  3.2	0.000	0.000	0.000
536	  G	  0.0	  2.1	0.000	0.000	0.000
537	  G	  0.0	  0.6	0.000	0.000	0.000
538	  E	  0.0	  0.9	0.000	0.000	0.000
539	  P	  0.0	  0.5	0.000	0.000	0.000
540	  T	  0.0	  0.7	0.000	0.000	0.000
541	  G	  0.0	  1.7	0.000	0.000	0.000
542	  P	  0.0	  2.8	0.000	0.000	0.000
543	  G	  0.0	  3.0	0.000	0.000	0.000
544	  N	  0.0	  3.5	0.000	0.000	0.000
545	  G	  0.0	  2.5	0.000	0.000	0.000
546	  G	  0.0	  0.9	0.000	0.000	0.000
547	  Q	  0.0	  1.4	0.000	0.000	0.000
548	  P	  0.0	  0.6	0.000	0.000	0.000
549	  T	  0.0	  0.8	0.000	0.000	0.000
550	  G	  0.0	  1.9	0.000	0.000	0.000
551	  P	  0.0	  2.8	0.000	0.000	0.000
552	  G	  0.0	  3.0	0.000	0.000	0.000
553	  N	  0.0	  3.5	0.000	0.000	0.000
554	  G	  0.0	  2.5	0.000	0.000	0.000
555	  G	  0.0	  0.9	0.000	0.000	0.000
556	  Q	  0.0	  1.4	0.000	0.000	0.000
557	  P	  0.0	  0.6	0.000	0.000	0.000
558	  T	  0.0	  0.8	0.000	0.000	0.000
559	  G	  0.0	  1.9	0.000	0.000	0.000
560	  P	  0.0	  2.8	0.000	0.000	0.000
561	  G	  0.0	  3.0	0.000	0.000	0.000
562	  N	  0.0	  3.5	0.000	0.000	0.000
563	  G	  0.0	  2.5	0.000	0.000	0.000
564	  G	  0.0	  0.9	0.000	0.000	0.000
565	  Q	  0.0	  1.4	0.000	0.000	0.000
566	  P	  0.0	  0.6	0.000	0.000	0.000
567	  T	  0.0	  0.8	0.000	0.000	0.000
568	  G	  0.0	  1.9	0.000	0.000	0.000
569	  P	  0.0	  2.8	0.000	0.000	0.000
570	  G	  0.0	  3.0	0.000	0.000	0.000
571	  N	  0.0	  3.5	0.000	0.000	0.000
572	  G	  0.0	  2.5	0.000	0.000	0.000
573	  G	  0.0	  0.9	0.000	0.000	0.000
574	  Q	  0.0	  1.4	0.000	0.000	0.000
575	  P	  0.0	  0.6	0.000	0.000	0.000
576	  T	  0.0	  0.8	0.000	0.000	0.000
577	  G	  0.0	  1.9	0.000	0.000	0.000
578	  P	  0.0	  2.8	0.000	0.000	0.000
579	  G	  0.0	  3.0	0.000	0.000	0.000
580	  N	  0.0	  3.5	0.000	0.000	0.000
581	  G	  0.0	  2.5	0.000	0.000	0.000
582	  G	  0.0	  0.9	0.000	0.000	0.000
583	  Q	  0.0	  1.4	0.000	0.000	0.000
584	  P	  0.0	  0.6	0.000	0.000	0.000
585	  T	  0.0	  0.8	0.000	0.000	0.000
586	  G	  0.0	  1.9	0.000	0.000	0.000
587	  P	  0.0	  2.8	0.000	0.000	0.000
588	  G	  0.0	  3.0	0.000	0.000	0.000
589	  N	  0.0	  3.5	0.000	0.000	0.000
590	  G	  0.0	  2.5	0.000	0.000	0.000
591	  G	  0.0	  0.9	0.000	0.000	0.000
592	  Q	  0.0	  1.0	0.000	0.000	0.000
593	  P	  0.0	  0.5	0.000	0.000	0.000
594	  T	  0.0	  0.5	0.000	0.000	0.000
595	  N	  0.0	  0.7	0.000	0.000	0.000
596	  G	  0.0	  1.5	0.000	0.000	0.000
597	  P	  0.0	  2.8	0.000	0.000	0.000
598	  G	  0.0	  3.0	0.000	0.000	0.000
599	  N	  0.0	  3.5	0.000	0.000	0.000
600	  G	  0.0	  2.5	0.000	0.000	0.000
601	  G	  0.0	  0.9	0.000	0.000	0.000
602	  Q	  0.0	  1.4	0.000	0.000	0.000
603	  P	  0.0	  0.6	0.000	0.000	0.000
604	  T	  0.0	  0.8	0.000	0.000	0.000
605	  G	  0.0	  2.4	0.000	0.000	0.000
606	  P	  0.0	  1.7	0.000	0.000	0.000
607	  G	  0.0	  1.8	0.000	0.000	0.000
608	  G	  0.0	  2.2	0.000	0.000	0.000
609	  P	  0.0	  0.7	0.000	0.000	0.000
610	  S	  0.0	  0.8	0.000	0.000	0.000
611	  E	  0.2	  0.7	0.000	0.000	0.000
612	  T	  0.3	  0.2	0.000	0.000	0.000
613	  A	  0.3	  1.2	0.000	0.000	0.000
614	  P	  0.1	  1.2	0.000	0.000	0.000
615	  G	  0.0	  1.4	0.000	0.000	0.000
616	  G	  0.0	  3.2	0.000	0.000	0.000
617	  G	  0.0	  2.3	0.000	0.000	0.000
618	  N	  0.0	  2.3	0.000	0.000	0.000
619	  G	  0.0	  2.3	0.000	0.000	0.000
620	  G	  0.0	  2.3	0.000	0.000	0.000
621	  G	  0.0	  2.4	0.000	0.000	0.000
622	  N	  0.0	  4.3	0.000	0.000	0.000
623	  G	  0.0	  4.3	0.000	0.000	0.000
624	  N	  0.0	  2.7	0.000	0.000	0.000
625	  G	  0.0	  2.6	0.000	0.000	0.000
626	  G	  0.0	  2.3	0.000	0.000	0.000
627	  G	  0.0	  2.4	0.000	0.000	0.000
628	  N	  0.0	  4.3	0.000	0.000	0.000
629	  G	  0.0	  4.3	0.000	0.000	0.000
630	  N	  0.0	  2.7	0.000	0.000	0.000
631	  G	  0.0	  2.6	0.000	0.000	0.000
632	  G	  0.0	  2.3	0.000	0.000	0.000
633	  G	  0.0	  2.4	0.000	0.000	0.000
634	  N	  0.0	  4.3	0.000	0.000	0.000
635	  G	  0.0	  4.3	0.000	0.000	0.000
636	  N	  0.0	  2.7	0.000	0.000	0.000
637	  G	  0.0	  2.6	0.000	0.000	0.000
638	  G	  0.0	  2.3	0.000	0.000	0.000
639	  G	  0.0	  2.4	0.000	0.000	0.000
640	  N	  0.0	  4.3	0.000	0.000	0.000
641	  G	  0.0	  4.3	0.000	0.000	0.000
642	  N	  0.0	  2.9	0.000	0.000	0.000
643	  G	  0.0	  2.8	0.000	0.000	0.000
644	  G	  0.0	  1.9	0.000	0.000	0.000
645	  E	  0.0	  2.8	0.000	0.000	0.000
646	  N	  0.0	  4.5	0.000	0.000	0.000
647	  G	  0.0	  4.5	0.000	0.000	0.000
648	  N	  0.0	  3.4	0.000	0.000	0.000
649	  G	  0.0	  2.5	0.000	0.000	0.000
650	  G	  0.0	  2.2	0.000	0.000	0.000
651	  G	  0.0	  2.4	0.000	0.000	0.000
652	  N	  0.0	  4.3	0.000	0.000	0.000
653	  G	  0.0	  4.3	0.000	0.000	0.000
654	  N	  0.0	  2.7	0.000	0.000	0.000
655	  G	  0.0	  2.6	0.000	0.000	0.000
656	  G	  0.0	  2.3	0.000	0.000	0.000
657	  G	  0.0	  2.4	0.000	0.000	0.000
658	  N	  0.0	  4.3	0.000	0.000	0.000
659	  G	  0.0	  4.3	0.000	0.000	0.000
660	  N	  0.0	  2.9	0.000	0.000	0.000
661	  G	  0.0	  2.8	0.000	0.000	0.000
662	  G	  0.0	  1.9	0.000	0.000	0.000
663	  E	  0.0	  2.8	0.000	0.000	0.000
664	  N	  0.0	  4.5	0.000	0.000	0.000
665	  G	  0.0	  4.5	0.000	0.000	0.000
666	  N	  0.0	  3.4	0.000	0.000	0.000
667	  G	  0.0	  2.5	0.000	0.000	0.000
668	  G	  0.0	  2.2	0.000	0.000	0.000
669	  G	  0.0	  2.4	0.000	0.000	0.000
670	  N	  0.0	  4.3	0.000	0.000	0.000
671	  G	  0.0	  4.3	0.000	0.000	0.000
672	  N	  0.0	  2.7	0.000	0.000	0.000
673	  G	  0.0	  2.6	0.000	0.000	0.000
674	  G	  0.0	  2.3	0.000	0.000	0.000
675	  G	  0.0	  2.4	0.000	0.000	0.000
676	  N	  0.0	  4.3	0.000	0.000	0.000
677	  G	  0.0	  4.3	0.000	0.000	0.000
678	  N	  0.0	  2.9	0.000	0.000	0.000
679	  G	  0.0	  2.8	0.000	0.000	0.000
680	  G	  0.0	  1.9	0.000	0.000	0.000
681	  E	  0.0	  2.8	0.000	0.000	0.000
682	  N	  0.0	  4.5	0.000	0.000	0.000
683	  G	  0.0	  4.5	0.000	0.000	0.000
684	  N	  0.0	  3.6	0.000	0.000	0.000
685	  G	  0.0	  2.8	0.000	0.000	0.000
686	  G	  0.0	  1.9	0.000	0.000	0.000
687	  E	  0.0	  2.7	0.000	0.000	0.000
688	  N	  0.0	  4.4	0.000	0.000	0.000
689	  G	  0.0	  4.5	0.000	0.000	0.000
690	  N	  0.0	  3.4	0.000	0.000	0.000
691	  G	  0.0	  2.5	0.000	0.000	0.000
692	  G	  0.0	  2.3	0.000	0.000	0.000
693	  G	  0.0	  2.6	0.000	0.000	0.000
694	  N	  0.0	  2.8	0.000	0.000	0.000
695	  G	  0.0	  2.7	0.000	0.000	0.000
696	  T	  0.0	  1.2	0.000	0.000	0.000
697	  G	  0.0	  0.9	0.000	0.000	0.000
698	  G	  0.0	  1.8	0.000	0.000	0.000
699	  E	  0.0	  2.7	0.000	0.000	0.000
700	  N	  0.0	  4.5	0.000	0.000	0.000
701	  G	  0.0	  4.5	0.000	0.000	0.000
702	  N	  0.0	  3.5	0.000	0.000	0.000
703	  G	  0.0	  2.5	0.000	0.000	0.000
704	  G	  0.0	  2.2	0.000	0.000	0.000
705	  G	  0.0	  2.4	0.000	0.000	0.000
706	  N	  0.0	  4.3	0.000	0.000	0.000
707	  G	  0.0	  4.3	0.000	0.000	0.000
708	  N	  0.0	  2.7	0.000	0.000	0.000
709	  G	  0.0	  2.6	0.000	0.000	0.000
710	  G	  0.0	  2.2	0.000	0.000	0.000
711	  G	  0.0	  2.3	0.000	0.000	0.000
712	  N	  0.0	  3.0	0.000	0.000	0.000
713	  G	  0.0	  3.0	0.000	0.000	0.000
714	  S	  0.1	  5.4	0.000	0.000	0.000
715	  G	  0.0	  5.4	0.000	0.000	0.000
716	  N	  0.0	  5.4	0.000	0.000	0.000
717	  G	  0.0	  5.3	0.000	0.000	0.000
718	  S	  0.1	  5.3	0.000	0.000	0.000
719	  G	  0.0	  5.2	0.000	0.000	0.000
720	  N	  0.0	  5.2	0.000	0.000	0.000
721	  G	  0.0	  5.2	0.000	0.000	0.000
722	  S	  0.1	  5.2	0.000	0.000	0.000
723	  G	  0.0	  5.2	0.000	0.000	0.000
724	  N	  0.0	  5.2	0.000	0.000	0.000
725	  G	  0.0	  5.2	0.000	0.000	0.000
726	  S	  0.1	  5.2	0.000	0.000	0.000
727	  G	  0.0	  5.2	0.000	0.000	0.000
728	  N	  0.0	  5.2	0.000	0.000	0.000
729	  G	  0.0	  5.2	0.000	0.000	0.000
730	  S	  0.1	  5.2	0.000	0.000	0.000
731	  G	  0.0	  5.2	0.000	0.000	0.000
732	  N	  0.0	  5.2	0.000	0.000	0.000
733	  G	  0.0	  5.2	0.000	0.000	0.000
734	  S	  0.1	  5.3	0.000	0.000	0.000
735	  G	  0.0	  5.3	0.000	0.000	0.000
736	  N	  0.0	  6.4	0.000	0.000	0.000
737	  G	  0.0	  6.6	0.000	0.000	0.000
738	  N	  0.0	  3.3	0.000	0.000	0.000
739	  G	  0.0	  3.2	0.000	0.000	0.000
740	  S	  0.1	  5.5	0.000	0.000	0.000
741	  G	  0.0	  5.9	0.000	0.000	0.000
742	  N	  0.1	  5.1	0.000	0.000	0.000
743	  G	  0.1	  5.0	0.000	0.000	0.000
744	  I	  0.6	  0.8	0.000	0.000	0.000
745	  E	  1.0	  0.1	0.000	0.000	0.000
746	  T	  2.4	  0.1	0.000	0.000	0.000
747	  K	  2.1	  0.1	0.000	0.000	0.000
748	  T	  2.8	  0.2	0.000	0.000	0.000
749	  S	  4.0	  0.2	0.000	0.000	0.000
750	  Q	  3.9	  0.1	0.000	0.000	0.000
751	  S	  2.8	  1.4	0.000	0.000	0.000
752	  P	  0.0	  1.5	0.000	0.000	0.000
753	  T	  0.0	  1.7	0.000	0.000	0.000
754	  G	  0.0	  1.9	0.000	0.000	0.000
755	  G	  0.0	  0.9	0.000	0.000	0.000
756	  A	  0.0	  0.8	0.000	0.000	0.000
757	  G	  0.0	  0.7	0.000	0.000	0.000
758	  G	  0.0	  0.7	0.000	0.000	0.000
759	  P	  0.0	  0.4	0.000	0.000	0.000
760	  T	 16.8	  0.4	0.000	0.000	0.000
761	  V	 17.9	  0.4	0.000	0.000	0.000
762	  S	 18.1	  0.1	0.000	0.000	0.000
763	  S	  7.1	  0.1	0.000	0.000	0.000
764	  Y	  6.1	  0.4	0.000	0.000	0.000
765	  E	  5.9	  0.7	0.000	0.000	0.000
766	  G	  0.3	  0.9	0.000	0.000	0.000
767	  G	  0.0	  1.1	0.000	0.024	0.024
768	  A	  0.4	  0.8	0.000	0.908	0.908
769	  S	  0.7	  0.3	0.439	6.440	6.440
770	  I	  1.9	  0.3	0.439	50.615	50.615
771	  A	  2.3	  0.1	0.439	54.457	54.457
772	  T	  2.9	  0.1	0.439	58.989	58.989
773	  F	  2.0	  0.4	0.439	66.514	66.514
774	  G	  1.2	  0.4	0.439	67.094	67.094
775	  L	  0.4	  0.6	0.117	73.549	73.549
776	  T	  0.3	  0.6	0.000	74.668	74.668
777	  G	  0.2	  0.4	0.096	76.528	76.528
778	  F	  0.9	  0.3	0.096	97.187	97.187
779	  I	  3.2	  0.0	0.096	98.777	98.777
780	  S	  3.7	  0.0	0.982	98.898	98.898
781	  I	 10.8	  0.0	0.982	99.858	99.858
782	  V	 11.9	  0.0	0.982	99.914	99.914
783	  L	 12.2	  0.0	0.982	99.581	99.581
784	  L	  5.4	  0.0	0.982	97.632	97.632
785	  M	  2.9	  0.0	0.982	86.395	86.395
786	  L	  2.0	  0.0	0.402	80.527	80.527
787	  V	  1.1	  0.0	0.000	0.031	0.031
