res	aa	Beta	Turn	Helix	Aggregation	Conc-Stab_Aggregation
01	  M	  0.5	  0.0	0.000	0.000	0.000
02	  R	  0.8	  0.0	0.000	0.000	0.000
03	  A	  1.1	  0.0	0.000	24.815	24.815
04	  F	  2.3	  0.0	0.000	76.116	76.116
05	  I	  4.9	  0.0	0.000	85.428	85.428
06	  V	  5.5	  0.0	0.000	86.193	86.193
07	  S	  4.0	  0.1	0.367	86.211	86.211
08	  T	  1.7	  0.1	0.550	86.008	86.008
09	  L	  1.1	  0.1	0.657	85.588	85.588
10	  L	  1.1	  0.2	0.807	81.027	81.027
11	  A	  0.5	  0.2	0.938	54.238	54.238
12	  S	  0.4	  0.2	0.938	31.510	31.510
13	  A	  0.3	  0.2	0.571	28.647	28.647
14	  L	  0.4	  0.0	0.571	26.211	26.211
15	  A	  0.3	  0.0	0.571	12.093	12.093
16	  A	  0.2	  1.4	0.571	0.131	0.131
17	  P	  0.0	  1.7	0.000	0.075	0.075
18	  S	  0.0	  1.7	0.000	0.000	0.000
19	  G	  0.1	  1.7	0.000	0.000	0.000
20	  F	  1.3	  0.3	0.000	0.000	0.000
21	  H	  1.6	  0.2	0.000	0.000	0.000
22	  K	  1.7	  0.2	0.000	0.000	0.000
23	  H	  0.4	  0.2	0.000	0.000	0.000
24	  H	  0.2	  0.2	0.000	0.000	0.000
25	  H	  0.0	  0.0	0.000	0.000	0.000
26	  H	  0.0	  0.0	0.000	0.000	0.000
27	  Q	  0.0	  0.0	-1.#IO	0.000	0.000
28	  N	  0.0	  0.0	-1.#IO	0.000	0.000
29	  E	  0.0	  0.0	-1.#IO	0.000	0.000
30	  A	  0.0	  0.0	-1.#IO	0.000	0.000
31	  R	  0.0	  0.0	-1.#IO	0.000	0.000
32	  A	  0.0	  0.0	-1.#IO	0.000	0.000
33	  V	  0.0	  0.0	-1.#IO	0.000	0.000
34	  V	  0.0	  0.0	-1.#IO	0.000	0.000
35	  T	  0.0	  0.0	-1.#IO	0.000	0.000
36	  T	  0.0	  0.0	-1.#IO	0.000	0.000
37	  F	  0.0	  0.0	-1.#IO	0.000	0.000
38	  R	  0.0	  0.0	-1.#IO	0.000	0.000
39	  T	  0.0	  0.0	-1.#IO	0.000	0.000
40	  V	  0.0	  0.0	0.000	0.000	0.000
41	  T	  0.0	  0.0	0.000	0.000	0.000
42	  V	  0.1	  0.2	0.000	0.000	0.000
43	  G	  0.1	  1.2	0.000	0.000	0.000
44	  A	  0.1	  2.3	0.000	0.000	0.000
45	  N	  0.0	  2.3	0.000	0.000	0.000
46	  G	  0.0	  2.1	0.136	0.000	0.000
47	  E	 13.7	  1.2	0.136	0.000	0.000
48	  V	 15.5	  0.0	0.136	0.000	0.000
49	  K	 15.8	  0.0	0.136	0.000	0.000
50	  A	  2.3	  0.0	0.136	0.000	0.000
51	  A	  0.3	  0.2	0.136	0.000	0.000
52	  P	  0.0	  0.2	0.000	0.000	0.000
53	  T	  2.1	  0.2	0.000	0.000	0.000
54	  T	  8.8	  0.2	0.000	0.000	0.000
55	  V	  9.3	  0.1	0.000	0.000	0.000
56	  E	  7.4	  0.1	0.000	0.000	0.000
57	  T	  1.8	  0.2	0.000	0.000	0.000
58	  S	  1.3	  0.2	0.000	0.000	0.000
59	  S	  4.2	  1.0	0.220	0.000	0.000
60	  A	  3.2	  1.1	0.220	0.000	0.000
61	  S	  3.2	  1.0	0.220	0.000	0.000
62	  T	  0.4	  1.4	0.220	0.000	0.000
63	  A	  0.3	  0.5	0.220	0.000	0.000
64	  D	  0.3	  0.5	0.220	0.000	0.000
65	  A	  0.6	  0.4	0.000	0.000	0.000
66	  V	  1.4	  0.0	0.000	0.000	0.000
67	  S	  3.4	  0.3	0.000	0.000	0.000
68	  T	  4.1	  0.4	0.000	0.000	0.000
69	  S	  3.5	  0.5	0.000	0.000	0.000
70	  S	  3.5	  0.6	0.000	0.000	0.000
71	  T	  3.4	  0.5	0.000	0.000	0.000
72	  S	  3.9	  1.2	0.000	0.000	0.000
73	  S	  2.9	  1.9	0.000	0.000	0.000
74	  S	  2.5	  2.5	0.000	0.000	0.000
75	  S	  2.5	  3.1	0.000	0.000	0.000
76	  S	  2.5	  3.2	0.000	0.000	0.000
77	  S	  1.7	  2.5	0.661	0.000	0.000
78	  S	  1.6	  1.9	0.661	0.000	0.000
79	  A	  0.9	  1.1	0.661	0.000	0.000
80	  T	  3.4	  0.4	0.661	0.000	0.000
81	  A	  2.9	  0.4	0.661	0.000	0.000
82	  S	  3.5	  0.9	0.661	0.000	0.000
83	  S	  1.2	  1.0	0.107	0.000	0.000
84	  S	  2.9	  1.1	0.000	0.000	0.000
85	  T	  2.5	  1.0	0.000	0.000	0.000
86	  S	  5.1	  1.4	0.000	0.000	0.000
87	  A	  3.3	  1.4	0.000	0.000	0.000
88	  S	  3.8	  2.0	0.000	0.000	0.000
89	  S	  1.8	  2.7	0.000	0.000	0.000
90	  S	  2.5	  2.5	0.000	0.000	0.000
91	  S	  1.8	  2.5	0.000	0.000	0.000
92	  S	  1.1	  1.7	0.128	0.000	0.000
93	  Q	  0.4	  1.0	0.128	0.000	0.000
94	  A	  0.4	  0.4	0.128	0.000	0.000
95	  S	  0.6	  0.3	0.128	0.000	0.000
96	  S	  0.5	  0.2	0.128	0.000	0.000
97	  Q	  0.4	  1.2	0.128	0.000	0.000
98	  P	  0.1	  1.3	0.000	0.000	0.000
99	  S	  0.0	  1.6	0.000	0.000	0.000
100	  G	  0.0	  3.4	0.000	0.000	0.000
101	  G	  0.0	  2.5	0.000	0.000	0.000
102	  N	  0.0	  2.5	0.000	0.000	0.000
103	  G	  0.0	  2.9	0.000	0.000	0.000
104	  G	  0.0	  1.4	0.000	0.000	0.000
105	  S	  0.0	  1.6	0.000	0.000	0.000
106	  G	  0.0	  1.5	0.000	0.000	0.000
107	  G	  0.5	  0.7	0.000	0.000	0.000
108	  I	  0.5	  0.4	0.000	0.000	0.000
109	  A	  0.5	  0.0	0.000	0.000	0.000
110	  G	  0.0	  0.0	0.000	0.000	0.000
111	  D	  0.0	  0.0	0.000	0.000	0.000
112	  L	  0.0	  0.0	-1.#IO	0.000	0.000
113	  S	  0.0	  0.0	-1.#IO	0.000	0.000
114	  A	  0.0	  0.0	-1.#IO	0.000	0.000
115	  F	  0.0	  0.0	-1.#IO	0.000	0.000
116	  S	  0.0	  0.0	-1.#IO	0.000	0.000
117	  D	  0.0	  0.0	-1.#IO	0.000	0.000
118	  P	  0.0	  0.0	-1.#IO	0.000	0.000
119	  T	  0.0	  0.0	-1.#IO	0.000	0.000
120	  E	  0.0	  0.0	-1.#IO	0.000	0.000
121	  K	  0.0	  0.0	-1.#IO	0.000	0.000
122	  F	  0.0	  0.0	-1.#IO	0.000	0.000
123	  E	  0.0	  0.0	-1.#IO	0.000	0.000
124	  D	  0.0	  0.0	-1.#IO	0.000	0.000
125	  G	  0.0	  0.0	-1.#IO	0.000	0.000
126	  V	  0.0	  0.0	-1.#IO	0.000	0.000
127	  H	  0.0	  0.0	-1.#IO	0.000	0.000
128	  D	  0.0	  0.0	-1.#IO	0.000	0.000
129	  C	  0.0	  0.0	-1.#IO	0.000	0.000
130	  D	  0.0	  0.0	-1.#IO	0.000	0.000
131	  S	  0.0	  0.0	0.000	0.000	0.000
132	  L	  0.0	  0.0	0.000	0.000	0.000
133	  P	  0.0	  0.2	0.000	0.000	0.000
134	  T	  0.1	  0.3	0.000	0.000	0.000
135	  G	  0.1	  0.6	0.000	0.000	0.000
136	  Q	  0.1	  0.6	0.000	0.132	0.132
137	  G	  0.1	  0.4	0.000	3.308	3.308
138	  V	  4.2	  0.3	0.000	3.308	3.308
139	  I	  6.5	  0.0	0.000	3.308	3.308
140	  A	  6.6	  0.0	0.000	3.308	3.308
141	  I	  5.0	  0.0	0.000	3.308	3.308
142	  D	  2.7	  0.0	0.000	0.000	0.000
143	  W	  3.0	  0.0	0.000	0.000	0.000
144	  L	  0.6	  0.2	0.000	0.000	0.000
145	  S	  0.6	  0.2	0.000	0.000	0.000
146	  D	  1.1	  0.2	0.000	0.000	0.000
147	  I	  2.1	  0.3	0.000	0.000	0.000
148	  K	  2.1	  0.4	0.000	0.000	0.000
149	  G	  1.0	  0.4	0.000	0.000	0.000
150	  G	  0.1	  0.4	0.000	0.000	0.000
151	  F	  1.5	  0.5	0.000	0.182	0.182
152	  S	  1.7	  0.3	0.000	0.182	0.182
153	  S	  2.2	  0.2	0.000	0.182	0.182
154	  V	  4.2	  0.2	0.000	0.182	0.182
155	  M	  4.2	  0.0	0.000	0.182	0.182
156	  N	  3.8	  5.0	0.000	0.000	0.000
157	  Q	  0.3	  5.3	0.000	0.000	0.000
158	  N	  0.1	  7.5	0.000	0.000	0.000
159	  G	  0.0	  7.6	0.000	0.000	0.000
160	  D	  0.1	  3.0	0.000	0.000	0.000
161	  T	  1.3	  2.8	0.000	0.000	0.000
162	  S	  1.6	  0.7	0.000	0.000	0.000
163	  S	  2.2	  0.7	0.000	0.000	0.000
164	  T	  4.7	  0.3	0.000	0.000	0.000
165	  C	  4.5	  1.8	0.000	0.000	0.000
166	  K	  3.8	  1.9	0.000	0.000	0.000
167	  D	  0.2	  1.8	0.000	0.000	0.000
168	  G	  0.1	  1.8	0.000	0.000	0.000
169	  F	  4.6	  0.2	0.000	0.000	0.000
170	  Y	  6.8	  0.0	0.000	0.000	0.000
171	  C	  7.9	  0.0	0.000	0.000	0.000
172	  S	  4.0	  0.0	0.000	0.000	0.000
173	  Y	  3.1	  0.0	0.000	0.000	0.000
174	  A	  1.9	  0.0	0.000	0.000	0.000
175	  C	  3.7	  0.1	0.000	0.000	0.000
176	  Q	  2.4	  0.4	0.000	0.000	0.000
177	  A	  2.3	  0.4	0.000	0.000	0.000
178	  G	  0.1	  0.4	0.000	0.000	0.000
179	  M	  0.4	  0.4	0.000	0.000	0.000
180	  S	  0.9	  0.1	0.000	0.000	0.000
181	  K	  1.3	  0.1	0.000	0.000	0.000
182	  T	  4.5	  0.1	0.000	0.000	0.000
183	  Q	  4.0	  0.1	0.000	0.000	0.000
184	  W	  3.7	  0.4	0.000	0.000	0.000
185	  P	  0.2	  0.4	0.000	0.000	0.000
186	  S	  0.0	  0.4	0.000	0.000	0.000
187	  E	  0.0	  0.4	0.000	0.000	0.000
188	  Q	  0.1	  0.4	0.000	0.000	0.000
189	  P	  0.0	  0.8	0.000	0.000	0.000
190	  S	  0.1	  1.0	0.000	0.000	0.000
191	  S	  0.1	  1.2	0.000	0.000	0.000
192	  G	  0.2	  0.9	0.000	0.000	0.000
193	  I	  4.6	  0.4	0.000	0.000	0.000
194	  S	  4.9	  0.3	0.000	0.000	0.000
195	  V	  4.9	  0.9	0.000	0.000	0.000
196	  G	  0.4	  0.9	0.000	0.000	0.000
197	  G	  0.1	  0.9	0.000	0.000	0.000
198	  L	  1.5	  0.8	0.000	0.000	0.000
199	  Y	  2.6	  0.0	0.000	0.000	0.000
200	  C	  2.7	  1.4	0.000	0.000	0.000
201	  K	  1.2	 10.4	0.000	0.000	0.000
202	  N	  0.2	 10.4	0.000	0.000	0.000
203	  G	  0.0	 10.5	0.000	0.000	0.000
204	  K	  0.2	  9.1	0.000	0.000	0.000
205	  L	  0.3	  0.1	0.000	0.000	0.000
206	  Y	  2.0	  0.2	0.000	0.000	0.000
207	  R	  2.0	  0.3	0.000	0.000	0.000
208	  S	  1.9	  0.4	0.000	0.000	0.000
209	  N	  0.2	  3.1	0.000	0.000	0.000
210	  K	  0.1	  3.0	0.000	0.000	0.000
211	  D	  0.1	  4.6	0.217	0.000	0.000
212	  K	  0.1	  4.6	0.217	0.000	0.000
213	  D	  0.1	  1.9	1.411	0.000	0.000
214	  Y	  1.9	  1.9	1.411	0.000	0.000
215	  L	  2.0	  0.0	1.411	0.000	0.000
216	  C	  3.1	  0.3	1.411	0.000	0.000
217	  E	  1.3	  0.3	1.411	0.000	0.000
218	  W	  1.3	  0.3	1.411	0.000	0.000
219	  G	  0.2	  0.3	1.285	0.000	0.000
220	  Y	  0.6	  0.2	0.401	0.000	0.000
221	  Q	  0.5	  0.3	0.123	0.000	0.000
222	  G	  0.4	  0.4	0.000	0.000	0.000
223	  T	  0.6	  0.4	0.000	0.000	0.000
224	  N	  1.2	  0.3	0.000	0.000	0.000
225	  F	  2.8	  0.1	0.000	0.000	0.000
226	  V	  3.1	  0.0	0.000	0.000	0.000
227	  S	  2.8	  0.0	0.590	0.000	0.000
228	  K	  2.4	  0.0	0.590	0.000	0.000
229	  I	  1.8	  0.0	0.590	0.000	0.000
230	  D	  1.4	  1.3	0.811	0.000	0.000
231	  K	  0.5	  1.3	0.811	0.000	0.000
232	  D	  0.4	  1.3	1.085	0.000	0.000
233	  I	  2.7	  1.3	0.684	0.000	0.000
234	  A	  2.7	  0.0	0.684	0.000	0.000
235	  I	  3.3	  0.0	0.684	0.000	0.000
236	  C	  1.1	  0.1	0.684	0.000	0.000
237	  R	  1.4	  0.3	0.274	0.000	0.000
238	  T	  1.1	  0.3	0.159	0.000	0.000
239	  D	  1.0	  0.3	0.159	0.000	0.000
240	  Y	  0.6	  2.1	0.159	0.000	0.000
241	  P	  0.0	  2.2	0.000	0.000	0.000
242	  G	  0.0	  2.3	0.000	0.000	0.000
243	  S	  0.1	  4.0	0.000	0.000	0.000
244	  E	  0.1	  2.0	0.000	0.000	0.000
245	  N	  0.4	  2.2	0.000	0.000	0.000
246	  M	  7.4	  2.1	0.000	0.000	0.000
247	  N	  7.6	  0.4	1.369	0.000	0.000
248	  I	  7.3	  0.5	1.369	0.000	0.000
249	  P	  0.2	  0.1	1.369	0.000	0.000
250	  T	  0.7	  0.1	2.077	0.000	0.000
251	  L	  0.8	  0.1	2.077	0.000	0.000
252	  L	  0.9	  0.1	2.077	0.000	0.000
253	  E	  0.2	  0.4	2.077	0.000	0.000
254	  A	  0.2	  0.7	1.885	0.000	0.000
255	  G	  0.1	  0.8	1.698	0.000	0.000
256	  K	  0.8	  0.7	0.654	0.000	0.000
257	  T	  1.0	  0.4	0.000	0.000	0.000
258	  A	  0.9	  0.1	0.000	0.000	0.000
259	  P	  0.1	  0.0	0.000	0.169	0.169
260	  V	  8.1	  0.0	0.000	0.401	0.401
261	  S	  8.9	  0.0	0.000	0.401	0.401
262	  V	 13.0	  0.0	0.000	0.401	0.401
263	  V	  6.3	  0.0	0.000	0.401	0.401
264	  N	  5.4	  2.9	0.000	0.232	0.232
265	  S	  1.4	  4.0	0.000	0.000	0.000
266	  D	  0.1	  4.0	0.102	0.000	0.000
267	  N	  1.8	  4.0	0.466	1.676	1.676
268	  Y	  2.7	  1.2	0.466	1.676	1.676
269	  Y	  3.3	  0.0	0.466	1.676	1.676
270	  M	  1.8	  0.0	0.466	1.676	1.676
271	  W	  0.8	  0.3	0.466	1.676	1.676
272	  K	  0.2	  2.5	0.466	0.000	0.000
273	  G	  0.1	  2.7	0.323	0.000	0.000
274	  G	  0.0	  2.9	0.000	0.000	0.000
275	  R	  0.2	  2.6	0.000	0.000	0.000
276	  S	  0.5	  0.5	0.000	0.000	0.000
277	  S	  0.8	  0.3	0.000	0.000	0.000
278	  T	  2.9	  0.2	0.000	0.239	0.239
279	  Q	  5.6	  0.1	0.000	0.239	0.239
280	  Y	  6.6	  0.0	0.000	0.239	0.239
281	  Y	  5.9	  0.1	0.000	0.239	0.239
282	  V	  3.5	  0.1	0.000	0.239	0.239
283	  N	  2.2	  0.1	0.000	0.000	0.000
284	  N	  0.6	  0.4	0.000	0.000	0.000
285	  A	  0.0	  0.3	0.000	0.211	0.211
286	  G	  0.1	  0.3	0.000	0.211	0.211
287	  V	  9.0	  0.3	0.000	0.211	0.211
288	  S	 12.5	  0.0	0.000	0.211	0.211
289	  V	 13.4	  0.1	0.000	0.211	0.211
290	  E	  5.0	  0.5	0.000	0.000	0.000
291	  K	  1.0	  0.6	0.000	0.000	0.000
292	  G	  0.1	  0.6	0.000	0.000	0.000
293	  C	  0.8	  0.5	0.000	0.000	0.000
294	  I	  1.4	  0.1	0.000	0.132	0.132
295	  W	  1.4	  0.1	0.000	0.132	0.132
296	  G	  0.8	  0.1	0.000	0.132	0.132
297	  T	  0.2	  0.7	0.000	0.132	0.132
298	  A	  0.2	  1.6	0.000	0.132	0.132
299	  G	  0.1	  1.8	0.000	0.000	0.000
300	  S	  0.0	  1.8	0.000	0.000	0.000
301	  G	  0.0	  1.2	0.000	0.000	0.000
302	  V	  0.1	  0.3	0.000	0.000	0.000
303	  G	  0.1	  0.1	0.000	0.000	0.000
304	  N	  0.3	  0.0	0.000	0.000	0.000
305	  W	  0.3	  0.0	0.000	0.000	0.000
306	  A	  0.3	  0.0	0.000	0.000	0.000
307	  P	  0.1	  0.0	0.000	0.000	0.000
308	  V	  7.7	  0.0	0.000	4.210	4.210
309	  V	  8.2	  0.0	0.000	4.210	4.210
310	  L	  8.2	  0.3	0.000	4.210	4.210
311	  G	  0.6	  0.5	0.000	4.210	4.210
312	  A	  0.0	  2.5	0.000	4.210	4.210
313	  G	  0.0	  2.6	0.000	0.345	0.345
314	  N	  0.0	  2.5	0.000	0.000	0.000
315	  T	  0.0	  3.2	0.000	0.000	0.000
316	  G	  0.0	  1.3	0.000	0.000	0.000
317	  G	  0.0	  1.4	0.000	0.000	0.000
318	  K	  0.6	  1.2	0.000	0.000	0.000
319	  T	  3.9	  0.3	0.000	0.235	0.235
320	  Y	  4.8	  0.2	0.000	0.235	0.235
321	  L	  5.9	  0.1	0.000	0.235	0.235
322	  S	  3.2	  0.1	0.000	0.235	0.235
323	  L	  2.3	  0.1	0.000	0.235	0.235
324	  I	  0.6	  0.0	0.000	0.000	0.000
325	  P	  0.1	  0.0	0.000	0.000	0.000
326	  N	  0.0	  9.2	0.000	0.000	0.000
327	  P	  0.0	  9.3	0.000	0.000	0.000
328	  N	  0.0	  9.3	0.000	0.000	0.000
329	  N	  0.0	 12.0	0.000	0.000	0.000
330	  K	  0.1	  2.7	0.000	0.000	0.000
331	  D	  0.1	  2.7	0.000	0.000	0.000
332	  A	  0.1	  3.4	0.000	0.000	0.000
333	  P	  0.0	  0.8	0.000	0.000	0.000
334	  N	  0.8	  1.0	0.152	0.000	0.000
335	  Y	  5.7	  1.0	0.152	0.000	0.000
336	  N	  7.9	  0.2	0.152	0.000	0.000
337	  V	 13.8	  0.2	0.152	0.000	0.000
338	  K	  9.5	  0.0	0.152	0.000	0.000
339	  I	  7.3	  0.1	0.152	0.000	0.000
340	  Q	  0.6	  0.3	0.152	0.000	0.000
341	  G	  0.1	  1.6	0.000	0.000	0.000
342	  A	  0.0	  2.7	0.000	0.000	0.000
343	  N	  0.0	  2.8	0.000	0.000	0.000
344	  G	  0.0	  2.8	0.000	0.000	0.000
345	  A	  0.1	  1.5	0.000	0.000	0.000
346	  S	  0.5	  0.4	0.000	0.000	0.000
347	  T	  0.9	  0.4	0.000	0.000	0.000
348	  V	  0.9	  0.5	0.000	0.000	0.000
349	  G	  0.6	  0.5	0.000	0.000	0.000
350	  S	 19.4	  0.7	0.000	0.000	0.000
351	  C	 20.3	  0.5	0.000	0.000	0.000
352	  S	 25.7	  0.2	0.000	0.000	0.000
353	  Y	  7.6	  0.9	0.000	0.000	0.000
354	  E	  6.0	  0.9	0.000	0.000	0.000
355	  D	  0.6	  1.2	0.000	0.000	0.000
356	  G	  0.0	  1.2	0.000	0.000	0.000
357	  S	  1.5	  0.5	0.000	0.000	0.000
358	  Y	  1.8	  0.6	0.000	0.000	0.000
359	  K	  1.8	  1.7	0.000	0.000	0.000
360	  G	  0.3	  1.8	0.000	0.000	0.000
361	  G	  0.0	  2.2	0.000	0.000	0.000
362	  H	  0.1	  2.7	0.000	0.000	0.000
363	  G	  0.1	  2.5	0.000	0.000	0.000
364	  S	  0.1	  3.0	0.000	0.000	0.000
365	  D	  0.0	  3.3	0.000	0.000	0.000
366	  G	  0.1	  2.5	0.000	0.000	0.000
367	  C	  2.0	  1.3	0.000	0.000	0.000
368	  T	  4.4	  0.6	0.000	0.364	0.364
369	  L	  7.5	  0.0	0.000	0.364	0.364
370	  T	 15.7	  0.0	0.000	0.364	0.364
371	  V	 14.0	  0.0	0.000	0.364	0.364
372	  T	 10.8	  0.5	0.238	0.364	0.364
373	  E	  0.7	  1.5	0.238	0.000	0.000
374	  G	  0.0	  1.5	0.238	0.000	0.000
375	  D	  0.0	  1.6	0.238	0.000	0.000
376	  A	  0.1	  1.2	0.238	0.000	0.000
377	  E	  0.2	  0.1	0.238	0.000	0.000
378	  F	  1.9	  0.1	0.238	0.000	0.000
379	  V	  4.8	  0.0	0.000	0.000	0.000
380	  F	  4.6	  0.0	0.000	0.000	0.000
381	  Y	  3.0	  0.0	0.000	0.000	0.000
