res	aa	Beta	Turn	Helix	Aggregation	Conc-Stab_Aggregation
01	  M	  0.0	  0.0	0.000	0.000	0.000
02	  P	  0.0	  0.2	0.000	0.000	0.000
03	  P	  0.0	  0.2	0.000	0.000	0.000
04	  L	  0.3	  0.3	0.000	0.000	0.000
05	  S	  0.6	  0.3	0.000	0.000	0.000
06	  S	  0.6	  0.2	0.109	0.000	0.000
07	  R	  2.8	  0.2	0.109	0.000	0.000
08	  L	  6.0	  0.1	0.109	0.000	0.000
09	  N	  9.2	  0.1	0.883	0.000	0.000
10	  I	  7.1	  0.1	0.883	0.000	0.000
11	  R	  3.7	  0.1	0.883	0.000	0.000
12	  N	  0.7	  0.1	0.773	0.000	0.000
13	  L	  0.6	  0.3	0.773	0.000	0.000
14	  E	  0.5	  0.3	0.773	0.000	0.000
15	  N	  0.2	  0.2	0.459	0.000	0.000
16	  S	  0.1	  0.2	0.105	0.000	0.000
17	  D	  0.0	  0.3	0.180	0.000	0.000
18	  P	  0.0	  0.3	0.180	0.000	0.000
19	  Q	  0.4	  0.3	0.180	0.000	0.000
20	  I	  0.5	  0.4	0.180	0.000	0.000
21	  A	  0.5	  0.2	0.180	0.000	0.000
22	  D	  0.3	  0.6	0.180	0.000	0.000
23	  T	  1.4	  0.7	0.000	0.000	0.000
24	  S	  1.9	  0.7	0.000	0.000	0.000
25	  K	  1.9	  0.6	0.000	0.000	0.000
26	  T	  2.0	  0.3	0.000	0.000	0.000
27	  S	  1.5	  5.4	0.000	0.000	0.000
28	  S	  1.3	  5.7	0.000	0.000	0.000
29	  N	  0.1	  6.3	0.000	0.000	0.000
30	  G	  0.0	  6.3	0.000	0.000	0.000
31	  S	  0.1	  2.8	0.000	0.000	0.000
32	  S	  0.1	  2.8	0.096	0.000	0.000
33	  D	  0.1	  2.2	0.096	0.000	0.000
34	  S	  0.1	  2.1	0.652	0.000	0.000
35	  E	 13.6	  0.5	0.652	0.000	0.000
36	  V	 15.1	  0.2	0.652	0.000	0.000
37	  K	 15.1	  0.1	0.652	0.000	0.000
38	  N	  1.8	  0.7	0.557	0.000	0.000
39	  S	  0.5	  0.7	0.557	0.000	0.000
40	  S	  0.7	  0.6	0.222	0.000	0.000
41	  Y	  0.7	  0.6	0.110	0.000	0.000
42	  P	  0.3	  0.0	0.000	0.000	0.000
43	  I	  0.6	  0.0	0.000	0.000	0.000
44	  H	  1.0	  0.1	0.000	0.000	0.000
45	  K	  1.4	  0.2	0.000	0.000	0.000
46	  R	  1.0	  0.2	0.000	0.000	0.000
47	  K	  0.6	  0.3	0.000	0.000	0.000
48	  E	  0.4	  0.2	0.000	0.000	0.000
49	  L	  0.4	  0.3	0.000	0.000	0.000
50	  C	  0.5	  0.4	0.000	0.000	0.000
51	  G	  0.3	  0.4	0.000	0.000	0.000
52	  R	  0.2	  0.5	0.000	0.000	0.000
53	  E	  0.1	  0.4	0.000	0.000	0.000
54	  S	  0.2	  2.5	0.000	0.000	0.000
55	  S	  0.2	  3.0	0.000	0.000	0.000
56	  N	  0.1	  2.9	0.000	0.000	0.000
57	  D	  0.0	  5.4	0.000	0.000	0.000
58	  A	  0.0	  3.4	0.000	0.000	0.000
59	  S	  0.1	  2.9	0.000	0.000	0.000
60	  N	  0.0	  3.0	0.000	0.000	0.000
61	  E	  0.1	  0.4	0.000	0.000	0.000
62	  T	  0.1	  0.5	0.000	0.000	0.000
63	  S	  0.2	  1.2	0.480	0.000	0.000
64	  D	  0.1	  5.0	0.665	0.000	0.000
65	  S	  0.1	  5.1	0.665	0.000	0.000
66	  D	  0.0	  4.8	0.665	0.000	0.000
67	  K	  0.2	  4.1	0.665	0.000	0.000
68	  A	  0.2	  0.1	0.665	0.000	0.000
69	  L	  0.2	  0.2	0.529	0.000	0.000
70	  P	  0.0	  0.3	0.000	0.000	0.000
71	  H	  0.0	  0.9	0.000	0.000	0.000
72	  S	  0.1	  0.9	0.000	0.000	0.000
73	  G	  0.1	  0.7	0.000	0.000	0.000
74	  A	  0.0	  1.0	0.000	0.000	0.000
75	  P	  0.0	  0.5	0.000	0.000	0.000
76	  S	  0.3	  0.5	0.000	0.000	0.000
77	  A	  0.8	  0.5	0.000	0.000	0.000
78	  V	  1.0	  0.2	0.000	0.000	0.000
79	  S	  0.8	  0.1	0.000	0.000	0.000
80	  D	  0.2	  0.1	0.000	0.000	0.000
81	  E	  0.0	  0.1	0.000	0.000	0.000
82	  P	  0.0	  0.0	0.000	0.000	0.000
83	  A	  0.0	  0.1	0.000	0.000	0.000
84	  P	  0.0	  0.5	0.000	0.000	0.000
85	  A	  0.1	  0.5	0.000	0.000	0.000
86	  D	  0.8	  1.3	0.242	0.000	0.000
87	  V	  1.3	  1.2	0.242	0.000	0.000
88	  D	  1.3	  1.5	0.242	0.000	0.000
89	  A	  0.7	  1.6	0.242	0.000	0.000
90	  R	  0.2	  0.8	0.242	0.000	0.000
91	  G	  0.2	  0.8	0.242	0.000	0.000
92	  Y	  0.8	  0.2	0.123	0.000	0.000
93	  E	  0.7	  0.3	0.000	0.000	0.000
94	  E	  0.7	  0.3	0.000	0.000	0.000
95	  D	  0.0	  0.5	0.126	0.000	0.000
96	  E	  0.0	  0.6	0.126	0.000	0.000
97	  E	  0.0	  0.5	0.126	0.000	0.000
98	  N	  0.1	  3.5	0.126	0.000	0.000
99	  A	  0.0	  3.3	0.126	0.000	0.000
100	  D	  0.0	  3.4	0.126	0.000	0.000
101	  E	  0.0	  3.5	0.000	0.000	0.000
102	  E	  0.1	  0.5	0.000	0.000	0.000
103	  N	  0.2	  0.6	0.000	0.000	0.000
104	  S	  0.8	  1.0	0.000	0.000	0.000
105	  T	  0.8	  0.9	0.000	0.000	0.000
106	  N	  0.7	  0.9	0.000	0.000	0.000
107	  N	  0.4	  0.7	0.000	0.000	0.000
108	  L	  0.8	  0.1	0.000	0.000	0.000
109	  V	  1.0	  0.0	0.000	0.000	0.000
110	  D	  0.7	  3.6	0.000	0.000	0.000
111	  K	  0.3	  3.6	0.000	0.000	0.000
112	  D	  0.2	  3.6	0.000	0.000	0.000
113	  S	  0.3	  3.6	0.000	0.000	0.000
114	  K	  0.2	  0.3	0.000	0.000	0.000
115	  P	  0.1	  0.2	0.000	0.000	0.000
116	  T	  1.0	  0.3	0.408	0.000	0.000
117	  K	  1.2	  0.3	0.408	0.000	0.000
118	  K	  1.5	  0.2	0.408	0.000	0.000
119	  E	  0.9	  0.2	0.408	0.000	0.000
120	  K	  0.7	  0.1	0.408	0.000	0.000
121	  K	  0.7	  0.1	0.408	0.000	0.000
122	  F	  5.0	  0.0	0.121	0.000	0.000
123	  F	  6.1	  0.0	0.000	0.000	0.000
124	  C	  6.4	  0.0	0.000	0.000	0.000
125	  K	  2.3	  0.0	0.000	0.000	0.000
126	  I	  1.4	  0.0	0.000	0.000	0.000
127	  C	  1.9	  0.1	0.000	0.000	0.000
128	  N	  1.3	  0.4	0.000	0.000	0.000
129	  Q	  1.1	  0.4	0.000	0.000	0.000
130	  G	  0.2	  0.4	0.000	0.000	0.000
131	  F	  3.3	  0.3	0.000	0.000	0.000
132	  T	  4.3	  0.1	0.000	0.000	0.000
133	  R	  4.3	  0.1	0.000	0.000	0.000
134	  K	  1.3	  0.2	0.000	0.000	0.000
135	  H	  0.5	  0.2	0.000	0.000	0.000
136	  N	  0.6	  0.1	0.000	0.000	0.000
137	  M	  1.4	  0.0	0.000	0.000	0.000
138	  V	  3.5	  0.0	0.000	0.000	0.000
139	  S	  3.9	  0.0	0.000	0.000	0.000
140	  H	  3.3	  0.1	0.000	0.000	0.000
141	  E	  1.0	  0.1	0.000	0.000	0.000
142	  L	  0.8	  0.1	0.000	0.000	0.000
143	  I	  0.9	  0.1	0.000	0.000	0.000
144	  H	  0.9	  0.3	0.000	0.000	0.000
145	  S	  1.3	  1.2	0.000	0.000	0.000
146	  S	  1.2	  1.2	0.000	0.000	0.000
147	  S	  1.2	  1.2	0.000	0.000	0.000
148	  K	  0.4	  1.1	0.000	0.000	0.000
149	  P	  0.1	  0.2	0.000	0.000	0.000
150	  H	  0.8	  0.2	0.000	1.038	1.038
151	  V	  1.4	  0.2	0.000	1.038	1.038
152	  C	  6.5	  0.0	0.000	1.038	1.038
153	  T	  8.5	  0.0	0.496	1.038	1.038
154	  V	  8.4	  0.0	0.496	1.038	1.038
155	  C	  3.7	  0.1	0.496	0.182	0.182
156	  D	  1.1	  0.4	0.598	0.000	0.000
157	  L	  2.5	  0.4	0.598	0.000	0.000
158	  S	  8.1	  0.3	1.588	0.000	0.000
159	  F	  9.7	  0.4	1.435	0.000	0.000
160	  R	  9.3	  0.1	1.253	0.000	0.000
161	  R	  5.6	  0.1	1.253	0.000	0.000
162	  I	  4.0	  0.1	0.990	0.000	0.000
163	  H	  2.6	  0.1	1.139	0.000	0.000
164	  D	  0.4	  0.1	1.384	0.000	0.000
165	  L	  0.4	  0.1	1.384	0.000	0.000
166	  K	  0.5	  0.1	1.384	0.000	0.000
167	  R	  0.7	  0.1	0.984	0.000	0.000
168	  H	  0.9	  0.2	0.700	0.000	0.000
169	  E	  0.6	  0.2	0.408	0.000	0.000
170	  K	  0.8	  0.2	0.156	0.000	0.000
171	  L	  0.7	  0.2	0.000	0.000	0.000
172	  H	  0.7	  0.7	0.000	0.000	0.000
173	  S	  0.2	  0.8	0.000	0.000	0.000
174	  G	  0.1	  0.8	0.000	0.000	0.000
175	  E	  0.1	  0.8	0.000	0.000	0.000
176	  K	  0.0	  0.2	0.000	0.000	0.000
177	  P	  0.0	  0.0	0.000	0.000	0.000
178	  F	  4.8	  0.0	0.000	0.000	0.000
179	  H	  6.2	  0.0	0.000	0.000	0.000
180	  C	  8.7	  0.2	0.278	0.000	0.000
181	  E	  4.3	  0.2	0.278	0.000	0.000
182	  K	  3.4	  0.2	0.278	0.000	0.000
183	  C	  1.1	  0.2	0.278	0.000	0.000
184	  N	  0.8	  0.1	0.278	0.000	0.000
185	  R	  1.1	  0.1	0.278	0.000	0.000
186	  R	  1.3	  0.1	0.164	0.000	0.000
187	  F	  1.8	  0.1	0.000	0.000	0.000
188	  A	  1.0	  0.1	0.000	0.000	0.000
189	  R	  1.0	  0.3	0.000	0.000	0.000
190	  T	  0.5	  0.3	0.177	0.000	0.000
191	  D	  0.5	  0.4	2.549	0.000	0.000
192	  A	  0.2	  0.3	2.549	0.000	0.000
193	  L	  0.3	  0.1	2.549	0.000	0.000
194	  T	  0.9	  0.2	2.549	0.000	0.000
195	  R	  1.2	  0.1	2.549	0.000	0.000
196	  H	  1.8	  0.3	2.549	0.000	0.000
197	  L	  1.9	  0.3	1.100	0.000	0.000
198	  N	  1.5	  0.2	0.963	0.000	0.000
199	  S	  0.7	  6.1	0.418	0.000	0.000
200	  P	  0.0	  5.9	0.000	0.000	0.000
201	  N	  0.1	  5.9	0.000	0.000	0.000
202	  A	  0.1	  5.9	0.000	0.000	0.000
203	  C	  0.1	  3.8	0.000	0.000	0.000
204	  P	  0.0	  3.8	0.000	0.000	0.000
205	  G	  0.0	  3.8	0.000	0.000	0.000
206	  R	  0.0	  4.2	0.000	0.000	0.000
207	  P	  0.0	  0.5	0.000	0.000	0.000
208	  S	  0.9	  1.4	0.000	0.000	0.000
209	  S	  1.1	  1.5	0.146	0.000	0.000
210	  S	  1.2	  1.1	0.275	0.000	0.000
211	  R	  0.5	  1.1	0.275	0.000	0.000
212	  A	  0.3	  0.4	0.275	0.000	0.000
213	  S	  0.4	  0.4	0.275	0.000	0.000
214	  S	  2.6	  1.4	0.275	0.000	0.000
215	  K	  2.5	  1.5	0.129	0.000	0.000
216	  S	  2.3	  1.4	0.000	0.000	0.000
217	  N	  0.1	  1.5	0.000	0.000	0.000
218	  A	  0.1	  0.5	0.000	0.000	0.000
219	  H	  0.1	  1.1	0.000	0.000	0.000
220	  S	  0.1	  1.2	0.000	0.000	0.000
221	  G	  0.1	  1.0	0.000	0.000	0.000
222	  Q	  0.3	  0.9	0.000	0.000	0.000
223	  A	  0.3	  0.2	0.000	0.000	0.000
224	  K	  0.6	  0.1	0.000	0.000	0.000
225	  T	  0.6	  0.2	0.000	0.000	0.000
226	  E	  0.6	  0.3	0.000	0.000	0.000
227	  S	  0.4	  2.2	0.000	0.000	0.000
228	  S	  0.2	  2.8	0.143	0.000	0.000
229	  D	  0.1	  2.7	0.143	0.000	0.000
230	  S	  0.3	  2.6	0.143	0.000	0.000
231	  A	  1.7	  0.7	0.143	0.000	0.000
232	  V	  2.3	  0.0	0.143	0.000	0.000
233	  K	  2.0	  0.3	0.143	0.000	0.000
234	  P	  0.6	  0.3	0.000	0.000	0.000
235	  S	  0.8	  0.3	0.000	0.000	0.000
236	  I	  2.1	  0.3	0.000	0.000	0.000
237	  K	  2.2	  0.4	0.000	0.000	0.000
238	  S	  1.5	  0.9	0.000	0.000	0.000
239	  S	  0.4	  2.1	0.000	0.000	0.000
240	  G	  0.3	  2.2	0.000	0.000	0.000
241	  S	  1.1	  2.6	0.000	0.000	0.000
242	  S	  1.2	  2.1	0.000	0.000	0.000
243	  S	  3.1	  1.1	0.000	0.000	0.000
244	  T	  3.6	  1.1	0.000	0.000	0.000
245	  S	  3.5	  0.4	0.000	0.000	0.000
246	  S	  1.6	  0.3	0.000	0.000	0.000
247	  I	  0.3	  0.1	0.000	0.000	0.000
248	  P	  0.0	  1.0	0.000	0.000	0.000
249	  P	  0.0	  1.0	0.000	0.000	0.000
250	  D	  0.8	  1.6	0.119	0.000	0.000
251	  V	  2.3	  1.6	0.119	0.000	0.000
252	  N	  2.4	  0.7	0.443	0.000	0.000
253	  S	  2.0	  0.7	0.443	0.000	0.000
254	  L	  0.8	  0.1	0.443	0.000	0.000
255	  K	  0.9	  0.1	0.443	0.000	0.000
256	  A	  0.5	  0.0	0.324	0.000	0.000
257	  A	  0.4	  0.1	0.324	0.000	0.000
258	  T	  0.3	  0.3	0.000	0.000	0.000
259	  S	  0.3	  0.3	0.000	0.000	0.000
260	  N	  0.1	  0.5	0.000	0.000	0.000
261	  E	  0.3	  0.4	0.000	0.000	0.000
262	  T	  0.4	  0.2	0.000	0.000	0.000
263	  T	  0.4	  0.4	0.156	0.000	0.000
264	  P	  0.2	  0.3	0.156	0.000	0.000
265	  T	  0.1	  0.3	0.156	0.000	0.000
266	  E	  1.5	  0.3	0.156	0.000	0.000
267	  M	  1.9	  0.4	0.156	0.000	0.000
268	  K	  1.9	  0.6	0.156	0.000	0.000
269	  S	  0.7	  1.7	0.000	0.000	0.000
270	  G	  0.3	  2.2	0.000	0.000	0.000
271	  S	  0.3	  2.9	0.000	0.000	0.000
272	  D	  0.0	  4.0	0.000	0.000	0.000
273	  N	  0.0	  3.6	0.000	0.000	0.000
274	  S	  0.3	  4.5	0.000	0.000	0.000
275	  G	  0.3	  3.5	0.000	0.000	0.000
276	  S	  0.8	  2.1	0.000	0.000	0.000
277	  M	  0.7	  1.5	0.000	0.000	0.000
278	  K	  1.5	  0.1	0.000	0.000	0.000
279	  T	  1.1	  0.1	0.000	0.000	0.000
280	  Q	  0.9	  0.1	0.000	0.000	0.000
281	  P	  0.2	  0.0	0.000	0.000	0.000
282	  Y	  1.4	  0.1	0.000	0.000	0.000
283	  T	  1.4	  0.5	0.136	0.000	0.000
284	  G	  1.4	  0.6	0.136	0.000	0.000
285	  A	  0.2	  0.6	0.136	0.000	0.000
286	  T	  2.3	  0.6	0.136	0.000	0.000
287	  R	  2.7	  0.3	0.136	0.000	0.000
288	  S	  7.6	  0.6	0.136	0.000	0.000
289	  L	  5.6	  0.7	0.000	0.000	0.000
290	  S	  5.2	  1.1	0.000	0.000	0.000
291	  D	  0.1	  5.7	0.000	0.000	0.000
292	  S	  0.1	  5.7	0.000	0.000	0.000
293	  S	  0.3	  6.4	0.000	0.000	0.000
294	  G	  0.3	  6.0	0.000	0.000	0.000
295	  S	  4.8	  1.8	0.137	0.000	0.000
296	  L	  4.6	  1.4	0.137	0.000	0.000
297	  S	  4.6	  0.6	0.521	0.000	0.000
298	  D	  0.7	  0.6	0.664	0.000	0.000
299	  T	 11.3	  0.2	0.664	0.000	0.000
300	  I	 11.5	  0.2	0.664	0.000	0.000
301	  K	 10.9	  0.1	0.664	0.000	0.000
302	  N	  0.3	  1.2	0.527	0.000	0.000
303	  S	  0.1	  1.2	0.382	0.000	0.000
304	  N	  0.7	  1.4	0.616	0.000	0.000
305	  Y	  1.7	  1.4	0.616	0.000	0.000
306	  D	  1.8	  1.5	3.996	0.000	0.000
307	  L	  1.2	  1.5	3.996	0.000	0.000
308	  N	  0.3	  1.2	8.533	0.000	0.000
309	  R	  0.8	  1.2	8.533	0.000	0.000
310	  W	  1.7	  0.0	8.402	0.000	0.000
311	  R	  1.9	  0.0	8.238	0.000	0.000
312	  A	  1.6	  0.0	7.681	0.000	0.000
313	  Y	  2.3	  0.1	7.486	0.000	0.000
314	  Q	  2.4	  0.0	5.819	0.000	0.000
315	  H	  2.3	  0.4	3.621	0.000	0.000
316	  Q	  0.8	  0.6	2.093	0.000	0.000
317	  Q	  0.3	  0.8	1.197	0.000	0.000
318	  G	  0.1	  0.8	0.640	0.000	0.000
319	  S	  1.3	  0.5	0.267	0.000	0.000
320	  A	  1.4	  0.2	0.000	0.000	0.000
321	  T	  1.3	  0.3	0.000	0.000	0.000
322	  P	  0.1	  0.3	0.000	0.000	0.000
323	  T	  3.0	  0.3	0.000	0.000	0.000
324	  H	  4.2	  0.3	0.000	0.000	0.000
325	  K	  4.3	  0.0	0.000	0.000	0.000
326	  L	  1.4	  0.2	0.000	0.000	0.000
327	  P	  0.1	  0.2	0.000	0.000	0.000
328	  Y	  0.9	  0.2	0.000	0.000	0.000
329	  N	  1.2	  0.3	0.000	0.000	0.000
330	  T	  2.8	  0.1	0.000	0.000	0.000
331	  T	  3.6	  0.1	0.000	0.000	0.000
332	  T	  4.8	  0.1	0.000	0.000	0.000
333	  T	  4.8	  0.1	0.000	0.000	0.000
334	  T	  4.8	  0.1	0.000	0.000	0.000
335	  T	  4.7	  0.1	0.000	0.000	0.000
336	  T	  4.7	  0.1	0.000	0.000	0.000
337	  T	  4.8	  0.1	0.000	0.000	0.000
338	  T	  4.8	  0.1	0.000	0.000	0.000
339	  T	  4.9	  0.1	0.000	0.000	0.000
340	  T	  3.5	  0.1	0.000	0.000	0.000
341	  T	  1.9	  0.8	0.000	0.000	0.000
342	  E	  0.3	  1.1	0.000	0.000	0.000
343	  G	  0.0	  1.2	0.000	0.000	0.000
344	  K	  0.3	  1.2	0.000	0.000	0.000
345	  S	  1.0	  0.5	0.000	0.000	0.000
346	  H	  1.1	  1.0	0.000	0.000	0.000
347	  E	  0.8	  0.8	0.000	0.000	0.000
348	  D	  0.2	  2.3	0.124	0.000	0.000
349	  K	  0.1	  2.2	0.124	0.000	0.000
350	  N	  0.3	  3.1	0.124	0.000	0.000
351	  L	  0.5	  3.2	0.124	0.000	0.000
352	  S	  0.4	  2.0	0.124	0.000	0.000
353	  G	  0.2	  2.0	0.124	0.000	0.000
354	  G	  0.0	  0.4	0.000	0.000	0.000
355	  M	  0.6	  0.3	0.000	0.000	0.000
356	  Y	  2.0	  0.0	0.000	0.000	0.000
357	  H	  3.0	  0.0	0.000	0.000	0.000
358	  R	  4.0	  0.0	0.000	0.000	0.000
359	  V	  4.9	  0.0	0.000	0.000	0.000
360	  R	  4.3	  0.0	0.000	0.000	0.000
361	  H	  3.0	  0.1	0.000	0.000	0.000
362	  H	  0.8	  0.3	0.000	0.000	0.000
363	  S	  0.8	  0.3	0.000	0.000	0.000
364	  T	  1.5	  0.3	0.000	0.000	0.000
365	  H	  1.6	  1.0	0.000	0.000	0.000
366	  E	  1.1	  0.9	0.000	0.000	0.000
367	  N	  0.2	  0.9	0.000	0.000	0.000
368	  D	  0.1	  0.9	0.000	0.000	0.000
369	  Q	  0.2	  0.1	0.000	0.000	0.000
370	  L	  0.1	  0.9	0.000	0.000	0.000
371	  P	  0.1	  1.0	0.000	0.000	0.000
372	  N	  0.0	  1.0	0.000	0.000	0.000
373	  N	  0.0	  1.6	0.000	0.000	0.000
374	  E	  0.1	  0.8	0.000	0.000	0.000
375	  S	  0.2	  0.7	0.000	0.000	0.000
376	  L	  0.2	  0.8	0.000	0.000	0.000
377	  P	  0.1	  0.2	0.000	0.000	0.000
378	  Y	  0.9	  0.2	0.000	0.000	0.000
379	  N	  1.6	  0.2	0.000	0.000	0.000
380	  T	  1.6	  0.1	0.000	0.000	0.000
381	  Q	  0.7	  0.0	0.000	0.000	0.000
382	  P	  0.0	  0.0	0.000	0.000	0.000
383	  P	  0.0	  0.3	0.000	0.000	0.000
384	  P	  0.0	  0.3	0.000	0.000	0.000
385	  H	  1.4	  0.3	0.000	0.000	0.000
386	  H	  3.7	  0.3	0.000	0.000	0.000
387	  Y	  4.8	  0.0	0.000	0.000	0.000
388	  H	  4.1	  0.0	0.000	0.000	0.000
389	  H	  3.2	  0.0	0.000	0.000	0.000
390	  H	  4.3	  0.0	0.000	0.000	0.000
391	  Y	  4.8	  0.0	0.000	0.000	0.000
392	  H	  4.1	  0.0	0.000	0.000	0.000
393	  H	  2.5	  0.1	0.000	0.000	0.000
394	  H	  2.0	  0.1	0.000	0.000	0.000
395	  H	  2.0	  0.1	0.000	0.000	0.000
396	  H	  1.7	  0.3	0.000	0.000	0.000
397	  H	  1.0	  0.6	0.000	0.000	0.000
398	  D	  0.4	  0.7	0.000	0.000	0.000
399	  D	  0.1	  0.7	0.000	0.000	0.000
400	  E	  0.1	  0.5	0.000	0.000	0.000
401	  R	  0.1	  0.6	0.000	0.000	0.000
402	  P	  0.0	  0.8	0.000	0.000	0.000
403	  S	  0.0	  0.8	0.000	0.000	0.000
404	  N	  0.0	  1.3	0.000	0.000	0.000
405	  E	  0.0	  3.0	0.000	0.000	0.000
406	  G	  0.0	  2.8	0.000	0.000	0.000
407	  N	  0.1	  4.1	0.000	0.000	0.000
408	  S	  0.2	  5.5	0.000	0.000	0.000
409	  S	  0.2	  3.3	0.000	0.000	0.000
410	  N	  0.1	  3.3	0.000	0.000	0.000
411	  A	  0.0	  3.5	0.000	0.000	0.000
412	  P	  0.0	  1.7	0.000	0.000	0.000
413	  G	  0.0	  1.7	0.000	0.000	0.000
414	  S	 15.4	  1.9	0.000	0.000	0.000
415	  W	 16.9	  0.3	0.000	0.000	0.000
416	  S	 17.0	  0.5	0.000	0.000	0.000
417	  L	  2.1	  0.9	0.000	0.000	0.000
418	  G	  0.1	  1.0	0.000	0.000	0.000
419	  S	  0.0	  1.0	0.154	0.000	0.000
420	  D	  0.0	  0.8	0.154	0.000	0.000
421	  R	  0.2	  0.4	0.154	0.000	0.000
422	  E	  1.5	  0.1	0.154	0.000	0.000
423	  Y	  1.8	  0.1	0.154	0.000	0.000
424	  R	  1.7	  5.4	0.154	0.000	0.000
425	  P	  0.4	  5.6	0.000	0.000	0.000
426	  D	  0.0	  6.4	0.000	0.000	0.000
427	  G	  0.0	  6.5	0.000	0.000	0.000
428	  G	  0.0	  1.0	0.000	0.000	0.000
429	  Y	  1.3	  0.9	0.000	0.000	0.000
430	  R	  1.5	  0.1	0.000	0.000	0.000
431	  K	  1.5	  0.2	0.000	0.000	0.000
432	  H	  0.3	  0.7	0.000	0.000	0.000
433	  D	  0.2	  0.7	0.000	0.000	0.000
434	  D	  1.7	  0.6	0.000	0.000	0.000
435	  Y	  1.8	  0.5	0.000	0.000	0.000
436	  Y	  1.8	  0.2	0.000	0.000	0.000
437	  P	  0.2	  0.5	0.000	0.000	0.000
438	  K	  0.2	  0.5	0.000	0.000	0.000
439	  D	  2.0	  0.5	0.211	0.000	0.000
440	  I	  8.7	  0.2	0.211	0.000	0.000
441	  R	 10.0	  0.0	0.211	0.000	0.000
442	  V	  9.4	  0.0	0.211	0.000	0.000
443	  R	  2.9	  0.1	0.211	0.000	0.000
444	  R	  1.3	  0.2	0.211	0.000	0.000
445	  E	  0.2	  0.2	0.211	0.000	0.000
446	  S	  1.6	  0.8	0.102	0.000	0.000
447	  R	  1.9	  0.8	0.000	0.000	0.000
448	  S	  1.9	  0.7	0.000	0.000	0.000
449	  S	  0.3	  0.6	0.000	0.000	0.000
450	  P	  0.0	  0.3	0.000	0.000	0.000
451	  P	  0.0	  0.3	0.000	0.000	0.000
452	  T	  1.7	  0.4	0.000	0.000	0.000
453	  R	  2.4	  0.4	0.000	0.000	0.000
454	  S	  5.4	  0.1	0.000	0.000	0.000
455	  V	 11.6	  0.1	0.000	0.000	0.000
456	  T	 23.1	  0.0	0.000	0.000	0.000
457	  Y	 20.4	  0.0	0.000	0.000	0.000
458	  N	 12.8	  0.0	0.000	0.000	0.000
459	  P	  0.2	  0.0	0.000	0.000	0.000
460	  A	  0.0	  0.8	0.000	0.000	0.000
461	  P	  0.0	  0.8	0.000	0.000	0.000
462	  N	  0.1	  0.8	0.000	0.000	0.000
463	  K	  0.1	  0.8	0.000	0.000	0.000
464	  S	  0.1	  0.9	0.000	0.000	0.000
465	  P	  0.0	  0.9	0.000	0.000	0.000
466	  Y	  0.0	  1.0	0.000	0.000	0.000
467	  G	  0.0	  1.4	0.000	0.000	0.000
468	  P	  0.0	  0.5	0.000	0.000	0.000
469	  Q	  0.0	  0.5	0.000	0.000	0.000
470	  A	  0.0	  0.3	0.000	0.000	0.000
471	  P	  0.0	  0.4	0.000	0.000	0.000
472	  P	  0.0	  0.5	0.000	0.000	0.000
473	  S	  0.8	  0.5	0.000	0.000	0.000
474	  T	  1.0	  0.5	0.000	0.000	0.000
475	  Q	  1.0	  0.1	0.000	0.000	0.000
476	  P	  0.2	  0.0	0.000	0.000	0.000
477	  A	  0.0	  0.0	0.000	0.000	0.000
478	  P	  0.0	  0.0	0.000	0.000	0.000
479	  H	  0.0	  0.5	0.000	0.000	0.000
480	  P	  0.0	  0.6	0.000	0.000	0.000
481	  Q	  0.2	  0.6	0.000	0.000	0.000
482	  A	  0.4	  0.6	0.000	0.000	0.000
483	  S	  0.8	  0.1	0.536	0.000	0.000
484	  Q	  1.8	  0.1	0.536	0.000	0.000
485	  Y	  2.5	  0.1	0.536	0.000	0.000
486	  M	  2.2	  0.0	0.536	0.000	0.000
487	  M	  1.3	  0.0	0.536	0.000	0.000
488	  Q	  0.8	  0.0	0.536	0.000	0.000
489	  Q	  0.6	  0.0	0.536	0.000	0.000
490	  R	  0.4	  0.0	0.311	0.000	0.000
491	  P	  0.0	  0.3	0.000	0.000	0.000
492	  P	  0.0	  0.7	0.000	0.000	0.000
493	  E	  0.1	  0.7	0.000	0.000	0.000
494	  N	  0.7	  0.7	0.000	0.000	0.000
495	  H	  3.6	  0.5	0.000	0.000	0.000
496	  Y	  4.8	  0.1	0.000	0.000	0.000
497	  N	  4.4	  0.2	0.000	0.000	0.000
498	  Q	  2.6	  0.2	0.000	0.321	0.321
499	  Q	  3.9	  0.1	0.000	9.015	9.015
500	  F	  4.7	  0.1	0.000	59.838	59.838
501	  Y	  5.1	  0.0	0.000	62.231	62.231
502	  I	  5.2	  0.0	0.000	62.231	62.231
503	  V	  8.1	  0.0	0.000	62.231	62.231
504	  S	  9.5	  0.0	0.000	55.378	55.378
505	  Y	  8.0	  0.6	0.000	34.701	34.701
506	  Q	  4.2	  0.6	0.000	1.380	1.380
507	  D	  1.2	  0.7	0.000	0.000	0.000
508	  G	  0.0	  1.0	0.000	0.000	0.000
509	  P	  0.0	  0.4	0.000	0.000	0.000
510	  H	  0.7	  0.4	0.000	0.000	0.000
511	  A	  0.7	  0.4	0.000	0.000	0.000
512	  S	  0.7	  0.5	0.000	0.000	0.000
513	  P	  0.0	  0.7	0.000	0.000	0.000
514	  M	  0.2	  0.7	0.000	0.000	0.000
515	  G	  0.3	  0.7	0.000	0.000	0.000
516	  M	  4.4	  0.2	0.000	0.000	0.000
517	  R	  4.3	  0.0	0.000	0.000	0.000
518	  V	  4.3	  0.0	0.000	0.000	0.000
519	  P	  0.2	  0.0	0.000	0.000	0.000
520	  F	  0.7	  0.0	0.000	0.000	0.000
521	  M	  0.7	  1.5	0.000	0.000	0.000
522	  G	  0.7	  1.5	0.000	0.000	0.000
523	  N	  0.0	  1.5	0.000	0.000	0.000
524	  N	  0.0	  6.6	0.000	0.000	0.000
525	  P	  0.0	  5.1	0.000	0.000	0.000
526	  G	  0.0	  5.2	0.000	0.000	0.000
527	  Q	  0.1	  5.3	0.000	0.000	0.000
528	  S	  0.1	  0.3	0.000	0.000	0.000
529	  E	  0.2	  0.2	0.000	0.000	0.000
530	  A	  0.1	  0.1	0.000	0.000	0.000
531	  A	  0.1	  0.1	0.000	0.000	0.000
532	  P	  0.0	  0.0	0.000	0.000	0.000
533	  P	  0.0	  0.0	0.000	0.000	0.000
534	  L	  0.0	  3.3	0.000	0.000	0.000
535	  P	  0.0	  3.3	0.000	0.000	0.000
536	  G	  0.1	  3.3	0.000	0.000	0.000
537	  W	  0.3	  3.3	0.000	0.000	0.000
538	  S	  0.3	  0.4	0.000	0.000	0.000
539	  P	  0.2	  0.4	0.000	0.000	0.000
540	  Q	  0.1	  0.5	0.000	0.000	0.000
541	  H	  0.4	  0.5	0.000	0.000	0.000
542	  S	  0.4	  0.1	0.000	0.000	0.000
543	  K	  0.3	  0.2	0.000	0.000	0.000
544	  P	  0.1	  0.1	0.000	0.000	0.000
545	  E	  0.0	  0.1	0.000	0.000	0.000
546	  T	  0.0	  0.3	0.244	0.000	0.000
547	  P	  0.0	  0.2	0.244	0.000	0.000
548	  L	  0.0	  0.5	0.244	0.000	0.000
549	  A	  0.0	  0.7	0.244	0.000	0.000
550	  G	  0.0	  0.6	0.244	0.000	0.000
551	  E	  0.0	  0.7	0.244	0.000	0.000
552	  G	  0.0	  2.3	0.000	0.000	0.000
553	  P	  0.0	  2.4	0.000	0.000	0.000
554	  S	  0.3	  3.0	0.000	0.000	0.000
555	  G	  0.3	  3.0	0.000	0.000	0.000
556	  S	  1.8	  1.9	0.000	0.000	0.000
557	  Q	  1.5	  2.2	0.000	0.000	0.000
558	  S	  1.5	  2.0	0.000	0.000	0.000
559	  D	  0.0	  1.9	0.000	0.000	0.000
560	  G	  0.0	  1.1	0.000	0.000	0.000
561	  W	  0.9	  0.5	0.000	0.000	0.000
562	  V	  2.7	  0.0	0.000	0.000	0.000
563	  S	  2.7	  0.0	0.000	0.000	0.000
564	  R	  1.8	  0.2	0.000	0.000	0.000
565	  P	  0.1	  0.2	0.000	0.000	0.000
566	  T	  0.2	  0.2	0.000	0.000	0.000
567	  L	  0.2	  0.2	0.000	0.000	0.000
568	  P	  0.2	  0.0	0.000	0.000	0.000
569	  M	  0.7	  0.1	0.000	0.000	0.000
570	  R	  0.8	  0.1	0.000	0.000	0.000
571	  S	  0.8	  0.3	0.000	0.000	0.000
572	  E	  0.3	  0.3	0.000	0.000	0.000
573	  K	  1.0	  0.2	0.000	0.000	0.000
574	  F	  1.2	  0.1	0.000	0.000	0.000
575	  V	  1.0	  0.0	0.000	0.000	0.000
576	  P	  0.2	  0.0	0.000	0.000	0.000
577	  I	  0.7	  0.1	0.000	0.000	0.000
578	  S	  0.9	  0.1	0.000	0.000	0.000
579	  K	  1.7	  0.1	0.000	0.000	0.000
580	  Y	  1.5	  0.2	0.000	0.000	0.000
581	  N	  1.2	  0.1	0.000	0.000	0.000
582	  D	  0.5	  0.1	0.000	0.000	0.000
583	  L	  0.4	  0.1	0.000	2.759	2.759
584	  V	  8.1	  0.0	0.000	2.759	2.759
585	  T	 25.8	  0.0	0.000	2.759	2.759
586	  Y	 27.7	  0.0	0.000	2.759	2.759
587	  T	 21.5	  0.1	0.000	2.759	2.759
588	  S	  3.6	  0.1	0.000	0.307	0.307
589	  Q	  1.8	  0.1	0.000	0.000	0.000
590	  L	  1.1	  0.2	0.000	0.000	0.000
591	  Q	  1.1	  0.3	0.000	0.000	0.000
592	  D	  0.3	  0.4	0.168	0.000	0.000
593	  S	  0.2	  0.4	0.168	0.000	0.000
594	  L	  0.2	  0.3	0.168	0.000	0.000
595	  A	  0.7	  0.3	0.168	0.000	0.000
596	  S	  3.1	  1.1	1.279	0.000	0.000
597	  M	  3.3	  1.1	1.279	0.000	0.000
598	  D	  3.0	  1.1	2.917	0.000	0.000
599	  S	  0.5	  1.1	4.416	0.000	0.000
600	  R	  0.5	  0.2	4.416	0.000	0.000
601	  L	  1.6	  0.2	4.416	0.000	0.000
602	  K	  1.8	  0.1	4.416	0.000	0.000
603	  L	  1.6	  0.0	4.137	0.000	0.000
604	  L	  0.3	  0.3	3.574	0.000	0.000
605	  E	  0.1	  0.6	2.845	0.000	0.000
606	  G	  0.0	  1.8	1.397	0.000	0.000
607	  G	  0.0	  1.8	0.344	0.000	0.000
608	  N	  0.1	  2.0	0.000	0.000	0.000
609	  S	  0.1	  2.4	0.000	0.000	0.000
610	  Q	  0.1	  1.2	0.000	0.000	0.000
611	  G	  0.0	  1.2	0.165	0.000	0.000
612	  Q	  0.2	  0.8	0.165	0.000	0.000
613	  K	  0.5	  0.1	0.165	0.000	0.000
614	  R	  0.5	  0.1	0.165	0.000	0.000
615	  E	  0.3	  0.1	0.165	0.000	0.000
616	  E	  0.0	  0.0	0.165	0.000	0.000
617	  P	  0.0	  0.0	0.000	0.000	0.000
618	  L	  0.1	  0.1	0.000	0.000	0.000
619	  E	  0.1	  0.1	0.000	0.000	0.000
620	  S	  0.2	  0.1	0.000	0.000	0.000
621	  E	  0.1	  0.1	0.000	0.000	0.000
622	  K	  0.1	  0.3	0.000	0.000	0.000
623	  P	  0.0	  0.3	0.000	0.000	0.000
624	  T	  1.0	  0.3	0.000	0.000	0.000
625	  K	  1.1	  0.4	0.000	0.000	0.000
626	  K	  1.1	  0.2	0.000	0.000	0.000
627	  K	  0.6	  0.4	0.000	0.000	0.000
628	  S	  0.6	  0.7	0.000	0.000	0.000
629	  K	  0.6	  0.6	0.000	0.000	0.000
630	  G	  0.1	  0.5	0.000	0.000	0.000
631	  N	  0.0	  0.4	0.000	0.000	0.000
