res	aa	Beta	Turn	Helix	Aggregation	Conc-Stab_Aggregation
01	  M	  3.4	  0.0	0.000	0.000	0.000
02	  S	  3.5	  0.0	0.000	0.000	0.000
03	  I	  3.5	  0.0	0.000	0.000	0.000
04	  P	  0.1	  0.1	0.000	0.000	0.000
05	  E	  0.1	  0.1	0.000	0.000	0.000
06	  T	  1.9	  0.1	0.000	0.000	0.000
07	  Q	  2.0	  0.2	0.000	0.000	0.000
08	  K	  2.1	  0.1	0.000	0.163	0.163
09	  A	  1.3	  0.1	0.000	0.163	0.163
10	  V	  3.4	  0.0	0.000	0.163	0.163
11	  I	  4.0	  0.0	0.000	0.163	0.163
12	  F	  3.4	  0.1	0.000	0.163	0.163
13	  E	  1.4	  0.2	0.000	0.163	0.163
14	  T	  0.6	  0.5	0.000	0.000	0.000
15	  N	  0.1	  0.5	0.000	0.000	0.000
16	  G	  0.0	  0.4	0.000	0.000	0.000
17	  G	  0.0	  0.5	0.182	0.000	0.000
18	  P	  0.0	  0.3	0.182	0.000	0.000
19	  L	  0.5	  0.3	0.182	0.000	0.000
20	  L	  0.7	  0.2	0.182	0.000	0.000
21	  Y	  1.2	  0.5	0.182	0.000	0.000
22	  K	  1.0	  0.5	0.182	0.000	0.000
23	  D	  0.9	  0.5	0.000	0.000	0.000
24	  I	  0.6	  0.5	0.000	0.000	0.000
25	  P	  0.2	  0.0	0.000	0.000	0.000
26	  V	  0.1	  0.0	0.000	0.000	0.000
27	  P	  0.0	  0.0	0.000	0.000	0.000
28	  K	  0.0	  0.0	0.000	0.000	0.000
29	  P	  0.0	  0.0	0.000	0.000	0.000
30	  K	  0.0	  0.2	0.189	0.000	0.000
31	  P	  0.0	  0.2	0.668	0.000	0.000
32	  T	  0.1	  0.3	2.213	0.000	0.000
33	  E	  0.1	  0.3	2.316	0.000	0.000
34	  L	  0.8	  0.1	2.316	21.820	21.820
35	  L	  1.2	  0.0	2.316	21.820	21.820
36	  I	 10.5	  0.0	2.316	21.820	21.820
37	  N	 11.8	  0.0	2.316	21.820	21.820
38	  V	 14.1	  0.0	1.526	21.820	21.820
39	  K	  5.8	  0.0	1.526	0.000	0.000
40	  Y	  4.5	  0.4	0.247	0.000	0.000
41	  S	  1.8	  0.4	0.000	0.000	0.000
42	  G	  1.2	  0.4	0.000	0.000	0.000
43	  V	  1.1	  0.4	0.000	0.000	0.000
44	  C	  1.5	  0.1	0.000	0.000	0.000
45	  H	  1.8	  0.2	0.000	0.000	0.000
46	  T	  0.9	  0.2	0.000	0.000	0.000
47	  D	  0.5	  0.2	0.260	0.000	0.000
48	  L	  0.5	  0.2	0.260	0.000	0.000
49	  H	  0.7	  0.2	0.260	0.000	0.000
50	  A	  0.9	  0.1	0.260	0.000	0.000
51	  W	  0.6	  0.6	0.260	0.000	0.000
52	  K	  0.2	  0.6	0.260	0.000	0.000
53	  G	  0.1	  0.5	0.000	0.000	0.000
54	  D	  0.1	  0.5	0.000	0.000	0.000
55	  W	  0.1	  0.0	0.000	0.000	0.000
56	  P	  0.1	  0.0	0.000	0.000	0.000
57	  L	  0.0	  0.2	0.000	0.000	0.000
58	  P	  0.0	  0.3	0.000	0.000	0.000
59	  T	  1.8	  0.3	0.000	0.000	0.000
60	  K	  1.9	  0.3	0.000	0.000	0.000
61	  L	  1.9	  0.0	0.000	0.000	0.000
62	  P	  0.1	  0.0	0.000	0.000	0.000
63	  L	  0.2	  0.0	0.000	0.000	0.000
64	  V	  0.2	  1.6	0.000	0.000	0.000
65	  G	  0.2	  1.7	0.000	0.000	0.000
66	  G	  0.1	  1.7	0.000	0.000	0.000
67	  H	  0.0	  2.6	0.000	0.000	0.000
68	  E	  0.0	  1.4	0.000	0.000	0.000
69	  G	  0.0	  1.7	0.000	0.349	0.349
70	  A	  0.0	  1.6	0.000	3.669	3.669
71	  G	  0.0	  0.8	0.000	11.555	11.555
72	  V	 11.5	  0.3	0.000	85.750	85.750
73	  V	 15.3	  0.0	0.000	86.257	86.257
74	  V	 21.2	  0.0	0.000	86.257	86.257
75	  A	 10.2	  0.1	0.000	85.697	85.697
76	  V	  6.3	  0.3	0.000	84.020	84.020
77	  G	  0.2	  0.6	0.000	7.408	7.408
78	  E	  0.1	  0.6	0.000	0.000	0.000
79	  N	  2.4	  0.5	0.000	0.000	0.000
80	  V	  2.9	  1.0	0.000	0.000	0.000
81	  K	  2.9	  0.7	0.000	0.000	0.000
82	  G	  0.6	  0.7	0.000	0.000	0.000
83	  W	  1.5	  0.7	0.000	0.000	0.000
84	  Q	  1.5	  0.0	0.000	0.000	0.000
85	  V	  1.5	  1.5	0.000	0.000	0.000
86	  G	  0.1	  1.5	0.000	0.000	0.000
87	  D	  0.1	  1.5	0.397	0.000	0.000
88	  L	  0.0	  1.7	0.397	0.000	0.000
89	  A	  0.1	  0.3	0.397	0.000	0.000
90	  G	  0.2	  0.2	0.397	0.000	0.000
91	  I	  2.6	  0.2	0.397	0.000	0.000
92	  K	  2.7	  0.0	0.397	0.000	0.000
93	  W	  3.2	  0.1	0.139	0.000	0.000
94	  L	  1.1	  0.1	0.139	0.000	0.000
95	  N	  1.0	  1.8	0.000	0.000	0.000
96	  S	  1.0	  1.8	0.000	0.000	0.000
97	  S	  8.0	  2.1	0.000	0.000	0.000
98	  C	  8.4	  2.2	0.000	0.000	0.000
99	  N	  8.2	  0.6	0.000	0.000	0.000
100	  S	  9.0	  0.5	0.000	0.000	0.000
101	  C	  9.6	  0.1	0.000	0.000	0.000
102	  E	  9.8	  0.1	0.000	0.000	0.000
103	  F	  3.7	  0.0	0.000	0.000	0.000
104	  C	  2.5	  0.1	0.000	0.000	0.000
105	  Q	  2.0	  0.1	0.000	0.000	0.000
106	  T	  0.7	  0.2	0.000	0.000	0.000
107	  T	  0.8	  0.2	0.000	0.000	0.000
108	  N	  0.6	  0.1	0.000	0.000	0.000
109	  E	  0.1	  0.9	0.000	0.000	0.000
110	  P	  0.0	  0.8	0.000	0.000	0.000
111	  N	  0.1	  0.8	0.000	0.000	0.000
112	  C	  0.8	  1.2	0.000	0.000	0.000
113	  A	  1.0	  0.4	0.000	0.000	0.000
114	  S	  1.2	  2.9	0.000	0.000	0.000
115	  A	  0.5	  2.9	0.000	0.000	0.000
116	  D	  0.5	  4.6	0.000	0.000	0.000
117	  L	  0.3	  5.0	0.000	0.000	0.000
118	  S	  0.3	  2.5	0.000	0.000	0.000
119	  G	  0.3	  2.4	0.000	0.000	0.000
120	  Y	  4.0	  0.4	0.000	0.000	0.000
121	  T	  4.6	  0.2	0.000	0.000	0.000
122	  H	  4.5	  1.0	0.000	0.000	0.000
123	  D	  0.7	  1.2	0.000	0.000	0.000
124	  G	  0.1	  1.2	0.000	0.000	0.000
125	  S	  3.1	  1.0	0.000	0.000	0.000
126	  F	  4.9	  0.3	0.000	0.000	0.000
127	  Q	  6.0	  0.1	0.000	0.000	0.000
128	  Q	  3.4	  0.1	0.000	0.000	0.000
129	  Y	  1.9	  0.1	0.000	0.000	0.000
130	  A	  0.8	  0.0	0.000	0.000	0.000
131	  T	  0.6	  0.5	0.431	0.000	0.000
132	  A	  0.3	  0.5	0.431	0.000	0.000
133	  D	  0.3	  0.5	1.034	0.000	0.000
134	  A	  0.5	  0.5	1.034	0.000	0.000
135	  I	  1.5	  0.0	1.034	0.000	0.000
136	  H	  1.7	  0.0	1.034	0.000	0.000
137	  A	  1.2	  0.0	1.034	0.000	0.000
138	  A	  1.4	  0.0	1.034	0.000	0.000
139	  R	  1.6	  0.0	0.656	0.000	0.000
140	  I	  1.5	  0.3	0.000	0.000	0.000
141	  P	  0.4	  0.6	0.000	0.000	0.000
142	  K	  0.0	  0.8	0.000	0.000	0.000
143	  G	  0.1	  0.9	0.000	0.000	0.000
144	  T	  0.2	  0.6	0.000	0.000	0.000
145	  D	  0.2	  0.3	0.000	0.000	0.000
146	  L	  0.2	  0.1	0.000	0.000	0.000
147	  A	  0.2	  0.0	0.000	0.000	0.000
148	  Q	  0.6	  0.0	0.000	0.000	0.000
149	  V	  1.1	  0.0	0.000	0.000	0.000
150	  A	  0.9	  0.0	0.000	0.000	0.000
151	  P	  0.5	  0.0	0.000	0.000	0.000
152	  I	  1.8	  0.0	0.000	10.107	10.107
153	  L	  2.1	  0.0	0.000	10.896	10.896
154	  C	  2.2	  0.4	0.000	11.002	11.002
155	  A	  0.5	  0.5	0.000	11.818	11.818
156	  G	  0.4	  0.5	0.000	12.564	12.564
157	  I	 17.6	  0.5	0.000	12.564	12.564
158	  T	 22.3	  0.1	0.904	11.914	11.914
159	  V	 23.0	  0.0	0.904	11.527	11.527
160	  Y	  7.2	  0.0	0.904	9.125	9.125
161	  K	  1.9	  0.0	0.904	0.000	0.000
162	  A	  1.1	  0.0	0.904	0.000	0.000
163	  L	  0.4	  0.1	0.904	0.000	0.000
164	  K	  0.7	  0.1	0.730	0.000	0.000
165	  T	  0.8	  0.4	0.353	0.000	0.000
166	  A	  0.7	  0.4	0.353	0.000	0.000
167	  N	  0.6	  0.4	0.699	0.000	0.000
168	  L	  0.6	  0.4	0.546	0.000	0.000
169	  K	  0.6	  0.5	0.546	0.000	0.000
170	  A	  0.4	  0.5	0.456	0.000	0.000
171	  G	  0.1	  0.5	0.346	0.000	0.000
172	  Q	  1.0	  0.5	0.346	1.454	1.454
173	  W	  2.5	  0.0	0.000	6.242	6.242
174	  V	  5.6	  0.0	0.000	6.242	6.242
175	  A	  5.0	  0.0	0.000	6.242	6.242
176	  I	  4.7	  0.1	0.000	6.242	6.242
177	  S	  1.6	  0.3	0.000	4.950	4.950
178	  G	  1.2	  0.5	0.000	0.896	0.896
179	  A	  0.1	  0.8	0.000	0.547	0.547
180	  A	  0.1	  1.0	0.000	0.251	0.251
181	  G	  0.0	  0.8	0.000	0.000	0.000
182	  G	  0.0	  0.9	0.000	0.000	0.000
183	  L	  0.0	  1.0	0.000	0.239	0.239
184	  G	  0.0	  0.7	0.601	0.239	0.239
185	  S	  0.1	  0.6	2.263	0.239	0.239
186	  L	  0.4	  0.4	2.263	0.665	0.665
187	  A	  0.9	  0.1	2.376	0.665	0.665
188	  V	  4.0	  0.0	2.506	0.665	0.665
189	  Q	  4.1	  0.0	2.759	0.426	0.426
190	  Y	  4.2	  0.0	2.550	0.426	0.426
191	  A	  1.0	  0.0	2.380	0.195	0.195
192	  K	  0.6	  0.0	2.244	0.000	0.000
193	  A	  0.2	  0.1	1.809	0.000	0.000
194	  M	  0.3	  0.1	1.809	0.000	0.000
195	  G	  0.3	  0.1	1.583	0.000	0.000
196	  Y	  4.2	  0.1	0.607	0.000	0.000
197	  R	  6.1	  0.0	0.114	0.000	0.000
198	  V	  7.0	  0.0	0.000	0.000	0.000
199	  V	  3.6	  0.1	0.000	0.000	0.000
200	  G	  1.6	  0.3	0.000	0.000	0.000
201	  I	  1.2	  0.4	0.000	0.000	0.000
202	  D	  0.8	  1.6	0.000	0.000	0.000
203	  G	  0.6	  1.8	0.000	0.000	0.000
204	  G	  0.0	  2.5	0.000	0.000	0.000
205	  E	  0.0	  2.5	0.000	0.000	0.000
206	  G	  0.0	  1.4	0.334	0.000	0.000
207	  K	  0.2	  1.2	0.334	0.000	0.000
208	  E	  0.2	  0.3	0.334	0.000	0.000
209	  E	  0.5	  0.1	0.334	0.000	0.000
210	  F	  0.9	  0.1	0.334	0.000	0.000
211	  A	  1.0	  0.1	0.334	0.000	0.000
212	  K	  0.8	  0.2	0.334	0.000	0.000
213	  S	  0.4	  0.4	0.648	0.000	0.000
214	  L	  0.4	  0.5	0.482	0.000	0.000
215	  G	  0.2	  0.5	0.482	0.000	0.000
216	  A	  0.0	  0.4	0.482	0.000	0.000
217	  E	  0.1	  0.2	0.482	0.000	0.000
218	  A	  0.4	  0.1	0.482	0.987	0.987
219	  F	  1.6	  0.1	0.482	2.154	2.154
220	  V	  3.4	  0.1	0.000	2.333	2.333
221	  D	  3.8	  0.1	0.000	2.333	2.333
222	  F	  6.4	  0.1	0.000	2.333	2.333
223	  T	  6.3	  0.0	0.000	2.333	2.333
224	  K	  9.4	  0.0	0.000	2.333	2.333
225	  V	  7.0	  0.1	0.000	1.980	1.980
226	  K	  5.6	  0.1	0.000	0.000	0.000
227	  D	  1.8	  0.1	0.000	0.000	0.000
228	  I	  0.5	  0.1	0.000	0.000	0.000
229	  P	  0.1	  0.0	0.202	0.000	0.000
230	  A	  0.2	  0.0	0.202	0.000	0.000
231	  E	  6.4	  0.0	0.202	0.000	0.000
232	  I	  6.8	  0.0	0.202	0.000	0.000
233	  K	  6.8	  0.0	0.202	0.000	0.000
234	  K	  5.6	  0.0	0.202	0.000	0.000
235	  I	  5.7	  0.1	0.000	0.000	0.000
236	  T	  5.6	  0.3	0.000	0.000	0.000
237	  N	  0.5	  0.3	0.000	0.000	0.000
238	  G	  0.0	  0.4	0.000	0.000	0.000
239	  G	  0.0	  1.2	0.000	0.000	0.000
240	  P	  0.0	  1.2	0.000	0.000	0.000
241	  H	  0.1	  1.2	0.000	0.000	0.000
242	  G	  0.1	  1.1	0.000	0.620	0.620
243	  V	  4.8	  0.2	0.000	4.517	4.517
244	  I	 12.4	  0.0	0.000	4.732	4.732
245	  N	 13.5	  0.0	0.000	4.732	4.732
246	  V	 17.0	  0.0	0.000	4.732	4.732
247	  S	 17.3	  0.1	1.218	4.386	4.386
248	  V	 16.4	  0.1	1.218	3.915	3.915
249	  S	  9.7	  0.2	2.779	0.381	0.381
250	  E	  0.3	  0.2	2.779	0.000	0.000
251	  A	  0.2	  0.1	2.779	0.000	0.000
252	  A	  0.4	  0.0	2.779	0.000	0.000
253	  M	  0.5	  0.0	2.643	0.000	0.000
254	  Q	  0.5	  0.1	2.182	0.000	0.000
255	  Q	  0.6	  0.1	1.134	0.000	0.000
256	  S	  4.0	  0.1	0.477	0.000	0.000
257	  V	  7.2	  0.1	0.000	0.112	0.112
258	  E	  7.0	  0.0	0.000	0.112	0.112
259	  Y	  4.9	  0.0	0.000	0.112	0.112
260	  V	  3.6	  0.0	0.000	0.112	0.112
261	  R	  3.8	  0.2	0.000	0.112	0.112
262	  S	  2.3	  0.3	0.153	0.286	0.286
263	  T	  0.5	  0.4	0.153	1.935	1.935
264	  G	  0.1	  0.3	0.153	8.398	8.398
265	  T	  5.2	  0.1	0.153	75.110	75.110
266	  V	 12.5	  0.0	0.153	84.902	84.902
267	  V	 18.1	  0.0	0.153	84.960	84.960
268	  L	 13.4	  0.0	0.153	84.940	84.940
269	  V	  6.7	  0.0	0.153	84.373	84.373
270	  G	  0.6	  0.0	0.153	16.405	16.405
271	  L	  0.5	  0.2	0.000	1.230	1.230
272	  P	  0.0	  0.7	0.250	0.654	0.654
273	  A	  0.0	  0.8	0.250	0.000	0.000
274	  G	  0.0	  0.8	0.480	0.000	0.000
275	  A	  0.3	  0.6	0.480	0.000	0.000
276	  K	  2.4	  0.1	0.480	0.000	0.000
277	  V	  3.5	  0.0	0.480	21.762	21.762
278	  A	  3.3	  0.1	0.480	23.428	23.428
279	  A	  1.7	  0.1	0.480	23.428	23.428
280	  S	  1.4	  0.1	0.480	23.428	23.428
281	  V	  4.3	  0.1	0.000	23.801	23.801
282	  F	  4.7	  0.2	0.000	22.248	22.248
283	  D	  4.0	  0.2	0.000	0.477	0.477
284	  S	  1.8	  0.2	0.000	0.477	0.477
285	  V	  3.3	  0.2	0.000	0.477	0.477
286	  V	  5.7	  0.0	0.000	0.477	0.477
287	  K	  5.3	  0.0	0.000	0.477	0.477
288	  S	  7.5	  0.3	0.000	0.328	0.328
289	  V	 11.2	  0.3	0.000	0.328	0.328
290	  N	 13.7	  0.2	0.000	0.000	0.000
291	  I	 11.3	  0.3	0.000	0.000	0.000
292	  R	  5.3	  0.3	0.000	0.000	0.000
293	  G	  2.0	  0.3	0.000	0.000	0.000
294	  S	  0.9	  0.3	0.000	0.000	0.000
295	  Y	  1.6	  0.2	0.000	0.000	0.000
296	  V	  1.6	  1.3	0.000	0.000	0.000
297	  G	  0.7	  1.3	0.000	0.000	0.000
298	  N	  0.1	  1.4	0.000	0.000	0.000
299	  R	  0.2	  2.0	0.000	0.000	0.000
300	  A	  0.2	  0.8	0.000	0.000	0.000
301	  D	  0.2	  0.9	0.000	0.000	0.000
302	  S	  0.4	  1.0	0.308	0.000	0.000
303	  A	  0.4	  0.3	0.308	0.000	0.000
304	  E	  0.4	  0.2	0.308	0.000	0.000
305	  A	  0.3	  0.2	0.308	0.000	0.000
306	  I	  3.3	  0.1	0.308	0.000	0.000
307	  D	  4.2	  0.1	0.308	0.000	0.000
308	  F	  6.1	  0.1	0.150	0.000	0.000
309	  F	  4.8	  0.2	0.000	0.000	0.000
310	  S	  3.8	  0.3	0.450	0.000	0.000
311	  R	  1.7	  0.3	0.450	0.000	0.000
312	  G	  0.1	  0.3	0.450	0.000	0.000
313	  L	  0.4	  0.1	0.450	0.000	0.000
314	  I	  5.8	  0.0	0.450	0.000	0.000
315	  K	  5.8	  0.0	0.450	0.000	0.000
316	  C	  5.5	  0.0	0.450	0.000	0.000
317	  P	  0.1	  0.0	0.000	0.000	0.000
318	  I	  7.4	  0.0	0.000	0.000	0.000
319	  K	  9.2	  0.0	0.000	0.000	0.000
320	  V	 10.2	  0.0	0.000	1.460	1.460
321	  V	  3.2	  0.1	0.000	1.460	1.460
322	  G	  1.3	  0.1	0.000	1.460	1.460
323	  L	  0.3	  0.1	0.000	1.460	1.460
324	  S	  0.1	  0.1	0.000	1.460	1.460
325	  E	  0.1	  0.0	0.000	0.000	0.000
326	  L	  0.1	  0.6	0.000	0.000	0.000
327	  P	  0.0	  0.6	0.000	0.000	0.000
328	  N	  4.1	  0.6	1.357	0.000	0.000
329	  V	  5.2	  0.6	1.357	0.000	0.000
330	  Y	  6.5	  0.1	1.357	0.000	0.000
331	  K	  2.7	  0.1	1.357	0.000	0.000
332	  L	  1.6	  0.1	1.357	0.000	0.000
333	  M	  0.3	  0.3	1.479	0.000	0.000
334	  E	  0.1	  0.6	1.713	0.000	0.000
335	  E	  0.0	  0.7	1.558	0.000	0.000
336	  G	  0.0	  0.7	1.631	0.000	0.000
337	  K	  0.6	  0.5	0.923	0.000	0.000
338	  I	  1.7	  0.1	0.605	0.000	0.000
339	  L	  1.7	  0.6	0.605	0.000	0.000
340	  G	  1.1	  0.6	0.605	0.000	0.000
341	  R	  0.8	  0.6	0.605	0.000	0.000
342	  Y	  2.9	  0.6	0.000	0.000	0.000
343	  V	  6.6	  0.0	0.000	0.000	0.000
344	  V	  6.6	  0.0	0.000	0.000	0.000
345	  D	  4.6	  0.5	0.000	0.000	0.000
346	  T	  2.1	  0.5	0.000	0.000	0.000
347	  S	  1.3	  0.5	0.000	0.000	0.000
348	  K	  1.2	  0.5	0.000	0.000	0.000
