res	aa	Beta	Turn	Helix	Aggregation	Conc-Stab_Aggregation
01	  M	  2.4	  0.0	0.000	0.061	0.061
02	  V	  3.5	  0.0	0.000	81.893	81.893
03	  L	  3.6	  0.4	0.000	84.546	84.546
04	  A	  1.8	  0.4	0.000	85.257	85.257
05	  S	  1.2	  0.4	0.000	85.750	85.750
06	  F	  1.8	  0.4	0.000	89.523	89.523
07	  L	  1.3	  0.0	0.000	88.836	88.836
08	  L	  0.9	  0.0	0.000	83.724	83.724
09	  G	  0.2	  0.0	0.328	53.894	53.894
10	  L	  0.2	  0.0	0.328	51.179	51.179
11	  A	  0.2	  0.0	0.328	34.105	34.105
12	  A	  0.3	  0.0	0.328	17.456	17.456
13	  C	  4.2	  0.0	0.328	3.357	3.357
14	  S	  7.0	  0.9	0.328	0.938	0.938
15	  A	  7.3	  0.9	0.108	0.652	0.652
16	  S	  8.2	  1.2	0.108	0.409	0.409
17	  V	  5.8	  1.2	0.000	0.381	0.381
18	  N	  5.4	  0.9	0.121	0.014	0.014
19	  A	  1.2	  0.9	0.121	0.000	0.000
20	  S	  2.0	  0.6	0.121	0.000	0.000
21	  V	  3.5	  0.6	0.121	0.000	0.000
22	  K	  3.1	  0.3	0.121	0.000	0.000
23	  E	  1.5	  0.4	0.121	0.000	0.000
24	  G	  0.1	  0.4	0.121	0.327	0.327
25	  I	  0.3	  0.4	0.000	0.976	0.976
26	  F	  0.7	  0.2	0.000	0.976	0.976
27	  D	  0.7	  0.1	0.000	0.976	0.976
28	  K	  1.0	  0.1	0.000	0.976	0.976
29	  I	  1.9	  0.1	0.000	0.976	0.976
30	  L	  3.5	  0.0	0.000	0.976	0.976
31	  S	  7.8	  0.0	0.000	0.575	0.575
32	  I	  6.5	  0.0	0.000	0.575	0.575
33	  T	  5.0	  0.0	0.000	0.000	0.000
34	  P	  0.0	  0.3	0.000	0.000	0.000
35	  P	  0.0	  0.7	0.000	0.000	0.000
36	  E	  0.0	  0.7	0.000	0.000	0.000
37	  D	  0.1	  0.7	0.000	0.000	0.000
38	  S	  0.2	  0.4	0.000	0.000	0.000
39	  L	  0.1	  0.2	0.000	0.000	0.000
40	  P	  0.1	  0.1	0.000	0.000	0.000
41	  E	  0.0	  0.1	0.000	0.000	0.000
42	  T	  0.0	  0.5	0.000	0.000	0.000
43	  P	  0.0	  0.4	0.000	0.000	0.000
44	  S	 14.7	  0.6	0.000	0.000	0.000
45	  W	 16.4	  0.6	0.000	0.000	0.000
46	  S	 17.0	  0.3	0.000	0.000	0.000
47	  A	  3.4	  0.3	0.000	0.000	0.000
48	  T	  6.2	  0.1	0.000	0.000	0.000
49	  V	  8.0	  0.1	0.000	0.000	0.000
50	  E	  8.3	  0.0	0.000	0.000	0.000
51	  W	  6.6	  0.0	0.000	0.000	0.000
52	  S	 10.4	  0.2	1.642	0.000	0.000
53	  F	  9.7	  0.3	1.642	0.000	0.000
54	  D	  6.6	  0.5	1.642	0.000	0.000
55	  E	  0.4	  0.8	1.642	0.000	0.000
56	  K	  0.2	  5.4	1.642	0.000	0.000
57	  N	  0.2	  5.4	1.642	0.000	0.000
58	  G	  0.1	  5.2	0.703	0.000	0.000
59	  V	  2.0	  4.9	0.145	0.000	0.000
60	  K	  2.0	  0.3	0.145	0.000	0.000
61	  A	  2.0	  2.3	0.000	0.000	0.000
62	  G	  0.1	  2.4	0.000	0.000	0.000
63	  D	  1.5	  2.3	0.183	0.000	0.000
64	  T	  6.3	  2.1	0.486	0.147	0.147
65	  F	  7.8	  0.1	0.486	0.147	0.147
66	  V	  8.5	  0.0	0.486	0.147	0.147
67	  L	  5.8	  0.0	0.486	0.147	0.147
68	  H	  4.4	  0.0	0.486	0.147	0.147
69	  M	  2.3	  0.1	0.486	0.000	0.000
70	  P	  0.1	  0.1	0.000	0.000	0.000
71	  Y	  1.6	  0.1	0.000	0.000	0.000
72	  V	  2.7	  0.1	0.000	0.000	0.000
73	  Y	  4.0	  0.0	0.000	0.000	0.000
74	  K	  5.4	  0.0	0.000	0.000	0.000
75	  F	  7.1	  0.1	0.000	0.000	0.000
76	  T	  5.9	  0.3	0.000	0.000	0.000
77	  S	  3.0	  0.6	0.000	0.000	0.000
78	  G	  0.1	  0.6	0.000	0.000	0.000
79	  T	  0.3	  0.5	0.000	0.000	0.000
80	  R	  0.5	  0.3	0.000	0.000	0.000
81	  A	  0.8	  0.0	0.000	0.000	0.000
82	  V	  2.8	  0.0	0.000	0.000	0.000
83	  D	  2.7	  0.0	0.000	0.000	0.000
84	  L	  3.3	  0.0	0.000	0.000	0.000
85	  V	  1.6	  0.2	0.000	0.000	0.000
86	  A	  1.4	  0.2	0.000	0.000	0.000
87	  D	  0.7	  0.2	0.000	0.000	0.000
88	  S	  3.5	  0.2	0.000	0.242	0.242
89	  V	 11.9	  0.1	0.000	0.242	0.242
90	  T	 15.0	  0.0	0.000	0.242	0.242
91	  F	 11.9	  0.5	0.000	0.242	0.242
92	  A	  3.6	  0.5	0.000	0.242	0.242
93	  N	  0.6	  0.8	0.000	0.000	0.000
94	  C	  0.8	  0.9	0.000	0.000	0.000
95	  D	  1.0	  0.4	0.000	0.000	0.000
96	  L	  1.3	  0.4	0.000	0.000	0.000
97	  F	  2.1	  0.3	0.000	0.000	0.000
98	  S	  1.9	  3.9	0.000	0.000	0.000
99	  G	  1.3	  4.1	0.000	0.000	0.000
100	  D	  0.1	  4.1	0.000	0.000	0.000
101	  N	  1.9	  3.9	0.000	0.187	0.187
102	  V	  6.0	  0.2	0.000	0.767	0.767
103	  V	  7.6	  0.0	0.000	0.767	0.767
104	  A	  6.2	  0.0	0.000	0.767	0.767
105	  Y	  2.7	  0.1	0.000	0.767	0.767
106	  S	  1.0	  0.2	0.000	0.580	0.580
107	  E	  1.7	  0.2	0.000	0.000	0.000
108	  L	  3.2	  0.2	0.000	0.000	0.000
109	  K	  5.8	  0.1	0.000	0.000	0.000
110	  C	 10.4	  0.0	0.000	0.000	0.000
111	  T	  9.5	  0.0	0.000	0.000	0.000
112	  A	  7.0	  0.0	0.000	0.000	0.000
113	  T	  1.7	  0.1	0.111	0.000	0.000
114	  S	  0.8	  0.1	0.254	0.000	0.000
115	  A	  0.7	  0.1	0.254	0.000	0.000
116	  C	  3.0	  0.1	0.254	0.000	0.000
117	  E	  2.8	  0.1	0.254	0.000	0.000
118	  K	  4.4	  0.1	0.254	0.000	0.000
119	  V	  3.3	  0.1	0.143	0.000	0.000
120	  N	  3.2	  0.1	0.143	0.000	0.000
121	  S	  1.7	  0.4	0.000	0.000	0.000
122	  A	  0.3	  0.6	0.000	0.000	0.000
123	  K	  0.3	  0.7	0.000	0.000	0.000
124	  G	  0.1	  0.6	0.000	0.000	0.000
125	  T	  6.8	  0.3	0.000	0.000	0.000
126	  V	 11.5	  0.0	0.000	0.000	0.000
127	  E	 11.5	  0.0	0.000	0.000	0.000
128	  F	  5.0	  0.0	0.000	0.000	0.000
129	  P	  0.1	  0.0	0.000	0.000	0.000
130	  F	 11.6	  0.0	0.000	0.210	0.210
131	  T	 19.5	  0.0	0.000	0.210	0.210
132	  F	 20.5	  0.0	0.000	0.210	0.210
133	  N	  9.4	  0.9	0.000	0.210	0.210
134	  A	  1.1	  1.4	0.000	0.210	0.210
135	  G	  0.0	  1.5	0.000	0.000	0.000
136	  S	  0.9	  2.6	0.000	0.000	0.000
137	  S	  0.9	  3.8	0.000	0.000	0.000
138	  S	  0.9	  3.4	0.506	0.000	0.000
139	  D	  0.1	  3.3	1.188	0.000	0.000
140	  K	  0.1	  2.5	1.188	0.000	0.000
141	  A	  0.1	  0.4	1.188	0.000	0.000
142	  N	  0.5	  0.4	1.188	0.000	0.000
143	  L	  0.6	  0.3	1.188	0.000	0.000
144	  E	  0.7	  0.1	1.064	0.000	0.000
145	  A	  0.4	  0.2	0.691	0.000	0.000
146	  S	  0.7	  0.2	0.373	0.000	0.000
147	  T	  5.3	  0.1	0.000	0.000	0.000
148	  V	  7.2	  0.1	0.000	0.000	0.000
149	  W	  7.7	  0.0	0.000	0.000	0.000
150	  H	  3.1	  1.1	0.000	0.000	0.000
151	  A	  1.0	  1.7	0.000	0.000	0.000
152	  G	  0.1	  2.0	0.000	0.000	0.000
153	  S	  0.0	  2.0	0.000	0.000	0.000
154	  N	  1.9	  0.9	0.000	0.000	0.000
155	  V	  4.5	  0.3	0.000	0.000	0.000
156	  V	  7.1	  0.0	0.000	0.000	0.000
157	  K	  7.3	  0.0	0.000	0.000	0.000
158	  W	  5.5	  0.2	0.000	0.000	0.000
159	  T	  3.1	  0.6	0.000	0.000	0.000
160	  D	  0.9	  0.9	0.000	0.000	0.000
161	  G	  0.0	  1.0	0.000	0.000	0.000
162	  S	  0.5	  0.8	0.000	0.000	0.000
163	  K	  0.6	  0.5	0.000	0.000	0.000
164	  E	  1.7	  0.2	0.000	0.000	0.000
165	  L	  1.4	  0.2	0.000	0.000	0.000
166	  H	  1.3	  0.2	0.000	0.000	0.000
167	  S	  0.2	  0.1	0.000	0.000	0.000
168	  E	  1.8	  0.1	0.000	0.000	0.000
169	  V	  3.9	  0.1	0.000	0.000	0.000
170	  Y	  5.3	  0.0	0.000	0.000	0.000
171	  F	  3.8	  0.2	0.000	0.000	0.000
172	  D	  1.8	  0.8	0.000	0.000	0.000
173	  E	  0.2	  0.8	0.000	0.000	0.000
174	  G	  0.0	  0.8	0.000	0.000	0.000
175	  N	  0.0	  0.8	0.000	0.000	0.000
176	  P	  0.0	  0.2	0.000	0.000	0.000
177	  Y	  0.7	  0.2	0.000	0.298	0.298
178	  L	  1.3	  0.2	0.000	0.298	0.298
179	  F	  2.6	  0.3	0.000	0.298	0.298
180	  S	  2.1	  0.6	0.000	0.298	0.298
181	  G	  1.6	  0.6	0.000	0.298	0.298
182	  S	  4.0	  0.6	0.000	0.116	0.116
183	  V	  6.3	  0.4	0.000	0.116	0.116
184	  E	  6.4	  0.9	0.000	0.000	0.000
185	  H	  2.8	  1.0	0.000	0.153	0.153
186	  G	  0.1	  1.0	0.327	10.620	10.620
187	  V	  1.8	  0.9	0.327	10.620	10.620
188	  Y	  2.4	  0.0	0.327	10.620	10.620
189	  W	  2.9	  0.0	0.634	10.620	10.620
190	  L	  1.5	  0.0	0.742	10.620	10.620
191	  R	  0.9	  0.1	0.742	0.000	0.000
192	  K	  0.5	  0.1	0.742	0.000	0.000
193	  A	  1.2	  0.1	0.573	0.000	0.000
194	  V	  3.2	  0.0	0.573	0.000	0.000
195	  M	  3.2	  0.1	0.573	0.000	0.000
196	  R	  2.5	  0.1	0.000	0.000	0.000
197	  N	  0.6	  0.7	0.000	0.000	0.000
198	  T	  0.8	  0.7	0.000	0.000	0.000
199	  N	  0.7	  0.6	0.000	0.000	0.000
200	  Q	  0.9	  0.6	0.000	0.000	0.000
201	  H	  1.1	  0.1	0.000	0.000	0.000
202	  L	  3.0	  0.1	0.000	0.000	0.000
203	  V	  3.2	  0.0	0.000	0.000	0.000
204	  L	  2.5	  0.1	0.000	0.000	0.000
205	  G	  0.5	  1.0	0.000	0.000	0.000
206	  P	  0.0	  1.0	0.000	0.000	0.000
207	  S	  6.6	  1.8	0.000	0.000	0.000
208	  C	  7.4	  1.8	0.000	0.000	0.000
209	  D	  7.6	  4.0	0.000	0.000	0.000
210	  C	  1.2	  4.4	0.000	0.000	0.000
211	  D	  0.3	  3.6	0.000	0.000	0.000
212	  G	  0.1	  3.8	0.000	0.000	0.000
213	  M	  0.2	  1.2	0.000	0.000	0.000
214	  S	  0.2	  0.7	0.000	0.000	0.000
215	  G	  0.2	  0.7	0.227	0.000	0.000
216	  Y	  1.1	  0.4	0.227	0.000	0.000
217	  I	  5.2	  0.0	0.227	0.000	0.000
218	  E	  5.8	  0.0	0.227	0.000	0.000
219	  I	  4.9	  0.0	0.227	0.000	0.000
220	  Q	  0.8	  0.0	0.227	0.000	0.000
221	  N	  0.1	  4.5	0.121	0.000	0.000
222	  P	  0.0	  4.6	0.000	0.000	0.000
223	  D	  0.0	  4.8	0.000	0.000	0.000
224	  Y	  0.2	  4.8	0.000	0.000	0.000
225	  G	  0.2	  0.2	0.000	0.000	0.000
226	  V	  4.5	  0.2	0.000	0.000	0.000
227	  E	  5.0	  0.2	0.000	0.000	0.000
228	  L	  7.2	  0.2	0.000	0.000	0.000
229	  D	  3.4	  0.6	0.000	0.000	0.000
230	  C	  3.1	  0.7	0.000	0.000	0.000
231	  S	  1.1	  0.6	0.000	0.297	0.297
232	  S	  1.6	  0.6	0.000	0.833	0.833
233	  V	  1.8	  0.2	0.000	4.493	4.493
234	  V	  1.7	  0.1	0.000	4.607	4.607
235	  G	  1.0	  0.1	0.419	4.607	4.607
236	  T	 11.5	  0.1	0.419	4.607	4.607
237	  I	 13.6	  0.1	0.419	4.607	4.607
238	  T	 14.7	  0.1	0.419	1.803	1.803
239	  K	  3.7	  0.1	0.419	0.000	0.000
240	  Q	  2.5	  0.1	0.419	0.000	0.000
241	  I	  1.4	  0.1	0.000	0.000	0.000
242	  N	  1.3	  0.1	0.000	0.000	0.000
243	  D	  1.2	  0.1	0.000	0.000	0.000
244	  F	  3.3	  0.1	0.000	0.000	0.000
245	  Y	  3.3	  0.0	0.000	0.000	0.000
246	  F	  2.4	  0.2	0.000	0.000	0.000
247	  P	  0.2	  0.4	0.000	0.000	0.000
248	  E	  0.1	  0.4	0.000	0.000	0.000
249	  S	  0.3	  0.5	0.000	0.000	0.000
250	  A	  0.4	  0.4	0.000	0.000	0.000
251	  E	  0.5	  0.3	0.000	0.000	0.000
252	  S	 19.2	  0.4	0.000	0.000	0.000
253	  C	 20.8	  0.3	0.000	0.000	0.000
254	  S	 21.9	  0.2	0.000	0.000	0.000
255	  V	 11.0	  0.2	0.000	0.000	0.000
256	  H	  9.2	  0.1	0.000	0.000	0.000
257	  V	  8.0	  0.1	0.000	0.000	0.000
258	  D	  1.1	  0.2	0.156	0.000	0.000
259	  E	  1.0	  0.2	0.156	0.000	0.000
260	  C	 21.7	  0.2	0.156	0.000	0.000
261	  C	 21.8	  0.3	0.156	0.000	0.000
262	  A	 21.1	  0.2	0.156	0.000	0.000
263	  T	  1.0	  0.2	0.156	0.000	0.000
264	  R	  1.9	  0.2	0.156	0.000	0.000
265	  V	  9.8	  0.0	0.000	0.000	0.000
266	  R	 10.1	  0.0	0.000	0.000	0.000
267	  V	 12.8	  0.0	0.000	0.000	0.000
268	  S	 11.3	  0.3	0.000	0.000	0.000
269	  F	 10.5	  0.6	0.000	0.000	0.000
270	  D	  7.1	  0.6	0.000	0.000	0.000
271	  N	  0.6	  0.6	0.000	0.000	0.000
272	  I	  0.3	  0.9	0.000	0.000	0.000
273	  P	  0.2	  1.0	0.000	0.000	0.000
274	  S	  0.0	  1.0	0.000	0.000	0.000
275	  G	  0.1	  1.0	0.000	0.000	0.000
276	  F	  0.5	  0.3	0.000	0.000	0.000
277	  R	  0.5	  0.1	0.000	0.000	0.000
278	  P	  0.4	  0.1	0.000	0.000	0.000
279	  Y	  1.3	  0.2	0.000	0.000	0.000
280	  I	 10.9	  0.2	0.000	0.000	0.000
281	  N	 12.0	  0.5	0.000	0.000	0.000
282	  V	 11.7	  0.6	0.000	0.000	0.000
283	  D	  2.3	  0.5	0.000	0.000	0.000
284	  S	  1.4	  0.5	0.000	0.000	0.000
285	  A	  0.5	  0.1	0.000	0.000	0.000
286	  I	  0.5	  0.3	0.000	0.000	0.000
287	  P	  0.1	  0.3	0.000	0.000	0.000
288	  H	  2.4	  0.5	0.000	0.000	0.000
289	  Y	  4.6	  0.5	0.000	0.000	0.000
290	  D	  5.1	  0.6	0.346	0.000	0.000
291	  F	  4.0	  0.7	0.346	0.000	0.000
292	  N	  1.9	  0.6	0.477	0.000	0.000
293	  S	  1.7	  1.6	0.477	0.000	0.000
294	  R	  0.5	  1.2	0.477	0.000	0.000
295	  N	  1.4	  1.1	0.477	0.000	0.000
296	  Q	  3.3	  1.0	0.267	0.000	0.000
297	  Y	  8.3	  0.1	0.131	0.000	0.000
298	  S	  7.9	  0.3	0.000	0.000	0.000
299	  Y	  5.8	  0.3	0.000	0.000	0.000
300	  G	  0.8	  0.3	0.000	0.000	0.000
301	  F	 18.1	  0.2	0.000	0.000	0.000
302	  S	 18.9	  0.1	0.000	0.000	0.000
303	  C	 18.9	  1.0	0.000	0.000	0.000
304	  G	  1.2	  1.0	0.000	0.000	0.000
305	  G	  0.1	  1.0	0.000	0.000	0.000
306	  I	  2.8	  1.0	0.000	0.000	0.000
307	  E	  2.9	  0.1	0.000	0.000	0.000
308	  L	  3.1	  0.1	0.000	0.000	0.000
309	  C	  0.8	  0.3	0.000	0.000	0.000
310	  D	  0.6	  0.2	0.000	0.000	0.000
311	  S	  0.6	  0.2	2.595	1.349	1.349
312	  L	  0.4	  0.2	2.595	13.405	13.405
313	  W	  1.6	  0.0	2.595	17.235	17.235
314	  T	  1.8	  0.0	2.595	18.071	18.071
315	  N	  2.8	  0.0	2.595	19.460	19.460
316	  W	  2.2	  0.0	2.595	19.460	19.460
317	  Y	  2.5	  0.0	2.390	19.460	19.460
318	  M	  1.6	  0.0	1.983	18.893	18.893
319	  Y	  1.4	  0.8	1.113	15.824	15.824
320	  K	  0.7	  1.3	0.685	0.000	0.000
321	  D	  0.4	  1.6	0.190	0.000	0.000
322	  G	  0.0	  1.9	0.000	0.000	0.000
323	  E	  0.0	  1.2	0.000	0.000	0.000
324	  T	  0.0	  0.8	0.000	0.000	0.000
325	  G	  0.0	  2.4	0.000	0.000	0.000
326	  G	  0.0	  2.4	0.000	0.000	0.000
327	  D	  0.0	  2.4	0.000	0.000	0.000
328	  G	  0.0	  2.3	0.000	0.000	0.000
329	  E	  2.1	  0.5	0.000	0.000	0.000
330	  F	  3.3	  0.1	0.000	2.658	2.658
331	  N	  3.5	  0.1	0.000	2.846	2.846
332	  S	  2.0	  0.1	0.000	12.326	12.326
333	  I	  8.4	  0.1	0.000	76.405	76.405
334	  V	 10.4	  0.0	0.000	81.369	81.369
335	  V	 11.4	  0.0	0.000	81.479	81.479
336	  T	  5.6	  0.0	0.000	80.907	80.907
337	  T	 12.7	  0.0	0.000	79.107	79.107
338	  V	 12.5	  0.0	0.000	71.040	71.040
339	  T	 11.2	  0.1	0.000	26.798	26.798
340	  D	  1.8	  1.6	0.000	0.000	0.000
341	  S	  0.6	  1.7	0.000	0.000	0.000
342	  S	  3.0	  2.5	0.000	0.000	0.000
343	  A	  3.1	  2.5	0.000	0.000	0.000
344	  S	  3.7	  1.0	0.000	0.000	0.000
345	  T	  0.9	  1.0	0.000	0.000	0.000
346	  T	  0.8	  0.3	0.000	0.000	0.000
347	  G	  0.2	  0.2	0.000	0.132	0.132
348	  L	  0.3	  0.2	0.000	1.024	1.024
349	  T	  1.3	  0.1	0.000	1.024	1.024
350	  T	 12.9	  0.0	0.000	1.024	1.024
351	  I	 15.0	  0.0	0.000	1.024	1.024
352	  T	 14.0	  0.1	0.000	0.891	0.891
353	  G	  2.4	  0.5	0.000	0.000	0.000
354	  P	  0.0	  0.6	0.000	0.000	0.000
355	  S	  0.5	  0.9	0.000	0.193	0.193
356	  T	  1.0	  0.8	0.000	1.813	1.813
357	  N	  1.9	  0.4	0.000	4.445	4.445
358	  T	  4.9	  0.3	0.000	31.538	31.538
359	  I	 10.8	  0.0	0.000	37.000	37.000
360	  V	 12.1	  0.0	0.000	37.211	37.211
361	  V	 32.4	  0.0	0.000	37.131	37.131
362	  T	 26.4	  0.0	0.000	34.452	34.452
363	  V	 24.4	  0.3	0.000	9.026	9.026
364	  P	  0.5	  0.4	0.000	4.092	4.092
365	  G	  0.4	  0.4	0.000	0.000	0.000
366	  I	  1.2	  0.4	0.000	0.000	0.000
367	  T	  1.2	  0.5	0.000	0.000	0.000
368	  P	  0.8	  0.5	0.000	0.000	0.000
369	  S	  0.1	  0.6	0.000	0.000	0.000
370	  E	  0.1	  0.6	0.000	0.000	0.000
371	  T	  1.3	  0.3	0.000	0.000	0.000
372	  S	  1.5	  0.3	0.000	0.000	0.000
373	  S	  8.6	  0.5	0.000	0.000	0.000
374	  Y	 10.4	  0.5	0.000	0.000	0.000
375	  D	 11.3	  0.3	0.000	0.000	0.000
376	  I	  6.6	  0.4	0.000	0.000	0.000
377	  T	  4.5	  0.1	0.000	0.000	0.000
378	  S	  3.4	  0.1	0.000	0.000	0.000
379	  S	  5.0	  0.1	0.157	0.000	0.000
380	  W	  4.1	  0.2	0.157	0.000	0.000
381	  E	  3.9	  0.1	0.157	0.000	0.000
382	  T	  1.6	  0.1	0.157	0.000	0.000
383	  S	 21.0	  0.2	0.157	0.000	0.000
384	  F	 21.4	  0.1	0.157	0.000	0.000
385	  S	 20.3	  0.2	0.000	0.000	0.000
386	  E	  0.8	  0.2	0.000	0.000	0.000
387	  T	  2.4	  0.1	0.000	0.000	0.000
388	  T	  3.6	  0.1	0.000	0.000	0.000
389	  S	  8.1	  0.0	0.000	0.000	0.000
390	  W	  6.3	  0.0	0.000	0.000	0.000
391	  E	  5.0	  0.1	0.000	0.000	0.000
392	  E	  0.4	  0.2	0.000	0.000	0.000
393	  S	  0.3	  0.2	0.000	0.000	0.000
394	  S	 20.8	  0.3	0.000	0.000	0.000
395	  Y	 22.5	  0.3	0.000	0.000	0.000
396	  S	 23.5	  0.6	0.000	0.000	0.000
397	  Q	  3.6	  0.6	0.000	0.000	0.000
398	  S	  1.8	  0.9	0.000	0.000	0.000
399	  T	  1.0	  0.9	0.000	0.000	0.000
400	  D	  1.0	  0.5	0.000	0.000	0.000
401	  S	  1.8	  0.5	0.000	0.000	0.000
402	  V	  4.5	  0.1	0.000	0.000	0.000
403	  I	  4.9	  0.1	0.000	0.000	0.000
404	  E	  3.8	  0.1	0.000	0.000	0.000
405	  S	  0.6	  0.2	0.000	0.000	0.000
406	  E	  0.2	  0.2	0.000	0.000	0.000
407	  H	  0.2	  0.4	0.000	0.000	0.000
408	  S	  0.4	  0.4	0.000	0.000	0.000
409	  S	 15.5	  0.4	0.000	0.000	0.000
410	  W	 15.7	  0.5	0.000	0.000	0.000
411	  S	 15.5	  0.2	0.000	0.000	0.000
412	  E	  1.6	  0.2	0.000	0.000	0.000
413	  Y	  2.5	  0.1	0.000	0.000	0.000
414	  S	  2.7	  0.2	0.000	0.000	0.000
415	  S	  3.5	  0.4	0.000	0.000	0.000
416	  T	  2.4	  0.5	0.000	0.000	0.000
417	  S	  2.1	  0.4	0.000	0.000	0.000
418	  E	  1.3	  0.3	0.000	0.000	0.000
419	  Y	  2.5	  0.2	0.000	0.000	0.000
420	  S	  3.2	  0.9	0.000	0.000	0.000
421	  S	  2.2	  0.9	0.000	0.000	0.000
422	  S	 15.5	  1.0	0.000	0.000	0.000
423	  W	 15.0	  1.0	0.000	0.000	0.000
424	  S	 14.9	  0.3	0.000	0.000	0.000
425	  E	  0.7	  0.3	0.000	0.000	0.000
426	  H	  3.1	  0.2	0.000	0.000	0.000
427	  F	  4.5	  0.3	0.000	0.000	0.000
428	  S	  4.4	  0.1	0.163	0.000	0.000
429	  S	  8.9	  0.1	0.163	0.000	0.000
430	  Y	  8.8	  0.2	0.163	0.000	0.000
431	  T	  8.6	  0.1	0.163	0.000	0.000
432	  G	  1.5	  0.1	0.163	0.000	0.000
433	  Y	  1.1	  0.2	0.163	0.000	0.000
434	  N	  1.1	  0.6	0.000	0.000	0.000
435	  S	  1.2	  0.6	0.000	0.000	0.000
436	  S	 21.1	  0.6	0.000	0.000	0.000
437	  F	 24.9	  0.6	0.000	0.000	0.000
438	  S	 25.0	  0.2	0.000	0.000	0.000
439	  V	  5.4	  0.4	0.000	0.000	0.000
440	  G	  0.3	  0.3	0.000	0.000	0.000
441	  T	  0.8	  0.4	0.000	0.000	0.000
442	  S	  2.8	  0.6	0.000	0.000	0.000
443	  T	  4.0	  0.4	0.000	0.000	0.000
444	  S	  3.8	  0.5	0.000	0.000	0.000
445	  K	  2.2	  0.4	0.000	0.000	0.000
446	  T	  3.1	  0.3	0.000	0.000	0.000
447	  Q	  2.9	  0.2	0.000	0.000	0.000
448	  S	  2.7	  0.1	0.000	0.000	0.000
449	  L	  0.6	  0.3	0.000	0.000	0.000
450	  P	  0.1	  0.2	0.000	0.180	0.180
451	  T	  0.8	  0.2	0.000	16.116	16.116
452	  T	  2.0	  0.2	0.000	18.552	18.552
453	  L	  4.3	  0.0	0.000	19.116	19.116
454	  V	  4.4	  0.0	0.000	19.116	19.116
455	  I	  3.3	  1.7	0.000	19.116	19.116
456	  G	  1.1	  1.8	0.000	4.467	4.467
457	  S	  0.8	  1.9	0.000	0.998	0.998
458	  T	  1.0	  1.9	0.000	0.114	0.114
459	  T	  1.2	  0.2	0.000	0.000	0.000
460	  E	  0.5	  0.2	0.000	0.000	0.000
461	  S	  0.8	  0.1	0.000	0.000	0.000
462	  I	  2.6	  0.1	0.000	0.000	0.000
463	  I	  3.1	  0.0	0.000	0.000	0.000
464	  S	  2.8	  0.1	0.000	0.000	0.000
465	  S	  1.3	  0.1	0.000	0.000	0.000
466	  T	  2.7	  0.1	0.000	0.000	0.000
467	  T	 19.6	  0.1	0.000	0.000	0.000
468	  V	 19.2	  0.1	0.000	0.000	0.000
469	  S	 17.5	  0.1	0.000	0.000	0.000
470	  D	  0.4	  0.2	0.000	0.000	0.000
471	  T	  1.5	  0.2	0.000	0.886	0.886
472	  T	  4.8	  0.1	0.000	1.069	1.069
473	  T	  9.5	  0.1	0.000	1.069	1.069
474	  F	  9.6	  0.0	0.000	1.069	1.069
475	  V	  7.5	  0.1	0.000	1.069	1.069
476	  S	  3.5	  0.7	0.107	0.184	0.184
477	  S	  2.3	  1.1	0.107	0.000	0.000
478	  S	  1.2	  1.2	0.107	0.000	0.000
479	  T	  0.4	  1.2	0.107	0.000	0.000
480	  G	  0.2	  0.6	0.107	0.000	0.000
481	  F	  0.7	  0.3	0.107	0.000	0.000
482	  S	  0.9	  0.8	0.158	0.000	0.000
483	  E	  0.9	  1.0	0.158	0.000	0.000
484	  S	  0.4	  1.2	0.158	0.000	0.000
485	  T	  0.2	  1.3	0.158	0.000	0.000
486	  G	  0.1	  0.6	0.158	0.000	0.000
487	  H	  0.1	  0.7	0.158	0.000	0.000
488	  S	  0.9	  1.5	0.000	0.000	0.000
489	  S	  1.0	  3.0	0.000	0.000	0.000
490	  S	  1.0	  3.2	0.000	0.000	0.000
491	  N	  0.3	  3.0	0.000	0.000	0.000
492	  S	  2.5	  2.6	0.000	0.000	0.000
493	  K	  3.1	  1.0	0.000	0.000	0.000
494	  S	  3.0	  0.8	0.000	0.000	0.000
495	  I	  0.8	  0.7	0.000	0.000	0.000
496	  P	  0.1	  0.0	0.000	0.000	0.000
497	  E	  0.2	  0.0	0.000	0.000	0.000
498	  V	  0.2	  0.2	0.000	0.000	0.000
499	  P	  0.2	  0.2	0.000	0.000	0.000
500	  T	  0.8	  0.2	0.000	0.000	0.000
501	  N	  0.9	  0.2	0.000	0.000	0.000
502	  Y	  0.9	  0.8	0.000	0.000	0.000
503	  P	  0.1	  0.7	0.000	0.000	0.000
504	  S	 10.4	  0.9	0.000	0.000	0.000
505	  V	 11.5	  0.9	0.000	0.000	0.000
506	  S	 11.8	  0.3	0.000	0.000	0.000
507	  S	  1.7	  0.3	0.000	0.000	0.000
508	  R	  1.6	  0.1	0.000	0.000	0.000
509	  V	  2.2	  0.2	0.000	0.000	0.000
510	  S	  2.1	  0.3	0.000	0.000	0.000
511	  T	  1.0	  0.3	0.000	0.000	0.000
512	  G	  0.1	  0.3	0.000	0.000	0.000
513	  V	  1.0	  0.3	0.000	0.000	0.000
514	  S	  1.0	  0.3	0.000	0.000	0.000
515	  T	  1.0	  0.3	0.000	0.000	0.000
516	  G	  0.1	  0.3	0.000	0.000	0.000
517	  V	  1.0	  0.3	0.000	0.000	0.000
518	  S	  1.0	  0.3	0.000	0.000	0.000
519	  T	  1.0	  0.3	0.000	0.000	0.000
520	  G	  0.1	  0.3	0.000	0.000	0.000
521	  V	  1.0	  0.3	0.000	0.000	0.000
522	  S	  1.0	  0.3	0.000	0.000	0.000
523	  T	  1.0	  0.3	0.000	0.000	0.000
524	  G	  0.1	  0.3	0.000	0.000	0.000
525	  V	  1.0	  0.3	0.000	0.000	0.000
526	  S	  1.0	  0.3	0.000	0.000	0.000
527	  T	  1.0	  0.3	0.000	0.000	0.000
528	  G	  0.1	  0.3	0.000	0.000	0.000
529	  V	  1.0	  0.3	0.000	0.000	0.000
530	  S	  1.0	  0.3	0.000	0.000	0.000
531	  T	  1.0	  0.3	0.000	0.000	0.000
532	  G	  0.1	  0.3	0.000	0.000	0.000
533	  V	  1.0	  0.3	0.000	0.512	0.512
534	  S	  1.0	  0.2	0.000	0.512	0.512
535	  T	  1.0	  0.3	0.000	0.639	0.639
536	  G	  0.2	  0.3	0.122	0.639	0.639
537	  I	  1.5	  0.2	0.122	0.639	0.639
538	  F	  4.5	  0.1	0.122	0.639	0.639
539	  T	  4.7	  0.0	0.122	0.319	0.319
540	  R	  3.4	  0.2	0.122	0.000	0.000
541	  A	  0.5	  0.3	0.122	0.000	0.000
542	  S	  0.3	  2.2	0.000	0.000	0.000
543	  S	  0.2	  2.3	0.000	0.000	0.000
544	  D	  0.2	  2.7	0.000	0.000	0.000
545	  L	  0.4	  2.7	0.000	0.000	0.000
546	  S	  1.2	  1.4	0.000	0.000	0.000
547	  S	  1.2	  1.4	0.000	0.000	0.000
548	  S	  6.5	  0.9	0.000	0.000	0.000
549	  I	  6.3	  0.9	0.000	0.000	0.000
550	  S	  6.2	  2.1	0.000	0.000	0.000
551	  S	  0.7	  2.1	0.135	0.000	0.000
552	  D	  0.2	  2.0	0.135	0.000	0.000
553	  L	  0.2	  1.9	0.135	0.000	0.000
554	  T	  0.6	  0.0	0.135	0.000	0.000
555	  E	  0.5	  0.0	0.135	0.000	0.000
556	  S	  0.5	  2.1	0.290	0.000	0.000
557	  P	  0.0	  2.2	0.155	0.000	0.000
558	  S	  0.7	  2.2	0.155	1.470	1.470
559	  T	  6.3	  2.2	0.155	13.543	13.543
560	  F	  7.2	  0.1	0.155	33.124	33.124
561	  Y	  7.9	  0.0	0.155	33.922	33.922
562	  T	  4.1	  0.0	0.000	33.922	33.922
563	  T	 11.8	  0.0	0.000	33.839	33.839
564	  V	 12.6	  0.0	0.000	33.534	33.534
565	  T	 11.4	  0.0	0.000	19.991	19.991
566	  S	  3.3	  0.0	0.081	11.459	11.459
567	  T	 13.4	  0.0	0.081	10.484	10.484
568	  W	 13.7	  0.0	0.081	9.896	9.896
569	  T	 14.0	  0.1	0.081	3.810	3.810
570	  N	  2.0	  0.1	0.081	0.203	0.203
571	  S	  3.4	  0.1	0.081	0.120	0.120
572	  I	  5.2	  0.0	0.000	0.120	0.120
573	  T	  5.6	  0.1	0.000	0.000	0.000
574	  S	  3.3	  0.1	0.000	0.000	0.000
575	  T	  1.1	  0.2	0.000	0.000	0.000
576	  E	  0.8	  0.2	0.000	0.000	0.000
577	  T	  3.4	  0.1	0.000	0.000	0.000
578	  H	  5.0	  0.1	0.000	0.000	0.000
579	  T	  4.7	  0.0	0.000	0.000	0.000
580	  A	  1.9	  0.4	0.000	0.000	0.000
581	  P	  0.1	  0.5	0.000	0.000	0.000
582	  S	  0.4	  1.5	0.000	0.000	0.000
583	  K	  0.5	  1.5	0.000	0.028	0.028
584	  D	  0.9	  1.1	0.068	0.028	0.028
585	  T	  8.9	  1.0	0.068	68.192	68.192
586	  V	 20.6	  0.0	0.068	86.847	86.847
587	  T	 23.5	  0.0	0.068	86.847	86.847
588	  V	 23.3	  0.0	0.068	86.847	86.847
589	  V	 13.5	  0.0	0.068	86.847	86.847
590	  V	 29.7	  0.0	0.068	81.647	81.647
591	  E	 22.6	  0.0	0.068	0.000	0.000
592	  V	 20.3	  0.1	0.000	0.000	0.000
593	  P	  0.2	  0.2	0.000	0.000	0.000
594	  S	  0.1	  0.8	0.000	0.000	0.000
595	  E	  0.2	  0.8	0.000	0.000	0.000
596	  S	  0.4	  0.7	0.000	0.000	0.000
597	  V	  0.3	  0.6	0.000	0.000	0.000
598	  P	  0.2	  0.0	0.000	0.000	0.000
599	  C	  0.4	  0.0	0.000	0.000	0.000
600	  T	  1.3	  0.0	0.000	0.000	0.000
601	  T	 11.5	  0.0	0.000	0.000	0.000
602	  I	 13.1	  0.0	0.000	0.140	0.140
603	  T	 12.7	  0.0	0.000	0.140	0.140
604	  S	  3.1	  0.0	0.000	0.140	0.140
605	  T	 13.5	  0.0	0.000	0.140	0.140
606	  W	 13.1	  0.1	0.000	0.321	0.321
607	  T	 12.7	  0.4	0.000	0.181	0.181
608	  G	  0.3	  0.5	0.118	0.181	0.181
609	  T	  1.5	  0.5	0.118	0.506	0.506
610	  T	  2.1	  0.4	0.118	1.047	1.047
611	  T	  2.8	  0.0	0.118	1.944	1.944
612	  A	  1.7	  0.0	0.118	3.588	3.588
613	  Y	  2.6	  0.0	0.118	4.684	4.684
614	  T	  3.9	  0.0	0.000	4.942	4.942
615	  T	  6.4	  0.0	0.000	4.942	4.942
616	  V	  7.1	  0.0	0.000	4.942	4.942
617	  C	  6.5	  0.0	0.000	3.373	3.373
618	  V	  3.9	  0.1	0.000	3.040	3.040
619	  S	  1.7	  0.1	0.000	0.000	0.000
620	  D	  0.2	  0.3	0.448	0.000	0.000
621	  E	  0.1	  0.3	0.448	0.000	0.000
622	  T	  1.8	  0.2	0.448	6.497	6.497
623	  T	  4.7	  0.2	0.448	7.516	7.516
624	  V	 17.7	  0.0	0.448	8.069	8.069
625	  I	 18.8	  0.0	0.448	8.069	8.069
626	  V	 21.4	  0.0	0.448	8.069	8.069
627	  Q	  8.4	  0.0	0.448	1.831	1.831
628	  V	  5.5	  0.0	0.099	0.553	0.553
629	  P	  0.1	  0.0	0.000	0.245	0.245
630	  T	  1.6	  0.0	0.000	0.000	0.000
631	  T	  3.1	  0.0	0.000	0.000	0.000
632	  T	  4.6	  0.1	0.000	0.000	0.000
633	  T	  4.7	  0.1	0.000	0.000	0.000
634	  T	  5.1	  0.0	0.000	0.000	0.000
635	  T	 10.0	  0.0	0.000	0.000	0.000
636	  V	  8.9	  0.0	0.000	0.000	0.000
637	  E	  7.0	  0.3	0.000	0.000	0.000
638	  E	  0.5	  0.4	0.000	0.000	0.000
639	  S	  0.0	  1.0	0.000	0.000	0.000
640	  G	  0.0	  1.7	0.000	0.000	0.000
641	  A	  0.0	  1.7	0.000	0.000	0.000
642	  G	  0.1	  1.6	0.000	0.000	0.000
643	  H	  1.2	  0.9	0.000	0.000	0.000
644	  T	  1.3	  0.2	0.000	0.000	0.000
645	  T	  1.3	  0.2	0.000	0.000	0.000
646	  P	  0.2	  0.2	0.000	0.000	0.000
647	  H	  0.2	  0.2	0.000	0.000	0.000
648	  V	  0.2	  0.2	0.000	0.000	0.000
649	  P	  0.2	  0.1	0.000	0.000	0.000
650	  E	  0.1	  0.3	0.000	0.000	0.000
651	  S	  0.2	  0.6	0.000	0.000	0.000
652	  T	  0.3	  0.7	0.000	0.000	0.000
653	  G	  0.2	  0.6	0.000	0.000	0.000
654	  Q	  0.2	  0.5	0.000	0.000	0.000
655	  T	  3.4	  0.2	0.000	0.000	0.000
656	  L	  5.9	  0.1	0.000	0.000	0.000
657	  K	  6.0	  0.0	0.000	0.000	0.000
658	  V	  3.1	  0.0	0.000	0.000	0.000
659	  P	  0.3	  0.0	0.000	0.000	0.000
660	  V	  2.7	  0.0	0.000	0.000	0.000
661	  T	  3.9	  0.1	0.000	0.000	0.000
662	  S	  4.7	  0.7	0.000	0.000	0.000
663	  S	  2.4	  0.8	0.000	0.000	0.000
664	  S	  1.5	  0.8	0.000	0.548	0.548
665	  T	  5.4	  0.7	0.000	0.775	0.775
666	  I	  9.3	  0.1	0.000	0.775	0.775
667	  V	 11.0	  0.0	0.000	0.775	0.775
668	  A	  6.7	  0.1	0.000	0.775	0.775
669	  S	  3.1	  0.4	0.000	0.227	0.227
670	  H	  1.1	  0.5	0.000	0.000	0.000
671	  D	  0.7	  1.8	0.209	0.000	0.000
672	  E	  0.2	  1.8	0.209	0.000	0.000
673	  S	  0.7	  3.0	0.209	0.000	0.000
674	  T	  0.7	  3.1	0.209	0.000	0.000
675	  N	  0.6	  1.9	0.209	0.000	0.000
676	  G	  0.0	  2.3	0.209	0.000	0.000
677	  G	  0.0	  1.2	0.000	0.000	0.000
678	  S	  0.0	  1.0	0.000	0.000	0.000
679	  D	  0.0	  1.0	0.000	0.000	0.000
680	  R	  0.3	  0.5	0.000	0.000	0.000
681	  T	  3.0	  0.1	0.000	6.348	6.348
682	  L	  3.7	  0.1	0.000	7.273	7.273
683	  T	  4.2	  0.0	0.000	7.442	7.442
684	  A	  1.9	  0.0	0.000	7.723	7.723
685	  V	  3.8	  0.0	0.000	8.055	8.055
686	  T	  4.2	  0.1	0.000	5.155	5.155
687	  S	  4.1	  0.2	0.000	2.899	2.899
688	  S	  2.1	  0.2	0.000	3.055	3.055
689	  T	  1.7	  0.2	0.000	3.179	3.179
690	  T	  5.5	  0.1	0.000	3.179	3.179
691	  I	  5.9	  0.0	0.000	3.179	3.179
692	  V	 22.4	  0.0	0.000	3.065	3.065
693	  N	 18.4	  0.0	0.000	0.123	0.123
694	  V	 17.6	  0.0	0.000	0.000	0.000
695	  P	  0.2	  0.1	0.000	0.000	0.000
696	  Q	  0.1	  0.1	0.000	0.000	0.000
697	  S	  2.5	  0.1	0.000	0.000	0.000
698	  I	  3.9	  0.1	0.000	0.000	0.000
699	  R	  4.1	  0.3	0.000	0.000	0.000
700	  S	  1.7	  0.3	0.000	0.000	0.000
701	  N	  0.2	  1.5	0.000	0.000	0.000
702	  E	  0.0	  1.5	0.000	0.000	0.000
703	  N	  0.1	  1.3	0.000	0.000	0.000
704	  L	  0.2	  1.2	0.000	0.000	0.000
705	  H	  0.3	  0.4	0.000	0.000	0.000
706	  S	  0.3	  0.4	0.000	0.000	0.000
707	  S	  0.2	  0.4	0.000	0.000	0.000
708	  N	  0.1	  3.8	0.000	0.000	0.000
709	  P	  0.0	  3.4	0.000	0.000	0.000
710	  G	  0.0	  3.4	0.000	0.000	0.000
711	  A	  0.0	  3.6	0.000	0.000	0.000
712	  P	  0.0	  0.2	0.000	0.000	0.000
713	  Q	  0.0	  0.2	0.000	0.000	0.000
714	  Q	  0.0	  0.2	0.000	0.000	0.000
715	  P	  0.0	  0.0	0.000	0.000	0.000
716	  A	  0.1	  0.1	0.000	0.000	0.000
717	  A	  0.2	  0.2	0.000	0.000	0.000
718	  S	  0.4	  0.2	0.000	0.000	0.000
719	  T	  0.6	  0.7	0.000	0.000	0.000
720	  E	  0.5	  0.8	0.000	0.000	0.000
721	  S	  0.3	  0.9	0.000	0.000	0.000
722	  G	  0.0	  0.9	0.000	0.000	0.000
723	  A	  0.1	  0.5	0.000	0.000	0.000
724	  E	  1.5	  0.3	0.000	0.000	0.000
725	  H	  2.0	  0.1	0.000	0.000	0.000
726	  H	  2.2	  0.3	0.000	0.000	0.000
727	  K	  1.0	  0.2	0.000	0.000	0.000
728	  T	  3.1	  0.2	0.000	0.000	0.000
729	  L	  2.9	  0.2	0.000	0.000	0.000
730	  N	  2.7	  6.6	0.000	0.000	0.000
731	  P	  0.1	  6.6	0.000	0.000	0.000
732	  N	  0.0	  6.6	0.000	0.000	0.000
733	  Q	  0.0	  7.1	0.000	0.000	0.000
734	  P	  0.0	  0.8	0.000	0.000	0.000
735	  E	  0.0	  1.2	0.000	0.000	0.000
736	  G	  0.0	  2.8	0.000	0.000	0.000
737	  G	  0.0	  2.4	0.000	0.000	0.000
738	  N	  0.0	  2.7	0.000	0.000	0.000
739	  N	  0.0	  2.9	0.000	0.000	0.000
740	  D	  0.1	  1.4	0.000	0.000	0.000
741	  S	  0.7	  1.3	0.000	0.962	0.962
742	  T	  5.4	  0.6	0.000	1.306	1.306
743	  Y	  7.4	  0.1	0.000	1.306	1.306
744	  V	 11.3	  0.0	0.000	1.306	1.306
745	  V	  7.5	  0.2	0.000	1.306	1.306
746	  H	  5.4	  2.3	0.000	0.343	0.343
747	  G	  0.8	  2.3	0.000	0.115	0.115
748	  G	  0.0	  2.4	0.000	0.000	0.000
749	  K	  0.1	  2.3	0.000	0.000	0.000
750	  E	  0.1	  0.3	0.000	0.000	0.000
751	  S	  0.4	  0.3	0.000	0.000	0.000
752	  S	  1.0	  0.3	0.000	0.000	0.000
753	  T	  3.1	  0.2	0.000	0.000	0.000
754	  T	  6.7	  0.1	0.000	0.000	0.000
755	  V	  6.7	  0.1	0.000	0.000	0.000
756	  A	  4.6	  0.4	0.000	0.000	0.000
757	  E	  0.7	  0.5	0.000	0.000	0.000
758	  G	  0.1	  0.5	0.000	0.000	0.000
759	  V	  1.1	  0.4	0.000	0.000	0.000
760	  N	  1.1	  0.1	0.000	0.000	0.000
761	  N	  1.0	  0.1	0.000	0.000	0.000
762	  P	  0.0	  0.0	0.000	0.000	0.000
763	  T	  0.0	  0.6	0.000	0.000	0.000
764	  P	  0.0	  0.8	0.000	0.000	0.000
765	  S	  0.1	  0.8	0.000	0.000	0.000
766	  N	  4.2	  0.8	0.000	0.000	0.000
767	  V	  9.4	  0.2	0.000	0.000	0.000
768	  E	  9.4	  0.0	0.000	0.000	0.000
769	  Y	  5.4	  0.4	0.000	0.000	0.000
770	  P	  0.1	  0.4	0.000	0.000	0.000
771	  S	  2.9	  1.5	0.000	0.000	0.000
772	  A	  3.0	  1.6	0.000	0.000	0.000
773	  S	  3.1	  1.2	0.000	0.000	0.000
774	  S	  0.6	  1.2	0.000	0.000	0.000
775	  L	  0.7	  0.2	0.000	0.000	0.000
776	  V	  2.6	  0.1	0.000	0.000	0.000
777	  Q	  2.3	  0.0	0.000	0.000	0.000
778	  S	  2.1	  1.2	0.000	0.000	0.000
779	  P	  0.0	  2.1	0.000	0.000	0.000
780	  G	  0.0	  2.2	0.000	0.000	0.000
781	  N	  0.0	  2.3	0.000	0.000	0.000
782	  D	  0.0	  1.1	0.291	0.000	0.000
783	  H	  0.6	  0.2	0.291	0.000	0.000
784	  L	  1.3	  0.1	0.291	0.000	0.000
785	  T	  6.1	  0.0	0.291	0.000	0.000
786	  A	  5.6	  0.0	0.291	0.000	0.000
787	  S	  4.9	  2.8	0.291	0.000	0.000
788	  P	  0.1	  2.8	0.000	0.000	0.000
789	  S	  0.3	  2.8	0.000	0.566	0.566
790	  L	  0.6	  2.8	0.000	4.753	4.753
791	  F	  2.1	  0.1	0.000	5.417	5.417
792	  T	  4.5	  0.1	0.134	5.417	5.417
793	  T	  4.6	  0.1	0.134	5.417	5.417
794	  S	  3.3	  0.1	0.134	5.224	5.224
795	  A	  1.1	  0.1	0.134	5.286	5.286
796	  V	  4.7	  0.0	0.134	5.121	5.121
797	  Q	  4.6	  0.0	0.134	2.533	2.533
798	  V	  6.3	  0.0	0.000	2.533	2.533
799	  A	  2.5	  0.1	0.000	1.244	1.244
800	  S	  3.1	  0.9	0.000	0.000	0.000
801	  S	  2.6	  0.9	0.000	0.000	0.000
802	  S	  2.4	  0.9	0.000	0.000	0.000
803	  S	  1.6	  0.9	0.000	0.000	0.000
804	  P	  0.0	  0.3	0.000	0.000	0.000
805	  A	  0.5	  0.3	0.000	3.770	3.770
806	  S	  1.4	  0.3	0.000	4.722	4.722
807	  Y	  3.3	  0.2	0.000	8.725	8.725
808	  V	  6.7	  0.0	0.000	9.594	9.594
809	  V	  6.6	  0.1	0.000	9.594	9.594
810	  S	  5.3	  0.1	0.000	6.528	6.528
811	  T	 11.5	  0.1	0.000	5.700	5.700
812	  Y	 11.0	  0.5	0.000	4.673	4.673
813	  E	 10.4	  0.5	0.000	0.000	0.000
814	  G	  0.4	  0.5	0.229	0.000	0.000
815	  L	  0.1	  0.5	0.229	0.001	0.001
816	  A	  0.2	  0.5	0.229	0.002	0.002
817	  A	  0.1	  1.3	0.229	0.032	0.032
818	  G	  0.1	  1.3	0.229	0.067	0.067
819	  S	  0.1	  1.4	0.229	0.457	0.457
820	  T	  2.2	  1.0	0.000	3.568	3.568
821	  A	  2.7	  0.2	0.000	8.735	8.735
822	  S	 21.2	  0.2	0.000	14.830	14.830
823	  F	 22.7	  0.2	0.000	63.493	63.493
824	  S	 22.9	  0.1	0.259	67.253	67.253
825	  V	 10.9	  0.1	0.259	97.265	97.265
826	  V	  8.9	  0.0	0.259	99.744	99.744
827	  L	  8.4	  0.0	0.259	99.948	99.948
828	  L	  6.2	  0.0	0.259	99.983	99.983
829	  T	  5.7	  0.0	0.259	99.987	99.987
830	  I	  6.5	  0.0	0.259	99.994	99.994
831	  F	  4.2	  0.0	0.259	99.968	99.968
832	  Y	  2.6	  0.0	0.086	99.626	99.626
833	  L	  2.7	  0.0	0.000	98.407	98.407
834	  F	  1.8	  0.0	0.000	95.451	95.451
835	  V	  1.1	  0.0	0.000	0.039	0.039
