

TREE # 1

  0  0.0000   7395.553977  x:  1.01169   1.07575   0.00000   0.27273   0.45453   1.32712   0.00523   0.13108   0.57734   0.68153   0.16330   0.73659   0.83109   1.94030   2.00000   0.40000  
  1 99.0000   7336.039738  x:  1.01589   1.07996   0.03713   0.29944   0.45040   1.29850   0.15116   0.21286   0.54586   0.65505   0.23768   0.72241   0.81428   1.94488   1.99302   0.23491  
  2 440.0405   7322.645638  x:  1.03229   1.09636   0.11286   0.31758   0.44482   1.27021   0.21085   0.27315   0.50728   0.62290   0.30787   0.70732   0.79786   1.96099   1.97365   0.28709  
  3 222.6449   7300.279817  x:  1.08398   1.14804   0.34340   0.29477   0.39303   1.15952   0.09963   0.31214   0.35864   0.49453   0.41500   0.63407   0.72401   2.00943   1.90362   0.24339  
  4 163.3041   7295.957088  x:  1.10685   1.17091   0.45315   0.34359   0.43518   1.05085   0.08939   0.29548   0.42609   0.54232   0.38694   0.59998   0.67664   2.04417   1.81070   0.22545  
  5 45.3397   7294.948041  x:  1.10357   1.16763   0.45652   0.34265   0.44871   0.99195   0.10956   0.27000   0.40349   0.53003   0.36031   0.63163   0.69433   2.06493   1.73959   0.22684  
  6 21.7586   7294.641636  x:  1.09581   1.15988   0.44213   0.32700   0.45047   0.97154   0.10017   0.28783   0.40917   0.53466   0.37142   0.64041   0.70323   2.07876   1.69669   0.22585  
  7 14.2303   7294.522777  x:  1.08687   1.15094   0.42617   0.33074   0.45252   0.97682   0.10090   0.28552   0.40469   0.53112   0.37619   0.62256   0.69211   2.09613   1.66884   0.22741  
  8  6.3373   7294.459071  x:  1.08009   1.14415   0.43006   0.34157   0.43817   0.98845   0.09988   0.28504   0.40686   0.53299   0.37716   0.62956   0.69423   2.13010   1.66220   0.22523  
  9  2.4298   7294.383627  x:  1.07609   1.14015   0.43423   0.33882   0.45254   0.99792   0.09925   0.29245   0.40538   0.53074   0.37238   0.63481   0.69463   2.17799   1.66833   0.22277  
 10  3.9231   7294.300372  x:  1.07997   1.14403   0.42916   0.32506   0.45196   0.98930   0.10648   0.28458   0.40843   0.53368   0.37998   0.63016   0.69487   2.22455   1.68340   0.22310  
 11  4.4622   7294.173833  x:  1.10267   1.16673   0.40719   0.34289   0.45011   0.97286   0.10315   0.29544   0.40380   0.53175   0.38186   0.62396   0.70188   2.26368   1.69835   0.22272  
 12  3.1674   7293.922114  x:  1.15940   1.22346   0.39790   0.34411   0.45972   0.99698   0.10949   0.28973   0.40407   0.53429   0.40559   0.64076   0.70014   2.29246   1.68564   0.21658  
 13  3.4590   7293.749283  x:  1.18417   1.24823   0.40344   0.32746   0.44603   1.01075   0.12317   0.30375   0.40568   0.53300   0.38976   0.63779   0.69509   2.29838   1.67566   0.21641  
 14  5.7073   7292.959038  x:  1.13648   1.20054   0.48896   0.32283   0.45303   1.01230   0.15097   0.31281   0.41428   0.51321   0.41575   0.60953   0.74175   2.22719   1.67604   0.21592  
 15  2.2577   7292.655849  x:  1.10880   1.17286   0.51267   0.32382   0.45196   0.99977   0.15777   0.32189   0.39367   0.53331   0.42694   0.62881   0.70723   2.19592   1.68533   0.21850  
 16  8.3931   7292.644943  x:  1.10752   1.17158   0.51223   0.32432   0.45144   0.99803   0.15802   0.32214   0.39881   0.52594   0.42761   0.63255   0.70175   2.19487   1.68625   0.21891  
 17  1.8453   7292.582245  x:  1.12453   1.18859   0.52879   0.32148   0.45091   0.99149   0.16208   0.32343   0.39821   0.52531   0.43079   0.63216   0.69768   2.23213   1.67654   0.21409  
 18  0.0514   7292.577027  x:  1.12721   1.19126   0.53556   0.32169   0.45211   0.99316   0.16327   0.32345   0.40015   0.52638   0.43144   0.63329   0.69896   2.24136   1.67609   0.21391  
 19  0.0102   7292.576594  x:  1.12623   1.19029   0.53872   0.32215   0.45211   0.99348   0.16247   0.32338   0.39966   0.52595   0.43153   0.63323   0.69892   2.24080   1.67641   0.21385  
 20  0.0025   7292.576549  x:  1.12646   1.19052   0.53843   0.32226   0.45205   0.99334   0.16198   0.32341   0.39966   0.52605   0.43156   0.63325   0.69883   2.24095   1.67625   0.21389  
 21  0.0005   7292.576548  x:  1.12644   1.19049   0.53846   0.32226   0.45206   0.99334   0.16196   0.32345   0.39969   0.52605   0.43160   0.63324   0.69886   2.24091   1.67625   0.21388  
 22  0.0001   7292.576548  x:  1.12644   1.19050   0.53846   0.32226   0.45206   0.99334   0.16196   0.32345   0.39968   0.52605   0.43160   0.63324   0.69885   2.24092   1.67625   0.21388  
 23  0.0000   7292.576548  x:  1.12644   1.19050   0.53846   0.32226   0.45206   0.99334   0.16196   0.32345   0.39968   0.52605   0.43160   0.63324   0.69885   2.24092   1.67625   0.21388  
 24  0.0000   7292.576548  x:  1.12644   1.19050   0.53846   0.32226   0.45206   0.99334   0.16196   0.32345   0.39968   0.52605   0.43160   0.63324   0.69885   2.24092   1.67625   0.21388  
 25  0.0000   7292.576548  x:  1.12644   1.19050   0.53846   0.32226   0.45206   0.99334   0.16196   0.32345   0.39968   0.52605   0.43160   0.63324   0.69885   2.24092   1.67625   0.21388  
check convergence!
