

TREE # 1

  0  0.0000   8659.595913  x:  0.25668   0.18603   0.00000   0.06463   0.09101   0.23911   0.08165   0.04479   0.10209   0.15560   0.08862   0.14325   0.19852   0.33206   0.43543   0.44416   0.39820  
  1 99.0000   7303.249410  x:  0.76175   0.69243   3.09507   0.84189   0.82848   0.74187   0.55726   0.88156   0.69804   0.61365   0.65525   0.70952   0.64828   0.98373   1.08345   0.10022   0.39879  
  2 4636.4535   7301.579555  x:  0.76742   0.69575   3.09476   0.83994   0.82872   0.74534   0.55244   0.88011   0.69721   0.61263   0.65532   0.71173   0.65148   0.98980   1.08412   0.11105   0.39932  
  3 220.9244   7202.439832  x:  1.29760   1.00982   2.97160   0.61162   0.81616   1.05904   0.05497   0.69707   0.58287   0.48357   0.63048   0.89896   0.94000   1.56279   1.16276   0.09486   0.43671  
  4 331.5469   7189.480345  x:  1.40836   1.10146   2.82178   0.55605   0.74954   1.22107   0.34682   0.59054   0.59819   0.54867   0.69268   0.94186   1.00079   1.87801   1.18798   0.08628   0.43376  
  5 73.7906   7181.095047  x:  1.30377   1.10155   2.74407   0.46351   0.70204   1.32726   0.35643   0.57406   0.70612   0.67731   0.79890   0.93898   0.97946   2.12399   1.24314   0.08599   0.23753  
  6 48.2399   7176.657220  x:  1.06962   1.11817   2.69831   0.41203   0.73695   1.35326   0.34216   0.70925   0.63775   0.59691   0.94467   0.89850   0.85775   2.49799   1.21625   0.08525   0.29806  
  7 21.9660   7174.404897  x:  0.83735   1.15828   2.64546   0.48001   0.77223   1.27173   0.30319   0.70597   0.69950   0.63657   0.89236   0.98186   0.94101   2.75002   1.17408   0.08180   0.40678  
  8 15.0236   7173.730588  x:  0.76742   1.21176   2.62475   0.54957   0.77687   1.27057   0.28571   0.66882   0.68603   0.64339   0.86149   0.95912   0.93807   2.81437   1.25454   0.08532   0.42918  
  9  9.0157   7172.360956  x:  0.69305   1.42116   2.58872   0.71351   0.75619   1.32617   0.23281   0.61713   0.67227   0.70885   0.86183   0.87230   0.91224   2.89702   1.19161   0.08436   0.43609  
 10  8.3007   7168.738934  x:  0.45698   2.07572   2.41066   0.94865   0.66750   1.41706   0.19337   0.66483   0.56495   0.68435   1.02020   0.99303   1.03424   2.95835   1.17168   0.08493   0.31380  
 11 12.6505   7162.934203  x:  0.22467   3.26279   2.02913   1.03139   0.83342   1.49464   0.16735   0.84605   0.76918   0.66787   1.15430   1.09869   1.03007   3.04223   1.24312   0.08365   0.27489  
 12 31.5567   7160.883422  x:  0.10347   3.50137   2.03630   0.85853   0.96895   1.59743   0.21361   0.81517   0.67022   0.68574   1.01861   1.07190   1.09943   3.11725   1.20596   0.08692   0.20638  
 13  7.5625   7157.898322  x:  0.13377   3.61091   2.09002   0.65255   0.75276   1.54391   0.23468   0.84018   0.67079   0.69205   0.90242   1.00272   1.15044   3.35555   1.23117   0.09174   0.21517  
 14  4.9588   7149.621598  x:  0.31901   3.40852   1.94374   0.56153   0.82555   1.72840   0.19228   0.60825   0.76943   0.59861   1.03763   1.19350   1.14778   3.98378   1.26937   0.07785   0.25378  
 15  6.8257   7148.141538  x:  0.39353   3.37016   1.83720   0.60159   0.88435   1.75774   0.18155   0.72630   0.71981   0.68325   1.01954   1.20389   1.19356   4.12114   1.29915   0.07189   0.23644  
 16 12.4704   7147.949879  x:  0.40840   3.39339   1.82269   0.62694   0.90638   1.72393   0.19134   0.73500   0.72115   0.65424   1.00329   1.19533   1.19781   4.16204   1.28981   0.07203   0.18639  
 17  3.7090   7147.582988  x:  0.37674   3.56663   1.79188   0.63462   0.93179   1.63367   0.18755   0.70555   0.67696   0.70034   1.05139   1.20646   1.18437   4.24092   1.29057   0.07260   0.17433  
 18  1.6126   7145.191516  x:  0.00000   4.54166   1.56106   0.77016   0.89365   1.66016   0.16238   0.76505   0.73385   0.64850   1.11279   1.16461   1.27631   4.61343   1.28379   0.07045   0.21052  
 19  6.0884   7145.191516  x:  0.00000   4.54166   1.56106   0.77016   0.89365   1.66016   0.16238   0.76505   0.73385   0.64850   1.11279   1.16461   1.27631   4.61343   1.28379   0.07045   0.21052  
 20  6.9963   7145.187190  x:  0.00003   4.54169   1.56107   0.77015   0.89366   1.66020   0.16253   0.76507   0.73383   0.64852   1.11276   1.16463   1.27630   4.61345   1.28374   0.07075   0.21060  
 21 24.3250   7144.791395  x:  0.00692   4.54959   1.56527   0.76842   0.89451   1.67069   0.21014   0.77194   0.72497   0.65516   1.10263   1.17101   1.27201   4.62080   1.26837   0.06966   0.23700  
 22 18.0921   7144.336158  x:  0.05453   4.60098   1.58927   0.70327   0.89562   1.73663   0.19707   0.78987   0.69718   0.68771   1.04314   1.20885   1.25950   4.66712   1.22599   0.06822   0.26622  
 23  6.7193   7144.134524  x:  0.07500   4.64295   1.60930   0.67047   0.89782   1.78151   0.19762   0.80553   0.70066   0.68898   1.02061   1.23186   1.25938   4.71425   1.27750   0.06816   0.29745  
 24  6.3410   7143.775738  x:  0.06209   4.76993   1.66946   0.65079   0.91702   1.87749   0.17485   0.85491   0.79715   0.66087   1.06906   1.27223   1.31324   4.88857   1.27166   0.06475   0.37669  
 25  4.5129   7143.332902  x:  0.04273   4.96998   1.76292   0.70766   0.97164   1.96776   0.14168   0.89538   0.76969   0.65426   1.16265   1.32979   1.38942   5.15224   1.27876   0.06068   0.43451  
 26  8.6817   7142.948652  x:  0.03305   5.17203   1.84689   0.76441   1.01408   2.02740   0.14599   0.91883   0.79949   0.73338   1.23262   1.37537   1.44565   5.40728   1.29520   0.05655   0.41939  
 27 15.3177   7142.750167  x:  0.04747   5.30513   1.88156   0.78149   1.02271   2.03857   0.17341   0.92647   0.81327   0.69814   1.24696   1.38836   1.45974   5.56303   1.29313   0.05505   0.36134  
 28  6.5169   7142.554623  x:  0.00000   5.38814   1.86525   0.78729   1.01732   2.01769   0.17127   0.94313   0.81207   0.69705   1.23040   1.38558   1.44064   5.65829   1.29311   0.05542   0.35988  
 29  2.5960   7142.554623  x:  0.00000   5.38814   1.86525   0.78729   1.01732   2.01769   0.17127   0.94313   0.81207   0.69705   1.23040   1.38558   1.44064   5.65829   1.29311   0.05542   0.35988  
 30  3.5635   7142.108046  x:  0.00002   5.38815   1.86526   0.78731   1.01733   2.01770   0.17130   0.94314   0.81208   0.69708   1.23041   1.38559   1.44065   5.65830   1.29308   0.05779   0.35989  
 31 384.2485   7142.062085  x:  0.00104   5.39570   1.86479   0.79404   1.02339   2.01898   0.18438   0.94477   0.81003   0.71379   1.23081   1.39089   1.44265   5.65948   1.28755   0.05744   0.36535  
 32  3.5289   7141.983628  x:  0.00671   5.42203   1.86390   0.80763   1.04177   2.02468   0.16993   0.94791   0.80308   0.75782   1.23230   1.40814   1.45111   5.66432   1.27839   0.05692   0.37154  
 33  5.0196   7141.904352  x:  0.01650   5.48084   1.86670   0.83789   1.07183   2.04071   0.16380   0.95843   0.77848   0.76708   1.24587   1.43805   1.47206   5.68090   1.30253   0.05650   0.38969  
 34  2.9982   7141.718984  x:  0.02115   5.67302   1.88679   0.90599   1.12494   2.09848   0.14358   1.00154   0.80501   0.74692   1.30489   1.50252   1.53672   5.75374   1.27223   0.05398   0.44546  
 35  4.2850   7141.516940  x:  0.00000   5.89978   1.92532   0.95180   1.15242   2.16573   0.13019   1.04551   0.87953   0.76527   1.36667   1.55159   1.59021   5.86045   1.30662   0.05212   0.50298  
 36  9.3522   7141.516940  x:  0.00000   5.89978   1.92532   0.95180   1.15242   2.16573   0.13019   1.04551   0.87953   0.76527   1.36667   1.55159   1.59021   5.86045   1.30662   0.05212   0.50298  
 37  7.9681   7141.502826  x:  0.00000   5.89978   1.92532   0.95179   1.15242   2.16573   0.13022   1.04551   0.87952   0.76527   1.36667   1.55159   1.59021   5.86045   1.30661   0.05250   0.50299  
 38 73.8310   7141.451118  x:  0.00000   5.90218   1.92761   0.95055   1.15091   2.16606   0.14582   1.04505   0.87477   0.76625   1.36571   1.55001   1.58821   5.86384   1.30374   0.05234   0.50475  
 39  6.0252   7141.315201  x:  0.00000   5.93521   1.95674   0.91341   1.13000   2.17254   0.14476   1.03231   0.82328   0.77872   1.35080   1.53059   1.56633   5.90850   1.27896   0.05234   0.50905  
 40  3.2352   7141.254609  x:  0.00000   5.96232   1.97684   0.88954   1.11857   2.17450   0.14827   1.02412   0.81966   0.78886   1.34062   1.51736   1.55257   5.94677   1.30693   0.05268   0.51414  
 41  3.2535   7141.200467  x:  0.00000   6.00392   1.99869   0.86796   1.11693   2.17598   0.15102   1.02164   0.85675   0.78921   1.33440   1.50939   1.54895   6.00697   1.29670   0.05229   0.52367  
 42  2.3609   7141.113558  x:  0.00000   6.09408   2.03116   0.86341   1.14376   2.18754   0.15081   1.03713   0.87062   0.74371   1.34570   1.52962   1.57353   6.13541   1.30176   0.05162   0.54668  
 43  2.7439   7140.605759  x:  0.00000   6.62497   2.17402   0.95827   1.30715   2.30207   0.13310   1.17853   0.91884   0.83953   1.47462   1.72139   1.75269   6.87098   1.31675   0.04546   0.68804  
 44  5.9307   7140.465516  x:  0.00000   6.80798   2.21185   1.04129   1.31244   2.42634   0.12492   1.18107   0.94467   0.84808   1.54665   1.74762   1.78157   7.08569   1.32028   0.04363   0.72702  
 45  4.7372   7140.212829  x:  0.00000   7.18349   2.12095   1.02206   1.30643   2.58455   0.14089   1.22419   0.96336   0.87370   1.60093   1.83014   1.82831   7.24554   1.33089   0.04287   0.67530  
 46  0.6222   7140.079090  x:  0.00000   7.39616   2.16057   1.10365   1.38104   2.60181   0.13688   1.22907   0.96640   0.89780   1.61754   1.80318   1.83111   7.34116   1.33196   0.04244   0.65319  
 47  1.9999   7139.965442  x:  0.00000   7.59690   2.31791   1.16610   1.35926   2.60487   0.13387   1.25221   0.98436   0.91892   1.70181   1.85630   1.90580   7.47806   1.33470   0.04132   0.64720  
 48  1.7569   7139.793143  x:  0.00000   7.89406   2.59994   1.18908   1.48004   2.76987   0.13535   1.31166   1.02667   0.96709   1.79971   1.99078   1.99554   7.75298   1.34113   0.03842   0.65459  
 49  2.8590   7139.707705  x:  0.00000   8.00745   2.67862   1.24235   1.50008   2.87039   0.12492   1.41672   1.04915   0.98690   1.79672   2.02951   2.05468   8.03473   1.34198   0.03727   0.69642  
 50  1.0771   7139.577976  x:  0.00000   8.15960   2.73543   1.29064   1.57916   2.97594   0.11531   1.38819   1.07921   1.02896   1.87756   2.13668   2.14322   8.51514   1.33858   0.03591   0.76978  
 51  2.2293   7139.541845  x:  0.00000   8.24836   2.74720   1.28837   1.61340   3.00169   0.11550   1.42674   1.09140   1.03939   1.96171   2.14337   2.14558   8.65485   1.33834   0.03537   0.76430  
 52  1.2001   7139.391002  x:  0.00000   8.90147   2.83868   1.37696   1.73106   3.15906   0.14049   1.51159   1.17067   1.08268   2.04616   2.29249   2.28593   9.21644   1.33392   0.03277   0.58772  
 53  0.9364   7139.333076  x:  0.00000   8.99661   2.86156   1.38194   1.74793   3.18750   0.14340   1.53544   1.18828   1.08234   2.05372   2.31956   2.28692   9.25444   1.33225   0.03290   0.55834  
 54  0.4236   7139.269879  x:  0.00000   9.40613   2.98939   1.41253   1.83782   3.33663   0.14342   1.59672   1.23425   1.12545   2.14689   2.35366   2.46359   9.54497   1.33966   0.03143   0.54302  
 55  0.9787   7139.217188  x:  0.00000   9.80141   3.11869   1.47829   1.90992   3.45938   0.13816   1.66510   1.28419   1.15926   2.23034   2.47230   2.52693   9.86058   1.34300   0.02993   0.52883  
 56  2.8731   7139.150685  x:  0.00000  10.12004   3.27978   1.58673   1.97170   3.59216   0.13545   1.71597   1.33499   1.21074   2.33219   2.62473   2.57197  10.30418   1.34681   0.02890   0.46538  
 57  0.2963   7139.123707  x:  0.00000  10.45199   3.39705   1.64342   2.04578   3.72010   0.13521   1.76701   1.37809   1.25795   2.41930   2.70884   2.67820  10.68730   1.34653   0.02762   0.49152  
 58  0.6773   7139.097577  x:  0.00000  10.63988   3.43685   1.66422   2.08551   3.78040   0.13318   1.78811   1.39650   1.29310   2.46062   2.73405   2.75622  10.90195   1.34215   0.02720   0.59155  
 59  0.2620   7139.086627  x:  0.00000  10.95565   3.53249   1.71438   2.14813   3.88104   0.12644   1.83970   1.43507   1.33159   2.52785   2.81341   2.82992  11.18961   1.34315   0.02631   0.65106  
 60  0.4400   7139.082006  x:  0.00000  11.05070   3.56620   1.72800   2.16800   3.91093   0.12119   1.85890   1.44832   1.34205   2.54504   2.83949   2.84431  11.25985   1.34481   0.02617   0.70210  
 61  0.1351   7139.079196  x:  0.00000  11.17371   3.62623   1.74822   2.20219   3.96742   0.12318   1.88293   1.47043   1.35894   2.57773   2.87627   2.88031  11.40902   1.34576   0.02580   0.70922  
 62  0.1447   7139.078804  x:  0.00000  11.23962   3.64520   1.75829   2.21632   3.98913   0.12132   1.89276   1.47958   1.36642   2.59214   2.89231   2.89761  11.47594   1.34502   0.02562   0.73529  
 63  0.1046   7139.078585  x:  0.00000  11.24468   3.64254   1.75850   2.21713   3.98888   0.12042   1.89208   1.48078   1.36553   2.59248   2.89254   2.89922  11.48201   1.34433   0.02563   0.75257  
 64  0.0167   7139.078197  x:  0.00000  11.26951   3.64762   1.76234   2.22225   3.99735   0.11888   1.89305   1.48594   1.36514   2.59946   2.89977   2.90873  11.52031   1.34524   0.02556   0.80561  
 65  0.0148   7139.077667  x:  0.00000  11.23142   3.63759   1.75587   2.21302   3.98378   0.11546   1.88773   1.48040   1.35843   2.59073   2.89128   2.89726  11.47769   1.34534   0.02566   0.87877  
 66  0.0339   7139.077164  x:  0.00000  11.15257   3.61938   1.74365   2.19651   3.95844   0.11441   1.87869   1.46828   1.34962   2.57282   2.87193   2.87487  11.38967   1.34484   0.02585   0.93002  
 67  0.0840   7139.076569  x:  0.00000  11.18411   3.62977   1.74887   2.20477   3.96984   0.11100   1.88434   1.47234   1.35389   2.57974   2.87872   2.88437  11.42342   1.34441   0.02577   1.03727  
 68  0.0746   7139.075861  x:  0.00000  11.27386   3.65358   1.76479   2.22717   4.00061   0.10930   1.89818   1.48409   1.36893   2.59930   2.89797   2.91044  11.51908   1.34417   0.02553   1.15089  
 69  0.1279   7139.075434  x:  0.00000  11.24431   3.64322   1.76089   2.22028   3.98962   0.10664   1.89318   1.47965   1.36539   2.59261   2.89109   2.90167  11.48740   1.34465   0.02562   1.26325  
 70  0.1226   7139.074945  x:  0.00000  11.16818   3.61742   1.74954   2.20115   3.96179   0.10616   1.87971   1.46930   1.35549   2.57585   2.87442   2.87869  11.40535   1.34553   0.02583   1.33786  
 71  0.1274   7139.074546  x:  0.00000  11.18700   3.62260   1.75269   2.20511   3.96867   0.10396   1.88208   1.47261   1.35835   2.58050   2.87936   2.88386  11.42510   1.34517   0.02577   1.48124  
 72  0.1073   7139.074021  x:  0.00000  11.25252   3.64401   1.76175   2.21914   3.99342   0.10211   1.89205   1.48402   1.36697   2.59616   2.89571   2.90280  11.49349   1.34411   0.02559   1.70352  
 73  0.1609   7139.073407  x:  0.00000  11.17251   3.62080   1.74722   2.19934   3.96577   0.10016   1.88087   1.47384   1.35593   2.57771   2.87605   2.88082  11.40556   1.34540   0.02581   2.01139  
 74  0.0921   7139.072766  x:  0.00000  11.24552   3.64363   1.75798   2.21694   3.99044   0.09787   1.89361   1.48332   1.36565   2.59283   2.89163   2.90244  11.48816   1.34448   0.02561   2.49654  
 75  0.1213   7139.072236  x:  0.00000  11.19752   3.62935   1.75114   2.20662   3.97158   0.09561   1.88583   1.47459   1.35855   2.58116   2.88073   2.88712  11.44044   1.34509   0.02574   3.08502  
 76  0.2110   7139.072129  x:  0.00000  11.19031   3.62731   1.75025   2.20528   3.96861   0.09589   1.88457   1.47293   1.35733   2.57940   2.87914   2.88469  11.43344   1.34518   0.02576   3.15473  
 77  0.4352   7139.071859  x:  0.00000  11.20815   3.63365   1.75347   2.21018   3.97467   0.09417   1.88657   1.47395   1.35905   2.58363   2.88364   2.88917  11.45208   1.34498   0.02572   3.78331  
 78  0.4068   7139.071581  x:  0.00000  11.24943   3.64594   1.76022   2.21935   3.99163   0.09307   1.89156   1.47947   1.36405   2.59491   2.89374   2.90177  11.48743   1.34450   0.02561   4.61746  
 79  0.2775   7139.071416  x:  0.00000  11.22277   3.63577   1.75651   2.21232   3.98308   0.09330   1.88772   1.47664   1.36093   2.58936   2.88765   2.89470  11.45680   1.34480   0.02568   4.84440  
 80  0.1446   7139.071274  x:  0.00000  11.20227   3.62816   1.75395   2.20725   3.97611   0.09231   1.88487   1.47387   1.35832   2.58489   2.88308   2.88898  11.43454   1.34504   0.02574   5.48861  
 81  0.9149   7139.071141  x:  0.00000  11.20540   3.62815   1.75522   2.20804   3.97740   0.09144   1.88662   1.47532   1.35946   2.58534   2.88420   2.89032  11.44161   1.34498   0.02572   6.37879  
 82  0.5085   7139.070991  x:  0.00000  11.21782   3.63284   1.75720   2.21172   3.98098   0.09138   1.89007   1.47870   1.36219   2.58709   2.88733   2.89410  11.46286   1.34478   0.02568   7.07600  
 83  0.4361   7139.070871  x:  0.00000  11.20376   3.63043   1.75397   2.20913   3.97540   0.09061   1.88697   1.47733   1.36040   2.58379   2.88378   2.89001  11.44739   1.34489   0.02572   8.45717  
 84  0.6218   7139.070761  x:  0.00000  11.19515   3.63040   1.75064   2.20745   3.97140   0.09068   1.88317   1.47536   1.35854   2.58197   2.88075   2.88681  11.43270   1.34505   0.02575   9.41356  
 85  0.5979   7139.070674  x:  0.00000  11.20920   3.63451   1.75257   2.21034   3.97598   0.09006   1.88495   1.47680   1.36031   2.58500   2.88342   2.89033  11.44649   1.34496   0.02571  11.13348  
 86  0.9943   7139.070558  x:  0.00000  11.23718   3.63895   1.75858   2.21474   3.98643   0.08976   1.89078   1.47898   1.36374   2.59106   2.88954   2.89744  11.47707   1.34476   0.02564  13.55530  
 87  0.9748   7139.070473  x:  0.00000  11.21211   3.63170   1.75459   2.20889   3.97820   0.08935   1.88691   1.47558   1.36012   2.58558   2.88410   2.89048  11.45061   1.34497   0.02571  15.82626  
 88  1.2353   7139.070424  x:  0.00000  11.22250   3.63648   1.75640   2.21174   3.98297   0.08950   1.88906   1.47765   1.36137   2.58838   2.88803   2.89399  11.46279   1.34502   0.02568  17.23270  
 89  0.7139   7139.070367  x:  0.00000  11.22645   3.63825   1.75698   2.21292   3.98457   0.08902   1.88994   1.47836   1.36192   2.58935   2.88951   2.89558  11.46757   1.34496   0.02566  21.11574  
 90  3.0730   7139.070309  x:  0.00000  11.22561   3.63835   1.75666   2.21385   3.98320   0.08868   1.88989   1.47863   1.36229   2.58908   2.88975   2.89643  11.46678   1.34478   0.02566  28.21965  
 91  3.2487   7139.070262  x:  0.00000  11.21331   3.63390   1.75479   2.21139   3.97804   0.08890   1.88768   1.47696   1.36090   2.58624   2.88632   2.89300  11.45311   1.34481   0.02569  30.14756  
 92  1.4689   7139.070229  x:  0.00000  11.22335   3.63678   1.75684   2.21339   3.98188   0.08857   1.88919   1.47817   1.36202   2.58879   2.88864   2.89507  11.46308   1.34496   0.02567  36.05000  
 93  3.3990   7139.070198  x:  0.00000  11.23076   3.63875   1.75855   2.21435   3.98485   0.08831   1.89003   1.47893   1.36278   2.59068   2.88956   2.89604  11.47040   1.34497   0.02566  48.84817  
 94  4.8220   7139.070160  x:  0.00000  11.22436   3.63720   1.75700   2.21250   3.98289   0.08851   1.88876   1.47834   1.36187   2.58876   2.88740   2.89429  11.46432   1.34486   0.02567  60.17270  
 95  4.2253   7139.070133  x:  0.00000  11.22378   3.63722   1.75660   2.21243   3.98264   0.08825   1.88868   1.47845   1.36184   2.58839   2.88739   2.89431  11.46378   1.34488   0.02567  76.60168  
 96 10.1018   7139.070105  x:  0.00000  11.22469   3.63650   1.75609   2.21279   3.98276   0.08814   1.88942   1.47815   1.36228   2.58827   2.88879   2.89509  11.46434   1.34507   0.02567  118.55068  
 97  7.9065   7139.070097  x:  0.00000  11.22665   3.63745   1.75659   2.21321   3.98356   0.08822   1.88955   1.47832   1.36242   2.58908   2.88912   2.89549  11.46673   1.34492   0.02567  126.85316  
 98  5.6334   7139.070090  x:  0.00000  11.22868   3.63879   1.75723   2.21373   3.98439   0.08813   1.88967   1.47867   1.36250   2.59001   2.88940   2.89591  11.46940   1.34480   0.02566  166.02279  
 99 17.3153   7139.070083  x:  0.00000  11.22945   3.63960   1.75777   2.21411   3.98460   0.08802   1.88980   1.47891   1.36247   2.59056   2.88951   2.89613  11.47055   1.34480   0.02565  242.88111  
100 63.0339   7139.070067  x:  0.00000  11.22501   3.63753   1.75718   2.21326   3.98264   0.08810   1.88950   1.47845   1.36207   2.58901   2.88851   2.89520  11.46492   1.34502   0.02567  312.76607  
101 25.0365   7139.070064  x:  0.00000  11.22579   3.63773   1.75717   2.21330   3.98301   0.08805   1.88949   1.47847   1.36217   2.58914   2.88867   2.89536  11.46570   1.34493   0.02567  340.02581  
102 21.3638   7139.070062  x:  0.00000  11.22625   3.63774   1.75710   2.21326   3.98330   0.08801   1.88943   1.47848   1.36224   2.58913   2.88875   2.89541  11.46608   1.34487   0.02567  424.70619  
103 63.8971   7139.070060  x:  0.00000  11.22630   3.63779   1.75706   2.21329   3.98339   0.08806   1.88942   1.47850   1.36224   2.58919   2.88878   2.89537  11.46635   1.34491   0.02567  428.72426  
104  2.2607   7139.070059  x:  0.00000  11.22635   3.63775   1.75692   2.21328   3.98352   0.08810   1.88939   1.47850   1.36227   2.58920   2.88881   2.89529  11.46666   1.34495   0.02567  512.87921  
105 60.8650   7139.070056  x:  0.00000  11.22616   3.63761   1.75689   2.21323   3.98334   0.08803   1.88942   1.47845   1.36228   2.58911   2.88874   2.89530  11.46629   1.34492   0.02567  578.15460  
106 28.5498   7139.070055  x:  0.00000  11.22648   3.63785   1.75701   2.21331   3.98348   0.08806   1.88942   1.47852   1.36226   2.58930   2.88880   2.89535  11.46665   1.34491   0.02567  708.74638  
107 30.5515   7139.070055  x:  0.00000  11.22662   3.63796   1.75707   2.21335   3.98353   0.08807   1.88943   1.47855   1.36225   2.58939   2.88882   2.89538  11.46680   1.34491   0.02566  800.23185  
108 863.4230   7139.070052  x:  0.00000  11.22569   3.63757   1.75698   2.21318   3.98305   0.08800   1.88942   1.47841   1.36219   2.58903   2.88866   2.89529  11.46562   1.34492   0.02567  923.23973  
109 25.7178   7139.070051  x:  0.00000  11.22583   3.63762   1.75699   2.21320   3.98312   0.08800   1.88943   1.47843   1.36220   2.58906   2.88869   2.89531  11.46579   1.34492   0.02567  999.00000  
110 111.5574   7139.070051  x:  0.00000  11.22519   3.63734   1.75688   2.21308   3.98281   0.08803   1.88937   1.47837   1.36213   2.58893   2.88852   2.89515  11.46497   1.34492   0.02567  999.00000  
111  0.0007   7139.070050  x:  0.00000  11.22466   3.63713   1.75680   2.21298   3.98259   0.08805   1.88930   1.47831   1.36207   2.58882   2.88838   2.89501  11.46436   1.34492   0.02567  999.00000  
112  0.0363   7139.070049  x:  0.00000  11.22325   3.63675   1.75636   2.21258   3.98245   0.08806   1.88880   1.47808   1.36186   2.58856   2.88793   2.89440  11.46348   1.34492   0.02567  999.00000  
113  0.0007   7139.070043  x:  0.00000  11.21134   3.63252   1.75463   2.20997   3.97810   0.08803   1.88711   1.47631   1.36039   2.58552   2.88481   2.89138  11.45103   1.34488   0.02570  999.00000  
114  0.0024   7139.070042  x:  0.00000  11.21187   3.63282   1.75467   2.21018   3.97823   0.08803   1.88713   1.47650   1.36042   2.58578   2.88500   2.89154  11.45141   1.34492   0.02570  999.00000  
115  0.0007   7139.070042  x:  0.00000  11.21151   3.63270   1.75461   2.21010   3.97808   0.08802   1.88707   1.47646   1.36038   2.58573   2.88490   2.89144  11.45103   1.34492   0.02570  999.00000  
116  0.0004   7139.070042  x:  0.00000  11.21161   3.63272   1.75462   2.21012   3.97812   0.08802   1.88709   1.47648   1.36040   2.58576   2.88492   2.89146  11.45113   1.34492   0.02570  999.00000  