   2    1    58.0    89.0   1.1204  2.8780  0.1614 0.1224  0.0398  0.7587  0.2240
   3    1    57.5    89.5   1.0688  2.8780  0.1724 0.1238  0.0399  0.7180  0.2145
   3    2    55.8    91.2   0.4111  2.8780  0.1585 0.0454  0.0230  0.2866  0.0876
   4    1    59.6    87.4   1.4761  2.8780  0.1951 0.1841  0.0522  0.9436  0.2475
   4    2    57.9    89.1   0.5992  2.8780  0.2684 0.0963  0.0349  0.3589  0.1031
   4    3    57.4    89.6   0.8024  2.8780  0.1788 0.0957  0.0347  0.5355  0.1481
   5    1    57.6    89.4   1.1322  2.8780  0.3269 0.2089  0.0559  0.6389  0.1686
   5    2    55.9    91.1   1.6899  2.8780  0.1773 0.2037  0.0531  1.1489  0.4757
   5    3    55.4    91.6   1.8567  2.8780  0.1560 0.2036  0.0529  1.3051  0.7544
   5    4    57.5    89.5   1.7542  2.8780  0.1766 0.2071  0.0546  1.1722  0.5214
   6    1    59.0    88.0   1.2031  2.8780  0.1526 0.1241  0.0404  0.8135  0.2282
   6    2    57.4    89.6   0.4074  2.8780  0.1678 0.0463  0.0235  0.2757  0.0834
   6    3    56.9    90.1   0.6186  2.8780  0.1000 0.0460  0.0233  0.4602  0.1249
   6    4    59.0    88.0   0.6811  2.8780  0.0945 0.0469  0.0236  0.4962  0.1261
   6    5    57.0    90.0   1.5637  2.8780  0.1649 0.1759  0.0490  1.0669  0.3359
   7    1    56.1    90.9   1.3263  2.8780  0.1999 0.1750  0.0493  0.8754  0.2819
   7    2    54.4    92.6   0.8443  2.8780  0.2083 0.1170  0.0379  0.5616  0.1489
   7    3    53.9    93.1   0.6478  2.8780  0.2995 0.1163  0.0377  0.3882  0.1094
   7    4    56.0    91.0   1.1732  2.8780  0.1887 0.1483  0.0452  0.7860  0.2187
   7    5    54.0    93.0   2.1169  2.8780  0.1139 0.1830  0.0492  1.6062  1.0632
   7    6    55.4    91.6   0.6719  2.8780  0.2124 0.0934  0.0338  0.4397  0.1204
   8    1    55.7    91.3   1.3877  2.8780  0.1864 0.1742  0.0491  0.9346  0.3002
   8    2    54.0    93.0   1.0088  2.8780  0.1631 0.1165  0.0378  0.7142  0.1974
   8    3    53.5    93.5   0.7695  2.8780  0.2307 0.1158  0.0375  0.5020  0.1382
   8    4    55.6    91.4   1.1894  2.8780  0.1849 0.1486  0.0451  0.8035  0.2340
   8    5    53.7    93.3   1.8730  2.8780  0.1308 0.1823  0.0490  1.3933  0.4217
   8    6    55.1    91.9   0.8054  2.8780  0.1658 0.0930  0.0337  0.5611  0.1537
   8    7    52.1    94.9   0.0881  2.8780  0.0000 -0.0000  0.0000  0.0829  0.0431
   9    1    56.9    90.1   1.4831  2.8780  0.2876 0.2524  0.0620  0.8777  0.2616
   9    2    55.2    91.8   1.0707  2.8780  0.2397 0.1629  0.0464  0.6796  0.1886
   9    3    54.7    92.3   1.0720  2.8780  0.2354 0.1618  0.0461  0.6874  0.2185
   9    4    56.8    90.2   1.3717  2.8780  0.1894 0.1723  0.0494  0.9100  0.2589
   9    5    54.8    92.2   1.8803  2.8780  0.1582 0.2100  0.0539  1.3279  0.4959
   9    6    56.2    90.8   0.9893  2.8780  0.2162 0.1381  0.0427  0.6391  0.1884
   9    7    53.2    93.8   1.6540  2.8780  0.1131 0.1436  0.0424  1.2693  0.7939
   9    8    52.9    94.1   1.2277  2.8780  0.1633 0.1438  0.0424  0.8810  0.3283
  10    1    59.3    87.7   1.1499  2.8780  0.1729 0.1309  0.0426  0.7570  0.1891
  10    2    57.6    89.4   1.4497  2.8780  0.1930 0.1833  0.0502  0.9493  0.2427
  10    3    57.1    89.9   1.4095  2.8780  0.2001 0.1841  0.0501  0.9200  0.2444
  10    4    59.2    87.8   1.0115  2.8780  0.2182 0.1381  0.0430  0.6327  0.1741
  10    5    57.2    89.8   1.0744  2.8780  0.2555 0.1678  0.0474  0.6570  0.1647
  10    6    58.6    88.4   1.2512  2.8780  0.1683 0.1404  0.0433  0.8342  0.2158
  10    7    55.6    91.4   1.4585  2.8780  0.1582 0.1614  0.0459  1.0197  0.3022
  10    8    55.3    91.7   1.4910  2.8780  0.1523 0.1606  0.0457  1.0546  0.3363
  10    9    56.4    90.6   1.4239  2.8780  0.2284 0.2066  0.0537  0.9046  0.2411
  11    1    60.4    86.6   1.3164  2.8780  0.2797 0.2131  0.0571  0.7622  0.2191
  11    2    58.7    88.3   1.3939  2.8780  0.1672 0.1554  0.0467  0.9294  0.2365
  11    3    58.2    88.8   1.5546  2.8780  0.1437 0.1542  0.0463  1.0731  0.3287
  11    4    60.3    86.7   1.9321  2.8780  0.1545 0.1985  0.0578  1.2842  0.4356
  11    5    58.3    88.7   1.5364  2.8780  0.2538 0.2363  0.0604  0.9312  0.2460
  11    6    59.8    87.2   1.3500  2.8780  0.1425 0.1306  0.0432  0.9161  0.2378
  11    7    56.8    90.2   1.5871  2.8780  0.1318 0.1492  0.0450  1.1324  0.4107
  11    8    56.5    90.5   1.6731  2.8780  0.1224 0.1486  0.0447  1.2137  0.4481
  11    9    57.6    89.4   1.2934  2.8780  0.2732 0.2111  0.0562  0.7727  0.2050
  11   10    60.0    87.0   1.1829  2.8780  0.4655 0.2685  0.0656  0.5768  0.1437
  12    1    57.9    89.1   1.8104  2.8780  0.2537 0.2794  0.0676  1.1015  0.3165
  12    2    56.2    90.8   1.5959  2.8780  0.1595 0.1764  0.0491  1.1057  0.3061
  12    3    55.7    91.3   1.3912  2.8780  0.1875 0.1754  0.0488  0.9357  0.2539
  12    4    57.8    89.2   1.4822  2.8780  0.1369 0.1419  0.0441  1.0369  0.3276
  12    5    55.9    91.1   2.2490  2.8780  0.1608 0.2513  0.0606  1.5628  1.1978
  12    6    57.3    89.7   2.3892  2.8780  0.0761 0.1389  0.0435  1.8259  1.4907
  12    7    54.3    92.7   1.4126  2.8780  0.2166 0.2016  0.0532  0.9306  0.2681
  12    8    54.0    93.0   1.4472  2.8780  0.2073 0.2006  0.0529  0.9679  0.3039
  12    9    55.1    91.9   1.6418  2.8780  0.1794 0.2016  0.0530  1.1235  0.3333
  12   10    57.5    89.5   1.4898  2.8780  0.2610 0.2356  0.0589  0.9028  0.2549
  12   11    58.7    88.3   1.8922  2.8780  0.2116 0.2536  0.0654  1.1986  0.3987
  13    1    59.0    88.0   1.5835  2.8780  0.2755 0.2568  0.0640  0.9322  0.2308
  13    2    57.3    89.7   1.8074  2.8780  0.1205 0.1567  0.0463  1.3004  0.5043
  13    3    56.8    90.2   1.6320  2.8780  0.1843 0.2008  0.0535  1.0891  0.3465
  13    4    58.9    88.1   1.8853  2.8780  0.1799 0.2224  0.0582  1.2360  0.3531
  13    5    56.9    90.1   1.7231  2.8780  0.3673 0.3446  0.0761  0.9381  0.2339
  13    6    58.3    88.7   1.8585  2.8780  0.1457 0.1862  0.0520  1.2781  0.5595
  13    7    55.4    91.6   3.8504  2.8780  0.0667 0.2047  0.0535  3.0695  21.3686
  13    8    55.0    92.0   2.9127  2.8780  0.0911 0.2050  0.0534  2.2509  3.7200
  13    9    56.2    90.8   1.4453  2.8780  0.3109 0.2609  0.0633  0.8390  0.2063
  13   10    58.6    88.4   1.4929  2.8780  0.3497 0.2859  0.0672  0.8175  0.1948
  13   11    59.7    87.3   1.7572  2.8780  0.2930 0.2958  0.0736  1.0096  0.2738
  13   12    57.2    89.8   1.4114  2.8780  0.2831 0.2369  0.0590  0.8368  0.2308
  14    1    59.1    87.9   1.4694  2.8780  0.4262 0.3178  0.0741  0.7456  0.1819
  14    2    57.4    89.6   1.3088  2.8780  0.2617 0.2076  0.0545  0.7931  0.1941
  14    3    56.9    90.1   1.4676  2.8780  0.2172 0.2042  0.0538  0.9403  0.2416
  14    4    59.0    88.0   1.3483  2.8780  0.2255 0.1890  0.0522  0.8379  0.2452
  14    5    57.0    90.0   1.8132  2.8780  0.2851 0.3064  0.0697  1.0746  0.3223
  14    6    58.5    88.5   1.2236  2.8780  0.2637 0.1933  0.0527  0.7329  0.1783
  14    7    55.5    91.5   2.1219  2.8780  0.1144 0.1804  0.0490  1.5767  0.9688
  14    8    55.1    91.9   1.6403  2.8780  0.1558 0.1803  0.0489  1.1571  0.3744
  14    9    56.3    90.7   1.4744  2.8780  0.2188 0.2076  0.0550  0.9489  0.2478
  14   10    58.7    88.3   1.0371  2.8780  0.4422 0.2299  0.0580  0.5200  0.1335
  14   11    59.8    87.2   1.6140  2.8780  0.2816 0.2640  0.0657  0.9373  0.2612
  14   12    57.3    89.7   1.8486  2.8780  0.1934 0.2345  0.0592  1.2129  0.4726
  14   13    58.4    88.6   1.3862  2.8780  0.4220 0.2993  0.0692  0.7091  0.1776
  15    1    59.4    87.6   2.1926  2.8780  0.4069 0.4600  0.0995  1.1305  0.4440
  15    2    57.7    89.3   1.7329  2.8780  0.2909 0.2952  0.0693  1.0148  0.2725
  15    3    57.2    89.8   1.5336  2.8780  0.4030 0.3243  0.0732  0.8047  0.2049
  15    4    59.3    87.7   1.7972  2.8780  0.4604 0.4068  0.0915  0.8836  0.2457
  15    5    57.3    89.7   1.6541  2.8780  0.3849 0.3397  0.0751  0.8826  0.2438
  15    6    58.7    88.3   1.7439  2.8780  0.3250 0.3177  0.0736  0.9775  0.2531
  15    7    55.8    91.2   1.7651  2.8780  0.3622 0.3528  0.0770  0.9739  0.2677
  15    8    55.4    91.6   1.6172  2.8780  0.4138 0.3514  0.0766  0.8491  0.2217
  15    9    56.6    90.4   1.6513  2.8780  0.4681 0.3829  0.0840  0.8182  0.2144
  15   10    59.0    88.0   2.1268  2.8780  0.3644 0.4172  0.0901  1.1447  0.3461
  15   11    60.1    86.9   1.5998  2.8780  0.4347 0.3481  0.0815  0.8008  0.2117
  15   12    57.6    89.4   1.3354  2.8780  0.4318 0.2936  0.0681  0.6801  0.1672
  15   13    58.7    88.3   1.9972  2.8780  0.3495 0.3820  0.0819  1.0929  0.2791
  15   14    58.8    88.2   1.5660  2.8780  0.3625 0.3065  0.0712  0.8453  0.2237
  16    1    58.3    88.7   1.7755  2.8780  0.4167 0.3805  0.0818  0.9130  0.2482
  16    2    56.7    90.3   1.8532  2.8780  0.3494 0.3597  0.0779  1.0293  0.3208
  16    3    56.2    90.8   1.8717  2.8780  0.3380 0.3569  0.0773  1.0559  0.3140
  16    4    58.2    88.8   1.8323  2.8780  0.3970 0.3813  0.0820  0.9604  0.2761
  16    5    56.3    90.7   2.3549  2.8780  0.2571 0.3728  0.0797  1.4497  0.6685
  16    6    57.7    89.3   1.8469  2.8780  0.3588 0.3618  0.0789  1.0085  0.3022
  16    7    54.7    92.3   1.6064  2.8780  0.5407 0.4068  0.0840  0.7525  0.1983
  16    8    54.4    92.6   1.5487  2.8780  0.5746 0.4053  0.0836  0.7052  0.1848
  16    9    55.5    91.5   1.7384  2.8780  0.4514 0.3971  0.0836  0.8798  0.2751
  16   10    57.9    89.1   2.2830  2.8780  0.3142 0.4092  0.0860  1.3023  0.4248
  16   11    59.1    87.9   1.6969  2.8780  0.4968 0.4020  0.0867  0.8092  0.2181
  16   12    56.6    90.4   1.6968  2.8780  0.4367 0.3779  0.0805  0.8655  0.2252
  16   13    57.6    89.4   2.5639  2.8780  0.3610 0.5046  0.1011  1.3975  0.4155
  16   14    57.7    89.3   2.0447  2.8780  0.3878 0.4207  0.0879  1.0847  0.3011
  16   15    58.0    89.0   1.4165  2.8780  0.3980 0.2956  0.0681  0.7427  0.1971
