

TREE # 1

  0  0.0000   9165.900606  x:  0.14671   0.09156   0.00000   0.11642   0.10871   0.16853   0.06227   0.02766   0.12767   0.13533   0.04727   0.10847   0.06099   0.21714   0.34524   0.32426   0.37273   0.36418   0.32885   0.36258   0.46938   0.41326   0.46802   0.34255   0.34304   0.32367   0.34517   0.43200   0.36103  
  1 99.0000   7479.111050  x:  0.57480   0.52765   3.62211   0.35003   0.38138   0.48561   0.36218   0.66206   0.33613   0.37225   0.53521   0.50561   0.81091   0.68338   0.80374   0.35204   0.38641   0.36419   0.33673   0.35640   0.44415   0.41583   0.47046   0.32095   0.30989   0.33357   0.32901   0.41722   0.40702  
  2 11041.6191   7178.480997  x:  0.75102   0.70602   3.56230   0.23329   0.49351   0.72063   0.22325   0.47534   0.40207   0.48929   0.42970   0.53347   0.74547   0.89193   1.24659   0.38963   0.41678   0.02401   0.29559   0.27725   0.32612   0.38151   0.40235   0.18652   0.12825   0.28846   0.24849   0.25969   0.46977  
  3 416.8548   7170.375387  x:  0.76514   0.72025   3.55706   0.22658   0.50004   0.73949   0.21022   0.45423   0.40563   0.50014   0.41945   0.53742   0.73946   0.91674   1.28235   0.39135   0.41807   0.05428   0.29433   0.26871   0.30963   0.37915   0.39608   0.17201   0.10726   0.28626   0.24086   0.24065   0.47963  
  4 503.9683   7153.223442  x:  0.75411   0.70811   3.56562   0.26424   0.45698   0.72710   0.19664   0.38185   0.38086   0.51926   0.40553   0.56630   0.74057   1.00387   1.26444   0.36762   0.39674   0.04687   0.32254   0.24119   0.20999   0.38785   0.39056   0.13649   0.04718   0.31214   0.23296   0.15942   0.53041  
  5 162.6156   7145.789916  x:  0.74981   0.70308   3.56836   0.28587   0.43402   0.72890   0.18427   0.33371   0.37170   0.53838   0.39406   0.58445   0.74339   1.06328   1.25871   0.35256   0.38312   0.04431   0.34055   0.22631   0.15030   0.39319   0.38794   0.12647   0.07701   0.32882   0.22768   0.11418   0.56336  
  6 414.4840   7135.875946  x:  0.73622   0.68728   3.56234   0.33980   0.39875   0.78084   0.13843   0.21972   0.36576   0.59057   0.36597   0.62815   0.78269   1.22216   1.23290   0.30831   0.34272   0.03763   0.39302   0.22786   0.13419   0.40929   0.39510   0.14229   0.08039   0.38463   0.22123   0.17778   0.64709  
  7 132.3339   7132.147837  x:  0.72740   0.67712   3.55231   0.36961   0.39621   0.81896   0.11999   0.20629   0.36358   0.61531   0.35590   0.64302   0.79039   1.30312   1.21622   0.28396   0.31963   0.03398   0.42502   0.24924   0.18087   0.42249   0.41552   0.15012   0.07986   0.42542   0.20133   0.14463   0.68732  
  8 114.1696   7129.019610  x:  0.72510   0.67351   3.52153   0.38561   0.40930   0.86295   0.10150   0.27421   0.36908   0.63826   0.34906   0.65342   0.80584   1.38563   1.21087   0.26561   0.29893   0.03155   0.46298   0.28197   0.14894   0.44545   0.46784   0.16266   0.07337   0.49249   0.17670   0.14396   0.72097  
  9 66.7853   7127.438558  x:  0.73610   0.68445   3.51565   0.35557   0.38885   0.88785   0.08083   0.29212   0.33837   0.63725   0.32140   0.66877   0.82030   1.41546   1.21224   0.28210   0.30423   0.03098   0.49447   0.30095   0.14736   0.47770   0.52561   0.14071   0.07668   0.57140   0.21026   0.14039   0.72013  
 10 32.5513   7124.682507  x:  0.75738   0.70479   3.51746   0.30303   0.35236   0.91661   0.09761   0.25557   0.35418   0.62525   0.26359   0.65821   0.84788   1.43219   1.23397   0.32449   0.31993   0.03172   0.57167   0.32281   0.13407   0.56354   0.65072   0.17233   0.06822   0.76537   0.19111   0.12518   0.68411  
 11 44.6364   7121.315607  x:  0.77227   0.71739   3.50362   0.28442   0.37137   0.93565   0.16771   0.19596   0.37750   0.61902   0.24900   0.66519   0.87104   1.44468   1.29013   0.36023   0.32380   0.03272   0.67921   0.32069   0.12987   0.68120   0.80763   0.11780   0.07485   1.03150   0.17423   0.12991   0.62673  
 12 89.8070   7118.421610  x:  0.76938   0.71220   3.49586   0.24561   0.40521   0.91755   0.14320   0.15147   0.42947   0.62206   0.28727   0.69760   0.86928   1.45130   1.35575   0.37274   0.30842   0.03487   0.78232   0.26013   0.13572   0.78652   0.94296   0.11810   0.07269   1.28740   0.19653   0.12202   0.56286  
 13 82.2995   7117.046358  x:  0.76835   0.71003   3.50092   0.24370   0.42165   0.89239   0.11687   0.15139   0.43295   0.62546   0.26099   0.70168   0.85435   1.45577   1.38765   0.37886   0.30168   0.03509   0.83660   0.19755   0.14830   0.83774   0.99049   0.10946   0.07627   1.40586   0.17786   0.13162   0.52976  
 14 66.0400   7116.589631  x:  0.77363   0.71476   3.50184   0.25763   0.44409   0.87992   0.11647   0.15051   0.42103   0.62786   0.24627   0.70714   0.83557   1.46056   1.40339   0.38716   0.30456   0.03505   0.86285   0.18725   0.14916   0.86150   0.99041   0.12693   0.07485   1.45272   0.18945   0.13334   0.51518  
 15 28.0689   7115.981985  x:  0.78212   0.72274   3.50682   0.25246   0.45927   0.86088   0.09916   0.14910   0.39986   0.63216   0.25950   0.70163   0.79890   1.47195   1.41629   0.40397   0.31301   0.03462   0.90673   0.20311   0.14813   0.90058   0.95206   0.13183   0.07709   1.51863   0.17604   0.14297   0.49468  
 16 20.4512   7114.943944  x:  0.79064   0.73238   3.50415   0.23222   0.44186   0.85923   0.11199   0.17815   0.41559   0.64607   0.26875   0.69763   0.74330   1.50127   1.43711   0.43422   0.32389   0.03428   0.99345   0.19471   0.15494   0.97937   0.83386   0.13316   0.07908   1.63547   0.18704   0.15507   0.46047  
 17 30.1124   7113.934020  x:  0.77331   0.71962   3.50739   0.20865   0.47094   0.88280   0.09677   0.19403   0.44076   0.63564   0.24450   0.69154   0.73509   1.50578   1.44421   0.45078   0.31783   0.03442   1.07481   0.20466   0.14738   1.05503   0.70414   0.12076   0.07988   1.74100   0.20080   0.15370   0.41774  
 18 37.7399   7113.133301  x:  0.76256   0.71612   3.49545   0.20633   0.48648   0.92623   0.08497   0.20969   0.41918   0.60601   0.25880   0.68215   0.77285   1.50053   1.46301   0.47746   0.31969   0.03466   1.13588   0.18060   0.14404   1.11815   0.59501   0.13056   0.08094   1.82513   0.19855   0.14600   0.39682  
 19 31.5895   7112.676733  x:  0.75142   0.71943   3.48439   0.20867   0.48870   0.90707   0.07658   0.22361   0.42237   0.61341   0.25331   0.69226   0.81529   1.47406   1.49947   0.50505   0.31739   0.03443   1.15209   0.19089   0.15019   1.15277   0.54206   0.13191   0.08159   1.87033   0.19600   0.14097   0.44824  
 20  8.7001   7111.902101  x:  0.72960   0.75693   3.48730   0.19211   0.49372   0.95442   0.08647   0.22683   0.39404   0.65476   0.25025   0.69157   0.79592   1.41791   1.50800   0.51937   0.23038   0.03469   1.12835   0.18677   0.14181   1.18066   0.52081   0.14178   0.07863   1.91492   0.18995   0.14302   0.51138  
 21  4.6509   7111.099742  x:  0.74309   0.83044   3.48338   0.22584   0.48900   1.00169   0.06580   0.22880   0.40403   0.66598   0.25095   0.69227   0.77682   1.36782   1.49250   0.54209   0.15925   0.03404   1.09857   0.18785   0.13348   1.20297   0.51022   0.13593   0.07756   1.95489   0.18861   0.14384   0.55871  
 22 20.5703   7110.214171  x:  0.77987   0.91849   3.47245   0.20445   0.53042   1.02694   0.07320   0.22702   0.41528   0.65187   0.24836   0.70936   0.76877   1.36151   1.43906   0.54062   0.13403   0.03227   1.05953   0.16402   0.13148   1.21431   0.50812   0.13414   0.07802   1.99032   0.17676   0.14409   0.62367  
 23 13.1158   7106.187696  x:  0.82108   1.10779   3.43379   0.21795   0.50069   1.10172   0.10332   0.23575   0.40145   0.59452   0.22587   0.68398   0.77638   1.42536   1.51304   0.23364   0.20521   0.02815   0.91316   0.20367   0.12530   1.16111   0.59137   0.13748   0.08245   2.06970   0.17392   0.14801   0.64589  
 24  6.9313   7105.125857  x:  0.81533   1.15439   3.41725   0.23425   0.50573   1.14142   0.09976   0.23475   0.39940   0.67663   0.22493   0.67468   0.79919   1.43779   1.50189   0.18414   0.28731   0.02729   0.87296   0.20404   0.11890   1.14158   0.62718   0.13375   0.07633   2.08624   0.17052   0.14128   0.62143  
 25 18.4101   7104.676988  x:  0.78002   1.16974   3.39886   0.22860   0.50365   1.11937   0.11104   0.23713   0.39969   0.68499   0.22308   0.71819   0.82882   1.51004   1.52241   0.26021   0.24736   0.02682   0.87622   0.21474   0.12524   1.14932   0.66054   0.13754   0.07593   2.04655   0.15164   0.13943   0.54673  
 26  4.0168   7104.326920  x:  0.74748   1.17598   3.39202   0.22447   0.51392   1.09576   0.11573   0.23569   0.40700   0.68559   0.22838   0.67361   0.84900   1.58242   1.54026   0.33103   0.21600   0.02527   0.88803   0.21456   0.13051   1.16542   0.69600   0.13457   0.07627   2.01072   0.16663   0.13835   0.51391  
 27 10.6889   7104.166367  x:  0.71202   1.15877   3.39756   0.22782   0.51696   1.11099   0.11221   0.23375   0.41754   0.66076   0.23160   0.67656   0.82385   1.60541   1.55511   0.37293   0.23397   0.02397   0.90939   0.21212   0.12854   1.19253   0.72651   0.13201   0.07784   1.98419   0.16683   0.14383   0.52339  
 28  3.6990   7103.460128  x:  0.75870   1.22137   3.37475   0.20707   0.51643   1.13374   0.09336   0.22559   0.42788   0.69442   0.24467   0.70837   0.82363   1.60721   1.60305   0.30711   0.22765   0.02254   1.16638   0.20532   0.12356   1.53250   0.88116   0.12879   0.07296   1.78736   0.17234   0.14774   0.50926  
 29  1.8077   7102.965308  x:  0.71836   1.32416   3.34810   0.22995   0.52689   1.15847   0.08092   0.22323   0.44144   0.70126   0.23699   0.70032   0.81706   1.73259   1.64651   0.23599   0.24398   0.02534   0.89171   0.20385   0.12808   1.80222   0.93158   0.12978   0.07610   2.00566   0.16796   0.15085   0.42150  
 30  0.4067   7102.747862  x:  0.76339   1.33084   3.33476   0.23170   0.53117   1.17727   0.09459   0.21951   0.44514   0.69095   0.23583   0.70026   0.81271   1.78004   1.65533   0.25651   0.20825   0.02559   0.85007   0.20665   0.12166   1.70427   0.96115   0.12468   0.07733   2.13489   0.16837   0.15028   0.37868  
 31  0.2467   7102.543739  x:  0.70476   1.47927   3.32134   0.23415   0.53291   1.19253   0.09573   0.21253   0.44284   0.67408   0.23713   0.69764   0.80705   1.84234   1.63368   0.20624   0.21962   0.02524   0.67264   0.20339   0.11735   1.75991   1.01638   0.12419   0.07706   2.24022   0.17093   0.14926   0.36373  
 32  0.2432   7102.475672  x:  0.74889   1.47545   3.31415   0.23890   0.52504   1.19533   0.09195   0.20989   0.44139   0.67286   0.23650   0.69895   0.80362   1.88269   1.62641   0.21344   0.19805   0.02492   0.62666   0.20310   0.11880   1.80442   1.05388   0.12472   0.07649   2.26815   0.17114   0.14935   0.33892  
 33  0.1546   7102.421313  x:  0.73428   1.54325   3.30804   0.23573   0.51635   1.19505   0.09298   0.20956   0.44063   0.66847   0.23633   0.69896   0.80347   1.88885   1.62188   0.22436   0.18459   0.02449   0.71786   0.20332   0.12064   1.75456   1.08545   0.12403   0.07643   2.28269   0.17332   0.14966   0.33962  
 34  0.2167   7102.363015  x:  0.68365   1.65073   3.29480   0.24200   0.51018   1.18808   0.09171   0.21091   0.44041   0.67115   0.23441   0.69972   0.80592   1.94206   1.61721   0.21017   0.18886   0.02475   0.66215   0.20650   0.12113   1.75765   1.11867   0.12553   0.07632   2.36573   0.17226   0.15069   0.31315  
 35  0.1845   7102.265713  x:  0.68222   1.77882   3.27287   0.25163   0.50252   1.18411   0.08987   0.21233   0.43927   0.68046   0.23123   0.70263   0.80669   1.99531   1.60712   0.19860   0.16408   0.02548   0.58411   0.21055   0.11971   1.73481   1.18395   0.12723   0.07581   2.52313   0.16916   0.15222   0.30669  
 36  0.6428   7102.197522  x:  0.63489   1.93954   3.24917   0.25704   0.50456   1.17860   0.09023   0.20782   0.44328   0.68128   0.23087   0.70505   0.80335   2.07131   1.61167   0.20532   0.14385   0.02579   0.55236   0.21330   0.12061   1.73258   1.27376   0.12421   0.07586   2.68265   0.16825   0.15119   0.28111  
 37  0.2896   7102.119416  x:  0.55312   2.13589   3.22576   0.26104   0.50983   1.17126   0.09083   0.20167   0.44765   0.68524   0.23130   0.70883   0.79930   2.13548   1.62151   0.18493   0.14576   0.02597   0.54011   0.21504   0.12235   1.74516   1.36960   0.12029   0.07563   2.84093   0.16724   0.14886   0.26914  
 38  0.5925   7102.053675  x:  0.45915   2.40799   3.19073   0.26243   0.50676   1.16449   0.09218   0.19612   0.45071   0.68427   0.22915   0.70865   0.80336   2.23085   1.62420   0.18236   0.12832   0.02626   0.54866   0.21725   0.12295   1.73653   1.49577   0.12085   0.07550   3.07739   0.16733   0.14863   0.24543  
 39  0.4092   7101.981924  x:  0.30768   2.78256   3.14694   0.26307   0.49887   1.15981   0.09416   0.19358   0.44965   0.67875   0.22552   0.70712   0.81382   2.34562   1.61966   0.15617   0.12213   0.02657   0.51551   0.21879   0.12358   1.74707   1.62754   0.12500   0.07558   3.38975   0.16816   0.14932   0.22232  
 40  0.4458   7101.956332  x:  0.27302   2.89204   3.13335   0.26216   0.49820   1.16113   0.09398   0.19338   0.44896   0.67779   0.22491   0.70699   0.81559   2.37180   1.61780   0.15681   0.11651   0.02665   0.52826   0.21810   0.12343   1.74583   1.67058   0.12546   0.07557   3.49266   0.16833   0.14941   0.22405  
 41  0.5288   7101.886373  x:  0.15988   3.28773   3.07704   0.26461   0.50146   1.16980   0.08962   0.19139   0.44900   0.68352   0.22623   0.71247   0.81191   2.51059   1.61543   0.13458   0.10430   0.02728   0.53848   0.21486   0.12194   1.81081   1.85807   0.12096   0.07490   3.86219   0.16722   0.14850   0.20030  
 42  0.4329   7101.864513  x:  0.13448   3.37320   3.06559   0.26339   0.50365   1.17381   0.08864   0.19157   0.44902   0.68524   0.22685   0.71381   0.81073   2.53268   1.61497   0.12351   0.10489   0.02741   0.55356   0.21314   0.12136   1.83360   1.89329   0.11965   0.07475   3.93539   0.16689   0.14825   0.19892  
 43  0.8698   7101.817320  x:  0.00000   3.75842   3.01555   0.26087   0.50916   1.18109   0.09041   0.18945   0.45293   0.68551   0.22309   0.71453   0.80814   2.65706   1.61235   0.11081   0.09607   0.02803   0.52686   0.21026   0.12151   1.88568   2.04478   0.11899   0.07513   4.33644   0.16519   0.14807   0.18316  
 44  0.5918   7101.817320  x:  0.00000   3.75842   3.01555   0.26087   0.50916   1.18109   0.09041   0.18945   0.45293   0.68551   0.22309   0.71453   0.80814   2.65706   1.61235   0.11081   0.09607   0.02803   0.52686   0.21026   0.12151   1.88568   2.04478   0.11899   0.07513   4.33644   0.16519   0.14807   0.18316  
 45  0.9019   7101.815630  x:  0.00002   3.75843   3.01553   0.26088   0.50914   1.18107   0.09046   0.18943   0.45295   0.68550   0.22311   0.71452   0.80816   2.65708   1.61233   0.11081   0.09621   0.02839   0.52687   0.21027   0.12148   1.88568   2.04478   0.11910   0.07515   4.33644   0.16521   0.14812   0.18327  
 46  8.0267   7101.812290  x:  0.00014   3.75848   3.01522   0.26091   0.50897   1.18072   0.09105   0.18923   0.45321   0.68536   0.22334   0.71439   0.80848   2.65721   1.61213   0.11081   0.09651   0.02815   0.52705   0.21038   0.12106   1.88571   2.04476   0.12055   0.07526   4.33646   0.16555   0.14876   0.18432  
 47  3.4753   7101.811781  x:  0.00018   3.75849   3.01506   0.26090   0.50890   1.18058   0.09122   0.18912   0.45323   0.68526   0.22338   0.71430   0.80859   2.65724   1.61206   0.11081   0.09619   0.02823   0.52713   0.21044   0.12117   1.88573   2.04475   0.12080   0.07504   4.33647   0.16561   0.14882   0.18447  
 48  2.2368   7101.811224  x:  0.00035   3.75856   3.01459   0.26080   0.50869   1.18018   0.09151   0.18885   0.45321   0.68502   0.22340   0.71404   0.80885   2.65726   1.61187   0.11082   0.09637   0.02819   0.52737   0.21061   0.12154   1.88577   2.04472   0.12102   0.07471   4.33649   0.16567   0.14870   0.18437  
 49  1.5748   7101.809781  x:  0.00096   3.75880   3.01284   0.26039   0.50792   1.17858   0.09227   0.18816   0.45307   0.68433   0.22339   0.71312   0.80976   2.65732   1.61125   0.11082   0.09623   0.02826   0.52822   0.21111   0.12183   1.88592   2.04463   0.12133   0.07522   4.33658   0.16580   0.14816   0.18385  
 50  2.6495   7101.808333  x:  0.00171   3.75910   3.01069   0.25987   0.50711   1.17660   0.09256   0.18793   0.45286   0.68353   0.22338   0.71216   0.81087   2.65746   1.61055   0.11083   0.09621   0.02829   0.52922   0.21153   0.12131   1.88611   2.04451   0.12096   0.07498   4.33669   0.16593   0.14795   0.18376  
 51  3.9265   7101.806350  x:  0.00295   3.75959   3.00715   0.25923   0.50629   1.17376   0.09219   0.18852   0.45279   0.68263   0.22344   0.71098   0.81253   2.65776   1.60950   0.11086   0.09615   0.02826   0.53080   0.21208   0.12209   1.88640   2.04433   0.12027   0.07531   4.33687   0.16613   0.14824   0.18434  
 52  4.1589   7101.804413  x:  0.00456   3.76022   3.00257   0.25957   0.50648   1.17074   0.09125   0.18978   0.45357   0.68231   0.22345   0.71047   0.81363   2.65801   1.60872   0.11093   0.09602   0.02835   0.53275   0.21205   0.12234   1.88677   2.04408   0.12092   0.07517   4.33711   0.16619   0.14753   0.18390  
 53  2.3834   7101.800233  x:  0.00878   3.76187   2.99055   0.26171   0.50864   1.16461   0.09081   0.18876   0.45480   0.68281   0.22285   0.71113   0.81490   2.65879   1.60773   0.11123   0.09578   0.02844   0.53765   0.21066   0.12298   1.88773   2.04337   0.12017   0.07521   4.33771   0.16690   0.14738   0.18397  
 54  2.9957   7101.795569  x:  0.01415   3.76398   2.97530   0.26031   0.51080   1.15939   0.09052   0.18769   0.45471   0.68381   0.22417   0.71206   0.81447   2.65975   1.60762   0.11180   0.09550   0.02859   0.54308   0.20878   0.12354   1.88895   2.04249   0.12029   0.07519   4.33848   0.16443   0.14776   0.18402  
 55  3.9534   7101.785639  x:  0.02630   3.76872   2.94087   0.25494   0.51505   1.15096   0.09236   0.18878   0.45261   0.68574   0.22519   0.71532   0.81199   2.66177   1.60823   0.11338   0.09489   0.02902   0.55492   0.20634   0.12451   1.89172   2.04058   0.12058   0.07501   4.34023   0.16560   0.14833   0.18306  
 56  8.8019   7101.778971  x:  0.03484   3.77204   2.91679   0.25180   0.51717   1.14751   0.09227   0.18878   0.45137   0.68639   0.22264   0.71627   0.81003   2.66330   1.60897   0.11476   0.09451   0.02919   0.56319   0.20579   0.12490   1.89364   2.03925   0.12119   0.07488   4.34143   0.16535   0.14735   0.18414  
 57 12.7386   7101.759300  x:  0.06138   3.78229   2.84219   0.24878   0.52048   1.14484   0.09273   0.18980   0.44983   0.68618   0.21904   0.71579   0.80706   2.66721   1.61172   0.12011   0.09310   0.03012   0.58921   0.20580   0.12497   1.89957   2.03514   0.12213   0.07481   4.34517   0.16356   0.15147   0.18178  
 58 13.3103   7101.470786  x:  0.38649   3.90762   1.93024   0.22112   0.54833   1.13333   0.09571   0.19752   0.44011   0.68052   0.22561   0.70759   0.77418   2.71700   1.64330   0.18985   0.07702   0.03880   0.90528   0.19730   0.12543   1.97182   1.98486   0.12011   0.07582   4.39099   0.15953   0.15347   0.18205  
 59 70.0750   7101.404430  x:  0.47028   3.94002   1.69518   0.21048   0.55365   1.13199   0.09224   0.19631   0.43959   0.68011   0.22665   0.70719   0.76891   2.72902   1.65020   0.20776   0.07272   0.04133   0.98590   0.19219   0.12556   1.99038   1.97183   0.12075   0.07585   4.40278   0.16108   0.15501   0.18050  
 60 372.9327   7101.373873  x:  0.51048   3.95614   1.58192   0.20514   0.55506   1.13381   0.09686   0.19929   0.44098   0.68336   0.22458   0.71062   0.77252   2.73244   1.65043   0.21449   0.07073   0.04233   1.02312   0.18792   0.12559   1.99933   1.96551   0.11966   0.07551   4.40845   0.15789   0.15386   0.18096  
 61 42.2066   7101.357349  x:  0.53133   3.96531   1.52241   0.20347   0.55786   1.13532   0.09650   0.19909   0.43819   0.68684   0.22549   0.71506   0.77620   2.73074   1.64885   0.21486   0.06958   0.04292   1.04120   0.19291   0.12491   2.00407   1.96210   0.11995   0.07528   4.41146   0.15636   0.15296   0.18136  
 62 16.1762   7101.338191  x:  0.55190   3.97563   1.46333   0.20601   0.55465   1.13586   0.09506   0.19987   0.42954   0.68942   0.22560   0.71741   0.77634   2.72155   1.64762   0.21015   0.06835   0.04350   1.05667   0.19072   0.12502   2.00892   1.95859   0.12186   0.07511   4.41459   0.15568   0.15258   0.18265  
 63  8.2153   7101.255295  x:  0.62669   4.01442   1.25555   0.20247   0.55251   1.13524   0.09604   0.20048   0.43594   0.69302   0.22644   0.71336   0.76457   2.65808   1.64962   0.18971   0.06413   0.04568   1.10043   0.19211   0.12504   2.02671   1.94502   0.11978   0.07475   4.42618   0.15638   0.15417   0.19062  
 64  8.9138   7100.634483  x:  0.93501   4.15497   0.43666   0.19452   0.56387   1.12619   0.09790   0.20510   0.42709   0.68984   0.22783   0.70785   0.75313   2.34784   1.67754   0.21852   0.04775   0.05437   1.26000   0.18878   0.12607   2.09858   1.88979   0.12040   0.07537   4.47307   0.15516   0.15540   0.22931  
 65 27.2002   7100.581824  x:  0.97970   4.17357   0.31648   0.19439   0.55834   1.12311   0.09797   0.20561   0.42771   0.69617   0.22802   0.70882   0.74763   2.29959   1.68030   0.22657   0.04542   0.05562   1.28533   0.19137   0.12645   2.10935   1.88156   0.11998   0.07482   4.48007   0.15479   0.15618   0.23528  
 66 70.3727   7100.405332  x:  1.02012   4.16409   0.24879   0.18841   0.57715   1.13861   0.09837   0.20594   0.42124   0.69782   0.22861   0.69327   0.76204   2.22023   1.68170   0.21375   0.04421   0.05619   1.31421   0.18209   0.12456   2.12276   1.87066   0.12131   0.07485   4.48909   0.15794   0.15384   0.24556  
 67  1.0047   7100.256290  x:  1.04336   4.16245   0.22050   0.18988   0.57339   1.14674   0.09740   0.20551   0.42647   0.66608   0.22799   0.71781   0.76221   2.17935   1.67460   0.20960   0.04318   0.05649   1.31324   0.18160   0.12386   2.13179   1.86275   0.12097   0.07739   4.49537   0.15368   0.15310   0.25061  
 68  3.7259   7098.947621  x:  1.17899   4.24609   0.10984   0.22017   0.56173   1.20206   0.09512   0.19760   0.44164   0.67397   0.22296   0.69125   0.78147   2.05288   1.59066   0.27190   0.03209   0.05910   1.08155   0.18297   0.11756   2.19390   1.80065   0.12089   0.07583   4.54225   0.16674   0.15215   0.26431  
 69  2.8173   7098.440944  x:  1.23785   4.26966   0.09063   0.23369   0.52820   1.20733   0.09406   0.19375   0.45421   0.69116   0.22133   0.69700   0.82469   2.01581   1.66302   0.27169   0.02943   0.06019   0.99371   0.19677   0.11925   2.21705   1.77662   0.12134   0.07469   4.56007   0.17138   0.14708   0.27162  
 70  9.6654   7097.297617  x:  1.44666   4.01662   0.31991   0.23820   0.48870   1.26303   0.08978   0.18656   0.47101   0.72577   0.22038   0.70845   0.83811   1.98818   1.60900   0.22983   0.02779   0.06163   0.93915   0.20469   0.11343   2.24320   1.73364   0.11987   0.07086   4.59266   0.17619   0.14474   0.27464  
 71  1.4445   7094.718044  x:  1.37381   3.08351   0.12311   0.21356   0.53002   1.34545   0.09686   0.18309   0.48157   0.65328   0.22298   0.70215   0.91294   1.95245   1.67839   0.30930   0.04899   0.07748   0.88824   0.18027   0.10692   2.29755   1.59952   0.12309   0.07760   4.71100   0.18776   0.13209   0.30958  
 72  1.3585   7089.405777  x:  1.33797   2.68568   0.34540   0.17546   0.52593   1.32188   0.11358   0.20157   0.45685   0.69435   0.22853   0.70935   0.85378   1.46814   1.67579   0.36132   0.04332   0.09404   1.00998   0.19614   0.11003   2.27970   1.50053   0.12097   0.07453   4.86541   0.17515   0.13735   0.42624  
 73  0.6623   7084.760658  x:  1.02010   2.22753   0.50087   0.21387   0.52835   1.25693   0.12728   0.21500   0.43857   0.68332   0.22181   0.68435   0.83812   1.55338   1.69736   0.35797   0.05604   0.11010   0.58397   0.21998   0.11821   2.24795   1.41533   0.12297   0.07622   4.99406   0.17168   0.14329   0.49495  
 74  2.1279   7082.264445  x:  1.62007   1.78823   0.36951   0.24816   0.50238   1.21342   0.12940   0.22245   0.42243   0.70968   0.21688   0.67322   0.80316   1.64341   1.67616   0.35274   0.03775   0.12245   0.43031   0.24462   0.12223   2.26626   1.30275   0.12497   0.07404   5.10427   0.16870   0.15117   0.54127  
 75  4.5201   7080.674151  x:  1.73503   1.29732   0.15055   0.26430   0.48302   1.19753   0.12776   0.22605   0.41813   0.72663   0.21502   0.66967   0.78665   1.66230   1.66747   0.32199   0.04446   0.13140   0.40167   0.25718   0.12322   2.28374   1.20847   0.12531   0.07253   5.17801   0.16769   0.15450   0.57496  
 76  6.7206   7077.281049  x:  1.86394   0.30530   0.12364   0.25200   0.45275   1.22016   0.10418   0.23540   0.41052   0.74496   0.22104   0.71032   0.76634   1.60153   1.67645   0.35601   0.04734   0.15734   0.89058   0.26375   0.11666   2.33960   0.81808   0.12506   0.07098   5.41465   0.15700   0.15344   0.68393  
 77  2.7616   7076.124815  x:  1.88816   0.04489   0.21895   0.26280   0.45093   1.21005   0.09727   0.23577   0.41528   0.73120   0.21789   0.71451   0.77648   1.51171   1.68620   0.36799   0.04642   0.16585   0.76959   0.26437   0.11681   2.35773   0.74191   0.12755   0.07192   5.50324   0.15862   0.15366   0.72546  
 78  1.2216   7075.044919  x:  1.81580   0.29364   0.35109   0.25938   0.45496   1.21101   0.08883   0.23240   0.42458   0.71232   0.21655   0.72850   0.79264   1.44439   1.69726   0.38916   0.04008   0.16771   0.75124   0.25598   0.11565   2.37116   0.80962   0.12964   0.07309   5.54661   0.15967   0.15193   0.74760  
 79  1.5868   7074.307246  x:  1.73109   0.28860   0.38902   0.26642   0.46875   1.21471   0.09137   0.22697   0.43732   0.68631   0.21239   0.71913   0.82126   1.43069   1.71204   0.37626   0.04373   0.17216   0.51307   0.25045   0.11674   2.37694   1.14685   0.13170   0.07500   5.60793   0.16770   0.14972   0.77025  
 80  0.5848   7073.725943  x:  1.81123   0.29005   0.33683   0.26906   0.47319   1.22497   0.10111   0.22100   0.44540   0.67501   0.21092   0.70696   0.83354   1.45504   1.72298   0.38492   0.03632   0.18306   0.39090   0.24968   0.11797   2.38974   1.10265   0.13072   0.07585   5.74716   0.17249   0.14761   0.82726  
 81  0.2051   7073.312562  x:  1.79722   0.36941   0.30383   0.24578   0.48990   1.25092   0.10710   0.21754   0.44843   0.67613   0.21357   0.70384   0.83443   1.48688   1.72873   0.40686   0.02959   0.19442   0.61884   0.23753   0.11625   2.39344   1.13626   0.12817   0.07575   5.89124   0.17290   0.14493   0.88841  
 82  0.6558   7072.003209  x:  1.57210   0.58475   0.42378   0.24491   0.48901   1.23476   0.10323   0.20494   0.44556   0.70626   0.21520   0.70095   0.80269   1.33023   1.72709   0.41307   0.02030   0.22813   0.63471   0.22599   0.11580   2.35203   1.08568   0.12263   0.07310   6.30629   0.16568   0.14948   1.07635  
 83  0.3291   7071.515756  x:  1.66463   0.51083   0.43312   0.25785   0.47364   1.22433   0.09326   0.21060   0.44045   0.70951   0.21243   0.71403   0.81531   1.26347   1.72326   0.40313   0.00896   0.25381   0.58639   0.23589   0.11492   2.30310   1.43657   0.12527   0.07293   6.61777   0.16486   0.14879   1.21035  
 84  0.4095   7071.199804  x:  1.67542   0.53816   0.42838   0.26390   0.46462   1.23079   0.09015   0.21111   0.44717   0.70603   0.21079   0.72397   0.83630   1.30591   1.72259   0.38539   0.00219   0.27466   0.52313   0.24572   0.11447   2.21137   1.40705   0.12549   0.07316   6.88245   0.16676   0.14539   1.31326  
 85  0.2733   7071.108003  x:  1.70262   0.52439   0.43213   0.26951   0.46344   1.23128   0.09249   0.21064   0.44804   0.70394   0.21110   0.72005   0.83418   1.29550   1.72566   0.37398   0.00010   0.28058   0.49116   0.25033   0.11485   2.16231   1.36626   0.12520   0.07332   6.95539   0.16711   0.14553   1.34336  
 86  0.2651   7071.108003  x:  1.70262   0.52439   0.43213   0.26951   0.46344   1.23128   0.09249   0.21064   0.44804   0.70394   0.21110   0.72005   0.83418   1.29550   1.72566   0.37398   0.00010   0.28058   0.49116   0.25033   0.11485   2.16231   1.36626   0.12520   0.07332   6.95539   0.16711   0.14553   1.34336  
 87  0.4549   7071.010365  x:  1.70392   0.52462   0.43215   0.27357   0.46467   1.23219   0.09967   0.20912   0.44703   0.70351   0.21244   0.71810   0.83185   1.29328   1.72612   0.37402   0.00383   0.29747   0.49121   0.25379   0.11905   2.16221   1.36591   0.12347   0.07249   6.95541   0.16398   0.14382   1.34118  
 88  9.4704   7070.905041  x:  1.70507   0.52497   0.43122   0.27609   0.46463   1.23217   0.10312   0.20660   0.44634   0.70323   0.21305   0.71607   0.82915   1.28983   1.72713   0.37240   0.00694   0.32107   0.49059   0.25751   0.11246   2.16202   1.36540   0.12359   0.07488   6.95542   0.16263   0.14470   1.33771  
 89 25.9854   7070.737731  x:  1.70549   0.52566   0.42712   0.27466   0.46233   1.23337   0.09623   0.20230   0.44600   0.70223   0.21242   0.71379   0.82511   1.28273   1.72943   0.36523   0.00758   0.36532   0.48792   0.26331   0.11237   2.16150   1.36431   0.12560   0.06971   6.95546   0.16574   0.15056   1.32999  
 90 30.4886   7070.665925  x:  1.70519   0.52594   0.42461   0.27343   0.46078   1.23426   0.09243   0.20251   0.44659   0.70256   0.21223   0.71319   0.82324   1.27957   1.73057   0.36080   0.00644   0.38518   0.48632   0.26520   0.11508   2.16123   1.36380   0.12687   0.07409   6.95548   0.16752   0.15094   1.32583  
 91 47.3739   7070.603203  x:  1.70390   0.52609   0.42084   0.27234   0.45814   1.23498   0.09072   0.20894   0.44811   0.70328   0.21286   0.71378   0.82179   1.27726   1.73211   0.35438   0.00263   0.40274   0.48389   0.26431   0.11436   2.16089   1.36325   0.12497   0.07309   6.95550   0.16853   0.14516   1.31992  
 92 18.2045   7070.581166  x:  1.70348   0.52589   0.41829   0.27298   0.45650   1.23577   0.09270   0.21280   0.45010   0.70446   0.21226   0.71578   0.82404   1.27773   1.73266   0.35219   0.00216   0.40904   0.48163   0.26124   0.11462   2.16059   1.36271   0.12409   0.07310   6.95550   0.16861   0.14840   1.31422  
 93  6.6753   7070.537188  x:  1.70377   0.52473   0.41095   0.27346   0.45384   1.23853   0.09219   0.21142   0.45472   0.70791   0.20748   0.72144   0.83064   1.28202   1.73399   0.35095   0.00684   0.42077   0.47352   0.25237   0.11489   2.15955   1.36052   0.12448   0.07259   6.95552   0.16509   0.14609   1.29427  
 94  7.1124   7070.477332  x:  1.70326   0.52242   0.39864   0.27467   0.45663   1.24314   0.09231   0.20806   0.45599   0.71173   0.21378   0.73012   0.84026   1.29149   1.73535   0.34822   0.01250   0.43470   0.46004   0.24736   0.11452   2.15773   1.35682   0.12374   0.07245   6.95558   0.16928   0.14319   1.25841  
 95 12.0063   7070.351684  x:  1.69930   0.51671   0.37292   0.27572   0.46741   1.25224   0.09006   0.20978   0.45055   0.71528   0.21425   0.73611   0.85431   1.31564   1.73751   0.33847   0.01774   0.45839   0.43151   0.25284   0.11308   2.15357   1.34896   0.12490   0.07257   6.95571   0.16088   0.14299   1.17468  
 96 18.8065   7070.218026  x:  1.69568   0.50963   0.35147   0.27849   0.46482   1.25994   0.09268   0.21513   0.44151   0.71458   0.20419   0.73644   0.85885   1.34507   1.73812   0.33432   0.02778   0.48276   0.40297   0.25916   0.11247   2.14875   1.34007   0.12826   0.07241   6.95587   0.16970   0.14053   1.07535  
 97 28.0633   7070.073608  x:  1.69089   0.50138   0.33364   0.28174   0.44859   1.26524   0.09026   0.21884   0.43722   0.71131   0.21080   0.73004   0.85599   1.37701   1.73744   0.33282   0.03745   0.50734   0.37537   0.26080   0.11264   2.14342   1.33011   0.13100   0.07263   6.95609   0.16780   0.14164   0.96548  
 98 38.2951   7070.032656  x:  1.68684   0.49817   0.32979   0.28744   0.44637   1.26433   0.08969   0.21418   0.44248   0.71055   0.20962   0.72987   0.85197   1.38597   1.73595   0.33052   0.03433   0.51389   0.37018   0.26213   0.11267   2.14163   1.32640   0.12575   0.07324   6.95616   0.16846   0.14259   0.93130  
 99 13.0872   7070.017572  x:  1.68498   0.49657   0.32953   0.29008   0.44789   1.26262   0.08918   0.21475   0.44770   0.71080   0.20977   0.73121   0.84984   1.38894   1.73423   0.33199   0.03315   0.51682   0.36955   0.26349   0.11271   2.14079   1.32473   0.12851   0.07260   6.95620   0.16874   0.14241   0.91798  
100  7.8082   7070.007330  x:  1.68335   0.49478   0.33042   0.28918   0.45001   1.25959   0.08728   0.21668   0.44900   0.71153   0.20954   0.73371   0.84858   1.39017   1.73185   0.33691   0.03302   0.51968   0.37053   0.26401   0.11288   2.13999   1.32318   0.12625   0.07277   6.95623   0.16840   0.14274   0.90896  
101  3.7989   7069.981774  x:  1.67426   0.48770   0.33022   0.28176   0.45303   1.24817   0.09077   0.21502   0.44441   0.71328   0.20922   0.74032   0.84693   1.39160   1.72493   0.34797   0.02413   0.52723   0.37741   0.26056   0.11401   2.13741   1.31809   0.12802   0.07254   6.95637   0.16648   0.14275   0.88767  
102  3.8089   7069.965132  x:  1.66626   0.47973   0.32764   0.28597   0.45699   1.24137   0.08826   0.21594   0.43968   0.71225   0.20914   0.73684   0.85051   1.39398   1.72430   0.35608   0.01972   0.53271   0.38649   0.25446   0.11473   2.13499   1.31357   0.12912   0.07273   6.95650   0.16700   0.14226   0.87744  
103  2.4300   7069.942193  x:  1.65403   0.46428   0.32387   0.27848   0.46061   1.23670   0.09015   0.21595   0.44495   0.70907   0.20928   0.72761   0.85672   1.40266   1.72883   0.36524   0.01794   0.53979   0.39915   0.25292   0.11521   2.13070   1.30523   0.12758   0.07302   6.95676   0.16890   0.14150   0.86992  
104  2.2424   7069.908416  x:  1.64050   0.43892   0.32280   0.27795   0.45877   1.24396   0.08904   0.21712   0.44290   0.70711   0.20954   0.73673   0.84949   1.41615   1.73630   0.36923   0.01985   0.54709   0.41751   0.25437   0.11456   2.12244   1.28961   0.12813   0.07324   6.95725   0.16691   0.14265   0.86844  
105  1.5381   7069.845345  x:  1.64115   0.40667   0.31715   0.27513   0.46355   1.26329   0.09082   0.21788   0.44372   0.71314   0.21016   0.72740   0.83014   1.40428   1.72465   0.37507   0.01872   0.55142   0.42914   0.24892   0.11242   2.10432   1.25562   0.12731   0.07266   6.95836   0.16806   0.14591   0.86797  
106  1.4968   7069.736893  x:  1.66575   0.37073   0.34808   0.27661   0.46031   1.27938   0.09196   0.21740   0.44311   0.70432   0.21095   0.71830   0.83326   1.39315   1.70888   0.37897   0.00010   0.56381   0.43955   0.25136   0.11057   2.07090   1.19326   0.12698   0.07332   6.96037   0.16819   0.14517   0.86980  
107  3.5800   7069.736893  x:  1.66575   0.37073   0.34808   0.27661   0.46031   1.27938   0.09196   0.21740   0.44311   0.70432   0.21095   0.71830   0.83326   1.39315   1.70888   0.37897   0.00010   0.56381   0.43955   0.25136   0.11057   2.07090   1.19326   0.12698   0.07332   6.96037   0.16819   0.14517   0.86980  
108  4.5009   7069.691929  x:  1.66787   0.37182   0.34690   0.28033   0.46046   1.27661   0.09837   0.21523   0.44231   0.70299   0.21157   0.71707   0.83062   1.39206   1.71041   0.38091   0.00218   0.56788   0.44078   0.25474   0.11219   2.07087   1.19308   0.12634   0.07173   6.96038   0.16511   0.14541   0.87074  
109  7.5842   7069.669999  x:  1.66945   0.37278   0.34562   0.28186   0.45991   1.27396   0.10027   0.21357   0.44201   0.70225   0.21167   0.71641   0.82859   1.39110   1.71173   0.38207   0.00345   0.57135   0.44143   0.25709   0.11071   2.07081   1.19294   0.12678   0.07431   6.96039   0.16419   0.14609   0.87152  
110 12.9334   7069.613103  x:  1.67486   0.37667   0.33980   0.28308   0.45615   1.26382   0.09703   0.20862   0.44110   0.69886   0.21151   0.71504   0.82138   1.38739   1.71698   0.38467   0.00643   0.58515   0.44280   0.26492   0.10978   2.07050   1.19237   0.12777   0.07244   6.96043   0.16543   0.14956   0.87453  
111 12.0814   7069.582268  x:  1.67788   0.37925   0.33617   0.28360   0.45373   1.25772   0.09517   0.20833   0.44114   0.69737   0.21201   0.71448   0.81705   1.38532   1.72017   0.38525   0.00722   0.59427   0.44338   0.26917   0.11378   2.07028   1.19205   0.12810   0.07412   6.96046   0.16651   0.14990   0.87646  
112 23.1889   7069.528751  x:  1.68266   0.38464   0.32968   0.28482   0.44853   1.24478   0.09472   0.21537   0.44253   0.69553   0.21420   0.71415   0.80994   1.38241   1.72626   0.38332   0.00566   0.61342   0.44369   0.27450   0.11374   2.06981   1.19153   0.12632   0.07384   6.96052   0.16795   0.14679   0.88025  
113 16.7882   7069.496358  x:  1.68536   0.38883   0.32736   0.28589   0.44574   1.23588   0.09611   0.21854   0.44492   0.69603   0.21206   0.71473   0.80971   1.38238   1.72937   0.37961   0.00224   0.62941   0.44245   0.27484   0.11490   2.06935   1.19084   0.12616   0.07378   6.96055   0.16715   0.15203   0.88297  
114  9.8037   7069.462811  x:  1.68761   0.39200   0.32752   0.28629   0.44502   1.22980   0.09607   0.21665   0.44627   0.69734   0.21001   0.71537   0.81094   1.38356   1.73081   0.37713   0.00010   0.64283   0.44043   0.27362   0.11557   2.06892   1.19003   0.12617   0.07362   6.96058   0.16583   0.15033   0.88485  
115 10.9982   7069.462811  x:  1.68761   0.39200   0.32752   0.28629   0.44502   1.22980   0.09607   0.21665   0.44627   0.69734   0.21001   0.71537   0.81094   1.38356   1.73081   0.37713   0.00010   0.64283   0.44043   0.27362   0.11557   2.06892   1.19003   0.12617   0.07362   6.96058   0.16583   0.15033   0.88485  
116 16.2421   7069.442579  x:  1.68876   0.39230   0.33007   0.28639   0.44770   1.23026   0.09616   0.21371   0.44497   0.69847   0.21379   0.71625   0.81368   1.38508   1.72930   0.37856   0.00191   0.64684   0.43877   0.27236   0.11569   2.06873   1.18964   0.12588   0.07328   6.96060   0.16774   0.14706   0.88467  
117  4.1567   7069.431086  x:  1.68952   0.39271   0.33198   0.28603   0.44996   1.23060   0.09577   0.21239   0.44423   0.69975   0.21403   0.71661   0.81716   1.38654   1.72774   0.37888   0.00260   0.65158   0.43684   0.27074   0.11467   2.06850   1.18925   0.12663   0.07473   6.96061   0.16720   0.14829   0.88436  
118  5.3198   7069.418790  x:  1.69022   0.39325   0.33382   0.28555   0.45251   1.23115   0.09544   0.21169   0.44330   0.70098   0.21333   0.71686   0.82123   1.38822   1.72591   0.37869   0.00283   0.65770   0.43443   0.26872   0.11498   2.06820   1.18877   0.12695   0.07292   6.96062   0.16589   0.14945   0.88391  
119 13.2607   7069.404433  x:  1.69060   0.39410   0.33482   0.28499   0.45506   1.23195   0.09625   0.21328   0.44234   0.70268   0.21134   0.71702   0.82545   1.39009   1.72369   0.37692   0.00163   0.66711   0.43110   0.26587   0.11635   2.06775   1.18813   0.12707   0.07359   6.96064   0.16435   0.14695   0.88298  
120  8.3415   7069.395723  x:  1.69071   0.39468   0.33460   0.28455   0.45589   1.23216   0.09675   0.21470   0.44178   0.70343   0.21065   0.71728   0.82768   1.39098   1.72248   0.37536   0.00047   0.67383   0.42896   0.26403   0.11452   2.06743   1.18768   0.12697   0.07306   6.96066   0.16472   0.14558   0.88218  
121 11.3210   7069.391143  x:  1.69075   0.39487   0.33416   0.28439   0.45585   1.23228   0.09673   0.21499   0.44167   0.70353   0.21082   0.71741   0.82816   1.39111   1.72217   0.37484   0.00010   0.67628   0.42832   0.26361   0.11469   2.06731   1.18751   0.12702   0.07307   6.96067   0.16533   0.14572   0.88184  
122  8.0776   7069.391143  x:  1.69075   0.39487   0.33416   0.28439   0.45585   1.23228   0.09673   0.21499   0.44167   0.70353   0.21082   0.71741   0.82816   1.39111   1.72217   0.37484   0.00010   0.67628   0.42832   0.26361   0.11469   2.06731   1.18751   0.12702   0.07307   6.96067   0.16533   0.14572   0.88184  
123  7.9971   7069.386751  x:  1.69085   0.39491   0.33331   0.28440   0.45517   1.23239   0.09633   0.21450   0.44182   0.70318   0.21159   0.71741   0.82759   1.39077   1.72232   0.37485   0.00022   0.67751   0.42831   0.26399   0.11605   2.06725   1.18741   0.12719   0.07338   6.96068   0.16604   0.14676   0.88154  
124  3.0944   7069.378586  x:  1.69121   0.39503   0.33056   0.28466   0.45287   1.23221   0.09555   0.21330   0.44224   0.70195   0.21335   0.71717   0.82541   1.38972   1.72296   0.37489   0.00065   0.68174   0.42825   0.26511   0.11488   2.06704   1.18706   0.12723   0.07289   6.96070   0.16727   0.14820   0.88052  
125  4.8669   7069.366854  x:  1.69193   0.39527   0.32613   0.28595   0.44956   1.23210   0.09581   0.21253   0.44316   0.70016   0.21419   0.71622   0.82101   1.38814   1.72410   0.37502   0.00154   0.69000   0.42814   0.26748   0.11476   2.06663   1.18642   0.12692   0.07458   6.96074   0.16691   0.14709   0.87855  
126  7.5998   7069.358299  x:  1.69251   0.39547   0.32311   0.28715   0.44751   1.23213   0.09637   0.21259   0.44380   0.69873   0.21392   0.71551   0.81791   1.38719   1.72492   0.37512   0.00225   0.69679   0.42794   0.26945   0.11559   2.06629   1.18590   0.12627   0.07324   6.96077   0.16624   0.14660   0.87697  
127 15.4827   7069.345806  x:  1.69348   0.39581   0.32000   0.28926   0.44585   1.23211   0.09756   0.21477   0.44510   0.69745   0.21111   0.71502   0.81481   1.38687   1.72586   0.37514   0.00339   0.70945   0.42696   0.27273   0.11521   2.06564   1.18498   0.12612   0.07363   6.96082   0.16587   0.14962   0.87414  
128  7.8066   7069.311198  x:  1.69572   0.39681   0.31801   0.29079   0.44543   1.23266   0.09237   0.21833   0.44686   0.69762   0.20919   0.71656   0.81126   1.39153   1.72742   0.37332   0.00515   0.75435   0.41960   0.28014   0.11505   2.06317   1.18141   0.12743   0.07326   6.96099   0.16941   0.14787   0.86453  
129  6.2985   7069.205530  x:  1.70081   0.39958   0.31485   0.29889   0.44216   1.23477   0.09525   0.21894   0.44612   0.70107   0.21848   0.71999   0.80923   1.41035   1.73092   0.36396   0.00681   0.90326   0.39368   0.29408   0.11427   2.05498   1.16889   0.12326   0.07363   6.96159   0.16641   0.14937   0.83260  
130 24.8213   7069.119036  x:  1.70370   0.40098   0.30895   0.30266   0.43436   1.23625   0.09551   0.20936   0.44398   0.70409   0.21438   0.72091   0.81163   1.42416   1.73251   0.35636   0.00715   1.02079   0.37181   0.29748   0.11423   2.04839   1.15854   0.12684   0.07313   6.96206   0.16191   0.15044   0.80732  
131 51.1876   7069.070427  x:  1.70496   0.40052   0.30114   0.30583   0.42773   1.23671   0.10075   0.21016   0.44079   0.70581   0.21244   0.72150   0.81694   1.42981   1.73100   0.35488   0.00901   1.08904   0.35891   0.29242   0.11476   2.04444   1.15258   0.12799   0.07271   6.96233   0.16764   0.14782   0.79314  
132 27.0925   7069.039035  x:  1.70536   0.39894   0.29280   0.30657   0.42563   1.23658   0.09815   0.21445   0.43881   0.70610   0.21363   0.71925   0.82284   1.43110   1.72795   0.35691   0.01198   1.13344   0.35030   0.28655   0.11509   2.04168   1.14864   0.12832   0.07279   6.96253   0.16491   0.14753   0.78500  
133 18.5839   7069.022277  x:  1.70385   0.39615   0.28680   0.30898   0.43237   1.23586   0.09799   0.21185   0.43824   0.70430   0.21347   0.71716   0.82644   1.42951   1.72377   0.35978   0.01360   1.15896   0.34798   0.28480   0.11484   2.03989   1.14588   0.12755   0.07307   6.96266   0.16575   0.14696   0.78285  
134  6.7335   7069.014509  x:  1.70060   0.39314   0.28621   0.30784   0.43435   1.23467   0.09918   0.21227   0.43984   0.70236   0.21433   0.71589   0.82669   1.42824   1.72073   0.36046   0.01206   1.17247   0.34984   0.28321   0.11489   2.03875   1.14423   0.13026   0.07274   6.96275   0.16561   0.14666   0.78429  
135  3.6091   7068.992317  x:  1.68976   0.38298   0.28778   0.30120   0.43673   1.23057   0.09942   0.21259   0.44146   0.69657   0.21321   0.71314   0.82589   1.42432   1.71227   0.36365   0.00710   1.21219   0.35814   0.27727   0.11531   2.03520   1.13906   0.12706   0.07351   6.96303   0.16634   0.14679   0.79058  
136  9.4938   7068.982490  x:  1.68576   0.37761   0.29060   0.30058   0.43699   1.22883   0.09936   0.21188   0.44040   0.69669   0.21336   0.71387   0.82525   1.42258   1.71115   0.37028   0.00797   1.23126   0.36557   0.27420   0.11550   2.03322   1.13621   0.12792   0.07340   6.96319   0.16595   0.14688   0.79371  
137  5.0006   7068.969881  x:  1.67767   0.37043   0.28784   0.30030   0.43948   1.22742   0.09805   0.21273   0.43703   0.70184   0.21316   0.71763   0.82606   1.41992   1.71581   0.37544   0.00234   1.25616   0.37868   0.27081   0.11568   2.03000   1.13174   0.12863   0.07309   6.96343   0.16498   0.14683   0.79651  
138  3.9292   7068.964281  x:  1.67601   0.36862   0.28583   0.29516   0.44117   1.22823   0.09943   0.21250   0.43918   0.70350   0.21308   0.71724   0.82775   1.42068   1.71982   0.38062   0.00010   1.26660   0.38434   0.27017   0.11564   2.02803   1.12899   0.12813   0.07295   6.96358   0.16503   0.14667   0.79562  
139  1.8768   7068.964281  x:  1.67601   0.36862   0.28583   0.29516   0.44117   1.22823   0.09943   0.21250   0.43918   0.70350   0.21308   0.71724   0.82775   1.42068   1.71982   0.38062   0.00010   1.26660   0.38434   0.27017   0.11564   2.02803   1.12899   0.12813   0.07295   6.96358   0.16503   0.14667   0.79562  
140  1.3865   7068.951145  x:  1.67672   0.36917   0.28733   0.29602   0.44339   1.22865   0.09811   0.21619   0.44021   0.70305   0.21190   0.71748   0.82627   1.42148   1.72014   0.38098   0.00034   1.26716   0.38492   0.27302   0.11684   2.02789   1.12898   0.12796   0.07391   6.96359   0.16608   0.14655   0.79525  
141  4.0559   7068.945730  x:  1.67714   0.36955   0.28815   0.29643   0.44436   1.22874   0.09728   0.21772   0.44069   0.70259   0.21138   0.71754   0.82532   1.42200   1.72043   0.38110   0.00038   1.26755   0.38528   0.27454   0.11579   2.02779   1.12893   0.12768   0.07284   6.96359   0.16643   0.14662   0.79499  
142  7.2648   7068.944016  x:  1.67746   0.36994   0.28863   0.29660   0.44443   1.22887   0.09683   0.21746   0.44094   0.70225   0.21141   0.71746   0.82447   1.42243   1.72076   0.38100   0.00015   1.26797   0.38561   0.27540   0.11504   2.02769   1.12880   0.12775   0.07346   6.96360   0.16620   0.14690   0.79470  
143  2.3312   7068.943528  x:  1.67752   0.37002   0.28871   0.29663   0.44441   1.22891   0.09678   0.21736   0.44098   0.70217   0.21144   0.71744   0.82429   1.42252   1.72082   0.38097   0.00010   1.26806   0.38568   0.27555   0.11506   2.02767   1.12878   0.12774   0.07344   6.96360   0.16615   0.14696   0.79463  
144  4.2041   7068.941369  x:  1.67843   0.37118   0.28919   0.29719   0.44328   1.22947   0.09793   0.21718   0.44120   0.70141   0.21211   0.71753   0.82226   1.42355   1.72167   0.38062   0.00010   1.26945   0.38662   0.27658   0.11494   2.02735   1.12839   0.12740   0.07353   6.96363   0.16687   0.14672   0.79365  
145  2.2771   7068.939469  x:  1.67968   0.37282   0.28847   0.29673   0.44100   1.23024   0.09775   0.21792   0.44149   0.70092   0.21133   0.71757   0.82064   1.42453   1.72263   0.38008   0.00010   1.27171   0.38736   0.27671   0.11500   2.02680   1.12777   0.12773   0.07350   6.96367   0.16733   0.14745   0.79210  
146  1.5760   7068.938581  x:  1.68055   0.37388   0.28764   0.29660   0.44059   1.23077   0.09760   0.21834   0.44146   0.70096   0.21128   0.71746   0.82020   1.42501   1.72304   0.37984   0.00010   1.27345   0.38761   0.27673   0.11499   2.02637   1.12728   0.12751   0.07353   6.96370   0.16661   0.14684   0.79105  
147  1.4333   7068.935844  x:  1.68387   0.37772   0.28463   0.29681   0.44137   1.23269   0.09770   0.21883   0.44112   0.70166   0.21221   0.71768   0.82062   1.42662   1.72384   0.37930   0.00010   1.28043   0.38819   0.27692   0.11476   2.02465   1.12524   0.12710   0.07357   6.96382   0.16624   0.14776   0.78723  
148  2.2040   7068.933404  x:  1.68699   0.38116   0.28289   0.29683   0.44241   1.23433   0.09746   0.21792   0.44088   0.70236   0.21158   0.71798   0.82125   1.42823   1.72421   0.37904   0.00010   1.28747   0.38858   0.27688   0.11459   2.02293   1.12315   0.12786   0.07341   6.96394   0.16712   0.14699   0.78392  
149  4.2907   7068.930551  x:  1.69038   0.38467   0.28466   0.29626   0.44286   1.23560   0.09829   0.21799   0.44056   0.70291   0.21078   0.71765   0.82289   1.43063   1.72356   0.37883   0.00010   1.29788   0.38889   0.27558   0.11450   2.02044   1.12020   0.12788   0.07336   6.96411   0.16641   0.14713   0.78098  
150  2.1989   7068.928406  x:  1.69196   0.38674   0.28584   0.29503   0.44294   1.23603   0.09733   0.21834   0.44038   0.70286   0.21207   0.71749   0.82376   1.43190   1.72279   0.37757   0.00010   1.30678   0.38904   0.27460   0.11450   2.01832   1.11771   0.12784   0.07339   6.96426   0.16695   0.14667   0.77940  
151  3.3081   7068.921082  x:  1.69319   0.39096   0.28582   0.29382   0.44501   1.23527   0.09800   0.21884   0.44039   0.70081   0.21130   0.71633   0.82444   1.43275   1.71992   0.36938   0.00010   1.34066   0.39099   0.27334   0.11455   2.01026   1.10826   0.12778   0.07352   6.96483   0.16717   0.14656   0.77659  
152  3.1964   7068.890723  x:  1.70339   0.39735   0.28065   0.29563   0.44673   1.22701   0.09647   0.22065   0.43995   0.69471   0.21253   0.71494   0.82018   1.42559   1.71086   0.36861   0.00010   1.49533   0.40384   0.26955   0.11544   1.97345   1.06521   0.13034   0.07352   6.96744   0.16632   0.14719   0.77215  
153  5.3569   7068.880951  x:  1.70576   0.39825   0.27889   0.29417   0.44712   1.22486   0.09577   0.22020   0.43879   0.69421   0.21145   0.71528   0.81908   1.42434   1.70986   0.36884   0.00010   1.54418   0.40734   0.26950   0.11569   1.96177   1.05150   0.12703   0.07402   6.96827   0.16708   0.14749   0.77113  
154 26.8587   7068.845591  x:  1.70829   0.39524   0.27231   0.28203   0.44910   1.22070   0.09965   0.22130   0.43933   0.70054   0.21209   0.71825   0.81734   1.42741   1.71702   0.36938   0.00010   1.72473   0.41758   0.27551   0.11619   1.91823   1.00072   0.12867   0.07315   6.97135   0.16559   0.14811   0.76926  
155 18.3115   7068.806493  x:  1.70398   0.38577   0.26643   0.28845   0.44845   1.22388   0.09607   0.22357   0.43643   0.70677   0.21233   0.71939   0.81915   1.43952   1.73368   0.36785   0.00010   1.92562   0.42829   0.27349   0.11637   1.86895   0.94436   0.12951   0.07274   6.97481   0.16528   0.14830   0.76677  
156 19.0618   7068.789250  x:  1.69858   0.37680   0.26117   0.28687   0.44922   1.23488   0.09685   0.22506   0.43246   0.69758   0.21235   0.71463   0.81936   1.44706   1.73536   0.37251   0.00010   2.01519   0.42605   0.27453   0.11540   1.84588   0.92032   0.13071   0.07344   6.97642   0.16599   0.14850   0.76171  
157  6.9549   7068.782362  x:  1.69478   0.37235   0.25956   0.28778   0.44836   1.24141   0.09694   0.22475   0.43780   0.69664   0.21235   0.71608   0.81800   1.44897   1.73258   0.37432   0.00010   2.05218   0.42232   0.27455   0.11480   1.83561   0.91072   0.12937   0.07341   6.97713   0.16581   0.14866   0.75698  
158  4.8741   7068.776897  x:  1.69045   0.36928   0.26034   0.29007   0.44592   1.24650   0.09679   0.22525   0.43439   0.70018   0.21228   0.71834   0.81486   1.44782   1.72822   0.37459   0.00010   2.08263   0.41628   0.27763   0.11423   1.82607   0.90441   0.13021   0.07309   6.97778   0.16517   0.14912   0.75071  
159  2.6315   7068.770165  x:  1.68665   0.37128   0.26149   0.29550   0.44049   1.24379   0.09728   0.22544   0.43554   0.70111   0.21239   0.71312   0.81586   1.44383   1.73069   0.37603   0.00010   2.12336   0.39753   0.28469   0.11455   1.80975   0.90021   0.12989   0.07302   6.97888   0.16636   0.14913   0.74441  
160  1.1246   7068.762082  x:  1.68332   0.37662   0.26066   0.30216   0.43497   1.23897   0.09788   0.22593   0.43466   0.69757   0.21217   0.71840   0.81579   1.44547   1.73185   0.37782   0.00010   2.17253   0.37249   0.29139   0.11513   1.78855   0.89710   0.13030   0.07331   6.98029   0.16537   0.14902   0.74428  
161  3.0274   7068.758287  x:  1.68202   0.38053   0.25856   0.30532   0.43198   1.23904   0.09794   0.22606   0.43487   0.69991   0.21216   0.71586   0.81456   1.44913   1.72842   0.37887   0.00010   2.19769   0.36326   0.29493   0.11506   1.77642   0.89718   0.13008   0.07312   6.98110   0.16594   0.14919   0.74948  
162  1.7398   7068.750985  x:  1.67776   0.38923   0.25994   0.30715   0.42789   1.24913   0.09810   0.22646   0.43565   0.69912   0.21193   0.71728   0.81950   1.44334   1.72874   0.38003   0.00010   2.25216   0.36116   0.29999   0.11395   1.74526   0.90320   0.12984   0.07319   6.98321   0.16579   0.14825   0.75813  
163  0.9212   7068.746475  x:  1.67540   0.39183   0.26059   0.30666   0.42913   1.25102   0.09839   0.22664   0.43570   0.69939   0.21187   0.71711   0.81809   1.44205   1.72977   0.38104   0.00611   2.27526   0.36065   0.29837   0.11377   1.73134   0.90610   0.12986   0.07318   6.98414   0.16596   0.14847   0.75944  
164  2.8605   7068.730648  x:  1.65908   0.40553   0.26315   0.30357   0.43570   1.25614   0.09981   0.22748   0.43587   0.70049   0.21159   0.71617   0.81175   1.43894   1.73336   0.38798   0.00149   2.40846   0.36165   0.28979   0.11325   1.65040   0.92286   0.13000   0.07320   6.98957   0.16682   0.14945   0.76191  
165  4.2966   7068.666892  x:  1.58479   0.44143   0.26251   0.29530   0.44291   1.23658   0.10232   0.22966   0.43726   0.69813   0.21052   0.71683   0.81831   1.45956   1.72259   0.41981   0.00350   2.93948   0.39841   0.28043   0.11446   1.32174   0.98922   0.12958   0.07389   7.01150   0.16820   0.14770   0.73792  
166  9.7984   7068.571343  x:  1.57381   0.44620   0.25546   0.28591   0.44151   1.23251   0.11281   0.22053   0.43485   0.69884   0.21329   0.71579   0.82351   1.46251   1.71641   0.42015   0.00847   3.71095   0.41399   0.26249   0.11367   0.81459   1.03299   0.13050   0.07466   7.04362   0.16679   0.14726   0.72758  
167  2.1623   7068.542324  x:  1.59088   0.43489   0.25276   0.28590   0.43950   1.23291   0.11564   0.22055   0.43482   0.69835   0.21318   0.71582   0.82357   1.46284   1.71581   0.41170   0.00891   3.97897   0.41428   0.26569   0.11363   0.63287   1.03907   0.13050   0.07471   7.05517   0.16692   0.14720   0.72697  
168  2.1604   7068.452449  x:  1.70568   0.36665   0.24748   0.29261   0.42704   1.23923   0.12196   0.21923   0.43525   0.69757   0.21299   0.71630   0.81956   1.44878   1.72022   0.35947   0.00840   4.15662   0.40137   0.29128   0.11400   0.60579   1.03134   0.12993   0.07412   7.06953   0.16631   0.14809   0.74715  
169  0.2921   7068.420857  x:  1.64192   0.42897   0.24685   0.28679   0.42837   1.24421   0.12886   0.21698   0.43543   0.69856   0.21285   0.71620   0.81619   1.44114   1.72536   0.38909   0.01255   4.39846   0.41946   0.29326   0.11400   0.49571   1.04901   0.12961   0.07370   7.08740   0.16587   0.14908   0.75555  
170  0.3730   7068.403652  x:  1.61593   0.44538   0.24819   0.28233   0.43220   1.24800   0.13199   0.21665   0.43669   0.69869   0.21239   0.71602   0.81324   1.44019   1.72844   0.40144   0.01226   4.45999   0.43196   0.29174   0.11387   0.53447   1.08357   0.12913   0.07353   7.09937   0.16616   0.14974   0.75529  
171  0.1212   7068.389200  x:  1.62637   0.42256   0.24919   0.27903   0.43180   1.25051   0.13902   0.21461   0.43809   0.69815   0.21243   0.71579   0.81186   1.44127   1.72850   0.39556   0.00872   4.73174   0.44246   0.29130   0.11346   0.45791   1.15749   0.12865   0.07375   7.12686   0.16655   0.15007   0.75396  
172  0.3166   7068.384392  x:  1.63119   0.42453   0.24792   0.27998   0.42927   1.24815   0.14128   0.21373   0.43716   0.69853   0.21261   0.71631   0.81449   1.44234   1.72601   0.39407   0.00910   4.88807   0.44534   0.29204   0.11335   0.45602   1.18715   0.12894   0.07397   7.14971   0.16646   0.14944   0.75346  
173  0.1199   7068.380134  x:  1.64637   0.41693   0.24589   0.27454   0.43397   1.24844   0.14349   0.21287   0.43811   0.69850   0.21220   0.71658   0.81475   1.44172   1.72652   0.38968   0.00666   5.25862   0.46296   0.28801   0.11356   0.43468   1.23821   0.12852   0.07382   7.20708   0.16651   0.14923   0.75471  
174  0.1215   7068.368960  x:  1.64742   0.40500   0.24637   0.27297   0.43564   1.24854   0.14183   0.20785   0.44140   0.69902   0.21233   0.71714   0.81549   1.44194   1.72787   0.39474   0.00010   6.11254   0.47434   0.28545   0.11377   0.45728   1.34011   0.12730   0.07350   7.36257   0.16571   0.14927   0.75170  
175  0.2854   7068.368960  x:  1.64742   0.40500   0.24637   0.27297   0.43564   1.24854   0.14183   0.20785   0.44140   0.69902   0.21233   0.71714   0.81549   1.44194   1.72787   0.39474   0.00010   6.11254   0.47434   0.28545   0.11377   0.45728   1.34011   0.12730   0.07350   7.36257   0.16571   0.14927   0.75170  
176  0.7048   7068.368330  x:  1.64750   0.40500   0.24634   0.27290   0.43564   1.24848   0.14155   0.20801   0.44138   0.69909   0.21232   0.71716   0.81549   1.44200   1.72784   0.39486   0.00019   6.11254   0.47423   0.28535   0.11332   0.45722   1.34010   0.12741   0.07386   7.36257   0.16583   0.14928   0.75164  
177  1.7117   7068.367537  x:  1.64782   0.40503   0.24621   0.27268   0.43575   1.24843   0.14042   0.20860   0.44117   0.69926   0.21230   0.71725   0.81548   1.44230   1.72771   0.39537   0.00052   6.11257   0.47375   0.28496   0.11324   0.45699   1.34003   0.12754   0.07351   7.36258   0.16617   0.14929   0.75138  
178  1.2388   7068.367276  x:  1.64796   0.40505   0.24613   0.27270   0.43586   1.24844   0.14005   0.20881   0.44108   0.69938   0.21229   0.71728   0.81547   1.44248   1.72763   0.39558   0.00061   6.11258   0.47350   0.28476   0.11353   0.45688   1.33999   0.12758   0.07371   7.36259   0.16621   0.14924   0.75124  
179  1.5745   7068.366759  x:  1.64837   0.40516   0.24572   0.27346   0.43650   1.24831   0.13976   0.20898   0.44069   0.69975   0.21225   0.71725   0.81541   1.44330   1.72738   0.39608   0.00048   6.11264   0.47250   0.28394   0.11346   0.45651   1.33977   0.12735   0.07369   7.36263   0.16570   0.14898   0.75056  
180  0.7674   7068.366357  x:  1.64868   0.40527   0.24538   0.27404   0.43693   1.24819   0.13974   0.20880   0.44048   0.70004   0.21230   0.71735   0.81546   1.44408   1.72713   0.39635   0.00010   6.11270   0.47153   0.28329   0.11348   0.45619   1.33954   0.12754   0.07366   7.36267   0.16587   0.14942   0.74992  
181  1.2257   7068.366181  x:  1.64885   0.40532   0.24531   0.27401   0.43691   1.24805   0.13984   0.20852   0.44047   0.70012   0.21229   0.71740   0.81536   1.44465   1.72698   0.39642   0.00010   6.11276   0.47068   0.28305   0.11350   0.45597   1.33932   0.12776   0.07362   7.36270   0.16608   0.14910   0.74942  
182  0.6030   7068.365858  x:  1.64916   0.40542   0.24542   0.27349   0.43647   1.24767   0.14023   0.20864   0.44053   0.70010   0.21234   0.71736   0.81524   1.44588   1.72669   0.39633   0.00010   6.11293   0.46853   0.28309   0.11357   0.45549   1.33873   0.12752   0.07366   7.36280   0.16593   0.14927   0.74822  
183  0.6428   7068.365639  x:  1.64933   0.40542   0.24543   0.27391   0.43633   1.24734   0.14036   0.20910   0.44065   0.69985   0.21218   0.71729   0.81509   1.44643   1.72655   0.39606   0.00010   6.11311   0.46677   0.28401   0.11359   0.45511   1.33816   0.12780   0.07363   7.36290   0.16597   0.14924   0.74729  
184  0.5063   7068.365344  x:  1.64957   0.40535   0.24539   0.27478   0.43573   1.24688   0.13995   0.20888   0.44047   0.69944   0.21208   0.71721   0.81491   1.44681   1.72648   0.39570   0.00010   6.11340   0.46418   0.28546   0.11361   0.45457   1.33723   0.12747   0.07372   7.36306   0.16616   0.14927   0.74610  
185  0.9866   7068.365144  x:  1.64979   0.40523   0.24545   0.27554   0.43484   1.24659   0.13971   0.20877   0.44048   0.69927   0.21252   0.71712   0.81484   1.44679   1.72647   0.39559   0.00010   6.11362   0.46225   0.28621   0.11364   0.45421   1.33649   0.12766   0.07372   7.36319   0.16593   0.14931   0.74550  
186  0.9609   7068.364904  x:  1.65012   0.40493   0.24565   0.27662   0.43348   1.24632   0.13994   0.20898   0.44049   0.69940   0.21230   0.71722   0.81486   1.44633   1.72651   0.39567   0.00010   6.11396   0.45958   0.28678   0.11371   0.45385   1.33543   0.12757   0.07370   7.36338   0.16610   0.14928   0.74525  
187  0.7270   7068.364574  x:  1.65043   0.40433   0.24555   0.27726   0.43272   1.24619   0.14012   0.20875   0.44060   0.69992   0.21188   0.71734   0.81500   1.44525   1.72657   0.39561   0.00010   6.11450   0.45517   0.28786   0.11372   0.45337   1.33369   0.12776   0.07364   7.36368   0.16579   0.14940   0.74579  
188  0.7247   7068.364189  x:  1.65074   0.40359   0.24550   0.27805   0.43221   1.24613   0.14058   0.20882   0.44055   0.70049   0.21233   0.71758   0.81510   1.44403   1.72662   0.39544   0.00010   6.11517   0.44989   0.28917   0.11371   0.45287   1.33157   0.12760   0.07361   7.36405   0.16595   0.14929   0.74672  
189  2.4844   7068.363957  x:  1.65083   0.40309   0.24613   0.27879   0.43181   1.24646   0.14056   0.20887   0.44005   0.70005   0.21229   0.71731   0.81483   1.44413   1.72661   0.39495   0.00010   6.11568   0.44657   0.28961   0.11368   0.45271   1.32997   0.12775   0.07365   7.36434   0.16598   0.14935   0.74821  
190  0.4944   7068.363879  x:  1.65085   0.40292   0.24568   0.27908   0.43149   1.24673   0.14047   0.20897   0.44028   0.69978   0.21227   0.71728   0.81471   1.44435   1.72661   0.39465   0.00010   6.11593   0.44550   0.28968   0.11367   0.45275   1.32920   0.12769   0.07367   7.36448   0.16602   0.14934   0.74886  
191  0.3102   7068.363832  x:  1.65122   0.40282   0.24559   0.27926   0.43136   1.24704   0.14045   0.20893   0.44058   0.69967   0.21229   0.71735   0.81469   1.44468   1.72656   0.39495   0.00010   6.11618   0.44501   0.29000   0.11363   0.45296   1.32841   0.12761   0.07368   7.36462   0.16601   0.14936   0.74928  
192  0.1643   7068.363781  x:  1.65167   0.40273   0.24526   0.27930   0.43111   1.24748   0.14049   0.20902   0.44014   0.69982   0.21227   0.71736   0.81476   1.44495   1.72662   0.39502   0.00010   6.11663   0.44468   0.29033   0.11359   0.45348   1.32702   0.12773   0.07367   7.36488   0.16599   0.14935   0.74946  
193  0.1332   7068.363602  x:  1.65307   0.40244   0.24553   0.27962   0.43101   1.24869   0.13988   0.20931   0.44018   0.70072   0.21226   0.71750   0.81499   1.44529   1.72711   0.39397   0.00010   6.11865   0.44382   0.29042   0.11348   0.45567   1.32076   0.12772   0.07360   7.36603   0.16600   0.14929   0.74927  
194  0.2178   7068.363055  x:  1.65783   0.40091   0.24545   0.27977   0.43153   1.25013   0.13921   0.21004   0.43996   0.69945   0.21223   0.71697   0.81458   1.44411   1.72721   0.39227   0.00010   6.12535   0.44182   0.28964   0.11336   0.46296   1.30012   0.12786   0.07370   7.36983   0.16615   0.14936   0.74815  
195  0.6010   7068.362009  x:  1.66408   0.39581   0.24541   0.28029   0.43153   1.24764   0.13809   0.21104   0.43926   0.69925   0.21216   0.71780   0.81506   1.44452   1.72477   0.38822   0.00010   6.13852   0.44058   0.28982   0.11356   0.47635   1.25962   0.12813   0.07370   7.37730   0.16594   0.14924   0.74840  
196  1.0470   7068.361617  x:  1.66552   0.39309   0.24520   0.28039   0.43163   1.24630   0.13791   0.21139   0.43930   0.69961   0.21219   0.71635   0.81484   1.44514   1.72615   0.38763   0.00010   6.14364   0.44040   0.28992   0.11370   0.48057   1.24399   0.12816   0.07368   7.38021   0.16626   0.14936   0.74847  
197  1.0760   7068.361429  x:  1.66529   0.39144   0.24522   0.28039   0.43178   1.24615   0.13780   0.21167   0.43903   0.69907   0.21217   0.71730   0.81489   1.44542   1.72729   0.38783   0.00010   6.14636   0.44038   0.28978   0.11374   0.48153   1.23597   0.12830   0.07373   7.38175   0.16609   0.14936   0.74823  
198  0.4870   7068.361033  x:  1.66317   0.38871   0.24531   0.28043   0.43184   1.24747   0.13748   0.21239   0.43867   0.69898   0.21215   0.71676   0.81504   1.44526   1.72596   0.38890   0.00010   6.15267   0.44083   0.28959   0.11359   0.48060   1.21807   0.12841   0.07374   7.38535   0.16622   0.14931   0.74749  
199  0.3855   7068.360477  x:  1.66199   0.39120   0.24533   0.28018   0.43162   1.24808   0.13787   0.21320   0.43812   0.69928   0.21217   0.71705   0.81274   1.44464   1.72581   0.38949   0.00010   6.16214   0.44276   0.28992   0.11352   0.47614   1.19257   0.12861   0.07373   7.39076   0.16621   0.14969   0.74828  
200  0.4055   7068.359848  x:  1.66095   0.39521   0.24534   0.27981   0.43151   1.24838   0.13837   0.21410   0.43754   0.69840   0.21218   0.71652   0.81444   1.44410   1.72624   0.38999   0.00010   6.17288   0.44487   0.29013   0.11348   0.47063   1.16421   0.12884   0.07384   7.39689   0.16633   0.14942   0.74946  
201  1.6350   7068.359805  x:  1.66023   0.39617   0.24527   0.27988   0.43157   1.24759   0.13814   0.21427   0.43743   0.69849   0.21217   0.71654   0.81444   1.44412   1.72623   0.39062   0.00010   6.17405   0.44456   0.29002   0.11356   0.47044   1.16375   0.12886   0.07384   7.39758   0.16634   0.14940   0.74966  
202  0.0339   7068.359499  x:  1.65060   0.40447   0.24553   0.27982   0.43121   1.24771   0.13846   0.21430   0.43744   0.69841   0.21217   0.71645   0.81448   1.44441   1.72632   0.39506   0.00010   6.18407   0.44384   0.29044   0.11353   0.47094   1.16780   0.12888   0.07384   7.40354   0.16632   0.14940   0.74909  
203  0.0614   7068.359106  x:  1.65382   0.40191   0.24535   0.27923   0.43102   1.24783   0.13965   0.21438   0.43721   0.69837   0.21221   0.71633   0.81447   1.44486   1.72640   0.39337   0.00010   6.21478   0.44568   0.29042   0.11351   0.46054   1.18011   0.12896   0.07386   7.42183   0.16632   0.14946   0.74884  
204  0.0278   7068.353883  x:  1.65710   0.39826   0.24435   0.28015   0.43006   1.24669   0.13930   0.21652   0.43601   0.69843   0.21188   0.71612   0.81390   1.44803   1.72601   0.39128   0.00010   6.65565   0.43814   0.29103   0.11359   0.47118   1.12717   0.12950   0.07386   7.68334   0.16628   0.14966   0.74460  
205  0.0644   7068.329199  x:  1.66459   0.39071   0.23683   0.28123   0.42995   1.24686   0.13802   0.22108   0.43396   0.69851   0.20899   0.71706   0.81451   1.45802   1.72568   0.38631   0.00010  10.73162   0.43006   0.29044   0.11353   0.49728   1.03963   0.13061   0.07382  10.10766   0.16580   0.14967   0.72968  
206  1.3145   7068.301615  x:  1.64720   0.40698   0.24065   0.28041   0.43089   1.24836   0.13988   0.21212   0.43872   0.69921   0.20882   0.71907   0.81646   1.44775   1.72653   0.39720   0.00010  14.04055   0.44334   0.29108   0.11348   0.45928   1.25038   0.12835   0.07374  12.08342   0.16543   0.14886   0.74328  
207  1.4217   7068.288903  x:  1.64933   0.40465   0.23466   0.28014   0.43051   1.24946   0.14145   0.21185   0.43883   0.69901   0.20664   0.72039   0.81751   1.45184   1.72655   0.39625   0.00010  19.04015   0.44492   0.29159   0.11337   0.43691   1.22249   0.12822   0.07377  15.06285   0.16497   0.14853   0.73459  
208  2.7551   7068.276970  x:  1.65734   0.39684   0.23572   0.28064   0.43129   1.24727   0.13870   0.21654   0.43650   0.69835   0.20646   0.71951   0.81736   1.45432   1.72643   0.39096   0.00010  25.98230   0.44039   0.29014   0.11355   0.47540   1.08529   0.12929   0.07384  19.20143   0.16518   0.14874   0.73296  
209  2.9451   7068.267012  x:  1.65235   0.40294   0.23665   0.28126   0.42930   1.24871   0.14160   0.21297   0.43826   0.69967   0.20553   0.72085   0.81762   1.45264   1.72624   0.39403   0.00010  37.29959   0.43558   0.29237   0.11342   0.44794   1.23761   0.12859   0.07370  25.95088   0.16467   0.14865   0.73568  
210  4.7349   7068.260587  x:  1.64934   0.40426   0.23313   0.28023   0.43055   1.24964   0.14136   0.21365   0.43804   0.69877   0.20425   0.72154   0.81860   1.45358   1.72657   0.39612   0.00010  51.39269   0.44527   0.29154   0.11333   0.44172   1.17806   0.12857   0.07380  34.35295   0.16456   0.14826   0.73227  
211  7.0930   7068.255792  x:  1.65401   0.40057   0.23524   0.28099   0.43052   1.24844   0.13974   0.21568   0.43693   0.69849   0.20526   0.72049   0.81805   1.45331   1.72643   0.39315   0.00010  68.56242   0.43986   0.29131   0.11344   0.46112   1.11193   0.12907   0.07383  44.58973   0.16487   0.14851   0.73353  
212  7.7064   7068.252136  x:  1.65337   0.40162   0.23430   0.28150   0.42954   1.24854   0.14106   0.21487   0.43736   0.69921   0.20346   0.72171   0.81870   1.45490   1.72624   0.39342   0.00010  94.55971   0.43559   0.29214   0.11342   0.45413   1.17333   0.12896   0.07375  60.09106   0.16436   0.14839   0.73204  
213 12.7817   7068.249233  x:  1.64961   0.40429   0.23362   0.28037   0.43016   1.25003   0.14152   0.21437   0.43761   0.69862   0.20408   0.72158   0.81851   1.45303   1.72653   0.39584   0.00010  136.61217   0.44452   0.29200   0.11328   0.43857   1.15565   0.12874   0.07382  85.16321   0.16455   0.14827   0.73318  
214 16.5523   7068.247188  x:  1.65353   0.40101   0.23385   0.28137   0.43034   1.24820   0.14010   0.21489   0.43750   0.69895   0.20354   0.72162   0.81906   1.45502   1.72640   0.39352   0.00010  190.03253   0.43751   0.29143   0.11346   0.46346   1.14957   0.12887   0.07377  117.01405   0.16443   0.14829   0.73102  
215 24.1451   7068.245701  x:  1.65170   0.40305   0.23423   0.28125   0.42935   1.24942   0.14154   0.21518   0.43710   0.69895   0.20335   0.72186   0.81859   1.45382   1.72629   0.39427   0.00010  270.56741   0.43805   0.29255   0.11333   0.44271   1.15229   0.12902   0.07379  165.03133   0.16437   0.14834   0.73324  
216 32.2753   7068.244632  x:  1.65200   0.40213   0.23315   0.28072   0.43049   1.24903   0.14072   0.21466   0.43761   0.69873   0.20356   0.72170   0.81905   1.45465   1.72650   0.39462   0.00010  391.30601   0.44196   0.29147   0.11338   0.45369   1.15331   0.12879   0.07380  237.01799   0.16445   0.14820   0.73097  
217 48.8895   7068.243869  x:  1.65239   0.40239   0.23418   0.28150   0.42958   1.24894   0.14110   0.21489   0.43735   0.69904   0.20308   0.72201   0.81896   1.45410   1.72633   0.39390   0.00010  565.27874   0.43662   0.29231   0.11339   0.44926   1.15249   0.12892   0.07377  340.74570   0.16430   0.14829   0.73253  
218 69.7562   7068.243341  x:  1.65158   0.40255   0.23331   0.28062   0.43023   1.24916   0.14113   0.21495   0.43736   0.69878   0.20350   0.72175   0.81884   1.45470   1.72644   0.39468   0.00010  830.86624   0.44207   0.29162   0.11336   0.44859   1.15380   0.12890   0.07380  499.09467   0.16442   0.14825   0.73154  
219 97.9485   7068.243080  x:  1.65198   0.40243   0.23348   0.28102   0.43000   1.24913   0.14102   0.21492   0.43739   0.69884   0.20325   0.72189   0.81900   1.45448   1.72641   0.39441   0.00010  999.00000   0.43989   0.29192   0.11337   0.45004   1.15092   0.12889   0.07379  599.34047   0.16437   0.14823   0.73164  
220 151.2838   7068.242977  x:  1.65242   0.40225   0.23391   0.28144   0.42972   1.24899   0.14097   0.21483   0.43743   0.69896   0.20311   0.72198   0.81904   1.45419   1.72638   0.39401   0.00010  999.00000   0.43734   0.29223   0.11338   0.45078   1.15225   0.12888   0.07378  819.96457   0.16432   0.14826   0.73211  
221 122.5393   7068.242890  x:  1.65217   0.40238   0.23372   0.28124   0.42985   1.24905   0.14101   0.21492   0.43738   0.69891   0.20310   0.72198   0.81905   1.45435   1.72638   0.39421   0.00010  999.00000   0.43855   0.29208   0.11337   0.45026   1.15047   0.12890   0.07378  999.00000   0.16433   0.14824   0.73190  
222 98.3534   7068.242880  x:  1.65210   0.40239   0.23367   0.28113   0.42991   1.24907   0.14103   0.21489   0.43740   0.69889   0.20321   0.72192   0.81899   1.45438   1.72640   0.39428   0.00010  999.00000   0.43914   0.29200   0.11337   0.44999   1.15201   0.12889   0.07379  999.00000   0.16435   0.14825   0.73188  
223  0.0017   7068.242880  x:  1.65208   0.40240   0.23366   0.28112   0.42992   1.24907   0.14103   0.21490   0.43739   0.69889   0.20321   0.72192   0.81899   1.45439   1.72640   0.39429   0.00010  999.00000   0.43919   0.29200   0.11337   0.44994   1.15179   0.12889   0.07379  999.00000   0.16435   0.14825   0.73186  