

TREE # 1

  0  0.0000   8844.230828  x:  0.24230   0.16398   0.00000   0.12397   0.13388   0.27093   0.04167   0.06172   0.09114   0.16771   0.08516   0.11688   0.13417   0.29285   0.37944   0.38550   0.36123  
  1 99.0000   7528.952374  x:  0.60203   0.52372   2.52704   0.40617   0.41819   0.53379   0.49883   0.51676   0.51772   0.43746   0.46841   0.60476   0.60884   0.78382   0.96872   0.32548   0.37184  
  2 5579.6159   7470.463810  x:  0.62654   0.54822   2.52616   0.38652   0.42744   0.56503   0.47732   0.49705   0.50914   0.43557   0.45561   0.60593   0.61153   0.81459   1.01645   0.18367   0.36830  
  3 536.2229   7353.806284  x:  0.99295   0.91464   2.34194   0.19332   0.59560   1.00535   0.22400   0.26900   0.41615   0.44894   0.27663   0.64809   0.67269   1.29199   1.48138   0.23346   0.34473  
  4 300.7808   7334.057589  x:  1.13316   1.05484   2.13887   0.28267   0.50409   1.03071   0.24504   0.39279   0.46628   0.59287   0.48372   0.68287   0.74181   1.55068   1.55834   0.20676   0.48146  
  5 99.0653   7324.779752  x:  1.22394   1.14563   2.09474   0.41751   0.39124   0.91155   0.28137   0.43648   0.41848   0.56633   0.34629   0.70940   0.78974   1.83554   1.46796   0.18049   0.55856  
  6 51.8315   7321.278102  x:  1.22511   1.14680   2.08150   0.46157   0.49164   0.88864   0.25230   0.44269   0.46492   0.56443   0.30209   0.70362   0.78083   2.00939   1.34686   0.15814   0.67100  
  7 36.9155   7319.291775  x:  1.17101   1.09270   2.10553   0.45872   0.48819   0.86829   0.18747   0.41290   0.43039   0.50085   0.33293   0.70150   0.76192   2.14894   1.33101   0.15870   0.81736  
  8 24.4554   7317.021245  x:  1.06437   0.98606   2.12661   0.46149   0.44610   0.85804   0.12557   0.38038   0.45029   0.52841   0.27636   0.69250   0.73722   2.30006   1.37956   0.16353   1.01962  
  9 39.8943   7316.264550  x:  1.01663   0.93831   2.11968   0.48557   0.46061   0.88266   0.15303   0.38351   0.42029   0.52489   0.25071   0.69245   0.74186   2.34705   1.41141   0.16315   1.10012  
 10 26.1423   7315.902503  x:  1.00905   0.93074   2.10967   0.44145   0.45367   0.89307   0.18556   0.36675   0.43095   0.51854   0.24764   0.70170   0.79400   2.36068   1.40732   0.16134   1.12359  
 11  3.3240   7314.700507  x:  1.03625   0.95794   2.09928   0.31906   0.45382   0.88685   0.27934   0.37843   0.42647   0.52499   0.24860   0.64620   0.76660   2.39482   1.43820   0.16128   1.16680  
 12  5.3684   7311.784327  x:  1.11159   1.03327   2.04303   0.28856   0.47661   0.89488   0.31427   0.32987   0.43215   0.54174   0.26914   0.77468   0.69464   2.38335   1.53553   0.15382   1.22985  
 13  6.0680   7307.792101  x:  1.21185   1.13353   1.98746   0.34707   0.47831   0.99318   0.19039   0.40288   0.45127   0.50803   0.27095   0.71542   0.76474   2.32699   1.66023   0.14534   1.30273  
 14 15.4372   7307.422444  x:  1.22138   1.14307   1.98884   0.37141   0.48164   0.99568   0.18727   0.36266   0.43755   0.53205   0.28480   0.68270   0.78002   2.32693   1.66621   0.14482   1.30511  
 15  9.3977   7307.151482  x:  1.22025   1.14194   1.98454   0.35850   0.50053   0.97882   0.16929   0.37330   0.40737   0.56022   0.28449   0.68842   0.79800   2.33957   1.67281   0.14570   1.30736  
 16  1.6475   7304.058780  x:  1.21182   1.13350   1.89304   0.35975   0.56274   0.99532   0.16902   0.36456   0.46757   0.52507   0.30136   0.67893   0.81228   2.55160   1.78306   0.15813   1.33551  
 17  2.8747   7302.264618  x:  1.22553   1.14721   1.87314   0.34016   0.51065   1.15689   0.16341   0.36912   0.43954   0.56382   0.29910   0.70047   0.76935   2.65427   1.72336   0.15752   1.39298  
 18 13.4896   7301.671909  x:  1.30889   1.23058   1.86788   0.33566   0.51471   1.15484   0.16819   0.34694   0.43610   0.55311   0.26561   0.70046   0.77283   2.59339   1.72228   0.15835   1.56818  
 19  3.9227   7298.656011  x:  1.43541   1.35710   1.67264   0.38163   0.56102   1.16204   0.21911   0.38531   0.43807   0.58771   0.24002   0.73908   0.79486   3.10097   1.70947   0.13885   1.74151  
 20  0.5050   7297.703527  x:  1.51258   1.43427   1.58817   0.40144   0.53777   1.17642   0.17844   0.37543   0.43577   0.56304   0.27442   0.73293   0.81481   3.28856   1.70932   0.13755   1.81713  
 21  0.1520   7297.145182  x:  1.57853   1.50022   1.51680   0.38612   0.51582   1.16653   0.17794   0.37854   0.44226   0.56102   0.24319   0.72745   0.81242   3.38405   1.68807   0.13839   2.08459  
 22  0.1224   7294.756351  x:  1.61306   1.53475   1.21028   0.35865   0.50968   1.06019   0.25152   0.38090   0.43544   0.61089   0.26220   0.73198   0.77603   3.51373   1.65877   0.13885   2.69143  
 23  0.0887   7287.057141  x:  1.41150   1.33323   0.56114   0.44033   0.48689   0.96171   0.13454   0.36786   0.41158   0.60494   0.24053   0.69521   0.70811   3.02946   1.69432   0.16634   4.83634  
 24  0.5979   7284.134475  x:  1.29416   1.21590   0.54082   0.35835   0.47162   1.01736   0.16659   0.34555   0.39681   0.55320   0.23613   0.65618   0.72719   2.44416   1.68956   0.18333   5.27260  
 25  0.8522   7283.881550  x:  1.29988   1.22162   0.62194   0.35514   0.47300   1.03829   0.16453   0.34658   0.40325   0.54365   0.23605   0.65882   0.73703   2.46703   1.67608   0.18310   5.05215  
 26  0.4466   7283.792508  x:  1.28966   1.21140   0.58282   0.34963   0.47093   1.03409   0.16432   0.34733   0.40883   0.53846   0.23296   0.65841   0.73915   2.46243   1.66153   0.18733   5.16899  
 27  0.1056   7283.777817  x:  1.28003   1.20177   0.58530   0.35345   0.47159   1.02700   0.16185   0.34576   0.40561   0.54065   0.23400   0.65614   0.73499   2.43355   1.66478   0.18923   5.17812  
 28  0.0375   7283.776661  x:  1.28177   1.20351   0.58431   0.35201   0.47114   1.02639   0.16350   0.34580   0.40505   0.54151   0.23404   0.65625   0.73479   2.43811   1.66738   0.18937   5.17862  
 29  0.0081   7283.776467  x:  1.28157   1.20331   0.58398   0.35221   0.47076   1.02678   0.16262   0.34589   0.40527   0.54137   0.23395   0.65647   0.73477   2.43820   1.66851   0.18946   5.18212  
 30  0.0039   7283.775877  x:  1.28043   1.20216   0.58446   0.35174   0.47078   1.02768   0.16375   0.34562   0.40597   0.54075   0.23364   0.65714   0.73499   2.43372   1.66951   0.18963   5.20460  
 31  0.0029   7283.766601  x:  1.28041   1.20214   0.58450   0.35267   0.47010   1.02976   0.16391   0.34515   0.40547   0.54097   0.23286   0.65567   0.73609   2.43451   1.66902   0.18971   5.43132  
 32  0.0283   7283.698763  x:  1.28459   1.20625   0.58981   0.35725   0.46803   1.03819   0.16400   0.34711   0.40397   0.54252   0.22426   0.65128   0.74191   2.44399   1.66483   0.18929   9.05913  
 33  1.3521   7283.651117  x:  1.28012   1.20173   0.58841   0.35309   0.47124   1.02908   0.16355   0.34583   0.40634   0.54147   0.23037   0.65852   0.73708   2.44873   1.66882   0.18870  11.28608  
 34  0.9982   7283.628478  x:  1.28937   1.21092   0.58822   0.35258   0.47331   1.02448   0.16323   0.34903   0.40655   0.54164   0.22413   0.66141   0.73540   2.44384   1.66928   0.18811  14.25345  
 35  1.8755   7283.603036  x:  1.27920   1.20062   0.59452   0.35527   0.47206   1.03274   0.16308   0.35080   0.40565   0.54387   0.22252   0.65740   0.73999   2.46275   1.66711   0.18790  21.41688  
 36  1.8977   7283.586151  x:  1.29118   1.21249   0.58843   0.35457   0.47063   1.02954   0.16364   0.34725   0.40596   0.54124   0.22412   0.65845   0.73871   2.44404   1.66733   0.18837  27.19116  
 37  3.2636   7283.573845  x:  1.28386   1.20493   0.58863   0.35295   0.47393   1.02667   0.16386   0.34897   0.40652   0.54234   0.22135   0.66083   0.73573   2.44845   1.66978   0.18820  39.04384  
 38  4.2638   7283.563872  x:  1.28843   1.20919   0.59159   0.35558   0.47154   1.03107   0.16294   0.35034   0.40587   0.54255   0.22320   0.65880   0.74046   2.45409   1.66724   0.18786  55.27959  
 39  5.6851   7283.557604  x:  1.28665   1.20699   0.59011   0.35343   0.47158   1.02875   0.16415   0.34708   0.40638   0.54177   0.22108   0.65917   0.73743   2.44891   1.66778   0.18820  76.69606  
 40  8.7986   7283.553122  x:  1.28803   1.20777   0.58850   0.35519   0.47372   1.02888   0.16327   0.35068   0.40616   0.54259   0.22166   0.66062   0.73782   2.45072   1.66931   0.18804  107.96072  
 41 11.9262   7283.549680  x:  1.28737   1.20630   0.59186   0.35341   0.47133   1.02947   0.16371   0.34868   0.40616   0.54215   0.22181   0.65854   0.73932   2.45076   1.66741   0.18799  150.66905  
 42 17.2874   7283.547465  x:  1.28988   1.20766   0.58949   0.35563   0.47239   1.02974   0.16356   0.34850   0.40632   0.54221   0.22092   0.66061   0.73785   2.45344   1.66793   0.18795  210.19635  
 43 24.3445   7283.545806  x:  1.28876   1.20500   0.58972   0.35356   0.47279   1.02860   0.16370   0.34997   0.40625   0.54222   0.22137   0.65906   0.73823   2.44796   1.66896   0.18815  290.68513  
 44 34.4981   7283.544511  x:  1.29099   1.20478   0.59098   0.35483   0.47183   1.02990   0.16350   0.34853   0.40606   0.54243   0.22139   0.66005   0.73899   2.45371   1.66734   0.18786  418.43985  
 45 47.3132   7283.543608  x:  1.29285   1.20308   0.58972   0.35440   0.47253   1.02906   0.16373   0.34953   0.40655   0.54195   0.22091   0.65936   0.73792   2.45007   1.66865   0.18807  605.71302  
 46 64.4584   7283.542981  x:  1.29467   1.19976   0.59030   0.35427   0.47235   1.02936   0.16354   0.34893   0.40582   0.54264   0.22141   0.66003   0.73882   2.45123   1.66794   0.18799  875.18214  
 47 91.5014   7283.542738  x:  1.29618   1.19890   0.59036   0.35442   0.47227   1.02941   0.16358   0.34903   0.40608   0.54240   0.22128   0.65983   0.73867   2.45156   1.66798   0.18797  999.00000  
 48 135.6595   7283.542717  x:  1.29714   1.19830   0.59023   0.35445   0.47231   1.02935   0.16362   0.34915   0.40623   0.54226   0.22116   0.65970   0.73847   2.45129   1.66813   0.18799  999.00000  
 49  0.0013   7283.542717  x:  1.29713   1.19830   0.59022   0.35445   0.47231   1.02934   0.16362   0.34915   0.40624   0.54226   0.22117   0.65969   0.73846   2.45128   1.66813   0.18800  999.00000  