res	aa	Beta	Turn	Helix	Aggregation	Conc-Stab_Aggregation
01	  M	  2.7	  0.0	0.000	0.000	0.000
02	  S	  3.4	  0.2	0.000	0.000	0.000
03	  F	  3.5	  0.8	0.000	0.000	0.000
04	  G	  0.8	  1.8	0.000	0.000	0.000
05	  G	  0.1	  1.9	0.000	0.000	0.000
06	  N	  0.0	  1.8	0.000	0.000	0.000
07	  D	  0.0	  2.7	0.000	0.000	0.000
08	  R	  0.2	  1.9	0.000	0.000	0.000
09	  S	  0.2	  1.8	0.000	0.000	0.000
10	  N	  0.2	  1.9	0.000	0.000	0.000
11	  Y	  0.1	  3.9	0.000	0.000	0.000
12	  G	  0.1	  4.0	0.000	0.000	0.000
13	  D	  0.0	  7.0	0.000	0.000	0.000
14	  D	  0.0	  8.5	0.000	0.000	0.000
15	  D	  0.0	  5.1	0.000	0.000	0.000
16	  N	  0.1	  4.9	0.107	0.000	0.000
17	  Q	  0.3	  2.0	0.107	0.000	0.000
18	  Q	  0.4	  0.3	0.107	0.000	0.000
19	  S	  1.0	  0.2	0.107	0.000	0.000
20	  T	  1.8	  0.4	0.107	0.000	0.000
21	  F	  1.8	  0.7	0.107	0.000	0.000
22	  G	  1.1	  0.6	0.107	0.000	0.000
23	  K	  0.4	  0.6	0.000	0.000	0.000
24	  I	  0.3	  1.7	0.000	0.000	0.000
25	  G	  0.2	  1.4	0.310	0.000	0.000
26	  D	  0.1	  1.4	0.528	0.000	0.000
27	  K	  2.6	  1.4	0.528	0.000	0.000
28	  I	  3.6	  0.4	0.528	0.000	0.000
29	  K	  3.6	  0.5	0.528	0.000	0.000
30	  G	  1.0	  0.7	0.528	0.000	0.000
31	  A	  0.1	  0.8	0.382	0.000	0.000
32	  L	  0.1	  0.9	0.000	0.000	0.000
33	  G	  0.1	  1.3	0.000	0.000	0.000
34	  S	  0.0	  2.7	0.111	0.000	0.000
35	  D	  0.0	  5.5	0.222	0.000	0.000
36	  D	  0.0	  7.1	0.564	0.000	0.000
37	  D	  0.0	  6.7	0.564	0.000	0.000
38	  N	  0.0	  5.6	0.564	0.000	0.000
39	  R	  0.0	  2.8	0.564	0.000	0.000
40	  G	  0.0	  1.3	0.564	0.000	0.000
41	  S	  0.1	  1.7	0.342	0.000	0.000
42	  S	  0.3	  2.7	0.000	0.000	0.000
43	  G	  0.3	  2.8	0.000	0.000	0.000
44	  S	  1.0	  2.5	0.000	0.000	0.000
45	  Y	  0.9	  3.6	0.000	0.000	0.000
46	  G	  0.8	  2.6	0.000	0.000	0.000
47	  S	  0.2	  3.0	0.000	0.000	0.000
48	  S	  0.3	  3.8	0.000	0.000	0.000
49	  G	  0.3	  2.6	0.000	0.000	0.000
50	  S	  0.3	  2.1	0.000	0.000	0.000
51	  D	  0.1	  2.0	0.000	0.000	0.000
52	  K	  0.3	  1.0	0.000	0.000	0.000
53	  Y	  0.4	  2.3	0.000	0.000	0.000
54	  G	  0.3	  2.7	0.000	0.000	0.000
55	  S	  0.2	  2.8	0.000	0.000	0.000
56	  S	  0.3	  4.5	0.000	0.000	0.000
57	  G	  0.3	  3.3	0.000	0.000	0.000
58	  S	  0.5	  4.6	0.000	0.000	0.000
59	  G	  0.3	  4.5	0.000	0.000	0.000
60	  S	  0.5	  4.1	0.000	0.000	0.000
61	  G	  0.3	  3.9	0.000	0.000	0.000
62	  S	  1.0	  2.3	0.000	0.000	0.000
63	  Y	  0.9	  4.3	0.000	0.000	0.000
64	  G	  0.8	  3.3	0.000	0.000	0.000
65	  S	  0.2	  3.6	0.000	0.000	0.000
66	  G	  0.1	  3.7	0.000	0.000	0.000
67	  R	  0.2	  1.4	0.000	0.000	0.000
68	  D	  0.1	  2.2	0.000	0.000	0.000
69	  N	  0.1	  3.4	0.000	0.000	0.000
70	  D	  0.0	  3.6	0.000	0.000	0.000
71	  D	  0.5	  3.9	0.000	0.000	0.000
72	  S	  1.2	  2.9	0.000	0.000	0.000
73	  Y	  1.3	  2.9	0.000	0.000	0.000
74	  G	  0.8	  2.5	0.000	0.000	0.000
75	  S	  0.2	  3.9	0.000	0.000	0.000
76	  S	  0.1	  3.7	0.000	0.000	0.000
77	  N	  0.1	  2.7	0.000	0.000	0.000
78	  K	  0.0	  3.0	0.000	0.000	0.000
79	  G	  0.0	  2.0	0.000	0.000	0.000
80	  G	  0.0	  2.1	0.000	0.000	0.000
81	  S	  0.0	  2.1	0.000	0.000	0.000
82	  G	  0.0	  1.6	0.000	0.000	0.000
83	  G	  0.1	  0.8	0.000	0.000	0.000
84	  Y	  1.6	  0.7	0.000	0.000	0.000
85	  S	  2.5	  1.0	0.000	0.000	0.000
86	  S	  2.7	  1.1	0.000	0.000	0.000
87	  S	  1.3	  1.1	0.000	0.000	0.000
88	  R	  0.8	  1.6	0.000	0.000	0.000
89	  K	  0.5	  1.1	0.000	0.000	0.000
90	  D	  0.4	  4.0	0.000	0.000	0.000
91	  D	  0.0	  6.2	0.000	0.000	0.000
92	  D	  0.0	  6.1	0.000	0.000	0.000
93	  D	  0.5	  6.2	0.000	0.000	0.000
94	  S	  1.2	  3.5	0.000	0.000	0.000
95	  Y	  1.3	  2.8	0.000	0.000	0.000
96	  G	  0.8	  2.8	0.000	0.000	0.000
97	  S	  0.2	  2.9	0.000	0.000	0.000
98	  S	  0.3	  4.5	0.000	0.000	0.000
99	  G	  0.3	  3.1	0.000	0.000	0.000
100	  S	  0.3	  3.2	0.000	0.000	0.000
101	  G	  0.0	  2.7	0.000	0.000	0.000
102	  G	  0.0	  1.0	0.000	0.000	0.000
103	  Y	  0.2	  2.5	0.000	0.000	0.000
104	  G	  0.2	  2.5	0.000	0.000	0.000
105	  S	  0.2	  2.9	0.000	0.000	0.000
106	  S	  0.1	  3.6	0.000	0.000	0.000
107	  G	  0.1	  2.1	0.000	0.000	0.000
108	  R	  0.1	  1.7	0.000	0.000	0.000
109	  G	  0.0	  2.4	0.000	0.000	0.000
110	  G	  0.0	  1.7	0.000	0.000	0.000
111	  D	  0.5	  2.0	0.000	0.000	0.000
112	  S	  1.2	  2.1	0.000	0.000	0.000
113	  Y	  1.4	  2.5	0.000	0.000	0.000
114	  G	  0.9	  2.9	0.000	0.000	0.000
115	  S	  0.2	  2.9	0.000	0.000	0.000
116	  S	  0.1	  3.2	0.000	0.000	0.000
117	  G	  0.1	  2.0	0.000	0.000	0.000
118	  R	  0.2	  1.6	0.000	0.000	0.000
119	  S	  0.2	  3.8	0.000	0.000	0.000
120	  G	  0.1	  3.5	0.000	0.000	0.000
121	  D	  0.0	  3.7	0.000	0.000	0.000
122	  D	  0.5	  3.9	0.000	0.000	0.000
123	  S	  1.2	  1.5	0.000	0.000	0.000
124	  Y	  1.3	  2.9	0.000	0.000	0.000
125	  G	  0.8	  2.9	0.000	0.000	0.000
126	  S	  0.2	  2.9	0.000	0.000	0.000
127	  S	  0.1	  3.2	0.000	0.000	0.000
128	  G	  0.1	  2.0	0.000	0.000	0.000
129	  R	  0.2	  1.5	0.000	0.000	0.000
130	  S	  0.2	  3.5	0.000	0.000	0.000
131	  G	  0.2	  3.1	0.000	0.000	0.000
132	  N	  0.1	  3.1	0.000	0.000	0.000
133	  D	  0.5	  3.4	0.000	0.000	0.000
134	  S	  1.2	  1.2	0.000	0.000	0.000
135	  Y	  1.3	  3.6	0.000	0.000	0.000
136	  G	  0.8	  3.4	0.000	0.000	0.000
137	  S	  0.2	  3.2	0.000	0.000	0.000
138	  G	  0.0	  4.0	0.000	0.000	0.000
139	  G	  0.0	  1.7	0.000	0.000	0.000
140	  N	  0.0	  1.8	0.000	0.000	0.000
141	  D	  0.5	  2.0	0.000	0.000	0.000
142	  S	  1.2	  1.2	0.000	0.000	0.000
143	  Y	  1.4	  2.8	0.000	0.000	0.000
144	  G	  0.8	  2.9	0.000	0.000	0.000
145	  S	  0.2	  3.0	0.000	0.000	0.000
146	  S	  0.1	  3.5	0.000	0.000	0.000
147	  G	  0.1	  2.1	0.000	0.000	0.000
148	  R	  0.1	  2.2	0.000	0.000	0.000
149	  G	  0.1	  2.0	0.000	0.000	0.000
150	  D	  0.1	  1.7	0.000	0.000	0.000
151	  D	  0.5	  2.0	0.000	0.000	0.000
152	  S	  1.2	  1.5	0.000	0.000	0.000
153	  Y	  1.4	  3.0	0.000	0.000	0.000
154	  G	  0.9	  2.5	0.000	0.000	0.000
155	  S	  0.4	  2.2	0.000	0.000	0.000
156	  S	  0.4	  2.0	0.000	0.000	0.000
157	  R	  0.8	  0.9	0.000	0.000	0.000
158	  K	  0.5	  1.1	0.000	0.000	0.000
159	  D	  0.4	  4.0	0.113	0.000	0.000
160	  D	  0.0	  6.8	0.461	0.000	0.000
161	  D	  0.0	  8.7	0.932	0.000	0.000
162	  D	  0.0	  8.4	1.153	0.000	0.000
163	  D	  0.1	  5.8	1.153	0.000	0.000
164	  K	  0.3	  3.0	1.153	0.000	0.000
165	  Y	  0.4	  2.2	1.153	0.000	0.000
166	  G	  0.3	  2.7	0.692	0.000	0.000
167	  S	  0.2	  2.8	0.445	0.000	0.000
168	  S	  0.1	  3.5	0.000	0.000	0.000
169	  G	  0.1	  2.0	0.000	0.000	0.000
170	  R	  0.1	  1.7	0.000	0.000	0.000
171	  G	  0.0	  1.3	0.000	0.000	0.000
172	  G	  0.0	  1.1	0.000	0.000	0.000
173	  G	  0.0	  1.1	0.000	0.000	0.000
174	  S	  0.8	  1.2	0.000	0.000	0.000
175	  Y	  0.9	  2.8	0.000	0.000	0.000
176	  G	  0.9	  2.7	0.000	0.000	0.000
177	  S	  0.2	  3.0	0.000	0.000	0.000
178	  S	  0.1	  3.6	0.000	0.000	0.000
179	  G	  0.1	  2.0	0.000	0.000	0.000
180	  R	  0.1	  1.7	0.000	0.000	0.000
181	  G	  0.0	  2.4	0.000	0.000	0.000
182	  G	  0.0	  1.7	0.000	0.000	0.000
183	  D	  0.5	  2.0	0.000	0.000	0.000
184	  S	  1.2	  2.1	0.000	0.000	0.000
185	  Y	  1.4	  2.5	0.000	0.000	0.000
186	  G	  0.8	  2.9	0.000	0.000	0.000
187	  S	  0.2	  3.0	0.000	0.000	0.000
188	  S	  0.1	  3.5	0.000	0.000	0.000
189	  G	  0.1	  2.0	0.000	0.000	0.000
190	  R	  0.1	  1.7	0.000	0.000	0.000
191	  G	  0.0	  2.4	0.000	0.000	0.000
192	  G	  0.0	  1.7	0.000	0.000	0.000
193	  D	  0.5	  2.0	0.000	0.000	0.000
194	  S	  1.2	  2.1	0.000	0.000	0.000
195	  Y	  1.4	  2.5	0.000	0.000	0.000
196	  G	  0.8	  2.9	0.000	0.000	0.000
197	  S	  0.2	  2.9	0.000	0.000	0.000
198	  S	  0.1	  3.5	0.000	0.000	0.000
199	  G	  0.1	  2.1	0.000	0.000	0.000
200	  R	  0.1	  2.3	0.000	0.000	0.000
201	  G	  0.1	  1.9	0.000	0.000	0.000
202	  D	  0.1	  2.0	0.000	0.000	0.000
203	  S	  0.3	  2.0	0.000	0.000	0.000
204	  S	  1.0	  1.4	0.000	0.000	0.000
205	  Y	  1.1	  3.0	0.000	0.000	0.000
206	  G	  0.8	  2.4	0.000	0.000	0.000
207	  S	  0.2	  4.4	0.000	0.000	0.000
208	  S	  0.1	  4.2	0.000	0.000	0.000
209	  D	  0.1	  2.5	0.000	0.000	0.000
210	  Y	  0.0	  2.3	0.000	0.000	0.000
