res	aa	Beta	Turn	Helix	Aggregation	Conc-Stab_Aggregation
01	  M	  2.0	  0.0	0.000	0.000	0.000
02	  K	  3.2	  0.0	0.000	0.000	0.000
03	  V	  7.2	  0.0	0.000	28.216	28.216
04	  S	  5.8	  0.0	0.173	32.211	32.211
05	  F	  5.5	  0.0	0.173	85.696	85.696
06	  A	  1.7	  0.0	0.173	89.816	89.816
07	  I	  2.0	  0.0	0.173	94.664	94.664
08	  A	  1.1	  0.0	0.420	95.013	95.013
09	  A	  0.9	  0.0	0.420	95.436	95.436
10	  A	  0.5	  0.0	0.420	95.763	95.763
11	  T	  1.5	  0.0	0.630	96.197	96.197
12	  L	  2.0	  0.0	0.630	97.018	97.018
13	  F	  4.5	  0.1	0.630	96.377	96.377
14	  S	  3.8	  0.1	0.484	88.017	88.017
15	  L	  3.8	  0.1	0.484	86.963	86.963
16	  V	  4.5	  0.1	0.484	80.840	80.840
17	  N	  6.0	  0.0	0.484	6.752	6.752
18	  C	  6.3	  0.3	0.000	1.018	1.018
19	  E	  2.9	  0.3	0.000	0.000	0.000
20	  S	  1.7	  1.2	0.000	0.000	0.000
21	  S	  1.0	  1.3	0.000	0.000	0.000
22	  S	  2.8	  1.6	0.000	0.000	0.000
23	  K	  2.1	  1.6	0.000	0.000	0.000
24	  S	  2.2	  0.7	0.000	5.353	5.353
25	  L	  0.7	  0.7	0.000	43.006	43.006
26	  I	 17.2	  0.0	0.000	56.283	56.283
27	  T	 25.9	  0.0	0.000	57.426	57.426
28	  V	 27.0	  0.1	0.000	59.232	59.232
29	  T	 11.9	  0.1	0.000	58.635	58.635
30	  N	  2.5	  0.1	0.303	55.101	55.101
31	  F	  1.7	  0.1	0.303	54.922	54.922
32	  I	  1.8	  0.0	0.303	52.336	52.336
33	  T	  1.3	  0.1	0.303	21.554	21.554
34	  N	  0.6	  0.7	0.303	2.958	2.958
35	  N	  0.1	  0.7	0.303	0.000	0.000
36	  D	  0.0	  0.7	0.000	0.000	0.000
37	  R	  1.1	  0.7	0.000	0.000	0.000
38	  T	 20.2	  0.1	0.000	0.000	0.000
39	  Y	 22.7	  0.1	0.000	0.000	0.000
40	  T	 22.1	  0.1	0.000	0.000	0.000
41	  R	  3.5	  0.1	0.000	0.000	0.000
42	  T	  1.5	  0.1	0.000	0.000	0.000
43	  A	  1.4	  0.1	0.000	0.000	0.000
44	  T	  2.5	  0.0	0.000	0.000	0.000
45	  M	  2.4	  0.0	0.000	0.000	0.000
46	  E	  4.4	  0.0	0.000	0.000	0.000
47	  Y	  4.7	  0.2	0.000	0.000	0.000
48	  T	  3.9	  0.2	0.000	0.000	0.000
49	  G	  1.5	  0.2	0.000	0.000	0.000
50	  Q	  0.1	  0.3	0.000	0.000	0.000
51	  E	  0.2	  0.1	0.000	0.000	0.000
52	  T	  3.1	  0.1	0.000	0.000	0.000
53	  T	  3.2	  0.1	0.000	0.000	0.000
54	  T	  3.1	  0.2	0.000	0.000	0.000
55	  P	  0.2	  0.3	0.000	0.000	0.000
56	  T	  0.1	  0.5	0.000	0.000	0.000
57	  S	  0.1	  0.9	0.000	0.000	0.000
58	  G	  0.2	  0.7	0.000	0.000	0.000
59	  T	 19.0	  0.6	0.000	0.000	0.000
60	  Y	 21.3	  0.5	0.000	0.170	0.170
61	  T	 21.9	  0.1	0.000	0.170	0.170
62	  S	  3.8	  0.1	0.099	0.170	0.170
63	  T	  3.0	  0.1	0.099	0.170	0.170
64	  I	  3.7	  0.1	0.099	0.170	0.170
65	  Y	  5.0	  0.1	0.099	0.170	0.170
66	  R	  3.3	  0.1	0.099	0.000	0.000
67	  S	  3.4	  2.1	0.099	0.000	0.000
68	  R	  1.8	  2.4	0.000	0.000	0.000
69	  S	  1.8	  3.2	0.000	0.000	0.000
70	  G	  0.4	  3.2	0.000	0.000	0.000
71	  S	  0.8	  1.3	0.000	0.000	0.000
72	  L	  0.6	  1.0	0.000	0.000	0.000
73	  V	  0.7	  0.0	0.000	0.000	0.000
74	  P	  0.1	  0.0	0.000	0.000	0.000
75	  F	  0.5	  0.1	0.000	0.000	0.000
76	  R	  0.8	  0.1	0.000	0.000	0.000
77	  T	  3.9	  0.1	0.000	0.000	0.000
78	  M	  3.7	  0.2	0.000	0.000	0.000
79	  T	  3.8	  0.1	0.000	0.000	0.000
80	  D	  2.3	  0.2	0.000	0.000	0.000
81	  T	  3.0	  0.4	0.000	0.000	0.000
82	  Y	  2.7	  0.5	0.000	0.000	0.000
83	  G	  1.1	  0.4	0.000	0.000	0.000
84	  Q	  0.3	  0.3	0.000	0.000	0.000
85	  A	  0.4	  0.1	0.000	0.000	0.000
86	  T	  2.4	  0.0	0.000	0.000	0.000
87	  T	  8.9	  0.0	0.000	0.000	0.000
88	  V	  9.3	  0.1	0.000	0.160	0.160
89	  E	  7.3	  0.1	0.000	0.160	0.160
90	  T	  1.7	  0.1	0.000	0.160	0.160
91	  S	  1.4	  0.1	0.000	0.160	0.160
92	  K	  2.8	  0.1	0.000	0.160	0.160
93	  I	 10.6	  0.0	0.000	0.160	0.160
94	  V	 11.3	  0.0	0.000	0.160	0.160
95	  V	  9.9	  0.0	0.000	0.160	0.160
96	  G	  1.0	  0.3	0.000	0.000	0.000
97	  P	  0.0	  0.3	0.000	0.000	0.000
98	  E	  0.2	  0.3	0.000	0.000	0.000
99	  R	  1.3	  0.3	0.000	0.000	0.000
100	  T	 20.5	  0.1	0.000	0.000	0.000
101	  Y	 25.3	  0.0	0.000	0.000	0.000
102	  T	 24.4	  0.0	0.000	0.000	0.000
103	  R	  5.9	  0.0	0.000	0.000	0.000
104	  P	  0.1	  0.0	0.000	0.000	0.000
105	  F	  1.5	  0.0	0.000	0.000	0.000
106	  S	  1.8	  0.1	0.000	0.000	0.000
107	  R	  2.1	  0.1	0.000	0.000	0.000
108	  T	  2.0	  0.1	0.000	0.000	0.000
109	  M	  2.0	  0.1	0.000	0.000	0.000
110	  H	  2.3	  0.1	0.000	0.000	0.000
111	  T	  1.2	  0.1	0.000	0.000	0.000
112	  T	  1.2	  0.1	0.000	0.000	0.000
113	  E	  3.5	  0.1	0.000	0.000	0.000
114	  V	  4.5	  0.2	0.000	0.000	0.000
115	  S	  4.4	  0.2	0.000	0.000	0.000
116	  S	  2.1	  0.2	0.000	0.000	0.000
117	  Y	  1.7	  0.2	0.000	0.000	0.000
118	  L	  1.7	  0.2	0.000	0.000	0.000
119	  S	  1.3	  0.3	0.408	0.000	0.000
120	  S	  0.5	  0.3	2.323	0.000	0.000
121	  K	  0.5	  0.2	2.323	0.000	0.000
122	  A	  0.4	  0.2	2.323	0.000	0.000
123	  E	  0.4	  0.3	2.323	0.000	0.000
124	  A	  0.2	  0.3	2.323	0.000	0.000
125	  N	  0.3	  0.4	2.668	0.000	0.000
126	  S	  0.3	  0.4	1.617	0.000	0.000
127	  R	  0.4	  0.2	1.076	0.000	0.000
128	  A	  0.2	  0.2	0.809	0.000	0.000
129	  Q	  0.3	  0.0	0.634	0.000	0.000
130	  A	  0.7	  0.0	0.346	0.000	0.000
131	  S	  3.6	  0.4	0.334	0.000	0.000
132	  I	  4.1	  0.4	0.133	0.000	0.000
133	  D	  3.6	  0.6	0.381	0.000	0.000
134	  A	  0.7	  0.8	0.381	0.000	0.000
135	  A	  0.1	  0.5	0.381	0.000	0.000
136	  N	  0.1	  0.5	0.381	0.000	0.000
137	  S	  0.1	  0.4	0.670	0.000	0.000
138	  A	  0.2	  0.1	0.670	0.000	0.000
139	  A	  0.3	  0.1	0.532	0.000	0.000
140	  T	  3.0	  0.1	0.422	0.000	0.000
141	  T	  3.0	  0.5	0.422	0.000	0.000
142	  S	  3.1	  1.2	0.422	0.000	0.000
143	  G	  0.4	  1.2	0.248	0.000	0.000
144	  S	  1.1	  1.2	0.128	0.000	0.000
145	  A	  1.0	  1.0	0.128	0.000	0.000
146	  T	  1.0	  0.7	0.128	0.000	0.000
147	  S	  0.5	  1.3	0.128	0.000	0.000
148	  G	  0.4	  1.2	0.128	0.000	0.000
149	  S	  0.6	  1.1	0.158	0.000	0.000
150	  A	  0.4	  0.7	0.158	0.000	0.000
151	  Q	  0.4	  0.1	0.158	0.000	0.000
152	  T	  3.0	  0.1	0.158	0.000	0.000
153	  T	  3.4	  0.1	0.158	0.000	0.000
154	  S	  4.0	  0.6	0.158	0.000	0.000
155	  A	  1.2	  0.7	0.000	0.000	0.000
156	  T	  0.9	  0.7	0.142	0.000	0.000
157	  G	  0.2	  0.7	1.650	0.000	0.000
158	  Q	  0.2	  0.2	1.650	0.000	0.000
159	  A	  0.2	  0.1	1.650	0.000	0.000
160	  A	  0.3	  0.1	1.650	0.000	0.000
161	  R	  0.4	  0.0	1.650	0.000	0.000
162	  L	  0.5	  0.1	1.508	0.000	0.000
163	  A	  0.3	  0.3	1.146	0.000	0.000
164	  S	  0.2	  0.8	1.086	0.000	0.000
165	  E	  0.0	  0.8	0.634	0.000	0.000
166	  G	  0.0	  0.7	0.667	6.184	6.184
167	  V	  7.4	  0.5	0.395	74.406	74.406
168	  V	  9.5	  0.0	0.395	87.306	87.306
169	  L	 10.6	  0.0	0.395	88.335	88.335
170	  C	  5.3	  0.0	1.843	88.493	88.493
171	  L	  3.2	  0.0	1.843	89.247	89.247
172	  A	  2.1	  0.0	1.843	86.494	86.494
173	  A	  0.2	  0.0	1.843	83.610	83.610
174	  A	  0.4	  0.0	1.566	81.134	81.134
175	  L	  1.3	  0.0	1.566	79.034	79.034
176	  L	  1.2	  0.0	1.074	73.907	73.907
177	  L	  0.9	  0.0	0.301	0.000	0.000
