res	aa	Beta	Turn	Helix	Aggregation	Conc-Stab_Aggregation
01	  M	  1.8	  0.0	0.000	0.000	0.000
02	  N	  3.0	  0.0	0.738	0.000	0.000
03	  W	  3.9	  0.1	0.738	0.000	0.000
04	  F	  3.2	  0.1	0.738	0.000	0.000
05	  D	  2.3	  0.3	0.889	0.000	0.000
06	  L	  1.6	  0.6	0.889	0.000	0.000
07	  R	  0.5	  0.6	0.889	0.000	0.000
08	  G	  0.2	  0.5	0.583	0.000	0.000
09	  C	  1.6	  0.3	0.282	0.000	0.000
10	  L	  2.5	  0.1	0.151	0.000	0.000
11	  V	  3.6	  0.0	0.151	0.000	0.000
12	  A	  2.0	  0.0	0.151	0.000	0.000
13	  A	  1.2	  0.0	0.000	0.000	0.000
14	  F	  0.0	  0.0	0.000	0.000	0.000
15	  Y	  0.0	  0.0	0.000	0.000	0.000
16	  L	  0.0	  0.0	-1.#IO	0.000	0.000
17	  S	  0.0	  0.0	-1.#IO	0.000	0.000
18	  A	  0.0	  0.0	-1.#IO	0.000	0.000
19	  V	  0.0	  0.0	-1.#IO	0.000	0.000
20	  W	  0.0	  0.0	-1.#IO	0.000	0.000
21	  A	  0.0	  0.0	-1.#IO	0.000	0.000
22	  L	  0.0	  0.0	-1.#IO	0.000	0.000
23	  T	  0.0	  0.0	-1.#IO	0.000	0.000
24	  I	  0.0	  0.0	-1.#IO	0.000	0.000
25	  T	  0.0	  0.0	-1.#IO	0.000	0.000
26	  E	  0.0	  0.0	-1.#IO	0.000	0.000
27	  D	  0.0	  0.0	-1.#IO	0.000	0.000
28	  T	  0.0	  0.0	-1.#IO	0.000	0.000
29	  V	  0.0	  0.0	0.000	0.000	0.000
30	  N	  0.0	  0.0	0.000	0.000	0.000
31	  V	  0.1	  0.1	0.000	0.456	0.456
32	  G	  0.1	  0.1	0.136	0.456	0.456
33	  A	  0.3	  0.1	0.136	0.590	0.590
34	  I	  9.7	  0.1	0.136	0.749	0.749
35	  N	 10.9	  0.0	0.136	0.749	0.749
36	  V	 13.9	  0.0	0.136	0.901	0.901
37	  Q	  4.7	  0.1	0.136	0.592	0.592
38	  I	  3.5	  0.7	0.000	0.895	0.895
39	  G	  0.1	  0.8	0.642	0.455	0.455
40	  S	  1.5	  0.8	0.642	0.455	0.455
41	  L	  5.0	  0.7	0.642	0.455	0.455
42	  T	 13.0	  0.0	0.642	0.455	0.455
43	  I	 11.8	  0.0	0.642	0.455	0.455
44	  N	  8.4	  1.0	0.642	0.000	0.000
45	  P	  0.2	  1.0	0.000	0.056	0.056
46	  G	  0.0	  1.0	0.000	5.208	5.208
47	  V	  2.0	  1.0	0.000	63.560	63.560
48	  Y	  4.2	  0.1	0.000	67.951	67.951
49	  Y	  7.3	  0.1	0.000	67.998	67.998
50	  S	  6.0	  0.1	0.000	67.998	67.998
51	  I	  4.8	  0.1	0.000	68.042	68.042
52	  V	  2.2	  0.1	0.000	63.505	63.505
53	  N	  1.6	  0.1	0.000	4.457	4.457
54	  N	  0.6	  0.1	0.562	2.031	2.031
55	  A	  0.2	  0.0	0.562	2.487	2.487
56	  L	  0.5	  0.0	0.562	2.418	2.418
57	  T	  1.3	  0.1	0.562	2.018	2.018
58	  T	  1.2	  0.1	0.562	1.778	1.778
59	  L	  1.0	  0.4	0.562	1.633	1.633
60	  G	  0.1	  0.8	0.297	0.075	0.075
61	  G	  0.0	  0.8	0.120	0.000	0.000
62	  S	  2.3	  1.8	0.000	0.000	0.000
63	  L	  2.4	  1.6	0.000	0.000	0.000
64	  D	  2.4	  1.4	0.000	0.000	0.000
65	  N	  0.1	  1.7	0.000	0.000	0.000
66	  Q	  0.0	  0.8	0.000	0.000	0.000
67	  G	  0.0	  0.7	0.000	0.372	0.372
68	  G	  0.0	  0.5	0.000	2.291	2.291
69	  F	  1.3	  0.1	0.000	6.923	6.923
70	  Y	  2.1	  0.0	0.000	7.065	7.065
71	  V	  4.6	  0.0	0.000	7.065	7.065
72	  T	  3.6	  0.1	0.000	6.832	6.832
73	  S	  3.3	  6.6	0.000	5.133	5.133
74	  A	  0.8	  7.5	0.000	2.772	2.772
75	  N	  0.4	  7.5	0.130	0.639	0.639
76	  G	  0.1	  7.5	0.130	1.107	1.107
77	  L	  0.1	  1.0	0.130	7.995	7.995
78	  A	  0.2	  0.1	0.130	9.033	9.033
79	  A	  0.6	  0.1	0.130	10.335	10.335
80	  S	 10.7	  0.2	0.130	11.884	11.884
81	  V	 13.7	  0.2	0.000	13.744	13.744
82	  S	 13.9	  0.1	0.000	13.439	13.439
83	  I	  6.4	  0.1	0.000	13.676	13.676
84	  V	  3.4	  0.1	0.000	13.238	13.238
85	  S	  2.9	  0.2	0.000	3.367	3.367
86	  G	  0.6	  0.2	0.000	0.892	0.892
87	  T	 10.9	  0.2	0.000	0.768	0.768
88	  I	 11.1	  0.2	0.000	0.768	0.768
89	  K	 11.1	  0.2	0.000	0.000	0.000
90	  N	  0.3	  0.7	0.468	0.000	0.000
91	  S	  0.1	  2.7	0.468	0.000	0.000
92	  G	  0.0	  2.7	0.468	0.000	0.000
93	  D	  0.0	  2.6	0.577	0.000	0.000
94	  L	  0.2	  2.1	0.577	0.255	0.255
95	  A	  0.5	  0.1	0.577	0.255	0.255
96	  F	  1.7	  0.1	0.577	0.255	0.255
97	  N	  1.5	  0.2	0.490	0.255	0.255
98	  S	  3.1	  0.2	0.490	0.255	0.255
99	  L	  2.2	  0.2	0.381	0.255	0.255
100	  R	  2.3	  0.2	0.381	0.000	0.000
101	  A	  0.9	  0.1	0.381	0.000	0.000
102	  S	  1.7	  0.1	0.381	0.000	0.000
103	  V	  5.7	  0.1	0.000	0.148	0.148
104	  I	  5.3	  0.3	0.000	0.148	0.148
105	  S	  4.2	  0.3	0.000	0.148	0.148
106	  N	  0.9	  0.5	0.000	0.148	0.148
107	  Y	  2.5	  0.6	0.000	0.148	0.148
108	  N	  2.8	  1.2	0.338	0.000	0.000
109	  L	  2.3	  1.2	0.338	0.000	0.000
110	  N	  1.0	  1.0	0.338	0.000	0.000
111	  S	  0.9	  1.1	0.338	0.000	0.000
112	  I	  0.6	  0.8	0.338	0.000	0.000
113	  G	  0.3	  0.8	0.338	0.000	0.000
114	  G	  0.2	  0.8	0.112	0.000	0.000
115	  F	  2.2	  0.7	0.000	0.000	0.000
116	  T	  2.7	  0.1	0.000	0.000	0.000
117	  N	  2.6	  0.2	0.000	0.000	0.000
118	  T	  0.6	  2.1	0.000	0.000	0.000
119	  G	  0.0	  2.0	0.000	0.000	0.000
120	  N	  0.5	  2.0	0.000	0.000	0.000
121	  M	  1.1	  1.9	0.000	2.455	2.455
122	  W	  1.1	  0.2	0.000	2.786	2.786
123	  L	  0.7	  0.2	0.000	2.786	2.786
124	  G	  0.1	  0.2	0.000	2.786	2.786
125	  V	  0.7	  0.5	0.000	2.786	2.786
126	  S	  0.6	  0.3	0.000	0.855	0.855
127	  G	  0.7	  0.3	0.000	0.420	0.420
128	  Y	  3.3	  0.3	0.000	0.420	0.420
129	  S	  6.0	  0.0	0.000	0.119	0.119
130	  L	  5.9	  0.0	0.000	0.119	0.119
131	  T	  2.9	  0.0	0.000	0.000	0.000
132	  P	  0.0	  0.0	0.000	0.000	0.000
133	  P	  0.0	  0.0	0.000	0.000	0.000
134	  I	  8.5	  0.0	0.000	1.278	1.278
135	  V	  9.1	  0.0	0.000	1.278	1.278
136	  L	  9.1	  0.3	0.000	1.278	1.278
137	  G	  0.7	  0.3	0.129	1.278	1.278
138	  S	  0.8	  0.5	0.129	1.278	1.278
139	  A	  0.8	  0.5	0.129	0.733	0.733
140	  T	  1.2	  0.2	0.129	0.275	0.275
141	  N	  1.0	  1.1	0.129	0.000	0.000
142	  W	  1.1	  1.1	0.129	0.000	0.000
143	  D	  0.7	  2.4	0.000	0.000	0.000
144	  N	  0.2	  3.2	0.000	0.000	0.000
145	  S	  0.0	  2.4	0.000	0.000	0.000
146	  G	  0.1	  2.3	0.000	0.000	0.000
147	  K	  0.4	  0.9	0.000	0.000	0.000
148	  I	  1.7	  0.1	0.000	0.000	0.000
149	  Y	  2.6	  0.0	0.000	0.000	0.000
150	  L	  2.4	  0.1	0.000	0.000	0.000
151	  S	  1.6	  0.1	0.000	0.000	0.000
152	  Q	  3.0	  0.1	0.000	0.000	0.000
153	  Y	  4.1	  0.3	0.000	0.000	0.000
154	  S	  3.8	  0.1	0.000	0.000	0.000
155	  G	  1.5	  0.1	0.000	0.000	0.000
156	  T	  0.2	  0.6	0.000	0.000	0.000
157	  P	  0.0	  0.4	0.000	0.000	0.000
158	  S	  0.2	  0.4	0.305	0.535	0.535
159	  A	  0.5	  0.4	0.305	1.069	1.069
160	  V	  9.8	  0.0	0.305	1.069	1.069
161	  T	 21.6	  0.0	0.305	1.069	1.069
162	  I	 22.1	  0.0	0.305	1.069	1.069
163	  S	 14.0	  0.1	0.305	0.535	0.535
164	  Q	  1.4	  0.1	0.100	0.000	0.000
165	  T	  0.5	  0.2	0.000	0.000	0.000
166	  L	  0.2	  0.3	0.000	0.000	0.000
167	  G	  0.1	  0.3	0.000	0.000	0.000
168	  S	  3.7	  0.2	0.000	0.000	0.000
169	  V	  5.5	  0.2	0.000	0.000	0.000
170	  T	  5.6	  0.3	0.000	0.000	0.000
171	  N	  1.9	  0.6	0.000	0.000	0.000
172	  D	  0.1	  0.7	0.000	0.000	0.000
173	  G	  0.0	  0.7	0.000	0.000	0.000
174	  T	  1.4	  0.4	0.110	0.000	0.000
175	  M	  3.2	  0.1	0.110	0.000	0.000
176	  C	  6.0	  0.0	0.397	0.000	0.000
177	  I	  6.0	  0.0	0.397	0.000	0.000
178	  E	  4.2	  0.0	0.397	0.000	0.000
179	  R	  2.0	  0.0	0.397	0.000	0.000
180	  L	  3.8	  0.0	0.287	1.004	1.004
181	  T	  5.9	  0.0	0.287	1.004	1.004
182	  W	  5.8	  0.0	0.287	1.004	1.004
183	  L	  2.7	  0.0	0.147	1.004	1.004
184	  Q	  0.6	  0.0	0.147	1.004	1.004
185	  T	  2.9	  0.1	0.000	0.493	0.493
186	  T	  3.2	  0.1	0.000	0.185	0.185
187	  S	  4.7	  0.0	0.000	0.000	0.000
188	  I	  2.3	  0.3	0.000	0.000	0.000
189	  E	  2.0	  1.5	0.000	0.000	0.000
190	  G	  0.3	  2.0	0.000	0.000	0.000
191	  S	  0.1	  2.3	0.000	0.000	0.000
192	  G	  0.1	  2.0	0.000	0.000	0.000
193	  C	  3.7	  0.8	0.000	0.000	0.000
194	  I	 12.9	  0.2	0.000	0.135	0.135
195	  N	 13.0	  0.0	0.000	0.135	0.135
196	  V	 10.7	  0.0	0.000	0.135	0.135
197	  M	  1.3	  0.3	0.000	0.135	0.135
198	  A	  1.1	  0.3	0.000	0.135	0.135
199	  D	  0.1	  0.5	0.781	0.000	0.000
200	  A	  0.4	  0.5	0.781	0.000	0.000
201	  T	  3.1	  0.2	1.134	0.000	0.000
202	  L	  4.5	  0.2	1.134	0.000	0.000
203	  Q	  5.1	  0.0	1.134	0.000	0.000
204	  L	  4.0	  0.0	1.134	0.000	0.000
205	  Q	  3.9	  0.0	1.027	0.000	0.000
206	  M	  3.1	  0.0	0.688	0.000	0.000
207	  S	  1.5	  0.3	0.243	0.000	0.000
208	  P	  0.1	  0.3	0.000	0.000	0.000
209	  W	  2.1	  0.3	0.000	0.000	0.000
210	  D	  2.7	  0.8	0.205	0.000	0.000
211	  V	  3.5	  0.5	0.205	0.000	0.000
212	  D	  1.6	  0.6	0.205	0.000	0.000
213	  T	  1.0	  0.6	0.344	0.000	0.000
214	  E	  0.3	  0.1	0.344	0.000	0.000
215	  Q	  0.3	  0.1	0.344	0.145	0.145
216	  T	  2.8	  0.1	0.139	0.584	0.584
217	  I	  4.1	  0.0	0.139	0.800	0.800
218	  Y	  4.9	  0.0	0.139	0.800	0.800
219	  L	  2.6	  0.4	0.000	0.800	0.800
220	  S	  1.3	  0.9	0.000	0.655	0.655
221	  S	  0.6	  2.2	0.000	0.216	0.216
222	  G	  0.3	  2.3	0.000	0.000	0.000
223	  S	  0.4	  2.0	0.000	0.000	0.000
224	  S	  0.3	  1.6	0.000	0.000	0.000
225	  K	  0.7	  0.3	0.000	0.000	0.000
226	  L	  2.4	  0.1	0.000	0.765	0.765
227	  S	  2.8	  0.1	0.000	0.880	0.880
228	  V	  2.9	  0.0	0.000	1.152	1.152
229	  L	  1.2	  0.0	0.000	1.152	1.152
230	  G	  0.7	  0.0	0.000	1.152	1.152
231	  L	  0.3	  0.1	0.000	1.039	1.039
232	  S	  1.8	  0.7	0.000	0.272	0.272
233	  Q	  1.9	  0.7	0.000	0.000	0.000
234	  S	  3.3	  0.9	0.000	0.000	0.000
235	  L	  1.9	  0.9	0.000	0.000	0.000
236	  T	  1.8	  0.3	0.000	0.000	0.000
237	  G	  0.2	  0.3	0.000	0.000	0.000
238	  T	  1.1	  0.2	0.000	0.000	0.000
239	  K	  1.5	  0.2	0.000	0.000	0.000
240	  T	 19.6	  0.1	0.000	8.386	8.386
241	  Y	 26.9	  0.1	0.000	16.290	16.290
242	  T	 30.5	  0.0	0.000	21.202	21.202
243	  V	 14.6	  0.1	0.000	21.960	21.960
244	  V	  5.1	  0.1	0.000	21.960	21.960
245	  G	  0.9	  0.4	0.000	18.331	18.331
246	  F	  0.2	  2.3	0.000	17.463	17.463
247	  G	  0.1	  2.3	0.000	2.138	2.138
248	  S	  0.2	  6.1	0.000	0.084	0.084
249	  G	  0.0	  5.9	0.000	0.000	0.000
250	  N	  1.0	  3.9	0.000	0.000	0.000
251	  T	 12.7	  3.8	0.000	0.295	0.295
252	  I	 16.5	  0.0	0.000	0.797	0.797
253	  S	 19.6	  0.2	0.085	0.797	0.797
254	  V	 11.3	  0.3	0.085	0.994	0.994
255	  N	  7.1	  0.3	0.085	0.994	0.994
256	  L	  2.8	  0.3	0.085	0.994	0.994
257	  G	  0.1	  0.1	0.085	0.625	0.625
258	  F	  1.4	  0.2	0.085	0.625	0.625
259	  S	  1.6	  0.1	0.000	0.000	0.000
260	  S	  7.5	  0.6	0.000	0.000	0.000
261	  W	  7.9	  0.6	0.000	0.000	0.000
262	  N	  8.6	  1.3	0.000	0.000	0.000
263	  Y	  4.0	  1.5	0.000	0.008	0.008
264	  S	  2.1	  5.2	0.000	0.018	0.018
265	  G	  1.2	  5.3	0.000	0.101	0.101
266	  D	  0.1	  4.5	0.514	1.025	1.025
267	  T	  2.5	  4.3	0.514	34.098	34.098
268	  L	  4.5	  0.1	0.514	89.023	89.023
269	  T	  9.5	  0.0	0.658	91.028	91.028
270	  L	  9.1	  0.0	0.658	94.284	94.284
271	  S	  8.1	  0.0	0.658	94.774	94.774
272	  F	  4.1	  0.0	0.257	98.634	98.634
273	  F	  2.2	  0.2	0.143	98.897	98.897
274	  L	  1.3	  0.2	0.143	98.675	98.675
275	  G	  0.4	  0.2	0.659	96.964	96.964
276	  V	  1.2	  0.2	0.516	96.803	96.803
277	  F	  3.1	  0.0	0.516	89.954	89.954
278	  K	  4.3	  0.0	0.516	1.026	1.026
279	  I	  4.9	  0.0	0.516	1.013	1.013
280	  A	  3.3	  0.0	0.516	0.839	0.839
281	  F	  3.9	  0.0	0.516	0.778	0.778
282	  K	  2.4	  0.0	0.354	0.000	0.000
283	  I	  2.2	  0.6	0.000	0.000	0.000
284	  G	  0.3	  0.7	0.000	0.000	0.000
285	  T	  0.1	  0.7	0.000	0.000	0.000
286	  G	  0.1	  0.7	0.000	0.000	0.000
287	  Y	  0.4	  0.4	0.000	0.000	0.000
288	  S	  0.5	  1.0	0.000	0.000	0.000
289	  N	  0.4	  1.2	0.000	0.000	0.000
290	  S	  0.1	  1.2	0.000	0.000	0.000
291	  G	  0.1	  1.0	0.000	0.000	0.000
292	  F	  0.9	  0.4	0.000	0.000	0.000
293	  S	  1.5	  1.6	0.000	0.000	0.000
294	  T	  1.4	  3.1	0.000	0.000	0.000
295	  N	  0.6	  3.1	0.000	0.000	0.000
296	  G	  0.0	  3.0	0.000	0.000	0.000
297	  V	  0.6	  1.5	0.000	0.000	0.000
298	  L	  0.6	  0.3	0.000	0.000	0.000
299	  G	  0.6	  0.5	0.000	0.000	0.000
300	  A	  0.0	  0.6	0.000	0.000	0.000
301	  G	  0.0	  0.6	0.000	0.000	0.000
302	  T	  0.6	  0.4	0.082	0.000	0.000
303	  Q	  2.0	  0.1	0.082	0.000	0.000
304	  I	 16.4	  0.0	0.183	0.000	0.000
305	  T	 26.2	  0.0	1.999	0.000	0.000
306	  Y	 25.4	  0.1	1.999	0.000	0.000
307	  R	 11.8	  0.1	1.999	0.000	0.000
308	  N	  0.9	  0.1	1.999	0.000	0.000
309	  A	  0.3	  0.1	1.999	0.000	0.000
310	  Y	  0.2	  2.0	1.999	0.000	0.000
311	  P	  0.0	  2.1	0.000	0.000	0.000
312	  G	  0.0	  2.1	0.000	0.000	0.000
313	  S	  0.2	  2.1	0.000	0.000	0.000
314	  V	  0.2	  0.5	0.000	0.000	0.000
315	  P	  0.2	  0.4	0.000	0.000	0.000
316	  D	  0.4	  0.4	0.000	0.000	0.000
317	  I	  2.1	  0.4	0.000	0.000	0.000
318	  C	  3.3	  0.0	0.000	0.000	0.000
319	  L	  3.3	  0.0	0.000	0.000	0.000
320	  C	  1.8	  0.7	0.000	0.000	0.000
321	  S	  0.5	  0.7	0.000	0.000	0.000
322	  D	  0.2	  0.7	0.000	0.000	0.000
323	  F	  0.1	  0.7	0.000	0.000	0.000
324	  P	  0.1	  0.0	0.000	0.000	0.000
325	  E	  0.0	  0.1	0.000	0.000	0.000
326	  P	  0.0	  0.1	0.000	0.000	0.000
327	  T	  2.9	  0.1	0.000	0.000	0.000
328	  T	  3.1	  0.1	0.000	0.000	0.000
329	  T	  3.1	  0.0	0.000	0.000	0.000
330	  P	  0.2	  0.0	0.000	0.000	0.000
331	  L	  0.0	  0.3	0.000	0.000	0.000
332	  P	  0.0	  0.5	0.000	0.000	0.000
333	  S	  0.3	  0.5	0.000	0.000	0.000
334	  S	  0.7	  0.5	0.000	0.000	0.000
335	  T	  4.8	  0.2	0.000	0.000	0.000
336	  I	  5.0	  0.2	0.000	0.000	0.000
337	  E	  4.6	  0.1	0.000	0.000	0.000
338	  S	  1.4	  1.0	0.000	0.000	0.000
339	  S	  1.8	  1.7	0.000	0.000	0.000
340	  S	  2.0	  1.6	0.000	0.000	0.000
341	  S	  1.1	  1.5	0.000	0.000	0.000
342	  V	  0.3	  0.7	0.000	0.000	0.000
343	  P	  0.0	  0.5	0.000	0.000	0.000
344	  P	  0.0	  0.6	0.000	0.000	0.000
345	  S	  0.2	  0.7	0.000	0.000	0.000
346	  S	  0.5	  0.7	0.191	0.000	0.000
347	  Q	  2.3	  0.2	0.191	0.000	0.000
348	  I	  4.6	  0.1	0.191	0.000	0.000
349	  T	  5.6	  0.1	0.191	0.000	0.000
350	  S	  4.5	  0.9	0.191	0.000	0.000
351	  S	  2.3	  1.0	0.191	0.000	0.000
352	  S	  1.0	  1.1	0.000	0.000	0.000
353	  E	  0.2	  1.0	0.000	0.000	0.000
354	  T	  1.4	  0.3	0.000	0.000	0.000
355	  S	  1.5	  0.3	0.125	0.000	0.000
356	  S	  1.4	  0.4	0.125	0.000	0.000
357	  E	  0.2	  0.4	0.125	0.000	0.000
358	  T	  1.4	  0.4	0.125	0.000	0.000
359	  S	  1.5	  0.4	0.125	0.000	0.000
360	  S	  1.5	  1.2	0.125	0.000	0.000
361	  E	  0.3	  1.3	0.000	0.000	0.000
362	  S	  1.1	  2.1	0.000	0.000	0.000
363	  S	  1.1	  2.0	0.000	0.000	0.000
364	  S	  1.1	  1.0	0.000	0.000	0.000
365	  A	  0.3	  1.2	0.000	0.000	0.000
366	  P	  0.1	  0.3	0.000	0.000	0.000
367	  Q	  0.1	  0.4	0.000	0.000	0.000
368	  S	  0.3	  0.4	0.000	0.000	0.000
369	  S	  0.4	  0.2	0.000	0.000	0.000
370	  A	  0.3	  0.3	0.000	0.000	0.000
371	  P	  0.1	  0.4	0.000	0.000	0.000
372	  E	  0.1	  0.4	0.000	0.000	0.000
373	  S	  0.4	  0.5	0.000	0.000	0.000
374	  S	  0.6	  0.4	0.000	0.000	0.000
375	  T	  0.8	  0.4	0.000	0.000	0.000
376	  E	  0.5	  0.4	0.000	0.000	0.000
377	  S	  1.2	  1.0	0.000	0.000	0.000
378	  S	  1.2	  1.0	0.000	0.000	0.000
379	  S	  1.1	  0.9	0.000	0.000	0.000
380	  E	  0.3	  0.8	0.000	0.000	0.000
381	  P	  0.0	  0.2	0.000	0.000	0.000
382	  A	  0.1	  0.3	0.000	0.000	0.000
383	  S	  1.0	  1.1	0.000	0.000	0.000
384	  S	  1.1	  1.2	0.000	0.000	0.000
385	  S	  1.1	  2.0	0.000	0.000	0.000
386	  E	  0.3	  1.9	0.000	0.000	0.000
387	  S	  0.6	  1.2	0.000	0.000	0.000
388	  S	  0.9	  1.1	0.000	0.000	0.000
389	  T	  0.9	  0.2	0.000	0.000	0.000
390	  E	  0.6	  0.1	0.000	0.000	0.000
391	  P	  0.0	  0.2	0.000	0.000	0.000
392	  A	  0.1	  0.3	0.000	0.000	0.000
393	  S	  1.0	  1.1	0.000	0.000	0.000
394	  S	  1.1	  1.2	0.000	0.000	0.000
395	  S	  1.1	  1.7	0.000	0.000	0.000
396	  E	  0.4	  1.7	0.000	0.000	0.000
397	  S	  1.0	  0.9	0.000	0.000	0.000
398	  T	  1.2	  0.9	0.000	0.000	0.000
399	  T	  1.6	  0.3	0.000	0.000	0.000
400	  D	  0.9	  0.3	0.000	0.000	0.000
401	  S	  3.5	  1.3	0.000	0.000	0.000
402	  A	  3.1	  1.4	0.000	0.000	0.000
403	  S	  3.9	  2.0	0.000	0.000	0.000
404	  S	  1.1	  2.0	0.000	0.000	0.000
405	  S	  1.1	  1.7	0.000	0.000	0.000
406	  E	  0.4	  1.6	0.000	0.000	0.000
407	  S	  1.0	  0.9	0.000	0.000	0.000
408	  T	  1.2	  0.9	0.000	0.000	0.000
409	  T	  1.6	  0.3	0.000	0.000	0.000
410	  D	  0.9	  0.3	0.000	0.000	0.000
411	  S	  3.5	  1.3	0.000	0.000	0.000
412	  A	  3.1	  1.4	0.000	0.000	0.000
413	  S	  3.9	  2.0	0.000	0.000	0.000
414	  S	  1.1	  2.0	0.000	0.000	0.000
415	  S	  1.1	  1.7	0.000	0.000	0.000
416	  E	  0.4	  1.6	0.000	0.000	0.000
417	  S	  1.0	  0.9	0.000	0.000	0.000
418	  T	  1.2	  0.9	0.000	0.000	0.000
419	  T	  1.6	  0.2	0.000	0.000	0.000
420	  D	  0.9	  0.3	0.000	0.000	0.000
421	  S	  3.4	  1.3	0.000	0.000	0.000
422	  A	  3.0	  1.3	0.000	0.000	0.000
423	  S	  3.8	  2.3	0.000	0.000	0.000
424	  S	  1.0	  4.0	0.000	0.000	0.000
425	  S	  0.9	  3.5	0.000	0.000	0.000
426	  D	  0.1	  3.5	0.000	0.000	0.000
427	  S	  2.9	  3.4	0.000	0.000	0.000
428	  A	  3.0	  1.8	0.000	0.000	0.000
429	  S	  3.1	  3.0	0.000	0.000	0.000
430	  S	  0.2	  3.5	0.000	0.000	0.000
431	  D	  0.1	  2.5	0.000	0.000	0.000
432	  S	  2.9	  3.4	0.000	0.000	0.000
433	  A	  3.0	  1.8	0.000	0.000	0.000
434	  S	  3.7	  2.2	0.000	0.000	0.000
435	  S	  1.0	  3.9	0.000	0.000	0.000
436	  S	  0.9	  3.5	0.000	0.000	0.000
437	  D	  0.1	  3.5	0.000	0.000	0.000
438	  S	  3.0	  3.6	0.000	0.000	0.000
439	  A	  3.1	  1.9	0.000	0.000	0.000
440	  S	  3.7	  1.4	0.000	0.000	0.000
441	  A	  0.9	  1.3	0.000	0.000	0.000
442	  T	  0.9	  0.6	0.000	0.000	0.000
443	  E	  0.3	  0.8	0.000	0.000	0.000
444	  S	  0.5	  2.8	0.000	0.000	0.000
445	  G	  0.3	  2.9	0.000	0.000	0.000
446	  S	  0.9	  2.4	0.000	0.000	0.000
447	  T	  1.1	  2.3	0.000	0.000	0.000
448	  T	  1.6	  0.3	0.000	0.000	0.000
449	  D	  1.0	  1.8	0.000	0.000	0.000
450	  S	  1.4	  2.5	0.000	0.000	0.000
451	  S	  1.1	  2.4	0.000	0.000	0.000
452	  S	  1.1	  2.3	0.000	0.000	0.000
453	  E	  0.3	  0.8	0.000	0.000	0.000
454	  P	  0.0	  0.2	0.000	0.000	0.000
455	  A	  0.0	  0.2	0.000	0.000	0.000
456	  S	  0.2	  1.2	0.000	0.000	0.000
457	  E	  0.3	  1.3	0.000	0.000	0.000
458	  S	  0.6	  1.2	0.000	0.000	0.000
459	  S	  0.6	  1.2	0.000	0.000	0.000
460	  T	  0.7	  0.3	0.000	0.000	0.000
461	  E	  0.5	  0.3	0.000	0.000	0.000
462	  S	  0.4	  1.1	0.000	0.000	0.000
463	  E	  0.3	  1.2	0.000	0.000	0.000
464	  S	  1.1	  2.1	0.000	0.000	0.000
465	  S	  1.0	  3.9	0.000	0.000	0.000
466	  S	  0.9	  3.5	0.000	0.000	0.000
467	  D	  0.2	  4.9	0.000	0.000	0.000
468	  S	  0.9	  4.7	0.000	0.000	0.000
469	  S	  0.9	  2.9	0.000	0.000	0.000
470	  S	  3.7	  3.3	0.000	0.000	0.000
471	  A	  2.9	  1.9	0.000	0.000	0.000
472	  S	  3.1	  1.0	0.000	0.000	0.000
473	  E	  0.3	  1.0	0.000	0.000	0.000
474	  S	  0.3	  3.1	0.000	0.000	0.000
475	  P	  0.0	  3.1	0.000	0.000	0.000
476	  S	  2.9	  4.0	0.000	0.000	0.000
477	  A	  2.8	  4.1	0.000	0.000	0.000
478	  S	  3.0	  2.0	0.000	0.000	0.000
479	  E	  0.2	  2.0	0.000	0.000	0.000
480	  S	  3.0	  2.1	0.000	0.000	0.000
481	  A	  3.0	  2.1	0.000	0.000	0.000
482	  S	  3.7	  2.2	0.000	0.000	0.000
483	  S	  1.0	  4.0	0.000	0.000	0.000
484	  S	  0.9	  3.6	0.000	0.000	0.000
485	  D	  0.1	  3.6	0.251	0.000	0.000
486	  S	  0.8	  2.6	0.251	0.000	0.000
487	  A	  0.8	  0.8	0.251	0.000	0.000
488	  T	  1.1	  0.2	0.251	0.000	0.000
489	  E	  0.4	  0.2	0.251	0.000	0.000
490	  S	  0.5	  2.9	0.251	0.000	0.000
491	  P	  0.0	  3.0	0.000	0.000	0.000
492	  S	  0.9	  3.8	0.000	0.000	0.000
493	  S	  1.0	  3.9	0.000	0.000	0.000
494	  S	  1.3	  1.2	0.000	0.000	0.000
495	  Q	  0.5	  1.1	0.000	0.000	0.000
496	  E	  0.3	  0.6	0.000	0.000	0.000
497	  G	  0.0	  0.8	0.000	0.000	0.000
498	  P	  0.0	  0.5	0.000	0.000	0.000
499	  T	  2.2	  0.5	0.000	1.831	1.831
500	  L	  2.4	  0.3	0.000	3.407	3.407
501	  T	  5.3	  0.0	0.000	3.407	3.407
502	  T	 19.5	  0.0	0.000	3.407	3.407
503	  F	 21.4	  0.1	0.000	3.557	3.557
504	  T	 19.2	  0.0	0.000	2.601	2.601
505	  S	  3.4	  0.0	0.000	1.067	1.067
506	  T	 12.4	  0.0	0.000	0.947	0.947
507	  W	 12.5	  0.0	0.000	0.947	0.947
508	  T	 13.4	  0.0	0.000	0.299	0.299
509	  T	  2.5	  0.1	0.000	0.000	0.000
510	  T	  2.1	  0.2	0.000	0.000	0.000
511	  D	  0.8	 10.8	0.000	0.000	0.000
512	  S	  0.4	 11.0	0.000	0.000	0.000
513	  D	  0.0	 11.5	0.000	0.000	0.000
514	  G	  0.0	 11.5	0.000	0.000	0.000
515	  N	  0.1	  1.9	0.000	0.000	0.000
516	  A	  0.2	  1.8	0.000	0.000	0.000
517	  S	  0.6	  1.6	0.000	0.000	0.000
518	  T	  1.1	  1.9	0.000	0.000	0.000
519	  D	  1.0	  1.0	0.000	0.000	0.000
520	  S	  0.5	  0.9	0.000	1.255	1.255
521	  G	  0.0	  0.5	0.000	10.734	10.734
522	  V	  6.7	  0.2	0.000	81.990	81.990
523	  V	 20.0	  0.0	0.000	84.202	84.202
524	  I	 23.1	  0.0	0.000	84.202	84.202
525	  V	 18.2	  0.0	0.000	84.132	84.132
526	  T	  5.1	  0.1	0.000	76.514	76.514
527	  T	  2.0	  0.2	0.000	30.125	30.125
528	  D	  0.7	 10.4	0.000	0.000	0.000
529	  S	  0.4	 10.9	0.000	0.000	0.000
530	  D	  0.0	 11.0	0.000	0.000	0.000
531	  G	  0.0	 11.0	0.000	0.000	0.000
532	  S	  1.4	  0.7	0.000	0.000	0.000
533	  L	  1.6	  0.2	0.000	0.000	0.000
534	  T	  3.3	  0.1	0.000	0.000	0.000
535	  T	  3.5	  0.0	0.000	0.000	0.000
536	  T	  6.0	  0.1	0.000	0.000	0.000
537	  T	  5.3	  0.1	0.000	0.000	0.000
538	  S	  5.6	  0.1	0.000	0.000	0.000
539	  V	  2.8	  0.0	0.000	0.000	0.000
540	  I	  1.9	  0.0	0.000	0.000	0.000
541	  P	  0.0	  0.0	0.000	0.000	0.000
542	  P	  0.0	  0.0	0.000	0.000	0.000
543	  P	  0.0	  0.0	0.000	0.000	0.000
544	  F	  1.3	  0.0	0.000	4.077	4.077
545	  T	  4.3	  0.0	0.000	4.077	4.077
546	  T	 20.9	  0.0	0.000	4.077	4.077
547	  F	 21.7	  0.0	0.000	4.226	4.226
548	  T	 19.4	  0.0	0.000	4.226	4.226
549	  S	  3.4	  0.0	0.000	2.072	2.072
550	  T	 12.4	  0.0	0.000	1.803	1.803
551	  W	 12.5	  0.0	0.000	1.640	1.640
552	  T	 13.5	  0.0	0.000	0.793	0.793
553	  T	  2.6	  0.1	0.000	0.372	0.372
554	  T	  2.4	  0.1	0.000	0.139	0.139
555	  N	  1.1	  8.1	0.000	0.000	0.000
556	  S	  0.7	  8.6	0.000	0.000	0.000
557	  D	  0.0	  9.1	0.000	0.000	0.000
558	  G	  0.0	  9.2	0.000	0.000	0.000
559	  S	  0.1	  1.3	0.000	0.000	0.000
560	  S	  0.1	  0.9	0.000	0.000	0.000
561	  E	  0.2	  0.4	0.000	0.000	0.000
562	  T	  0.6	  0.5	0.000	0.000	0.000
563	  D	  0.6	  0.7	0.000	0.000	0.000
564	  S	  0.5	  0.5	0.000	1.254	1.254
565	  G	  0.1	  0.5	0.000	10.709	10.709
566	  V	  6.7	  0.2	0.000	82.540	82.540
567	  I	 13.7	  0.0	0.000	84.768	84.768
568	  I	 17.3	  0.0	0.000	84.768	84.768
569	  V	 12.5	  0.0	0.000	84.699	84.699
570	  T	  6.0	  0.0	0.000	77.130	77.130
571	  T	  2.2	  0.0	0.000	30.361	30.361
572	  D	  0.7	  1.9	0.000	0.000	0.000
573	  P	  0.0	  2.6	0.000	0.000	0.000
574	  E	  0.0	  3.3	0.000	0.000	0.000
575	  G	  0.0	  3.3	0.000	0.000	0.000
576	  S	  1.5	  1.5	0.000	0.000	0.000
577	  L	  1.8	  0.7	0.000	0.000	0.000
578	  T	  3.4	  0.1	0.000	0.000	0.000
579	  T	  3.5	  0.0	0.000	0.000	0.000
580	  T	  6.0	  0.1	0.000	0.000	0.000
581	  T	  5.2	  0.1	0.000	0.000	0.000
582	  S	  5.6	  0.1	0.000	0.000	0.000
583	  V	  2.8	  0.0	0.000	0.000	0.000
584	  I	  1.9	  0.0	0.000	0.000	0.000
585	  P	  0.0	  0.0	0.000	0.000	0.000
586	  P	  0.0	  0.0	0.000	0.000	0.000
587	  P	  0.0	  0.0	0.000	0.000	0.000
588	  F	  1.3	  0.0	0.000	1.420	1.420
589	  T	  4.3	  0.0	0.000	1.420	1.420
590	  T	 20.9	  0.0	0.000	1.420	1.420
591	  Y	 21.7	  0.0	0.000	1.420	1.420
592	  T	 19.4	  0.0	0.000	1.420	1.420
593	  S	  3.4	  0.0	0.000	0.818	0.818
594	  T	 12.4	  0.0	0.000	0.818	0.818
595	  W	 12.5	  0.0	0.000	0.818	0.818
596	  T	 13.5	  0.0	0.000	0.395	0.395
597	  T	  2.6	  0.1	0.000	0.141	0.141
598	  T	  2.4	  0.1	0.000	0.000	0.000
599	  N	  1.1	  8.1	0.000	0.000	0.000
600	  S	  0.7	  8.6	0.000	0.000	0.000
601	  D	  0.0	  8.8	0.000	0.000	0.000
602	  G	  0.0	  8.9	0.000	0.000	0.000
603	  S	  0.1	  0.9	0.198	0.000	0.000
604	  Q	  0.3	  0.4	0.198	0.000	0.000
605	  A	  0.3	  0.2	0.198	0.000	0.000
606	  T	  0.7	  0.3	0.198	0.000	0.000
607	  D	  0.6	  0.5	0.198	0.000	0.000
608	  S	  0.5	  0.5	0.198	1.264	1.264
609	  G	  0.0	  0.5	0.000	10.793	10.793
610	  V	  6.7	  0.2	0.000	83.275	83.275
611	  V	 20.0	  0.0	0.000	85.524	85.524
612	  I	 23.4	  0.0	0.000	85.524	85.524
613	  V	 18.7	  0.0	0.000	85.453	85.453
614	  T	  5.5	  0.1	0.000	77.830	77.830
615	  T	  2.2	  0.1	0.000	30.628	30.628
616	  D	  0.8	  0.7	0.000	0.000	0.000
617	  S	  0.5	  1.8	0.000	0.000	0.000
618	  E	  0.0	  1.8	0.000	0.000	0.000
619	  G	  0.0	  1.7	0.000	0.000	0.000
620	  Q	  0.8	  1.2	0.000	0.000	0.000
621	  L	  1.1	  0.1	0.000	0.000	0.000
622	  T	  2.7	  0.1	0.000	0.000	0.000
623	  T	  3.6	  0.0	0.000	0.000	0.000
624	  T	  6.0	  0.1	0.000	0.000	0.000
625	  T	  5.3	  0.1	0.000	0.000	0.000
626	  S	  5.6	  0.1	0.000	0.000	0.000
627	  V	  2.8	  0.0	0.000	0.000	0.000
628	  I	  1.9	  0.0	0.000	0.000	0.000
629	  P	  0.0	  0.0	0.000	0.000	0.000
630	  P	  0.0	  0.0	0.000	0.000	0.000
631	  P	  0.0	  0.0	0.000	0.000	0.000
632	  F	  1.3	  0.0	0.000	1.420	1.420
633	  T	  4.3	  0.0	0.000	1.420	1.420
634	  T	 20.9	  0.0	0.000	1.420	1.420
635	  Y	 21.7	  0.0	0.000	1.420	1.420
636	  T	 19.4	  0.0	0.000	1.420	1.420
637	  S	  3.4	  0.0	0.000	0.818	0.818
638	  T	 12.4	  0.0	0.000	0.818	0.818
639	  W	 12.5	  0.0	0.000	0.818	0.818
640	  T	 13.5	  0.0	0.000	0.395	0.395
641	  T	  2.6	  0.1	0.000	0.141	0.141
642	  T	  2.4	  0.1	0.000	0.000	0.000
643	  N	  1.1	  8.1	0.000	0.000	0.000
644	  S	  0.7	  8.6	0.000	0.000	0.000
645	  D	  0.0	  9.1	0.000	0.000	0.000
646	  G	  0.0	  9.2	0.000	0.000	0.000
647	  S	  0.1	  1.3	0.000	0.000	0.000
648	  S	  0.1	  0.9	0.000	0.000	0.000
649	  E	  0.2	  0.4	0.000	0.000	0.000
650	  T	  0.6	  0.5	0.000	0.000	0.000
651	  D	  0.6	  0.7	0.000	0.000	0.000
652	  S	  0.5	  0.5	0.000	1.254	1.254
653	  G	  0.1	  0.5	0.000	10.712	10.712
654	  V	  6.7	  0.2	0.000	82.670	82.670
655	  I	 13.7	  0.0	0.000	84.902	84.902
656	  I	 17.4	  0.0	0.000	84.902	84.902
657	  V	 12.6	  0.0	0.000	84.832	84.832
658	  T	  5.7	  0.1	0.000	77.265	77.265
659	  T	  2.3	  0.2	0.000	30.404	30.404
660	  D	  0.9	  0.7	0.000	0.000	0.000
661	  S	  0.5	  1.8	0.000	0.000	0.000
662	  E	  0.0	  1.8	0.000	0.000	0.000
663	  G	  0.0	  1.8	0.000	0.000	0.000
664	  Q	  0.8	  1.2	0.000	0.000	0.000
665	  L	  1.1	  0.1	0.000	0.000	0.000
666	  T	  2.8	  0.1	0.000	0.000	0.000
667	  T	  3.6	  0.1	0.000	0.000	0.000
668	  T	  6.1	  0.1	0.000	0.000	0.000
669	  T	  5.0	  0.1	0.000	0.000	0.000
670	  S	  4.0	  0.1	0.000	0.000	0.000
671	  M	  1.2	  0.0	0.000	0.000	0.000
672	  I	  0.6	  0.0	0.000	0.000	0.000
673	  P	  0.0	  0.0	0.000	0.000	0.000
674	  P	  0.0	  0.0	0.000	0.000	0.000
675	  P	  0.0	  0.0	0.000	0.000	0.000
676	  F	  1.3	  0.0	0.000	1.282	1.282
677	  T	  4.3	  0.0	0.000	1.282	1.282
678	  T	 20.9	  0.0	0.000	1.282	1.282
679	  Y	 21.7	  0.0	0.000	1.282	1.282
680	  T	 19.4	  0.0	0.000	1.282	1.282
681	  S	  3.4	  0.0	0.000	0.678	0.678
682	  T	 12.4	  0.0	0.000	0.678	0.678
683	  W	 12.6	  0.0	0.000	0.678	0.678
684	  T	 13.5	  0.0	0.000	0.255	0.255
685	  T	  2.4	  0.1	0.000	0.000	0.000
686	  T	  1.7	  0.1	0.000	0.000	0.000
687	  D	  0.4	 12.0	0.000	0.000	0.000
688	  A	  0.1	 12.3	0.000	0.000	0.000
689	  N	  0.0	 12.6	0.000	0.000	0.000
690	  G	  0.0	 12.6	0.000	0.000	0.000
691	  G	  0.0	  0.8	0.000	0.000	0.000
692	  E	  0.0	  0.5	0.000	0.000	0.000
693	  E	  0.1	  0.2	0.000	0.000	0.000
694	  T	  0.6	  0.4	0.000	0.000	0.000
695	  D	  0.6	  0.6	0.000	0.000	0.000
696	  S	  0.5	  0.5	0.000	1.248	1.248
697	  G	  0.1	  0.5	0.000	10.660	10.660
698	  V	  6.7	  0.2	0.000	81.369	81.369
699	  I	 13.7	  0.0	0.000	83.562	83.562
700	  I	 17.0	  0.0	0.000	83.562	83.562
701	  V	 12.1	  0.0	0.000	83.493	83.493
702	  T	  5.2	  0.1	0.000	75.925	75.925
703	  T	  2.1	  0.2	0.000	29.890	29.890
704	  D	  0.8	 10.5	0.000	0.000	0.000
705	  S	  0.4	 11.1	0.000	0.000	0.000
706	  D	  0.0	 11.1	0.000	0.000	0.000
707	  G	  0.0	 11.0	0.000	0.000	0.000
708	  Q	  0.6	  0.6	0.000	0.000	0.000
709	  L	  0.8	  0.1	0.000	0.000	0.000
710	  S	  1.4	  0.1	0.000	0.000	0.000
711	  T	  2.5	  0.1	0.000	0.000	0.000
712	  T	  5.1	  0.1	0.000	0.000	0.000
713	  T	  5.3	  0.1	0.000	0.000	0.000
714	  S	  5.6	  0.1	0.000	0.000	0.000
715	  V	  2.9	  0.0	0.000	0.000	0.000
716	  I	  2.0	  0.0	0.000	0.000	0.000
717	  P	  0.0	  0.0	0.000	0.000	0.000
718	  P	  0.0	  0.0	0.000	0.000	0.000
719	  P	  0.0	  0.0	0.000	0.000	0.000
720	  F	  1.3	  0.0	0.000	3.939	3.939
721	  T	  4.3	  0.0	0.000	3.939	3.939
722	  T	 20.9	  0.0	0.000	3.939	3.939
723	  F	 21.7	  0.0	0.000	4.088	4.088
724	  T	 19.4	  0.0	0.000	4.088	4.088
725	  S	  3.4	  0.0	0.000	1.931	1.931
726	  T	 12.3	  0.0	0.000	1.661	1.661
727	  W	 12.5	  0.0	0.000	1.498	1.498
728	  T	 14.4	  0.1	0.000	0.651	0.651
729	  T	  3.2	  0.3	0.000	0.232	0.232
730	  S	  2.4	  0.5	0.000	0.000	0.000
731	  N	  0.1	  8.4	0.000	0.000	0.000
732	  S	  0.1	  8.6	0.000	0.000	0.000
733	  D	  0.0	  9.0	0.000	0.000	0.000
734	  G	  0.0	  8.8	0.000	0.000	0.000
735	  N	  0.0	  0.9	0.216	0.000	0.000
736	  Q	  0.2	  0.7	0.216	0.000	0.000
737	  A	  0.3	  0.1	0.216	0.000	0.000
738	  T	  0.7	  0.4	0.216	0.000	0.000
739	  D	  0.6	  0.6	0.216	0.000	0.000
740	  S	  0.5	  0.6	0.216	1.248	1.248
741	  G	  0.1	  0.5	0.000	10.657	10.657
742	  V	  6.7	  0.2	0.000	81.335	81.335
743	  I	 13.7	  0.0	0.000	83.529	83.529
744	  I	 17.0	  0.0	0.000	83.529	83.529
745	  V	 12.1	  0.0	0.000	83.459	83.459
746	  T	  5.2	  0.1	0.000	75.894	75.894
747	  T	  2.1	  0.2	0.000	29.878	29.878
748	  D	  0.8	 10.5	0.000	0.000	0.000
749	  S	  0.4	 11.1	0.000	0.000	0.000
750	  D	  0.0	 11.0	0.000	0.000	0.000
751	  G	  0.0	 11.0	0.000	0.000	0.000
752	  Q	  0.8	  0.6	0.000	0.000	0.000
753	  L	  1.0	  0.1	0.000	0.000	0.000
754	  T	  2.6	  0.1	0.000	0.000	0.000
755	  T	  3.5	  0.0	0.000	0.000	0.000
756	  T	  6.0	  0.1	0.000	0.000	0.000
757	  T	  5.3	  0.1	0.000	0.000	0.000
758	  S	  5.6	  0.1	0.000	0.000	0.000
759	  V	  2.8	  0.0	0.000	0.000	0.000
760	  I	  1.9	  0.0	0.000	0.000	0.000
761	  P	  0.0	  0.0	0.000	0.000	0.000
762	  P	  0.0	  0.0	0.000	0.000	0.000
763	  P	  0.0	  0.0	0.000	0.000	0.000
764	  F	  1.3	  0.0	0.000	1.280	1.280
765	  T	  4.3	  0.0	0.000	1.280	1.280
766	  T	 20.9	  0.0	0.000	1.280	1.280
767	  Y	 21.7	  0.0	0.000	1.280	1.280
768	  T	 19.4	  0.0	0.000	1.280	1.280
769	  S	  3.4	  0.0	0.000	0.677	0.677
770	  T	 12.4	  0.0	0.000	0.677	0.677
771	  W	 12.6	  0.0	0.000	0.677	0.677
772	  T	 13.6	  0.0	0.000	0.254	0.254
773	  T	  2.7	  0.3	0.000	0.000	0.000
774	  T	  1.8	  0.4	0.000	0.000	0.000
775	  D	  0.4	  2.4	0.000	0.000	0.000
776	  G	  0.0	  2.9	0.000	0.000	0.000
777	  N	  0.0	  2.7	0.000	0.000	0.000
778	  G	  0.0	  2.6	0.000	0.000	0.000
779	  A	  0.0	  0.7	0.000	0.000	0.000
780	  E	  0.0	  0.2	0.000	0.000	0.000
781	  E	  0.1	  0.2	0.000	0.000	0.000
782	  T	  0.6	  0.4	0.000	0.000	0.000
783	  D	  0.6	  0.6	0.000	0.000	0.000
784	  S	  0.5	  0.5	0.000	1.254	1.254
785	  G	  0.1	  0.5	0.000	10.714	10.714
786	  V	  6.7	  0.2	0.000	82.673	82.673
787	  I	 13.7	  0.0	0.000	84.904	84.904
788	  I	 17.4	  0.0	0.000	84.904	84.904
789	  V	 12.6	  0.0	0.000	84.834	84.834
790	  T	  5.7	  0.1	0.000	77.266	77.266
791	  T	  2.3	  0.2	0.000	30.404	30.404
792	  D	  0.9	  0.7	0.000	0.000	0.000
793	  S	  0.5	  1.8	0.000	0.000	0.000
794	  E	  0.0	  1.8	0.000	0.000	0.000
795	  G	  0.0	  1.8	0.000	0.000	0.000
796	  Q	  0.8	  1.2	0.000	0.000	0.000
797	  L	  1.1	  0.1	0.000	0.318	0.318
798	  T	  2.8	  0.1	0.000	0.318	0.318
799	  T	  3.6	  0.1	0.000	0.318	0.318
800	  T	  6.1	  0.1	0.000	0.472	0.472
801	  T	  4.8	  0.1	0.000	0.472	0.472
802	  S	  3.7	  0.1	0.000	0.472	0.472
803	  I	  2.5	  0.0	0.000	0.472	0.472
804	  I	  2.1	  0.0	0.000	0.472	0.472
805	  D	  1.5	  0.0	0.000	0.000	0.000
806	  P	  0.0	  0.0	0.000	0.000	0.000
807	  P	  0.0	  0.0	0.000	0.000	0.000
808	  F	  1.3	  0.0	0.000	1.429	1.429
809	  T	  4.3	  0.0	0.000	1.429	1.429
810	  T	 20.9	  0.0	0.000	1.429	1.429
811	  Y	 21.7	  0.0	0.000	1.429	1.429
812	  T	 19.4	  0.0	0.000	1.429	1.429
813	  S	  3.4	  0.0	0.000	0.826	0.826
814	  T	 12.4	  0.0	0.000	0.826	0.826
815	  W	 12.6	  0.0	0.000	0.826	0.826
816	  T	 13.7	  0.1	0.000	0.404	0.404
817	  T	  2.4	  0.2	0.000	0.150	0.150
818	  T	  1.5	  0.4	0.000	0.000	0.000
819	  G	  0.1	  2.0	0.000	0.000	0.000
820	  A	  0.0	  2.3	0.000	0.000	0.000
821	  D	  0.0	  2.5	0.000	0.000	0.000
822	  G	  0.0	  2.4	0.000	0.000	0.000
823	  S	  0.0	  0.8	0.141	0.000	0.000
824	  E	  0.1	  0.5	0.141	0.000	0.000
825	  E	  0.1	  0.3	0.141	0.000	0.000
826	  T	  0.6	  0.5	0.141	0.000	0.000
827	  D	  0.6	  0.6	0.141	0.000	0.000
828	  S	  0.5	  0.5	0.141	1.254	1.254
829	  G	  0.1	  0.5	0.000	10.713	10.713
830	  V	  6.7	  0.2	0.000	82.696	82.696
831	  I	 13.7	  0.0	0.000	84.929	84.929
832	  I	 17.4	  0.0	0.000	84.929	84.929
833	  V	 12.6	  0.0	0.000	84.859	84.859
834	  T	  5.7	  0.1	0.000	77.293	77.293
835	  T	  2.3	  0.2	0.000	30.420	30.420
836	  D	  0.8	  0.4	0.000	0.000	0.000
837	  S	  0.6	  1.3	0.000	0.000	0.000
838	  A	  0.1	  1.3	0.000	0.000	0.000
839	  G	  0.1	  1.2	0.000	0.000	0.000
840	  Q	  0.9	  1.0	0.000	0.000	0.000
841	  L	  1.1	  0.1	0.000	0.789	0.789
842	  T	  2.8	  0.1	0.000	0.926	0.926
843	  T	  3.5	  0.0	0.000	1.156	1.156
844	  T	  5.8	  0.1	0.000	1.539	1.539
845	  T	  4.9	  0.1	0.000	1.539	1.539
846	  S	  4.5	  0.0	0.000	1.539	1.539
847	  V	  9.2	  0.0	0.000	1.539	1.539
848	  I	  8.4	  0.0	0.000	1.539	1.539
849	  S	  7.3	  0.0	0.000	0.000	0.000
850	  P	  0.0	  0.0	0.000	0.000	0.000
851	  P	  0.0	  0.0	0.000	0.000	0.000
852	  F	  1.3	  0.0	0.000	3.717	3.717
853	  T	  4.3	  0.0	0.000	3.717	3.717
854	  T	 20.9	  0.0	0.000	3.717	3.717
855	  F	 21.7	  0.0	0.000	3.866	3.866
856	  T	 19.4	  0.0	0.000	3.866	3.866
857	  S	  3.4	  0.0	0.000	1.704	1.704
858	  T	 12.4	  0.0	0.000	1.433	1.433
859	  W	 12.6	  0.0	0.000	1.270	1.270
860	  T	 13.6	  0.0	0.000	0.421	0.421
861	  T	  2.7	  0.3	0.000	0.000	0.000
862	  T	  1.8	  0.4	0.000	0.000	0.000
863	  D	  0.4	  2.4	0.000	0.000	0.000
864	  G	  0.0	  2.7	0.000	0.000	0.000
865	  N	  0.0	  3.2	0.000	0.000	0.000
866	  G	  0.0	  3.1	0.000	0.000	0.000
867	  N	  0.0	  1.8	0.000	0.000	0.000
868	  E	  0.0	  1.7	0.000	0.000	0.000
869	  G	  0.0	  1.1	0.000	0.000	0.000
870	  T	  0.5	  1.3	0.000	0.000	0.000
871	  D	  0.5	  0.9	0.000	0.000	0.000
872	  S	  0.5	  0.6	0.000	1.247	1.247
873	  G	  0.1	  0.5	0.000	10.655	10.655
874	  V	  6.7	  0.2	0.000	81.366	81.366
875	  I	 13.7	  0.0	0.000	83.560	83.560
876	  I	 17.0	  0.0	0.000	83.560	83.560
877	  V	 12.1	  0.0	0.000	83.490	83.490
878	  T	  5.2	  0.1	0.000	75.927	75.927
879	  T	  2.1	  0.2	0.000	29.897	29.897
880	  D	  0.8	 10.6	0.000	0.000	0.000
881	  S	  0.4	 11.0	0.000	0.000	0.000
882	  D	  0.0	 11.0	0.000	0.000	0.000
883	  G	  0.0	 10.9	0.000	0.000	0.000
884	  A	  0.1	  0.4	0.000	0.000	0.000
885	  L	  0.4	  0.1	0.000	0.000	0.000
886	  T	  2.0	  0.0	0.000	0.000	0.000
887	  T	  3.6	  0.0	0.000	0.000	0.000
888	  T	  6.1	  0.1	0.000	0.000	0.000
889	  T	  5.3	  0.1	0.000	0.000	0.000
890	  S	  5.6	  0.1	0.000	0.000	0.000
891	  V	  2.8	  0.0	0.000	0.000	0.000
892	  I	  1.9	  0.0	0.000	0.000	0.000
893	  P	  0.0	  0.1	0.000	0.000	0.000
894	  P	  0.0	  0.3	0.000	0.000	0.000
895	  A	  0.0	  0.5	0.000	0.000	0.000
896	  A	  0.0	  0.8	0.000	0.000	0.000
897	  G	  0.0	  0.8	0.000	0.000	0.000
898	  T	  0.1	  0.9	0.000	0.000	0.000
899	  G	  0.1	  1.0	0.000	0.000	0.000
900	  T	  0.1	  0.9	0.000	0.000	0.000
901	  D	  0.0	  0.8	0.000	0.000	0.000
902	  G	  0.0	  0.5	0.000	0.000	0.000
903	  V	  1.1	  0.3	0.000	0.000	0.000
904	  S	  1.3	  0.1	0.000	0.000	0.000
905	  S	 22.0	  0.3	0.000	0.000	0.000
906	  F	 21.2	  0.5	0.000	0.000	0.000
907	  S	 21.0	  0.8	0.000	0.000	0.000
908	  N	  0.4	  0.8	0.000	0.000	0.000
909	  D	  0.2	  0.6	0.000	0.000	0.000
910	  V	  0.2	  0.3	0.000	0.000	0.000
911	  P	  0.1	  0.0	0.000	0.000	0.000
912	  Y	  1.3	  0.0	0.000	0.615	0.615
913	  T	  4.3	  0.0	0.000	0.615	0.615
914	  T	 22.6	  0.0	0.000	0.615	0.615
915	  Y	 23.7	  0.0	0.000	0.615	0.615
916	  T	 21.5	  0.0	0.000	0.615	0.615
917	  S	  3.8	  0.0	0.000	0.451	0.451
918	  T	  3.1	  0.0	0.000	0.451	0.451
919	  W	  2.6	  0.0	0.000	0.451	0.451
920	  A	  2.3	  0.0	0.000	0.207	0.207
921	  T	  0.7	  0.3	0.000	0.000	0.000
922	  T	  0.6	  0.4	0.000	0.000	0.000
923	  D	  0.4	  2.4	0.000	0.000	0.000
924	  G	  0.0	  2.7	0.000	0.000	0.000
925	  N	  0.0	  2.6	0.000	0.000	0.000
926	  G	  0.0	  2.5	0.000	0.000	0.000
927	  N	  2.9	  0.5	0.000	0.000	0.000
928	  I	  3.4	  0.2	0.000	0.000	0.000
929	  E	  3.5	  0.1	0.000	0.000	0.000
930	  T	  1.1	  0.3	0.000	0.000	0.000
931	  D	  0.6	  0.5	0.000	0.000	0.000
932	  S	  0.5	  0.5	0.000	1.264	1.264
933	  G	  0.0	  0.5	0.000	10.796	10.796
934	  V	  6.8	  0.2	0.000	83.311	83.311
935	  V	 20.0	  0.0	0.000	85.560	85.560
936	  I	 23.4	  0.0	0.000	85.560	85.560
937	  V	 18.7	  0.0	0.000	85.490	85.490
938	  T	  5.5	  0.1	0.000	77.863	77.863
939	  T	  2.2	  0.1	0.000	30.644	30.644
940	  D	  0.8	  0.7	0.000	0.000	0.000
941	  S	  0.5	  1.6	0.000	0.000	0.000
942	  E	  0.0	  2.3	0.000	0.000	0.000
943	  G	  0.0	  2.3	0.000	0.000	0.000
944	  S	  1.5	  1.7	0.000	0.000	0.000
945	  L	  1.8	  0.8	0.000	0.315	0.315
946	  T	  3.4	  0.1	0.000	0.315	0.315
947	  T	  3.6	  0.0	0.000	0.315	0.315
948	  T	  6.0	  0.1	0.000	0.469	0.469
949	  T	  4.7	  0.1	0.000	0.469	0.469
950	  S	  3.7	  0.1	0.000	0.469	0.469
951	  I	  1.7	  0.1	0.000	0.469	0.469
952	  I	  2.7	  0.0	0.000	0.469	0.469
953	  D	  2.1	  0.0	0.000	0.000	0.000
954	  S	  1.4	  0.1	0.120	0.000	0.000
955	  P	  0.0	  0.1	0.120	0.000	0.000
956	  F	  1.3	  0.1	0.120	1.379	1.379
957	  T	  4.3	  0.1	0.120	1.379	1.379
958	  T	 22.6	  0.0	0.120	1.379	1.379
959	  Y	 23.7	  0.0	0.120	1.379	1.379
960	  T	 21.4	  0.0	0.000	1.379	1.379
961	  S	  3.8	  0.0	0.000	0.778	0.778
962	  T	  3.1	  0.0	0.000	0.778	0.778
963	  W	  2.6	  0.0	0.000	0.778	0.778
964	  A	  2.3	  0.0	0.000	0.356	0.356
965	  T	  0.7	  0.1	0.000	0.000	0.000
966	  T	  0.6	  0.3	0.000	0.000	0.000
967	  D	  0.5	  2.9	0.000	0.000	0.000
968	  N	  0.1	  3.3	0.000	0.000	0.000
969	  N	  0.0	  3.4	0.000	0.000	0.000
970	  G	  0.0	  3.2	0.000	0.000	0.000
971	  N	  4.1	  0.6	0.000	0.000	0.000
972	  V	  4.7	  0.2	0.000	0.000	0.000
973	  E	  4.8	  0.1	0.000	0.000	0.000
974	  T	  1.2	  0.3	0.000	0.000	0.000
975	  D	  0.6	  0.5	0.000	0.000	0.000
976	  S	  0.5	  0.5	0.000	1.259	1.259
977	  G	  0.0	  0.4	0.000	10.749	10.749
978	  V	  6.8	  0.2	0.000	82.166	82.166
979	  V	 20.0	  0.0	0.000	84.378	84.378
980	  I	 23.1	  0.0	0.000	84.378	84.378
981	  V	 18.3	  0.0	0.000	84.308	84.308
982	  T	  5.1	  0.1	0.000	76.682	76.682
983	  T	  2.0	  0.2	0.000	30.145	30.145
984	  D	  0.7	  9.0	0.000	0.000	0.000
985	  S	  0.4	 11.0	0.000	0.000	0.000
986	  N	  0.0	 11.0	0.000	0.000	0.000
987	  G	  0.0	 10.9	0.000	0.000	0.000
988	  Q	  0.8	  2.1	0.000	0.000	0.000
989	  L	  1.0	  0.1	0.000	0.299	0.299
990	  T	  2.6	  0.1	0.000	0.299	0.299
991	  T	  3.5	  0.0	0.000	0.299	0.299
992	  T	  5.8	  0.1	0.000	0.462	0.462
993	  T	  5.0	  0.1	0.000	0.462	0.462
994	  S	  4.5	  0.0	0.000	0.462	0.462
995	  V	  6.5	  0.1	0.000	0.462	0.462
996	  I	  7.0	  0.0	0.000	0.462	0.462
997	  D	  6.0	  0.0	0.000	0.000	0.000
998	  S	  1.3	  0.2	0.150	0.000	0.000
999	  P	  0.0	  0.2	0.150	0.000	0.000
1000	  Y	  1.3	  0.2	0.150	0.165	0.165
1001	  T	  4.2	  0.2	0.150	0.165	0.165
1002	  T	 22.3	  0.0	0.150	0.165	0.165
1003	  Y	 22.3	  0.0	0.150	0.165	0.165
1004	  T	 21.8	  0.0	0.000	0.165	0.165
1005	  T	  5.5	  0.0	0.000	0.000	0.000
1006	  S	  4.3	  0.0	0.000	0.000	0.000
1007	  W	  2.1	  0.2	0.000	0.000	0.000
1008	  P	  0.2	  0.2	0.000	0.000	0.000
1009	  T	  0.4	  0.3	0.000	0.000	0.000
1010	  T	  0.4	  0.3	0.000	0.000	0.000
1011	  D	  0.4	 12.2	0.000	0.000	0.000
1012	  A	  0.1	 12.6	0.000	0.000	0.000
1013	  N	  0.0	 12.8	0.000	0.000	0.000
1014	  G	  0.0	 12.8	0.000	0.000	0.000
1015	  G	  0.0	  0.7	0.000	0.000	0.000
1016	  V	  0.6	  0.3	0.000	0.000	0.000
1017	  E	  0.7	  0.1	0.000	0.000	0.000
1018	  T	  1.1	  0.3	0.000	0.000	0.000
1019	  D	  0.6	  0.5	0.000	0.000	0.000
1020	  S	  0.5	  0.5	0.000	1.259	1.259
1021	  G	  0.0	  0.5	0.000	10.749	10.749
1022	  V	  6.8	  0.2	0.000	82.166	82.166
1023	  V	 20.0	  0.0	0.000	84.378	84.378
1024	  I	 23.1	  0.0	0.000	84.378	84.378
1025	  V	 18.3	  0.0	0.000	84.308	84.308
1026	  T	  5.1	  0.1	0.000	76.682	76.682
1027	  T	  2.0	  0.2	0.000	30.145	30.145
1028	  D	  0.7	  9.1	0.000	0.000	0.000
1029	  S	  0.4	 11.1	0.000	0.000	0.000
1030	  N	  0.0	 11.0	0.000	0.000	0.000
1031	  G	  0.0	 11.0	0.000	0.000	0.000
1032	  Q	  0.6	  2.1	0.000	0.000	0.000
1033	  L	  0.8	  0.1	0.000	0.000	0.000
1034	  S	  1.4	  0.1	0.000	0.000	0.000
1035	  T	  2.4	  0.1	0.000	0.000	0.000
1036	  T	  4.9	  0.1	0.000	0.163	0.163
1037	  T	  5.1	  0.1	0.000	0.163	0.163
1038	  S	  4.6	  0.1	0.000	0.163	0.163
1039	  V	  6.6	  0.1	0.000	0.163	0.163
1040	  I	  7.0	  0.0	0.000	0.163	0.163
1041	  D	  6.0	  0.0	0.000	0.000	0.000
1042	  S	  1.3	  0.1	0.114	0.000	0.000
1043	  P	  0.0	  0.1	0.114	0.000	0.000
1044	  F	  1.3	  0.1	0.114	0.966	0.966
1045	  T	  4.2	  0.1	0.114	0.966	0.966
1046	  T	 22.3	  0.0	0.114	0.966	0.966
1047	  Y	 22.4	  0.0	0.114	0.966	0.966
1048	  T	 21.8	  0.0	0.000	0.966	0.966
1049	  T	  5.5	  0.0	0.000	0.363	0.363
1050	  S	  4.3	  0.0	0.000	0.000	0.000
1051	  W	  2.1	  0.2	0.000	0.000	0.000
1052	  P	  0.2	  0.2	0.000	0.000	0.000
1053	  T	  0.4	  0.5	0.000	0.000	0.000
1054	  T	  0.4	  0.6	0.000	0.000	0.000
1055	  D	  0.4	  2.5	0.000	0.000	0.000
1056	  G	  0.0	  3.0	0.000	0.000	0.000
1057	  N	  0.0	  2.7	0.000	0.000	0.000
1058	  G	  0.0	  2.6	0.000	0.000	0.000
1059	  A	  0.3	  0.5	0.000	0.000	0.000
1060	  V	  0.9	  0.1	0.000	0.000	0.000
1061	  E	  1.0	  0.1	0.000	0.000	0.000
1062	  T	  1.2	  0.3	0.000	0.000	0.000
1063	  D	  0.6	  0.5	0.000	0.000	0.000
1064	  S	  0.5	  0.5	0.000	1.259	1.259
1065	  G	  0.0	  0.5	0.000	10.749	10.749
1066	  V	  6.8	  0.2	0.000	82.166	82.166
1067	  V	 20.0	  0.0	0.000	84.378	84.378
1068	  I	 23.1	  0.0	0.000	84.378	84.378
1069	  V	 18.3	  0.0	0.000	84.308	84.308
1070	  T	  5.1	  0.1	0.000	76.682	76.682
1071	  T	  2.0	  0.2	0.000	30.145	30.145
1072	  D	  0.7	  9.0	0.000	0.000	0.000
1073	  S	  0.4	 11.0	0.000	0.000	0.000
1074	  N	  0.0	 11.0	0.000	0.000	0.000
1075	  G	  0.0	 10.9	0.000	0.000	0.000
1076	  Q	  0.8	  2.1	0.000	0.000	0.000
1077	  L	  1.0	  0.1	0.000	0.299	0.299
1078	  T	  2.6	  0.1	0.000	0.299	0.299
1079	  T	  3.5	  0.0	0.000	0.299	0.299
1080	  T	  5.8	  0.1	0.000	0.462	0.462
1081	  T	  5.0	  0.1	0.000	0.462	0.462
1082	  S	  4.5	  0.0	0.000	0.462	0.462
1083	  V	  6.5	  0.1	0.000	0.462	0.462
1084	  I	  7.0	  0.0	0.000	0.462	0.462
1085	  D	  6.0	  0.0	0.000	0.000	0.000
1086	  S	  1.3	  0.2	0.150	0.000	0.000
1087	  P	  0.0	  0.2	0.150	0.000	0.000
1088	  Y	  1.3	  0.2	0.150	0.165	0.165
1089	  T	  4.2	  0.2	0.150	0.165	0.165
1090	  T	 22.3	  0.0	0.150	0.165	0.165
1091	  Y	 22.3	  0.0	0.150	0.165	0.165
1092	  T	 21.8	  0.0	0.000	0.165	0.165
1093	  T	  5.5	  0.0	0.000	0.000	0.000
1094	  S	  4.3	  0.0	0.000	0.000	0.000
1095	  W	  2.1	  0.2	0.000	0.000	0.000
1096	  P	  0.2	  0.2	0.000	0.000	0.000
1097	  T	  0.4	  0.3	0.000	0.000	0.000
1098	  T	  0.4	  0.3	0.000	0.000	0.000
1099	  D	  0.4	 11.8	0.000	0.000	0.000
1100	  A	  0.1	 12.4	0.000	0.000	0.000
1101	  N	  0.0	 12.4	0.000	0.000	0.000
1102	  G	  0.0	 12.4	0.000	0.000	0.000
1103	  N	  3.7	  0.8	0.000	0.000	0.000
1104	  V	  4.3	  0.2	0.000	0.000	0.000
1105	  E	  4.3	  0.1	0.000	0.000	0.000
1106	  T	  1.1	  0.3	0.000	0.000	0.000
1107	  D	  0.6	  0.5	0.000	0.000	0.000
1108	  S	  0.5	  0.5	0.000	1.259	1.259
1109	  G	  0.0	  0.4	0.000	10.749	10.749
1110	  V	  6.8	  0.2	0.000	82.166	82.166
1111	  V	 20.0	  0.0	0.000	84.378	84.378
1112	  I	 23.1	  0.0	0.000	84.378	84.378
1113	  V	 18.3	  0.0	0.000	84.308	84.308
1114	  T	  5.1	  0.1	0.000	76.682	76.682
1115	  T	  2.0	  0.2	0.000	30.145	30.145
1116	  D	  0.7	  9.1	0.000	0.000	0.000
1117	  S	  0.4	 11.1	0.000	0.000	0.000
1118	  N	  0.0	 11.0	0.000	0.000	0.000
1119	  G	  0.0	 11.0	0.000	0.000	0.000
1120	  Q	  0.6	  2.1	0.000	0.000	0.000
1121	  L	  0.8	  0.1	0.000	0.000	0.000
1122	  S	  1.4	  0.1	0.000	0.000	0.000
1123	  T	  2.4	  0.1	0.000	0.000	0.000
1124	  T	  4.9	  0.1	0.000	0.163	0.163
1125	  T	  5.1	  0.1	0.000	0.163	0.163
1126	  S	  4.6	  0.1	0.000	0.163	0.163
1127	  V	  6.6	  0.1	0.000	0.163	0.163
1128	  I	  7.0	  0.0	0.000	0.163	0.163
1129	  D	  6.0	  0.0	0.000	0.000	0.000
1130	  S	  1.3	  0.1	0.114	0.000	0.000
1131	  P	  0.0	  0.1	0.114	0.000	0.000
1132	  F	  1.3	  0.1	0.114	0.966	0.966
1133	  T	  4.2	  0.1	0.114	0.966	0.966
1134	  T	 22.3	  0.0	0.114	0.966	0.966
1135	  Y	 22.4	  0.0	0.114	0.966	0.966
1136	  T	 21.8	  0.0	0.000	0.966	0.966
1137	  T	  5.5	  0.0	0.000	0.363	0.363
1138	  S	  4.3	  0.0	0.000	0.000	0.000
1139	  W	  2.1	  0.2	0.000	0.000	0.000
1140	  P	  0.2	  0.2	0.000	0.000	0.000
1141	  T	  0.4	  0.5	0.000	0.000	0.000
1142	  T	  0.4	  0.6	0.000	0.000	0.000
1143	  D	  0.4	  2.5	0.000	0.000	0.000
1144	  G	  0.0	  3.0	0.000	0.000	0.000
1145	  N	  0.0	  2.7	0.000	0.000	0.000
1146	  G	  0.0	  2.6	0.000	0.000	0.000
1147	  A	  0.3	  0.5	0.000	0.000	0.000
1148	  V	  0.9	  0.1	0.000	0.000	0.000
1149	  E	  1.0	  0.1	0.000	0.000	0.000
1150	  T	  1.2	  0.3	0.000	0.000	0.000
1151	  D	  0.6	  0.5	0.000	0.000	0.000
1152	  S	  0.5	  0.5	0.000	1.259	1.259
1153	  G	  0.0	  0.5	0.000	10.749	10.749
1154	  V	  6.8	  0.2	0.000	82.166	82.166
1155	  V	 20.0	  0.0	0.000	84.378	84.378
1156	  I	 23.1	  0.0	0.000	84.378	84.378
1157	  V	 18.3	  0.0	0.000	84.308	84.308
1158	  T	  5.1	  0.1	0.000	76.682	76.682
1159	  T	  2.0	  0.2	0.000	30.145	30.145
1160	  D	  0.7	  9.0	0.000	0.000	0.000
1161	  S	  0.4	 11.0	0.000	0.000	0.000
1162	  N	  0.0	 11.0	0.000	0.000	0.000
1163	  G	  0.0	 10.9	0.000	0.000	0.000
1164	  Q	  0.8	  2.1	0.000	0.000	0.000
1165	  L	  1.0	  0.1	0.000	0.300	0.300
1166	  T	  2.6	  0.1	0.000	0.300	0.300
1167	  T	  3.5	  0.0	0.000	0.300	0.300
1168	  T	  5.8	  0.1	0.000	0.462	0.462
1169	  T	  5.0	  0.1	0.000	0.462	0.462
1170	  S	  4.5	  0.0	0.000	0.462	0.462
1171	  V	  6.6	  0.1	0.000	0.462	0.462
1172	  I	  7.0	  0.0	0.000	0.462	0.462
1173	  D	  6.0	  0.0	0.000	0.000	0.000
1174	  S	  1.3	  0.1	0.114	0.000	0.000
1175	  P	  0.0	  0.1	0.114	0.000	0.000
1176	  F	  1.3	  0.1	0.114	0.966	0.966
1177	  T	  4.2	  0.1	0.114	0.966	0.966
1178	  T	 22.3	  0.0	0.114	0.966	0.966
1179	  Y	 22.4	  0.0	0.114	0.966	0.966
1180	  T	 21.8	  0.0	0.000	0.966	0.966
1181	  T	  5.5	  0.0	0.000	0.363	0.363
1182	  S	  4.3	  0.0	0.000	0.000	0.000
1183	  W	  2.1	  0.2	0.000	0.000	0.000
1184	  P	  0.2	  0.2	0.000	0.000	0.000
1185	  T	  0.4	  0.3	0.000	0.000	0.000
1186	  T	  0.4	  0.3	0.000	0.000	0.000
1187	  D	  0.4	 11.8	0.000	0.000	0.000
1188	  A	  0.1	 12.4	0.000	0.000	0.000
1189	  N	  0.0	 12.4	0.000	0.000	0.000
1190	  G	  0.0	 12.4	0.000	0.000	0.000
1191	  N	  3.7	  0.8	0.000	0.000	0.000
1192	  V	  4.3	  0.2	0.000	0.000	0.000
1193	  E	  4.3	  0.1	0.000	0.000	0.000
1194	  T	  1.1	  0.3	0.000	0.000	0.000
1195	  D	  0.6	  0.5	0.000	0.000	0.000
1196	  S	  0.5	  0.5	0.000	1.259	1.259
1197	  G	  0.0	  0.4	0.000	10.749	10.749
1198	  V	  6.8	  0.2	0.000	82.166	82.166
1199	  V	 20.0	  0.0	0.000	84.378	84.378
1200	  I	 23.1	  0.0	0.000	84.378	84.378
1201	  V	 18.3	  0.0	0.000	84.308	84.308
1202	  T	  5.1	  0.1	0.000	76.682	76.682
1203	  T	  2.0	  0.2	0.000	30.145	30.145
1204	  D	  0.7	  9.1	0.000	0.000	0.000
1205	  S	  0.4	 11.1	0.000	0.000	0.000
1206	  N	  0.0	 11.0	0.000	0.000	0.000
1207	  G	  0.0	 11.0	0.000	0.000	0.000
1208	  Q	  0.6	  2.1	0.000	0.000	0.000
1209	  L	  0.8	  0.1	0.000	0.000	0.000
1210	  S	  1.4	  0.1	0.000	0.000	0.000
1211	  T	  2.4	  0.1	0.000	0.000	0.000
1212	  T	  4.9	  0.1	0.000	0.163	0.163
1213	  T	  5.1	  0.1	0.000	0.163	0.163
1214	  S	  4.6	  0.1	0.000	0.163	0.163
1215	  V	  6.6	  0.1	0.000	0.163	0.163
1216	  I	  7.0	  0.0	0.000	0.163	0.163
1217	  D	  6.0	  0.0	0.000	0.000	0.000
1218	  S	  1.3	  0.2	0.150	0.000	0.000
1219	  P	  0.0	  0.2	0.150	0.000	0.000
1220	  Y	  1.3	  0.2	0.150	0.165	0.165
1221	  T	  4.2	  0.2	0.150	0.165	0.165
1222	  T	 22.3	  0.0	0.150	0.165	0.165
1223	  Y	 22.3	  0.0	0.150	0.165	0.165
1224	  T	 21.8	  0.0	0.000	0.165	0.165
1225	  T	  5.5	  0.0	0.000	0.000	0.000
1226	  S	  4.3	  0.0	0.000	0.000	0.000
1227	  W	  2.1	  0.2	0.000	0.000	0.000
1228	  P	  0.2	  0.2	0.000	0.000	0.000
1229	  T	  0.4	  0.3	0.000	0.000	0.000
1230	  T	  0.4	  0.3	0.000	0.000	0.000
1231	  D	  0.4	 11.8	0.000	0.000	0.000
1232	  A	  0.1	 12.4	0.000	0.000	0.000
1233	  N	  0.0	 12.4	0.000	0.000	0.000
1234	  G	  0.0	 12.4	0.000	0.000	0.000
1235	  N	  3.7	  0.8	0.000	0.000	0.000
1236	  V	  4.3	  0.2	0.000	0.000	0.000
1237	  E	  4.3	  0.1	0.000	0.000	0.000
1238	  T	  1.1	  0.3	0.000	0.000	0.000
1239	  D	  0.6	  0.5	0.000	0.000	0.000
1240	  S	  0.5	  0.5	0.000	1.259	1.259
1241	  G	  0.0	  0.4	0.000	10.749	10.749
1242	  V	  6.8	  0.2	0.000	82.166	82.166
1243	  V	 20.0	  0.0	0.000	84.378	84.378
1244	  I	 23.1	  0.0	0.000	84.378	84.378
1245	  V	 18.3	  0.0	0.000	84.308	84.308
1246	  T	  5.1	  0.1	0.000	76.682	76.682
1247	  T	  2.0	  0.2	0.000	30.145	30.145
1248	  D	  0.7	  9.1	0.000	0.000	0.000
1249	  S	  0.4	 11.1	0.000	0.000	0.000
1250	  N	  0.0	 11.0	0.000	0.000	0.000
1251	  G	  0.0	 11.0	0.000	0.000	0.000
1252	  Q	  0.6	  2.1	0.000	0.000	0.000
1253	  L	  0.8	  0.1	0.000	0.000	0.000
1254	  S	  1.4	  0.1	0.000	0.000	0.000
1255	  T	  2.5	  0.1	0.000	0.000	0.000
1256	  T	  5.1	  0.1	0.000	0.000	0.000
1257	  T	  5.0	  0.1	0.000	0.000	0.000
1258	  S	  3.6	  0.1	0.000	0.000	0.000
1259	  L	  1.2	  0.1	0.000	0.000	0.000
1260	  I	  2.1	  0.1	0.000	0.000	0.000
1261	  D	  1.8	  0.0	0.000	0.000	0.000
1262	  S	  1.4	  0.2	0.156	0.000	0.000
1263	  P	  0.0	  0.2	0.156	0.000	0.000
1264	  Y	  1.3	  0.2	0.156	0.165	0.165
1265	  T	  4.2	  0.2	0.156	0.165	0.165
1266	  T	 22.3	  0.0	0.156	0.165	0.165
1267	  Y	 22.3	  0.0	0.156	0.165	0.165
1268	  T	 21.8	  0.0	0.000	0.165	0.165
1269	  T	  5.5	  0.0	0.000	0.000	0.000
1270	  S	  4.3	  0.0	0.000	0.000	0.000
1271	  W	  2.1	  0.2	0.000	0.000	0.000
1272	  P	  0.2	  0.2	0.000	0.000	0.000
1273	  T	  0.4	  0.3	0.000	0.000	0.000
1274	  T	  0.4	  0.3	0.000	0.000	0.000
1275	  D	  0.4	 11.8	0.000	0.000	0.000
1276	  A	  0.1	 12.4	0.000	0.000	0.000
1277	  N	  0.0	 12.4	0.000	0.000	0.000
1278	  G	  0.0	 12.4	0.000	0.000	0.000
1279	  N	  3.7	  0.8	0.000	0.000	0.000
1280	  V	  4.3	  0.2	0.000	0.000	0.000
1281	  E	  4.3	  0.1	0.000	0.000	0.000
1282	  T	  1.1	  0.3	0.000	0.000	0.000
1283	  D	  0.6	  0.5	0.000	0.000	0.000
1284	  S	  0.5	  0.5	0.000	1.259	1.259
1285	  G	  0.0	  0.4	0.000	10.749	10.749
1286	  V	  6.8	  0.2	0.000	82.166	82.166
1287	  V	 20.0	  0.0	0.000	84.378	84.378
1288	  I	 23.1	  0.0	0.000	84.378	84.378
1289	  V	 18.3	  0.0	0.000	84.308	84.308
1290	  T	  5.1	  0.1	0.000	76.682	76.682
1291	  T	  2.0	  0.2	0.000	30.145	30.145
1292	  D	  0.7	  9.0	0.000	0.000	0.000
1293	  S	  0.4	 11.0	0.000	0.000	0.000
1294	  N	  0.0	 11.0	0.000	0.000	0.000
1295	  G	  0.0	 10.9	0.000	0.000	0.000
1296	  Q	  0.8	  2.0	0.000	0.000	0.000
1297	  L	  1.0	  0.1	0.000	0.000	0.000
1298	  T	  3.8	  0.1	0.000	0.000	0.000
1299	  T	  3.8	  0.1	0.000	0.000	0.000
1300	  S	  5.5	  0.4	0.000	0.000	0.000
1301	  T	  3.3	  0.4	0.000	0.000	0.000
1302	  S	  2.7	  0.4	0.000	0.000	0.000
1303	  L	  0.7	  0.3	0.000	0.000	0.000
1304	  L	  0.4	  0.0	0.000	0.000	0.000
1305	  E	  0.2	  0.0	0.000	0.000	0.000
1306	  D	  0.1	  0.3	0.778	0.000	0.000
1307	  P	  0.0	  0.3	0.778	0.000	0.000
1308	  Y	  2.7	  0.4	0.778	0.000	0.000
1309	  T	  4.1	  0.4	0.778	0.000	0.000
1310	  S	 11.1	  0.0	1.125	0.000	0.000
1311	  Y	  9.9	  0.0	1.125	0.000	0.000
1312	  T	 11.1	  0.0	0.512	0.000	0.000
1313	  T	  6.1	  0.0	0.512	0.000	0.000
1314	  S	  4.9	  0.0	0.512	0.000	0.000
1315	  W	  2.4	  0.2	0.512	0.000	0.000
1316	  P	  0.2	  0.2	0.000	0.000	0.000
1317	  T	  0.4	  0.3	0.000	0.000	0.000
1318	  T	  0.5	  0.3	0.000	0.000	0.000
1319	  D	  0.6	  0.7	0.000	0.000	0.000
1320	  A	  0.3	  0.7	0.000	0.000	0.000
1321	  Y	  0.2	  2.5	0.000	0.000	0.000
1322	  G	  0.2	  2.5	0.000	0.000	0.000
1323	  N	  1.2	  2.3	0.000	0.000	0.000
1324	  V	  2.0	  2.3	0.000	0.000	0.000
1325	  D	  2.1	  1.3	0.000	0.000	0.000
1326	  T	  1.4	  1.5	0.000	0.000	0.000
1327	  D	  0.6	  1.4	0.000	0.000	0.000
1328	  S	  0.5	  1.3	0.000	1.256	1.256
1329	  G	  0.0	  0.4	0.000	10.734	10.734
1330	  V	  6.7	  0.2	0.000	82.052	82.052
1331	  V	 19.9	  0.0	0.000	84.264	84.264
1332	  I	 23.1	  0.0	0.000	84.264	84.264
1333	  V	 18.3	  0.0	0.000	84.194	84.194
1334	  T	  5.1	  0.1	0.000	76.579	76.579
1335	  T	  2.0	  0.2	0.000	30.106	30.106
1336	  D	  0.7	  9.0	0.000	0.000	0.000
1337	  S	  0.4	 11.0	0.000	0.000	0.000
1338	  N	  0.0	 10.9	0.000	0.000	0.000
1339	  G	  0.0	 10.9	0.135	0.000	0.000
1340	  Q	  0.6	  2.0	0.135	0.000	0.000
1341	  L	  0.8	  0.1	0.135	0.981	0.981
1342	  T	  3.8	  0.1	0.135	0.981	0.981
1343	  T	 21.8	  0.0	0.135	0.981	0.981
1344	  F	 24.0	  0.1	0.135	0.981	0.981
1345	  T	 22.1	  0.1	0.000	0.981	0.981
1346	  S	  3.9	  0.1	0.000	0.109	0.109
1347	  Q	  1.3	  0.1	0.000	0.000	0.000
1348	  L	  0.4	  0.2	0.000	0.000	0.000
1349	  P	  0.1	  0.1	0.000	0.000	0.000
1350	  E	  0.0	  0.1	0.000	0.000	0.000
1351	  T	  0.0	  0.9	0.104	0.000	0.000
1352	  P	  0.0	  0.8	0.104	0.000	0.000
1353	  G	  0.1	  0.8	0.104	0.000	0.000
1354	  L	  0.5	  0.9	0.104	0.000	0.000
1355	  T	  2.0	  0.1	0.104	0.000	0.000
1356	  S	  9.0	  0.1	0.104	0.000	0.000
1357	  Y	 11.2	  0.1	0.104	0.000	0.000
1358	  T	 10.9	  0.1	0.000	0.000	0.000
1359	  S	  4.1	  0.1	0.000	0.000	0.000
1360	  S	  6.2	  0.1	0.000	0.000	0.000
1361	  W	  5.8	  0.1	0.000	0.000	0.000
1362	  T	  7.0	  0.0	0.000	0.000	0.000
1363	  T	  2.6	  0.1	0.000	0.000	0.000
1364	  T	  1.8	  0.1	0.000	0.000	0.000
1365	  D	  0.4	 11.5	0.000	0.000	0.000
1366	  A	  0.1	 12.1	0.000	0.000	0.000
1367	  N	  0.0	 12.2	0.000	0.000	0.000
1368	  G	  0.0	 12.2	0.000	0.000	0.000
1369	  N	  3.7	  0.8	0.000	0.000	0.000
1370	  V	  4.3	  0.2	0.000	0.000	0.000
1371	  E	  4.3	  0.1	0.000	0.000	0.000
1372	  T	  1.1	  0.3	0.000	0.000	0.000
1373	  D	  0.6	  0.6	0.000	0.000	0.000
1374	  S	  0.5	  0.5	0.000	1.249	1.249
1375	  G	  0.1	  0.5	0.000	10.666	10.666
1376	  V	  6.7	  0.2	0.000	81.491	81.491
1377	  I	 13.7	  0.0	0.000	83.684	83.684
1378	  I	 17.1	  0.0	0.000	83.684	83.684
1379	  V	 12.1	  0.0	0.000	83.615	83.615
1380	  T	  5.2	  0.1	0.000	76.047	76.047
1381	  T	  2.1	  0.2	0.000	29.892	29.892
1382	  D	  0.8	  9.1	0.000	0.000	0.000
1383	  S	  0.4	 11.1	0.000	0.000	0.000
1384	  N	  0.0	 11.0	0.000	0.000	0.000
1385	  G	  0.0	 11.0	0.000	0.000	0.000
1386	  Q	  0.8	  2.1	0.000	0.000	0.000
1387	  L	  1.0	  0.1	0.000	0.000	0.000
1388	  T	  2.6	  0.1	0.000	0.000	0.000
1389	  T	  3.5	  0.0	0.000	0.000	0.000
1390	  T	  6.0	  0.1	0.000	0.000	0.000
1391	  T	  5.5	  0.1	0.000	0.000	0.000
1392	  S	  4.3	  0.1	0.000	0.000	0.000
1393	  Q	  1.7	  0.2	0.000	0.000	0.000
1394	  F	  0.7	  2.3	0.000	0.000	0.000
1395	  G	  0.2	  2.2	0.000	0.000	0.000
1396	  D	  0.1	  2.2	0.000	0.000	0.000
1397	  K	  0.0	  3.3	0.000	0.000	0.000
1398	  P	  0.0	  1.3	0.000	0.000	0.000
1399	  S	  0.0	  1.5	0.000	0.000	0.000
1400	  G	  0.1	  1.5	0.000	0.000	0.000
1401	  L	  0.3	  0.5	0.000	0.000	0.000
1402	  T	  0.7	  0.3	0.000	0.000	0.000
1403	  D	  1.3	  0.2	0.000	0.000	0.000
1404	  F	  2.4	  0.2	0.000	0.497	0.497
1405	  T	  3.4	  0.0	0.000	0.497	0.497
1406	  T	  5.4	  0.0	0.000	0.497	0.497
1407	  T	 17.5	  0.0	0.000	0.497	0.497
1408	  W	 17.4	  0.0	0.000	0.497	0.497
1409	  T	 15.6	  0.1	0.000	0.186	0.186
1410	  S	  2.6	  0.7	0.000	0.000	0.000
1411	  T	  1.1	  0.9	0.000	0.000	0.000
1412	  D	  0.4	  7.1	0.000	0.000	0.000
1413	  D	  0.0	  8.4	0.000	0.000	0.000
1414	  N	  0.0	  8.0	0.000	0.000	0.000
1415	  G	  0.0	  7.8	0.000	0.000	0.000
1416	  S	  1.5	  1.6	0.000	0.000	0.000
1417	  L	  1.8	  0.3	0.000	0.000	0.000
1418	  T	  2.2	  0.1	0.000	0.000	0.000
1419	  T	  1.2	  0.3	0.000	0.000	0.000
1420	  D	  0.9	  0.5	0.000	0.000	0.000
1421	  S	  0.5	  0.5	0.000	1.264	1.264
1422	  G	  0.0	  0.5	0.000	10.796	10.796
1423	  V	  6.8	  0.2	0.000	83.306	83.306
1424	  V	 20.0	  0.0	0.000	85.555	85.555
1425	  I	 23.4	  0.0	0.000	85.555	85.555
1426	  V	 18.7	  0.0	0.000	85.485	85.485
1427	  T	  5.5	  0.1	0.000	77.859	77.859
1428	  T	  2.2	  0.1	0.000	30.642	30.642
1429	  D	  0.8	  0.7	0.000	0.000	0.000
1430	  S	  0.5	  1.6	0.000	0.000	0.000
1431	  E	  0.0	  2.2	0.000	0.000	0.000
1432	  G	  0.0	  2.2	0.000	0.000	0.000
1433	  S	  5.2	  1.9	0.000	0.000	0.000
1434	  L	  5.3	  1.0	0.000	0.000	0.000
1435	  S	  6.0	  0.4	0.099	0.000	0.000
1436	  T	  2.4	  0.3	0.099	0.000	0.000
1437	  T	  4.9	  0.1	0.099	0.000	0.000
1438	  T	  5.5	  0.1	0.099	0.000	0.000
1439	  S	  4.2	  0.3	0.099	0.000	0.000
1440	  K	  1.7	  0.2	0.099	0.000	0.000
1441	  F	  0.4	  0.6	0.000	0.000	0.000
1442	  G	  0.2	  3.3	0.000	0.000	0.000
1443	  P	  0.0	  3.2	0.000	0.000	0.000
1444	  G	  0.0	  3.2	0.000	0.000	0.000
1445	  S	  0.0	  2.8	0.319	0.000	0.000
1446	  P	  0.0	  0.0	0.319	0.000	0.000
1447	  V	  2.4	  0.0	0.319	0.556	0.556
1448	  T	  3.9	  0.0	0.319	0.556	0.556
1449	  S	 10.3	  0.0	0.319	0.556	0.556
1450	  F	 10.3	  0.1	0.319	0.709	0.709
1451	  T	  9.4	  0.0	0.000	0.709	0.709
1452	  S	  3.5	  0.0	0.000	0.289	0.289
1453	  T	 14.0	  0.0	0.000	0.289	0.289
1454	  W	 14.1	  0.0	0.000	0.289	0.289
1455	  T	 15.1	  0.0	0.000	0.000	0.000
1456	  T	  2.7	  0.3	0.000	0.000	0.000
1457	  T	  1.8	  0.5	0.000	0.000	0.000
1458	  D	  0.4	  0.7	0.000	0.000	0.000
1459	  G	  0.0	  1.5	0.000	0.000	0.000
1460	  E	  0.0	  1.3	0.000	0.000	0.000
1461	  G	  0.0	  1.1	0.000	0.000	0.000
1462	  H	  2.1	  0.9	0.000	0.000	0.000
1463	  V	  3.5	  0.1	0.000	0.000	0.000
1464	  K	  3.7	  0.2	0.000	0.000	0.000
1465	  T	  2.1	  0.4	0.000	0.000	0.000
1466	  D	  0.6	  0.6	0.000	0.000	0.000
1467	  S	  0.5	  0.6	0.000	1.264	1.264
1468	  G	  0.0	  0.4	0.000	10.795	10.795
1469	  V	  6.8	  0.2	0.000	83.301	83.301
1470	  V	 20.0	  0.0	0.000	85.550	85.550
1471	  I	 23.4	  0.0	0.000	85.550	85.550
1472	  V	 18.7	  0.0	0.000	85.480	85.480
1473	  T	  5.5	  0.1	0.000	77.855	77.855
1474	  T	  2.2	  0.1	0.000	30.640	30.640
1475	  D	  0.8	  0.7	0.000	0.000	0.000
1476	  S	  0.5	  1.6	0.000	0.000	0.000
1477	  E	  0.0	  2.3	0.000	0.000	0.000
1478	  G	  0.0	  2.3	0.000	0.000	0.000
1479	  S	  1.5	  1.7	0.000	0.000	0.000
1480	  L	  1.8	  0.8	0.000	0.000	0.000
1481	  T	  3.4	  0.1	0.000	0.000	0.000
1482	  T	  3.6	  0.0	0.000	0.000	0.000
1483	  T	  6.0	  0.1	0.000	0.000	0.000
1484	  T	  4.8	  0.1	0.000	0.000	0.000
1485	  S	  3.4	  0.3	0.000	0.000	0.000
1486	  A	  0.7	  0.4	0.000	0.000	0.000
1487	  F	  0.5	  1.3	0.000	0.000	0.000
1488	  G	  0.3	  1.5	0.000	0.000	0.000
1489	  A	  0.2	  1.4	0.000	0.000	0.000
1490	  T	  0.4	  1.2	0.000	0.000	0.000
1491	  D	  1.2	  0.3	0.000	0.000	0.000
1492	  Y	  2.6	  0.1	0.000	0.218	0.218
1493	  T	  3.9	  0.0	0.000	0.218	0.218
1494	  T	  5.2	  0.0	0.000	0.218	0.218
1495	  T	  6.6	  0.0	0.000	0.218	0.218
1496	  V	  5.8	  0.0	0.000	0.218	0.218
1497	  C	  3.9	  0.2	0.000	0.000	0.000
1498	  S	  1.4	  0.7	0.000	0.000	0.000
1499	  T	  0.6	  0.7	0.000	0.000	0.000
1500	  D	  0.5	 11.9	0.000	0.000	0.000
1501	  A	  0.1	 14.3	0.000	0.000	0.000
1502	  N	  0.0	 13.9	0.000	0.000	0.000
1503	  G	  0.0	 13.9	0.000	0.000	0.000
1504	  Q	  0.3	  2.7	0.000	0.000	0.000
1505	  E	  4.5	  0.1	0.000	0.205	0.205
1506	  V	  5.9	  0.0	0.000	0.205	0.205
1507	  T	  6.8	  0.1	0.000	0.205	0.205
1508	  K	  3.3	  0.1	0.000	0.205	0.205
1509	  T	  6.7	  0.1	0.000	23.515	23.515
1510	  V	 16.8	  0.1	0.000	23.515	23.515
1511	  V	 18.2	  0.0	0.000	23.515	23.515
1512	  V	 14.5	  0.0	0.000	23.515	23.515
1513	  C	  3.2	  0.1	0.000	23.310	23.310
1514	  E	  1.1	  0.1	0.000	0.000	0.000
1515	  T	  1.7	  0.1	0.000	0.000	0.000
1516	  T	  1.7	  0.1	0.000	0.000	0.000
1517	  A	  1.6	  3.0	0.000	0.000	0.000
1518	  P	  0.1	  3.5	0.000	0.000	0.000
1519	  D	  0.0	  3.5	0.000	0.000	0.000
1520	  G	  0.0	  3.6	0.000	0.000	0.000
1521	  K	  1.6	  0.5	0.000	0.000	0.000
1522	  L	  1.8	  0.1	0.000	1.036	1.036
1523	  T	  3.8	  0.0	0.000	1.155	1.155
1524	  T	 12.7	  0.0	0.000	1.526	1.526
1525	  V	 14.8	  0.0	0.000	1.526	1.526
1526	  T	 13.7	  0.0	0.000	1.526	1.526
1527	  S	  4.4	  0.0	0.000	1.151	1.151
1528	  V	  2.0	  0.0	0.000	1.151	1.151
1529	  C	  1.2	  0.3	0.000	0.000	0.000
1530	  P	  0.1	  0.4	0.000	0.000	0.000
1531	  E	  0.2	  0.4	0.000	0.000	0.000
1532	  T	  1.8	  0.4	0.000	0.653	0.653
1533	  T	  2.6	  0.1	0.000	1.209	1.209
1534	  T	  3.7	  0.0	0.000	1.651	1.651
1535	  L	  2.7	  0.0	0.000	1.651	1.651
1536	  V	  2.7	  0.0	0.000	1.651	1.651
1537	  S	  1.8	  0.1	0.000	1.264	1.264
1538	  T	  1.8	  0.1	0.000	0.555	0.555
1539	  K	  1.0	  1.8	0.000	0.000	0.000
1540	  E	  0.7	  1.9	0.000	0.000	0.000
1541	  D	  0.1	  2.1	0.000	0.000	0.000
1542	  G	  0.0	  2.0	0.000	0.000	0.000
1543	  S	  1.4	  0.4	0.000	0.000	0.000
1544	  L	  1.6	  0.2	0.000	0.709	0.709
1545	  T	  3.6	  0.0	0.000	0.709	0.709
1546	  T	 11.8	  0.0	0.000	0.709	0.709
1547	  V	 13.9	  0.0	0.000	0.709	0.709
1548	  T	 12.2	  0.0	0.000	0.709	0.709
1549	  A	  3.0	  0.0	0.000	0.325	0.325
1550	  E	 10.5	  0.0	0.000	0.000	0.000
1551	  V	 11.3	  0.0	0.000	0.000	0.000
1552	  H	 11.2	  0.1	0.000	0.000	0.000
1553	  E	  1.4	  0.1	0.000	0.000	0.000
1554	  T	  2.0	  0.1	0.000	0.000	0.000
1555	  T	  7.0	  0.3	0.000	0.000	0.000
1556	  V	  7.1	  5.5	0.000	0.844	0.844
1557	  N	  5.4	  5.5	0.000	0.844	0.844
1558	  G	  0.3	  5.5	0.125	1.815	1.815
1559	  V	  2.4	  5.3	0.125	13.225	13.225
1560	  V	  4.6	  0.0	0.125	13.957	13.957
1561	  T	  5.9	  0.0	0.125	13.640	13.640
1562	  S	 10.4	  0.0	0.747	13.452	13.452
1563	  Y	  9.6	  0.1	0.747	13.452	13.452
1564	  T	 10.2	  0.0	0.623	11.372	11.372
1565	  T	  7.4	  0.0	0.623	10.024	10.024
1566	  V	  6.1	  0.0	0.623	9.386	9.386
1567	  C	  4.2	  0.4	0.623	0.000	0.000
1568	  P	  0.1	  0.5	0.000	0.000	0.000
1569	  E	  0.1	  0.5	0.000	0.000	0.000
1570	  S	  0.8	  0.5	0.000	0.181	0.181
1571	  T	  4.1	  0.2	0.000	0.362	0.362
1572	  T	  8.9	  0.1	0.000	0.542	0.542
1573	  F	  9.8	  0.1	0.000	0.542	0.542
1574	  V	  7.2	  0.1	0.000	0.542	0.542
1575	  S	  2.9	  0.4	0.000	0.360	0.360
1576	  T	  1.4	  0.4	0.108	0.180	0.180
1577	  N	  0.6	  0.9	0.108	0.000	0.000
1578	  E	  0.1	  1.3	0.108	0.000	0.000
1579	  E	  0.0	  1.0	0.108	0.000	0.000
1580	  G	  0.0	  1.1	0.108	0.000	0.000
1581	  K	  0.2	  0.6	0.108	0.000	0.000
1582	  E	  0.3	  0.2	0.000	0.000	0.000
1583	  T	  2.3	  0.1	0.000	0.792	0.792
1584	  T	 13.0	  0.1	0.000	1.028	1.028
1585	  V	 13.5	  0.1	0.000	1.957	1.957
1586	  T	 11.5	  0.2	0.000	1.957	1.957
1587	  G	  0.7	  0.2	0.000	1.957	1.957
1588	  A	  0.3	  0.2	0.000	1.957	1.957
1589	  L	  0.3	  0.2	0.000	1.957	1.957
1590	  I	  0.8	  0.0	0.000	1.957	1.957
1591	  E	  0.7	  0.0	0.000	0.000	0.000
1592	  T	  2.7	  0.0	0.000	0.239	0.239
1593	  T	 11.9	  0.0	0.000	0.639	0.639
1594	  V	 11.9	  0.1	0.000	2.677	2.677
1595	  Q	  9.9	  0.1	0.000	2.757	2.757
1596	  G	  0.2	  0.1	0.153	6.375	6.375
1597	  I	  3.8	  0.1	0.153	47.026	47.026
1598	  V	  6.3	  0.0	0.153	50.423	50.423
1599	  T	  7.6	  0.0	0.153	50.389	50.389
1600	  S	  4.8	  0.0	0.153	50.533	50.533
1601	  Y	  3.7	  0.1	0.153	50.784	50.784
1602	  V	  6.2	  0.0	0.000	49.585	49.585
1603	  S	  6.0	  0.3	0.000	33.110	33.110
1604	  F	  4.8	  0.8	0.000	31.079	31.079
1605	  G	  0.9	  1.0	0.000	3.914	3.914
1606	  A	  0.2	  1.1	0.000	1.366	1.366
1607	  S	  0.1	  0.9	0.152	0.486	0.486
1608	  E	  0.1	  0.3	0.152	0.000	0.000
1609	  K	  0.5	  0.1	0.152	0.000	0.000
1610	  A	  1.2	  0.1	0.152	0.401	0.401
1611	  T	 20.3	  0.0	0.152	1.523	1.523
1612	  Y	 21.0	  0.0	0.152	1.855	1.855
1613	  T	 20.7	  0.0	0.000	1.855	1.855
1614	  T	  2.2	  0.0	0.000	1.855	1.855
1615	  A	  1.1	  0.0	0.000	1.855	1.855
1616	  V	 19.5	  0.0	0.000	1.855	1.855
1617	  E	 23.1	  0.0	0.000	0.000	0.000
1618	  V	 24.2	  0.0	0.000	0.000	0.000
1619	  T	  7.8	  0.1	0.000	0.000	0.000
1620	  K	  1.9	  0.6	0.000	0.000	0.000
1621	  E	  0.6	  2.8	0.000	0.000	0.000
1622	  N	  0.1	  2.8	0.000	0.000	0.000
1623	  G	  0.0	  2.7	0.000	0.000	0.000
1624	  E	  2.1	  2.2	0.000	0.000	0.000
1625	  V	  2.7	  0.1	0.000	0.000	0.000
1626	  E	  2.7	  0.1	0.000	0.000	0.000
1627	  T	  1.8	  0.2	0.000	0.000	0.000
1628	  S	  1.3	  0.2	0.000	0.111	0.111
1629	  S	  1.4	  0.2	0.000	2.399	2.399
1630	  Q	  0.5	  0.2	0.000	19.202	19.202
1631	  V	 14.2	  0.1	0.000	19.202	19.202
1632	  I	 20.7	  0.0	0.000	19.202	19.202
1633	  V	 23.1	  0.0	0.000	19.202	19.202
1634	  I	 10.5	  0.0	0.000	19.019	19.019
1635	  E	  3.2	  0.1	0.000	0.000	0.000
1636	  T	  1.0	  0.2	0.000	0.000	0.000
1637	  D	  0.6	  0.8	0.000	0.000	0.000
1638	  S	  0.7	  1.2	0.000	0.000	0.000
1639	  H	  0.3	  1.2	0.000	0.000	0.000
1640	  G	  0.3	  1.1	0.000	0.000	0.000
1641	  V	  0.2	  0.4	0.000	0.000	0.000
1642	  P	  0.0	  0.0	0.000	0.000	0.000
1643	  H	  0.7	  0.1	0.000	0.000	0.000
1644	  T	  1.5	  0.2	0.000	0.000	0.000
1645	  S	  1.6	  0.2	0.000	0.000	0.000
1646	  T	  1.4	  0.2	0.000	0.000	0.000
1647	  L	  0.6	  0.4	0.000	0.000	0.000
1648	  A	  0.5	  0.4	0.000	0.000	0.000
1649	  G	  0.1	  0.4	0.000	0.000	0.000
1650	  E	  0.1	  0.4	0.000	0.000	0.000
1651	  A	  0.6	  0.1	0.000	0.000	0.000
1652	  V	  2.6	  0.0	0.000	0.000	0.000
1653	  S	  3.3	  0.2	0.277	0.000	0.000
1654	  A	  3.0	  0.2	0.277	0.000	0.000
1655	  T	  1.5	  0.3	0.277	0.000	0.000
1656	  K	  0.8	  0.6	0.277	0.000	0.000
1657	  A	  0.5	  0.6	0.277	0.000	0.000
1658	  G	  0.1	  0.6	0.277	0.000	0.000
1659	  E	  0.0	  0.5	0.160	0.000	0.000
1660	  S	  0.0	  0.3	0.000	0.000	0.000
1661	  P	  0.0	  0.1	0.000	0.000	0.000
1662	  A	  0.2	  0.2	0.000	0.000	0.000
1663	  Q	  0.6	  0.2	0.000	0.000	0.000
1664	  H	  1.7	  0.0	0.000	0.000	0.000
1665	  T	  1.7	  0.0	0.000	0.000	0.000
1666	  T	  1.3	  0.4	0.125	0.000	0.000
1667	  P	  0.2	  0.7	0.125	0.000	0.000
1668	  S	  0.0	  1.8	0.125	0.000	0.000
1669	  E	  0.0	  1.8	0.125	0.000	0.000
1670	  G	  0.0	  1.4	0.125	0.000	0.000
1671	  Q	  0.0	  2.3	0.125	0.000	0.000
1672	  P	  0.0	  1.2	0.000	0.000	0.000
1673	  G	  0.0	  1.2	0.000	0.000	0.000
1674	  E	  0.0	  1.3	0.000	0.000	0.000
1675	  P	  0.0	  0.1	0.000	0.000	0.000
1676	  T	  0.8	  0.2	0.000	0.000	0.000
1677	  T	  1.8	  0.2	0.000	0.000	0.000
1678	  L	  1.9	  0.1	0.000	0.000	0.000
1679	  E	  1.1	  0.2	0.000	0.000	0.000
1680	  S	  0.4	  0.2	0.000	0.000	0.000
1681	  S	  7.6	  0.2	0.000	0.000	0.000
1682	  F	 10.4	  0.1	0.000	0.000	0.000
1683	  T	 11.3	  0.2	0.000	0.000	0.000
1684	  S	  4.9	  0.9	0.000	0.000	0.000
1685	  S	  2.8	  1.5	0.000	0.000	0.000
1686	  S	  1.7	  1.5	0.000	0.000	0.000
1687	  S	  1.6	  1.4	0.000	0.000	0.000
1688	  I	  1.1	  0.6	0.000	0.000	0.000
1689	  A	  1.0	  0.0	0.000	0.000	0.000
1690	  P	  0.3	  0.1	0.000	0.000	0.000
1691	  A	  0.4	  0.1	0.000	0.000	0.000
1692	  S	 10.1	  0.3	0.000	0.000	0.000
1693	  V	 11.2	  0.4	0.000	0.000	0.000
1694	  S	 11.0	  0.3	0.491	0.000	0.000
1695	  S	  7.4	  0.3	0.680	0.000	0.000
1696	  F	  8.1	  0.2	0.680	0.000	0.000
1697	  E	  7.9	  0.0	0.680	0.000	0.000
1698	  A	  2.0	  0.5	0.680	0.000	0.000
1699	  A	  0.1	  1.4	0.680	0.000	0.000
1700	  G	  0.1	  1.4	0.540	0.000	0.000
1701	  S	  0.1	  1.4	0.243	0.000	0.000
1702	  T	  0.1	  1.4	0.000	0.000	0.000
1703	  P	  0.1	  0.5	0.000	0.000	0.000
1704	  S	  0.8	  0.8	0.977	0.000	0.000
1705	  F	  0.9	  1.1	0.977	0.000	0.000
1706	  G	  0.9	  0.6	1.136	0.000	0.000
1707	  A	  0.3	  0.6	1.136	0.000	0.000
1708	  K	  0.3	  0.3	1.136	0.000	0.000
1709	  W	  1.2	  0.0	1.136	0.000	0.000
1710	  L	  1.1	  0.0	1.136	0.000	0.000
1711	  L	  1.0	  0.1	0.894	0.000	0.000
1712	  P	  0.1	  0.1	0.789	0.312	0.312
1713	  L	  0.1	  0.1	0.789	28.754	28.754
1714	  A	  0.2	  0.1	0.789	33.284	33.284
1715	  A	  0.4	  0.0	0.789	38.447	38.447
1716	  M	  0.7	  0.0	0.789	38.447	38.447
1717	  F	  1.6	  0.0	0.534	38.447	38.447
1718	  A	  1.9	  0.0	0.000	35.997	35.997
1719	  I	  1.5	  0.0	0.000	34.968	34.968
1720	  F	  0.5	  0.0	0.000	0.000	0.000
