res	aa	Beta	Turn	Helix	Aggregation	Conc-Stab_Aggregation
01	  M	  0.6	  0.0	0.000	0.000	0.000
02	  I	  1.6	  0.0	0.000	0.000	0.000
03	  F	  9.4	  0.0	0.000	0.000	0.000
04	  S	  9.0	  0.0	0.000	0.000	0.000
05	  V	  8.0	  0.0	0.000	0.000	0.000
06	  P	  0.2	  0.0	0.000	0.000	0.000
07	  A	  0.0	  0.0	0.000	0.000	0.000
08	  V	  0.0	  0.0	0.000	0.000	0.000
09	  A	  0.0	  0.0	0.000	0.000	0.000
10	  C	  0.0	  0.0	0.000	0.000	0.000
11	  C	  0.0	  0.0	-1.#IO	0.000	0.000
12	  L	  0.0	  0.0	-1.#IO	0.000	0.000
13	  A	  0.0	  0.0	-1.#IO	0.000	0.000
14	  T	  0.0	  0.0	-1.#IO	0.000	0.000
15	  A	  0.0	  0.0	-1.#IO	0.000	0.000
16	  L	  0.0	  0.0	-1.#IO	0.000	0.000
17	  G	  0.0	  0.0	-1.#IO	0.000	0.000
18	  L	  0.0	  0.0	-1.#IO	0.000	0.000
19	  V	  0.0	  0.0	-1.#IO	0.000	0.000
20	  I	  0.0	  0.0	-1.#IO	0.000	0.000
21	  T	  0.0	  0.0	-1.#IO	0.000	0.000
22	  E	  0.0	  0.0	-1.#IO	0.000	0.000
23	  N	  0.0	  0.0	-1.#IO	0.000	0.000
24	  T	  0.0	  0.0	0.000	0.000	0.000
25	  I	  0.0	  0.0	0.000	0.000	0.000
26	  T	  6.4	  0.0	0.000	0.000	0.000
27	  I	  6.6	  0.0	0.000	0.000	0.000
28	  N	  6.6	  0.0	0.000	0.000	0.000
29	  P	  0.2	  0.0	0.000	0.000	0.000
30	  V	  0.0	  0.0	0.000	0.000	0.000
31	  N	  0.0	  0.0	0.000	0.000	0.000
32	  L	  0.0	  0.0	0.000	0.000	0.000
33	  E	  0.0	  0.0	0.000	0.000	0.000
34	  I	  0.0	  0.0	-1.#IO	0.000	0.000
35	  G	  0.0	  0.0	-1.#IO	0.000	0.000
36	  D	  0.0	  0.0	-1.#IO	0.000	0.000
37	  L	  0.0	  0.0	-1.#IO	0.000	0.000
38	  T	  0.0	  0.0	-1.#IO	0.000	0.000
39	  I	  0.0	  0.0	-1.#IO	0.000	0.000
40	  M	  0.0	  0.0	-1.#IO	0.000	0.000
41	  P	  0.0	  0.0	-1.#IO	0.000	0.000
42	  D	  0.0	  0.0	-1.#IO	0.000	0.000
43	  V	  0.0	  0.0	-1.#IO	0.000	0.000
44	  Y	  0.0	  0.0	-1.#IO	0.000	0.000
45	  Y	  0.0	  0.0	-1.#IO	0.000	0.000
46	  S	  0.0	  0.0	-1.#IO	0.000	0.000
47	  I	  0.0	  0.0	0.000	0.000	0.000
48	  V	  0.0	  0.0	0.000	0.000	0.000
49	  N	  0.0	  0.0	0.000	0.000	0.000
50	  N	  0.0	  0.1	0.482	0.000	0.000
51	  R	  0.7	  0.1	0.482	0.000	0.000
52	  L	  0.9	  0.1	0.482	0.000	0.000
53	  T	  1.8	  0.1	0.482	0.000	0.000
54	  T	  1.2	  0.1	0.482	0.000	0.000
55	  L	  0.9	  0.4	0.482	0.000	0.000
56	  G	  0.1	  0.8	0.274	0.000	0.000
57	  G	  0.0	  0.8	0.109	0.000	0.000
58	  S	  2.3	  1.8	0.000	0.000	0.000
59	  L	  2.4	  1.6	0.000	0.000	0.000
60	  D	  2.4	  1.4	0.000	0.000	0.000
61	  N	  0.1	  2.1	0.000	0.000	0.000
62	  Q	  0.0	  1.4	0.000	0.000	0.000
63	  G	  0.0	  1.3	0.000	0.615	0.615
64	  S	  1.1	  1.2	0.000	4.126	4.126
65	  F	  2.4	  0.4	0.000	15.430	15.430
66	  Y	  3.1	  0.0	0.000	16.236	16.236
67	  V	  4.6	  0.0	0.000	16.236	16.236
68	  T	  4.1	  0.0	0.000	15.925	15.925
69	  S	  7.4	  1.1	0.000	13.642	13.642
70	  V	  5.1	  1.4	0.000	12.646	12.646
71	  D	  4.2	  1.4	0.000	0.000	0.000
72	  G	  0.2	  1.4	0.000	1.922	1.922
73	  L	  0.3	  0.3	0.000	25.747	25.747
74	  V	  2.7	  0.0	0.000	35.044	35.044
75	  T	  3.5	  0.0	0.000	35.716	35.716
76	  S	 13.1	  0.1	0.000	36.910	36.910
77	  V	 13.8	  0.1	0.000	38.607	38.607
78	  S	 13.5	  0.1	0.000	37.525	37.525
79	  I	  6.4	  0.1	0.000	37.806	37.806
80	  V	  3.6	  0.1	0.000	35.657	35.657
81	  S	  3.1	  0.2	0.000	8.053	8.053
82	  G	  0.6	  0.2	0.000	3.603	3.603
83	  T	  3.5	  0.2	0.000	3.236	3.236
84	  I	  3.6	  0.1	0.000	3.118	3.118
85	  H	  3.7	  0.2	0.000	0.000	0.000
86	  N	  0.4	  0.8	0.000	0.000	0.000
87	  S	  0.4	  1.6	0.000	0.000	0.000
88	  G	  0.2	  1.7	0.000	0.000	0.000
89	  S	  5.2	  1.8	0.000	0.000	0.000
90	  L	  7.0	  1.2	0.000	0.000	0.000
91	  S	 15.1	  0.6	0.000	0.000	0.000
92	  F	 11.5	  0.6	0.000	0.000	0.000
93	  N	  9.4	  0.4	0.134	0.000	0.000
94	  S	  2.9	  0.4	0.465	0.000	0.000
95	  L	  2.0	  0.2	0.465	0.000	0.000
96	  R	  2.2	  0.1	0.465	0.000	0.000
97	  A	  1.1	  0.0	0.465	0.000	0.000
98	  V	  2.6	  0.0	0.465	0.000	0.000
99	  S	  5.0	  1.0	0.465	0.000	0.000
100	  A	  4.7	  1.1	0.096	0.000	0.000
101	  S	  3.2	  1.1	0.096	0.000	0.000
102	  S	  8.8	  1.4	0.000	0.000	0.000
103	  Y	 10.2	  0.5	0.000	0.000	0.000
104	  N	 10.2	  1.2	0.143	0.000	0.000
105	  L	  2.3	  1.2	0.143	0.000	0.000
106	  N	  0.9	  0.8	0.143	0.000	0.000
107	  S	  0.8	  1.0	0.143	0.000	0.000
108	  I	  0.4	  5.7	0.143	0.000	0.000
109	  G	  0.2	  5.7	0.143	0.000	0.000
110	  D	  0.4	  5.7	0.000	0.000	0.000
111	  F	  1.7	  5.5	0.000	0.000	0.000
112	  I	  3.6	  0.1	0.000	0.000	0.000
113	  N	  3.2	  0.4	0.000	0.000	0.000
114	  T	  2.0	  0.6	0.000	0.000	0.000
115	  G	  0.1	  0.6	0.000	0.000	0.000
116	  K	  0.3	  0.6	0.000	0.000	0.000
117	  M	  0.7	  0.2	0.000	2.999	2.999
118	  W	  0.9	  0.2	0.000	3.907	3.907
119	  F	  1.0	  0.5	0.000	4.060	4.060
120	  G	  0.5	  0.5	0.000	4.060	4.060
121	  I	  1.6	  0.7	0.000	4.192	4.192
122	  S	  1.3	  0.5	0.000	2.433	2.433
123	  G	  1.4	  0.3	0.000	2.025	2.025
124	  Y	  0.9	  0.3	0.000	2.025	2.025
125	  A	  1.0	  0.0	0.000	1.751	1.751
126	  L	  0.9	  0.0	0.000	1.623	1.623
127	  A	  0.2	  0.0	0.000	0.000	0.000
128	  P	  0.0	  0.0	0.000	0.000	0.000
129	  V	  3.4	  0.0	0.000	0.000	0.000
130	  N	  3.4	  0.3	0.000	0.000	0.000
131	  L	  3.5	  0.6	0.000	0.000	0.000
132	  G	  0.1	  0.6	0.137	0.000	0.000
133	  S	  0.8	  0.8	0.137	0.000	0.000
134	  A	  0.9	  0.5	0.137	0.000	0.000
135	  T	  1.3	  0.2	0.137	0.000	0.000
136	  N	  2.3	  0.2	0.137	0.000	0.000
137	  W	  2.7	  0.2	0.137	0.000	0.000
138	  E	  2.4	  0.3	0.000	0.000	0.000
139	  N	  0.6	  1.0	0.145	0.000	0.000
140	  Q	  0.1	  1.0	0.145	0.000	0.000
141	  G	  0.1	  0.8	0.145	0.000	0.000
142	  R	  2.6	  0.8	0.145	0.000	0.000
143	  I	  5.6	  0.0	0.145	0.000	0.000
144	  H	  7.7	  0.0	0.145	0.000	0.000
145	  F	  6.5	  0.0	0.145	0.000	0.000
146	  V	  4.5	  0.0	0.000	0.000	0.000
147	  Q	  2.5	  0.1	0.000	0.000	0.000
148	  S	  1.2	  0.5	0.000	0.000	0.000
149	  A	  0.2	  0.5	0.000	0.000	0.000
150	  G	  0.1	  0.5	0.000	0.000	0.000
151	  T	  0.1	  1.0	0.000	0.000	0.000
152	  P	  0.0	  0.9	0.000	0.000	0.000
153	  S	  0.1	  0.9	0.000	0.000	0.000
154	  N	  0.1	  0.9	0.000	0.000	0.000
155	  V	  0.4	  0.4	0.000	1.640	1.640
156	  G	  0.7	  0.2	0.160	1.640	1.640
157	  I	  4.9	  0.2	0.160	2.837	2.837
158	  T	  5.3	  0.2	0.160	2.837	2.837
159	  Q	  5.4	  0.0	0.160	2.837	2.837
160	  V	  1.8	  0.0	0.160	3.073	3.073
161	  L	  1.0	  0.1	0.160	2.847	2.847
162	  G	  0.6	  0.1	0.160	0.353	0.353
163	  S	  4.2	  0.6	0.160	0.237	0.237
164	  V	  4.6	  0.8	0.000	0.237	0.237
165	  D	  4.6	  1.6	0.000	0.000	0.000
166	  N	  0.4	  1.8	0.000	0.000	0.000
167	  G	  0.0	  1.4	0.000	0.000	0.000
168	  G	  0.0	  1.2	0.000	0.000	0.000
169	  T	  2.5	  0.3	0.000	0.000	0.000
170	  I	  4.1	  0.1	0.000	0.000	0.000
171	  C	  5.5	  0.1	0.000	0.000	0.000
172	  L	  3.2	  0.3	0.000	0.000	0.000
173	  S	  1.5	  0.3	0.000	0.000	0.000
174	  N	  0.4	  0.9	0.000	0.000	0.000
175	  M	  2.1	  0.8	0.000	0.000	0.000
176	  N	  2.7	  0.6	0.000	0.000	0.000
177	  W	  2.6	  0.6	0.000	0.000	0.000
178	  I	  1.0	  0.0	0.000	0.000	0.000
179	  Q	  0.6	  0.1	0.000	0.000	0.000
180	  S	  2.3	  0.3	0.000	0.000	0.000
181	  T	  2.5	  0.3	0.000	0.000	0.000
182	  S	  4.0	  0.2	0.000	0.000	0.000
183	  I	  2.4	  0.3	0.000	0.000	0.000
184	  E	  2.0	  0.4	0.000	0.000	0.000
185	  G	  0.3	  0.5	0.000	0.000	0.000
186	  G	  0.0	  0.6	0.000	0.000	0.000
187	  G	  0.1	  0.4	0.000	0.000	0.000
188	  C	  3.8	  0.2	0.000	0.000	0.000
189	  I	 13.2	  0.1	0.000	0.000	0.000
190	  N	 13.2	  0.0	0.000	0.000	0.000
191	  V	  9.7	  0.1	0.000	0.000	0.000
192	  G	  0.0	  0.6	0.000	0.000	0.000
193	  P	  0.0	  0.8	0.000	0.000	0.000
194	  S	  0.3	  0.9	0.513	0.000	0.000
195	  S	  0.4	  0.8	0.645	0.000	0.000
196	  R	  0.8	  0.3	0.645	0.000	0.000
197	  L	  2.0	  0.1	0.645	0.000	0.000
198	  Q	  2.9	  0.1	0.645	0.000	0.000
199	  L	  4.0	  0.1	0.645	0.000	0.000
200	  Q	  3.7	  0.1	0.519	0.000	0.000
201	  L	  2.8	  0.0	0.361	0.000	0.000
202	  D	  1.3	  0.6	0.640	0.000	0.000
203	  P	  0.1	  0.5	0.280	0.000	0.000
204	  W	  2.1	  0.5	0.280	0.000	0.000
205	  D	  2.8	  0.9	0.280	0.000	0.000
206	  V	  3.1	  0.5	0.280	0.000	0.000
207	  S	  1.1	  1.0	0.280	0.000	0.000
208	  N	  0.3	  1.0	0.531	0.000	0.000
209	  D	  0.1	  0.7	0.380	0.000	0.000
210	  Q	  0.2	  0.6	0.380	0.524	0.524
211	  T	  2.7	  0.1	0.380	1.191	1.191
212	  I	  4.0	  0.1	0.380	1.330	1.330
213	  F	  4.8	  0.1	0.380	1.330	1.330
214	  L	  2.5	  0.2	0.116	1.330	1.330
215	  S	  1.3	  2.5	0.116	0.805	0.805
216	  S	  0.4	  3.6	0.000	0.138	0.138
217	  D	  0.1	  4.0	0.130	0.000	0.000
218	  D	  0.1	  3.9	0.402	0.000	0.000
219	  S	  1.2	  1.5	1.019	2.782	2.782
220	  V	  5.1	  0.4	1.019	36.387	36.387
221	  I	  8.3	  0.0	1.019	39.073	39.073
222	  A	  7.6	  0.0	1.019	39.238	39.238
223	  V	  4.3	  0.0	1.019	39.238	39.238
224	  A	  0.9	  0.0	1.019	38.099	38.099
225	  G	  0.6	  0.0	0.731	18.853	18.853
226	  L	  0.2	  0.1	0.150	16.795	16.795
227	  S	  2.2	  0.3	0.000	4.796	4.796
228	  T	  2.6	  0.3	0.144	3.378	3.378
229	  S	  4.1	  0.5	0.144	2.525	2.525
230	  L	  2.2	  0.6	0.144	2.436	2.436
231	  T	  1.8	  0.4	0.144	1.821	1.821
232	  G	  0.2	  0.4	0.283	0.000	0.000
233	  K	  0.3	  0.3	0.283	0.000	0.000
234	  K	  0.7	  0.2	0.139	0.000	0.000
235	  T	  9.4	  0.1	0.139	0.275	0.275
236	  Y	 14.1	  0.1	0.139	0.859	0.859
237	  N	 16.5	  0.0	0.139	1.248	1.248
238	  V	  9.1	  0.1	0.000	2.117	2.117
239	  I	  4.1	  0.1	0.000	2.117	2.117
240	  G	  1.0	  0.3	0.000	1.989	1.989
241	  F	  0.2	  0.7	0.000	1.989	1.989
242	  G	  0.1	  0.7	0.000	0.869	0.869
243	  G	  0.1	  1.0	0.000	0.000	0.000
244	  G	  0.0	  0.8	0.000	0.000	0.000
245	  N	  2.0	  0.4	0.283	0.000	0.000
246	  I	  5.3	  0.3	0.283	0.000	0.000
247	  I	 13.4	  0.0	0.283	0.000	0.000
248	  R	 24.2	  0.0	0.283	0.000	0.000
249	  I	 24.2	  0.0	0.283	0.453	0.453
250	  N	 17.0	  0.1	0.283	0.453	0.453
251	  L	  3.7	  0.1	0.171	0.453	0.453
252	  G	  0.1	  0.1	0.466	0.453	0.453
253	  F	  0.6	  0.2	0.295	0.453	0.453
254	  D	  2.1	  0.1	0.295	0.000	0.000
255	  T	 10.2	  0.1	0.295	0.000	0.000
256	  Y	 12.6	  0.1	0.295	0.000	0.000
257	  N	 11.7	  0.8	0.295	0.000	0.000
258	  Y	  3.9	  0.9	0.087	0.000	0.000
259	  D	  0.9	  7.3	0.000	0.000	0.000
260	  D	  0.2	  7.7	0.091	0.000	0.000
261	  D	  0.0	  7.0	0.091	0.057	0.057
262	  G	  0.0	  6.8	0.631	3.592	3.592
263	  V	  1.4	  0.4	0.631	96.644	96.644
264	  L	  3.4	  0.0	0.631	98.276	98.276
265	  T	  8.7	  0.0	0.784	98.559	98.559
266	  L	  9.3	  0.0	0.784	99.018	99.018
267	  S	  8.4	  0.0	0.784	99.096	99.096
268	  F	  4.2	  0.0	0.252	99.714	99.714
269	  F	  2.3	  0.1	0.153	99.740	99.740
270	  L	  1.4	  0.3	0.153	99.492	99.492
271	  G	  0.5	  0.3	0.488	97.993	97.993
272	  I	  0.6	  0.3	0.336	97.858	97.858
273	  F	  1.8	  0.3	0.336	90.849	90.849
274	  K	  1.8	  0.1	0.336	0.158	0.158
275	  L	  1.5	  0.1	0.336	0.248	0.248
276	  G	  0.2	  0.1	0.336	1.677	1.677
277	  F	  2.3	  0.0	0.216	29.099	29.099
278	  V	  3.2	  0.0	0.000	30.040	30.040
279	  I	  3.4	  0.1	0.000	30.066	30.066
280	  G	  1.2	  0.3	0.000	30.022	30.022
281	  L	  0.3	  0.3	0.000	29.917	29.917
282	  G	  0.2	  0.3	0.652	14.024	14.024
283	  Y	  0.6	  0.2	0.652	13.096	13.096
284	  D	  0.5	  0.1	0.776	0.097	0.097
285	  K	  0.5	  0.1	0.776	0.000	0.000
286	  A	  0.4	  0.1	0.776	0.000	0.000
287	  Q	  2.7	  0.1	0.776	0.000	0.000
288	  F	  3.4	  0.1	0.526	0.000	0.000
289	  S	  3.7	  1.5	0.124	0.000	0.000
290	  T	  1.4	  2.3	0.000	0.000	0.000
291	  N	  0.6	  2.4	0.000	0.000	0.000
292	  G	  0.1	  2.3	0.000	0.000	0.000
293	  I	  0.1	  4.9	0.000	0.000	0.000
294	  G	  0.0	  4.2	0.000	0.000	0.000
295	  N	  0.0	  4.2	0.000	0.000	0.000
296	  T	  0.1	  4.4	0.000	0.000	0.000
297	  G	  0.1	  0.4	0.103	0.000	0.000
298	  T	  0.2	  0.3	0.786	0.000	0.000
299	  E	  0.3	  0.1	0.786	0.000	0.000
300	  I	  2.4	  0.0	0.786	0.000	0.000
301	  I	  2.6	  0.1	0.900	0.000	0.000
302	  Y	  2.9	  3.6	0.900	0.000	0.000
303	  N	  0.8	  3.7	0.900	0.000	0.000
304	  G	  0.5	  3.7	0.514	0.000	0.000
305	  A	  0.1	  3.6	0.293	0.000	0.000
306	  Y	  0.1	  1.6	0.293	0.000	0.000
307	  P	  0.0	  1.8	0.000	0.000	0.000
308	  G	  0.0	  1.8	0.000	0.000	0.000
309	  D	  0.1	  1.8	0.000	0.000	0.000
310	  I	  0.1	  0.7	0.000	0.000	0.000
311	  P	  0.1	  0.4	0.000	0.000	0.000
312	  D	  0.4	  0.4	0.000	0.000	0.000
313	  I	  1.0	  0.4	0.000	0.000	0.000
314	  C	  2.2	  0.0	0.000	0.000	0.000
315	  Q	  3.9	  0.0	0.000	0.000	0.000
316	  C	  3.8	  0.8	0.000	0.000	0.000
317	  E	  2.8	  0.8	0.000	0.000	0.000
318	  D	  0.7	  0.7	0.000	0.000	0.000
319	  F	  0.1	  0.7	0.000	0.000	0.000
320	  P	  0.1	  0.0	0.000	0.000	0.000
321	  E	  0.0	  0.0	0.000	0.000	0.000
322	  P	  0.0	  0.0	0.000	0.000	0.000
323	  P	  0.0	  0.0	0.000	0.000	0.000
324	  V	  0.8	  0.0	0.000	0.000	0.000
325	  E	  0.8	  0.0	0.000	0.000	0.000
326	  P	  0.8	  0.0	0.000	0.000	0.000
327	  E	  0.0	  0.2	0.000	0.000	0.000
328	  P	  0.0	  0.3	0.000	0.000	0.000
329	  S	  0.2	  1.3	0.000	0.000	0.000
330	  E	  0.2	  1.3	0.000	0.000	0.000
331	  S	  0.6	  1.2	0.000	0.000	0.000
332	  S	  4.0	  1.1	0.000	0.000	0.000
333	  T	  3.9	  0.2	0.000	0.000	0.000
334	  S	  3.6	  0.1	0.000	0.000	0.000
335	  P	  0.0	  1.3	0.000	0.000	0.000
336	  P	  0.0	  1.3	0.000	0.000	0.000
337	  D	  0.8	  1.3	0.000	0.000	0.000
338	  F	  2.3	  1.3	0.000	1.833	1.833
339	  T	  3.1	  0.1	0.000	1.833	1.833
340	  T	  4.6	  0.1	0.000	2.145	2.145
341	  L	  3.3	  0.1	0.000	2.670	2.670
342	  T	  3.9	  0.0	0.000	2.670	2.670
343	  T	  4.2	  0.0	0.000	2.259	2.259
344	  T	 17.3	  0.0	0.000	2.012	2.012
345	  W	 16.7	  0.0	0.000	1.863	1.863
346	  T	 15.6	  0.0	0.000	0.700	0.700
347	  T	  2.6	  0.1	0.000	0.000	0.000
348	  T	  2.1	  0.1	0.000	0.000	0.000
349	  D	  1.4	  2.3	0.000	0.000	0.000
350	  V	  1.2	  2.8	0.000	0.000	0.000
351	  D	  0.9	  2.8	0.000	0.000	0.000
352	  G	  0.3	  2.8	0.000	0.000	0.000
353	  I	  0.6	  0.6	0.000	0.000	0.000
354	  E	  0.7	  0.1	0.000	0.000	0.000
355	  T	  1.1	  0.1	0.000	0.000	0.000
356	  T	  1.1	  0.4	0.000	0.000	0.000
357	  D	  0.9	  0.5	0.000	0.000	0.000
358	  S	  0.5	  0.5	0.000	1.259	1.259
359	  G	  0.1	  0.4	0.000	10.754	10.754
360	  I	  8.4	  0.2	0.000	82.131	82.131
361	  V	 19.5	  0.0	0.000	84.463	84.463
362	  V	 21.6	  0.0	0.000	84.463	84.463
363	  V	 15.2	  0.0	0.000	84.393	84.393
364	  T	  3.9	  0.1	0.000	76.761	76.761
365	  T	  2.0	  0.2	0.000	30.293	30.293
366	  D	  0.7	 10.6	0.000	0.000	0.000
367	  S	  0.4	 11.0	0.000	0.000	0.000
368	  D	  0.0	 11.2	0.000	0.000	0.000
369	  G	  0.0	 11.1	0.000	0.000	0.000
370	  S	  1.4	  0.7	0.000	0.000	0.000
371	  L	  1.6	  0.2	0.000	0.000	0.000
372	  T	  3.3	  0.1	0.000	0.000	0.000
373	  T	  3.5	  0.0	0.000	0.000	0.000
374	  T	  6.1	  0.1	0.000	0.000	0.000
375	  T	  5.2	  0.1	0.000	0.000	0.000
376	  S	  4.4	  0.1	0.000	0.000	0.000
377	  T	  1.6	  0.1	0.000	0.000	0.000
378	  I	  0.8	  0.1	0.000	0.000	0.000
379	  P	  0.0	  0.2	0.000	0.000	0.000
380	  P	  0.0	  0.2	0.000	0.000	0.000
381	  E	  5.2	  0.2	0.000	0.000	0.000
382	  V	  7.9	  0.2	0.000	0.000	0.000
383	  T	  8.2	  0.0	0.000	0.000	0.000
384	  S	  3.1	  0.0	0.000	0.000	0.000
385	  E	  0.4	  0.2	0.000	0.000	0.000
386	  P	  0.0	  0.2	0.000	0.000	0.000
387	  T	  0.4	  0.2	0.000	0.000	0.000
388	  S	  1.9	  0.2	0.000	0.000	0.000
389	  M	  2.1	  0.1	0.000	0.853	0.853
390	  T	  4.6	  0.0	0.000	1.276	1.276
391	  T	 19.3	  0.0	0.000	1.980	1.980
392	  F	 20.1	  0.0	0.000	3.148	3.148
393	  T	 18.5	  0.0	0.000	3.148	3.148
394	  T	  4.6	  0.0	0.000	2.940	2.940
395	  T	 14.6	  0.0	0.000	2.814	2.814
396	  W	 14.8	  0.0	0.000	2.814	2.814
397	  T	 13.3	  0.1	0.000	1.057	1.057
398	  S	  2.5	  0.5	0.000	0.000	0.000
399	  T	  1.4	  0.6	0.000	0.000	0.000
400	  D	  0.8	 11.3	0.000	0.000	0.000
401	  S	  0.4	 11.4	0.000	0.000	0.000
402	  D	  0.0	 11.0	0.000	0.000	0.000
403	  G	  0.0	 10.9	0.000	0.000	0.000
404	  N	  0.0	  0.6	0.000	0.000	0.000
405	  P	  0.0	  0.4	0.000	0.000	0.000
406	  T	  0.4	  0.5	0.000	0.000	0.000
407	  T	  0.9	  0.8	0.000	0.000	0.000
408	  D	  0.9	  0.5	0.000	0.000	0.000
409	  S	  0.5	  0.5	0.000	1.249	1.249
410	  G	  0.1	  0.4	0.000	10.670	10.670
411	  I	  7.1	  0.2	0.000	81.459	81.459
412	  V	 20.3	  0.0	0.000	83.771	83.771
413	  I	 23.4	  0.0	0.000	83.771	83.771
414	  V	 18.2	  0.0	0.000	83.702	83.702
415	  T	  5.1	  0.1	0.000	76.127	76.127
416	  T	  2.0	  0.2	0.000	30.043	30.043
417	  D	  0.7	 10.4	0.000	0.000	0.000
418	  S	  0.4	 10.9	0.000	0.000	0.000
419	  D	  0.0	 11.0	0.000	0.000	0.000
420	  G	  0.0	 11.0	0.000	0.000	0.000
421	  S	  1.4	  0.7	0.000	0.000	0.000
422	  L	  1.6	  0.2	0.000	0.000	0.000
423	  T	  3.3	  0.1	0.000	0.000	0.000
424	  T	  3.5	  0.0	0.000	0.000	0.000
425	  T	  6.1	  0.1	0.000	0.000	0.000
426	  T	  5.2	  0.1	0.000	0.000	0.000
427	  S	  4.4	  0.1	0.000	0.000	0.000
428	  T	  1.6	  0.1	0.000	0.000	0.000
429	  I	  0.8	  0.1	0.000	0.000	0.000
430	  P	  0.0	  0.2	0.000	0.000	0.000
431	  P	  0.0	  0.2	0.000	0.000	0.000
432	  E	  5.2	  0.2	0.000	0.000	0.000
433	  V	  7.8	  0.2	0.000	0.000	0.000
434	  T	  8.1	  0.0	0.000	0.000	0.000
435	  S	  3.0	  0.0	0.000	0.000	0.000
436	  E	  0.4	  0.8	0.000	0.000	0.000
437	  P	  0.0	  1.0	0.000	0.000	0.000
438	  S	  0.0	  1.0	0.095	0.000	0.000
439	  G	  0.1	  1.0	0.095	0.000	0.000
440	  M	  0.4	  0.3	0.095	0.847	0.847
441	  T	  3.3	  0.0	0.095	1.268	1.268
442	  T	 19.5	  0.0	0.095	1.972	1.972
443	  F	 20.3	  0.0	0.095	3.145	3.145
444	  T	 18.7	  0.0	0.000	3.145	3.145
445	  T	  4.6	  0.0	0.000	2.939	2.939
446	  T	 14.6	  0.0	0.000	2.814	2.814
447	  W	 14.1	  0.0	0.000	2.814	2.814
448	  T	 13.4	  0.0	0.000	1.057	1.057
449	  T	  2.4	  0.1	0.000	0.000	0.000
450	  T	  2.0	  0.2	0.000	0.000	0.000
451	  D	  0.8	 10.7	0.000	0.000	0.000
452	  S	  0.4	 10.9	0.000	0.000	0.000
453	  D	  0.0	 10.8	0.000	0.000	0.000
454	  G	  0.0	 10.7	0.000	0.000	0.000
455	  N	  0.0	  2.9	0.000	0.000	0.000
456	  P	  0.0	  2.9	0.000	0.000	0.000
457	  S	  0.5	  3.4	0.000	0.000	0.000
458	  T	  1.0	  3.6	0.000	0.000	0.000
459	  D	  1.0	  1.0	0.000	0.000	0.000
460	  S	  0.5	  0.9	0.000	1.241	1.241
461	  G	  0.1	  0.4	0.000	10.642	10.642
462	  I	  7.1	  0.2	0.000	81.026	81.026
463	  V	 20.3	  0.0	0.000	83.328	83.328
464	  I	 23.3	  0.0	0.000	83.328	83.328
465	  V	 18.2	  0.0	0.000	83.258	83.258
466	  T	  5.0	  0.1	0.000	75.693	75.693
467	  T	  1.6	  0.1	0.000	29.878	29.878
468	  D	  0.3	 13.0	0.000	0.000	0.000
469	  A	  0.1	 13.3	0.000	0.000	0.000
470	  D	  0.0	 13.4	0.000	0.000	0.000
471	  G	  0.0	 13.4	0.000	0.000	0.000
472	  S	  1.4	  0.5	0.000	0.000	0.000
473	  L	  1.6	  0.2	0.000	0.000	0.000
474	  T	  3.2	  0.1	0.000	0.000	0.000
475	  T	  3.5	  0.0	0.000	0.000	0.000
476	  T	  6.1	  0.1	0.000	0.000	0.000
477	  T	  5.2	  0.1	0.000	0.000	0.000
478	  S	  4.4	  0.1	0.000	0.000	0.000
479	  T	  1.6	  0.1	0.000	0.000	0.000
480	  I	  0.8	  0.1	0.000	0.000	0.000
481	  P	  0.0	  0.2	0.000	0.000	0.000
482	  P	  0.0	  0.2	0.000	0.000	0.000
483	  E	  5.2	  0.2	0.000	0.000	0.000
484	  V	  7.8	  0.2	0.000	0.000	0.000
485	  T	  8.2	  0.0	0.000	0.000	0.000
486	  S	  3.0	  0.0	0.000	0.000	0.000
487	  E	  0.4	  0.5	0.000	0.000	0.000
488	  P	  0.0	  0.6	0.000	0.000	0.000
489	  T	  0.0	  0.6	0.000	0.000	0.000
490	  G	  0.1	  0.6	0.000	0.000	0.000
491	  M	  0.4	  0.2	0.000	0.852	0.852
492	  T	  3.3	  0.0	0.000	1.276	1.276
493	  T	 19.5	  0.0	0.000	1.982	1.982
494	  F	 20.4	  0.1	0.000	3.157	3.157
495	  T	 18.8	  0.0	0.000	3.157	3.157
496	  T	  4.6	  0.0	0.000	2.949	2.949
497	  T	 14.6	  0.0	0.000	2.824	2.824
498	  W	 14.1	  0.0	0.000	2.824	2.824
499	  T	 13.4	  0.0	0.000	1.061	1.061
500	  T	  2.4	  0.1	0.000	0.000	0.000
501	  T	  2.0	  0.2	0.000	0.000	0.000
502	  D	  0.8	 11.0	0.000	0.000	0.000
503	  S	  0.4	 11.1	0.000	0.000	0.000
504	  D	  0.0	 11.1	0.000	0.000	0.000
505	  G	  0.0	 11.0	0.000	0.000	0.000
506	  N	  0.0	  0.6	0.000	0.000	0.000
507	  P	  0.0	  0.4	0.000	0.000	0.000
508	  T	  0.4	  0.5	0.000	0.000	0.000
509	  T	  0.9	  0.8	0.000	0.000	0.000
510	  D	  0.9	  0.5	0.000	0.000	0.000
511	  S	  0.5	  0.5	0.000	1.255	1.255
512	  G	  0.1	  0.4	0.000	10.724	10.724
513	  I	  7.1	  0.2	0.000	82.749	82.749
514	  V	 20.3	  0.0	0.000	85.101	85.101
515	  I	 23.7	  0.0	0.000	85.101	85.101
516	  V	 18.6	  0.0	0.000	85.032	85.032
517	  T	  5.5	  0.1	0.000	77.457	77.457
518	  T	  2.2	  0.1	0.000	30.555	30.555
519	  D	  0.8	  0.7	0.000	0.000	0.000
520	  S	  0.5	  1.6	0.000	0.000	0.000
521	  E	  0.0	  2.3	0.000	0.000	0.000
522	  G	  0.0	  2.3	0.000	0.000	0.000
523	  S	  1.5	  1.7	0.000	0.000	0.000
524	  L	  1.8	  0.8	0.000	0.000	0.000
525	  T	  3.4	  0.1	0.000	0.000	0.000
526	  T	  3.2	  0.0	0.000	0.000	0.000
527	  T	  5.1	  0.1	0.000	0.000	0.000
528	  T	  4.1	  0.1	0.000	0.000	0.000
529	  S	  3.2	  0.1	0.000	0.000	0.000
530	  T	 21.0	  0.1	0.000	0.000	0.000
531	  I	 20.5	  0.1	0.000	0.000	0.000
532	  S	 20.2	  4.4	0.000	0.000	0.000
533	  P	  0.2	  4.4	0.000	0.000	0.000
534	  D	  0.9	  4.4	0.000	0.000	0.000
535	  V	  3.4	  4.4	0.000	0.000	0.000
536	  T	  3.5	  0.2	0.000	0.000	0.000
537	  S	  2.7	  0.4	0.000	0.000	0.000
538	  G	  0.1	  0.4	0.000	0.000	0.000
539	  L	  0.3	  0.4	0.000	0.000	0.000
540	  T	  0.4	  0.3	0.000	0.000	0.000
541	  D	  0.5	  0.1	0.000	0.000	0.000
542	  L	  0.7	  0.1	0.000	0.000	0.000
543	  T	  2.1	  0.1	0.000	0.000	0.000
544	  S	  8.5	  0.1	0.000	0.000	0.000
545	  F	 10.4	  0.1	0.000	0.157	0.157
546	  T	  9.6	  0.0	0.000	0.157	0.157
547	  S	  3.6	  0.0	0.000	0.157	0.157
548	  T	 13.9	  0.0	0.000	0.157	0.157
549	  W	 14.0	  0.0	0.000	0.157	0.157
550	  T	 14.9	  0.0	0.000	0.000	0.000
551	  T	  2.5	  0.1	0.000	0.000	0.000
552	  T	  2.1	  0.2	0.000	0.000	0.000
553	  D	  0.8	 10.9	0.000	0.000	0.000
554	  S	  0.4	 11.1	0.000	0.000	0.000
555	  D	  0.0	 11.6	0.000	0.000	0.000
556	  G	  0.0	 11.6	0.000	0.000	0.000
557	  N	  0.0	  1.0	0.000	0.000	0.000
558	  E	  0.1	  0.8	0.000	0.000	0.000
559	  T	  0.6	  0.2	0.000	0.000	0.000
560	  T	  1.1	  0.5	0.000	0.000	0.000
561	  D	  0.9	  0.5	0.000	0.000	0.000
562	  S	  0.5	  0.5	0.000	1.266	1.266
563	  G	  0.0	  0.5	0.000	10.816	10.816
564	  V	  6.8	  0.2	0.000	83.492	83.492
565	  V	 20.1	  0.0	0.000	85.747	85.747
566	  I	 23.5	  0.0	0.000	85.747	85.747
567	  V	 18.7	  0.0	0.000	85.676	85.676
568	  T	  5.5	  0.0	0.000	78.038	78.038
569	  T	  1.8	  0.2	0.000	30.725	30.725
570	  E	  0.4	  0.7	0.000	0.000	0.000
571	  S	  0.2	  1.3	0.000	0.000	0.000
572	  D	  0.0	  1.4	0.000	0.000	0.000
573	  G	  0.0	  1.3	0.000	0.000	0.000
574	  S	  1.5	  0.8	0.000	0.000	0.000
575	  L	  1.8	  0.3	0.000	0.000	0.000
576	  T	  3.5	  0.1	0.000	0.000	0.000
577	  T	  3.6	  0.1	0.000	0.000	0.000
578	  T	  6.1	  0.1	0.000	0.000	0.000
579	  T	  4.8	  0.1	0.000	0.000	0.000
580	  S	  4.1	  0.1	0.000	0.000	0.000
581	  I	  1.4	  0.0	0.000	0.000	0.000
582	  I	  1.0	  0.0	0.000	0.000	0.000
583	  P	  0.0	  0.9	0.000	0.000	0.000
584	  P	  0.0	  1.0	0.000	0.000	0.000
585	  D	  0.1	  1.4	0.000	0.000	0.000
586	  T	  0.5	  1.4	0.000	0.000	0.000
587	  S	  0.5	  0.5	0.000	0.000	0.000
588	  E	  0.4	  0.6	0.000	0.000	0.000
589	  P	  0.0	  0.2	0.000	0.000	0.000
590	  T	  0.2	  0.2	0.000	0.000	0.000
591	  D	  1.3	  0.2	0.000	0.000	0.000
592	  I	  4.2	  0.1	0.000	3.860	3.860
593	  T	  6.8	  0.0	0.000	3.860	3.860
594	  T	 21.5	  0.0	0.000	4.549	4.549
595	  F	 19.8	  0.0	0.000	5.693	5.693
596	  T	 18.2	  0.0	0.000	5.693	5.693
597	  T	  4.6	  0.0	0.000	4.889	4.889
598	  T	 14.6	  0.0	0.000	4.405	4.405
599	  W	 14.1	  0.0	0.000	4.114	4.114
600	  T	 13.4	  0.0	0.000	1.716	1.716
601	  T	  2.4	  0.1	0.000	0.274	0.274
602	  T	  2.0	  0.2	0.000	0.103	0.103
603	  D	  0.8	 11.0	0.000	0.000	0.000
604	  S	  0.4	 11.1	0.000	0.000	0.000
605	  D	  0.0	 11.1	0.000	0.000	0.000
606	  G	  0.0	 11.0	0.000	0.000	0.000
607	  N	  0.0	  0.6	0.000	0.000	0.000
608	  P	  0.0	  0.4	0.000	0.000	0.000
609	  T	  0.4	  0.5	0.000	0.000	0.000
610	  T	  0.9	  0.8	0.000	0.000	0.000
611	  D	  0.9	  0.5	0.000	0.000	0.000
612	  S	  0.5	  0.5	0.000	1.255	1.255
613	  G	  0.1	  0.4	0.000	10.724	10.724
614	  I	  7.1	  0.2	0.000	82.749	82.749
615	  V	 20.3	  0.0	0.000	85.101	85.101
616	  I	 23.7	  0.0	0.000	85.101	85.101
617	  V	 18.6	  0.0	0.000	85.032	85.032
618	  T	  5.5	  0.1	0.000	77.457	77.457
619	  T	  2.2	  0.1	0.000	30.555	30.555
620	  D	  0.8	  0.7	0.000	0.000	0.000
621	  S	  0.5	  1.6	0.000	0.000	0.000
622	  E	  0.0	  2.3	0.000	0.000	0.000
623	  G	  0.0	  2.3	0.000	0.000	0.000
624	  S	  1.5	  1.7	0.000	0.000	0.000
625	  L	  1.8	  0.8	0.000	0.000	0.000
626	  T	  3.4	  0.1	0.000	0.000	0.000
627	  T	  3.5	  0.0	0.000	0.000	0.000
628	  T	  6.0	  0.1	0.000	0.000	0.000
629	  T	  5.2	  0.1	0.000	0.000	0.000
630	  S	  4.4	  0.1	0.000	0.000	0.000
631	  T	  1.6	  0.1	0.000	0.000	0.000
632	  I	  0.8	  0.1	0.000	0.000	0.000
633	  P	  0.0	  1.0	0.000	0.000	0.000
634	  P	  0.0	  1.0	0.000	0.000	0.000
635	  D	  1.1	  1.0	0.000	0.000	0.000
636	  V	  3.8	  1.0	0.000	0.000	0.000
637	  T	  4.2	  0.0	0.000	0.000	0.000
638	  S	  3.1	  0.0	0.000	0.000	0.000
639	  E	  0.4	  0.5	0.000	0.000	0.000
640	  P	  0.0	  0.6	0.000	0.000	0.000
641	  T	  0.0	  0.6	0.000	0.000	0.000
642	  G	  0.1	  0.6	0.000	0.000	0.000
643	  M	  0.4	  0.2	0.000	0.662	0.662
644	  T	  3.3	  0.0	0.000	0.927	0.927
645	  T	 18.1	  0.0	0.000	1.370	1.370
646	  F	 18.9	  0.0	0.000	2.106	2.106
647	  T	 17.2	  0.0	0.000	2.106	2.106
648	  T	  4.3	  0.0	0.000	1.896	1.896
649	  T	 22.0	  0.0	0.000	1.769	1.769
650	  W	 21.5	  0.1	0.000	1.769	1.769
651	  S	 19.8	  0.2	0.000	0.000	0.000
652	  S	  1.4	  0.6	0.000	0.000	0.000
653	  T	  0.6	  0.6	0.129	0.000	0.000
654	  D	  0.4	 12.4	0.129	0.000	0.000
655	  A	  0.1	 13.0	0.129	0.000	0.000
656	  N	  0.0	 12.6	0.129	0.000	0.000
657	  G	  0.0	 12.6	0.129	0.000	0.000
658	  N	  0.0	  0.7	0.268	0.000	0.000
659	  P	  0.0	  0.0	0.139	0.000	0.000
660	  I	  0.5	  0.0	0.139	0.000	0.000
661	  T	  1.0	  0.3	0.139	0.000	0.000
662	  D	  1.0	  0.5	0.139	0.000	0.000
663	  S	  0.5	  0.5	0.139	1.261	1.261
664	  G	  0.0	  0.5	0.000	10.765	10.765
665	  V	  6.8	  0.2	0.000	82.210	82.210
666	  V	 20.0	  0.0	0.000	84.427	84.427
667	  I	 23.1	  0.0	0.000	84.427	84.427
668	  V	 18.2	  0.0	0.000	84.357	84.357
669	  T	  5.1	  0.1	0.000	76.717	76.717
670	  T	  2.0	  0.2	0.000	30.205	30.205
671	  D	  0.7	 10.4	0.000	0.000	0.000
672	  S	  0.4	 10.9	0.000	0.000	0.000
673	  D	  0.0	 11.0	0.000	0.000	0.000
674	  G	  0.0	 11.0	0.000	0.000	0.000
675	  S	  1.4	  0.7	0.000	0.000	0.000
676	  L	  1.6	  0.2	0.000	0.000	0.000
677	  T	  3.3	  0.1	0.000	0.000	0.000
678	  T	  3.6	  0.0	0.000	0.000	0.000
679	  T	  6.1	  0.1	0.000	0.000	0.000
680	  T	  4.8	  0.1	0.000	0.000	0.000
681	  S	  4.1	  0.1	0.000	0.000	0.000
682	  I	  1.4	  0.0	0.000	0.000	0.000
683	  I	  1.0	  0.0	0.000	0.000	0.000
684	  P	  0.0	  1.0	0.000	0.000	0.000
685	  P	  0.0	  1.0	0.000	0.000	0.000
686	  D	  1.1	  1.0	0.000	0.000	0.000
687	  V	  3.8	  1.0	0.000	0.000	0.000
688	  T	  4.2	  0.0	0.000	0.000	0.000
689	  S	  3.1	  0.0	0.000	0.000	0.000
690	  E	  0.4	  0.5	0.000	0.000	0.000
691	  P	  0.0	  0.6	0.000	0.000	0.000
692	  T	  0.0	  0.6	0.000	0.000	0.000
693	  G	  0.1	  0.6	0.000	0.000	0.000
694	  M	  0.4	  0.2	0.000	0.662	0.662
695	  T	  3.3	  0.0	0.000	0.927	0.927
696	  T	 18.1	  0.0	0.000	1.370	1.370
697	  F	 18.9	  0.0	0.000	2.106	2.106
698	  T	 17.2	  0.0	0.000	2.106	2.106
699	  T	  4.3	  0.0	0.000	1.896	1.896
700	  T	 22.0	  0.0	0.000	1.769	1.769
701	  W	 21.5	  0.1	0.000	1.769	1.769
702	  S	 19.8	  0.2	0.000	0.000	0.000
703	  S	  1.4	  0.6	0.000	0.000	0.000
704	  T	  0.6	  0.6	0.129	0.000	0.000
705	  D	  0.4	 12.4	0.129	0.000	0.000
706	  A	  0.1	 13.0	0.129	0.000	0.000
707	  N	  0.0	 12.6	0.129	0.000	0.000
708	  G	  0.0	 12.6	0.129	0.000	0.000
709	  N	  0.0	  0.7	0.268	0.000	0.000
710	  P	  0.0	  0.0	0.139	0.000	0.000
711	  I	  0.5	  0.0	0.139	0.000	0.000
712	  T	  1.0	  0.3	0.139	0.000	0.000
713	  D	  1.0	  0.5	0.139	0.000	0.000
714	  S	  0.5	  0.5	0.139	1.261	1.261
715	  G	  0.0	  0.5	0.000	10.765	10.765
716	  V	  6.8	  0.2	0.000	82.210	82.210
717	  V	 20.0	  0.0	0.000	84.427	84.427
718	  I	 23.1	  0.0	0.000	84.427	84.427
719	  V	 18.2	  0.0	0.000	84.357	84.357
720	  T	  5.1	  0.1	0.000	76.717	76.717
721	  T	  2.0	  0.2	0.000	30.205	30.205
722	  D	  0.7	 10.4	0.000	0.000	0.000
723	  S	  0.4	 10.9	0.000	0.000	0.000
724	  D	  0.0	 11.0	0.000	0.000	0.000
725	  G	  0.0	 11.0	0.000	0.000	0.000
726	  S	  1.4	  0.7	0.000	0.000	0.000
727	  L	  1.6	  0.2	0.000	0.000	0.000
728	  T	  3.3	  0.1	0.000	0.000	0.000
729	  T	  3.6	  0.0	0.000	0.000	0.000
730	  T	  6.1	  0.1	0.000	0.000	0.000
731	  T	  4.8	  0.1	0.000	0.000	0.000
732	  S	  4.1	  0.1	0.000	0.000	0.000
733	  I	  1.4	  0.0	0.000	0.000	0.000
734	  I	  1.0	  0.0	0.000	0.000	0.000
735	  P	  0.0	  1.0	0.000	0.000	0.000
736	  P	  0.0	  1.0	0.000	0.000	0.000
737	  D	  1.1	  1.0	0.000	0.000	0.000
738	  V	  3.8	  1.0	0.000	0.000	0.000
739	  T	  4.2	  0.0	0.000	0.000	0.000
740	  S	  3.1	  0.0	0.000	0.000	0.000
741	  E	  0.4	  0.5	0.000	0.000	0.000
742	  P	  0.0	  0.6	0.000	0.000	0.000
743	  T	  0.0	  0.6	0.000	0.000	0.000
744	  G	  0.1	  0.6	0.000	0.000	0.000
745	  M	  0.4	  0.2	0.000	1.222	1.222
746	  T	  3.4	  0.0	0.000	1.971	1.971
747	  T	 21.9	  0.0	0.000	3.360	3.360
748	  F	 24.0	  0.1	0.000	5.817	5.817
749	  T	 21.8	  0.0	0.000	5.948	5.948
750	  S	  3.8	  0.0	0.000	5.747	5.747
751	  T	  2.3	  0.0	0.000	5.984	5.984
752	  W	  2.0	  0.0	0.000	5.984	5.984
753	  I	  4.8	  0.0	0.000	5.836	5.836
754	  T	  3.9	  0.1	0.000	1.633	1.633
755	  T	  4.0	  0.2	0.000	0.707	0.707
756	  D	  0.9	 10.7	0.000	0.000	0.000
757	  S	  0.5	 11.3	0.000	0.000	0.000
758	  D	  0.0	 11.3	0.000	0.000	0.000
759	  G	  0.0	 11.3	0.000	0.000	0.000
760	  K	  0.6	  0.9	0.000	0.000	0.000
761	  S	  1.2	  0.3	0.000	0.000	0.000
762	  T	  1.6	  0.3	0.000	0.000	0.000
763	  T	  1.5	  0.4	0.000	0.000	0.000
764	  D	  0.9	  0.6	0.000	0.000	0.000
765	  S	  0.5	  0.6	0.000	1.251	1.251
766	  G	  0.1	  0.5	0.000	10.683	10.683
767	  V	  6.7	  0.2	0.000	81.552	81.552
768	  I	 13.7	  0.0	0.000	83.750	83.750
769	  I	 17.0	  0.0	0.000	83.750	83.750
770	  V	 12.1	  0.0	0.000	83.681	83.681
771	  T	  5.2	  0.1	0.000	76.097	76.097
772	  T	  2.1	  0.2	0.000	29.961	29.961
773	  D	  0.8	 10.3	0.000	0.000	0.000
774	  S	  0.4	 10.8	0.000	0.000	0.000
775	  D	  0.0	 10.8	0.000	0.000	0.000
776	  G	  0.0	 10.7	0.000	0.000	0.000
777	  R	  1.6	  0.6	0.000	0.000	0.000
778	  F	  2.9	  0.1	0.000	0.000	0.000
779	  T	  4.5	  0.0	0.000	0.000	0.000
780	  T	  4.7	  0.1	0.000	0.000	0.000
781	  T	  6.0	  0.1	0.000	0.000	0.000
782	  T	  4.7	  0.1	0.000	0.000	0.000
783	  S	  4.1	  0.1	0.000	0.000	0.000
784	  I	  1.4	  0.0	0.000	0.000	0.000
785	  I	  1.0	  0.0	0.000	0.000	0.000
786	  P	  0.0	  1.0	0.000	0.000	0.000
787	  P	  0.0	  1.0	0.000	0.000	0.000
788	  D	  1.1	  1.0	0.000	0.000	0.000
789	  V	  3.8	  1.0	0.000	0.000	0.000
790	  T	  4.2	  0.0	0.000	0.000	0.000
791	  S	  3.1	  0.0	0.000	0.000	0.000
792	  E	  0.4	  0.2	0.000	0.000	0.000
793	  P	  0.0	  0.3	0.000	0.000	0.000
794	  T	  0.1	  0.3	0.000	0.000	0.000
795	  D	  0.3	  0.3	0.000	0.000	0.000
796	  M	  0.5	  0.1	0.000	0.139	0.139
797	  T	  3.4	  0.0	0.000	0.139	0.139
798	  T	 19.5	  0.0	0.000	0.854	0.854
799	  F	 20.4	  0.1	0.000	2.044	2.044
800	  T	 18.8	  0.0	0.000	2.044	2.044
801	  T	  4.6	  0.0	0.000	2.044	2.044
802	  T	 14.6	  0.0	0.000	2.044	2.044
803	  W	 14.2	  0.0	0.000	2.044	2.044
804	  T	 13.5	  0.0	0.000	0.716	0.716
805	  T	  2.6	  0.1	0.000	0.000	0.000
806	  T	  2.1	  0.1	0.000	0.000	0.000
807	  D	  1.4	  2.3	0.000	0.000	0.000
808	  V	  1.2	  2.8	0.000	0.000	0.000
809	  D	  0.9	  2.8	0.000	0.000	0.000
810	  G	  0.3	  2.8	0.000	0.000	0.000
811	  I	  0.6	  0.6	0.000	0.000	0.000
812	  E	  0.7	  0.1	0.000	0.000	0.000
813	  T	  1.1	  0.1	0.000	0.000	0.000
814	  T	  1.1	  0.4	0.000	0.000	0.000
815	  D	  0.9	  0.5	0.000	0.000	0.000
816	  S	  0.5	  0.5	0.000	1.266	1.266
817	  G	  0.0	  0.5	0.000	10.818	10.818
818	  V	  6.8	  0.2	0.000	83.472	83.472
819	  V	 20.0	  0.0	0.000	85.725	85.725
820	  I	 23.4	  0.0	0.000	85.725	85.725
821	  V	 18.7	  0.0	0.000	85.655	85.655
822	  T	  5.5	  0.1	0.000	78.013	78.013
823	  T	  2.2	  0.1	0.000	30.703	30.703
824	  D	  0.8	  0.7	0.000	0.000	0.000
825	  S	  0.5	  1.6	0.000	0.000	0.000
826	  E	  0.0	  2.3	0.000	0.000	0.000
827	  G	  0.0	  2.3	0.000	0.000	0.000
828	  S	  1.5	  1.7	0.000	0.000	0.000
829	  L	  1.8	  0.8	0.000	0.000	0.000
830	  T	  3.4	  0.1	0.000	0.000	0.000
831	  T	  3.6	  0.1	0.000	0.000	0.000
832	  T	  6.1	  0.1	0.000	0.000	0.000
833	  T	  4.8	  0.1	0.000	0.000	0.000
834	  S	  3.6	  0.1	0.000	0.000	0.000
835	  I	  0.8	  0.0	0.000	0.000	0.000
836	  F	  0.5	  0.0	0.000	0.000	0.000
837	  P	  0.0	  0.0	0.000	0.000	0.000
838	  P	  0.0	  0.0	0.000	0.000	0.000
839	  A	  0.4	  0.0	0.000	0.000	0.000
840	  V	  3.2	  0.1	0.000	0.000	0.000
841	  T	  3.2	  0.1	0.000	0.000	0.000
842	  S	  2.8	  0.4	0.000	0.000	0.000
843	  G	  0.1	  0.8	0.000	0.000	0.000
844	  P	  0.0	  0.9	0.000	0.000	0.000
845	  T	  0.5	  0.9	0.000	0.000	0.000
846	  D	  0.5	  0.8	0.000	0.000	0.000
847	  S	  2.4	  0.6	0.000	0.000	0.000
848	  T	  3.3	  0.5	0.000	0.000	0.000
849	  S	  9.5	  0.4	0.000	0.000	0.000
850	  F	  9.0	  0.3	0.000	1.582	1.582
851	  T	  8.9	  0.0	0.000	1.582	1.582
852	  T	  5.0	  0.0	0.000	1.582	1.582
853	  T	 16.4	  0.0	0.000	1.582	1.582
854	  W	 15.8	  0.0	0.000	1.582	1.582
855	  T	 14.8	  0.0	0.000	0.841	0.841
856	  T	  2.6	  0.1	0.000	0.395	0.395
857	  T	  2.4	  0.1	0.000	0.148	0.148
858	  N	  1.1	  7.8	0.000	0.000	0.000
859	  S	  0.6	  8.0	0.000	0.000	0.000
860	  D	  0.0	  9.2	0.000	0.000	0.000
861	  G	  0.0	  9.2	0.000	0.000	0.000
862	  N	  0.3	  1.4	0.105	0.000	0.000
863	  S	  3.0	  1.3	0.105	0.000	0.000
864	  I	  3.5	  0.1	0.105	0.000	0.000
865	  T	  3.7	  0.3	0.105	0.000	0.000
866	  D	  0.9	  0.5	0.105	0.000	0.000
867	  S	  0.5	  0.5	0.105	1.270	1.270
868	  G	  0.0	  0.4	0.000	10.845	10.845
869	  V	 11.6	  0.2	0.000	82.863	82.863
870	  V	 22.3	  0.0	0.000	85.098	85.098
871	  V	 24.3	  0.0	0.000	85.098	85.098
872	  V	 15.1	  0.0	0.000	85.027	85.027
873	  T	  3.8	  0.1	0.000	77.332	77.332
874	  T	  2.0	  0.2	0.000	30.448	30.448
875	  D	  0.7	 10.5	0.000	0.000	0.000
876	  S	  0.4	 11.0	0.000	0.000	0.000
877	  D	  0.0	 11.1	0.000	0.000	0.000
878	  G	  0.0	 11.0	0.135	0.000	0.000
879	  S	  1.2	  0.7	0.135	0.000	0.000
880	  L	  1.4	  0.2	0.135	0.993	0.993
881	  T	  4.3	  0.1	0.135	0.993	0.993
882	  T	 21.7	  0.0	0.135	0.993	0.993
883	  F	 23.9	  0.1	0.135	0.993	0.993
884	  T	 21.7	  0.1	0.000	0.993	0.993
885	  S	  4.0	  0.1	0.000	0.110	0.110
886	  T	  1.3	  0.1	0.000	0.000	0.000
887	  I	  0.6	  0.1	0.000	0.000	0.000
888	  P	  0.0	  1.0	0.000	0.000	0.000
889	  P	  0.0	  1.0	0.000	0.000	0.000
890	  D	  1.1	  1.0	0.000	0.000	0.000
891	  V	  3.9	  1.0	0.000	0.000	0.000
892	  T	  6.4	  0.0	0.000	0.000	0.000
893	  S	  5.4	  0.0	0.000	0.000	0.000
894	  K	  2.8	  0.7	0.000	0.000	0.000
895	  P	  0.1	  0.7	0.000	0.000	0.000
896	  T	  0.0	  0.8	0.000	0.000	0.000
897	  G	  0.1	  0.8	0.000	0.145	0.145
898	  L	  0.3	  0.2	0.000	2.648	2.648
899	  T	  3.2	  0.1	0.000	2.791	2.791
900	  T	 20.8	  0.0	0.000	2.919	2.919
901	  F	 24.8	  0.0	0.000	3.262	3.262
902	  T	 24.1	  0.1	0.000	3.117	3.117
903	  A	  7.3	  0.1	0.000	2.146	2.146
904	  S	  6.7	  0.1	0.000	1.181	1.181
905	  W	  5.3	  0.1	0.000	1.181	1.181
906	  T	  6.5	  0.0	0.000	0.395	0.395
907	  T	  2.8	  0.1	0.000	0.000	0.000
908	  T	  2.5	  0.2	0.000	0.000	0.000
909	  D	  1.0	  0.8	0.000	0.000	0.000
910	  S	  0.6	  1.1	0.000	0.000	0.000
911	  E	  0.1	  1.0	0.000	0.000	0.000
912	  G	  0.0	  0.9	0.000	0.000	0.000
913	  N	  0.0	  0.8	0.120	0.000	0.000
914	  P	  0.0	  0.5	0.120	0.000	0.000
915	  T	  0.1	  0.7	0.120	0.071	0.071
916	  T	  0.2	  1.6	0.120	0.205	0.205
917	  G	  0.2	  1.3	0.120	0.426	0.426
918	  S	  0.2	  1.3	0.120	3.025	3.025
919	  G	  0.0	  1.1	0.000	22.637	22.637
920	  V	  6.7	  0.2	0.000	85.638	85.638
921	  V	 19.9	  0.0	0.000	87.593	87.593
922	  I	 23.3	  0.0	0.000	87.593	87.593
923	  V	 18.6	  0.0	0.000	87.449	87.449
924	  T	  5.6	  0.1	0.000	71.457	71.457
925	  T	  2.2	  0.1	0.000	28.068	28.068
926	  D	  0.9	  0.1	0.000	0.000	0.000
927	  S	  0.9	  0.4	0.000	0.000	0.000
928	  V	  0.6	  0.9	0.000	0.000	0.000
929	  G	  0.5	  0.9	0.000	0.000	0.000
930	  S	  1.7	  0.9	0.000	0.000	0.000
931	  L	  1.8	  0.6	0.000	0.000	0.000
932	  T	  3.5	  0.1	0.000	0.000	0.000
933	  T	  3.4	  0.0	0.000	0.000	0.000
934	  T	  5.7	  0.1	0.000	0.000	0.000
935	  T	  4.7	  0.1	0.000	0.000	0.000
936	  S	  3.4	  0.1	0.000	0.000	0.000
937	  T	  9.6	  0.1	0.000	0.000	0.000
938	  L	  9.0	  0.1	0.000	0.000	0.000
939	  S	  8.8	  5.0	0.000	0.000	0.000
940	  P	  0.1	  5.0	0.000	0.000	0.000
941	  D	  1.0	  5.0	0.000	0.000	0.000
942	  V	  3.6	  5.0	0.000	0.000	0.000
943	  T	  3.9	  0.0	0.000	0.000	0.000
944	  S	  3.0	  0.0	0.000	0.000	0.000
945	  E	  0.4	  0.2	0.000	0.000	0.000
946	  P	  0.0	  0.3	0.000	0.000	0.000
947	  T	  0.1	  0.3	0.000	0.000	0.000
948	  D	  0.2	  0.3	0.000	0.000	0.000
949	  L	  0.5	  0.1	0.000	1.827	1.827
950	  T	  3.3	  0.1	0.000	1.827	1.827
951	  T	 19.5	  0.0	0.000	2.526	2.526
952	  F	 20.4	  0.0	0.000	3.688	3.688
953	  T	 18.7	  0.0	0.000	3.688	3.688
954	  T	  4.6	  0.0	0.000	3.277	3.277
955	  T	 14.6	  0.0	0.000	3.030	3.030
956	  W	 14.8	  0.0	0.000	2.881	2.881
957	  T	 13.3	  0.1	0.000	1.082	1.082
958	  S	  2.5	  0.5	0.000	0.000	0.000
959	  T	  1.4	  0.6	0.000	0.000	0.000
960	  D	  0.8	 10.0	0.000	0.000	0.000
961	  S	  0.4	 10.1	0.000	0.000	0.000
962	  N	  0.1	  9.7	0.000	0.000	0.000
963	  G	  0.0	  9.6	0.000	0.000	0.000
964	  F	  0.0	  0.5	0.000	0.000	0.000
965	  P	  0.0	  0.2	0.000	0.000	0.000
966	  T	  0.4	  0.3	0.000	0.000	0.000
967	  T	  0.9	  0.6	0.000	0.000	0.000
968	  D	  0.9	  0.6	0.000	0.000	0.000
969	  S	  0.5	  0.5	0.000	1.260	1.260
970	  G	  0.0	  0.5	0.000	10.765	10.765
971	  V	  6.8	  0.2	0.000	82.223	82.223
972	  V	 20.0	  0.0	0.000	84.440	84.440
973	  I	 23.1	  0.0	0.000	84.440	84.440
974	  V	 18.2	  0.0	0.000	84.370	84.370
975	  T	  5.1	  0.1	0.000	76.730	76.730
976	  T	  2.0	  0.2	0.000	30.210	30.210
977	  D	  0.7	 10.4	0.000	0.000	0.000
978	  S	  0.4	 10.9	0.000	0.000	0.000
979	  D	  0.0	 11.0	0.000	0.000	0.000
980	  G	  0.0	 11.0	0.000	0.000	0.000
981	  S	  1.4	  0.7	0.000	0.000	0.000
982	  L	  1.6	  0.2	0.000	0.000	0.000
983	  T	  3.3	  0.1	0.000	0.000	0.000
984	  T	  3.5	  0.0	0.000	0.000	0.000
985	  T	  6.1	  0.1	0.000	0.000	0.000
986	  T	  5.2	  0.1	0.000	0.000	0.000
987	  S	  4.3	  0.1	0.000	0.000	0.000
988	  T	  1.6	  0.1	0.000	0.000	0.000
989	  I	  0.8	  0.1	0.000	0.000	0.000
990	  P	  0.0	  1.4	0.000	0.000	0.000
991	  P	  0.0	  1.5	0.000	0.000	0.000
992	  G	  0.1	  1.5	0.000	0.000	0.000
993	  V	  1.9	  1.5	0.000	0.000	0.000
994	  T	  2.2	  0.0	0.000	0.000	0.000
995	  T	  2.3	  0.5	0.000	0.000	0.000
996	  E	  0.5	  0.6	0.000	0.000	0.000
997	  S	  0.3	  0.6	0.106	0.000	0.000
998	  G	  0.1	  0.6	0.106	0.000	0.000
999	  M	  0.4	  0.2	0.106	4.166	4.166
1000	  T	  3.3	  0.0	0.106	7.341	7.341
1001	  T	 21.2	  0.0	0.106	12.635	12.635
1002	  F	 22.2	  0.0	0.106	20.443	20.443
1003	  T	 21.7	  0.0	0.000	20.642	20.642
1004	  T	  6.7	  0.0	0.000	20.472	20.472
1005	  W	  5.6	  0.0	0.000	20.370	20.370
1006	  W	  4.1	  0.0	0.000	18.974	18.974
1007	  T	  2.6	  0.0	0.000	8.686	8.686
1008	  T	  2.6	  0.1	0.000	2.297	2.297
1009	  T	  2.3	  0.2	0.000	0.849	0.849
1010	  D	  0.8	  9.4	0.000	0.000	0.000
1011	  S	  0.5	 12.5	0.000	0.000	0.000
1012	  N	  0.0	 12.5	0.000	0.000	0.000
1013	  G	  0.0	 12.4	0.000	0.000	0.000
1014	  K	  0.0	  3.3	0.000	0.000	0.000
1015	  P	  0.0	  0.2	0.000	0.000	0.000
1016	  T	  0.4	  0.3	0.000	0.000	0.000
1017	  T	  0.9	  0.5	0.000	0.000	0.000
1018	  D	  0.9	  0.6	0.000	0.000	0.000
1019	  S	  0.5	  0.5	0.000	1.260	1.260
1020	  G	  0.0	  0.5	0.000	10.766	10.766
1021	  V	  6.8	  0.2	0.000	82.224	82.224
1022	  V	 20.0	  0.0	0.000	84.442	84.442
1023	  I	 23.1	  0.0	0.000	84.442	84.442
1024	  V	 18.3	  0.0	0.000	84.371	84.371
1025	  T	  5.1	  0.1	0.000	76.731	76.731
1026	  T	  2.0	  0.2	0.000	30.211	30.211
1027	  D	  0.7	 10.5	0.000	0.000	0.000
1028	  S	  0.4	 11.0	0.000	0.000	0.000
1029	  D	  0.0	 11.0	0.000	0.000	0.000
1030	  G	  0.0	 10.9	0.000	0.000	0.000
1031	  R	  0.6	  0.6	0.000	0.000	0.000
1032	  L	  0.8	  0.1	0.000	0.288	0.288
1033	  T	  2.5	  0.1	0.000	0.288	0.288
1034	  T	  3.5	  0.0	0.000	0.511	0.511
1035	  T	  6.0	  0.1	0.000	0.881	0.881
1036	  T	  4.7	  0.1	0.000	0.881	0.881
1037	  S	  3.6	  0.1	0.000	0.881	0.881
1038	  I	  4.5	  0.0	0.000	0.881	0.881
1039	  I	  4.4	  0.0	0.000	0.881	0.881
1040	  S	  3.8	  0.1	0.000	0.000	0.000
1041	  P	  0.2	  0.1	0.000	0.000	0.000
1042	  A	  0.0	  0.1	0.000	0.000	0.000
1043	  E	  0.0	  0.1	0.000	0.000	0.000
1044	  T	  0.1	  0.5	0.000	0.000	0.000
1045	  P	  0.1	  0.6	0.000	0.000	0.000
1046	  S	  0.4	  1.0	0.000	0.000	0.000
1047	  S	  0.4	  1.2	0.000	0.000	0.000
1048	  T	  0.4	  0.7	0.000	0.000	0.000
1049	  G	  0.2	  0.6	0.000	0.000	0.000
1050	  M	  0.7	  0.3	0.000	0.000	0.000
1051	  T	  2.1	  0.1	0.000	0.000	0.000
1052	  S	  9.0	  0.1	0.000	0.000	0.000
1053	  F	  9.8	  0.1	0.000	0.157	0.157
1054	  T	 10.9	  0.0	0.000	0.157	0.157
1055	  T	  5.0	  0.0	0.000	0.157	0.157
1056	  S	  8.4	  0.0	0.000	0.157	0.157
1057	  W	  6.8	  0.0	0.000	0.157	0.157
1058	  T	  7.2	  0.0	0.000	0.000	0.000
1059	  T	  2.8	  0.1	0.000	0.000	0.000
1060	  T	  2.4	  0.2	0.000	0.000	0.000
1061	  D	  0.9	  0.9	0.000	0.000	0.000
1062	  S	  0.7	  1.6	0.000	0.000	0.000
1063	  H	  0.3	  1.5	0.000	0.000	0.000
1064	  G	  0.3	  1.4	0.000	0.000	0.000
1065	  K	  0.1	  0.9	0.000	0.000	0.000
1066	  P	  0.0	  0.2	0.000	0.000	0.000
1067	  T	  0.1	  0.4	0.000	0.152	0.152
1068	  T	  0.2	  1.3	0.000	0.285	0.285
1069	  G	  0.2	  1.3	0.000	0.505	0.505
1070	  S	  0.2	  1.3	0.000	3.092	3.092
1071	  G	  0.0	  1.1	0.000	22.604	22.604
1072	  V	  6.7	  0.2	0.000	84.595	84.595
1073	  V	 19.9	  0.0	0.000	86.519	86.519
1074	  I	 23.0	  0.0	0.000	86.519	86.519
1075	  V	 18.2	  0.0	0.000	86.375	86.375
1076	  T	  5.1	  0.1	0.000	70.426	70.426
1077	  T	  2.0	  0.2	0.000	27.660	27.660
1078	  D	  0.7	 10.5	0.000	0.000	0.000
1079	  S	  0.4	 10.9	0.000	0.000	0.000
1080	  D	  0.0	 11.0	0.000	0.000	0.000
1081	  G	  0.0	 10.9	0.000	0.000	0.000
1082	  S	  0.5	  0.5	0.000	0.740	0.740
1083	  W	  0.9	  0.1	0.000	7.056	7.056
1084	  I	 11.2	  0.0	0.000	7.226	7.226
1085	  T	 13.2	  0.0	0.000	7.226	7.226
1086	  L	 13.3	  0.0	0.000	7.226	7.226
1087	  T	  4.2	  0.1	0.000	6.764	6.764
1088	  S	  2.2	  0.1	0.000	1.215	1.215
1089	  T	  1.7	  0.1	0.000	0.393	0.393
1090	  Y	  1.0	  0.1	0.000	0.000	0.000
1091	  P	  0.0	  0.2	0.000	0.000	0.000
1092	  P	  0.0	  0.3	0.000	0.000	0.000
1093	  T	  2.9	  0.3	0.000	0.000	0.000
1094	  T	  3.0	  0.4	0.000	0.000	0.000
1095	  S	  3.2	  1.1	0.000	0.000	0.000
1096	  E	  0.4	  1.3	0.000	0.000	0.000
1097	  S	  0.3	  1.4	0.000	0.000	0.000
1098	  S	  0.1	  1.5	0.182	0.000	0.000
1099	  G	  0.1	  0.6	0.182	0.000	0.000
1100	  L	  0.5	  0.4	0.182	1.028	1.028
1101	  T	  2.0	  0.2	0.182	1.028	1.028
1102	  S	  9.5	  0.1	0.182	1.156	1.156
1103	  F	 10.5	  0.1	0.182	2.961	2.961
1104	  T	  9.6	  0.0	0.000	2.961	2.961
1105	  T	  2.7	  0.0	0.000	2.760	2.760
1106	  A	  1.4	  0.0	0.000	2.639	2.639
1107	  W	  1.7	  0.0	0.000	2.639	2.639
1108	  T	  2.8	  0.0	0.000	1.040	1.040
1109	  T	  3.0	  0.2	0.000	0.156	0.156
1110	  T	  2.1	  0.4	0.000	0.000	0.000
1111	  D	  0.5	  0.8	0.000	0.000	0.000
1112	  D	  0.0	  3.0	0.000	0.000	0.000
1113	  H	  0.1	  2.9	0.000	0.000	0.000
1114	  G	  0.1	  2.7	0.000	0.000	0.000
1115	  K	  0.1	  2.4	0.000	0.000	0.000
1116	  P	  0.0	  0.2	0.000	0.149	0.149
1117	  T	  1.9	  0.2	0.000	12.301	12.301
1118	  T	 18.1	  0.2	0.000	23.384	23.384
1119	  V	 18.6	  0.1	0.000	41.787	41.787
1120	  S	 16.8	  0.1	0.000	43.299	43.299
1121	  G	  0.6	  0.1	0.000	54.707	54.707
1122	  I	  7.2	  0.1	0.000	91.115	91.115
1123	  V	 18.3	  0.0	0.000	92.304	92.304
1124	  V	 20.4	  0.0	0.000	92.157	92.157
1125	  V	 15.1	  0.0	0.000	90.286	90.286
1126	  T	  3.9	  0.1	0.000	59.480	59.480
1127	  T	  2.0	  0.2	0.000	23.092	23.092
1128	  D	  0.7	 10.6	0.000	0.000	0.000
1129	  S	  0.4	 11.3	0.000	0.000	0.000
1130	  D	  0.0	 11.3	0.000	0.000	0.000
1131	  G	  0.0	 11.2	0.140	0.000	0.000
1132	  C	  0.3	  0.8	0.140	0.000	0.000
1133	  L	  0.5	  0.1	0.140	0.520	0.520
1134	  T	  3.4	  0.0	0.280	0.520	0.520
1135	  T	 21.4	  0.0	0.409	0.520	0.520
1136	  Y	 25.4	  0.0	0.409	0.520	0.520
1137	  T	 23.6	  0.1	0.269	0.520	0.520
1138	  A	  6.9	  0.1	0.269	0.298	0.298
1139	  T	  2.7	  0.1	0.269	0.112	0.112
1140	  F	  1.7	  1.1	0.269	0.000	0.000
1141	  P	  0.6	  1.1	0.000	0.000	0.000
1142	  D	  0.0	  1.1	0.000	0.000	0.000
1143	  K	  0.1	  1.1	0.000	0.000	0.000
1144	  T	  0.1	  0.0	0.000	0.000	0.000
1145	  P	  0.1	  0.0	0.000	0.000	0.000
1146	  A	  0.0	  0.3	0.000	0.000	0.000
1147	  P	  0.0	  0.4	0.000	0.000	0.000
1148	  T	  0.4	  0.4	0.000	0.000	0.000
1149	  D	  1.5	  0.4	0.000	0.000	0.000
1150	  V	  4.2	  0.1	0.000	0.000	0.000
1151	  T	  4.4	  0.1	0.000	0.000	0.000
1152	  S	  4.2	  0.1	0.000	0.000	0.000
1153	  H	  2.1	  0.1	0.000	0.000	0.000
1154	  T	  2.2	  0.1	0.000	0.000	0.000
1155	  S	  1.7	  0.1	0.000	0.000	0.000
1156	  T	 15.1	  0.0	0.000	0.000	0.000
1157	  W	 15.1	  0.0	0.000	0.000	0.000
1158	  T	 15.9	  0.0	0.000	0.000	0.000
1159	  T	  2.5	  0.1	0.000	0.000	0.000
1160	  T	  1.7	  0.1	0.087	0.000	0.000
1161	  D	  0.4	 11.8	0.087	0.000	0.000
1162	  E	  0.0	 12.7	0.087	0.000	0.000
1163	  D	  0.0	 12.7	0.087	0.000	0.000
1164	  G	  0.0	 12.7	0.389	0.000	0.000
1165	  K	  1.6	  1.0	0.389	0.000	0.000
1166	  L	  1.8	  0.1	0.302	0.000	0.000
1167	  T	  4.5	  0.1	0.302	0.000	0.000
1168	  T	  6.0	  0.4	0.302	0.000	0.000
1169	  K	  5.8	  0.5	0.302	0.000	0.000
1170	  S	  3.3	  0.6	0.000	0.440	0.440
1171	  G	  0.2	  0.6	0.000	4.601	4.601
1172	  I	  2.0	  0.2	0.000	11.575	11.575
1173	  I	  3.3	  0.0	0.000	11.803	11.803
1174	  C	  3.7	  0.0	0.000	11.803	11.803
1175	  V	  3.5	  0.0	0.000	11.803	11.803
1176	  T	  2.6	  0.1	0.000	11.153	11.153
1177	  T	  2.6	  0.1	0.000	4.328	4.328
1178	  D	  2.1	  0.1	0.000	0.000	0.000
1179	  V	  2.2	  0.3	0.000	0.000	0.000
1180	  K	  1.8	  0.6	0.000	0.000	0.000
1181	  G	  0.5	  0.6	0.000	0.000	0.000
1182	  S	  1.5	  0.6	0.000	0.000	0.000
1183	  L	  1.8	  0.3	0.000	0.000	0.000
1184	  T	  3.4	  0.1	0.000	0.000	0.000
1185	  T	  3.4	  0.0	0.000	0.000	0.000
1186	  T	  5.6	  0.1	0.000	0.000	0.000
1187	  T	  5.4	  0.1	0.000	0.000	0.000
1188	  S	  6.6	  0.1	0.000	0.000	0.000
1189	  Y	 11.5	  0.0	0.000	0.000	0.000
1190	  C	 10.5	  0.0	0.000	0.000	0.000
1191	  E	  8.0	  0.1	0.000	0.000	0.000
1192	  P	  0.5	  0.1	0.000	0.000	0.000
1193	  K	  0.2	  0.2	0.000	0.000	0.000
1194	  K	  1.0	  0.2	0.000	0.000	0.000
1195	  T	  3.5	  0.1	0.000	0.000	0.000
1196	  T	  4.0	  0.1	0.000	0.000	0.000
1197	  S	  3.6	  0.1	0.000	0.000	0.000
1198	  T	 11.6	  0.1	0.000	0.000	0.000
1199	  V	 12.4	  0.1	0.000	0.000	0.000
1200	  T	 13.3	  0.1	0.000	0.000	0.000
1201	  K	  3.1	  0.2	0.000	0.000	0.000
1202	  T	  1.5	  0.4	0.000	0.000	0.000
1203	  D	  0.2	  0.8	0.000	0.000	0.000
1204	  D	  0.0	  2.1	0.000	0.000	0.000
1205	  H	  0.1	  2.1	0.000	0.000	0.000
1206	  G	  0.1	  1.9	0.000	0.000	0.000
1207	  R	  2.8	  1.5	0.000	0.000	0.000
1208	  V	  6.7	  0.1	0.000	0.833	0.833
1209	  I	 10.1	  0.0	0.000	0.833	0.833
1210	  T	  7.9	  0.0	0.000	0.833	0.833
1211	  R	  4.7	  0.0	0.000	0.833	0.833
1212	  T	  3.4	  0.0	0.000	21.570	21.570
1213	  I	  7.8	  0.0	0.000	21.570	21.570
1214	  I	  9.0	  0.0	0.000	21.570	21.570
1215	  I	  7.5	  0.0	0.000	21.570	21.570
1216	  C	  2.6	  0.1	0.000	21.570	21.570
1217	  E	  0.9	  0.1	0.000	0.833	0.833
1218	  T	  0.7	  0.2	0.000	0.674	0.674
1219	  T	  0.7	  0.3	0.000	0.136	0.136
1220	  D	  0.6	  0.8	0.000	0.000	0.000
1221	  K	  0.2	  1.1	0.000	0.000	0.000
1222	  Q	  0.0	  1.0	0.000	0.000	0.000
1223	  G	  0.0	  1.0	0.000	0.000	0.000
1224	  H	  0.5	  0.4	0.000	0.000	0.000
1225	  L	  0.8	  0.1	0.000	0.984	0.984
1226	  T	  2.7	  0.0	0.000	0.984	0.984
1227	  T	 12.8	  0.0	0.000	0.984	0.984
1228	  V	 14.9	  0.0	0.000	0.984	0.984
1229	  T	 13.7	  0.1	0.000	0.984	0.984
1230	  S	  4.2	  0.1	0.000	0.125	0.125
1231	  T	  2.0	  0.1	0.000	0.000	0.000
1232	  C	  1.3	  0.4	0.000	0.000	0.000
1233	  P	  0.3	  0.3	0.000	0.000	0.000
1234	  E	  3.2	  0.3	0.000	0.000	0.000
1235	  I	  6.4	  0.3	0.000	43.823	43.823
1236	  T	  8.3	  0.0	0.000	46.901	46.901
1237	  T	 10.1	  0.0	0.000	47.085	47.085
1238	  V	  9.3	  0.0	0.000	47.085	47.085
1239	  V	  9.0	  0.0	0.000	47.085	47.085
1240	  T	  6.5	  0.0	0.000	38.662	38.662
1241	  T	  4.8	  0.1	0.000	7.971	7.971
1242	  K	  3.3	  1.4	0.000	0.000	0.000
1243	  K	  1.0	  1.7	0.000	0.000	0.000
1244	  D	  0.0	  1.8	0.000	0.000	0.000
1245	  G	  0.0	  1.7	0.000	0.292	0.292
1246	  A	  0.4	  0.4	0.000	1.141	1.141
1247	  F	  1.9	  0.1	0.000	1.900	1.900
1248	  T	  2.7	  0.1	0.106	1.900	1.900
1249	  T	  5.1	  0.1	0.215	1.900	1.900
1250	  L	  4.3	  0.1	0.215	1.900	1.900
1251	  T	  3.8	  0.0	0.215	1.030	1.030
1252	  A	  1.2	  0.0	0.215	0.473	0.473
1253	  E	  0.9	  0.0	0.215	0.000	0.000
1254	  I	  1.2	  0.0	0.109	0.000	0.000
1255	  C	  1.2	  0.1	0.109	0.000	0.000
1256	  E	  0.8	  0.1	0.000	0.000	0.000
1257	  T	  2.6	  0.1	0.000	0.577	0.577
1258	  I	  3.4	  0.1	0.000	1.615	1.615
1259	  I	  4.7	  1.3	0.000	1.615	1.615
1260	  H	  2.4	  1.3	0.000	1.615	1.615
1261	  G	  1.6	  1.3	0.159	1.615	1.615
1262	  V	  1.0	  1.3	0.159	2.106	2.106
1263	  A	  1.0	  0.0	0.159	2.106	2.106
1264	  T	  3.7	  0.0	0.159	2.106	2.106
1265	  T	 21.6	  0.0	0.159	2.106	2.106
1266	  Y	 28.1	  0.0	0.159	2.106	2.106
1267	  T	 25.6	  0.0	0.000	0.792	0.792
1268	  K	  7.9	  0.0	0.000	0.000	0.000
1269	  P	  0.1	  0.0	0.000	0.000	0.000
1270	  Y	  0.0	  0.0	0.000	0.000	0.000
1271	  P	  0.0	  0.2	0.000	0.000	0.000
1272	  P	  0.0	  0.3	0.000	0.000	0.000
1273	  K	  0.1	  0.4	0.000	0.000	0.000
1274	  K	  0.4	  0.4	0.000	0.000	0.000
1275	  S	  1.2	  0.2	0.000	0.000	0.000
1276	  Y	  2.4	  0.1	0.000	0.617	0.617
1277	  V	  2.7	  0.1	0.000	0.735	0.735
1278	  S	  2.5	  0.1	0.000	0.735	0.735
1279	  T	 19.6	  0.1	0.000	0.735	0.735
1280	  Y	 20.2	  0.1	0.000	0.735	0.735
1281	  T	 21.0	  0.0	0.000	0.442	0.442
1282	  T	  4.9	  0.0	0.000	0.148	0.148
1283	  T	  3.8	  0.4	0.000	0.148	0.148
1284	  K	  2.5	  1.2	0.000	0.000	0.000
1285	  D	  0.4	  2.2	0.000	0.000	0.000
1286	  D	  0.0	  2.3	0.000	0.000	0.000
1287	  G	  0.1	  2.0	0.000	0.000	0.000
1288	  R	  3.1	  1.0	0.000	0.000	0.000
1289	  I	  3.5	  0.1	0.000	0.000	0.000
1290	  E	  3.5	  0.1	0.000	0.000	0.000
1291	  T	  2.6	  0.1	0.000	0.000	0.000
1292	  R	  2.1	  0.2	0.000	0.000	0.000
1293	  S	  2.2	  0.1	0.000	0.000	0.000
1294	  E	  0.6	  0.1	0.000	0.000	0.000
1295	  V	  6.7	  0.0	0.000	0.000	0.000
1296	  L	  8.3	  0.0	0.000	0.000	0.000
1297	  V	 11.6	  0.0	0.000	0.000	0.000
1298	  V	  6.2	  0.0	0.000	0.000	0.000
1299	  E	  4.4	  0.1	0.000	0.000	0.000
1300	  T	  0.7	  0.1	0.000	0.000	0.000
1301	  D	  0.2	  0.9	0.000	0.000	0.000
1302	  A	  0.1	  1.4	0.000	0.000	0.000
1303	  E	  0.1	  1.5	0.000	0.000	0.000
1304	  G	  0.0	  1.5	0.000	0.000	0.000
1305	  H	  0.2	  0.8	0.000	0.000	0.000
1306	  E	  0.2	  0.3	0.000	0.000	0.000
1307	  Q	  0.3	  0.2	0.000	0.000	0.000
1308	  T	  0.8	  0.2	0.000	0.000	0.000
1309	  R	  1.4	  0.1	0.000	0.000	0.000
1310	  T	  5.3	  0.1	0.000	0.000	0.000
1311	  V	  5.3	  0.2	0.000	0.000	0.000
1312	  A	  4.6	  0.2	0.000	0.000	0.000
1313	  D	  0.8	  0.2	0.000	0.000	0.000
1314	  T	  0.3	  0.2	0.000	0.000	0.000
1315	  E	  0.2	  0.1	0.000	0.000	0.000
1316	  A	  0.1	  0.1	0.000	0.000	0.000
1317	  P	  0.0	  0.0	0.000	0.000	0.000
1318	  P	  0.0	  0.0	0.000	0.000	0.000
1319	  S	  0.0	  0.4	0.000	0.000	0.000
1320	  P	  0.0	  0.4	0.000	0.000	0.000
1321	  T	  4.0	  0.4	0.000	0.000	0.000
1322	  V	  5.8	  0.4	0.000	0.000	0.000
1323	  A	  5.9	  0.0	0.000	0.000	0.000
1324	  H	  2.3	  0.2	0.000	0.000	0.000
1325	  Q	  0.5	  0.2	0.000	0.000	0.000
1326	  S	  0.5	  0.2	0.000	0.000	0.000
1327	  R	  0.2	  0.2	0.000	0.000	0.000
1328	  L	  0.2	  0.0	0.000	0.000	0.000
1329	  P	  0.0	  2.0	0.000	0.000	0.000
1330	  P	  0.0	  2.2	0.000	0.000	0.000
1331	  G	  0.0	  2.8	0.000	0.000	0.000
1332	  E	  0.0	  2.8	0.000	0.000	0.000
1333	  G	  0.0	  0.8	0.000	0.000	0.000
1334	  A	  0.0	  1.0	0.000	0.000	0.000
1335	  P	  0.0	  0.5	0.000	0.000	0.000
1336	  S	  0.1	  0.5	0.000	0.000	0.000
1337	  Q	  0.4	  0.5	0.000	0.000	0.000
1338	  A	  0.4	  0.1	0.000	0.000	0.000
1339	  S	  0.4	  3.9	0.000	0.000	0.000
1340	  P	  0.1	  4.2	0.000	0.000	0.000
1341	  S	  0.0	  4.2	0.000	0.000	0.000
1342	  D	  0.5	  4.2	0.000	0.000	0.000
1343	  V	  0.9	  0.3	0.000	0.000	0.000
1344	  A	  0.9	  0.2	0.000	0.000	0.000
1345	  P	  0.4	  0.3	0.000	0.000	0.000
1346	  T	  0.4	  0.3	0.000	0.000	0.000
1347	  S	  0.6	  0.3	0.000	0.000	0.000
1348	  A	  1.0	  0.1	0.000	0.246	0.246
1349	  I	  1.4	  0.1	0.000	0.246	0.246
1350	  S	  1.8	  0.1	0.000	0.246	0.246
1351	  T	 12.1	  0.1	0.000	0.246	0.246
1352	  F	 11.6	  0.9	0.000	0.246	0.246
1353	  E	 11.0	  0.8	0.000	0.000	0.000
1354	  G	  0.3	  1.0	0.000	0.000	0.000
1355	  V	  0.1	  1.4	0.000	0.000	0.000
1356	  G	  0.4	  0.6	0.000	0.000	0.000
1357	  S	  0.5	  0.6	0.000	0.000	0.000
1358	  A	  0.3	  0.5	0.000	0.000	0.000
1359	  P	  0.1	  0.2	0.000	0.000	0.000
1360	  K	  0.2	  0.2	0.000	0.000	0.000
1361	  I	  0.4	  0.3	0.000	3.478	3.478
1362	  G	  0.5	  0.2	0.433	3.731	3.731
1363	  L	  2.5	  0.2	0.433	3.961	3.961
1364	  T	  3.0	  0.2	0.433	3.961	3.961
1365	  L	  4.8	  0.0	0.433	3.961	3.961
1366	  L	  2.7	  0.0	0.433	3.447	3.447
1367	  L	  1.9	  0.1	0.623	0.281	0.281
1368	  P	  0.1	  0.1	0.190	0.859	0.859
1369	  L	  0.3	  0.2	0.190	50.875	50.875
1370	  A	  0.5	  0.2	0.190	59.048	59.048
1371	  L	  0.8	  0.1	0.190	59.048	59.048
1372	  F	  1.2	  0.1	0.190	59.048	59.048
1373	  A	  1.3	  0.0	0.000	58.936	58.936
1374	  L	  1.0	  0.0	0.000	55.667	55.667
1375	  F	  0.3	  0.0	0.000	0.000	0.000
