res	aa	Beta	Turn	Helix	Aggregation	Conc-Stab_Aggregation
01	  M	  0.1	  0.3	0.000	0.000	0.000
02	  S	  0.1	  0.4	0.853	0.000	0.000
03	  D	  0.1	  1.8	1.161	0.000	0.000
04	  A	  0.0	  1.9	1.161	0.000	0.000
05	  G	  0.0	  1.7	1.161	0.000	0.000
06	  R	  0.2	  1.7	1.161	0.000	0.000
07	  K	  0.5	  0.3	1.161	0.000	0.000
08	  S	  8.0	  0.2	0.563	0.000	0.000
09	  F	  9.4	  0.2	0.563	0.000	0.000
10	  T	  9.2	  0.1	0.000	0.000	0.000
11	  D	  1.8	  0.2	0.328	0.000	0.000
12	  K	  0.3	  0.3	0.328	0.000	0.000
13	  A	  0.1	  0.3	0.328	0.000	0.000
14	  S	  0.2	  0.3	0.328	0.000	0.000
15	  E	  0.1	  0.2	0.328	0.000	0.000
16	  A	  1.5	  0.1	0.328	0.000	0.000
17	  V	  2.1	  0.0	0.185	0.000	0.000
18	  K	  2.0	  1.5	0.185	0.000	0.000
19	  P	  0.6	  1.6	0.000	0.000	0.000
20	  D	  0.1	  1.8	0.157	0.000	0.000
21	  S	  0.3	  2.0	0.157	0.000	0.000
22	  Q	  0.3	  0.8	0.157	0.000	0.000
23	  K	  0.2	  0.7	0.157	0.000	0.000
24	  G	  0.0	  0.5	0.315	0.000	0.000
25	  Y	  0.7	  0.3	0.315	0.000	0.000
26	  L	  0.8	  0.2	0.158	0.000	0.000
27	  E	  0.8	  1.2	0.158	0.000	0.000
28	  K	  0.2	  1.3	0.158	0.000	0.000
29	  G	  0.0	  1.4	0.158	0.000	0.000
30	  K	  0.5	  1.2	0.000	0.000	0.000
31	  E	  1.1	  0.1	0.000	0.000	0.000
32	  V	  3.8	  0.1	0.000	0.000	0.000
33	  V	  4.8	  0.0	0.000	0.000	0.000
34	  T	  4.4	  0.1	0.000	0.000	0.000
35	  D	  1.7	  0.1	0.639	0.000	0.000
36	  K	  1.6	  0.1	0.971	0.000	0.000
37	  V	  1.6	  0.1	0.971	0.000	0.000
38	  D	  1.5	  0.2	2.104	0.000	0.000
39	  E	  0.2	  0.2	2.104	0.000	0.000
40	  L	  0.1	  0.7	2.104	0.000	0.000
41	  A	  0.1	  0.9	2.104	0.000	0.000
42	  G	  0.1	  1.1	2.104	0.000	0.000
43	  K	  0.1	  1.1	1.539	0.000	0.000
44	  G	  0.1	  0.6	0.127	0.000	0.000
45	  T	  0.1	  0.7	0.640	0.000	0.000
46	  P	  0.0	  0.6	0.640	0.000	0.000
47	  E	  0.0	  0.7	0.640	0.000	0.000
48	  D	  0.1	  1.1	0.640	0.000	0.000
49	  Q	  0.1	  0.9	0.640	0.000	0.000
50	  K	  0.1	  0.6	0.640	0.000	0.000
51	  G	  0.0	  0.8	0.566	0.000	0.000
52	  L	  0.0	  0.5	0.144	0.000	0.000
53	  G	  0.0	  0.5	0.749	0.000	0.000
54	  Q	  0.2	  0.5	0.749	0.000	0.000
55	  S	  0.3	  0.2	0.749	0.000	0.000
56	  L	  0.3	  0.5	0.749	0.000	0.000
57	  A	  0.2	  0.4	0.749	0.000	0.000
58	  D	  0.1	  0.5	0.749	0.000	0.000
59	  S	  0.4	  0.6	0.195	0.000	0.000
60	  A	  0.5	  0.3	0.000	0.000	0.000
61	  H	  0.5	  1.2	0.000	0.000	0.000
62	  Q	  0.2	  1.1	0.000	0.000	0.000
63	  G	  0.1	  1.1	0.594	0.000	0.000
64	  K	  0.1	  1.6	0.991	0.000	0.000
65	  E	  0.1	  0.7	1.219	0.000	0.000
66	  D	  0.1	  0.9	3.558	0.000	0.000
67	  A	  0.1	  0.8	3.558	0.000	0.000
68	  K	  0.3	  0.3	3.558	0.000	0.000
69	  K	  0.4	  0.3	3.406	0.000	0.000
70	  E	  0.5	  0.1	3.054	0.000	0.000
71	  A	  0.4	  0.2	2.695	0.000	0.000
72	  S	  0.6	  0.1	2.168	0.000	0.000
73	  S	  0.5	  0.1	0.801	0.000	0.000
74	  Q	  0.4	  0.4	0.281	0.000	0.000
75	  P	  0.1	  0.5	0.000	0.000	0.000
76	  S	  0.1	  0.7	0.198	0.000	0.000
77	  L	  0.1	  0.9	0.198	0.000	0.000
78	  G	  0.2	  0.7	0.198	0.000	0.000
79	  E	  0.1	  0.6	0.198	0.000	0.000
80	  T	  1.1	  0.4	0.778	0.000	0.000
81	  A	  1.2	  0.2	0.778	0.000	0.000
82	  Q	  1.4	  0.1	0.778	0.000	0.000
83	  E	  0.4	  0.0	0.580	0.000	0.000
84	  Y	  1.0	  0.0	1.094	0.000	0.000
85	  L	  0.9	  0.0	2.088	0.000	0.000
86	  E	  0.9	  0.0	2.572	0.000	0.000
87	  A	  0.3	  0.0	2.706	0.000	0.000
88	  A	  0.1	  0.1	2.706	0.000	0.000
89	  K	  0.4	  0.1	2.706	0.000	0.000
90	  E	  0.4	  0.1	2.154	0.000	0.000
91	  K	  0.5	  0.2	1.623	0.000	0.000
92	  A	  0.2	  0.3	0.630	0.000	0.000
93	  S	  0.2	  0.3	0.957	0.000	0.000
94	  E	  0.1	  0.2	0.446	0.000	0.000
95	  A	  0.1	  0.1	0.446	0.000	0.000
96	  A	  0.2	  0.1	0.446	0.000	0.000
97	  E	  0.2	  0.0	0.446	0.000	0.000
98	  Y	  1.7	  0.0	0.446	1.049	1.049
99	  V	  3.4	  0.0	0.000	1.310	1.310
100	  S	  3.4	  0.0	0.000	1.310	1.310
101	  Q	  2.5	  0.0	0.000	1.310	1.310
102	  V	  5.1	  0.1	0.000	1.310	1.310
103	  V	  5.5	  0.1	0.000	1.310	1.310
104	  S	  4.9	  0.9	0.132	0.117	0.117
105	  G	  0.6	  1.0	0.132	0.000	0.000
106	  A	  0.1	  1.0	0.132	0.000	0.000
107	  T	  0.1	  1.4	2.906	0.000	0.000
108	  E	  0.0	  0.8	2.906	0.000	0.000
109	  G	  0.0	  0.8	3.032	0.000	0.000
110	  A	  0.0	  1.0	2.900	0.000	0.000
111	  K	  0.1	  0.6	2.900	0.000	0.000
112	  N	  0.1	  0.4	2.900	0.000	0.000
113	  A	  0.1	  0.6	2.900	0.000	0.000
114	  A	  0.0	  0.4	2.036	0.000	0.000
115	  D	  0.1	  0.7	1.322	0.000	0.000
116	  S	  0.4	  0.7	0.417	0.000	0.000
117	  T	  2.4	  0.3	0.000	0.000	0.000
118	  K	  2.3	  0.3	0.000	0.000	0.000
119	  K	  2.0	  0.0	0.000	0.000	0.000
