res	aa	Beta	Turn	Helix	Aggregation	Conc-Stab_Aggregation
01	  M	  0.4	  0.0	0.000	0.128	0.128
02	  I	 13.1	  0.0	0.000	87.827	87.827
03	  T	 15.4	  0.0	0.839	90.886	90.886
04	  I	 16.1	  0.1	0.839	98.374	98.374
05	  L	  5.4	  0.1	0.839	99.024	99.024
06	  S	  3.6	  0.1	1.396	99.137	99.137
07	  F	  3.3	  0.1	1.396	99.978	99.978
08	  I	  2.9	  0.0	1.396	99.985	99.985
09	  L	  2.7	  0.0	1.396	99.917	99.917
10	  F	  3.6	  0.0	1.396	99.514	99.514
11	  F	  8.3	  0.0	1.223	94.296	94.296
12	  Q	  8.1	  0.0	0.778	16.245	16.245
13	  C	 15.3	  0.0	0.171	13.001	13.001
14	  I	 10.3	  0.2	0.171	12.442	12.442
15	  A	 10.0	  0.1	0.171	6.011	6.011
16	  G	  1.2	  0.1	0.171	0.559	0.559
17	  V	  0.1	  0.1	0.000	0.068	0.068
18	  P	  0.1	  0.0	0.000	0.030	0.030
19	  V	  0.1	  0.0	0.000	0.000	0.000
20	  P	  0.0	  0.0	0.000	0.000	0.000
21	  R	  2.9	  0.0	0.000	0.000	0.000
22	  V	  6.9	  0.0	0.000	0.000	0.000
23	  I	 10.6	  0.0	0.000	0.000	0.000
24	  T	  8.5	  0.0	0.000	0.000	0.000
25	  R	  5.0	  0.0	0.000	0.000	0.000
26	  W	  1.6	  0.0	0.000	0.000	0.000
27	  H	  1.7	  0.0	0.000	0.000	0.000
28	  T	  1.4	  0.0	0.000	0.000	0.000
29	  A	  1.1	  0.1	0.000	0.000	0.000
30	  E	  0.4	  0.0	0.000	0.000	0.000
31	  A	  0.5	  0.0	0.000	0.338	0.338
32	  V	  3.2	  0.0	0.000	0.738	0.738
33	  T	  3.9	  0.1	0.000	0.738	0.738
34	  S	  3.6	  0.1	0.000	0.738	0.738
35	  T	  1.7	  0.1	0.000	1.759	1.759
36	  A	  1.2	  0.1	0.000	3.070	3.070
37	  Y	  2.2	  0.0	0.000	4.347	4.347
38	  Y	  3.0	  0.1	0.000	4.516	4.516
39	  T	  2.8	  0.1	0.000	4.242	4.242
40	  T	  1.7	  0.5	0.000	4.011	4.011
41	  G	  0.2	  0.5	0.000	3.643	3.643
42	  T	  1.7	  0.5	0.000	4.335	4.335
43	  T	  3.6	  0.4	0.000	4.335	4.335
44	  T	  8.3	  0.0	0.000	4.335	4.335
45	  V	 11.4	  0.0	0.000	4.335	4.335
46	  W	  9.4	  0.0	0.000	4.335	4.335
47	  L	  4.8	  0.0	0.000	0.000	0.000
48	  P	  0.0	  0.0	0.000	0.000	0.000
49	  P	  0.0	  0.0	0.000	0.000	0.000
50	  V	  4.0	  0.0	0.000	0.000	0.000
51	  Q	  4.4	  0.0	0.000	0.000	0.000
52	  V	  8.7	  0.0	0.000	0.000	0.000
53	  D	  5.3	  0.9	0.000	0.000	0.000
54	  I	  6.0	  1.0	0.000	0.000	0.000
55	  S	  1.8	  3.7	0.000	0.000	0.000
56	  G	  1.1	  3.7	0.000	0.000	0.000
57	  D	  0.6	  2.8	0.000	0.000	0.000
58	  F	  1.7	  2.7	0.000	3.837	3.837
59	  T	  2.8	  0.0	0.000	3.974	3.974
60	  T	  4.7	  0.0	0.000	5.034	5.034
61	  T	 20.2	  0.0	0.000	5.925	5.925
62	  Y	 27.1	  0.0	0.000	6.481	6.481
63	  T	 32.7	  0.0	0.000	6.239	6.239
64	  V	 18.5	  0.0	0.000	6.094	6.094
65	  T	  9.7	  0.1	0.000	3.662	3.662
66	  T	  1.4	  0.2	0.000	1.723	1.723
67	  G	  0.1	  0.2	0.000	0.000	0.000
68	  Q	  0.4	  0.1	0.000	0.000	0.000
69	  W	  0.5	  0.0	0.000	0.000	0.000
70	  A	  0.7	  0.0	0.000	0.000	0.000
71	  T	  0.6	  0.0	0.000	0.000	0.000
72	  T	  0.4	  0.0	0.000	0.000	0.000
73	  P	  0.2	  0.0	0.000	0.000	0.000
74	  V	  7.2	  0.0	0.000	0.201	0.201
75	  T	  9.8	  0.0	0.000	0.201	0.201
76	  L	 10.3	  0.0	0.000	0.201	0.201
77	  T	  4.6	  0.2	0.000	0.201	0.201
78	  S	  1.9	  0.3	0.000	0.201	0.201
79	  S	  1.5	  0.3	0.125	0.000	0.000
80	  H	  0.5	  0.5	0.125	0.000	0.000
81	  A	  0.3	  0.9	0.125	0.000	0.000
82	  A	  0.2	  0.8	0.125	0.000	0.000
83	  G	  0.1	  0.8	0.125	0.000	0.000
84	  Q	  0.0	  1.1	0.125	0.000	0.000
85	  P	  0.0	  0.6	0.000	0.000	0.000
86	  D	  0.1	  1.5	0.000	0.000	0.000
87	  T	  0.8	  1.5	0.000	0.000	0.000
88	  D	  0.9	  1.0	0.000	0.000	0.000
89	  Q	  0.8	  0.9	0.000	0.000	0.000
90	  P	  0.0	  0.0	0.000	0.000	0.000
91	  E	  0.0	  0.2	0.000	0.000	0.000
92	  P	  0.0	  0.2	0.000	0.000	0.000
93	  T	  2.8	  0.2	0.000	0.000	0.000
94	  H	  3.2	  0.4	0.000	0.000	0.000
95	  T	  3.2	  0.5	0.000	0.000	0.000
96	  D	  0.5	  0.4	0.000	0.000	0.000
97	  N	  2.2	  0.4	0.000	0.000	0.000
98	  F	  2.6	  0.2	0.000	0.000	0.000
99	  Q	  2.5	  0.2	0.000	0.000	0.000
100	  P	  0.4	  0.3	0.000	0.000	0.000
101	  Q	  0.1	  0.4	0.000	0.000	0.000
102	  S	  0.2	  0.4	0.000	0.000	0.000
103	  S	  0.5	  0.4	0.000	0.000	0.000
104	  A	  0.5	  0.3	0.000	0.000	0.000
105	  H	  0.7	  0.4	0.000	0.000	0.000
106	  A	  0.5	  0.4	0.000	0.000	0.000
107	  T	  1.3	  0.3	0.000	0.000	0.000
108	  S	  4.7	  0.3	0.000	0.000	0.000
109	  T	  4.6	  0.1	0.000	0.000	0.000
110	  S	  3.8	  0.1	0.000	0.000	0.000
111	  P	  0.1	  0.0	0.000	0.000	0.000
112	  V	  0.8	  0.1	0.000	0.000	0.000
113	  A	  0.8	  0.1	0.000	0.000	0.000
114	  N	  0.9	  0.1	0.000	0.000	0.000
115	  T	  0.1	  0.4	0.000	0.000	0.000
116	  P	  0.1	  0.3	0.000	0.000	0.000
117	  T	  0.2	  0.3	0.000	0.000	0.000
118	  Q	  0.2	  0.9	0.000	0.000	0.000
119	  P	  0.2	  0.6	0.000	0.000	0.000
120	  N	  0.0	  0.6	0.000	0.000	0.000
121	  S	  0.0	  1.1	0.000	0.000	0.000
122	  P	  0.0	  0.5	0.000	0.000	0.000
123	  T	  2.7	  0.6	0.000	0.000	0.000
124	  A	  2.8	  0.7	0.000	0.000	0.000
125	  S	  2.9	  1.0	0.185	0.000	0.000
126	  E	  0.3	  1.0	0.185	0.000	0.000
127	  S	  0.9	  1.3	0.185	0.000	0.000
128	  T	  1.5	  1.3	0.185	0.000	0.000
129	  N	  1.5	  0.5	0.185	0.000	0.000
130	  S	  1.0	  0.5	0.185	0.000	0.000
131	  S	  0.2	  0.3	0.382	0.000	0.000
132	  P	  0.0	  0.3	0.382	0.000	0.000
133	  Q	  0.1	  0.3	0.382	0.000	0.000
134	  T	  0.7	  0.4	0.382	0.000	0.000
135	  T	  1.8	  0.1	0.382	0.000	0.000
136	  N	  1.7	  0.1	0.382	0.000	0.000
137	  Q	  1.2	  0.1	0.219	0.000	0.000
138	  P	  0.0	  0.0	0.000	0.000	0.000
139	  I	  0.2	  0.0	0.000	0.000	0.000
140	  Q	  0.3	  0.1	0.000	0.000	0.000
141	  T	  1.3	  0.1	0.000	0.000	0.000
142	  S	  1.2	  0.1	0.000	0.000	0.000
143	  A	  1.1	  0.3	0.000	0.000	0.000
144	  P	  0.1	  0.4	0.000	0.000	0.000
145	  S	  0.7	  0.4	0.000	0.000	0.000
146	  T	  3.5	  0.5	0.000	0.000	0.000
147	  T	  3.9	  0.1	0.000	0.000	0.000
148	  S	  3.5	  0.1	0.000	0.000	0.000
149	  I	  1.6	  0.1	0.000	0.000	0.000
150	  A	  1.4	  0.1	0.000	0.000	0.000
151	  S	  3.0	  0.3	0.000	0.000	0.000
152	  T	  3.3	  0.5	0.000	0.000	0.000
153	  S	  4.0	  1.2	0.000	0.000	0.000
154	  S	  3.0	  2.2	0.000	0.000	0.000
155	  S	  1.8	  3.8	0.000	0.000	0.000
156	  S	  1.0	  4.3	0.000	0.000	0.000
157	  D	  0.1	  3.5	0.000	0.000	0.000
158	  S	  0.8	  2.6	0.000	0.000	0.000
159	  A	  0.9	  0.8	0.000	0.000	0.000
160	  T	  1.6	  0.3	0.000	0.000	0.000
161	  S	  2.9	  0.5	0.000	0.000	0.000
162	  T	  4.0	  0.5	0.000	0.000	0.000
163	  S	  3.3	  2.3	0.000	0.000	0.000
164	  S	  1.4	  2.7	0.000	0.000	0.000
165	  D	  0.2	  3.6	0.000	0.000	0.000
166	  S	  0.4	  3.5	0.000	0.000	0.000
167	  S	  0.9	  1.7	0.000	0.000	0.000
168	  T	  3.4	  1.2	0.000	0.000	0.000
169	  T	  3.5	  0.2	0.000	0.000	0.000
170	  S	  5.6	  3.4	0.000	0.000	0.000
171	  A	  3.2	  3.6	0.000	0.000	0.000
172	  S	  2.8	  7.1	0.000	0.000	0.000
173	  G	  0.1	  7.3	0.000	0.000	0.000
174	  D	  0.1	  4.0	0.000	0.000	0.000
175	  N	  0.2	  3.8	0.281	0.000	0.000
176	  V	  1.3	  0.2	0.281	0.000	0.000
177	  L	  2.7	  0.0	0.281	0.000	0.000
178	  K	  4.4	  0.0	0.281	0.000	0.000
179	  V	  4.1	  0.1	0.281	0.000	0.000
180	  A	  2.5	  0.1	0.281	0.000	0.000
181	  N	  0.7	  7.4	0.110	0.000	0.000
182	  E	  0.0	 10.7	0.110	0.000	0.000
183	  N	  0.0	 10.6	0.000	0.000	0.000
184	  G	  0.1	 10.7	0.000	0.000	0.000
185	  Y	  2.1	  3.4	0.000	0.000	0.000
186	  D	  2.6	  0.3	0.000	0.000	0.000
187	  F	  3.8	  0.4	0.000	0.000	0.000
188	  S	  2.0	  0.4	0.218	0.000	0.000
189	  S	  4.2	  1.2	0.350	0.000	0.000
190	  A	  3.2	  1.0	0.350	0.000	0.000
191	  S	  3.9	  0.8	0.462	0.000	0.000
192	  I	  6.4	  0.8	0.462	0.000	0.000
193	  K	  7.7	  0.0	0.462	0.000	0.000
194	  L	  7.8	  0.0	0.244	0.000	0.000
195	  T	  3.0	  0.0	0.112	0.000	0.000
196	  K	  1.0	  0.2	0.112	0.000	0.000
197	  P	  0.1	  0.2	0.000	0.206	0.206
198	  S	  0.9	  0.2	0.000	16.722	16.722
199	  V	 14.3	  0.2	0.000	17.197	17.197
200	  I	 18.6	  0.0	0.000	17.197	17.197
201	  V	 24.3	  0.0	0.000	17.197	17.197
202	  Y	 11.6	  0.0	0.000	17.197	17.197
203	  S	  7.1	  0.2	0.000	0.475	0.475
204	  P	  0.3	  0.2	0.000	0.230	0.230
205	  Y	  0.3	  0.5	0.000	0.000	0.000
206	  S	  0.3	  2.1	0.000	0.000	0.000
207	  N	  0.3	  2.7	0.000	0.000	0.000
208	  D	  0.0	  3.0	0.000	0.000	0.000
209	  G	  0.1	  2.8	0.109	0.000	0.000
210	  S	  1.4	  1.1	0.109	0.000	0.000
211	  C	  1.6	  0.9	0.109	0.000	0.000
212	  K	  1.6	  0.6	0.109	0.000	0.000
213	  N	  1.0	  1.1	0.109	0.000	0.000
214	  Y	  1.0	  1.2	0.109	0.000	0.000
215	  D	  0.9	  0.6	0.116	0.000	0.000
216	  E	  2.3	  0.6	0.116	0.000	0.000
217	  V	  2.7	  0.1	0.227	0.000	0.000
218	  E	  2.7	  0.1	0.227	0.000	0.000
219	  T	  0.8	  0.1	0.959	0.000	0.000
220	  D	  0.4	  0.1	2.455	0.000	0.000
221	  L	  1.1	  0.1	2.455	0.000	0.000
222	  K	  1.2	  0.0	2.455	0.000	0.000
223	  F	  1.8	  0.0	2.455	0.000	0.000
224	  L	  1.3	  0.1	2.228	0.000	0.000
225	  K	  1.5	  0.1	2.074	0.000	0.000
226	  S	  0.9	  0.2	1.367	0.000	0.000
227	  I	  0.8	  0.4	0.891	0.000	0.000
228	  G	  0.7	  0.3	1.089	0.000	0.000
229	  I	  0.9	  0.3	0.198	0.000	0.000
230	  N	  0.8	  0.2	0.450	0.000	0.000
231	  K	  1.9	  0.0	0.450	0.000	0.000
232	  I	  2.6	  0.1	0.450	0.000	0.000
233	  R	  3.7	  0.1	0.450	0.000	0.000
234	  T	  3.3	  0.1	0.252	0.000	0.000
235	  Y	  2.4	  0.1	0.252	0.000	0.000
236	  G	  1.2	  0.1	0.120	0.000	0.000
237	  V	  2.6	  0.2	0.000	0.000	0.000
238	  D	  2.6	  0.5	0.000	0.000	0.000
239	  C	  4.1	  0.4	0.000	0.000	0.000
240	  N	  3.7	  0.3	0.159	0.161	0.161
241	  I	  6.3	  0.3	0.159	10.354	10.354
242	  V	  6.7	  0.0	0.159	10.354	10.354
243	  S	  5.0	  0.0	0.159	10.354	10.354
244	  A	  3.7	  0.0	0.159	10.354	10.354
245	  V	  2.3	  0.0	0.159	10.354	10.354
246	  L	  2.0	  0.0	0.159	0.735	0.735
247	  P	  0.4	  0.0	0.000	0.391	0.391
248	  I	  1.0	  0.1	0.000	0.000	0.000
249	  A	  1.1	  0.2	0.000	0.000	0.000
250	  S	  1.2	  0.3	0.000	0.000	0.000
251	  S	  3.0	  1.0	0.000	0.000	0.000
252	  L	  4.5	  0.9	0.000	0.000	0.000
253	  N	  5.1	  0.8	0.000	0.000	0.000
254	  F	  4.8	  0.8	0.000	0.000	0.000
255	  K	  4.7	  0.0	0.000	0.000	0.000
256	  V	  5.6	  0.0	0.000	0.000	0.000
257	  N	  3.3	  0.3	0.000	0.000	0.000
258	  Q	  1.6	  0.3	0.000	0.151	0.151
259	  G	  0.0	  0.3	0.000	0.607	0.607
260	  F	  0.8	  0.3	0.000	0.984	0.984
261	  W	  1.3	  0.0	0.000	0.984	0.984
262	  I	  1.3	  0.1	0.000	0.984	0.984
263	  S	  0.6	  0.2	0.000	0.833	0.833
264	  N	  0.0	  0.5	0.000	0.377	0.377
265	  A	  0.0	  0.5	0.000	0.173	0.173
266	  G	  0.1	  0.4	0.000	0.000	0.000
267	  V	  1.1	  0.4	0.000	0.000	0.000
268	  D	  1.3	  0.1	0.000	0.000	0.000
269	  S	  4.0	  0.6	0.000	0.000	0.000
270	  I	  3.1	  0.6	0.000	0.000	0.000
271	  D	  2.9	  1.0	0.000	0.000	0.000
272	  D	  0.2	  0.9	0.000	0.000	0.000
273	  S	  5.0	  0.9	0.000	0.000	0.000
274	  V	  5.6	  0.8	0.000	0.000	0.000
275	  N	  5.4	  0.4	0.110	0.000	0.000
276	  N	  0.9	  0.4	1.195	0.000	0.000
277	  L	  0.7	  0.1	1.195	0.000	0.000
278	  I	  3.5	  0.1	1.888	0.000	0.000
279	  D	  3.2	  0.1	7.319	0.000	0.000
280	  Y	  3.3	  0.1	7.319	0.000	0.000
281	  A	  0.6	  0.1	7.319	0.000	0.000
282	  K	  0.6	  0.2	7.215	0.000	0.000
283	  K	  0.1	  0.2	6.968	0.000	0.000
284	  N	  0.8	  0.3	6.542	0.000	0.000
285	  S	  5.4	  0.6	2.277	0.000	0.000
286	  W	  7.1	  0.5	0.640	0.000	0.000
287	  D	  8.4	  0.5	0.181	0.000	0.000
288	  V	  6.4	  0.4	0.000	0.000	0.000
289	  F	  6.3	  0.0	0.000	0.000	0.000
290	  D	  4.6	  0.0	1.309	0.000	0.000
291	  Y	  2.8	  0.0	1.309	0.277	0.277
292	  I	 13.4	  0.0	1.309	0.277	0.277
293	  T	 13.4	  0.0	1.309	0.277	0.277
294	  I	 12.7	  1.1	1.309	0.277	0.277
295	  G	  0.3	  1.1	1.525	0.277	0.277
296	  N	  0.0	  1.1	0.870	0.000	0.000
297	  E	  0.0	  1.1	0.648	0.000	0.000
298	  A	  0.7	  0.0	0.559	0.000	0.000
299	  I	  2.3	  0.0	0.559	0.000	0.000
300	  I	  2.6	  0.4	0.559	0.000	0.000
301	  E	  1.9	  0.4	0.559	0.000	0.000
302	  G	  0.5	  0.4	0.559	0.000	0.000
303	  Y	  1.2	  0.4	0.276	0.000	0.000
304	  A	  1.2	  0.0	0.000	0.000	0.000
305	  K	  1.1	  0.3	0.368	0.000	0.000
306	  P	  0.0	  0.4	1.253	0.000	0.000
307	  S	  0.0	  0.4	4.828	0.000	0.000
308	  E	  0.0	  0.4	5.717	0.000	0.000
309	  L	  0.6	  0.1	5.717	0.000	0.000
310	  I	  1.0	  0.1	5.821	0.000	0.000
311	  A	  1.3	  0.0	5.821	0.000	0.000
312	  K	  3.1	  0.0	5.821	0.000	0.000
313	  I	  3.9	  0.0	4.944	0.000	0.000
314	  K	  4.0	  0.0	4.944	0.000	0.000
315	  S	  3.1	  0.0	3.227	0.000	0.000
316	  V	  2.5	  0.1	1.710	0.000	0.000
317	  K	  2.1	  0.1	1.596	0.000	0.000
318	  K	  0.7	  0.1	0.826	0.000	0.000
319	  Q	  1.1	  0.1	0.672	0.000	0.000
320	  L	  1.3	  0.3	0.672	0.000	0.000
321	  Q	  1.2	  0.6	0.672	0.000	0.000
322	  D	  0.2	  3.1	0.672	0.000	0.000
323	  N	  0.1	  3.1	0.795	0.000	0.000
324	  G	  0.2	  2.9	0.458	0.000	0.000
325	  Y	  1.5	  2.7	0.230	0.000	0.000
326	  T	  1.6	  0.2	0.123	0.000	0.000
327	  G	  1.5	  0.2	0.123	0.000	0.000
328	  Q	  0.7	  0.2	0.123	0.000	0.000
329	  V	  2.5	  0.0	0.000	0.000	0.000
330	  T	  5.3	  0.0	0.000	0.000	0.000
331	  T	  5.0	  0.0	0.000	0.000	0.000
332	  S	  3.3	  0.0	0.000	0.000	0.000
333	  E	  0.4	  0.0	0.000	0.000	0.000
334	  P	  0.0	  0.0	0.000	0.000	0.000
335	  P	  0.0	  0.0	0.000	0.290	0.290
336	  A	  0.2	  0.0	0.000	0.290	0.290
337	  M	  1.0	  0.0	0.000	0.290	0.290
338	  F	  2.2	  0.0	0.000	0.290	0.290
339	  I	  2.8	  0.0	0.000	0.290	0.290
340	  K	  2.1	  0.0	0.000	0.000	0.000
341	  H	  0.8	  0.5	0.000	0.000	0.000
342	  P	  0.0	  0.6	0.000	0.000	0.000
343	  E	  0.2	  0.6	0.000	0.000	0.000
344	  L	  0.4	  0.6	0.000	0.000	0.000
345	  C	  0.9	  0.1	0.000	0.000	0.000
346	  T	  1.0	  0.2	0.000	0.000	0.000
347	  E	  0.8	  0.4	0.000	0.000	0.000
348	  S	  0.3	  0.4	0.000	0.000	0.000
349	  D	  0.8	  0.7	0.000	0.000	0.000
350	  I	  3.8	  0.5	0.000	0.000	0.000
351	  D	  4.1	  0.4	0.158	0.000	0.000
352	  F	  4.1	  0.6	0.158	0.174	0.174
353	  V	  1.4	  0.3	0.158	0.174	0.174
354	  G	  1.3	  0.4	0.158	0.174	0.174
355	  I	  1.7	  0.4	0.158	0.174	0.174
356	  N	  1.4	  0.3	0.158	0.174	0.174
357	  S	  2.5	  0.4	0.000	0.000	0.000
358	  H	  1.7	  0.5	0.000	0.000	0.000
359	  S	  2.7	  0.5	0.000	0.000	0.000
360	  Y	  3.3	  0.4	0.000	0.195	0.195
361	  F	  3.8	  0.2	0.000	0.195	0.195
362	  N	  2.9	  0.3	0.000	0.195	0.195
363	  T	  1.2	  0.4	0.000	0.195	0.195
364	  N	  0.8	  0.3	0.000	0.195	0.195
365	  L	  1.0	  0.3	0.000	0.195	0.195
366	  F	  1.3	  0.0	0.000	0.195	0.195
367	  A	  0.9	  0.0	0.000	0.000	0.000
368	  H	  0.7	  0.2	0.000	0.000	0.000
369	  E	  0.2	  0.5	0.000	0.000	0.000
370	  A	  0.2	  0.7	0.000	0.000	0.000
371	  G	  0.0	  0.6	0.000	0.000	0.000
372	  E	  0.1	  0.4	0.000	0.000	0.000
373	  Y	  0.8	  0.2	0.000	0.000	0.000
374	  I	  3.3	  0.0	0.000	0.000	0.000
375	  T	  4.3	  0.1	0.187	0.000	0.000
376	  S	  3.8	  0.2	0.187	0.000	0.000
377	  Q	  1.7	  0.2	0.187	0.000	0.000
378	  Q	  0.7	  0.2	0.187	0.000	0.000
379	  K	  0.6	  0.1	0.187	0.000	0.000
380	  K	  1.5	  0.1	0.187	0.000	0.000
381	  V	  1.7	  0.1	0.000	0.000	0.000
382	  S	  1.6	  0.2	0.498	0.000	0.000
383	  E	  0.5	  0.2	0.498	0.000	0.000
384	  L	  0.6	  0.2	0.498	0.000	0.000
385	  C	  2.3	  0.2	0.498	0.000	0.000
386	  S	  2.2	  0.2	0.498	0.000	0.000
387	  K	  2.0	  0.2	0.498	0.000	0.000
388	  K	  1.0	  0.2	0.178	0.000	0.000
389	  T	  4.3	  0.1	0.000	0.000	0.000
390	  V	  8.1	  0.0	0.000	0.000	0.000
391	  I	  8.0	  0.0	0.000	0.000	0.000
392	  T	  4.9	  0.3	0.000	0.000	0.000
393	  E	  0.7	  0.4	0.000	0.000	0.000
394	  T	  0.2	  0.4	0.000	0.000	0.000
395	  G	  0.1	  0.3	0.000	0.000	0.000
396	  Y	  0.1	  0.5	0.000	0.000	0.000
397	  P	  0.0	  0.7	0.000	0.000	0.000
398	  S	  0.1	  1.1	0.000	0.000	0.000
399	  K	  0.1	  1.1	0.000	0.000	0.000
400	  G	  0.2	  0.7	0.000	0.000	0.000
401	  I	  0.4	  0.8	0.000	0.000	0.000
402	  K	  0.4	  1.9	0.000	0.000	0.000
403	  N	  0.3	  3.7	0.000	0.000	0.000
404	  G	  0.0	  3.7	0.000	0.000	0.000
405	  N	  0.1	  3.4	0.000	0.000	0.000
406	  N	  0.3	  1.9	0.000	0.000	0.000
407	  V	  0.3	  0.3	0.000	0.000	0.000
408	  P	  0.2	  0.2	0.000	0.000	0.000
409	  S	  0.3	  0.2	0.405	0.000	0.000
410	  L	  0.9	  0.2	0.405	0.000	0.000
411	  V	  2.7	  0.1	0.405	0.000	0.000
412	  N	  3.4	  0.0	2.698	0.000	0.000
413	  Q	  3.2	  0.0	2.698	0.000	0.000
414	  Y	  2.2	  0.0	2.826	0.000	0.000
415	  A	  1.2	  0.0	2.695	0.000	0.000
416	  A	  1.0	  0.0	2.695	0.000	0.000
417	  L	  0.6	  0.1	2.695	0.000	0.000
418	  K	  0.9	  0.1	2.301	0.000	0.000
419	  S	  1.0	  0.1	1.323	0.000	0.000
420	  I	  1.4	  0.1	0.403	0.000	0.000
421	  M	  1.3	  0.0	0.403	0.000	0.000
422	  E	  1.2	  0.0	0.231	0.000	0.000
423	  A	  0.5	  0.2	0.104	0.000	0.000
424	  T	  0.3	  0.5	0.000	0.000	0.000
425	  N	  0.1	  1.1	0.000	0.000	0.000
426	  G	  0.0	  1.2	0.000	0.000	0.000
427	  D	  0.4	  1.0	0.000	0.000	0.000
428	  C	  3.9	  0.7	0.000	0.000	0.000
429	  T	  6.3	  0.0	0.000	0.000	0.000
430	  I	  7.1	  0.0	0.000	0.138	0.138
431	  L	  3.9	  0.3	0.000	0.138	0.138
432	  S	  1.7	  0.3	0.000	0.138	0.138
433	  S	  7.6	  0.6	0.396	0.138	0.138
434	  F	  7.6	  0.8	0.396	0.138	0.138
435	  D	  7.4	  0.6	0.886	0.000	0.000
436	  D	  1.1	  0.6	0.886	0.000	0.000
437	  Y	  1.6	  0.2	0.886	0.000	0.000
438	  W	  2.0	  0.0	0.886	0.000	0.000
439	  K	  1.3	  0.0	0.886	0.000	0.000
440	  N	  0.5	  0.0	0.732	0.000	0.000
441	  P	  0.0	  0.1	0.000	0.000	0.000
442	  G	  0.0	  0.8	0.000	0.000	0.000
443	  P	  0.0	  0.8	0.000	0.000	0.000
444	  Y	  0.3	  1.0	0.000	0.000	0.000
445	  G	  0.4	  0.9	0.000	0.000	0.000
446	  I	  1.0	  0.2	0.000	0.000	0.000
447	  E	  0.7	  0.2	0.000	0.000	0.000
448	  Q	  1.5	  0.1	0.000	0.064	0.064
449	  S	  1.7	  0.3	0.000	1.880	1.880
450	  F	  1.8	  0.3	0.000	32.466	32.466
451	  G	  1.0	  0.2	0.000	34.800	34.800
452	  V	  1.3	  0.2	0.000	59.936	59.936
453	  I	  1.3	  0.2	0.000	59.936	59.936
454	  G	  1.2	  0.2	0.000	59.716	59.716
455	  L	  0.5	  0.2	0.000	59.343	59.343
456	  F	  0.3	  0.2	0.000	58.317	58.317
457	  N	  0.2	  0.0	0.000	0.000	0.000
