res	aa	Beta	Turn	Helix	Aggregation	Conc-Stab_Aggregation
01	  M	  0.0	  0.0	0.000	0.000	0.000
02	  K	  0.0	  0.0	0.000	0.000	0.000
03	  I	  0.0	  0.0	-1.#IO	0.000	0.000
04	  I	  0.0	  0.0	-1.#IO	0.000	0.000
05	  S	  0.0	  0.0	-1.#IO	0.000	0.000
06	  L	  0.0	  0.0	-1.#IO	0.000	0.000
07	  L	  0.0	  0.0	-1.#IO	0.000	0.000
08	  W	  0.0	  0.0	-1.#IO	0.000	0.000
09	  C	  0.0	  0.0	-1.#IO	0.000	0.000
10	  L	  0.0	  0.0	-1.#IO	0.000	0.000
11	  A	  0.0	  0.0	-1.#IO	0.000	0.000
12	  L	  0.0	  0.0	-1.#IO	0.000	0.000
13	  L	  0.0	  0.0	-1.#IO	0.000	0.000
14	  Y	  0.0	  0.0	-1.#IO	0.000	0.000
15	  G	  0.0	  0.0	-1.#IO	0.000	0.000
16	  N	  0.0	  0.0	0.000	0.000	0.000
17	  A	  0.0	  0.0	0.000	0.000	0.000
18	  L	  0.2	  0.0	0.000	0.000	0.000
19	  A	  0.2	  0.0	0.000	0.000	0.000
20	  A	  0.2	  0.2	0.000	0.000	0.000
21	  P	  0.0	  0.4	0.000	0.000	0.000
22	  Q	  0.0	  0.4	0.000	0.000	0.000
23	  T	  0.0	  0.5	0.000	0.487	0.487
24	  G	  0.1	  0.3	0.000	0.795	0.795
25	  V	  2.8	  0.1	0.000	4.213	4.213
26	  F	  5.6	  0.1	0.000	4.213	4.213
27	  T	  5.9	  0.1	0.000	4.213	4.213
28	  S	  6.0	  0.4	0.000	3.910	3.910
29	  I	  3.8	  0.4	0.000	3.910	3.910
30	  D	  3.5	  0.5	0.000	0.000	0.000
31	  S	  3.3	  0.5	0.000	0.000	0.000
32	  L	  2.7	  0.1	0.000	0.000	0.000
33	  T	  2.7	  0.2	0.617	0.000	0.000
34	  P	  0.1	  0.1	0.617	0.000	0.000
35	  F	  3.5	  0.1	0.617	0.000	0.000
36	  D	  3.6	  0.1	0.617	0.000	0.000
37	  V	  6.3	  0.0	0.617	0.000	0.000
38	  A	  2.9	  0.0	0.617	0.000	0.000
39	  W	  2.7	  0.2	0.617	0.000	0.000
40	  P	  0.0	  0.2	0.000	0.000	0.000
41	  M	  0.1	  0.2	0.000	0.000	0.000
42	  M	  0.1	  0.2	0.000	0.000	0.000
43	  P	  0.1	  0.0	0.000	0.000	0.000
44	  G	  0.0	  0.0	0.000	0.000	0.000
45	  W	  0.0	  0.0	0.000	0.000	0.000
46	  D	  0.0	  0.0	0.000	0.000	0.000
47	  A	  0.0	  0.0	-1.#IO	0.000	0.000
48	  T	  0.0	  0.0	-1.#IO	0.000	0.000
49	  V	  0.0	  0.0	-1.#IO	0.000	0.000
50	  S	  0.0	  0.0	-1.#IO	0.000	0.000
51	  W	  0.0	  0.0	-1.#IO	0.000	0.000
52	  H	  0.0	  0.0	-1.#IO	0.000	0.000
53	  I	  0.0	  0.0	-1.#IO	0.000	0.000
54	  N	  0.0	  0.0	-1.#IO	0.000	0.000
55	  S	  0.0	  0.0	-1.#IO	0.000	0.000
56	  S	  0.0	  0.0	-1.#IO	0.000	0.000
57	  M	  0.0	  0.0	-1.#IO	0.000	0.000
58	  E	  0.0	  0.0	-1.#IO	0.000	0.000
59	  M	  0.0	  0.0	-1.#IO	0.000	0.000
60	  K	  0.0	  0.0	0.000	0.000	0.000
61	  D	  0.0	  0.0	0.000	0.000	0.000
62	  G	  0.0	  0.1	0.000	0.000	0.000
63	  D	  1.5	  0.1	0.000	0.000	0.000
64	  T	  7.4	  0.1	0.148	0.000	0.000
65	  F	  8.3	  0.1	0.148	0.000	0.000
66	  F	  7.8	  0.0	0.148	0.000	0.000
67	  L	  8.3	  0.0	0.148	0.000	0.000
68	  R	  7.7	  0.0	0.148	0.000	0.000
69	  I	  6.8	  0.0	0.148	0.000	0.000
70	  P	  0.4	  0.0	0.000	0.000	0.000
71	  F	  0.0	  0.0	0.000	0.000	0.000
72	  V	  0.0	  0.0	0.000	0.000	0.000
73	  I	  0.0	  0.0	0.000	0.000	0.000
74	  E	  0.0	  0.0	0.000	0.000	0.000
75	  F	  0.0	  0.0	-1.#IO	0.000	0.000
76	  N	  0.0	  0.0	-1.#IO	0.000	0.000
77	  T	  0.0	  0.0	-1.#IO	0.000	0.000
78	  D	  0.0	  0.0	-1.#IO	0.000	0.000
79	  E	  0.0	  0.0	-1.#IO	0.000	0.000
80	  S	  0.0	  0.0	-1.#IO	0.000	0.000
81	  S	  0.0	  0.0	-1.#IO	0.000	0.000
82	  I	  0.0	  0.0	-1.#IO	0.000	0.000
83	  Q	  0.0	  0.0	-1.#IO	0.000	0.000
84	  M	  0.0	  0.0	-1.#IO	0.000	0.000
85	  S	  0.0	  0.0	-1.#IO	0.000	0.000
86	  D	  0.0	  0.0	-1.#IO	0.000	0.000
87	  G	  0.0	  0.0	-1.#IO	0.000	0.000
88	  T	  0.0	  0.0	0.000	0.000	0.000
89	  N	  0.0	  0.0	0.000	0.000	0.000
90	  T	  3.4	  0.0	0.000	0.221	0.221
91	  F	  3.7	  0.5	0.000	0.589	0.589
92	  A	  3.7	  0.5	0.000	0.589	0.589
93	  N	  0.9	  0.5	0.000	0.589	0.589
94	  C	  2.2	  0.5	0.000	0.589	0.589
95	  V	  4.7	  0.0	0.000	0.589	0.589
96	  L	  4.3	  0.0	0.000	0.589	0.589
97	  T	  2.8	  1.7	0.000	0.000	0.000
98	  P	  0.1	  1.9	0.000	0.000	0.000
99	  G	  0.0	  2.3	0.000	0.000	0.000
100	  E	  0.0	  2.3	0.000	0.000	0.000
101	  N	  0.5	  0.5	0.000	0.000	0.000
102	  L	  0.6	  0.4	0.000	0.000	0.000
103	  V	  0.6	  0.0	0.000	0.000	0.000
104	  P	  0.1	  0.0	0.000	0.000	0.000
105	  Y	  0.5	  0.1	0.000	0.000	0.000
106	  S	  0.6	  0.1	0.000	0.000	0.000
107	  E	 13.4	  0.1	0.000	0.000	0.000
108	  V	 17.4	  0.1	0.000	0.000	0.000
109	  K	 19.6	  0.0	0.000	0.000	0.000
110	  C	 12.2	  0.0	0.000	0.000	0.000
111	  T	  8.2	  0.0	0.000	0.000	0.000
112	  A	  5.9	  0.0	0.000	0.000	0.000
113	  T	  3.2	  0.0	0.000	0.000	0.000
114	  T	  3.0	  0.0	0.000	0.000	0.000
115	  Q	  4.5	  0.0	0.000	0.000	0.000
116	  V	  3.2	  0.1	0.000	0.000	0.000
117	  E	  2.5	  0.1	0.000	0.000	0.000
118	  D	  1.5	  0.1	0.000	0.000	0.000
119	  V	  1.8	  0.2	0.000	0.000	0.000
120	  Q	  1.8	  0.1	0.000	0.000	0.000
121	  S	  1.9	  2.1	0.000	0.000	0.000
122	  S	  0.9	  2.2	0.000	0.000	0.000
123	  S	  0.8	  2.3	0.000	0.000	0.000
124	  G	  0.1	  2.2	0.000	0.000	0.000
125	  T	 10.4	  0.3	0.000	0.000	0.000
126	  I	 30.4	  0.1	0.000	0.000	0.000
127	  T	 30.9	  0.0	0.000	0.000	0.000
128	  F	 21.9	  0.0	0.000	0.000	0.000
129	  P	  0.6	  0.0	0.000	0.000	0.000
130	  I	  3.8	  0.0	0.000	8.599	8.599
131	  V	  7.5	  0.0	0.000	8.953	8.953
132	  F	  8.6	  0.0	0.000	8.953	8.953
133	  N	  4.9	  0.4	0.000	8.953	8.953
134	  A	  1.1	  0.4	0.000	8.953	8.953
135	  G	  0.1	  0.4	0.000	5.438	5.438
136	  F	  3.9	  0.4	0.000	5.123	5.123
137	  S	  4.1	  0.1	0.390	0.692	0.692
138	  A	  4.1	  0.2	0.390	0.182	0.182
139	  Q	  0.4	  0.3	0.390	0.000	0.000
140	  E	  0.1	  0.4	0.390	0.000	0.000
141	  S	  0.1	  0.4	1.709	0.000	0.000
142	  D	  0.2	  0.3	3.214	0.000	0.000
143	  L	  0.5	  0.2	3.214	0.000	0.000
144	  K	  0.6	  0.1	3.214	0.000	0.000
145	  A	  0.5	  0.3	3.072	0.000	0.000
146	  A	  0.2	  0.3	3.072	0.000	0.000
147	  N	  0.5	  0.3	2.452	0.000	0.000
148	  H	  2.5	  0.3	0.951	0.000	0.000
149	  W	  2.7	  0.2	0.113	0.000	0.000
150	  R	  2.3	  0.3	0.000	0.000	0.000
151	  T	  0.5	  1.3	0.000	0.000	0.000
152	  G	  0.2	  1.5	0.000	0.000	0.000
153	  S	  0.2	  1.4	0.000	0.000	0.000
154	  N	  0.1	  1.2	0.000	0.000	0.000
155	  T	  1.1	  0.3	0.000	0.000	0.000
156	  L	  1.6	  0.1	0.000	0.000	0.000
157	  E	  3.3	  0.0	0.000	0.000	0.000
158	  W	  3.2	  0.2	0.000	0.000	0.000
159	  T	  2.6	  0.6	0.000	0.000	0.000
160	  D	  1.0	  1.4	0.000	0.000	0.000
161	  G	  0.0	  1.6	0.000	0.000	0.000
162	  S	  0.0	  1.4	0.000	0.000	0.000
163	  N	  0.1	  1.0	0.000	0.000	0.000
164	  T	  2.9	  0.3	0.000	0.000	0.000
165	  L	  4.5	  0.0	0.000	0.000	0.000
166	  T	  4.6	  0.0	0.000	0.000	0.000
167	  H	  1.8	  0.0	0.000	0.000	0.000
168	  P	  0.1	  0.0	0.000	0.720	0.720
169	  I	 15.3	  0.0	0.000	7.455	7.455
170	  T	 19.7	  0.0	0.000	7.455	7.455
171	  F	 20.2	  0.0	0.000	7.455	7.455
172	  V	  5.4	  0.7	0.000	7.455	7.455
173	  G	  0.6	  0.8	0.000	6.735	6.735
174	  G	  0.0	  0.8	0.000	1.536	1.536
175	  T	  5.8	  0.8	0.000	1.068	1.068
176	  M	  6.4	  0.2	0.000	0.786	0.786
177	  S	  6.6	  0.1	0.000	0.440	0.440
178	  A	  1.2	  0.2	0.000	0.440	0.440
179	  F	  0.9	  7.4	0.000	0.440	0.440
180	  N	  0.7	  7.3	0.000	0.000	0.000
181	  G	  0.5	  7.3	0.000	0.000	0.000
182	  R	  0.0	  7.4	0.000	0.000	0.000
183	  P	  0.0	  0.4	0.000	0.000	0.000
184	  K	  0.1	  0.4	0.000	0.000	0.000
185	  R	  0.2	  0.5	0.000	0.000	0.000
186	  G	  0.3	  0.3	0.000	0.000	0.000
187	  I	  0.6	  0.2	0.000	0.000	0.000
188	  L	  0.6	  0.1	0.000	0.000	0.000
189	  D	  0.8	  0.2	0.000	0.000	0.000
190	  Q	  0.6	  0.3	0.000	0.000	0.000
191	  R	  2.0	  0.2	0.000	0.000	0.000
192	  S	  2.7	  0.2	0.000	0.000	0.000
193	  F	  4.0	  0.1	0.000	0.000	0.000
194	  V	  3.2	  0.1	0.000	0.000	0.000
195	  S	  2.8	  0.4	0.985	0.000	0.000
196	  T	  1.8	  0.4	0.985	0.000	0.000
197	  N	  2.2	  0.4	1.124	0.000	0.000
198	  T	  8.2	  0.3	1.124	0.000	0.000
199	  I	  9.7	  0.1	1.124	0.000	0.000
200	  R	 10.3	  0.1	1.124	0.000	0.000
201	  Q	  4.8	  0.1	0.781	0.000	0.000
202	  F	  3.4	  0.1	0.600	0.000	0.000
203	  L	  1.8	  0.0	0.250	0.000	0.000
204	  M	  0.9	  0.1	0.250	0.000	0.000
205	  G	  0.2	  1.0	0.123	0.000	0.000
206	  P	  0.0	  1.1	0.000	0.000	0.000
207	  S	  3.5	  1.1	0.000	0.000	0.000
208	  C	  4.0	  1.0	0.000	0.000	0.000
209	  H	  4.1	  0.4	0.000	0.000	0.000
210	  S	  0.6	  2.2	0.000	0.000	0.000
211	  S	  0.1	  2.2	0.000	0.000	0.000
212	  D	  0.2	  4.8	0.000	0.000	0.000
213	  M	  0.3	  4.7	0.000	0.000	0.000
214	  S	  0.4	  3.1	0.000	0.000	0.000
215	  G	  0.2	  3.2	0.000	0.000	0.000
216	  E	  0.4	  0.5	0.000	0.000	0.000
217	  L	  1.9	  0.3	0.000	0.000	0.000
218	  S	  3.6	  0.1	0.238	0.000	0.000
219	  I	  3.4	  0.1	0.238	0.000	0.000
220	  E	  1.9	  0.1	0.238	0.000	0.000
221	  N	  0.4	  0.6	0.238	0.000	0.000
222	  L	  0.3	  0.6	0.238	0.000	0.000
223	  S	  0.3	  0.6	0.238	0.000	0.000
224	  E	  0.1	  0.6	0.000	0.000	0.000
225	  E	  0.1	  0.2	0.000	0.000	0.000
226	  A	  0.1	  0.2	0.000	0.000	0.000
227	  P	  0.0	  0.1	0.000	0.000	0.000
228	  F	  5.0	  0.1	0.000	0.000	0.000
229	  D	  5.2	  1.1	0.000	0.000	0.000
230	  C	  5.5	  1.1	0.000	0.000	0.000
231	  D	  0.7	  1.1	0.437	0.000	0.000
232	  S	  3.2	  1.0	1.416	0.000	0.000
233	  I	  6.3	  0.1	1.416	0.000	0.000
234	  T	  6.7	  0.0	1.416	0.000	0.000
235	  T	  4.5	  0.0	1.565	0.000	0.000
236	  A	  1.3	  0.0	1.565	0.000	0.000
237	  M	  0.7	  0.2	1.447	0.000	0.000
238	  S	  0.3	  0.2	0.904	0.000	0.000
239	  N	  0.5	  0.2	0.987	0.000	0.000
240	  Q	  1.7	  0.2	0.844	0.000	0.000
241	  I	  2.6	  0.0	0.474	0.792	0.792
242	  N	  2.3	  0.0	0.474	0.792	0.792
243	  A	  1.3	  0.0	0.474	0.792	0.792
244	  W	  1.6	  0.0	0.474	0.792	0.792
245	  Y	  1.6	  0.0	0.313	0.792	0.792
246	  F	  1.5	  0.2	0.108	0.000	0.000
247	  P	  0.2	  0.3	0.000	0.000	0.000
248	  Q	  0.1	  0.3	0.000	0.000	0.000
249	  T	  0.3	  0.6	0.117	0.000	0.000
250	  A	  0.3	  0.5	0.117	0.000	0.000
251	  D	  0.2	  0.5	0.117	0.000	0.000
252	  E	  0.0	  0.5	0.117	0.000	0.000
253	  A	  0.1	  0.1	0.117	0.000	0.000
254	  E	  0.2	  0.1	0.117	0.000	0.000
255	  A	  0.8	  0.0	0.000	0.216	0.216
256	  T	  4.3	  0.0	0.000	0.216	0.216
257	  I	  6.4	  0.0	0.000	0.216	0.216
258	  V	 12.2	  0.0	0.000	0.216	0.216
259	  S	 27.3	  0.2	0.090	0.216	0.216
260	  C	 28.0	  0.2	0.090	0.000	0.000
261	  S	 22.6	  0.4	0.090	0.000	0.000
262	  A	  4.6	  0.5	0.090	0.228	0.228
263	  A	  0.1	  0.4	0.090	0.519	0.519
264	  G	  0.1	  0.3	0.090	0.863	0.863
265	  V	 12.1	  0.2	0.000	5.164	5.164
266	  N	 12.5	  0.0	0.000	5.164	5.164
267	  V	 14.0	  0.0	0.000	5.164	5.164
268	  A	  2.5	  0.0	0.000	5.164	5.164
269	  F	  2.3	  0.5	0.000	5.164	5.164
270	  S	  0.7	  0.5	0.000	0.478	0.478
271	  N	  0.3	  0.5	0.000	0.000	0.000
272	  L	  0.1	  0.8	0.000	0.000	0.000
273	  P	  0.0	  0.8	0.000	0.000	0.000
274	  A	  0.0	  0.8	0.000	0.000	0.000
275	  G	  0.1	  0.8	0.000	0.000	0.000
276	  F	  0.5	  0.5	0.000	0.000	0.000
277	  R	  0.5	  0.1	0.000	0.000	0.000
278	  P	  0.4	  0.1	0.000	0.000	0.000
279	  Y	  1.3	  0.2	0.000	0.000	0.000
280	  I	  8.9	  0.2	0.000	0.000	0.000
281	  N	 10.1	  0.6	0.374	0.000	0.000
282	  I	  9.5	  0.6	0.480	0.000	0.000
283	  D	  2.0	  0.8	1.079	0.000	0.000
284	  A	  0.8	  0.8	1.079	0.000	0.000
285	  T	  1.2	  0.3	1.079	0.000	0.000
286	  K	  1.3	  0.3	1.079	0.000	0.000
287	  K	  2.4	  0.1	0.953	0.000	0.000
288	  I	  4.8	  0.0	0.598	0.000	0.000
289	  A	  5.2	  0.0	0.598	0.000	0.000
290	  V	  4.2	  0.0	0.348	0.000	0.000
291	  S	  0.9	  0.0	0.513	0.000	0.000
292	  E	  3.2	  0.1	0.165	0.000	0.000
293	  I	  3.0	  0.1	0.165	0.000	0.000
294	  D	  3.0	  0.1	0.165	0.000	0.000
295	  N	  2.1	  0.1	0.165	0.000	0.000
296	  I	  2.4	  0.1	0.165	0.144	0.144
297	  Y	  4.8	  0.0	0.165	0.144	0.144
298	  H	  5.2	  0.1	0.000	0.144	0.144
299	  Y	  7.4	  0.1	0.000	0.144	0.144
300	  N	  6.1	  0.1	0.000	0.144	0.144
301	  F	 19.9	  0.1	0.000	0.144	0.144
302	  T	 19.3	  0.2	0.000	0.000	0.000
303	  C	 18.2	  1.9	0.000	0.000	0.000
304	  N	  2.4	  2.0	0.093	0.000	0.000
305	  G	  0.1	  2.0	0.093	0.000	0.000
306	  A	  0.1	  1.9	0.093	0.000	0.000
307	  E	  0.4	  0.1	0.093	0.000	0.000
308	  L	  0.5	  0.3	0.093	0.000	0.000
309	  S	  0.5	  0.7	0.093	0.000	0.000
310	  D	  0.3	  0.7	0.000	0.000	0.000
311	  S	  0.5	  0.7	0.121	0.743	0.743
312	  I	  1.2	  0.5	0.121	5.567	5.567
313	  F	  1.7	  0.0	0.121	5.567	5.567
314	  A	  1.5	  0.0	0.121	5.567	5.567
315	  A	  0.9	  0.0	0.121	5.567	5.567
316	  W	  0.8	  0.0	0.121	5.427	5.427
317	  D	  1.3	  0.0	0.000	0.000	0.000
318	  Q	  4.2	  0.0	0.000	0.000	0.000
319	  F	  5.8	  0.1	0.000	0.000	0.000
320	  F	  5.5	  0.4	0.000	0.000	0.000
321	  S	  2.5	  1.4	0.000	0.000	0.000
322	  D	  0.3	  1.5	0.000	0.000	0.000
323	  D	  0.1	  1.5	0.000	0.000	0.000
324	  T	  0.2	  1.2	0.000	0.000	0.000
325	  E	  0.2	  0.5	0.000	0.000	0.000
326	  E	  0.1	  0.5	0.000	0.000	0.000
327	  D	  0.1	  0.5	0.000	0.000	0.000
328	  D	  0.1	  0.4	0.000	0.000	0.000
329	  T	  2.5	  0.2	0.000	1.972	1.972
330	  L	  2.8	  0.1	0.000	9.736	9.736
331	  T	  3.4	  0.0	0.000	12.820	12.820
332	  Q	  1.5	  0.0	0.000	15.583	15.583
333	  V	 12.9	  0.0	0.000	47.916	47.916
334	  V	 14.7	  0.0	0.000	48.884	48.884
335	  V	 15.7	  0.0	0.000	48.527	48.527
336	  T	  4.8	  0.0	0.000	42.787	42.787
337	  T	  3.1	  0.1	0.000	37.910	37.910
338	  A	  1.7	  0.1	0.000	14.362	14.362
339	  T	  1.1	  0.1	0.000	5.397	5.397
340	  D	  0.1	  1.4	0.000	0.000	0.000
341	  P	  0.0	  1.4	0.000	0.000	0.000
342	  G	  0.3	  1.4	0.000	0.000	0.000
343	  I	  4.6	  1.4	0.000	0.737	0.737
344	  T	  5.7	  0.1	0.000	0.737	0.737
345	  A	  5.6	  0.0	0.000	0.737	0.737
346	  T	  1.7	  0.0	0.000	0.737	0.737
347	  S	  0.8	  0.0	0.000	0.737	0.737
348	  I	  1.7	  0.0	0.000	0.737	0.737
349	  A	  1.8	  0.0	0.000	0.424	0.424
350	  T	  4.4	  0.1	0.000	0.159	0.159
351	  H	  3.4	  0.2	0.000	0.000	0.000
352	  T	  3.0	  0.4	0.000	0.000	0.000
353	  G	  0.2	  0.5	0.000	0.000	0.000
354	  T	  0.1	  0.5	0.000	0.000	0.000
355	  D	  0.1	  2.9	0.000	0.000	0.000
356	  A	  0.1	  2.7	0.000	0.843	0.843
357	  N	  0.9	  2.6	0.000	1.840	1.840
358	  T	  4.7	  2.6	0.000	4.531	4.531
359	  I	 11.7	  0.0	0.000	5.071	5.071
360	  V	 14.7	  0.0	0.000	5.071	5.071
361	  V	 26.7	  0.0	0.000	5.071	5.071
362	  N	 19.8	  0.0	0.000	3.232	3.232
363	  V	 16.3	  0.0	0.000	0.865	0.865
364	  P	  0.2	  0.0	0.000	0.382	0.382
365	  I	  0.2	  0.0	0.000	0.000	0.000
366	  S	  0.3	  0.6	0.000	0.000	0.000
367	  E	  0.4	  0.7	0.000	0.000	0.000
368	  S	  0.6	  0.7	0.000	4.121	4.121
369	  T	  3.5	  0.6	0.000	17.914	17.914
370	  V	 17.3	  0.0	0.000	25.073	25.073
371	  I	 20.5	  0.0	0.000	25.283	25.283
372	  V	 18.2	  0.0	0.000	25.283	25.283
373	  T	  4.6	  0.3	0.000	22.795	22.795
374	  G	  0.6	  0.4	0.000	9.335	9.335
375	  T	  0.9	  0.4	0.000	3.884	3.884
376	  N	  1.1	  0.4	0.000	0.484	0.484
377	  S	  1.4	  0.1	0.337	0.381	0.381
378	  I	  1.7	  0.0	0.337	0.381	0.381
379	  A	  1.5	  0.0	0.337	0.233	0.233
380	  T	  3.3	  0.0	0.337	0.108	0.108
381	  T	  3.4	  0.1	0.337	0.000	0.000
382	  K	  3.7	  0.1	0.337	0.000	0.000
383	  T	 20.2	  0.1	0.000	0.000	0.000
384	  F	 21.4	  0.1	0.000	0.000	0.000
385	  T	 21.9	  0.4	0.000	0.000	0.000
386	  S	  3.9	  0.6	0.000	0.000	0.000
387	  S	  1.2	  0.8	0.000	0.000	0.000
388	  G	  0.1	  0.8	0.000	0.000	0.000
389	  T	  0.8	  0.4	0.000	0.000	0.000
390	  R	  5.4	  0.3	0.000	0.000	0.000
391	  I	  8.1	  0.0	0.000	0.000	0.000
392	  V	 10.6	  0.0	0.000	0.000	0.000
393	  S	  8.8	  0.3	0.000	0.000	0.000
394	  I	  8.1	  0.3	0.000	0.000	0.000
395	  D	  5.0	  0.3	0.000	0.000	0.000
396	  T	  2.1	  0.3	0.000	0.000	0.000
397	  P	  0.0	  0.0	0.000	0.000	0.000
398	  I	  0.0	  0.1	0.000	0.000	0.000
399	  P	  0.0	  0.1	0.000	0.000	0.000
400	  T	  0.7	  0.2	0.000	0.000	0.000
401	  S	  1.1	  0.2	0.000	0.000	0.000
402	  T	 11.3	  0.1	0.000	0.000	0.000
403	  I	 12.5	  0.1	0.000	0.000	0.000
404	  T	 12.7	  0.0	0.000	0.000	0.000
405	  S	  3.1	  0.0	0.000	0.000	0.000
406	  T	 13.4	  0.0	0.000	0.000	0.000
407	  W	 13.3	  0.0	0.000	0.000	0.000
408	  T	 13.0	  0.1	0.000	0.000	0.000
409	  E	  0.8	  0.1	0.000	0.000	0.000
410	  S	  2.8	  0.1	0.000	0.000	0.000
411	  V	  4.4	  0.1	0.000	0.000	0.000
412	  T	  4.9	  0.1	0.000	0.000	0.000
413	  S	  2.9	  0.1	0.000	0.000	0.000
414	  T	 19.1	  0.1	0.000	0.000	0.000
415	  Y	 31.3	  0.1	0.000	0.000	0.000
416	  T	 31.3	  0.0	0.000	0.000	0.000
417	  V	 15.5	  0.0	0.000	0.000	0.000
418	  P	  0.5	  0.0	0.000	0.000	0.000
419	  A	  0.0	  0.0	0.000	0.000	0.000
420	  S	  0.0	  1.9	0.000	0.000	0.000
421	  P	  0.0	  1.9	0.000	0.000	0.000
422	  G	  0.1	  1.9	0.000	2.229	2.229
423	  V	  2.7	  1.9	0.000	27.369	27.369
424	  T	  4.9	  0.1	0.000	29.412	29.412
425	  A	  5.1	  0.1	0.000	32.547	32.547
426	  S	  3.4	  0.1	0.000	32.547	32.547
427	  V	 11.7	  0.1	0.000	32.547	32.547
428	  I	 13.5	  0.0	0.000	32.158	32.158
429	  V	 36.3	  0.0	0.000	29.944	29.944
430	  E	 26.0	  0.0	0.000	0.000	0.000
431	  V	 24.0	  0.0	0.000	0.000	0.000
432	  P	  0.2	  0.0	0.000	0.000	0.000
433	  I	  0.1	  0.0	0.000	0.000	0.000
434	  P	  0.0	  0.0	0.000	0.000	0.000
435	  T	  1.5	  0.0	0.000	0.000	0.000
436	  T	  2.4	  0.0	0.000	0.000	0.000
437	  T	 12.4	  0.0	0.000	0.000	0.000
438	  I	 14.2	  0.0	0.000	0.000	0.000
439	  T	 13.9	  0.0	0.000	0.000	0.000
440	  Q	  4.6	  0.0	0.000	0.000	0.000
441	  T	 13.7	  0.0	0.000	0.000	0.000
442	  W	 13.2	  0.2	0.000	0.000	0.000
443	  T	 12.7	  0.2	0.000	0.000	0.000
444	  G	  0.3	  0.2	0.000	0.000	0.000
445	  M	  0.1	  0.3	0.000	0.000	0.000
446	  E	  0.1	  0.1	0.000	0.000	0.000
447	  T	  3.3	  0.1	0.000	0.000	0.000
448	  M	  3.6	  0.1	0.000	0.000	0.000
449	  T	  4.4	  0.1	0.000	0.000	0.000
450	  Q	  1.5	  0.1	0.000	0.000	0.000
451	  T	  1.3	  0.1	0.000	0.000	0.000
452	  L	  0.5	  0.1	0.000	0.000	0.000
453	  P	  0.2	  0.0	0.000	0.000	0.000
454	  A	  0.2	  0.0	0.000	0.000	0.000
455	  E	  0.2	  0.0	0.000	0.000	0.000
456	  I	  0.3	  0.5	0.000	0.000	0.000
457	  G	  0.1	  0.6	0.000	0.000	0.000
458	  E	  0.1	  0.6	0.000	0.000	0.000
459	  T	  2.0	  0.7	0.000	0.137	0.137
460	  Q	  2.2	  0.2	0.000	0.364	0.364
461	  S	  3.1	  0.1	0.000	0.888	0.888
462	  V	 14.1	  0.1	0.000	1.131	1.131
463	  I	 14.7	  0.0	0.000	1.131	1.131
464	  V	 23.4	  0.0	0.000	1.131	1.131
465	  N	 10.7	  0.0	0.000	0.767	0.767
466	  I	  9.8	  0.4	0.000	0.243	0.243
467	  P	  0.1	  0.4	0.000	0.115	0.115
468	  D	  0.1	  0.6	0.000	0.000	0.000
469	  S	  0.7	  0.6	0.000	0.000	0.000
470	  T	  1.8	  0.2	0.000	0.000	0.000
471	  T	  4.5	  0.2	0.000	0.000	0.000
472	  I	  5.3	  0.1	0.000	0.000	0.000
473	  M	  4.6	  0.2	0.000	0.000	0.000
474	  S	  2.0	  1.6	0.000	0.000	0.000
475	  S	  0.4	  1.6	0.000	0.000	0.000
476	  N	  0.1	  1.7	0.533	0.000	0.000
477	  E	  0.2	  1.5	0.533	0.000	0.000
478	  A	  0.4	  0.1	0.533	0.000	0.000
479	  T	  0.5	  0.1	0.533	0.000	0.000
480	  S	  0.3	  0.2	0.781	0.000	0.000
481	  E	  0.2	  0.2	0.781	0.000	0.000
482	  Q	  0.2	  0.2	0.425	0.000	0.000
483	  T	  6.1	  0.1	0.248	0.000	0.000
484	  M	  6.4	  0.1	0.248	0.000	0.000
485	  S	  7.0	  0.8	0.248	0.000	0.000
486	  S	  1.3	  0.8	0.000	0.000	0.000
487	  S	  4.8	  1.0	0.000	0.000	0.000
488	  V	  4.9	  1.0	0.000	0.000	0.000
489	  D	  5.8	  0.3	0.000	0.000	0.000
490	  T	  2.5	  0.3	0.000	0.000	0.000
491	  I	  1.7	  0.1	0.000	0.000	0.000
492	  P	  0.5	  0.2	0.000	0.000	0.000
493	  T	  1.3	  0.3	0.000	0.000	0.000
494	  S	  1.3	  0.3	0.000	0.000	0.000
495	  S	  4.5	  1.0	0.000	0.000	0.000
496	  M	  3.7	  1.0	0.000	0.000	0.000
497	  N	  3.7	  1.7	0.000	0.000	0.000
498	  S	  0.9	  1.8	0.000	0.000	0.000
499	  S	  2.3	  1.2	0.000	0.000	0.000
500	  T	  3.5	  1.6	0.000	0.000	0.000
501	  S	  3.2	  1.1	0.000	0.000	0.000
502	  S	  1.4	  1.4	0.000	0.000	0.000
503	  G	  0.1	  1.4	0.000	0.000	0.000
504	  A	  0.4	  1.0	0.000	0.000	0.000
505	  S	  5.8	  1.0	0.121	0.000	0.000
506	  L	  5.8	  0.6	0.121	0.000	0.000
507	  S	  5.4	  0.5	0.121	0.000	0.000
508	  E	  0.1	  0.4	0.121	0.000	0.000
509	  E	  1.3	  0.1	0.121	0.000	0.000
510	  I	  2.2	  0.1	0.121	0.000	0.000
511	  S	  2.6	  0.1	0.121	0.000	0.000
512	  T	  1.7	  0.1	0.000	0.000	0.000
513	  Q	  0.8	  0.2	0.000	0.000	0.000
514	  E	  0.5	  0.1	0.000	0.000	0.000
515	  T	  0.6	  0.2	0.000	0.000	0.000
516	  S	  5.9	  0.5	0.000	0.000	0.000
517	  L	  6.1	  0.5	0.000	0.000	0.000
518	  S	  5.8	  0.6	0.000	0.000	0.000
519	  S	  1.9	  1.1	0.000	0.000	0.000
520	  Q	  1.7	  0.9	0.000	0.000	0.000
521	  S	  1.6	  2.3	0.000	0.000	0.000
522	  S	  0.2	  2.3	0.000	0.000	0.000
523	  D	  0.1	  2.3	0.000	0.000	0.000
524	  E	  0.0	  2.2	0.000	0.000	0.000
525	  S	 10.4	  0.8	0.000	0.000	0.000
526	  V	 12.0	  0.8	0.000	0.000	0.000
527	  S	 12.2	  0.2	0.000	0.000	0.000
528	  Q	  2.2	  0.2	0.000	0.000	0.000
529	  T	  0.5	  0.2	0.000	0.000	0.000
530	  E	  0.4	  0.2	0.000	0.000	0.000
531	  S	  7.7	  0.2	0.000	0.000	0.000
532	  Y	 12.8	  0.1	0.000	0.000	0.000
533	  T	 15.1	  0.2	0.000	0.000	0.000
534	  A	  7.9	  0.2	0.000	0.000	0.000
535	  S	  2.8	  0.2	0.000	0.000	0.000
536	  D	  0.0	  0.2	0.000	0.000	0.000
537	  P	  0.0	  0.0	0.000	0.000	0.000
538	  S	  0.0	  0.0	0.000	0.000	0.000
539	  P	  0.0	  0.0	0.000	0.000	0.000
540	  P	  0.0	  0.0	0.000	0.000	0.000
541	  V	  1.3	  0.1	0.000	0.000	0.000
542	  S	  2.2	  1.1	0.000	0.000	0.000
543	  S	  2.5	  1.1	0.000	0.000	0.000
544	  S	  1.7	  1.1	0.000	0.000	0.000
545	  F	  1.8	  1.1	0.000	0.000	0.000
546	  L	  1.8	  0.1	0.000	0.000	0.000
547	  N	  1.6	  0.4	0.000	0.000	0.000
548	  T	  1.8	  0.5	0.000	0.000	0.000
549	  S	  2.4	  1.4	0.000	0.000	0.000
550	  S	  2.3	  1.4	0.000	0.000	0.000
551	  S	  1.4	  1.2	0.000	0.000	0.000
552	  K	  0.7	  1.2	0.000	0.000	0.000
553	  I	  0.6	  0.7	0.000	0.000	0.000
554	  G	  0.3	  0.7	0.000	0.000	0.000
555	  S	  1.6	  1.4	0.000	0.000	0.000
556	  Q	  1.8	  1.3	0.000	0.000	0.000
557	  S	  1.9	  0.8	0.000	0.000	0.000
558	  L	  0.8	  0.7	0.000	0.000	0.000
559	  L	  0.9	  0.1	0.000	0.000	0.000
560	  S	  0.9	  0.2	0.000	0.000	0.000
561	  S	  2.0	  1.0	0.000	0.000	0.000
562	  Q	  1.7	  1.0	0.000	0.000	0.000
563	  S	  1.6	  0.9	0.000	0.000	0.000
564	  D	  0.0	  0.8	0.000	0.000	0.000
565	  P	  0.0	  0.0	0.000	0.000	0.000
566	  V	  0.9	  0.0	0.000	0.000	0.000
567	  S	  3.0	  0.2	0.117	0.000	0.000
568	  T	  3.1	  0.3	0.117	0.000	0.000
569	  S	  2.2	  0.3	0.117	0.000	0.000
570	  E	  0.4	  0.3	0.117	0.000	0.000
571	  M	  0.3	  0.1	0.117	0.000	0.000
572	  A	  0.3	  0.2	0.117	0.000	0.000
573	  P	  0.0	  0.6	0.000	0.000	0.000
574	  Q	  0.0	  0.7	0.000	0.000	0.000
575	  S	  0.1	  0.9	0.000	0.000	0.000
576	  G	  0.1	  0.7	0.000	0.230	0.230
577	  I	  0.7	  0.4	0.000	4.277	4.277
578	  S	  0.9	  0.3	0.000	4.499	4.499
579	  S	  1.7	  0.2	0.402	6.965	6.965
580	  Y	  1.9	  0.2	0.402	26.914	26.914
581	  I	  4.0	  0.0	0.402	29.318	29.318
582	  T	  4.4	  0.0	0.402	28.999	28.999
583	  S	  4.3	  0.0	0.402	28.808	28.808
584	  W	  1.9	  0.1	0.402	29.258	29.258
585	  I	  0.7	  0.3	0.256	27.644	27.644
586	  G	  0.1	  0.3	0.256	6.771	6.771
587	  S	  2.5	  0.3	0.114	4.932	4.932
588	  I	 27.9	  0.2	0.000	4.771	4.771
589	  T	 28.4	  0.0	0.000	1.845	1.845
590	  V	 26.2	  0.1	0.000	0.085	0.085
591	  P	  0.6	  0.3	0.000	0.000	0.000
592	  S	  0.1	  0.3	0.000	0.000	0.000
593	  S	  5.5	  0.7	0.000	0.000	0.000
594	  L	  6.1	  0.6	0.000	0.000	0.000
595	  S	  6.4	  0.4	0.348	0.000	0.000
596	  A	  1.0	  0.5	0.348	0.000	0.000
597	  E	  0.4	  0.2	0.348	0.000	0.000
598	  T	  0.6	  0.3	0.348	0.000	0.000
599	  D	  0.6	  0.3	0.348	0.000	0.000
600	  S	  0.8	  0.3	0.480	0.000	0.000
601	  A	  0.3	  0.3	0.295	0.000	0.000
602	  Q	  0.3	  0.3	0.295	0.000	0.000
603	  E	  0.1	  0.2	0.132	0.000	0.000
604	  T	  1.6	  0.1	0.132	0.000	0.000
605	  S	  3.6	  0.1	0.132	0.000	0.000
606	  Y	  4.2	  0.0	0.132	0.000	0.000
607	  H	  3.4	  0.1	0.000	0.000	0.000
608	  T	  3.9	  0.1	0.000	0.000	0.000
609	  T	  8.8	  0.1	0.000	0.000	0.000
610	  K	  8.2	  0.1	0.000	0.000	0.000
611	  S	  5.8	  0.5	0.000	0.000	0.000
612	  P	  0.1	  0.6	0.000	0.000	0.000
613	  T	  0.1	  0.8	0.000	0.000	0.000
614	  D	  0.1	  1.2	0.000	0.000	0.000
615	  N	  0.1	  0.8	0.000	0.000	0.000
616	  S	  2.9	  1.6	0.101	0.000	0.000
617	  A	  2.9	  1.5	0.101	0.000	0.000
618	  S	  2.9	  2.5	0.101	0.000	0.000
619	  E	  0.1	  2.4	0.101	0.000	0.000
620	  N	  4.0	  1.5	0.101	0.000	0.000
621	  V	  8.2	  1.5	0.101	0.000	0.000
622	  Y	  8.9	  0.1	0.101	0.000	0.000
623	  S	  5.3	  0.1	0.158	0.000	0.000
624	  T	  1.2	  0.3	0.158	0.000	0.000
625	  E	  0.8	  0.3	0.158	0.000	0.000
626	  S	  0.7	  0.3	0.482	0.000	0.000
627	  K	  0.7	  0.3	0.482	0.000	0.000
628	  K	  0.7	  0.2	0.482	0.000	0.000
629	  T	  0.6	  0.4	0.323	0.000	0.000
630	  E	  0.5	  0.3	0.323	0.000	0.000
631	  N	  0.3	  0.8	1.436	0.000	0.000
632	  T	  0.6	  0.9	1.112	0.000	0.000
633	  D	  0.8	  0.7	1.247	0.000	0.000
634	  T	  1.1	  0.7	1.247	0.000	0.000
635	  K	  0.8	  0.3	1.247	0.000	0.000
636	  A	  0.9	  0.3	1.247	0.000	0.000
637	  S	  1.8	  0.4	0.802	0.000	0.000
638	  H	  1.9	  0.3	0.338	0.000	0.000
639	  S	  2.6	  0.2	0.000	0.000	0.000
640	  V	  5.4	  0.2	0.000	0.000	0.000
641	  I	  6.1	  0.0	0.000	0.000	0.000
642	  S	  6.9	  0.8	0.000	0.000	0.000
643	  T	  2.9	  0.9	0.000	0.000	0.000
644	  S	  2.1	  1.4	0.000	0.000	0.000
645	  G	  0.1	  1.4	0.000	0.000	0.000
646	  T	  0.1	  0.9	0.000	0.000	0.000
647	  S	  0.1	  0.7	0.000	0.000	0.000
648	  D	  0.9	  1.1	0.000	0.000	0.000
649	  I	  1.0	  1.0	0.000	0.000	0.000
650	  N	  1.0	  1.5	0.000	0.000	0.000
651	  D	  0.2	  3.1	0.000	0.000	0.000
652	  S	  0.9	  3.4	0.000	0.000	0.000
653	  S	  0.9	  5.5	0.000	0.000	0.000
654	  S	  0.9	  4.7	0.000	0.000	0.000
655	  D	  0.2	  3.2	0.000	0.000	0.000
656	  A	  0.4	  2.1	0.000	0.000	0.000
657	  Y	  2.3	  0.0	0.000	0.000	0.000
658	  I	  2.5	  0.0	0.000	0.000	0.000
659	  D	  2.2	  1.9	0.000	0.000	0.000
660	  P	  0.2	  1.9	0.000	0.000	0.000
661	  S	  5.4	  2.0	0.000	0.000	0.000
662	  I	  6.3	  2.1	0.000	0.221	0.221
663	  S	  6.9	  0.2	0.129	0.221	0.221
664	  T	  3.1	  0.2	0.129	0.221	0.221
665	  T	  3.2	  0.1	0.129	0.221	0.221
666	  T	  3.0	  0.0	0.129	0.221	0.221
667	  I	  1.7	  0.0	0.129	0.221	0.221
668	  G	  0.7	  0.0	0.129	0.000	0.000
669	  V	  0.3	  0.1	0.000	0.000	0.000
670	  P	  0.0	  0.1	0.000	0.000	0.000
671	  S	  5.4	  0.3	0.000	0.014	0.014
672	  I	  9.6	  0.3	0.000	0.308	0.308
673	  S	 14.1	  0.4	0.000	0.318	0.318
674	  V	 11.1	  0.4	0.000	0.425	0.425
675	  N	  7.5	  0.8	0.000	0.431	0.431
676	  W	  3.4	  0.8	0.000	0.659	0.659
677	  N	  1.3	  1.1	0.000	0.569	0.569
678	  S	  1.0	  1.1	0.000	1.911	1.911
679	  S	  1.1	  0.6	0.000	11.963	11.963
680	  F	  3.1	  0.6	0.000	89.003	89.003
681	  V	  6.8	  0.0	0.000	94.807	94.807
682	  I	  9.3	  0.0	0.000	95.216	95.216
683	  T	  8.1	  0.0	0.000	95.100	95.100
684	  T	  5.2	  0.0	0.000	94.633	94.633
685	  L	  2.5	  0.0	0.000	92.428	92.428
686	  V	  2.1	  0.0	0.000	78.800	78.800
687	  S	  1.0	  0.1	0.248	8.764	8.764
688	  E	  0.5	  0.1	0.248	0.000	0.000
689	  T	  2.2	  0.1	0.248	0.000	0.000
690	  T	  4.4	  0.1	0.248	0.000	0.000
691	  C	  6.9	  0.0	0.248	0.000	0.000
692	  I	  5.4	  0.1	0.248	0.000	0.000
693	  S	  3.8	  0.0	0.248	0.000	0.000
694	  S	  1.1	  0.0	0.109	0.000	0.000
695	  T	  0.6	  0.2	0.000	0.000	0.000
696	  P	  0.1	  0.2	0.000	0.000	0.000
697	  K	  0.7	  0.2	0.000	0.000	0.000
698	  T	 18.5	  0.2	0.000	0.000	0.000
699	  V	 18.8	  0.1	0.000	0.000	0.000
700	  S	 18.2	  0.1	0.000	0.000	0.000
701	  E	  0.5	  0.2	0.000	0.000	0.000
702	  T	  0.1	  0.4	0.000	0.000	0.000
703	  S	  0.1	  0.4	0.000	0.000	0.000
704	  D	  0.4	  0.2	0.155	0.000	0.000
705	  I	  0.4	  0.3	0.155	0.000	0.000
706	  Q	  0.5	  0.1	0.155	0.000	0.000
707	  D	  0.4	  0.1	0.155	0.000	0.000
708	  L	  0.9	  0.1	0.155	0.000	0.000
709	  F	  1.6	  0.2	0.155	0.000	0.000
710	  S	  2.1	  0.1	0.000	0.000	0.000
711	  T	  5.3	  0.1	0.477	0.000	0.000
712	  C	  4.7	  0.3	0.774	0.000	0.000
713	  K	  4.1	  0.2	0.881	0.000	0.000
714	  E	  0.5	  0.1	0.881	0.000	0.000
715	  A	  0.4	  0.2	0.881	0.000	0.000
716	  S	  0.5	  0.1	1.548	0.000	0.000
717	  A	  0.4	  0.1	1.298	0.000	0.000
718	  K	  0.5	  0.2	1.298	0.000	0.000
719	  T	  0.3	  0.2	0.666	0.000	0.000
720	  N	  0.3	  0.3	0.666	0.000	0.000
721	  N	  0.1	  1.6	1.338	0.000	0.000
722	  E	  0.0	  2.2	0.826	0.000	0.000
723	  G	  0.0	  2.2	1.141	0.000	0.000
724	  S	  0.5	  2.1	1.382	0.000	0.000
725	  L	  0.8	  0.8	1.382	0.000	0.000
726	  K	  0.9	  0.2	1.382	0.000	0.000
727	  A	  0.6	  0.2	1.382	0.000	0.000
728	  S	  0.5	  0.3	1.194	0.000	0.000
729	  K	  0.8	  0.2	0.373	0.000	0.000
730	  L	  0.8	  0.2	0.000	0.000	0.000
731	  S	  2.9	  0.7	0.116	0.000	0.000
732	  K	  3.1	  0.7	0.116	0.000	0.000
733	  S	  4.8	  1.0	0.116	0.000	0.000
734	  T	  3.8	  1.0	0.116	0.000	0.000
735	  S	  3.5	  0.3	0.116	0.000	0.000
736	  K	  2.7	  0.3	0.116	0.000	0.000
737	  I	  2.7	  0.1	0.000	0.000	0.000
738	  D	  2.6	  0.1	0.242	0.000	0.000
739	  T	  3.2	  0.1	0.242	0.000	0.000
740	  K	  4.2	  0.0	0.242	0.000	0.000
741	  V	  7.3	  0.0	0.242	0.000	0.000
742	  I	  5.7	  0.0	0.242	0.000	0.000
743	  F	  3.5	  0.3	0.242	0.000	0.000
744	  P	  0.1	  0.3	0.000	0.000	0.000
745	  T	  0.4	  0.3	0.000	0.000	0.000
746	  S	  0.4	  0.3	0.000	0.000	0.000
747	  E	  0.4	  0.7	0.000	0.000	0.000
748	  P	  0.0	  0.7	0.000	0.000	0.000
749	  D	  0.4	  0.7	0.000	0.000	0.000
750	  F	  1.9	  0.7	0.000	0.375	0.375
751	  I	  3.0	  0.1	0.000	0.375	0.375
752	  A	  2.6	  0.1	0.000	0.375	0.375
753	  S	  3.1	  0.3	0.000	0.375	0.375
754	  T	  3.3	  0.5	0.000	0.375	0.375
755	  S	  3.5	  0.4	0.000	0.126	0.126
756	  S	  2.4	  0.4	0.000	0.126	0.126
757	  Y	  2.7	  0.1	0.000	0.126	0.126
758	  W	  3.6	  0.1	0.000	0.126	0.126
759	  S	  3.3	  1.2	0.000	0.000	0.000
760	  Q	  1.9	  1.2	0.000	0.000	0.000
761	  D	  1.1	  1.2	0.000	0.000	0.000
762	  I	  0.6	  1.2	0.000	0.000	0.000
763	  Q	  0.6	  0.2	0.000	0.000	0.000
764	  S	  0.4	  1.6	0.000	0.000	0.000
765	  S	  0.2	  1.6	0.000	0.000	0.000
766	  N	  1.1	  1.6	0.000	0.000	0.000
767	  Q	  3.0	  1.4	0.000	0.000	0.000
768	  F	  7.5	  0.0	0.000	0.259	0.259
769	  N	  6.6	  0.0	0.000	0.259	0.259
770	  I	  6.5	  0.0	0.000	0.259	0.259
771	  M	  2.9	  0.0	0.000	0.259	0.259
772	  T	  2.9	  0.0	0.000	0.259	0.259
773	  S	  1.1	  5.2	0.000	0.000	0.000
774	  P	  0.1	  5.2	0.000	0.000	0.000
775	  D	  0.6	  5.5	0.000	0.000	0.000
776	  I	  1.2	  5.5	0.000	0.000	0.000
777	  S	  1.3	  0.4	0.000	0.000	0.000
778	  S	  0.9	  0.5	0.000	0.000	0.000
779	  A	  0.4	  0.5	0.000	0.000	0.000
780	  Q	  0.3	  0.5	0.000	0.000	0.000
781	  S	  0.1	  0.8	0.000	0.000	0.000
782	  G	  0.0	  1.0	0.124	0.000	0.000
783	  P	  0.0	  0.7	0.124	0.000	0.000
784	  T	  0.1	  0.8	0.573	0.000	0.000
785	  E	  0.2	  0.4	0.573	0.000	0.000
786	  L	  0.3	  0.2	0.573	0.000	0.000
787	  A	  0.4	  0.2	0.573	0.000	0.000
788	  S	  1.0	  0.4	0.573	0.000	0.000
789	  A	  1.0	  0.4	0.449	0.000	0.000
790	  R	  2.3	  0.2	0.224	0.000	0.000
791	  C	  3.0	  0.3	0.000	0.000	0.000
792	  T	  3.2	  0.1	0.000	0.000	0.000
793	  S	  2.2	  3.7	0.000	0.000	0.000
794	  A	  0.9	  3.7	0.000	0.000	0.000
795	  N	  0.5	  3.6	0.000	0.000	0.000
796	  C	  0.1	  3.7	0.000	0.000	0.000
797	  G	  0.1	  0.1	0.132	0.000	0.000
798	  T	  0.8	  0.2	0.132	0.000	0.000
799	  Q	  0.8	  0.2	0.132	0.000	0.000
800	  T	  1.6	  0.2	0.132	0.000	0.000
801	  N	  1.0	  0.5	0.132	0.000	0.000
802	  S	  1.0	  1.5	0.132	0.000	0.000
803	  K	  0.2	  1.5	0.000	0.000	0.000
804	  G	  0.1	  1.5	0.000	0.000	0.000
805	  Q	  0.1	  1.1	0.000	0.000	0.000
806	  N	  0.1	  3.2	0.000	0.000	0.000
807	  P	  0.0	  3.1	0.000	0.000	0.000
808	  N	  0.4	  3.1	0.892	0.000	0.000
809	  V	  1.4	  3.1	0.892	1.041	1.041
810	  A	  1.6	  0.0	0.892	1.041	1.041
811	  T	  1.6	  0.1	0.892	1.041	1.041
812	  S	  0.8	  0.1	1.004	1.041	1.041
813	  L	  1.1	  0.1	1.004	1.041	1.041
814	  M	  2.6	  0.0	0.749	0.777	0.777
815	  S	  7.8	  0.2	0.472	0.452	0.452
816	  I	  7.4	  0.3	0.222	0.452	0.452
817	  S	  5.7	  0.6	0.222	0.000	0.000
818	  N	  0.1	  3.3	0.000	0.000	0.000
819	  S	  0.1	  3.1	0.000	0.000	0.000
820	  D	  0.0	  3.0	0.000	0.000	0.000
821	  A	  0.0	  2.7	0.000	0.000	0.000
822	  P	  0.0	  0.0	0.000	0.000	0.000
823	  A	  0.9	  0.0	0.000	0.000	0.000
824	  V	  1.2	  0.0	0.000	0.000	0.000
825	  S	  1.3	  2.9	0.000	0.000	0.000
826	  P	  0.4	  3.1	0.000	0.000	0.000
827	  S	  0.9	  3.8	0.000	0.000	0.000
828	  S	  1.0	  3.9	0.000	0.000	0.000
829	  S	  1.3	  1.0	0.000	0.000	0.000
830	  Q	  0.6	  0.9	0.000	0.000	0.000
831	  L	  0.4	  0.3	0.000	0.000	0.000
832	  P	  0.1	  0.2	0.000	0.000	0.000
833	  S	  0.4	  0.2	0.173	1.386	1.386
834	  V	  1.5	  0.2	0.173	3.777	3.777
835	  L	  4.6	  0.0	0.173	3.777	3.777
836	  T	 33.5	  0.1	0.173	3.777	3.777
837	  Y	 33.3	  0.3	0.173	3.777	3.777
838	  S	 30.5	  0.4	0.173	2.672	2.672
839	  G	  1.5	  0.4	0.000	1.428	1.428
840	  I	  0.5	  0.4	0.000	1.428	1.428
841	  S	  0.8	  0.3	0.123	0.143	0.143
842	  S	  0.8	  0.2	0.123	0.000	0.000
843	  T	  3.5	  0.2	0.123	0.000	0.000
844	  L	  4.9	  0.1	0.123	0.046	0.046
845	  K	  5.9	  0.0	0.123	0.054	0.054
846	  V	  3.5	  0.1	0.123	19.815	19.815
847	  S	  1.8	  0.2	0.435	21.444	21.444
848	  G	  0.6	  0.2	0.617	27.132	27.132
849	  I	  0.9	  0.2	0.617	90.194	90.194
850	  L	  1.1	  0.1	0.617	95.556	95.556
851	  A	  1.3	  0.0	0.617	96.225	96.225
852	  M	  1.3	  0.0	0.617	96.979	96.979
853	  F	  2.5	  0.1	0.409	97.405	97.405
854	  V	  6.8	  0.1	0.000	95.818	95.818
855	  S	  7.5	  0.1	0.167	74.839	74.839
856	  L	  6.3	  0.1	0.167	72.195	72.195
857	  T	  2.6	  0.0	0.167	56.663	56.663
858	  Q	  1.8	  0.0	0.167	47.203	47.203
859	  I	  3.8	  0.0	0.167	46.811	46.811
860	  L	  3.1	  0.0	0.167	43.769	43.769
861	  F	  2.3	  0.0	0.167	0.063	0.063
