res	aa	Beta	Turn	Helix	Aggregation	Conc-Stab_Aggregation
01	  M	  1.6	  0.0	0.000	0.000	0.000
02	  K	  1.7	  0.0	0.000	0.000	0.000
03	  F	  1.7	  0.0	0.000	0.000	0.000
04	  P	  0.1	  0.0	0.364	0.949	0.949
05	  I	  1.7	  0.0	0.364	69.213	69.213
06	  L	  3.9	  0.0	0.364	73.262	73.262
07	  T	  4.7	  0.0	0.517	73.624	73.624
08	  L	  3.2	  0.0	0.517	74.289	74.289
09	  L	  1.0	  0.3	0.626	74.352	74.352
10	  A	  0.2	  0.4	0.626	52.558	52.558
11	  G	  0.1	  0.4	0.880	32.488	32.488
12	  A	  0.2	  0.4	0.625	30.744	30.744
13	  A	  0.5	  0.1	0.363	29.183	29.183
14	  V	  1.7	  0.0	0.363	27.859	27.859
15	  A	  1.6	  0.0	0.363	11.466	11.466
16	  A	  1.2	  0.1	0.363	5.291	5.291
17	  E	  0.1	  0.1	0.363	0.000	0.000
18	  T	  1.8	  0.2	0.000	0.000	0.000
19	  L	  3.1	  0.2	0.000	0.000	0.000
20	  N	  3.3	  0.1	0.000	0.000	0.000
21	  L	  2.4	  0.1	0.000	0.116	0.116
22	  Q	  1.6	  0.0	0.000	0.116	0.116
23	  V	  5.7	  0.0	0.000	0.116	0.116
24	  V	  5.2	  0.2	0.000	0.116	0.116
25	  S	  4.5	  1.0	0.000	0.116	0.116
26	  D	  0.2	  1.1	0.000	0.000	0.000
27	  N	  0.0	  2.3	0.668	0.000	0.000
28	  E	  0.0	  2.2	0.668	0.000	0.000
29	  D	  0.2	  5.1	0.770	0.000	0.000
30	  L	  0.2	 12.0	0.770	0.000	0.000
31	  N	  0.2	 10.9	0.770	0.000	0.000
32	  G	  0.1	 11.3	0.770	0.000	0.000
33	  K	  0.0	  7.4	0.526	0.000	0.000
34	  G	  0.1	  0.6	0.312	0.000	0.000
35	  I	  0.4	  0.4	0.109	0.000	0.000
36	  Q	  0.5	  0.0	0.109	0.000	0.000
37	  A	  0.8	  0.0	0.109	0.000	0.000
38	  L	  0.5	  0.0	0.109	0.000	0.000
39	  H	  0.4	  1.0	0.109	0.000	0.000
40	  E	  0.1	  1.5	0.000	0.000	0.000
41	  G	  0.0	  2.1	0.000	0.121	0.121
42	  A	  0.0	  2.1	0.000	1.856	1.856
43	  G	  0.2	  1.1	0.000	6.760	6.760
44	  F	  0.9	  0.6	0.000	46.149	46.149
45	  A	  1.2	  0.0	0.000	49.158	49.158
46	  Y	  2.7	  0.1	0.000	52.431	52.431
47	  F	  7.0	  0.1	0.000	52.431	52.431
48	  N	  9.7	  0.1	0.100	50.591	50.591
49	  V	 12.5	  0.1	0.100	49.928	49.928
50	  I	  8.6	  0.0	0.100	46.205	46.205
51	  D	  5.5	  0.3	0.100	0.000	0.000
52	  Q	  1.1	  0.4	0.100	0.000	0.000
53	  L	  0.1	  0.4	0.100	0.000	0.000
54	  G	  0.1	  0.4	0.100	0.000	0.000
55	  Q	  0.3	  0.2	0.100	0.000	0.000
56	  E	  2.2	  0.1	0.000	0.000	0.000
57	  F	 13.1	  0.1	0.000	0.000	0.000
58	  T	 18.6	  0.0	0.675	0.000	0.000
59	  Y	 17.4	  0.0	1.042	0.000	0.000
60	  D	  6.7	  3.8	5.088	0.000	0.000
61	  A	  0.7	  3.8	5.171	0.000	0.000
62	  D	  0.0	  3.9	8.226	0.000	0.000
63	  K	  0.1	  3.9	8.226	0.000	0.000
64	  K	  0.3	  0.1	8.226	0.000	0.000
65	  L	  0.7	  0.1	7.936	0.000	0.000
66	  L	  0.9	  0.0	7.421	0.000	0.000
67	  Y	  2.3	  0.0	7.080	0.000	0.000
68	  Q	  2.3	  0.2	3.909	0.000	0.000
69	  K	  2.1	  0.6	1.179	0.000	0.000
70	  E	  0.4	  1.7	0.352	0.000	0.000
71	  G	  0.1	  1.7	0.080	0.000	0.000
72	  S	  0.6	  1.6	0.000	0.000	0.000
73	  Y	  1.2	  1.1	0.000	0.219	0.219
74	  L	  1.1	  0.2	0.000	0.219	0.219
75	  A	  0.8	  0.2	0.000	0.219	0.219
76	  N	  0.2	  0.5	0.000	0.219	0.219
77	  V	  0.2	  2.6	0.000	0.219	0.219
78	  G	  0.1	  2.4	0.000	0.000	0.000
79	  D	  0.4	  2.4	0.130	0.000	0.000
80	  M	  0.7	  2.2	0.130	0.000	0.000
81	  F	  2.9	  0.1	0.130	0.000	0.000
82	  D	  2.6	  0.1	0.808	0.000	0.000
83	  F	  2.8	  0.1	0.808	3.501	3.501
84	  L	  1.0	  0.0	0.808	3.619	3.619
85	  A	  1.0	  0.0	0.808	3.619	3.619
86	  I	  0.5	  0.8	0.808	3.619	3.619
87	  G	  0.2	  0.9	0.808	3.619	3.619
88	  G	  0.1	  0.9	0.520	1.925	1.925
89	  A	  0.7	  0.9	0.000	1.772	1.772
90	  V	  1.2	  0.0	0.000	1.646	1.646
91	  T	  1.2	  2.5	0.000	0.000	0.000
92	  P	  0.5	  2.5	0.000	0.000	0.000
93	  G	  0.0	  2.5	0.000	0.177	0.177
94	  Q	  0.3	  2.5	0.000	0.620	0.620
95	  V	  2.4	  0.0	0.000	0.620	0.620
96	  I	  2.7	  0.0	0.000	0.620	0.620
97	  F	  2.7	  0.0	0.000	0.620	0.620
98	  N	  0.6	  0.5	0.000	0.443	0.443
99	  E	  0.3	  0.8	0.000	0.000	0.000
100	  K	  0.1	  0.9	0.000	0.000	0.000
101	  G	  0.0	  0.9	0.307	0.000	0.000
102	  E	  0.7	  0.5	0.307	0.000	0.000
103	  L	  3.1	  0.2	0.307	0.000	0.000
104	  D	  3.1	  0.7	0.723	0.000	0.000
105	  I	  2.5	  0.7	0.723	0.000	0.000
106	  G	  0.1	  0.8	0.723	0.000	0.000
107	  K	  0.2	  0.8	0.573	0.000	0.000
108	  Q	  1.2	  0.2	0.415	0.000	0.000
109	  V	  3.2	  0.1	0.543	0.000	0.000
110	  Y	  4.4	  0.0	0.543	0.000	0.000
111	  A	  3.4	  0.0	0.262	0.000	0.000
112	  C	  1.6	  0.4	0.262	0.000	0.000
113	  K	  0.6	  0.4	0.128	0.000	0.000
114	  N	  2.0	  0.9	0.128	0.000	0.000
115	  V	  2.7	  0.9	0.000	0.000	0.000
116	  N	  2.4	  0.5	0.000	0.000	0.000
117	  D	  0.9	  1.0	0.000	0.000	0.000
118	  P	  0.0	  0.5	0.000	0.000	0.000
119	  Y	  3.1	  0.5	0.000	0.000	0.000
120	  H	  5.2	  0.5	0.000	0.000	0.000
121	  Y	  6.6	  0.0	0.000	0.000	0.000
122	  F	  4.4	  0.1	0.000	0.000	0.000
123	  D	  2.4	  1.0	0.000	0.000	0.000
124	  S	  1.1	  1.2	0.000	0.000	0.000
125	  S	  1.0	  1.2	0.236	0.194	0.194
126	  Y	  1.1	  1.3	0.236	3.872	3.872
127	  G	  0.9	  0.5	0.236	3.872	3.872
128	  L	  1.0	  0.3	0.236	3.872	3.872
129	  L	  1.3	  0.3	0.236	3.872	3.872
130	  L	  2.1	  0.0	0.236	3.872	3.872
131	  H	  1.3	  0.0	0.236	0.000	0.000
132	  A	  0.9	  0.7	0.000	0.000	0.000
133	  P	  0.1	  0.7	0.000	0.000	0.000
134	  N	  0.0	  2.5	0.169	0.000	0.000
135	  E	  0.2	  2.5	0.169	0.000	0.000
136	  S	  1.4	  1.8	1.176	0.000	0.000
137	  C	  4.6	  1.8	1.474	0.000	0.000
138	  V	 18.4	  0.0	1.474	0.000	0.000
139	  K	 18.9	  0.0	1.474	0.000	0.000
140	  V	 18.6	  0.0	1.474	0.000	0.000
141	  A	  5.0	  0.0	1.474	0.000	0.000
142	  L	  3.0	  0.1	1.385	0.000	0.000
143	  K	  0.6	  0.1	1.385	0.000	0.000
144	  N	  0.4	  0.3	0.392	0.000	0.000
145	  V	  0.4	  1.6	0.000	0.000	0.000
146	  G	  0.1	  1.4	0.000	0.000	0.000
147	  G	  0.0	  1.4	0.000	0.000	0.000
148	  E	  0.0	  1.2	0.000	0.000	0.000
