res	aa	Beta	Turn	Helix	Aggregation	Conc-Stab_Aggregation
01	  M	  1.9	  0.0	0.000	0.000	0.000
02	  Q	  4.0	  0.0	0.000	0.666	0.666
03	  F	  5.4	  0.2	0.000	9.917	9.917
04	  S	  3.7	  0.2	0.357	10.887	10.887
05	  S	  2.6	  0.2	0.598	16.567	16.567
06	  V	  8.2	  0.2	0.598	37.224	37.224
07	  I	  8.8	  0.0	0.714	38.505	38.505
08	  L	  7.9	  0.1	0.815	37.900	37.900
09	  A	  1.3	  0.1	0.936	33.579	33.579
10	  S	  0.7	  0.1	1.262	26.670	26.670
11	  M	  0.6	  0.1	0.778	22.651	22.651
12	  A	  0.3	  0.1	0.778	17.392	17.392
13	  A	  0.6	  0.1	0.778	12.939	12.939
14	  S	  0.9	  0.1	0.915	9.163	9.163
15	  M	  1.7	  0.1	0.463	8.805	8.805
16	  V	  3.2	  0.0	0.137	8.366	8.366
17	  S	  2.9	  0.0	0.137	1.252	1.252
18	  A	  2.1	  0.0	0.137	0.427	0.427
19	  A	  0.3	  0.0	0.137	0.190	0.190
20	  R	  0.6	  0.0	0.137	0.000	0.000
21	  L	  0.9	  0.0	0.000	8.428	8.428
22	  I	 17.8	  0.0	0.000	8.700	8.700
23	  T	 26.4	  0.0	0.000	8.700	8.700
24	  V	 27.4	  0.1	0.000	8.700	8.700
25	  T	 11.7	  0.2	0.000	8.700	8.700
26	  N	  1.5	  1.2	0.000	1.830	1.830
27	  G	  0.0	  1.3	0.000	0.000	0.000
28	  D	  0.0	  1.3	0.000	0.000	0.000
29	  D	  1.6	  1.2	0.000	0.000	0.000
30	  T	  6.1	  0.2	0.123	0.000	0.000
31	  Y	  7.8	  0.1	0.123	0.000	0.000
32	  V	  6.7	  0.0	0.123	0.000	0.000
33	  E	  2.3	  0.0	0.123	0.000	0.000
34	  T	 11.2	  0.0	0.123	0.000	0.000
35	  I	 10.9	  0.2	0.123	0.000	0.000
36	  K	 10.9	  0.1	0.123	0.000	0.000
37	  D	  0.3	  0.4	0.154	0.000	0.000
38	  A	  0.1	  0.7	0.154	0.000	0.000
39	  E	  0.0	  0.6	0.154	0.000	0.000
40	  D	  0.2	  1.2	0.154	0.000	0.000
41	  M	  0.5	  0.9	0.154	0.000	0.000
42	  S	  0.6	  0.6	0.154	0.000	0.000
43	  T	  0.4	  1.4	0.000	0.000	0.000
44	  P	  0.1	  1.1	0.000	0.000	0.000
45	  E	  0.0	  2.0	0.000	0.000	0.000
46	  G	  0.0	  2.0	0.000	0.000	0.000
47	  G	  0.0	  1.3	0.766	1.095	1.095
48	  Y	  0.6	  0.9	0.766	1.095	1.095
49	  I	 15.0	  0.0	0.766	1.095	1.095
50	  T	 26.5	  0.0	0.887	1.095	1.095
51	  Y	 26.9	  0.1	0.887	1.095	1.095
52	  K	 13.8	  0.1	0.887	0.000	0.000
53	  L	  2.0	  0.1	0.405	0.000	0.000
54	  I	  2.9	  0.1	0.317	0.000	0.000
55	  T	  2.5	  0.2	0.317	0.000	0.000
56	  G	  2.3	  0.2	0.317	0.000	0.000
57	  T	  0.2	  0.5	0.000	0.000	0.000
58	  K	  0.1	  0.6	0.000	0.000	0.000
59	  G	  0.1	  0.5	0.000	0.000	0.000
60	  T	  2.6	  0.4	0.000	0.000	0.000
61	  H	  5.3	  0.2	0.000	0.000	0.000
62	  T	 15.4	  0.0	0.000	0.000	0.000
63	  Y	 14.6	  0.1	0.000	0.000	0.000
64	  E	 12.1	  0.1	0.000	0.000	0.000
65	  K	  2.8	  0.1	0.000	0.000	0.000
66	  T	  2.9	  0.1	0.000	2.509	2.509
67	  I	  3.3	  0.0	0.000	2.994	2.994
68	  W	  3.1	  0.2	0.000	2.994	2.994
69	  S	  1.3	  0.4	0.000	2.994	2.994
70	  T	  0.6	  0.4	0.000	2.994	2.994
71	  G	  0.2	  0.4	0.000	2.675	2.675
72	  Y	  2.3	  0.2	0.000	2.675	2.675
73	  Y	  3.0	  0.1	0.000	2.456	2.456
74	  S	  3.1	  0.1	0.123	0.329	0.329
75	  T	  3.6	  0.3	0.451	0.123	0.123
76	  A	  3.0	  0.3	0.451	0.000	0.000
77	  S	  3.2	  0.4	0.956	0.000	0.000
78	  A	  0.5	  0.4	0.956	0.000	0.000
79	  E	  0.4	  0.2	0.956	0.000	0.000
80	  A	  0.2	  0.3	0.956	0.000	0.000
81	  A	  0.3	  0.4	0.956	0.000	0.000
82	  S	  0.3	  0.6	0.834	0.000	0.000
83	  T	  0.2	  0.7	0.000	0.000	0.000
84	  G	  0.1	  0.6	0.000	0.000	0.000
85	  E	  0.2	  0.3	0.000	0.000	0.000
86	  A	  0.4	  0.1	0.000	0.000	0.000
87	  S	  0.4	  0.0	0.000	0.000	0.000
88	  S	  0.3	  0.2	1.673	0.000	0.000
89	  P	  0.0	  0.2	1.841	0.000	0.000
90	  A	  0.0	  0.2	1.841	0.000	0.000
91	  A	  0.1	  0.2	1.841	0.000	0.000
92	  A	  0.1	  0.0	1.841	0.000	0.000
93	  A	  0.1	  0.2	1.841	0.000	0.000
94	  Q	  0.2	  0.3	1.439	0.000	0.000
95	  D	  0.2	  2.1	0.525	0.000	0.000
96	  S	  0.2	  2.1	0.250	0.000	0.000
97	  S	  0.2	  1.9	0.250	0.000	0.000
98	  A	  0.2	  1.9	0.250	0.000	0.000
99	  A	  0.2	  0.1	0.250	0.000	0.000
100	  Q	  0.2	  0.1	0.250	0.000	0.000
101	  T	  1.5	  0.2	0.000	0.000	0.000
102	  S	  1.5	  0.3	0.216	0.000	0.000
103	  S	  1.5	  0.2	0.452	0.000	0.000
104	  A	  0.3	  0.2	0.452	0.000	0.000
105	  A	  0.4	  0.0	0.452	0.000	0.000
106	  L	  0.6	  0.3	0.452	0.000	0.000
107	  S	  0.6	  0.7	0.696	0.000	0.000
108	  S	  0.4	  2.1	0.479	0.000	0.000
109	  G	  0.1	  2.1	0.244	0.000	0.000
110	  D	  0.1	  3.0	0.244	0.000	0.000
111	  K	  0.1	  2.6	0.244	0.000	0.000
112	  S	  0.3	  1.3	0.244	0.000	0.000
113	  S	 20.9	  1.5	0.244	0.000	0.000
114	  Y	 23.8	  0.3	0.086	0.000	0.000
115	  S	 23.7	  0.2	0.093	0.000	0.000
116	  A	  4.0	  0.2	0.093	0.000	0.000
117	  A	  0.1	  0.0	0.093	0.000	0.000
118	  A	  0.1	  0.1	0.093	0.000	0.000
119	  E	  0.1	  0.1	0.093	0.000	0.000
120	  T	  1.4	  0.2	0.093	0.000	0.000
121	  S	  1.4	  0.3	0.222	0.000	0.000
122	  S	  1.7	  0.2	0.129	0.000	0.000
123	  A	  0.6	  0.2	0.129	0.000	0.000
124	  E	  3.2	  0.0	0.129	0.000	0.000
125	  V	  4.1	  0.1	0.129	0.000	0.000
126	  S	  4.1	  0.1	0.129	0.000	0.000
127	  S	  8.1	  0.1	0.000	0.000	0.000
128	  Y	  7.1	  0.5	0.000	0.000	0.000
129	  E	  6.9	  0.6	0.000	0.000	0.000
130	  G	  0.4	  0.7	0.000	0.000	0.000
131	  A	  0.1	  0.9	0.000	0.000	0.000
132	  A	  0.1	  1.5	0.000	0.000	0.000
133	  G	  0.0	  1.4	0.000	0.000	0.000
134	  N	  0.0	  1.2	0.194	0.088	0.088
135	  L	  0.1	  1.0	0.194	3.757	3.757
136	  G	  0.3	  0.1	0.194	4.138	4.138
137	  V	  1.5	  0.0	0.194	10.939	10.939
138	  A	  1.4	  0.3	0.194	11.291	11.291
139	  A	  1.2	  0.3	0.194	11.707	11.707
140	  G	  0.3	  0.3	0.194	11.981	11.981
141	  V	  0.8	  0.7	0.000	19.163	19.163
142	  A	  0.8	  0.5	0.000	18.930	18.930
143	  G	  0.8	  0.5	0.000	18.928	18.928
144	  F	  0.6	  1.2	0.000	25.830	25.830
145	  A	  0.6	  0.7	0.000	25.676	25.676
146	  G	  0.6	  0.7	0.283	25.315	25.315
147	  V	  1.4	  0.7	0.283	31.410	31.410
148	  A	  1.5	  0.0	0.283	30.423	30.423
149	  A	  1.5	  0.0	0.283	29.166	29.166
150	  M	  2.0	  0.0	0.283	28.100	28.100
151	  F	  1.8	  0.0	0.283	27.616	27.616
152	  I	  1.6	  0.0	0.000	0.000	0.000
