res	aa	Beta	Turn	Helix	Aggregation	Conc-Stab_Aggregation
01	  M	  0.0	  0.0	0.000	0.000	0.000
02	  P	  0.0	  1.0	0.170	0.000	0.000
03	  P	  0.0	  1.0	0.170	0.000	0.000
04	  D	  0.1	  1.0	0.170	0.000	0.000
05	  V	  3.7	  1.0	0.170	0.000	0.000
06	  L	  3.7	  0.0	0.170	0.000	0.000
07	  C	  3.7	  0.5	0.170	0.000	0.000
08	  P	  0.1	  0.7	0.000	0.000	0.000
09	  E	  0.1	  0.7	0.000	0.000	0.000
10	  N	  0.4	  0.7	0.000	0.000	0.000
11	  T	  1.4	  0.2	0.000	0.000	0.000
12	  T	 12.4	  0.0	0.295	0.000	0.000
13	  I	 12.3	  0.3	0.295	0.000	0.000
14	  K	 11.4	  0.3	0.295	0.000	0.000
15	  D	  0.3	  0.3	0.295	0.000	0.000
16	  F	  1.4	  0.3	0.295	0.000	0.000
17	  A	  1.3	  0.0	0.295	0.000	0.000
18	  Y	  1.3	  0.2	0.295	0.000	0.000
19	  P	  0.0	  0.4	0.000	0.000	0.000
20	  E	  0.8	  0.4	0.000	0.000	0.000
21	  S	  0.9	  0.4	0.000	0.000	0.000
22	  H	  0.9	  0.5	0.000	0.000	0.000
23	  P	  0.1	  0.3	0.000	0.000	0.000
24	  L	  1.1	  0.3	0.000	0.000	0.000
25	  H	  1.8	  0.5	0.000	0.000	0.000
26	  L	  1.8	  0.7	0.000	0.000	0.000
27	  S	  0.8	  0.7	0.000	0.000	0.000
28	  N	  0.2	  0.7	0.000	0.000	0.000
29	  F	  0.1	  0.8	0.000	0.000	0.000
30	  P	  0.1	  0.3	0.000	0.000	0.000
31	  T	  1.1	  0.4	0.000	0.000	0.000
32	  S	  1.8	  0.4	0.000	0.000	0.000
33	  Q	  2.0	  0.2	0.000	0.000	0.000
34	  R	  1.1	  0.3	0.000	0.000	0.000
35	  S	  0.5	  0.2	0.000	0.000	0.000
36	  S	  5.8	  0.3	0.000	0.000	0.000
37	  I	  6.2	  0.3	0.000	0.000	0.000
38	  S	  6.8	  1.2	0.000	0.000	0.000
39	  S	  1.4	  2.9	0.000	0.000	0.000
40	  S	  0.9	  3.3	0.000	0.000	0.000
41	  D	  0.1	  8.2	0.000	0.000	0.000
42	  S	  0.1	  7.5	0.000	0.000	0.000
43	  S	  0.1	  5.8	0.000	0.000	0.000
44	  G	  0.1	  5.3	0.000	0.000	0.000
45	  Y	  0.8	  0.7	0.000	0.000	0.000
46	  E	  0.8	  0.3	0.000	0.000	0.000
47	  D	  0.8	  0.7	0.000	0.000	0.000
48	  F	  0.2	  2.0	0.000	0.000	0.000
49	  G	  0.1	  1.8	0.000	0.000	0.000
50	  G	  0.1	  1.9	0.000	0.000	0.000
51	  E	  0.0	  1.5	0.000	0.000	0.000
52	  E	  1.4	  0.2	0.000	0.000	0.000
53	  Y	  1.6	  0.4	0.000	0.000	0.000
54	  S	  1.6	  2.0	0.000	0.000	0.000
55	  D	  0.2	  3.8	0.266	0.000	0.000
56	  D	  0.0	  3.9	0.266	0.000	0.000
57	  D	  0.0	  3.6	0.266	0.000	0.000
58	  T	  0.1	  1.9	0.266	0.000	0.000
59	  L	  0.1	  0.2	0.266	0.000	0.000
60	  G	  0.1	  0.4	3.698	0.000	0.000
61	  P	  0.0	  0.3	3.929	0.000	0.000
62	  E	  0.0	  0.3	4.526	0.000	0.000
63	  E	  3.5	  0.3	4.526	0.000	0.000
64	  I	  4.0	  0.1	4.526	0.000	0.000
65	  N	  4.1	  0.1	5.762	0.000	0.000
66	  R	  0.7	  0.1	5.626	0.000	0.000
67	  K	  0.3	  0.1	5.414	0.876	0.876
68	  A	  0.6	  0.1	2.997	28.606	28.606
69	  V	  3.6	  0.0	2.222	28.606	28.606
70	  A	  3.5	  0.0	2.222	28.606	28.606
71	  L	  3.5	  0.1	1.754	28.606	28.606
72	  F	  2.8	  0.1	1.335	28.606	28.606
73	  D	  5.9	  0.1	0.101	0.876	0.876
74	  F	  6.2	  0.1	0.000	0.876	0.876
75	  E	  4.2	  0.1	0.000	0.000	0.000
76	  P	  0.6	  0.6	0.000	0.000	0.000
77	  E	  0.0	  0.6	0.000	0.000	0.000
78	  N	  0.0	  2.0	0.000	0.000	0.000
79	  D	  0.0	  1.9	0.000	0.000	0.000
80	  N	  0.1	  1.5	0.000	0.000	0.000
81	  E	  0.3	  1.4	0.000	0.000	0.000
82	  V	  0.3	  0.0	0.000	0.000	0.000
83	  P	  0.2	  0.0	0.000	0.000	0.000
84	  L	  0.1	  0.0	0.000	0.000	0.000
85	  T	  0.0	  0.8	0.000	0.000	0.000
86	  E	  0.1	  0.8	0.000	0.000	0.000
87	  G	  0.0	  0.8	0.000	1.282	1.282
88	  Q	  0.5	  0.8	0.000	15.511	15.511
89	  I	  2.2	  0.0	0.000	68.066	68.066
90	  I	  2.7	  0.0	0.000	72.094	72.094
91	  W	  2.7	  0.0	0.000	72.094	72.094
92	  I	  5.1	  0.0	0.000	72.094	72.094
93	  S	 10.6	  0.0	0.000	69.899	69.899
94	  Y	 11.5	  0.1	0.000	62.140	62.140
95	  R	  7.9	  0.9	0.000	0.000	0.000
96	  H	  1.7	  1.1	0.000	0.000	0.000
97	  G	  0.2	  1.5	0.000	0.000	0.000
98	  Q	  0.1	  1.3	0.000	0.000	0.000
99	  G	  0.0	  0.5	0.000	0.257	0.257
100	  W	  0.6	  0.4	0.000	0.257	0.257
101	  L	  1.5	  0.0	0.000	0.257	0.257
102	  V	  2.2	  0.0	0.000	0.257	0.257
103	  A	  1.6	  0.0	0.000	0.257	0.257
104	  E	  0.7	  0.0	0.000	0.000	0.000
105	  D	  0.0	  0.6	0.000	0.000	0.000
106	  P	  0.0	  1.2	0.000	0.000	0.000
107	  E	  0.0	  1.3	0.000	0.000	0.000
108	  S	  0.1	  1.8	0.000	0.000	0.000
109	  G	  0.1	  2.4	0.000	0.000	0.000
110	  E	  0.1	  3.3	0.000	0.000	0.000
111	  N	  0.0	  3.2	0.000	0.000	0.000
112	  G	  0.0	  2.7	0.000	0.000	0.000
113	  L	  0.1	  1.5	0.000	0.000	0.000
114	  V	  0.1	  0.3	0.000	0.000	0.000
115	  P	  0.1	  0.7	0.000	0.000	0.000
116	  E	  0.0	  0.7	0.000	0.000	0.000
117	  G	  0.0	  0.7	0.000	0.000	0.000
118	  Y	  1.9	  0.4	0.000	0.000	0.000
119	  V	  8.9	  0.0	0.000	0.000	0.000
120	  E	  9.3	  0.0	0.000	0.000	0.000
121	  I	  8.6	  0.0	0.000	0.000	0.000
122	  C	  5.0	  0.0	0.000	0.000	0.000
123	  F	  5.0	  0.2	0.000	0.000	0.000
124	  S	  3.9	  0.9	0.000	0.000	0.000
125	  E	  0.6	  2.1	0.000	0.000	0.000
126	  G	  0.0	  2.1	0.000	0.000	0.000
127	  D	  0.0	  2.1	0.000	0.000	0.000
128	  E	  0.0	  1.4	0.000	0.000	0.000
129	  E	  0.0	  0.3	0.000	0.000	0.000
130	  E	  0.0	  0.3	0.000	0.000	0.000
131	  E	  0.0	  0.1	0.000	0.000	0.000
132	  E	  0.1	  0.1	0.000	0.000	0.000
133	  V	  0.2	  0.2	0.000	0.000	0.000
134	  G	  0.2	  0.2	0.000	0.000	0.000
135	  R	  0.1	  0.4	0.000	0.000	0.000
136	  E	  0.1	  0.4	0.000	0.000	0.000
137	  S	  0.3	  0.3	0.000	0.000	0.000
138	  R	  0.8	  0.2	0.000	0.000	0.000
139	  T	  1.0	  0.1	0.000	0.000	0.000
140	  Q	  0.7	  0.2	0.000	0.000	0.000
141	  P	  0.2	  0.2	0.000	0.000	0.000
142	  Q	  0.1	  0.4	0.000	0.000	0.000
143	  Q	  0.7	  0.4	0.000	0.000	0.000
144	  D	  0.8	  0.2	0.000	0.000	0.000
145	  V	  0.7	  0.1	0.000	0.000	0.000
146	  P	  0.1	  0.0	0.000	0.000	0.000
147	  K	  0.0	  0.0	0.000	0.000	0.000
148	  P	  0.0	  0.0	0.000	0.000	0.000
149	  F	  0.1	  0.0	0.000	0.000	0.000
150	  I	  0.2	  0.0	1.233	0.000	0.000
151	  P	  0.2	  0.0	1.421	0.000	0.000
152	  R	  0.4	  0.0	1.557	0.000	0.000
153	  L	  0.5	  0.0	1.716	0.000	0.000
154	  L	  0.6	  0.1	1.963	0.000	0.000
155	  Q	  0.5	  0.1	1.963	0.000	0.000
156	  E	  3.4	  0.1	1.847	0.000	0.000
157	  Y	  4.2	  0.1	1.730	0.000	0.000
158	  K	  3.9	  0.0	1.545	0.000	0.000
159	  N	  0.9	  0.4	1.475	0.000	0.000
160	  P	  0.0	  0.5	0.158	0.000	0.000
161	  E	  0.0	  0.7	0.158	0.000	0.000
162	  E	  0.1	  0.7	0.158	0.000	0.000
163	  D	  0.1	  0.3	0.158	0.000	0.000
164	  S	  0.1	  0.2	0.158	0.000	0.000
165	  E	  0.6	  0.0	0.000	0.000	0.000
166	  W	  1.0	  0.2	0.000	0.000	0.000
167	  E	  1.1	  0.3	0.000	0.000	0.000
168	  D	  0.6	  0.8	0.000	0.000	0.000
169	  T	  0.3	  0.8	0.000	0.000	0.000
170	  D	  0.4	  0.6	0.000	0.000	0.000
171	  L	  0.4	  0.7	0.000	0.000	0.000
172	  E	  0.4	  0.3	0.000	0.000	0.000
173	  D	  0.3	  0.7	0.000	0.000	0.000
174	  T	  0.8	  0.8	0.000	0.000	0.000
175	  S	  1.5	  1.1	0.000	0.000	0.000
176	  H	  1.5	  1.5	0.000	0.000	0.000
177	  D	  0.8	  1.1	0.000	0.000	0.000
178	  N	  0.1	  1.6	0.000	0.000	0.000
179	  H	  0.1	  1.1	0.000	0.000	0.000
180	  D	  0.1	  2.9	0.393	0.000	0.000
181	  A	  0.2	  2.9	0.393	0.000	0.000
182	  S	  0.5	  4.5	0.393	0.000	0.000
183	  A	  0.5	  4.5	0.393	0.000	0.000
184	  D	  1.0	  2.2	0.393	0.000	0.000
185	  Q	  2.6	  2.2	0.393	0.000	0.000
186	  F	  3.0	  0.3	0.204	0.000	0.000
187	  K	  2.6	  0.2	0.000	0.000	0.000
188	  D	  0.8	  0.3	0.113	0.000	0.000
189	  T	  0.6	  0.4	0.113	0.000	0.000
190	  E	  0.3	  0.3	0.113	0.000	0.000
191	  S	  2.5	  0.8	1.344	0.000	0.000
192	  L	  4.5	  0.8	1.344	0.000	0.000
193	  D	  4.8	  0.6	2.992	0.000	0.000
194	  I	  4.1	  0.6	2.992	0.000	0.000
195	  Q	  2.7	  0.0	3.167	0.000	0.000
196	  M	  2.8	  0.0	3.167	0.000	0.000
197	  K	  1.5	  0.0	3.036	0.000	0.000
198	  A	  0.5	  0.0	2.754	0.000	0.000
199	  A	  0.5	  0.0	2.574	0.000	0.000
200	  K	  1.3	  0.0	1.534	0.000	0.000
201	  I	  1.3	  0.0	0.000	0.000	0.000
202	  Q	  0.9	  0.0	0.000	0.000	0.000
