res	aa	Beta	Turn	Helix	Aggregation	Conc-Stab_Aggregation
01	  M	  1.8	  0.0	0.000	0.000	0.000
02	  Q	  4.0	  0.0	0.000	2.305	2.305
03	  F	  4.8	  0.1	0.000	24.582	24.582
04	  S	  3.4	  0.1	0.504	27.658	27.658
05	  T	  4.7	  0.1	0.652	52.131	52.131
06	  V	  6.9	  0.1	0.652	90.435	90.435
07	  A	  7.1	  0.0	0.652	93.460	93.460
08	  I	  7.8	  0.0	0.652	96.882	96.882
09	  V	  5.9	  0.0	0.652	97.042	97.042
10	  A	  5.4	  0.1	0.652	94.041	94.041
11	  A	  1.6	  0.1	0.652	89.507	89.507
12	  S	  1.1	  0.1	0.781	85.531	85.531
13	  V	  2.1	  0.1	0.257	85.056	85.056
14	  A	  1.9	  0.0	0.257	78.718	78.718
15	  A	  1.8	  0.0	0.257	73.345	73.345
16	  V	  2.6	  0.0	0.257	68.790	68.790
17	  S	  2.5	  0.8	0.257	13.574	13.574
18	  A	  2.0	  1.1	0.000	6.641	6.641
19	  G	  0.2	  1.2	0.000	0.764	0.764
20	  S	  3.0	  2.0	0.000	0.272	0.272
21	  A	  3.4	  1.2	0.000	0.895	0.895
22	  S	  4.1	  0.9	0.000	1.202	1.202
23	  V	  4.0	  0.9	0.000	2.260	2.260
24	  V	  6.4	  0.0	0.000	2.222	2.222
25	  T	  6.7	  0.1	0.353	2.106	2.106
26	  A	  4.0	  0.2	0.353	1.649	1.649
27	  T	  1.3	  0.2	0.353	1.280	1.280
28	  D	  0.2	  0.2	0.353	0.000	0.000
29	  L	  0.3	  0.1	0.353	0.000	0.000
30	  H	  0.3	  0.2	0.353	0.000	0.000
31	  S	  0.3	  0.2	0.184	2.538	2.538
32	  T	  1.1	  0.2	0.000	22.032	22.032
33	  L	  1.4	  0.2	0.000	34.479	34.479
34	  V	 10.3	  0.0	0.000	34.714	34.714
35	  T	 19.7	  0.0	0.000	34.714	34.714
36	  I	 21.4	  0.0	0.000	34.597	34.597
37	  T	 14.8	  0.1	0.000	22.461	22.461
38	  S	  4.7	  0.1	0.000	3.103	3.103
39	  C	  2.6	  0.1	0.000	0.447	0.447
40	  G	  0.9	  0.4	0.000	0.000	0.000
41	  P	  0.0	  0.3	0.000	0.000	0.000
42	  E	  5.2	  0.3	0.000	0.000	0.000
43	  V	  5.9	  0.2	0.000	0.000	0.000
44	  T	  6.1	  0.0	0.000	0.000	0.000
45	  E	  1.0	  0.0	0.000	0.000	0.000
46	  C	  0.3	  0.2	0.151	0.000	0.000
47	  P	  0.1	  0.2	0.151	0.000	0.000
48	  A	  0.1	  0.2	0.151	0.000	0.000
49	  E	  0.2	  0.2	0.151	0.000	0.000
50	  H	  0.3	  0.4	0.151	0.000	0.000
51	  S	  1.1	  1.1	0.151	0.000	0.000
52	  S	  1.1	  1.0	0.000	0.000	0.000
53	  S	  2.4	  1.0	0.000	0.000	0.000
54	  V	  2.0	  0.8	0.000	0.000	0.000
55	  A	  1.9	  0.3	0.000	0.000	0.000
56	  P	  0.4	  0.5	0.000	0.000	0.000
57	  Q	  0.1	  0.5	0.000	0.000	0.000
58	  N	  0.2	  0.5	0.000	0.000	0.000
59	  H	  0.9	  0.3	0.000	0.000	0.000
60	  T	  1.7	  0.1	0.000	0.000	0.000
61	  S	  2.1	  0.1	0.000	0.000	0.000
62	  V	  2.2	  0.2	0.000	0.000	0.000
63	  A	  1.5	  0.1	0.000	0.000	0.000
64	  N	  2.1	  0.3	0.000	0.000	0.000
65	  V	  2.2	  0.3	0.000	0.000	0.000
66	  S	  2.6	  0.2	0.171	0.000	0.000
67	  T	 11.7	  0.2	0.634	0.000	0.000
68	  Y	 11.2	  0.5	1.142	0.000	0.000
69	  E	 10.6	  0.5	1.142	0.000	0.000
70	  G	  0.3	  0.5	3.089	0.000	0.000
71	  A	  0.1	  0.8	3.089	0.000	0.000
72	  A	  0.1	  0.5	3.089	0.000	0.000
73	  N	  0.1	  0.4	3.206	0.000	0.000
74	  K	  0.3	  0.4	3.206	0.000	0.000
75	  Q	  0.7	  0.1	2.376	0.262	0.262
76	  Y	  1.3	  0.1	1.055	7.078	7.078
77	  A	  1.1	  0.4	0.514	7.747	7.747
78	  A	  0.7	  0.4	0.412	8.544	8.544
79	  G	  0.0	  0.4	1.235	9.499	9.499
80	  A	  0.4	  0.4	0.961	18.902	18.902
81	  V	  3.7	  0.0	0.961	27.864	27.864
82	  A	  3.8	  0.0	0.961	28.364	28.364
83	  L	  3.5	  0.0	0.961	28.955	28.955
84	  A	  0.2	  0.4	0.961	28.268	28.268
85	  A	  0.1	  0.5	0.772	25.954	25.954
86	  G	  0.0	  0.5	0.487	22.203	22.203
87	  A	  0.3	  0.5	0.152	21.901	21.901
88	  L	  0.5	  0.1	0.000	21.645	21.645
89	  L	  0.8	  0.0	0.000	20.169	20.169
90	  A	  0.5	  0.0	0.000	13.749	13.749
91	  L	  0.3	  0.0	0.000	0.000	0.000
