res	aa	Beta	Turn	Helix	Aggregation	Conc-Stab_Aggregation
01	  M	  1.6	  0.0	0.000	0.000	0.000
02	  K	  2.1	  0.0	0.000	0.000	0.000
03	  L	  3.7	  0.0	0.000	0.000	0.000
04	  S	  3.0	  0.0	0.000	0.000	0.000
05	  I	  3.1	  0.0	0.000	0.000	0.000
06	  V	  1.6	  0.0	0.000	0.000	0.000
07	  P	  0.6	  0.0	0.000	0.000	0.000
08	  V	  0.7	  0.0	0.000	7.916	7.916
09	  A	  0.6	  0.0	0.000	8.437	8.437
10	  G	  0.7	  0.0	1.705	9.052	9.052
11	  L	  0.2	  0.0	1.705	14.848	14.848
12	  A	  0.3	  0.0	1.941	15.396	15.396
13	  A	  0.6	  0.0	1.941	15.412	15.412
14	  V	  1.7	  0.0	1.941	15.346	15.346
15	  A	  1.6	  0.0	1.941	12.439	12.439
16	  A	  1.3	  0.0	1.694	7.726	7.726
17	  A	  0.1	  0.3	1.477	3.401	3.401
18	  A	  0.1	  0.3	0.898	1.838	1.838
19	  D	  0.1	  0.5	0.525	0.384	0.384
20	  T	  0.5	  0.5	0.000	1.118	1.118
21	  S	  2.0	  0.3	0.000	1.585	1.585
22	  L	  5.0	  0.2	0.000	1.585	1.585
23	  T	 14.6	  0.0	0.000	1.585	1.585
24	  V	 14.7	  0.0	0.000	1.585	1.585
25	  T	 13.0	  0.0	0.000	1.128	1.128
26	  K	  4.6	  0.0	0.000	0.384	0.384
27	  V	  5.4	  0.0	0.000	0.384	0.384
28	  V	  6.7	  0.0	0.000	0.384	0.384
29	  T	  5.4	  0.9	0.000	0.000	0.000
30	  A	  3.0	  1.7	0.000	0.000	0.000
31	  N	  0.3	  1.9	0.000	0.000	0.000
32	  G	  0.0	  2.1	0.000	0.000	0.000
33	  A	  0.7	  1.2	0.000	0.000	0.000
34	  T	 19.4	  0.4	0.000	0.000	0.000
35	  Y	 22.8	  0.1	0.000	0.000	0.000
36	  T	 23.3	  0.1	0.000	0.000	0.000
37	  K	  5.3	  0.1	0.000	0.000	0.000
38	  T	  1.9	  0.1	0.094	0.000	0.000
39	  R	  0.8	  0.1	0.094	0.000	0.000
40	  T	  0.8	  0.1	0.094	0.000	0.000
41	  E	  0.5	  0.1	0.094	0.000	0.000
42	  K	  3.5	  0.1	0.094	0.000	0.000
43	  Y	  4.7	  0.2	0.094	0.000	0.000
44	  T	  4.6	  0.2	0.000	0.000	0.000
45	  G	  1.6	  0.2	0.000	0.000	0.000
46	  Q	  0.3	  0.2	0.000	0.000	0.000
47	  A	  0.4	  0.1	0.000	0.000	0.000
48	  T	  3.2	  0.0	0.000	0.000	0.000
49	  T	  3.2	  0.0	0.000	0.000	0.000
50	  T	  3.1	  0.2	0.000	0.000	0.000
51	  P	  0.2	  0.3	0.000	0.000	0.000
52	  T	  0.1	  0.5	0.000	0.072	0.072
53	  S	  0.1	  0.9	0.000	0.192	0.192
54	  G	  0.2	  0.7	0.000	1.231	1.231
55	  T	 18.5	  0.6	0.000	12.944	12.944
56	  Y	 19.6	  0.5	0.000	32.418	32.418
57	  T	 20.8	  0.0	0.000	37.810	37.810
58	  T	  3.4	  0.0	0.000	46.052	46.052
59	  T	  5.8	  0.0	0.000	46.052	46.052
60	  I	 11.7	  0.0	0.000	46.052	46.052
61	  V	 13.8	  0.0	0.000	45.567	45.567
62	  I	 10.4	  0.2	0.000	42.588	42.588
63	  E	  3.2	  0.4	0.000	0.000	0.000
64	  G	  0.3	  0.7	0.084	0.000	0.000
65	  E	  0.0	  0.7	0.084	0.000	0.000
66	  D	  0.0	  0.7	0.084	0.000	0.000
67	  A	  0.7	  0.5	0.084	0.000	0.000
68	  T	 19.6	  0.1	0.084	0.000	0.000
69	  Y	 22.9	  0.1	0.084	0.000	0.000
70	  T	 23.5	  0.1	0.000	0.000	0.000
71	  K	  5.4	  0.1	0.000	0.000	0.000
72	  T	  2.4	  0.1	0.100	0.000	0.000
73	  A	  1.2	  0.1	0.100	0.000	0.000
74	  T	  1.0	  0.1	0.100	0.000	0.000
75	  E	  0.3	  0.1	0.100	0.000	0.000
76	  T	  1.3	  0.1	0.100	0.000	0.000
77	  Y	  1.4	  0.2	0.100	0.000	0.000
78	  G	  1.2	  0.1	0.100	0.000	0.000
79	  L	  0.3	  0.2	0.000	0.000	0.000
80	  E	  0.2	  0.2	0.000	0.000	0.000
81	  S	 10.5	  0.2	0.000	0.000	0.000
82	  V	 11.2	  0.2	0.000	0.000	0.000
83	  S	 11.8	  0.2	0.000	0.000	0.000
84	  T	  2.5	  0.2	0.000	0.000	0.000
85	  T	  2.3	  0.1	0.000	0.000	0.000
86	  H	  2.1	  0.0	0.000	0.000	0.000
87	  L	  4.3	  0.0	0.000	0.000	0.000
88	  T	 18.8	  0.0	0.000	0.000	0.000
89	  V	 20.0	  0.0	0.000	0.000	0.000
90	  K	 17.1	  0.3	0.000	0.000	0.000
91	  Q	  2.1	  0.3	0.000	0.000	0.000
92	  D	  0.2	  0.3	0.000	0.000	0.000
93	  S	  0.7	  0.5	0.000	0.000	0.000
94	  A	  1.3	  0.2	0.000	0.000	0.000
95	  T	 19.5	  0.2	0.000	0.000	0.000
96	  Y	 22.2	  0.2	0.000	0.000	0.000
97	  T	 22.6	  0.1	0.000	0.000	0.000
98	  K	  5.1	  0.1	0.000	0.000	0.000
99	  T	  5.6	  0.1	0.000	0.000	0.000
100	  L	  4.6	  0.2	0.000	0.000	0.000
101	  S	  4.5	  0.1	0.000	0.000	0.000
102	  T	  1.6	  0.1	0.000	0.000	0.000
103	  A	  1.4	  0.1	0.000	0.000	0.000
104	  V	  1.3	  0.4	0.000	0.000	0.000
105	  P	  0.1	  0.4	0.000	0.000	0.000
106	  N	  0.1	  1.8	0.000	0.000	0.000
107	  S	  0.2	  1.8	0.000	0.000	0.000
108	  S	  0.4	  1.4	0.000	0.000	0.000
109	  A	  0.7	  1.4	0.000	0.000	0.000
110	  I	  1.2	  0.1	0.000	0.000	0.000
111	  S	  1.0	  0.1	0.000	0.000	0.000
112	  S	  0.9	  0.1	0.000	0.000	0.000
113	  A	  0.4	  0.2	0.000	0.000	0.000
114	  K	  0.8	  0.1	0.000	0.000	0.000
115	  S	  1.2	  0.1	0.000	0.000	0.000
116	  V	  3.3	  0.2	0.000	0.000	0.000
117	  A	  2.9	  0.1	0.000	0.000	0.000
118	  S	  2.8	  0.2	0.000	0.000	0.000
119	  T	  3.3	  0.2	0.000	0.000	0.000
120	  H	  3.4	  0.1	0.000	0.000	0.000
121	  T	  3.2	  0.2	0.000	0.000	0.000
122	  E	  0.5	  0.3	0.000	0.000	0.000
123	  S	  1.2	  1.1	0.000	0.000	0.000
124	  S	  1.8	  1.7	0.000	0.000	0.000
125	  S	  2.0	  2.0	0.000	0.000	0.000
126	  S	  1.3	  2.0	0.000	0.000	0.000
127	  T	  0.4	  1.4	0.000	0.000	0.000
128	  G	  0.1	  1.0	0.000	0.000	0.000
129	  G	  0.0	  1.3	0.000	0.000	0.000
130	  A	  0.0	  1.2	0.000	0.000	0.000
131	  G	  0.0	  1.0	0.000	0.000	0.000
132	  H	  1.6	  0.7	0.000	0.117	0.117
133	  V	  2.7	  0.0	0.000	17.193	17.193
134	  A	  2.8	  0.0	0.000	18.461	18.461
135	  A	  1.5	  0.0	0.000	19.775	19.775
136	  V	  0.3	  2.0	0.000	21.325	21.325
137	  G	  0.2	  2.1	0.000	21.431	21.431
138	  G	  0.3	  2.1	0.927	22.540	22.540
139	  V	  1.4	  2.1	1.045	38.819	38.819
140	  A	  1.4	  0.0	1.315	39.795	39.795
141	  A	  1.3	  0.0	1.315	41.061	41.061
142	  A	  0.1	  0.0	1.315	42.675	42.675
143	  A	  0.1	  0.0	1.315	44.419	44.419
144	  A	  0.2	  0.0	1.112	46.191	46.191
145	  A	  1.0	  0.0	0.881	45.884	45.884
146	  V	  5.3	  0.0	0.348	45.623	45.623
147	  M	  6.3	  0.0	0.348	41.340	41.340
148	  L	  5.4	  0.0	0.000	38.802	38.802
149	  L	  1.2	  0.0	0.000	0.000	0.000
