res	aa	Beta	Turn	Helix	Aggregation	Conc-Stab_Aggregation
01	  M	  2.5	  0.0	0.000	0.000	0.000
02	  S	 22.1	  0.1	0.000	0.158	0.158
03	  F	 22.4	  0.4	0.000	0.686	0.686
04	  S	 20.3	  0.4	0.000	0.793	0.793
05	  N	  1.1	  0.4	0.000	1.822	1.822
06	  F	  5.0	  0.2	0.000	47.595	47.595
07	  S	  5.3	  0.0	1.805	52.076	52.076
08	  W	  4.9	  0.0	2.361	87.849	87.849
09	  L	  1.0	  0.0	2.491	96.155	96.155
10	  A	  0.7	  0.0	2.491	97.597	97.597
11	  L	  0.5	  0.1	2.491	99.291	99.291
12	  A	  0.4	  0.1	2.491	99.565	99.565
13	  W	  1.1	  0.1	2.221	99.873	99.873
14	  Y	  2.6	  0.1	1.690	99.857	99.857
15	  F	  2.7	  0.1	0.753	99.479	99.479
16	  A	  2.0	  0.1	0.319	94.401	94.401
17	  T	  0.8	  0.3	0.319	90.085	90.085
18	  A	  0.6	  0.3	0.319	87.479	87.479
19	  L	  0.5	  0.2	0.319	85.270	85.270
20	  G	  0.2	  0.2	0.220	72.542	72.542
21	  V	  9.5	  0.0	0.000	71.402	71.402
22	  T	 20.0	  0.0	0.000	57.857	57.857
23	  I	 20.4	  0.0	0.000	49.720	49.720
24	  T	 11.9	  0.2	0.000	11.053	11.053
25	  E	  0.6	  0.2	0.000	0.000	0.000
26	  N	  2.6	  0.2	0.000	0.001	0.001
27	  V	  6.4	  0.2	0.000	0.001	0.001
28	  I	  9.0	  0.0	0.000	0.001	0.001
29	  S	 15.5	  0.0	0.000	0.001	0.001
30	  I	 12.0	  0.0	0.000	0.001	0.001
31	  S	  9.6	  0.0	0.128	0.000	0.000
32	  P	  0.2	  0.0	0.128	0.000	0.000
33	  V	  3.1	  0.0	0.128	0.689	0.689
34	  N	  3.1	  0.0	0.128	0.689	0.689
35	  L	  3.4	  0.0	0.128	0.689	0.689
36	  A	  0.5	  0.1	0.128	0.689	0.689
37	  I	  0.4	  1.9	0.000	0.689	0.689
38	  G	  0.1	  1.9	0.234	0.000	0.000
39	  D	  0.2	  2.4	0.234	0.000	0.000
40	  L	  3.7	  2.3	0.234	0.000	0.000
41	  N	  6.2	  0.5	0.234	0.000	0.000
42	  I	  6.3	  0.5	0.234	0.000	0.000
43	  N	  2.9	  1.1	0.234	0.000	0.000
44	  P	  0.3	  1.1	0.000	0.055	0.055
45	  G	  0.0	  1.1	0.000	5.272	5.272
46	  V	  2.0	  1.1	0.000	64.309	64.309
47	  Y	  4.2	  0.1	0.000	68.762	68.762
48	  Y	  7.3	  0.1	0.000	68.845	68.845
49	  S	  6.0	  0.1	0.000	68.845	68.845
50	  I	  4.9	  0.1	0.000	69.002	69.002
51	  V	  2.2	  0.1	0.000	64.586	64.586
52	  N	  1.6	  0.1	0.000	7.081	7.081
53	  N	  0.6	  0.1	0.401	4.731	4.731
54	  A	  0.2	  0.0	0.401	6.452	6.452
55	  L	  0.4	  0.0	0.401	7.417	7.417
56	  T	  1.5	  0.0	0.401	7.031	7.031
57	  T	  4.1	  0.0	0.401	6.799	6.799
58	  I	  4.9	  0.3	0.401	6.660	6.660
59	  A	  3.9	  0.6	0.401	3.676	3.676
60	  G	  1.2	  0.7	0.287	0.159	0.159
61	  S	  2.3	  1.7	0.148	0.037	0.037
62	  L	  2.3	  1.6	0.000	0.037	0.037
63	  D	  2.3	  1.3	0.000	0.000	0.000
64	  N	  0.1	  1.7	0.000	0.000	0.000
65	  Q	  0.0	  0.8	0.000	0.000	0.000
66	  G	  0.0	  0.7	0.000	0.255	0.255
67	  G	  0.0	  0.5	0.000	0.973	0.973
68	  F	  1.4	  0.1	0.000	1.970	1.970
69	  Y	  2.2	  0.0	0.000	1.970	1.970
70	  V	  4.7	  0.0	0.000	1.970	1.970
71	  T	  3.4	  0.4	0.000	1.715	1.715
72	  S	  2.6	  3.9	0.000	0.997	0.997
73	  D	  0.1	  4.9	0.170	0.000	0.000
74	  N	  0.0	  4.9	0.354	0.000	0.000
75	  G	  0.1	  4.5	0.354	0.112	0.112
76	  L	  0.1	  1.0	0.354	4.028	4.028
77	  A	  0.2	  0.1	0.354	4.544	4.544
78	  A	  0.6	  0.1	0.354	5.175	5.175
79	  S	 10.9	  0.3	0.354	5.926	5.926
80	  V	 14.9	  0.3	0.000	6.873	6.873
81	  S	 14.8	  0.2	0.000	6.533	6.533
82	  L	  5.4	  0.2	0.000	6.662	6.662
83	  V	  1.4	  0.1	0.000	6.418	6.418
84	  S	  1.1	  0.2	0.000	1.447	1.447
85	  G	  0.6	  0.2	0.000	0.325	0.325
86	  T	 11.3	  0.2	0.000	0.325	0.325
87	  I	 11.5	  0.2	0.000	0.325	0.325
88	  K	 11.5	  0.2	0.000	0.000	0.000
89	  N	  0.3	  0.9	0.136	0.000	0.000
90	  S	  0.1	  1.2	0.274	0.000	0.000
91	  G	  0.0	  1.1	0.384	0.000	0.000
92	  K	  0.3	  1.0	0.384	0.000	0.000
93	  L	  0.5	  0.3	0.384	0.000	0.000
94	  A	  0.8	  0.1	0.384	0.000	0.000
95	  F	  1.8	  0.1	0.384	0.000	0.000
96	  N	  1.6	  1.3	0.237	0.000	0.000
97	  S	  1.7	  1.4	0.127	0.000	0.000
98	  S	  0.4	  1.4	0.127	0.000	0.000
99	  R	  0.5	  1.4	0.127	0.000	0.000
100	  A	  0.6	  0.2	0.127	0.000	0.000
101	  S	  1.4	  0.2	0.127	0.000	0.000
102	  V	  5.7	  0.1	0.000	0.157	0.157
103	  V	  5.5	  0.3	0.000	0.157	0.157
104	  S	  4.6	  0.3	0.000	0.157	0.157
105	  N	  1.1	  0.5	0.000	0.157	0.157
106	  Y	  2.5	  0.6	0.000	0.157	0.157
107	  N	  2.8	  1.2	0.164	0.000	0.000
108	  L	  2.3	  1.2	0.164	0.000	0.000
109	  N	  1.0	  1.0	0.164	0.000	0.000
110	  S	  0.9	  1.2	0.164	0.000	0.000
111	  I	  0.5	  0.9	0.164	0.000	0.000
112	  G	  0.2	  0.9	0.164	0.000	0.000
113	  E	  1.4	  0.9	0.000	0.000	0.000
114	  F	  1.7	  0.9	0.000	0.000	0.000
115	  S	  1.7	  0.3	0.000	0.000	0.000
116	  N	  0.3	  0.6	0.000	0.000	0.000
117	  T	  0.1	  0.8	0.000	0.000	0.000
118	  G	  0.0	  0.6	0.000	0.000	0.000
119	  E	  0.2	  0.5	0.000	0.000	0.000
120	  M	  0.6	  0.2	0.000	1.270	1.270
121	  W	  0.8	  0.2	0.000	1.576	1.576
122	  F	  0.8	  0.3	0.000	1.576	1.576
123	  G	  0.3	  0.6	0.000	1.576	1.576
124	  L	  0.3	  1.0	0.000	1.576	1.576
125	  S	  0.2	  0.8	0.000	0.681	0.681
126	  G	  0.3	  0.7	0.000	0.681	0.681
127	  Y	  0.9	  0.4	0.000	0.681	0.681
128	  A	  1.3	  0.0	0.000	0.681	0.681
129	  L	  1.1	  0.0	0.000	0.681	0.681
130	  V	  0.4	  0.0	0.000	0.000	0.000
131	  P	  0.0	  0.0	0.000	0.000	0.000
132	  P	  0.0	  0.0	0.000	0.000	0.000
133	  V	  7.4	  0.0	0.000	1.291	1.291
134	  I	  8.5	  0.0	0.000	1.291	1.291
135	  L	  8.5	  0.3	0.000	1.291	1.291
136	  G	  1.3	  0.3	0.130	1.291	1.291
137	  S	  0.8	  0.5	0.130	1.291	1.291
138	  A	  0.8	  0.5	0.130	0.743	0.743
139	  T	  1.2	  0.2	0.130	0.279	0.279
140	  N	  2.3	  0.2	0.130	0.000	0.000
141	  W	  2.7	  0.2	0.130	0.000	0.000
142	  E	  2.3	  0.3	0.000	0.000	0.000
143	  N	  0.6	  1.1	0.127	0.000	0.000
144	  Q	  0.1	  1.2	0.127	0.000	0.000
145	  G	  0.0	  0.9	0.127	0.000	0.000
146	  K	  1.0	  0.9	0.127	0.000	0.000
147	  I	  4.1	  0.0	0.127	0.000	0.000
148	  H	  6.2	  0.0	0.127	0.000	0.000
149	  F	  6.6	  0.0	0.127	0.000	0.000
150	  V	  4.6	  0.0	0.000	0.000	0.000
151	  Q	  2.5	  0.2	0.000	0.000	0.000
152	  S	  1.3	  0.4	0.000	0.000	0.000
153	  R	  0.3	  0.4	0.000	0.000	0.000
154	  G	  0.2	  0.3	0.000	0.000	0.000
155	  T	  0.1	  0.6	0.000	0.000	0.000
156	  P	  0.0	  0.5	0.000	0.000	0.000
157	  S	  0.2	  0.5	0.093	0.000	0.000
158	  S	  3.2	  0.5	0.093	0.000	0.000
159	  V	 12.4	  0.1	0.093	1.061	1.061
160	  T	 23.8	  0.0	0.377	1.061	1.061
161	  I	 20.9	  0.1	0.377	1.061	1.061
162	  S	 12.5	  0.1	0.488	1.061	1.061
163	  N	  0.2	  0.1	0.396	1.061	1.061
164	  V	  0.6	  0.1	0.396	1.061	1.061
165	  L	  0.6	  0.0	0.396	0.751	0.751
166	  G	  0.5	  0.0	0.396	0.000	0.000
167	  K	  1.8	  0.1	0.251	0.000	0.000
168	  V	  2.3	  0.1	0.000	0.000	0.000
169	  N	  2.3	  0.2	0.000	0.000	0.000
170	  N	  0.6	  0.8	0.147	0.000	0.000
171	  E	  0.0	  0.8	0.147	0.000	0.000
172	  G	  0.0	  0.8	0.147	0.213	0.213
173	  T	  2.4	  0.7	0.147	2.579	2.579
174	  I	  3.9	  0.1	0.147	2.738	2.738
175	  C	  5.4	  0.0	0.147	2.738	2.738
176	  L	  3.7	  0.0	0.147	2.738	2.738
177	  V	  2.1	  0.0	0.147	2.738	2.738
178	  N	  0.6	  0.0	0.147	0.159	0.159
179	  M	  0.0	  0.0	0.000	0.000	0.000
180	  E	  0.0	  0.0	0.000	0.000	0.000
181	  W	  0.0	  0.0	-1.#IO	0.000	0.000
182	  V	  0.0	  0.0	-1.#IO	0.000	0.000
183	  Q	  0.0	  0.0	-1.#IO	0.000	0.000
184	  T	  0.0	  0.0	-1.#IO	0.000	0.000
185	  T	  0.0	  0.0	-1.#IO	0.000	0.000
186	  S	  0.0	  0.0	-1.#IO	0.000	0.000
187	  V	  0.0	  0.0	-1.#IO	0.000	0.000
188	  E	  0.0	  0.0	-1.#IO	0.000	0.000
189	  G	  0.0	  0.0	-1.#IO	0.000	0.000
190	  S	  0.0	  0.0	-1.#IO	0.000	0.000
191	  G	  0.0	  0.0	-1.#IO	0.000	0.000
192	  C	  0.0	  0.0	-1.#IO	0.000	0.000
193	  I	  0.0	  0.0	-1.#IO	0.000	0.000
194	  N	  0.0	  0.0	0.000	0.000	0.000
195	  I	  0.0	  0.0	0.000	0.000	0.000
196	  G	  0.0	  1.1	0.000	0.000	0.000
197	  E	  0.0	  2.0	0.000	0.000	0.000
198	  N	  0.0	  2.2	0.000	0.000	0.000
199	  G	  0.0	  2.2	0.129	0.000	0.000
200	  S	  0.6	  1.2	0.531	0.000	0.000
201	  L	  2.0	  0.3	0.531	0.000	0.000
202	  Q	  3.0	  0.1	0.531	0.000	0.000
203	  L	  3.9	  0.0	0.531	0.000	0.000
204	  Q	  3.7	  0.0	0.531	0.000	0.000
205	  L	  2.8	  0.0	0.403	0.000	0.000
206	  S	  1.4	  0.3	0.260	0.000	0.000
207	  P	  0.1	  0.3	0.000	0.000	0.000
208	  W	  3.1	  0.3	0.000	0.000	0.000
209	  N	  4.2	  0.9	0.000	0.000	0.000
210	  V	  4.6	  0.7	0.000	0.000	0.000
211	  D	  1.6	  1.0	0.000	0.000	0.000
212	  N	  0.5	  1.1	0.407	0.000	0.000
213	  S	  0.4	  0.6	0.407	0.000	0.000
214	  Q	  0.5	  0.5	0.407	0.347	0.347
215	  T	  3.0	  0.2	0.407	0.951	0.951
216	  I	  4.1	  0.1	0.407	1.215	1.215
217	  Y	  4.9	  0.0	0.407	1.215	1.215
218	  L	  2.9	  0.0	0.111	1.215	1.215
219	  S	  1.9	  0.2	0.111	0.868	0.868
220	  A	  0.9	  0.5	0.000	0.423	0.423
221	  E	  0.4	  0.5	0.000	0.000	0.000
222	  D	  0.1	  0.6	0.000	0.000	0.000
223	  S	  0.2	  0.4	0.000	0.000	0.000
224	  T	  5.8	  0.2	0.105	1.140	1.140
225	  L	  7.5	  0.1	0.105	3.124	3.124
226	  S	  7.9	  0.0	0.225	3.390	3.390
227	  V	  3.0	  0.0	0.225	3.656	3.656
228	  L	  1.1	  0.0	0.225	3.656	3.656
229	  G	  0.6	  0.0	0.225	2.903	2.903
230	  L	  0.3	  0.1	0.225	2.638	2.638
231	  S	  1.8	  0.7	0.120	0.457	0.457
232	  Q	  1.9	  0.7	0.000	0.000	0.000
233	  S	  3.3	  0.9	0.000	0.000	0.000
234	  L	  1.9	  0.9	0.000	0.000	0.000
235	  T	  1.8	  0.4	0.000	0.000	0.000
236	  G	  0.2	  0.3	0.000	0.000	0.000
237	  T	  0.1	  0.2	0.000	0.000	0.000
238	  K	  0.0	  0.1	0.000	0.000	0.000
239	  T	  0.0	  0.0	0.000	0.000	0.000
240	  Y	  0.0	  0.0	0.000	0.000	0.000
241	  V	  0.0	  0.0	-1.#IO	0.000	0.000
242	  V	  0.0	  0.0	-1.#IO	0.000	0.000
243	  R	  0.0	  0.0	-1.#IO	0.000	0.000
244	  G	  0.0	  0.0	-1.#IO	0.000	0.000
245	  F	  0.0	  0.0	-1.#IO	0.000	0.000
246	  G	  0.0	  0.0	-1.#IO	0.000	0.000
247	  G	  0.0	  0.0	-1.#IO	0.000	0.000
248	  G	  0.0	  0.0	-1.#IO	0.000	0.000
249	  N	  0.0	  0.0	-1.#IO	0.000	0.000
250	  T	  0.0	  0.0	-1.#IO	0.000	0.000
251	  I	  0.0	  0.0	-1.#IO	0.000	0.000
252	  R	  0.0	  0.0	-1.#IO	0.000	0.000
253	  V	  0.0	  0.0	-1.#IO	0.000	0.000
254	  N	  0.0	  0.0	-1.#IO	0.000	0.000
255	  L	  0.0	  0.0	-1.#IO	0.000	0.000
256	  G	  0.0	  0.0	-1.#IO	0.000	0.000
257	  F	  0.0	  0.0	-1.#IO	0.000	0.000
258	  D	  0.0	  0.0	-1.#IO	0.000	0.000
259	  S	  0.0	  0.0	-1.#IO	0.000	0.000
260	  F	  0.0	  0.0	-1.#IO	0.000	0.000
261	  N	  0.0	  0.0	-1.#IO	0.000	0.000
262	  Y	  0.0	  0.0	-1.#IO	0.000	0.000
263	  R	  0.0	  0.0	-1.#IO	0.000	0.000
264	  D	  0.0	  0.0	-1.#IO	0.000	0.000
265	  G	  0.0	  0.0	-1.#IO	0.000	0.000
266	  V	  0.0	  0.0	0.000	0.000	0.000
267	  L	  0.0	  0.0	0.000	0.000	0.000
268	  T	  5.3	  0.0	1.446	0.514	0.514
269	  L	  7.3	  0.0	1.446	1.359	1.359
270	  S	  7.8	  0.0	1.446	1.497	1.497
271	  F	  3.4	  0.0	1.446	2.592	2.592
272	  L	  1.2	  0.0	1.446	2.674	2.674
273	  L	  0.8	  0.0	1.446	2.677	2.677
274	  G	  0.2	  0.0	1.846	2.597	2.597
275	  V	  1.3	  0.0	0.794	2.606	2.606
276	  F	  2.4	  0.1	0.794	2.533	2.533
277	  K	  2.7	  0.0	0.499	1.543	1.543
278	  L	  1.8	  0.0	0.499	1.543	1.543
279	  A	  0.7	  0.0	0.499	1.543	1.543
280	  F	  5.6	  0.0	0.499	1.543	1.543
281	  E	  5.5	  0.0	0.242	1.543	1.543
282	  I	  5.3	  0.4	0.000	1.298	1.298
283	  G	  0.1	  0.9	0.000	0.107	0.107
284	  E	  0.0	  0.9	0.000	0.000	0.000
285	  G	  0.1	  1.0	0.000	0.000	0.000
286	  Y	  1.0	  0.6	0.000	0.000	0.000
287	  D	  1.0	  0.1	0.000	0.000	0.000
288	  S	  0.9	  0.1	0.000	0.000	0.000
289	  S	  0.0	  0.0	0.000	0.000	0.000
290	  E	  0.0	  0.0	0.000	0.000	0.000
291	  F	  0.0	  0.0	-1.#IO	0.000	0.000
292	  S	  0.0	  0.0	-1.#IO	0.000	0.000
293	  T	  0.0	  0.0	-1.#IO	0.000	0.000
294	  N	  0.0	  0.0	-1.#IO	0.000	0.000
295	  G	  0.0	  0.0	-1.#IO	0.000	0.000
296	  I	  0.0	  0.0	-1.#IO	0.000	0.000
297	  A	  0.0	  0.0	-1.#IO	0.000	0.000
298	  N	  0.0	  0.0	-1.#IO	0.000	0.000
299	  T	  0.0	  0.0	-1.#IO	0.000	0.000
300	  G	  0.0	  0.0	-1.#IO	0.000	0.000
301	  T	  0.0	  0.0	-1.#IO	0.000	0.000
302	  R	  0.0	  0.0	-1.#IO	0.000	0.000
303	  I	  0.0	  0.0	-1.#IO	0.000	0.000
304	  S	  0.0	  0.0	0.000	0.000	0.000
305	  Y	  0.0	  0.0	0.000	0.000	0.000
306	  N	  0.0	  0.0	0.000	0.000	0.000
307	  L	  0.3	  0.0	0.000	0.000	0.000
308	  A	  0.4	  0.0	0.000	0.000	0.000
309	  Y	  0.4	  1.5	0.000	0.000	0.000
310	  P	  0.0	  1.6	0.000	0.000	0.000
311	  G	  0.0	  1.6	0.000	0.000	0.000
312	  E	  0.0	  1.6	0.000	0.000	0.000
313	  M	  0.0	  0.9	0.000	0.000	0.000
314	  P	  0.0	  0.7	0.000	0.000	0.000
315	  D	  0.4	  0.7	0.000	0.000	0.000
316	  V	  2.3	  0.7	0.000	0.000	0.000
317	  C	  3.6	  0.0	0.140	0.000	0.000
318	  M	  3.4	  0.0	0.140	0.000	0.000
319	  C	  2.1	  0.7	0.140	0.000	0.000
320	  E	  0.8	  0.7	0.140	0.000	0.000
321	  D	  0.7	  0.7	0.140	0.000	0.000
322	  F	  0.1	  0.7	0.140	0.000	0.000
323	  P	  0.1	  0.0	0.000	0.000	0.000
324	  E	  0.0	  0.0	0.000	0.000	0.000
325	  P	  0.0	  0.2	0.000	0.000	0.000
326	  P	  0.0	  0.2	0.000	0.000	0.000
327	  L	  0.1	  0.2	0.000	0.000	0.000
328	  E	  0.1	  0.4	0.000	0.000	0.000
329	  P	  0.1	  0.4	0.000	0.000	0.000
330	  S	  0.9	  1.2	0.000	0.000	0.000
331	  S	  1.7	  2.2	0.000	0.000	0.000
332	  S	  1.8	  2.0	0.000	0.000	0.000
333	  S	  1.2	  1.8	0.000	0.000	0.000
334	  A	  0.8	  1.0	0.000	0.000	0.000
335	  V	  2.0	  0.1	0.000	0.000	0.000
336	  S	  1.9	  0.1	0.143	0.000	0.000
337	  S	  1.4	  0.3	0.143	0.000	0.000
338	  E	  0.2	  0.3	0.143	0.000	0.000
339	  T	  1.4	  0.4	0.143	0.000	0.000
340	  S	  2.3	  1.1	0.143	0.000	0.000
341	  S	  3.1	  1.8	0.143	0.000	0.000
342	  S	  2.1	  1.7	0.000	0.000	0.000
343	  S	  1.3	  1.6	0.000	0.000	0.000
344	  Q	  0.4	  1.4	0.000	0.000	0.000
345	  P	  0.1	  0.7	0.000	0.000	0.000
346	  D	  0.6	  0.7	0.000	0.000	0.000
347	  F	  1.9	  0.7	0.000	14.119	14.119
348	  T	  4.8	  0.0	0.000	15.127	15.127
349	  T	 21.6	  0.0	0.000	19.333	19.333
350	  Y	 21.5	  0.0	0.000	26.360	26.360
351	  T	 19.9	  0.0	0.000	28.223	28.223
352	  T	  4.2	  0.0	0.000	28.886	28.886
353	  T	  7.2	  0.0	0.000	29.308	29.308
354	  V	  8.3	  0.0	0.000	29.308	29.308
355	  V	  8.1	  0.0	0.000	27.885	27.885
356	  T	  4.2	  0.1	0.000	8.584	8.584
357	  T	  2.3	  0.2	0.000	3.549	3.549
358	  D	  0.8	 10.7	0.000	0.000	0.000
359	  S	  0.5	 11.2	0.000	0.000	0.000
360	  D	  0.0	 11.2	0.000	0.000	0.000
361	  G	  0.0	 11.2	0.000	0.000	0.000
362	  Q	  0.1	  0.8	0.000	0.000	0.000
363	  S	  0.8	  0.2	0.000	0.000	0.000
364	  T	  1.0	  0.2	0.000	0.000	0.000
365	  T	  1.1	  0.2	0.000	0.000	0.000
366	  E	  0.5	  0.3	0.000	0.000	0.000
367	  S	  0.2	  0.3	0.000	0.000	0.000
368	  D	  0.9	  0.3	0.000	0.000	0.000
369	  V	  7.6	  0.1	0.000	64.304	64.304
370	  V	 20.7	  0.0	0.000	66.298	66.298
371	  I	 23.0	  0.0	0.000	66.298	66.298
372	  V	 18.1	  0.0	0.000	66.298	66.298
373	  T	  5.1	  0.1	0.000	66.298	66.298
374	  T	  2.0	  0.2	0.000	26.137	26.137
375	  D	  0.7	 10.0	0.000	0.000	0.000
376	  S	  0.4	 10.5	0.000	0.000	0.000
377	  D	  0.0	 10.5	0.000	0.000	0.000
378	  G	  0.0	 10.4	0.000	0.000	0.000
379	  S	  4.7	  0.6	0.000	0.000	0.000
380	  W	  5.5	  0.1	0.000	0.000	0.000
381	  T	  7.0	  0.0	0.000	0.000	0.000
382	  T	  3.8	  0.0	0.000	0.000	0.000
383	  T	  5.5	  0.1	0.000	0.000	0.000
384	  T	  5.0	  0.2	0.000	0.000	0.000
385	  S	  3.6	  0.2	0.000	0.000	0.000
386	  S	  9.7	  0.2	0.000	0.000	0.000
387	  L	  8.6	  0.2	0.000	0.000	0.000
388	  S	  8.6	  8.4	0.000	0.000	0.000
389	  P	  0.1	  8.3	0.000	0.000	0.000
390	  S	  0.0	  8.5	0.000	0.000	0.000
391	  G	  0.0	  9.0	0.000	0.000	0.000
392	  P	  0.0	  0.9	0.000	0.000	0.000
393	  S	  0.0	  0.9	0.000	0.000	0.000
394	  E	  0.0	  0.9	0.000	0.000	0.000
395	  G	  0.0	  0.6	0.000	0.000	0.000
396	  P	  0.0	  0.4	0.000	0.000	0.000
397	  T	  3.0	  0.4	0.000	0.610	0.610
398	  T	 21.4	  0.2	0.000	1.737	1.737
399	  Y	 22.7	  0.0	0.000	3.722	3.722
400	  T	 22.0	  0.0	0.000	4.109	4.109
401	  T	  4.3	  0.0	0.000	4.257	4.257
402	  S	  3.5	  0.0	0.000	4.403	4.403
403	  V	  3.9	  0.0	0.000	4.403	4.403
404	  V	  4.7	  0.0	0.000	4.290	4.290
405	  T	  4.4	  0.1	0.000	1.213	1.213
406	  T	  2.4	  0.2	0.000	0.445	0.445
407	  D	  0.8	  9.2	0.000	0.000	0.000
408	  S	  0.5	 11.1	0.000	0.000	0.000
409	  N	  0.0	 11.1	0.000	0.000	0.000
410	  G	  0.0	 11.1	0.000	0.000	0.000
411	  Q	  0.1	  2.1	0.000	0.000	0.000
412	  T	  1.6	  0.2	0.000	0.000	0.000
413	  T	  4.4	  0.1	0.000	0.000	0.000
414	  T	  5.4	  0.2	0.000	0.000	0.000
415	  S	  4.0	  1.5	0.000	0.000	0.000
416	  S	  1.3	  1.4	0.000	0.000	0.000
417	  D	  0.9	  1.4	0.000	0.000	0.000
418	  V	  7.4	  1.3	0.000	63.993	63.993
419	  V	 20.4	  0.0	0.000	65.977	65.977
420	  I	 22.6	  0.0	0.000	65.977	65.977
421	  V	 17.9	  0.0	0.000	65.977	65.977
422	  T	  5.0	  0.1	0.000	65.977	65.977
423	  T	  2.0	  0.2	0.000	26.011	26.011
424	  D	  0.7	 10.4	0.000	0.000	0.000
425	  S	  0.4	 10.9	0.000	0.000	0.000
426	  D	  0.0	 11.0	0.000	0.000	0.000
427	  G	  0.0	 11.0	0.000	0.000	0.000
428	  S	  1.4	  0.7	0.000	0.000	0.000
429	  L	  1.6	  0.2	0.000	0.000	0.000
430	  T	  3.2	  0.1	0.000	0.000	0.000
431	  T	  3.5	  0.0	0.000	0.000	0.000
432	  T	  8.2	  0.0	0.000	0.000	0.000
433	  T	  6.7	  0.0	0.000	0.000	0.000
434	  S	  5.1	  0.7	0.000	0.000	0.000
435	  P	  0.1	  0.7	0.000	0.000	0.000
436	  L	  0.0	  0.8	0.000	0.000	0.000
437	  G	  0.0	  1.3	0.000	0.000	0.000
438	  P	  0.0	  0.9	0.000	0.000	0.000
439	  S	  0.0	  0.9	0.000	0.000	0.000
440	  E	  0.0	  1.0	0.000	0.000	0.000
441	  G	  0.0	  0.7	0.000	0.000	0.000
442	  P	  0.0	  0.4	0.000	0.000	0.000
443	  T	  3.0	  0.4	0.000	0.610	0.610
444	  T	 21.4	  0.2	0.000	1.737	1.737
445	  Y	 22.7	  0.0	0.000	3.722	3.722
446	  T	 22.0	  0.0	0.000	4.109	4.109
447	  T	  4.3	  0.0	0.000	4.257	4.257
448	  S	  3.5	  0.0	0.000	4.403	4.403
449	  V	  3.9	  0.0	0.000	4.403	4.403
450	  V	  4.7	  0.0	0.000	4.290	4.290
451	  T	  4.4	  0.1	0.000	1.213	1.213
452	  T	  2.4	  0.2	0.000	0.445	0.445
453	  D	  0.8	  9.2	0.000	0.000	0.000
454	  S	  0.5	 11.1	0.000	0.000	0.000
455	  N	  0.0	 11.1	0.000	0.000	0.000
456	  G	  0.0	 11.1	0.000	0.000	0.000
457	  Q	  0.1	  2.1	0.000	0.000	0.000
458	  T	  1.6	  0.2	0.000	0.000	0.000
459	  T	  4.4	  0.1	0.000	0.000	0.000
460	  T	  5.4	  0.2	0.000	0.000	0.000
461	  S	  4.0	  1.5	0.000	0.000	0.000
462	  S	  1.3	  1.4	0.000	0.000	0.000
463	  D	  0.9	  1.4	0.000	0.000	0.000
464	  V	  7.4	  1.3	0.000	63.993	63.993
465	  V	 20.4	  0.0	0.000	65.977	65.977
466	  I	 22.6	  0.0	0.000	65.977	65.977
467	  V	 17.9	  0.0	0.000	65.977	65.977
468	  T	  5.0	  0.1	0.000	65.977	65.977
469	  T	  2.0	  0.2	0.000	26.011	26.011
470	  D	  0.7	 10.4	0.000	0.000	0.000
471	  S	  0.4	 10.9	0.000	0.000	0.000
472	  D	  0.0	 11.0	0.000	0.000	0.000
473	  G	  0.0	 11.0	0.000	0.000	0.000
474	  S	  1.4	  0.7	0.000	0.000	0.000
475	  L	  1.6	  0.2	0.000	0.000	0.000
476	  T	  3.2	  0.1	0.000	0.000	0.000
477	  T	  3.5	  0.0	0.000	0.000	0.000
478	  T	  8.2	  0.0	0.000	0.000	0.000
479	  T	  6.7	  0.0	0.000	0.000	0.000
480	  S	  5.1	  0.7	0.000	0.000	0.000
481	  P	  0.1	  0.7	0.000	0.000	0.000
482	  L	  0.0	  0.8	0.000	0.000	0.000
483	  G	  0.0	  2.0	0.000	0.000	0.000
484	  P	  0.0	  1.3	0.000	0.000	0.000
485	  T	  0.0	  1.5	0.000	0.000	0.000
486	  G	  0.0	  1.7	0.000	0.000	0.000
487	  P	  0.0	  0.6	0.000	0.000	0.000
488	  T	  0.0	  0.6	0.000	0.000	0.000
489	  E	  0.0	  0.6	0.000	0.000	0.000
490	  G	  0.0	  0.5	0.000	0.000	0.000
491	  P	  0.0	  0.4	0.000	0.000	0.000
492	  T	  3.0	  0.4	0.000	0.611	0.611
493	  T	 21.4	  0.2	0.000	1.739	1.739
494	  Y	 22.7	  0.0	0.000	3.726	3.726
495	  T	 22.0	  0.0	0.000	4.113	4.113
496	  T	  4.3	  0.0	0.000	4.261	4.261
497	  S	  3.5	  0.0	0.000	4.409	4.409
498	  V	  3.9	  0.0	0.000	4.409	4.409
499	  V	  4.7	  0.0	0.000	4.295	4.295
500	  T	  4.4	  0.1	0.000	1.217	1.217
501	  T	  2.4	  0.2	0.000	0.449	0.449
502	  D	  0.8	  9.2	0.000	0.000	0.000
503	  S	  0.5	 10.2	0.000	0.000	0.000
504	  N	  0.0	 10.4	0.000	0.000	0.000
505	  G	  0.0	 10.4	0.000	0.000	0.000
506	  E	  0.1	  1.3	0.000	0.000	0.000
507	  T	  1.7	  0.4	0.000	0.000	0.000
508	  T	  4.4	  0.1	0.000	0.000	0.000
509	  T	  5.4	  0.2	0.000	0.000	0.000
510	  S	  4.0	  1.5	0.000	0.000	0.000
511	  S	  1.3	  1.4	0.000	0.000	0.000
512	  D	  0.9	  1.4	0.000	0.000	0.000
513	  V	  7.4	  1.3	0.000	63.993	63.993
514	  V	 20.4	  0.0	0.000	65.977	65.977
515	  I	 22.6	  0.0	0.000	65.977	65.977
516	  V	 17.9	  0.0	0.000	65.977	65.977
517	  T	  5.0	  0.1	0.000	65.977	65.977
518	  T	  2.0	  0.2	0.000	26.011	26.011
519	  D	  0.7	 10.4	0.000	0.000	0.000
520	  S	  0.4	 10.9	0.000	0.000	0.000
521	  D	  0.0	 11.0	0.000	0.000	0.000
522	  G	  0.0	 11.0	0.000	0.000	0.000
523	  S	  1.4	  0.7	0.000	0.000	0.000
524	  L	  1.6	  0.2	0.000	0.000	0.000
525	  T	  3.2	  0.1	0.000	0.000	0.000
526	  T	  3.6	  0.0	0.000	0.000	0.000
527	  T	  8.3	  0.0	0.000	0.000	0.000
528	  T	  6.7	  0.0	0.000	0.000	0.000
529	  S	  5.1	  0.3	0.000	0.000	0.000
530	  P	  0.1	  0.3	0.000	0.000	0.000
531	  L	  0.1	  0.3	0.000	0.000	0.000
532	  N	  0.1	  4.2	0.000	0.000	0.000
533	  P	  0.1	  3.9	0.000	0.000	0.000
534	  S	  0.0	  3.9	0.000	0.000	0.000
535	  S	  0.0	  6.5	0.000	0.000	0.000
536	  P	  0.0	  2.7	0.000	0.000	0.000
537	  G	  0.0	  2.7	0.000	0.000	0.000
538	  E	  0.0	  2.9	0.000	0.000	0.000
539	  G	  0.0	  0.6	0.000	0.000	0.000
540	  P	  0.0	  0.4	0.000	0.000	0.000
541	  T	  3.0	  0.4	0.000	0.609	0.609
542	  T	 21.4	  0.2	0.000	1.733	1.733
543	  Y	 22.7	  0.0	0.000	3.713	3.713
544	  T	 22.0	  0.0	0.000	4.099	4.099
545	  T	  4.3	  0.0	0.000	4.245	4.245
546	  S	  3.5	  0.0	0.000	4.392	4.392
547	  V	  3.8	  0.0	0.000	4.392	4.392
548	  V	  4.7	  0.0	0.000	4.278	4.278
549	  T	  4.3	  0.1	0.000	1.201	1.201
550	  T	  2.4	  0.2	0.000	0.445	0.445
551	  D	  0.8	 10.6	0.000	0.000	0.000
552	  S	  0.5	 11.1	0.000	0.000	0.000
553	  D	  0.0	 11.2	0.000	0.000	0.000
554	  G	  0.0	 11.1	0.000	0.000	0.000
555	  Q	  0.1	  0.7	0.000	0.000	0.000
556	  T	  1.6	  0.2	0.000	0.000	0.000
557	  T	  4.4	  0.1	0.000	0.000	0.000
558	  T	  5.4	  0.2	0.000	0.000	0.000
559	  S	  4.0	  1.5	0.000	0.000	0.000
560	  S	  1.3	  1.4	0.000	0.000	0.000
561	  D	  0.9	  1.4	0.000	0.000	0.000
562	  V	  7.4	  1.3	0.000	63.993	63.993
563	  V	 20.4	  0.0	0.000	65.977	65.977
564	  I	 22.6	  0.0	0.000	65.977	65.977
565	  V	 17.9	  0.0	0.000	65.977	65.977
566	  T	  5.0	  0.1	0.000	65.977	65.977
567	  T	  2.0	  0.2	0.000	26.011	26.011
568	  D	  0.7	 10.4	0.000	0.000	0.000
569	  S	  0.4	 10.9	0.000	0.000	0.000
570	  D	  0.0	 11.0	0.000	0.000	0.000
571	  G	  0.0	 11.0	0.000	0.000	0.000
572	  S	  1.4	  0.7	0.000	0.000	0.000
573	  L	  1.6	  0.2	0.000	0.000	0.000
574	  T	  3.2	  0.1	0.000	0.000	0.000
575	  T	  3.5	  0.0	0.000	0.000	0.000
576	  T	  8.2	  0.0	0.000	0.000	0.000
577	  T	  6.7	  0.0	0.000	0.000	0.000
578	  S	  5.1	  0.7	0.000	0.000	0.000
579	  P	  0.1	  0.7	0.000	0.000	0.000
580	  L	  0.0	  0.8	0.000	0.000	0.000
581	  G	  0.0	  1.4	0.000	0.000	0.000
582	  P	  0.0	  0.7	0.000	0.000	0.000
583	  S	  0.0	  0.7	0.000	0.000	0.000
584	  S	  0.0	  3.2	0.000	0.000	0.000
585	  P	  0.0	  2.8	0.000	0.000	0.000
586	  G	  0.0	  2.8	0.000	0.000	0.000
587	  E	  0.0	  3.0	0.000	0.000	0.000
588	  G	  0.0	  0.6	0.000	0.000	0.000
589	  P	  0.0	  0.4	0.000	0.000	0.000
590	  T	  3.0	  0.4	0.000	0.610	0.610
591	  T	 21.4	  0.2	0.000	1.738	1.738
592	  Y	 22.7	  0.0	0.000	3.723	3.723
593	  T	 22.0	  0.0	0.000	4.109	4.109
594	  T	  4.3	  0.0	0.000	4.257	4.257
595	  S	  3.5	  0.0	0.000	4.403	4.403
596	  V	  3.9	  0.0	0.000	4.403	4.403
597	  V	  4.7	  0.0	0.000	4.290	4.290
598	  T	  4.4	  0.1	0.000	1.213	1.213
599	  T	  2.4	  0.2	0.000	0.445	0.445
600	  D	  0.8	  9.2	0.000	0.000	0.000
601	  S	  0.5	 11.1	0.000	0.000	0.000
602	  N	  0.0	 11.1	0.000	0.000	0.000
603	  G	  0.0	 11.1	0.000	0.000	0.000
604	  Q	  0.1	  2.1	0.000	0.000	0.000
605	  T	  1.6	  0.2	0.000	0.000	0.000
606	  T	  4.4	  0.1	0.000	0.000	0.000
607	  T	  5.4	  0.2	0.000	0.000	0.000
608	  S	  4.0	  1.5	0.000	0.000	0.000
609	  S	  1.3	  1.4	0.000	0.000	0.000
610	  D	  0.9	  1.4	0.000	0.000	0.000
611	  V	  7.4	  1.3	0.000	63.993	63.993
612	  V	 20.4	  0.0	0.000	65.977	65.977
613	  I	 22.6	  0.0	0.000	65.977	65.977
614	  V	 17.9	  0.0	0.000	65.977	65.977
615	  T	  5.0	  0.1	0.000	65.977	65.977
616	  T	  2.0	  0.2	0.000	26.011	26.011
617	  D	  0.7	 10.4	0.000	0.000	0.000
618	  S	  0.4	 10.9	0.000	0.000	0.000
619	  D	  0.0	 11.0	0.000	0.000	0.000
620	  G	  0.0	 11.0	0.000	0.000	0.000
621	  S	  1.4	  0.7	0.000	0.000	0.000
622	  L	  1.6	  0.2	0.000	0.000	0.000
623	  T	  3.2	  0.1	0.000	0.000	0.000
624	  T	  3.6	  0.0	0.000	0.000	0.000
625	  T	  8.3	  0.0	0.000	0.000	0.000
626	  T	  6.7	  0.0	0.000	0.000	0.000
627	  S	  5.1	  0.2	0.000	0.000	0.000
628	  P	  0.1	  0.2	0.000	0.000	0.000
629	  L	  0.1	  0.2	0.000	0.000	0.000
630	  S	  0.1	  2.8	0.000	0.000	0.000
631	  P	  0.1	  2.8	0.000	0.000	0.000
632	  G	  0.0	  2.8	0.000	0.000	0.000
633	  E	  0.0	  3.0	0.000	0.000	0.000
634	  G	  0.0	  0.6	0.000	0.000	0.000
635	  P	  0.0	  0.4	0.000	0.000	0.000
636	  T	  3.0	  0.4	0.000	0.610	0.610
637	  T	 21.4	  0.2	0.000	1.738	1.738
638	  Y	 22.7	  0.0	0.000	3.723	3.723
639	  T	 22.0	  0.0	0.000	4.109	4.109
640	  T	  4.3	  0.0	0.000	4.257	4.257
641	  S	  3.5	  0.0	0.000	4.403	4.403
642	  V	  3.9	  0.0	0.000	4.403	4.403
643	  V	  4.7	  0.0	0.000	4.290	4.290
644	  T	  4.4	  0.1	0.000	1.213	1.213
645	  T	  2.4	  0.2	0.000	0.445	0.445
646	  D	  0.8	  9.2	0.000	0.000	0.000
647	  S	  0.5	 11.1	0.000	0.000	0.000
648	  N	  0.0	 11.1	0.000	0.000	0.000
649	  G	  0.0	 11.1	0.000	0.000	0.000
650	  Q	  0.1	  2.1	0.000	0.000	0.000
651	  T	  1.6	  0.2	0.000	0.000	0.000
652	  T	  4.4	  0.1	0.000	0.000	0.000
653	  T	  5.4	  0.2	0.000	0.000	0.000
654	  S	  4.0	  1.5	0.000	0.000	0.000
655	  S	  1.3	  1.4	0.000	0.000	0.000
656	  D	  0.9	  1.4	0.000	0.000	0.000
657	  V	  7.4	  1.3	0.000	63.993	63.993
658	  V	 20.4	  0.0	0.000	65.977	65.977
659	  I	 22.6	  0.0	0.000	65.977	65.977
660	  V	 17.9	  0.0	0.000	65.977	65.977
661	  T	  5.0	  0.1	0.000	65.977	65.977
662	  T	  2.0	  0.2	0.000	26.011	26.011
663	  D	  0.7	 10.4	0.000	0.000	0.000
664	  S	  0.4	 10.9	0.000	0.000	0.000
665	  D	  0.0	 11.0	0.000	0.000	0.000
666	  G	  0.0	 11.0	0.000	0.000	0.000
667	  S	  1.4	  0.7	0.000	0.000	0.000
668	  L	  1.6	  0.2	0.000	0.000	0.000
669	  T	  3.2	  0.1	0.000	0.000	0.000
670	  T	  3.6	  0.0	0.000	0.000	0.000
671	  T	  8.3	  0.0	0.000	0.000	0.000
672	  T	  6.7	  0.0	0.000	0.000	0.000
673	  S	  5.1	  0.2	0.000	0.000	0.000
674	  P	  0.1	  0.2	0.000	0.000	0.000
675	  L	  0.1	  0.2	0.000	0.000	0.000
676	  S	  0.1	  2.8	0.000	0.000	0.000
677	  P	  0.1	  2.8	0.000	0.000	0.000
678	  G	  0.0	  2.8	0.000	0.000	0.000
679	  E	  0.0	  3.0	0.000	0.000	0.000
680	  G	  0.0	  0.6	0.000	0.000	0.000
681	  P	  0.0	  0.4	0.000	0.000	0.000
682	  T	  3.0	  0.4	0.000	0.610	0.610
683	  T	 21.4	  0.2	0.000	1.738	1.738
684	  Y	 22.7	  0.0	0.000	3.723	3.723
685	  T	 22.0	  0.0	0.000	4.109	4.109
686	  T	  4.3	  0.0	0.000	4.257	4.257
687	  S	  3.5	  0.0	0.000	4.403	4.403
688	  V	  3.9	  0.0	0.000	4.403	4.403
689	  V	  4.7	  0.0	0.000	4.290	4.290
690	  T	  4.4	  0.1	0.000	1.213	1.213
691	  T	  2.4	  0.2	0.000	0.445	0.445
692	  D	  0.8	  9.2	0.000	0.000	0.000
693	  S	  0.5	 11.1	0.000	0.000	0.000
694	  N	  0.0	 11.1	0.000	0.000	0.000
695	  G	  0.0	 11.1	0.000	0.000	0.000
696	  Q	  0.1	  2.1	0.000	0.000	0.000
697	  T	  1.6	  0.2	0.000	0.000	0.000
698	  T	  4.4	  0.1	0.000	0.000	0.000
699	  T	  5.4	  0.2	0.000	0.000	0.000
700	  S	  4.0	  1.5	0.000	0.000	0.000
701	  S	  1.3	  1.4	0.000	0.000	0.000
702	  D	  0.9	  1.4	0.000	0.000	0.000
703	  V	  7.4	  1.3	0.000	63.993	63.993
704	  V	 20.4	  0.0	0.000	65.977	65.977
705	  I	 22.6	  0.0	0.000	65.977	65.977
706	  V	 17.9	  0.0	0.000	65.977	65.977
707	  T	  5.0	  0.1	0.000	65.977	65.977
708	  T	  2.0	  0.2	0.000	26.011	26.011
709	  D	  0.7	 10.4	0.000	0.000	0.000
710	  S	  0.4	 10.9	0.000	0.000	0.000
711	  D	  0.0	 11.0	0.000	0.000	0.000
712	  G	  0.0	 11.0	0.000	0.000	0.000
713	  S	  1.4	  0.7	0.000	0.000	0.000
714	  L	  1.6	  0.2	0.000	0.000	0.000
715	  T	  3.2	  0.1	0.000	0.000	0.000
716	  T	  3.6	  0.0	0.000	0.000	0.000
717	  T	  8.3	  0.0	0.000	0.000	0.000
718	  T	  6.7	  0.0	0.000	0.000	0.000
719	  S	  5.1	  0.2	0.000	0.000	0.000
720	  P	  0.1	  0.2	0.000	0.000	0.000
721	  L	  0.1	  0.2	0.000	0.000	0.000
722	  S	  0.1	  2.8	0.000	0.000	0.000
723	  P	  0.1	  2.8	0.000	0.000	0.000
724	  G	  0.0	  2.8	0.000	0.000	0.000
725	  E	  0.0	  3.0	0.000	0.000	0.000
726	  G	  0.0	  0.6	0.000	0.000	0.000
727	  P	  0.0	  0.4	0.000	0.000	0.000
728	  T	  3.0	  0.4	0.000	0.610	0.610
729	  T	 21.4	  0.2	0.000	1.738	1.738
730	  Y	 22.7	  0.0	0.000	3.723	3.723
731	  T	 22.0	  0.0	0.000	4.109	4.109
732	  T	  4.3	  0.0	0.000	4.257	4.257
733	  S	  3.5	  0.0	0.000	4.403	4.403
734	  V	  3.9	  0.0	0.000	4.403	4.403
735	  V	  4.7	  0.0	0.000	4.290	4.290
736	  T	  4.4	  0.1	0.000	1.213	1.213
737	  T	  2.4	  0.2	0.000	0.445	0.445
738	  D	  0.8	  9.2	0.000	0.000	0.000
739	  S	  0.5	 11.1	0.000	0.000	0.000
740	  N	  0.0	 11.1	0.000	0.000	0.000
741	  G	  0.0	 11.1	0.000	0.000	0.000
742	  Q	  0.1	  2.1	0.000	0.000	0.000
743	  T	  1.6	  0.2	0.000	0.000	0.000
744	  T	  4.4	  0.1	0.000	0.000	0.000
745	  T	  5.4	  0.2	0.000	0.000	0.000
746	  S	  4.0	  1.5	0.000	0.000	0.000
747	  S	  1.3	  1.4	0.000	0.000	0.000
748	  D	  0.9	  1.4	0.000	0.000	0.000
749	  V	  7.4	  1.3	0.000	63.993	63.993
750	  V	 20.4	  0.0	0.000	65.977	65.977
751	  I	 22.6	  0.0	0.000	65.977	65.977
752	  V	 17.9	  0.0	0.000	65.977	65.977
753	  T	  5.0	  0.1	0.000	65.977	65.977
754	  T	  2.0	  0.2	0.000	26.011	26.011
755	  D	  0.7	 10.4	0.000	0.000	0.000
756	  S	  0.4	 10.9	0.000	0.000	0.000
757	  D	  0.0	 11.0	0.000	0.000	0.000
758	  G	  0.0	 11.0	0.000	0.000	0.000
759	  S	  1.4	  0.7	0.000	0.000	0.000
760	  L	  1.6	  0.2	0.000	0.000	0.000
761	  T	  3.2	  0.1	0.000	0.000	0.000
762	  T	  3.5	  0.0	0.000	0.000	0.000
763	  T	  8.2	  0.0	0.000	0.000	0.000
764	  T	  6.7	  0.0	0.000	0.000	0.000
765	  S	  5.1	  0.7	0.000	0.000	0.000
766	  P	  0.1	  0.7	0.000	0.000	0.000
767	  L	  0.0	  0.8	0.000	0.000	0.000
768	  G	  0.0	  2.7	0.000	0.000	0.000
769	  P	  0.0	  2.0	0.000	0.000	0.000
770	  S	  0.0	  2.1	0.000	0.000	0.000
771	  G	  0.0	  2.2	0.000	0.000	0.000
772	  P	  0.0	  0.5	0.000	0.000	0.000
773	  A	  0.0	  0.5	0.000	0.000	0.000
774	  E	  0.0	  0.6	0.000	0.000	0.000
775	  G	  0.0	  0.7	0.000	0.000	0.000
776	  P	  0.0	  0.4	0.000	0.000	0.000
777	  T	  3.0	  0.4	0.000	0.610	0.610
778	  T	 21.4	  0.2	0.000	1.738	1.738
779	  Y	 22.7	  0.0	0.000	3.725	3.725
780	  T	 22.0	  0.0	0.000	4.111	4.111
781	  T	  4.3	  0.0	0.000	4.259	4.259
782	  S	  3.5	  0.0	0.000	4.407	4.407
783	  V	  3.9	  0.0	0.000	4.407	4.407
784	  V	  4.7	  0.0	0.000	4.294	4.294
785	  T	  4.4	  0.1	0.000	1.217	1.217
786	  T	  2.4	  0.2	0.000	0.449	0.449
787	  D	  0.8	  8.4	0.000	0.000	0.000
788	  S	  0.5	  9.3	0.000	0.000	0.000
789	  N	  0.0	  9.5	0.000	0.000	0.000
790	  G	  0.0	  9.5	0.000	0.000	0.000
791	  E	  0.0	  1.2	0.000	0.000	0.000
792	  T	 10.5	  0.3	0.000	0.000	0.000
793	  I	 12.7	  0.1	0.000	0.000	0.000
794	  T	 13.7	  0.1	0.000	0.000	0.000
795	  S	  3.4	  1.3	0.000	0.000	0.000
796	  S	  1.2	  1.3	0.000	0.000	0.000
797	  D	  0.9	  1.3	0.000	0.000	0.000
798	  V	  7.4	  1.2	0.000	63.997	63.997
799	  V	 20.4	  0.0	0.000	65.981	65.981
800	  I	 22.7	  0.0	0.000	65.981	65.981
801	  V	 17.9	  0.0	0.000	65.981	65.981
802	  T	  5.0	  0.1	0.000	65.981	65.981
803	  T	  2.0	  0.2	0.000	26.012	26.012
804	  D	  0.7	 10.4	0.000	0.000	0.000
805	  S	  0.4	 10.9	0.000	0.000	0.000
806	  D	  0.0	 11.0	0.000	0.000	0.000
807	  G	  0.0	 11.0	0.000	0.000	0.000
808	  S	  1.4	  0.7	0.000	0.000	0.000
809	  L	  1.6	  0.2	0.000	0.000	0.000
810	  T	  3.2	  0.1	0.000	0.000	0.000
811	  T	  3.5	  0.0	0.000	0.000	0.000
812	  T	  8.2	  0.0	0.000	0.000	0.000
813	  T	  6.7	  0.0	0.000	0.000	0.000
814	  S	  5.1	  0.7	0.000	0.000	0.000
815	  P	  0.1	  0.7	0.000	0.000	0.000
816	  L	  0.0	  0.7	0.000	0.000	0.000
817	  G	  0.0	  0.7	0.000	0.000	0.000
818	  P	  0.0	  0.0	0.000	0.000	0.000
819	  P	  0.0	  0.0	0.000	0.000	0.000
820	  S	  0.0	  2.6	0.000	0.000	0.000
821	  P	  0.0	  2.8	0.000	0.000	0.000
822	  G	  0.0	  2.8	0.000	0.000	0.000
823	  E	  0.0	  3.1	0.000	0.000	0.000
824	  G	  0.0	  0.7	0.000	0.000	0.000
825	  P	  0.0	  0.5	0.000	0.000	0.000
826	  T	  3.4	  0.5	0.000	0.256	0.256
827	  T	  9.7	  0.3	0.000	0.256	0.256
828	  Y	 10.7	  0.0	0.000	0.256	0.256
829	  F	  8.8	  0.1	0.000	0.256	0.256
830	  T	  2.7	  0.1	0.000	0.256	0.256
831	  D	  2.6	  0.1	0.000	0.000	0.000
832	  I	  5.3	  0.1	0.000	0.000	0.000
833	  V	  6.8	  0.0	0.000	0.000	0.000
834	  T	  6.2	  0.1	0.000	0.000	0.000
835	  T	  2.2	  0.3	0.000	0.000	0.000
836	  D	  0.5	  0.7	0.000	0.000	0.000
837	  D	  0.1	  1.8	0.000	0.000	0.000
838	  Q	  0.0	  1.8	0.000	0.000	0.000
839	  G	  0.1	  1.6	0.000	0.000	0.000
840	  H	  0.7	  1.2	0.000	0.000	0.000
841	  T	  2.4	  0.2	0.000	0.044	0.044
842	  T	  5.1	  0.1	0.000	0.140	0.140
843	  T	  5.7	  0.4	0.000	0.324	0.324
844	  S	  4.1	  0.6	0.000	0.648	0.648
845	  S	  1.3	  0.6	0.000	3.231	3.231
846	  G	  0.1	  0.6	0.000	22.712	22.712
847	  V	  6.7	  0.2	0.000	84.594	84.594
848	  V	 19.9	  0.0	0.000	86.514	86.514
849	  I	 23.0	  0.0	0.000	86.514	86.514
850	  V	 18.2	  0.0	0.000	86.352	86.352
851	  T	  5.1	  0.1	0.000	70.237	70.237
852	  T	  2.0	  0.2	0.000	27.578	27.578
853	  D	  0.7	 10.4	0.000	0.000	0.000
854	  S	  0.4	 10.9	0.000	0.000	0.000
855	  D	  0.0	 11.0	0.000	0.000	0.000
856	  G	  0.0	 11.0	0.000	0.000	0.000
857	  S	  1.4	  0.7	0.000	0.000	0.000
858	  L	  1.6	  0.2	0.000	0.000	0.000
859	  T	  3.2	  0.1	0.000	0.000	0.000
860	  T	  3.6	  0.0	0.000	0.000	0.000
861	  T	  8.3	  0.0	0.000	0.000	0.000
862	  T	  6.8	  0.0	0.000	0.000	0.000
863	  S	  5.1	  0.2	0.000	0.000	0.000
864	  P	  0.1	  0.2	0.000	0.000	0.000
865	  L	  0.1	  0.2	0.000	0.000	0.000
866	  E	  0.1	  1.0	0.000	0.000	0.000
867	  P	  0.1	  0.8	0.000	0.000	0.000
868	  S	  0.0	  1.1	0.000	0.000	0.000
869	  G	  0.0	  1.3	0.000	0.000	0.000
870	  P	  0.0	  0.5	0.000	0.000	0.000
871	  T	  3.1	  0.5	0.000	3.557	3.557
872	  T	 21.9	  0.2	0.000	9.502	9.502
873	  Y	 23.1	  0.0	0.000	19.373	19.373
874	  T	 20.8	  0.0	0.000	21.992	21.992
875	  T	  2.2	  0.0	0.000	23.042	23.042
876	  A	  1.3	  0.0	0.000	23.398	23.398
877	  I	  4.9	  0.0	0.000	23.398	23.398
878	  V	  6.4	  0.0	0.000	22.254	22.254
879	  T	  6.3	  0.1	0.000	6.428	6.428
880	  T	  2.2	  0.3	0.000	1.583	1.583
881	  D	  0.5	  0.7	0.000	0.000	0.000
882	  D	  0.1	  1.0	0.000	0.000	0.000
883	  Q	  0.0	  2.2	0.000	0.000	0.000
884	  G	  0.0	  2.0	0.000	0.000	0.000
885	  N	  0.8	  1.7	0.000	0.000	0.000
886	  T	 11.3	  1.3	0.000	0.000	0.000
887	  V	 13.7	  0.0	0.000	0.000	0.000
888	  T	 13.9	  0.1	0.000	0.000	0.000
889	  S	  3.6	  1.3	0.000	0.000	0.000
890	  S	  1.1	  1.3	0.000	0.000	0.000
891	  D	  0.9	  1.3	0.000	0.000	0.000
892	  V	  7.4	  1.2	0.000	63.997	63.997
893	  V	 20.4	  0.0	0.000	65.981	65.981
894	  I	 22.7	  0.0	0.000	65.981	65.981
895	  V	 17.9	  0.0	0.000	65.981	65.981
896	  T	  5.0	  0.1	0.000	65.981	65.981
897	  T	  2.0	  0.2	0.000	26.012	26.012
898	  D	  0.7	 10.4	0.000	0.000	0.000
899	  S	  0.4	 10.9	0.000	0.000	0.000
900	  D	  0.0	 11.0	0.000	0.000	0.000
901	  G	  0.0	 11.0	0.000	0.000	0.000
902	  S	  1.4	  0.7	0.000	0.000	0.000
903	  L	  1.6	  0.2	0.000	0.000	0.000
904	  T	  3.2	  0.1	0.000	0.000	0.000
905	  T	  3.5	  0.0	0.000	0.000	0.000
906	  T	  8.2	  0.0	0.000	0.000	0.000
907	  T	  6.7	  0.0	0.000	0.000	0.000
908	  S	  5.1	  0.7	0.000	0.000	0.000
909	  P	  0.1	  0.7	0.000	0.000	0.000
910	  L	  0.0	  0.8	0.000	0.000	0.000
911	  G	  0.0	  2.3	0.000	0.000	0.000
912	  P	  0.0	  1.6	0.000	0.000	0.000
913	  G	  0.0	  1.7	0.000	0.000	0.000
914	  G	  0.0	  1.8	0.000	0.000	0.000
915	  P	  0.0	  0.3	0.000	0.000	0.000
916	  T	  3.0	  0.3	0.000	0.657	0.657
917	  T	 21.3	  0.2	0.000	1.765	1.765
918	  Y	 22.6	  0.0	0.000	3.726	3.726
919	  T	 22.0	  0.0	0.000	4.139	4.139
920	  T	  4.9	  0.0	0.000	4.313	4.313
921	  S	  4.1	  0.0	0.000	4.313	4.313
922	  F	  2.7	  0.0	0.000	4.313	4.313
923	  V	  3.2	  0.0	0.000	4.192	4.192
924	  T	  2.9	  0.1	0.000	0.902	0.902
925	  T	  2.2	  0.3	0.000	0.000	0.000
926	  D	  0.5	  0.7	0.000	0.000	0.000
927	  D	  0.1	  1.8	0.000	0.000	0.000
928	  Q	  0.0	  1.8	0.000	0.000	0.000
929	  G	  0.0	  1.6	0.000	0.000	0.000
930	  H	  0.2	  1.3	0.000	0.000	0.000
931	  Q	  0.3	  0.2	0.000	0.000	0.000
932	  T	  0.6	  0.1	0.000	0.000	0.000
933	  T	  0.7	  0.3	0.000	0.000	0.000
934	  E	  0.5	  0.3	0.000	0.000	0.000
935	  S	  0.2	  0.3	0.000	0.000	0.000
936	  D	  0.9	  0.3	0.000	0.000	0.000
937	  V	  7.6	  0.1	0.000	64.332	64.332
938	  V	 20.7	  0.0	0.000	66.328	66.328
939	  I	 23.0	  0.0	0.000	66.328	66.328
940	  V	 18.1	  0.0	0.000	66.328	66.328
941	  T	  5.1	  0.1	0.000	66.328	66.328
942	  T	  2.0	  0.2	0.000	26.167	26.167
943	  D	  0.7	 10.5	0.000	0.000	0.000
944	  S	  0.4	 10.7	0.000	0.000	0.000
945	  D	  0.0	 11.0	0.000	0.000	0.000
946	  G	  0.0	 11.0	0.000	0.000	0.000
947	  N	  0.3	  0.6	0.000	0.000	0.000
948	  L	  0.6	  0.4	0.000	0.776	0.776
949	  I	  4.0	  0.0	0.000	0.776	0.776
950	  T	  5.4	  0.0	0.000	0.776	0.776
951	  T	 10.0	  0.0	0.000	0.776	0.776
952	  T	  6.7	  0.0	0.000	0.776	0.776
953	  S	  5.1	  0.7	0.000	0.000	0.000
954	  P	  0.1	  0.7	0.000	0.000	0.000
955	  L	  0.0	  0.8	0.000	0.000	0.000
956	  G	  0.0	  2.3	0.000	0.000	0.000
957	  P	  0.0	  1.6	0.000	0.000	0.000
958	  G	  0.0	  1.7	0.000	0.000	0.000
959	  G	  0.0	  3.5	0.000	0.000	0.000
960	  P	  0.0	  2.0	0.000	0.000	0.000
961	  S	  0.0	  2.2	0.000	0.000	0.000
962	  G	  0.0	  2.3	0.000	0.000	0.000
963	  P	  0.0	  0.5	0.000	0.000	0.000
964	  T	  2.9	  0.5	0.000	0.653	0.653
965	  T	 21.3	  0.2	0.000	1.759	1.759
966	  Y	 22.5	  0.0	0.000	3.716	3.716
967	  T	 22.0	  0.0	0.000	4.129	4.129
968	  T	  4.9	  0.0	0.000	4.303	4.303
969	  S	  4.1	  0.0	0.000	4.303	4.303
970	  F	  2.7	  0.0	0.000	4.303	4.303
971	  V	  3.2	  0.0	0.000	4.182	4.182
972	  T	  2.9	  0.1	0.000	0.900	0.900
973	  T	  2.2	  0.3	0.000	0.000	0.000
974	  D	  0.5	  0.7	0.000	0.000	0.000
975	  D	  0.1	  1.8	0.000	0.000	0.000
976	  Q	  0.0	  1.8	0.000	0.000	0.000
977	  G	  0.0	  1.6	0.000	0.000	0.000
978	  H	  0.3	  1.3	0.000	0.000	0.000
979	  K	  1.2	  0.2	0.000	0.000	0.000
980	  T	  1.5	  0.2	0.000	0.000	0.000
981	  T	  1.4	  0.3	0.000	0.000	0.000
982	  E	  0.5	  0.3	0.000	0.000	0.000
983	  S	  0.2	  0.3	0.000	0.000	0.000
984	  D	  0.9	  0.3	0.000	0.000	0.000
985	  V	  7.6	  0.1	0.000	64.332	64.332
986	  V	 20.7	  0.0	0.000	66.328	66.328
987	  I	 23.0	  0.0	0.000	66.328	66.328
988	  V	 18.1	  0.0	0.000	66.328	66.328
989	  T	  5.1	  0.1	0.000	66.328	66.328
990	  T	  2.0	  0.2	0.000	26.167	26.167
991	  D	  0.7	 10.5	0.000	0.000	0.000
992	  S	  0.4	 10.7	0.000	0.000	0.000
993	  D	  0.0	 11.1	0.000	0.000	0.000
994	  G	  0.0	 11.0	0.000	0.000	0.000
995	  N	  0.2	  0.6	0.000	0.000	0.000
996	  L	  0.6	  0.4	0.000	0.817	0.817
997	  V	  2.3	  0.0	0.000	0.817	0.817
998	  T	  3.7	  0.0	0.000	0.817	0.817
999	  T	  8.4	  0.0	0.000	0.817	0.817
1000	  T	  6.8	  0.0	0.000	0.817	0.817
1001	  S	  5.2	  0.7	0.000	0.000	0.000
1002	  P	  0.1	  0.7	0.000	0.000	0.000
1003	  L	  0.0	  0.8	0.000	0.000	0.000
1004	  G	  0.0	  2.9	0.000	0.000	0.000
1005	  P	  0.0	  3.4	0.000	0.000	0.000
1006	  G	  0.0	  3.4	0.000	0.000	0.000
1007	  D	  0.0	  3.4	0.000	0.000	0.000
1008	  H	  0.1	  2.0	0.000	0.000	0.000
1009	  A	  0.1	  1.3	0.000	0.000	0.000
1010	  G	  0.1	  1.2	0.216	0.000	0.000
1011	  D	  1.3	  1.2	0.216	0.000	0.000
1012	  I	  3.5	  0.4	0.216	0.173	0.173
1013	  T	  4.9	  0.0	0.216	0.173	0.173
1014	  S	 10.4	  0.0	0.216	0.173	0.173
1015	  F	 10.8	  0.1	0.216	0.173	0.173
1016	  T	 10.0	  0.0	0.000	0.173	0.173
1017	  S	  3.8	  0.0	0.000	0.000	0.000
1018	  T	  8.1	  0.0	0.000	0.000	0.000
1019	  W	  7.6	  0.1	0.000	0.000	0.000
1020	  E	  7.3	  0.1	0.000	0.000	0.000
1021	  T	  1.9	  0.1	0.000	0.000	0.000
1022	  T	  1.9	  0.1	0.000	0.000	0.000
1023	  L	  1.8	  2.6	0.000	0.000	0.000
1024	  P	  0.2	  3.0	0.000	0.000	0.000
1025	  D	  0.0	  3.1	0.000	0.000	0.000
1026	  G	  0.0	  3.1	0.000	0.000	0.000
1027	  S	  0.6	  0.5	0.104	0.000	0.000
1028	  V	  1.6	  0.1	0.104	0.000	0.000
1029	  A	  1.7	  0.1	0.104	0.000	0.000
1030	  T	  1.6	  0.3	0.104	0.000	0.000
1031	  D	  0.6	  0.5	0.104	0.000	0.000
1032	  S	  0.5	  0.5	0.104	1.264	1.264
1033	  G	  0.0	  0.5	0.000	10.793	10.793
1034	  V	  6.8	  0.2	0.000	83.129	83.129
1035	  V	 20.0	  0.0	0.000	85.374	85.374
1036	  I	 23.4	  0.0	0.000	85.374	85.374
1037	  V	 18.6	  0.0	0.000	85.304	85.304
1038	  T	  5.5	  0.1	0.000	77.673	77.673
1039	  T	  2.0	  0.1	0.000	30.586	30.586
1040	  D	  0.7	  2.7	0.000	0.000	0.000
1041	  T	  0.4	  3.1	0.000	0.000	0.000
1042	  N	  0.1	  3.5	0.000	0.000	0.000
1043	  G	  0.0	  3.5	0.000	0.000	0.000
1044	  N	  0.3	  0.8	0.000	0.000	0.000
1045	  L	  0.7	  0.5	0.000	0.846	0.846
1046	  I	  4.1	  0.0	0.000	0.846	0.846
1047	  T	  5.4	  0.0	0.000	0.846	0.846
1048	  T	 10.0	  0.0	0.000	0.846	0.846
1049	  T	  6.7	  0.0	0.000	0.846	0.846
1050	  S	  5.1	  0.7	0.000	0.000	0.000
1051	  P	  0.1	  0.7	0.000	0.000	0.000
1052	  L	  0.0	  0.8	0.000	0.000	0.000
1053	  G	  0.0	  3.0	0.000	0.000	0.000
1054	  P	  0.0	  2.5	0.000	0.000	0.000
1055	  G	  0.0	  2.6	0.000	0.000	0.000
1056	  E	  0.4	  2.6	0.000	0.000	0.000
1057	  H	  0.5	  0.4	0.000	0.000	0.000
1058	  N	  0.4	  0.4	0.000	0.000	0.000
1059	  G	  0.0	  0.6	0.000	0.000	0.000
1060	  P	  0.0	  0.5	0.000	0.000	0.000
1061	  T	  1.4	  0.5	0.000	0.000	0.000
1062	  S	  8.7	  0.4	0.000	0.000	0.000
1063	  Y	 10.1	  0.1	0.000	0.521	0.521
1064	  T	 10.2	  0.0	0.000	0.521	0.521
1065	  T	  4.9	  0.0	0.000	0.521	0.521
1066	  T	  6.1	  0.0	0.000	0.521	0.521
1067	  V	  5.4	  0.0	0.000	0.521	0.521
1068	  C	  3.7	  0.2	0.000	0.000	0.000
1069	  S	  1.5	  0.7	0.000	0.000	0.000
1070	  T	  0.7	  0.7	0.000	0.000	0.000
1071	  D	  0.6	  9.2	0.000	0.000	0.000
1072	  K	  0.2	 12.6	0.000	0.000	0.000
1073	  N	  0.0	 12.2	0.000	0.000	0.000
1074	  G	  0.0	 12.2	0.000	0.000	0.000
1075	  H	  1.0	  3.6	0.000	0.000	0.000
1076	  E	  5.3	  0.1	0.000	0.234	0.234
1077	  V	  6.7	  0.0	0.000	0.234	0.234
1078	  T	  6.9	  0.1	0.000	0.234	0.234
1079	  K	  3.2	  0.1	0.000	0.234	0.234
1080	  T	  4.7	  0.1	0.000	22.702	22.702
1081	  V	 17.2	  0.1	0.000	22.702	22.702
1082	  I	 18.7	  0.0	0.000	22.702	22.702
1083	  V	 16.7	  0.0	0.000	22.702	22.702
1084	  C	  3.3	  0.1	0.000	22.468	22.468
1085	  E	  1.1	  0.1	0.000	0.000	0.000
1086	  T	  1.7	  0.1	0.000	0.000	0.000
1087	  T	  1.7	  0.1	0.000	0.000	0.000
1088	  A	  1.6	  2.6	0.000	0.000	0.000
1089	  P	  0.1	  3.8	0.000	0.000	0.000
1090	  N	  0.0	  3.8	0.000	0.000	0.000
1091	  G	  0.0	  3.9	0.268	0.000	0.000
1092	  Q	  0.8	  1.3	0.268	0.000	0.000
1093	  L	  1.2	  0.1	0.268	0.361	0.361
1094	  T	  2.6	  0.1	0.268	0.361	0.361
1095	  S	  8.9	  0.1	0.913	0.361	0.361
1096	  Y	  9.9	  0.1	0.913	0.361	0.361
1097	  T	 10.5	  0.0	0.645	0.361	0.361
1098	  T	  7.5	  0.0	0.645	0.361	0.361
1099	  V	  6.1	  0.0	0.645	0.361	0.361
1100	  C	  4.2	  0.3	0.645	0.000	0.000
1101	  P	  0.1	  0.3	0.000	0.000	0.000
1102	  E	  0.1	  0.3	0.000	0.000	0.000
1103	  T	  1.7	  0.4	0.000	0.000	0.000
1104	  T	  5.0	  0.1	0.000	0.000	0.000
1105	  T	 15.2	  0.0	0.000	0.000	0.000
1106	  F	 14.1	  0.1	0.000	0.000	0.000
1107	  E	 11.0	  0.1	0.000	0.000	0.000
1108	  T	  1.0	  0.1	0.000	0.000	0.000
1109	  T	  0.8	  0.2	0.098	0.000	0.000
1110	  N	  0.8	  0.5	0.098	0.000	0.000
1111	  K	  0.3	  1.0	0.098	0.000	0.000
1112	  E	  0.1	  1.4	0.098	0.000	0.000
1113	  G	  0.0	  1.4	0.098	0.000	0.000
1114	  S	  0.5	  1.0	0.098	0.000	0.000
1115	  K	  1.2	  0.6	0.000	0.064	0.064
1116	  T	  3.1	  0.1	0.000	25.037	25.037
1117	  T	 18.9	  0.1	0.000	66.558	66.558
1118	  V	 19.7	  0.0	0.000	78.848	78.848
1119	  S	 18.1	  0.0	0.000	79.781	79.781
1120	  A	  2.7	  0.0	0.000	79.781	79.781
1121	  V	  6.8	  0.0	0.000	79.781	79.781
1122	  V	  9.5	  0.0	0.000	79.703	79.703
1123	  I	  9.3	  0.0	0.000	73.403	73.403
1124	  E	  3.5	  0.0	0.000	0.064	0.064
1125	  T	  1.5	  0.0	0.000	0.119	0.119
1126	  T	  4.4	  0.0	0.000	0.380	0.380
1127	  I	  5.5	  1.2	0.000	1.408	1.408
1128	  H	  4.6	  1.2	0.000	1.343	1.343
1129	  G	  1.4	  1.2	0.139	4.877	4.877
1130	  V	  2.7	  1.2	0.139	44.180	44.180
1131	  V	  5.1	  0.0	0.139	47.119	47.119
1132	  T	  6.5	  0.0	0.350	47.254	47.254
1133	  S	  4.7	  0.0	0.802	47.480	47.480
1134	  Y	  3.1	  0.0	0.802	47.480	47.480
1135	  I	  6.0	  0.0	0.663	46.241	46.241
1136	  S	  6.4	  0.0	0.663	30.268	30.268
1137	  V	  5.5	  0.0	0.663	28.045	28.045
1138	  C	  1.3	  0.0	0.663	0.000	0.000
1139	  P	  0.0	  0.1	0.000	0.000	0.000
1140	  P	  0.0	  0.1	0.000	0.000	0.000
1141	  A	  0.0	  0.2	0.000	0.000	0.000
1142	  K	  0.2	  0.2	0.000	0.000	0.000
1143	  E	  0.3	  0.1	0.000	0.000	0.000
1144	  T	  1.8	  0.1	0.000	0.000	0.000
1145	  S	  2.4	  0.1	0.000	0.000	0.000
1146	  Y	  3.7	  0.0	0.000	0.293	0.293
1147	  V	  3.0	  0.1	0.000	0.293	0.293
1148	  S	  2.8	  0.1	0.000	0.293	0.293
1149	  T	 11.7	  0.1	0.000	0.293	0.293
1150	  Y	 11.3	  0.1	0.000	0.293	0.293
1151	  E	 10.8	  0.1	0.000	0.000	0.000
1152	  T	  2.9	  0.1	0.000	0.000	0.000
1153	  T	  2.9	  0.1	0.000	0.000	0.000
1154	  K	  2.8	  0.9	0.000	0.000	0.000
1155	  A	  0.5	  2.4	0.000	0.000	0.000
1156	  N	  0.1	  2.4	0.000	0.000	0.000
1157	  G	  0.0	  2.4	0.000	0.000	0.000
1158	  E	  2.0	  1.6	0.000	0.000	0.000
1159	  V	  2.6	  0.0	0.000	0.000	0.000
1160	  E	  2.7	  0.0	0.000	0.000	0.000
1161	  T	  3.2	  0.1	0.000	0.987	0.987
1162	  T	  4.1	  0.1	0.000	2.627	2.627
1163	  S	  5.1	  0.1	0.000	9.077	9.077
1164	  C	  4.4	  0.1	0.000	56.651	56.651
1165	  V	 13.7	  0.0	0.000	56.651	56.651
1166	  V	 23.1	  0.0	0.000	56.651	56.651
1167	  V	 24.5	  0.0	0.000	56.651	56.651
1168	  V	 14.9	  0.0	0.000	55.959	55.959
1169	  E	  3.8	  0.1	0.000	0.000	0.000
1170	  T	  0.9	  0.1	0.000	0.000	0.000
1171	  D	  2.6	  0.1	0.000	0.000	0.000
1172	  V	  2.8	  0.1	0.000	0.000	0.000
1173	  E	  2.4	  0.6	0.000	0.000	0.000
1174	  G	  0.2	  0.6	0.000	0.000	0.000
1175	  N	  2.4	  0.6	0.000	0.000	0.000
1176	  V	  3.8	  0.5	0.000	0.000	0.000
1177	  K	  4.0	  0.1	0.000	0.000	0.000
1178	  T	  2.4	  0.1	0.000	0.000	0.000
1179	  S	  1.1	  0.2	0.179	0.000	0.000
1180	  T	  1.4	  0.1	0.431	0.000	0.000
1181	  L	  0.7	  0.1	0.431	0.000	0.000
1182	  A	  0.5	  0.0	0.431	0.000	0.000
1183	  A	  0.1	  0.1	0.431	0.000	0.000
1184	  E	  0.2	  0.2	0.431	0.000	0.000
1185	  S	  0.5	  0.2	0.252	0.000	0.000
1186	  T	  0.6	  0.2	0.000	0.000	0.000
1187	  A	  0.4	  0.4	0.000	0.000	0.000
1188	  P	  0.2	  0.6	0.000	0.000	0.000
1189	  S	  0.0	  0.6	0.000	0.000	0.000
1190	  E	  0.0	  0.7	0.000	0.000	0.000
1191	  G	  0.0	  1.3	0.000	0.000	0.000
1192	  P	  0.0	  1.1	0.000	0.000	0.000
1193	  Q	  0.0	  1.1	0.000	0.000	0.000
1194	  G	  0.0	  1.0	0.000	0.000	0.000
1195	  P	  0.0	  0.0	0.000	0.000	0.000
1196	  P	  0.0	  0.0	0.000	0.000	0.000
1197	  A	  0.0	  0.1	0.000	0.000	0.000
1198	  E	  0.1	  0.1	0.000	0.000	0.000
1199	  T	  1.0	  0.2	0.000	0.000	0.000
1200	  S	  4.6	  0.2	0.000	0.000	0.000
1201	  T	  4.6	  0.1	0.000	0.000	0.000
1202	  S	  3.8	  0.1	0.000	0.000	0.000
1203	  P	  0.1	  0.0	0.000	0.000	0.000
1204	  A	  0.0	  0.4	0.000	0.000	0.000
1205	  P	  0.0	  0.5	0.000	0.000	0.000
1206	  S	  0.0	  0.5	0.000	0.000	0.000
1207	  E	  0.0	  0.5	0.000	0.000	0.000
1208	  A	  0.0	  0.7	0.000	0.000	0.000
1209	  P	  0.0	  0.6	0.000	0.000	0.000
1210	  N	  0.2	  0.6	0.000	0.000	0.000
1211	  T	  2.9	  0.7	0.000	0.000	0.000
1212	  H	  5.3	  0.1	0.000	0.000	0.000
1213	  T	  8.9	  0.0	0.000	0.000	0.000
1214	  V	  6.8	  0.0	0.000	0.000	0.000
1215	  A	  4.4	  0.1	0.000	0.000	0.000
1216	  G	  0.6	  0.6	0.000	0.000	0.000
1217	  P	  0.0	  0.6	0.000	0.000	0.000
1218	  S	  0.6	  0.7	0.000	0.000	0.000
1219	  A	  1.2	  0.6	0.000	0.000	0.000
1220	  T	 17.1	  0.1	0.000	0.000	0.000
1221	  V	 17.2	  0.2	0.000	0.000	0.000
1222	  S	 17.2	  0.1	0.000	0.000	0.000
1223	  T	 10.3	  0.1	0.000	0.000	0.000
1224	  Y	  9.7	  0.4	0.000	0.000	0.000
1225	  E	  9.2	  0.8	0.000	0.000	0.000
1226	  G	  0.3	  1.4	0.000	0.000	0.000
1227	  A	  0.0	  1.8	0.000	0.000	0.000
1228	  G	  0.0	  1.5	0.000	0.000	0.000
1229	  S	  0.1	  1.0	0.000	0.000	0.000
1230	  L	  0.1	  0.8	0.000	0.000	0.000
1231	  P	  0.1	  0.4	1.442	0.000	0.000
1232	  R	  1.0	  0.4	1.442	0.000	0.000
1233	  Y	  4.0	  0.4	1.442	0.000	0.000
1234	  S	  4.9	  0.0	2.634	0.000	0.000
1235	  L	  4.6	  0.1	2.634	0.000	0.000
1236	  E	  1.7	  0.1	2.634	0.000	0.000
1237	  L	  2.4	  0.0	2.634	0.000	0.000
1238	  L	  1.9	  0.0	2.634	0.000	0.000
1239	  L	  1.9	  0.4	2.487	0.000	0.000
1240	  P	  0.1	  0.4	0.000	0.128	0.128
1241	  L	  0.1	  0.5	0.000	11.156	11.156
1242	  G	  0.1	  0.5	0.132	12.990	12.990
1243	  L	  0.4	  0.1	0.132	12.990	12.990
1244	  F	  1.0	  0.1	0.132	12.990	12.990
1245	  A	  1.3	  0.0	0.132	12.990	12.990
1246	  L	  1.0	  0.0	0.132	12.272	12.272
1247	  F	  0.3	  0.0	0.132	0.000	0.000
