res	aa	Beta	Turn	Helix	Aggregation	Conc-Stab_Aggregation
01	  M	  0.1	  0.0	0.000	0.000	0.000
02	  L	  0.1	  0.1	0.000	0.000	0.000
03	  P	  0.1	  0.1	0.448	0.491	0.491
04	  W	  0.4	  0.2	0.448	49.475	49.475
05	  A	  0.7	  0.2	0.448	57.152	57.152
06	  L	  1.6	  0.1	0.448	62.512	62.512
07	  L	  1.4	  0.1	0.448	63.056	63.056
08	  L	  1.2	  0.0	0.569	63.056	63.056
09	  A	  0.4	  0.0	0.386	47.022	47.022
10	  T	  0.5	  0.0	0.121	30.296	30.296
11	  A	  0.5	  0.0	0.121	17.997	17.997
12	  A	  0.3	  0.0	0.121	7.247	7.247
13	  A	  0.1	  0.1	0.121	3.322	3.322
14	  E	  0.1	  0.1	0.121	0.000	0.000
15	  T	  2.7	  0.1	0.000	0.400	0.400
16	  I	  4.0	  0.1	0.000	0.400	0.400
17	  L	  4.2	  0.1	0.000	0.400	0.400
18	  S	  2.2	  0.1	0.000	0.400	0.400
19	  T	  1.6	  0.1	0.000	0.400	0.400
20	  R	  2.5	  0.1	0.000	0.000	0.000
21	  Y	  2.4	  0.1	0.000	0.000	0.000
22	  R	  2.0	  0.1	0.000	0.000	0.000
23	  T	  1.4	  0.1	0.000	0.785	0.785
24	  N	  2.5	  0.1	0.000	2.062	2.062
25	  V	  4.4	  0.0	0.000	29.847	29.847
26	  V	 11.2	  0.0	0.000	30.099	30.099
27	  T	 17.9	  0.0	0.000	30.099	30.099
28	  I	 17.3	  0.0	0.000	30.099	30.099
29	  T	 12.1	  0.0	0.000	28.888	28.888
30	  S	 20.0	  0.2	0.000	3.577	3.577
31	  C	 19.6	  0.5	0.000	0.273	0.273
32	  S	 18.2	  0.8	0.000	0.000	0.000
33	  K	  2.0	  1.0	0.000	0.000	0.000
34	  G	  0.0	  1.4	0.000	0.000	0.000
35	  G	  0.1	  1.1	0.000	0.000	0.000
36	  C	  1.6	  0.8	0.000	0.000	0.000
37	  T	  1.7	  0.5	0.000	0.000	0.000
38	  N	  1.6	  0.4	0.000	0.000	0.000
39	  P	  0.0	  0.5	0.000	0.000	0.000
40	  E	  0.0	  0.5	0.000	0.000	0.000
41	  S	  3.5	  0.5	0.000	6.125	6.125
42	  V	 10.3	  0.1	0.000	51.987	51.987
43	  T	 11.4	  0.0	0.000	60.603	60.603
44	  L	  8.3	  0.0	0.000	74.565	74.565
45	  V	  3.0	  0.0	0.000	76.954	76.954
46	  T	  3.3	  0.0	0.000	76.755	76.755
47	  T	  4.0	  0.0	0.000	74.693	74.693
48	  T	  7.3	  0.0	0.000	73.235	73.235
49	  I	  6.6	  0.0	0.000	72.141	72.141
50	  V	  7.8	  0.0	0.000	66.652	66.652
51	  D	  3.2	  0.0	0.000	0.000	0.000
52	  L	  2.4	  0.1	0.000	0.000	0.000
53	  E	  0.4	  0.1	0.000	0.000	0.000
54	  T	  1.6	  0.1	0.000	0.000	0.000
55	  T	  4.8	  0.1	0.000	0.000	0.000
56	  T	 17.7	  0.0	0.000	0.000	0.000
57	  Y	 16.5	  0.0	0.000	0.000	0.000
58	  C	 13.4	  0.3	0.000	0.000	0.000
59	  P	  0.2	  0.5	0.000	0.000	0.000
60	  E	  0.0	  0.5	0.000	0.000	0.000
61	  S	  0.1	  0.6	0.000	0.000	0.000
62	  E	  0.2	  0.3	0.000	0.000	0.000
63	  T	  3.1	  0.2	0.000	0.000	0.000
64	  T	  4.4	  0.1	0.000	0.000	0.000
65	  S	  4.3	  0.0	0.000	0.000	0.000
66	  T	  1.5	  0.0	0.000	0.000	0.000
67	  P	  0.1	  0.0	0.000	0.000	0.000
68	  V	  0.6	  0.0	0.000	0.000	0.000
69	  E	  0.8	  0.0	0.000	0.000	0.000
70	  T	  0.9	  0.0	0.000	0.000	0.000
71	  S	  0.3	  0.4	0.000	0.000	0.000
72	  P	  0.1	  0.3	0.000	0.000	0.000
73	  T	  0.3	  0.4	0.000	0.000	0.000
74	  T	  0.4	  0.4	0.000	0.000	0.000
75	  E	  4.0	  0.0	0.000	0.000	0.000
76	  I	  6.1	  0.0	0.000	0.000	0.000
77	  T	  6.8	  0.1	0.000	0.000	0.000
78	  S	  3.4	  0.1	0.000	0.000	0.000
79	  T	  1.2	  0.3	0.000	0.000	0.000
80	  E	  0.5	  0.3	0.000	0.000	0.000
81	  S	  0.6	  0.3	0.000	0.000	0.000
82	  S	  0.6	  0.3	0.000	0.000	0.000
83	  T	  0.8	  0.3	0.000	0.000	0.000
84	  E	  0.5	  0.4	0.000	0.000	0.000
85	  S	  0.6	  0.6	0.000	0.000	0.000
86	  S	  0.4	  0.7	0.000	0.000	0.000
87	  T	  0.4	  0.8	0.000	0.000	0.000
88	  G	  0.1	  0.8	0.000	0.000	0.000
89	  T	  1.4	  0.5	0.000	0.000	0.000
90	  S	  2.1	  1.1	0.000	0.000	0.000
91	  S	  2.3	  0.9	0.000	0.118	0.118
92	  S	  1.9	  0.8	0.000	0.502	0.502
93	  V	  5.3	  0.7	0.000	1.656	1.656
94	  V	  6.1	  0.0	0.000	1.656	1.656
95	  A	  5.4	  0.0	0.000	1.656	1.656
96	  T	  1.4	  0.0	0.000	1.538	1.538
97	  T	  0.4	  0.1	0.000	1.299	1.299
98	  E	  0.3	  0.1	0.000	0.000	0.000
99	  T	 17.5	  0.1	0.000	0.000	0.000
100	  V	 18.2	  0.1	0.000	0.000	0.000
101	  S	 19.8	  0.2	0.000	0.000	0.000
102	  T	  3.6	  0.3	0.000	0.000	0.000
103	  S	  3.0	  0.4	0.000	0.000	0.000
104	  S	  3.3	  0.6	0.000	0.000	0.000
105	  T	  3.5	  0.5	0.000	0.000	0.000
106	  S	  3.5	  0.5	0.000	0.000	0.000
107	  S	  1.8	  0.5	0.000	0.000	0.000
108	  T	  0.6	  0.3	0.000	0.000	0.000
109	  E	  0.5	  0.2	0.000	0.000	0.000
110	  A	  0.5	  0.1	0.000	0.000	0.000
111	  T	  0.5	  0.0	0.000	0.000	0.000
112	  T	  0.3	  0.0	0.000	0.000	0.000
113	  P	  0.0	  0.5	0.000	0.000	0.000
114	  P	  0.0	  0.6	0.000	0.000	0.000
115	  S	  0.3	  0.7	0.000	0.000	0.000
116	  S	  2.3	  1.0	0.000	0.000	0.000
117	  T	  3.6	  0.6	0.000	0.000	0.000
118	  S	  4.1	  1.5	0.000	0.000	0.000
119	  S	  2.2	  3.4	0.000	0.000	0.000
120	  S	  0.9	  3.2	0.000	0.000	0.000
121	  D	  0.6	  3.3	0.000	0.000	0.000
122	  F	  1.3	  2.3	0.000	0.000	0.000
123	  S	  1.6	  0.3	0.000	0.000	0.000
124	  T	  9.2	  0.3	0.000	0.000	0.000
125	  V	  8.7	  0.1	0.000	0.000	0.000
126	  D	  8.3	  3.2	0.000	0.000	0.000
127	  P	  0.2	  3.3	0.000	0.000	0.000
128	  S	  0.3	  3.3	0.000	3.148	3.148
129	  T	  5.2	  3.3	0.000	33.101	33.101
130	  V	 16.0	  0.1	0.000	53.154	53.154
131	  V	 18.0	  0.0	0.000	53.325	53.325
132	  V	 14.8	  0.0	0.000	53.325	53.325
133	  T	  6.0	  0.0	0.000	51.756	51.756
134	  T	  4.6	  0.2	0.000	32.936	32.936
135	  S	  3.8	  0.3	0.000	3.726	3.726
136	  S	  9.9	  0.2	0.000	0.175	0.175
137	  C	  9.0	  0.3	0.000	0.000	0.000
138	  E	  8.5	  0.2	0.000	0.000	0.000
139	  T	  3.0	  0.2	0.000	0.000	0.000
140	  T	  5.0	  0.2	0.000	0.000	0.000
141	  S	  4.9	  0.0	0.000	0.000	0.000
142	  S	  2.3	  0.4	0.000	0.000	0.000
143	  P	  0.0	  0.5	0.000	0.000	0.000
144	  E	  0.0	  0.5	0.000	0.000	0.000
145	  S	  0.1	  0.6	0.000	0.000	0.000
146	  E	  0.1	  0.3	0.000	0.000	0.000
147	  T	  0.9	  0.2	0.000	0.000	0.000
148	  S	  1.5	  0.3	0.000	0.000	0.000
149	  T	  3.6	  0.1	0.000	0.000	0.000
150	  T	  4.8	  0.2	0.000	0.000	0.000
151	  C	  4.2	  0.8	0.000	0.000	0.000
152	  D	  2.1	  0.8	0.130	0.000	0.000
153	  D	  0.3	  0.8	0.130	0.000	0.000
154	  C	  0.5	  0.8	0.130	0.000	0.000
155	  K	  0.9	  0.2	0.130	0.000	0.000
156	  E	  0.7	  0.1	0.130	0.000	0.000
157	  E	  0.4	  0.1	0.130	0.000	0.000
158	  P	  0.0	  0.1	0.000	0.000	0.000
159	  E	  0.1	  0.1	0.000	0.000	0.000
160	  T	  1.4	  0.2	0.000	0.000	0.000
161	  S	  2.2	  1.1	0.000	0.000	0.000
162	  S	  3.0	  1.8	0.000	0.000	0.000
163	  S	  2.6	  2.5	0.000	0.000	0.000
164	  S	  2.5	  3.2	0.000	0.000	0.000
165	  S	  2.5	  3.2	0.000	0.000	0.000
166	  S	  2.5	  3.2	0.000	0.000	0.000
167	  S	  1.8	  2.5	0.000	0.000	0.000
168	  S	  1.5	  1.8	0.000	0.000	0.000
169	  K	  1.5	  1.0	0.000	0.000	0.000
170	  T	  4.1	  0.2	0.000	0.000	0.000
171	  T	  4.3	  0.2	0.000	0.000	0.000
172	  S	  5.4	  0.3	0.000	0.000	0.000
173	  T	  3.9	  0.4	0.000	0.000	0.000
174	  S	  3.4	  0.5	0.000	0.000	0.000
175	  S	  3.4	  0.6	0.000	0.000	0.000
176	  T	  3.3	  0.5	0.000	0.000	0.000
177	  S	  3.2	  0.4	0.000	0.000	0.000
178	  S	  7.2	  0.3	0.000	0.000	0.000
179	  V	  6.4	  0.1	0.000	0.000	0.000
180	  T	  6.3	  0.2	0.000	0.000	0.000
181	  P	  0.5	  0.2	0.000	0.000	0.000
182	  T	  2.7	  0.3	0.000	0.000	0.000
183	  T	  3.5	  0.3	0.000	0.000	0.000
184	  S	  5.5	  0.3	0.000	0.000	0.000
185	  T	  3.0	  0.4	0.000	0.000	0.000
186	  S	  2.2	  0.3	0.000	0.000	0.000
187	  E	  0.2	  0.3	0.000	0.000	0.000
188	  T	  0.1	  0.0	0.000	0.000	0.000
189	  P	  0.0	  0.4	0.000	0.000	0.000
190	  P	  0.0	  0.5	0.000	0.000	0.000
191	  S	  0.5	  1.0	0.000	0.000	0.000
192	  T	  1.0	  1.1	0.000	0.000	0.000
193	  D	  1.1	  2.3	0.000	0.000	0.000
194	  S	  1.4	  2.9	0.000	0.000	0.000
195	  S	  1.0	  2.5	0.125	0.000	0.000
196	  S	  1.0	  2.5	0.125	0.000	0.000
197	  E	  0.2	  1.0	0.125	0.000	0.000
198	  T	  1.4	  0.3	0.125	0.000	0.000
199	  S	  1.4	  0.3	0.520	0.000	0.000
200	  S	  1.4	  0.3	0.520	0.000	0.000
201	  E	  0.2	  0.3	0.395	0.000	0.000
202	  T	  0.5	  0.3	0.395	0.000	0.000
203	  S	  3.4	  1.1	0.395	0.000	0.000
204	  A	  3.5	  1.0	0.395	0.000	0.000
205	  S	  3.4	  1.1	0.262	0.000	0.000
206	  Q	  0.6	  1.1	0.141	0.000	0.000
207	  T	  3.2	  0.2	0.000	0.000	0.000
208	  T	  4.2	  0.2	0.000	0.000	0.000
209	  S	  4.1	  0.2	0.119	0.000	0.000
210	  S	  1.5	  0.4	0.119	0.000	0.000
211	  E	  0.2	  0.3	0.119	0.000	0.000
212	  T	  1.4	  0.4	0.119	0.000	0.000
213	  S	  2.3	  1.0	0.119	0.000	0.000
214	  S	  2.3	  1.0	0.240	0.000	0.000
215	  S	  1.0	  1.1	0.121	0.000	0.000
216	  E	  0.2	  1.0	0.121	0.000	0.000
217	  T	  1.4	  0.4	0.121	0.000	0.000
218	  S	  2.3	  1.0	0.121	0.000	0.000
219	  S	  2.3	  1.0	0.242	0.000	0.000
220	  S	  1.0	  1.1	0.121	0.000	0.000
221	  E	  0.2	  1.0	0.121	0.000	0.000
222	  T	  1.4	  0.4	0.121	0.000	0.000
223	  S	  2.3	  1.0	0.121	0.000	0.000
224	  S	  2.3	  1.0	0.242	0.000	0.000
225	  S	  1.0	  1.1	0.121	0.000	0.000
226	  E	  0.2	  1.0	0.121	0.000	0.000
227	  T	  1.4	  0.4	0.121	0.000	0.000
228	  S	  2.3	  1.1	0.121	0.000	0.000
229	  S	  2.3	  1.0	0.247	0.000	0.000
230	  S	  1.0	  1.1	0.127	0.000	0.000
231	  E	  0.2	  1.0	0.127	0.000	0.000
232	  T	  1.4	  0.3	0.411	0.000	0.000
233	  S	  1.5	  0.4	0.411	0.000	0.000
234	  S	  1.4	  0.4	0.411	0.000	0.000
235	  E	  0.3	  0.3	0.285	0.000	0.000
236	  K	  0.7	  0.2	0.285	0.000	0.000
237	  F	  1.5	  0.3	0.285	0.000	0.000
238	  A	  1.5	  0.3	0.000	0.000	0.000
239	  S	  1.0	  0.4	0.000	0.000	0.000
240	  S	  0.3	  0.4	0.000	0.000	0.000
241	  E	  0.4	  0.2	0.000	0.000	0.000
242	  V	  0.3	  0.1	0.000	0.000	0.000
243	  P	  0.2	  0.1	0.000	0.000	0.000
244	  R	  0.3	  0.1	0.000	0.000	0.000
245	  T	  3.1	  0.1	0.000	0.000	0.000
246	  T	  4.4	  0.2	0.000	0.000	0.000
247	  S	  5.0	  0.9	0.000	0.000	0.000
248	  S	  2.2	  0.9	0.000	0.000	0.000
249	  S	  1.0	  0.9	0.320	0.000	0.000
250	  E	  3.5	  0.8	0.320	0.000	0.000
251	  I	  5.7	  0.1	0.320	0.000	0.000
252	  T	  6.9	  0.1	0.320	0.000	0.000
253	  S	  4.3	  0.9	0.320	0.000	0.000
254	  S	  2.9	  1.7	0.320	0.000	0.000
255	  S	  2.4	  2.3	0.000	0.000	0.000
256	  S	  1.9	  2.2	0.000	0.000	0.000
257	  S	  3.0	  1.7	0.000	0.000	0.000
258	  T	  3.5	  1.1	0.000	0.000	0.000
259	  S	  4.0	  1.4	0.000	0.000	0.000
260	  S	  2.2	  1.3	0.122	0.000	0.000
261	  S	  1.1	  1.1	0.122	0.000	0.000
262	  A	  0.4	  1.0	0.122	0.000	0.000
263	  L	  0.6	  0.1	0.122	0.000	0.000
264	  S	  1.4	  0.9	0.122	0.000	0.000
265	  S	  2.0	  1.6	0.122	0.000	0.000
266	  S	  2.0	  1.7	0.000	0.000	0.000
267	  S	  3.2	  1.9	0.000	0.000	0.000
268	  T	  2.3	  1.3	0.000	0.000	0.000
269	  S	  2.1	  0.7	0.000	0.000	0.000
270	  N	  0.2	  0.6	0.000	0.000	0.000
271	  W	  0.1	  0.7	0.000	0.000	0.000
272	  P	  0.1	  0.4	0.000	0.000	0.000
273	  S	  0.0	  0.4	0.000	0.000	0.000
274	  S	  0.1	  0.4	0.000	0.000	0.000
275	  P	  0.1	  0.0	0.000	0.000	0.000
276	  T	  0.0	  0.1	0.000	0.000	0.000
277	  P	  0.0	  0.1	0.000	0.000	0.000
278	  L	  0.5	  0.1	0.000	0.000	0.000
279	  T	  1.8	  0.3	0.000	0.000	0.000
280	  S	  1.9	  2.5	0.000	0.000	0.000
281	  S	  1.4	  2.5	0.000	0.000	0.000
282	  D	  0.9	  2.5	0.000	0.000	0.000
283	  Y	  1.0	  2.3	0.000	0.000	0.000
284	  K	  1.0	  0.3	0.000	0.000	0.000
285	  P	  0.2	  0.5	0.000	0.000	0.000
286	  S	  1.5	  0.5	0.000	0.000	0.000
287	  S	  1.6	  0.5	0.000	0.000	0.000
288	  S	  1.6	  2.9	0.000	0.000	0.000
289	  P	  0.1	  2.9	0.000	0.000	0.000
290	  S	  0.9	  3.6	0.000	0.000	0.000
291	  S	  1.1	  3.7	0.000	0.000	0.000
292	  S	  3.0	  1.1	0.000	0.000	0.000
293	  T	  3.4	  1.0	0.000	0.000	0.000
294	  S	  3.4	  0.5	0.000	0.000	0.000
295	  S	  3.4	  0.6	0.000	0.000	0.000
296	  T	  3.1	  0.4	0.000	0.000	0.000
297	  S	  5.4	  0.3	0.000	0.000	0.000
298	  V	  3.8	  0.2	0.000	0.000	0.000
299	  Q	  3.0	  0.0	0.000	0.000	0.000
300	  P	  0.3	  0.0	0.000	0.000	0.000
301	  S	  0.0	  2.2	0.000	0.000	0.000
302	  P	  0.0	  2.3	0.000	0.000	0.000
303	  S	  2.1	  2.5	0.000	0.000	0.000
304	  T	  4.4	  2.5	0.000	0.000	0.000
305	  S	  4.4	  0.3	0.000	0.000	0.000
306	  S	  2.4	  0.2	0.000	0.000	0.000
307	  P	  0.0	  0.0	0.000	0.000	0.000
308	  P	  0.0	  0.0	0.000	0.000	0.000
309	  P	  0.0	  0.0	0.000	0.000	0.000
310	  V	  8.9	  0.0	0.000	2.946	2.946
311	  T	 19.2	  0.0	0.000	2.946	2.946
312	  I	 22.1	  0.0	0.000	2.946	2.946
313	  T	 15.3	  0.0	0.000	2.946	2.946
314	  T	  7.1	  0.0	0.000	2.946	2.946
315	  T	  4.7	  0.0	0.000	1.107	1.107
316	  V	  3.3	  0.2	0.000	0.000	0.000
317	  P	  0.6	  0.2	0.000	0.000	0.000
318	  C	  0.1	  0.2	0.000	0.000	0.000
319	  G	  0.1	  0.3	0.000	0.000	0.000
320	  E	  0.6	  0.1	0.000	0.000	0.000
321	  C	  2.2	  0.6	0.000	0.000	0.000
322	  E	  2.3	  1.3	0.000	0.000	0.000
323	  H	  1.9	  1.3	0.000	0.000	0.000
324	  G	  0.2	  1.3	0.000	0.000	0.000
325	  Y	  0.9	  0.8	0.000	0.000	0.000
326	  S	  1.3	  0.1	0.000	0.000	0.000
327	  T	  2.2	  0.1	0.000	0.000	0.000
328	  T	 12.2	  0.1	0.000	0.000	0.000
329	  I	 14.6	  0.0	0.000	0.000	0.000
330	  T	 15.5	  0.0	0.000	0.000	0.000
331	  T	 10.9	  0.0	0.000	0.000	0.000
332	  C	  8.0	  0.0	0.000	0.000	0.000
333	  Y	  6.2	  0.3	0.000	0.000	0.000
334	  P	  0.2	  0.4	0.000	0.000	0.000
335	  S	  0.7	  0.4	0.000	0.000	0.000
336	  T	  0.7	  0.4	0.000	0.000	0.000
337	  V	  0.7	  0.1	0.000	0.000	0.000
338	  P	  0.0	  0.0	0.000	0.000	0.000
339	  P	  0.0	  0.0	0.000	0.000	0.000
340	  S	  0.0	  0.0	0.000	0.000	0.000
341	  P	  0.0	  0.8	0.000	0.000	0.000
342	  P	  0.0	  0.8	0.000	0.000	0.000
343	  D	  0.4	  0.8	0.000	0.000	0.000
344	  T	 17.9	  0.8	0.000	0.000	0.000
345	  V	 18.2	  0.1	0.000	0.000	0.000
346	  S	 17.9	  0.8	0.000	0.000	0.000
347	  E	  0.6	  0.9	0.000	0.000	0.000
348	  S	  0.9	  1.4	0.000	0.000	0.000
349	  S	  1.0	  1.5	0.000	0.000	0.000
350	  S	  1.4	  0.7	0.000	0.000	0.000
351	  T	  4.7	  0.6	0.000	0.000	0.000
352	  I	  4.9	  0.1	0.000	0.000	0.000
353	  E	  4.6	  0.0	0.000	0.000	0.000
354	  T	  0.7	  0.0	0.000	0.000	0.000
355	  S	  0.3	  3.1	0.000	0.000	0.000
356	  P	  0.1	  3.1	0.000	0.000	0.000
357	  S	  3.0	  4.1	0.000	0.000	0.000
358	  A	  3.1	  4.2	0.000	0.000	0.000
359	  S	  3.9	  1.8	0.000	0.000	0.000
360	  S	  1.5	  1.8	0.000	0.000	0.000
361	  S	  1.4	  0.7	0.000	0.000	0.000
362	  T	  0.6	  0.6	0.153	0.000	0.000
363	  P	  0.1	  0.0	0.153	0.000	0.000
364	  I	  0.5	  0.1	0.153	0.000	0.000
365	  E	  0.6	  0.1	0.153	0.000	0.000
366	  S	  1.5	  1.1	0.153	0.000	0.000
367	  S	  1.1	  1.1	0.153	0.000	0.000
368	  S	  1.1	  1.1	0.000	0.000	0.000
369	  A	  0.3	  1.0	0.000	0.000	0.000
370	  P	  0.1	  0.0	0.000	0.000	0.000
371	  V	  1.2	  0.0	0.000	0.000	0.000
372	  Q	  1.3	  0.1	0.000	0.000	0.000
373	  S	  2.5	  0.1	0.000	0.000	0.000
374	  T	  1.5	  0.1	0.000	0.000	0.000
375	  T	  1.3	  0.0	0.128	0.000	0.000
376	  P	  0.2	  0.0	0.128	0.000	0.000
377	  V	  1.4	  0.1	0.128	0.000	0.000
378	  E	  1.5	  0.1	0.128	0.000	0.000
379	  S	  2.3	  1.0	0.128	0.000	0.000
380	  S	  1.2	  1.1	0.128	0.000	0.000
381	  S	  2.6	  1.6	0.000	0.000	0.000
382	  R	  1.9	  1.6	0.000	0.000	0.000
383	  S	  2.5	  1.6	0.000	0.000	0.000
384	  S	  1.8	  2.3	0.000	0.000	0.000
385	  S	  2.5	  2.4	0.000	0.000	0.000
386	  S	  2.4	  2.9	0.000	0.000	0.000
387	  S	  1.9	  2.2	0.000	0.000	0.000
388	  S	  1.7	  1.5	0.000	0.000	0.000
389	  T	  7.2	  0.7	0.000	1.222	1.222
390	  F	  9.0	  0.1	0.000	2.514	2.514
391	  F	  9.1	  0.1	0.000	2.514	2.514
392	  S	  3.6	  0.1	0.000	2.514	2.514
393	  T	  2.1	  0.1	0.000	2.514	2.514
394	  T	  3.6	  0.1	0.000	2.064	2.064
395	  L	  3.1	  0.1	0.000	1.759	1.759
396	  R	  2.5	  0.1	0.000	0.000	0.000
397	  T	  0.8	  0.1	0.000	0.000	0.000
398	  S	  2.2	  0.1	0.000	0.000	0.000
399	  L	  2.6	  0.1	0.000	0.000	0.000
400	  T	  3.4	  0.5	0.000	0.000	0.000
401	  S	  1.9	  0.9	0.000	0.000	0.000
402	  S	  1.5	  0.9	0.000	0.000	0.000
403	  G	  0.2	  0.9	0.000	0.000	0.000
404	  E	  0.1	  0.4	0.000	0.000	0.000
405	  P	  0.0	  0.0	0.000	0.000	0.000
406	  P	  0.0	  0.0	0.000	0.000	0.000
407	  V	  1.5	  0.1	0.000	0.000	0.000
408	  E	  1.5	  0.1	0.000	0.000	0.000
409	  S	  1.8	  0.2	0.000	0.000	0.000
410	  S	  0.7	  0.3	0.000	0.000	0.000
411	  T	  1.4	  0.2	0.000	0.000	0.000
412	  Q	  1.7	  0.1	0.000	0.000	0.000
413	  V	  4.1	  0.0	0.000	0.000	0.000
414	  T	  4.6	  0.1	0.000	0.000	0.000
415	  S	  4.8	  0.9	0.000	0.000	0.000
416	  S	  2.3	  1.0	0.000	0.000	0.000
417	  S	  1.1	  1.8	0.000	0.000	0.000
418	  E	  0.3	  1.8	0.000	0.000	0.000
419	  S	  1.0	  2.0	0.000	0.000	0.000
420	  S	  1.0	  1.9	0.000	0.000	0.000
421	  S	  3.9	  1.9	0.000	0.000	0.000
422	  A	  3.1	  1.8	0.000	0.000	0.000
423	  S	  4.2	  0.9	0.000	0.000	0.000
424	  T	  1.4	  0.9	0.000	0.000	0.000
425	  T	  1.3	  0.3	0.000	0.000	0.000
426	  P	  0.2	  0.2	0.000	0.000	0.000
427	  H	  0.1	  0.4	0.000	0.000	0.000
428	  E	  0.2	  0.4	0.000	0.000	0.000
429	  T	  3.1	  0.2	0.000	0.000	0.000
430	  T	  4.3	  0.3	0.000	0.000	0.000
431	  S	  4.5	  0.2	0.000	0.000	0.000
432	  S	  2.8	  0.2	0.000	0.000	0.000
433	  T	  1.6	  0.2	0.000	0.000	0.000
434	  T	  1.3	  0.3	0.000	0.000	0.000
435	  P	  0.2	  0.2	0.000	0.000	0.000
436	  H	  0.1	  0.4	0.000	0.000	0.000
437	  E	  0.2	  0.4	0.000	0.000	0.000
438	  T	  3.1	  0.2	0.000	0.000	0.000
439	  T	  3.8	  0.2	0.000	0.000	0.000
440	  S	  4.8	  0.1	0.000	0.000	0.000
441	  T	  2.2	  0.1	0.000	0.000	0.000
442	  T	  1.3	  0.1	0.000	0.000	0.000
443	  P	  0.2	  0.0	0.000	0.000	0.000
444	  A	  0.0	  0.1	0.000	0.000	0.000
445	  E	  0.3	  0.1	0.000	0.000	0.000
446	  S	  0.3	  0.1	0.000	0.000	0.000
447	  T	  0.3	  0.1	0.000	0.000	0.000
448	  P	  0.1	  0.2	0.000	0.000	0.000
449	  I	  0.1	  0.8	0.000	0.000	0.000
450	  G	  0.1	  0.9	0.000	0.000	0.000
451	  A	  0.3	  1.0	0.000	0.000	0.000
452	  T	  1.0	  0.9	0.000	0.000	0.000
453	  S	  2.2	  0.2	0.000	0.000	0.000
454	  T	  2.1	  0.1	0.000	0.000	0.000
455	  T	  1.3	  0.1	0.000	0.000	0.000
456	  P	  0.2	  0.0	0.000	0.000	0.000
457	  V	  1.5	  0.1	0.000	0.000	0.000
458	  E	  1.7	  0.1	0.000	0.000	0.000
459	  S	  1.8	  0.1	0.000	0.000	0.000
460	  T	  0.4	  0.5	0.135	0.000	0.000
461	  P	  0.1	  0.5	0.135	0.000	0.000
462	  S	  0.1	  0.7	0.135	0.000	0.000
463	  E	  0.2	  0.7	0.135	0.000	0.000
464	  T	  0.2	  0.2	0.135	0.000	0.000
465	  N	  0.2	  0.2	0.252	0.000	0.000
466	  P	  0.0	  0.0	0.117	0.000	0.000
467	  V	  2.9	  0.1	0.117	0.000	0.000
468	  K	  3.0	  0.2	0.117	0.000	0.000
469	  S	  3.9	  1.1	0.117	0.000	0.000
470	  S	  1.1	  1.1	0.117	0.000	0.000
471	  S	  1.4	  1.2	0.125	0.000	0.000
472	  K	  0.8	  1.1	0.125	0.000	0.000
473	  E	  0.8	  0.2	0.125	0.000	0.000
474	  T	  3.2	  0.2	0.125	0.000	0.000
475	  T	  3.8	  0.2	0.125	0.000	0.000
476	  S	  3.9	  0.1	0.125	0.000	0.000
477	  T	  1.1	  0.4	0.000	0.000	0.000
478	  E	  0.4	  0.3	0.000	0.000	0.000
479	  N	  0.3	  0.3	0.000	0.000	0.000
480	  T	  0.2	  2.5	0.000	0.000	0.000
481	  P	  0.0	  3.1	0.000	0.000	0.000
482	  G	  0.0	  3.1	0.000	0.000	0.000
483	  S	  1.2	  3.1	0.000	0.000	0.000
484	  T	  1.3	  0.8	0.000	0.000	0.000
485	  T	  1.3	  1.8	0.000	0.000	0.000
486	  P	  0.2	  1.8	0.000	0.000	0.000
487	  G	  0.0	  1.9	0.000	0.000	0.000
488	  E	  1.0	  1.9	0.000	0.000	0.000
489	  H	  1.1	  0.2	0.000	0.000	0.000
490	  T	  1.1	  0.1	0.000	0.000	0.000
491	  P	  0.1	  0.0	0.000	0.000	0.000
492	  I	  0.6	  0.1	0.000	0.000	0.000
493	  E	  0.8	  0.1	0.000	0.000	0.000
494	  S	  0.8	  0.1	0.000	0.000	0.000
495	  T	  0.3	  0.6	0.000	0.000	0.000
496	  P	  0.1	  0.6	0.000	0.000	0.000
497	  S	  0.7	  0.7	0.000	0.000	0.000
498	  K	  2.1	  0.7	0.000	0.000	0.000
499	  T	  2.3	  0.1	0.000	0.000	0.000
500	  T	  1.7	  0.1	0.000	0.000	0.000
501	  P	  0.2	  0.0	0.000	0.000	0.000
502	  V	  1.5	  0.1	0.000	0.000	0.000
503	  E	  1.7	  0.1	0.000	0.000	0.000
504	  S	  1.8	  0.1	0.000	0.000	0.000
505	  T	  0.3	  0.1	0.000	0.000	0.000
506	  P	  0.1	  0.0	0.000	0.000	0.000
507	  V	  1.5	  0.1	0.000	0.000	0.000
508	  E	  1.7	  0.1	0.000	0.000	0.000
509	  S	  1.8	  0.1	0.000	0.000	0.000
510	  T	  0.4	  0.5	0.000	0.000	0.000
511	  P	  0.1	  0.5	0.000	0.000	0.000
512	  S	  0.2	  1.3	0.000	0.000	0.000
513	  E	  0.4	  1.3	0.000	0.000	0.000
514	  S	  0.5	  0.8	0.000	0.000	0.000
515	  T	  0.3	  0.8	0.000	0.000	0.000
516	  P	  0.1	  0.0	0.000	0.000	0.000
517	  V	  1.4	  0.0	0.000	0.000	0.000
518	  E	  1.5	  0.1	0.000	0.000	0.000
519	  S	  3.4	  0.3	0.000	0.000	0.000
520	  T	  2.4	  0.3	0.000	0.000	0.000
521	  S	  7.6	  0.3	0.000	0.000	0.000
522	  I	  6.5	  0.3	0.000	0.000	0.000
523	  S	  6.8	  0.2	0.000	0.000	0.000
524	  T	  3.1	  0.2	0.000	0.000	0.000
525	  T	  4.9	  0.1	0.000	0.000	0.000
526	  T	  4.4	  0.0	0.000	0.000	0.000
527	  T	  2.9	  0.0	0.000	0.000	0.000
528	  P	  0.2	  0.0	0.000	0.000	0.000
529	  V	  0.6	  0.0	0.000	0.000	0.000
530	  E	  0.8	  0.0	0.000	0.000	0.000
531	  T	  3.6	  0.1	0.000	0.000	0.000
532	  T	  3.4	  0.1	0.000	0.000	0.000
533	  S	  3.6	  0.0	0.000	0.000	0.000
534	  I	  1.1	  0.0	0.000	0.000	0.000
535	  Q	  0.7	  0.0	0.000	0.000	0.000
536	  T	  0.3	  0.0	0.000	0.000	0.000
537	  P	  0.0	  0.0	0.000	0.000	0.000
538	  P	  0.0	  0.0	0.000	0.000	0.000
539	  A	  0.0	  0.1	0.000	0.000	0.000
540	  E	  0.2	  0.2	0.000	0.000	0.000
541	  S	  0.3	  0.2	0.000	0.000	0.000
542	  T	  0.7	  0.2	0.000	0.000	0.000
543	  A	  0.7	  0.1	0.000	0.000	0.000
544	  I	  1.1	  0.0	0.000	0.000	0.000
545	  E	  0.9	  0.0	0.000	0.000	0.000
546	  T	  0.9	  0.0	0.000	0.000	0.000
547	  T	  0.4	  0.3	0.000	0.000	0.000
548	  P	  0.2	  0.3	0.000	0.000	0.000
549	  T	  3.4	  0.4	0.000	0.000	0.000
550	  K	  4.4	  0.4	0.000	0.000	0.000
551	  S	  4.5	  0.1	0.000	0.000	0.000
552	  T	  1.3	  0.4	0.000	0.000	0.000
553	  P	  0.1	  0.3	0.000	0.000	0.000
554	  T	  0.1	  0.3	0.000	0.000	0.000
555	  E	  0.4	  0.3	0.000	0.000	0.000
556	  T	  0.5	  0.1	0.000	0.000	0.000
557	  T	  0.4	  0.3	0.000	0.000	0.000
558	  P	  0.2	  0.3	0.000	0.000	0.000
559	  T	  0.1	  0.4	0.000	0.000	0.000
560	  E	  0.4	  0.4	0.000	0.000	0.000
561	  T	  0.5	  0.1	0.000	0.000	0.000
562	  T	  0.4	  0.1	0.000	0.000	0.000
563	  P	  0.2	  0.0	0.000	0.000	0.000
564	  A	  0.0	  0.1	0.000	0.000	0.000
565	  E	  0.3	  0.1	0.000	0.000	0.000
566	  T	  0.4	  0.1	0.000	0.000	0.000
567	  T	  0.4	  0.3	0.000	0.000	0.000
568	  P	  0.2	  0.3	0.000	0.000	0.000
569	  T	  0.1	  0.4	0.000	0.000	0.000
570	  E	  0.4	  0.4	0.000	0.000	0.000
571	  T	  0.5	  0.1	0.000	0.000	0.000
572	  T	  0.4	  0.3	0.000	0.000	0.000
573	  P	  0.2	  0.3	0.000	0.000	0.000
574	  T	  0.1	  0.4	0.000	0.000	0.000
575	  E	  0.4	  0.4	0.000	0.000	0.000
576	  T	  0.5	  0.1	0.000	0.000	0.000
577	  T	  0.4	  0.1	0.000	0.000	0.000
578	  P	  0.2	  0.0	0.000	0.000	0.000
579	  A	  0.0	  0.1	0.000	0.000	0.000
580	  E	  0.3	  0.1	0.000	0.000	0.000
581	  T	  0.4	  0.1	0.000	0.000	0.000
582	  T	  0.4	  0.3	0.000	0.000	0.000
583	  P	  0.2	  0.3	0.000	0.000	0.000
584	  T	  0.1	  0.4	0.000	0.000	0.000
585	  E	  0.4	  0.4	0.000	0.000	0.000
586	  T	  0.5	  0.1	0.000	0.000	0.000
587	  T	  0.4	  0.3	0.000	0.000	0.000
588	  P	  0.2	  0.3	0.000	0.000	0.000
589	  T	  0.1	  0.4	0.000	0.000	0.000
590	  E	  0.4	  0.4	0.000	0.000	0.000
591	  T	  0.5	  0.1	0.000	0.000	0.000
592	  T	  0.4	  0.2	0.000	0.000	0.000
593	  P	  0.2	  0.4	0.000	0.000	0.000
594	  A	  0.0	  0.4	0.000	0.000	0.000
595	  N	  0.4	  0.5	0.000	0.000	0.000
596	  T	  3.3	  0.4	0.000	0.000	0.000
597	  T	  4.1	  0.2	0.000	0.000	0.000
598	  S	  4.3	  0.2	0.000	0.000	0.000
599	  T	  1.6	  0.1	0.000	0.000	0.000
600	  K	  0.8	  0.1	0.000	0.000	0.000
601	  P	  0.2	  0.0	0.000	0.000	0.000
602	  F	  1.5	  0.2	0.000	0.000	0.000
603	  S	  1.6	  1.7	0.000	0.000	0.000
604	  S	  1.6	  1.8	0.000	0.000	0.000
605	  D	  0.4	  1.8	0.000	0.000	0.000
606	  T	  0.5	  1.6	0.000	0.000	0.000
607	  T	  0.5	  0.1	0.000	0.000	0.000
608	  P	  0.2	  0.0	0.000	0.000	0.000
609	  V	  2.9	  0.0	0.000	0.000	0.000
610	  N	  2.9	  0.0	0.000	0.000	0.000
611	  S	  2.9	  0.0	0.000	0.000	0.000
612	  P	  0.0	  0.3	0.000	0.000	0.000
613	  P	  0.0	  0.3	0.000	0.000	0.000
614	  T	  1.3	  0.5	0.000	0.000	0.000
615	  S	  1.3	  1.7	0.000	0.000	0.000
616	  S	  1.3	  1.4	0.000	0.000	0.000
617	  D	  0.1	  1.4	0.227	0.000	0.000
618	  E	  2.7	  1.2	0.227	0.000	0.000
619	  I	 19.1	  0.0	0.227	0.000	0.000
620	  T	 33.2	  0.0	0.227	0.000	0.000
621	  V	 31.0	  0.0	0.227	0.000	0.000
622	  S	 16.6	  0.5	0.227	0.000	0.000
623	  E	  0.5	  0.6	0.000	0.000	0.000
624	  S	  0.7	  0.9	0.000	0.000	0.000
625	  T	  0.6	  0.9	0.000	0.000	0.000
626	  N	  0.5	  0.5	0.000	0.000	0.000
627	  E	  0.1	  0.5	0.000	0.000	0.000
628	  E	  0.3	  0.2	0.000	0.000	0.000
629	  T	  0.4	  0.2	0.000	0.000	0.000
630	  T	  0.4	  0.0	0.210	0.000	0.000
631	  P	  0.2	  0.1	0.210	0.000	0.000
632	  I	  1.4	  0.1	0.210	0.000	0.000
633	  D	  1.6	  0.1	0.210	0.000	0.000
634	  T	  1.6	  0.1	0.210	0.000	0.000
635	  N	  0.2	  0.2	0.210	0.000	0.000
636	  P	  0.0	  0.2	0.000	0.000	0.000
637	  A	  0.0	  0.2	0.000	0.000	0.000
638	  E	  0.0	  0.3	0.000	0.000	0.000
639	  P	  0.0	  0.1	0.000	0.000	0.000
640	  T	  2.8	  0.2	0.000	0.000	0.000
641	  T	  3.6	  0.2	0.000	0.000	0.000
642	  S	  5.6	  0.4	0.000	0.000	0.000
643	  T	  4.1	  0.5	0.000	0.000	0.000
644	  S	  3.6	  0.4	0.000	0.000	0.000
645	  S	  1.6	  0.3	0.000	0.000	0.000
646	  V	  0.3	  0.1	0.000	0.000	0.000
647	  P	  0.0	  0.0	0.000	0.000	0.000
648	  P	  0.0	  0.0	0.000	0.000	0.000
649	  K	  0.0	  0.2	0.000	0.000	0.000
650	  P	  0.0	  0.2	0.000	0.000	0.000
651	  E	  0.0	  0.2	0.000	0.000	0.000
652	  E	  0.0	  0.2	0.000	0.000	0.000
653	  P	  0.0	  0.0	0.000	0.000	0.000
654	  P	  0.0	  0.0	0.000	0.000	0.000
655	  V	  2.4	  0.0	0.000	0.000	0.000
656	  S	  2.5	  0.0	0.000	0.000	0.000
657	  S	  2.5	  0.4	0.000	0.000	0.000
658	  P	  0.0	  0.4	0.000	0.000	0.000
659	  E	  0.0	  0.4	0.000	0.000	0.000
660	  A	  0.0	  0.6	0.000	0.000	0.000
661	  P	  0.0	  0.2	0.000	0.000	0.000
662	  T	  1.3	  0.2	0.000	0.000	0.000
663	  T	  3.9	  0.3	0.000	0.000	0.000
664	  H	  4.1	  0.1	0.000	0.000	0.000
665	  T	  3.2	  0.1	0.112	0.000	0.000
666	  E	  5.5	  0.0	0.112	0.000	0.000
667	  V	  7.0	  0.0	0.112	0.000	0.000
668	  T	  7.2	  0.1	0.112	0.000	0.000
669	  T	  2.3	  0.2	0.112	0.000	0.000
670	  N	  0.6	  0.4	0.112	0.000	0.000
671	  N	  0.3	  0.4	0.000	0.000	0.000
672	  S	  0.2	  0.3	0.000	0.000	0.000
673	  E	  0.2	  0.3	0.000	0.000	0.000
674	  P	  0.0	  0.0	0.000	0.000	0.000
675	  S	  0.0	  0.3	0.000	0.000	0.000
676	  P	  0.0	  0.3	0.000	0.000	0.000
677	  E	  2.1	  0.3	0.000	0.000	0.000
678	  V	  3.3	  0.3	0.000	0.000	0.000
679	  E	  3.4	  0.1	0.000	0.000	0.000
680	  Q	  1.4	  0.1	0.000	0.000	0.000
681	  T	  0.5	  0.1	0.000	0.000	0.000
682	  T	  0.5	  0.1	0.000	0.000	0.000
683	  E	  0.4	  0.1	0.000	0.000	0.000
684	  T	  0.6	  0.1	0.000	0.000	0.000
685	  E	  0.6	  0.1	0.000	0.000	0.000
686	  K	  0.6	  0.2	0.000	0.000	0.000
687	  P	  0.0	  0.2	0.000	0.000	0.000
688	  T	  2.8	  0.2	0.000	0.000	0.000
689	  T	  3.0	  0.2	0.000	0.000	0.000
690	  T	  3.0	  0.2	0.000	0.000	0.000
691	  P	  0.2	  0.2	0.000	0.000	0.000
692	  T	  2.8	  0.3	0.000	0.000	0.000
693	  T	  3.5	  0.3	0.000	0.000	0.000
694	  S	  5.5	  0.4	0.000	0.000	0.000
695	  T	  3.3	  0.4	0.132	0.000	0.000
696	  S	  2.9	  0.5	0.132	0.000	0.000
697	  L	  1.0	  1.5	0.132	0.000	0.000
698	  K	  0.6	  1.2	0.132	0.000	0.000
699	  G	  0.1	  1.2	0.132	0.000	0.000
700	  K	  0.0	  1.4	0.132	0.000	0.000
701	  P	  0.0	  0.3	0.000	0.000	0.000
702	  S	  3.5	  0.3	0.000	0.000	0.000
703	  V	  6.1	  0.3	0.000	0.000	0.000
704	  T	  7.3	  0.2	0.000	0.000	0.000
705	  S	  3.9	  0.2	0.000	0.000	0.000
706	  S	  4.1	  1.1	0.000	0.000	0.000
707	  A	  3.0	  1.2	0.000	0.000	0.000
708	  S	  3.6	  1.8	0.000	0.000	0.000
709	  S	  1.6	  2.4	0.000	0.000	0.000
710	  S	  1.7	  1.5	0.000	0.000	0.000
711	  S	 10.8	  1.5	0.000	0.000	0.000
712	  V	 10.8	  0.8	0.000	0.000	0.000
713	  S	 11.2	  0.2	0.000	0.000	0.000
714	  T	  3.8	  0.2	0.000	0.000	0.000
715	  T	  3.4	  0.1	0.000	0.000	0.000
716	  S	  3.1	  4.1	0.000	0.000	0.000
717	  A	  0.7	  4.1	0.000	0.000	0.000
718	  D	  1.4	  4.2	0.000	0.000	0.000
719	  C	  1.2	  5.0	0.000	0.000	0.000
720	  E	  1.1	  2.2	0.000	0.000	0.000
721	  G	  0.1	  2.2	0.000	0.000	0.000
722	  D	  0.0	  2.3	0.000	0.000	0.000
723	  A	  0.3	  1.4	0.000	0.000	0.000
724	  C	  3.0	  0.4	0.000	0.000	0.000
725	  C	  3.3	  0.7	0.000	0.000	0.000
726	  T	  3.0	  0.6	0.000	0.000	0.000
727	  G	  0.4	  1.3	0.000	0.000	0.000
728	  K	  0.2	  1.1	0.000	0.000	0.000
729	  D	  1.2	  0.8	0.000	0.000	0.000
730	  C	  1.4	  0.8	0.000	0.000	0.000
731	  E	  1.4	  0.2	0.000	0.000	0.000
732	  T	  2.0	  0.2	0.000	0.000	0.000
733	  T	  4.6	  0.2	0.000	0.000	0.000
734	  T	  5.6	  0.2	0.000	0.000	0.000
735	  S	  4.2	  0.3	0.000	0.000	0.000
736	  S	  1.7	  0.2	0.000	0.000	0.000
737	  H	  1.9	  0.2	0.000	0.000	0.000
738	  V	 10.4	  0.1	0.000	0.000	0.000
739	  R	 11.0	  0.0	0.000	0.000	0.000
740	  V	 10.6	  0.0	0.000	0.000	0.000
741	  S	  2.6	  0.8	0.000	0.000	0.000
742	  S	  1.8	  0.8	0.000	0.000	0.000
743	  S	 21.0	  0.9	0.000	0.000	0.000
744	  Y	 21.5	  1.0	0.000	0.000	0.000
745	  S	 22.0	  0.8	0.000	0.000	0.000
746	  S	  2.5	  0.8	0.000	0.000	0.000
747	  S	  1.0	  0.6	0.000	0.000	0.000
748	  Q	  0.3	  0.7	0.000	0.000	0.000
749	  P	  0.0	  0.1	0.000	0.000	0.000
750	  T	 12.6	  0.1	0.000	0.000	0.000
751	  I	 13.2	  0.3	0.000	0.000	0.000
752	  S	 13.4	  0.1	0.000	0.000	0.000
753	  S	  5.0	  0.1	0.000	0.000	0.000
754	  W	  4.4	  0.4	0.000	0.000	0.000
755	  E	  4.2	  0.7	0.000	0.000	0.000
756	  G	  0.1	  0.9	0.000	0.000	0.000
757	  T	  0.2	  1.3	0.000	0.000	0.000
758	  G	  0.2	  1.1	0.000	0.000	0.000
759	  S	  0.2	  0.6	0.000	0.000	0.000
760	  K	  0.2	  0.5	0.000	0.001	0.001
761	  A	  0.6	  0.2	0.000	19.277	19.277
762	  S	 21.0	  0.3	0.222	42.019	42.019
763	  F	 25.8	  0.2	0.222	74.805	74.805
764	  S	 25.8	  0.1	2.275	77.338	77.338
765	  F	  7.3	  0.1	2.275	97.559	97.559
766	  L	  1.1	  0.0	2.275	99.121	99.121
767	  A	  1.0	  0.0	2.275	99.392	99.392
768	  M	  1.2	  0.0	2.275	99.711	99.711
769	  I	  2.3	  0.0	2.275	99.967	99.967
770	  A	  2.2	  0.0	2.275	99.973	99.973
771	  W	  2.5	  0.0	2.052	99.959	99.959
772	  V	  4.5	  0.0	1.051	99.900	99.900
773	  F	  5.0	  0.0	0.942	99.184	99.184
774	  L	  4.1	  0.0	0.000	92.726	92.726
775	  M	  0.8	  0.0	0.000	0.003	0.003
