res	aa	Beta	Turn	Helix	Aggregation	Conc-Stab_Aggregation
01	  M	  2.0	  0.0	0.000	0.000	0.000
02	  E	  6.9	  0.0	0.000	0.000	0.000
03	  V	  7.2	  0.0	0.000	0.000	0.000
04	  S	  5.3	  3.9	0.102	0.000	0.000
05	  P	  0.3	  3.9	0.102	0.000	0.000
06	  N	  0.1	  3.9	0.476	0.154	0.154
07	  V	  1.5	  3.9	0.476	0.154	0.154
08	  L	  4.9	  0.0	0.476	0.154	0.154
09	  T	 16.1	  0.0	0.476	0.154	0.154
10	  Y	 15.8	  0.1	0.476	0.154	0.154
11	  R	 12.5	  0.4	0.374	0.000	0.000
12	  G	  1.3	  0.4	0.000	0.000	0.000
13	  N	  1.3	  0.4	0.000	0.000	0.000
14	  F	  4.1	  0.3	0.000	0.000	0.000
15	  T	  4.1	  0.0	0.000	0.000	0.000
16	  E	  2.9	  0.2	0.000	0.000	0.000
17	  P	  0.0	  0.3	0.000	0.000	0.000
18	  S	  0.2	  0.3	0.000	0.000	0.000
19	  T	  0.4	  0.3	0.000	0.000	0.000
20	  E	  0.5	  0.1	0.000	0.000	0.000
21	  Y	  0.9	  0.0	0.000	0.000	0.000
22	  L	  1.8	  0.0	0.000	0.000	0.000
23	  H	  2.2	  0.0	0.000	0.000	0.000
24	  L	  1.9	  0.1	0.000	0.000	0.000
25	  T	  1.7	  0.1	0.000	0.000	0.000
26	  N	  1.2	  1.2	0.000	0.000	0.000
27	  S	  1.7	  2.0	0.000	0.000	0.000
28	  S	  1.3	  2.0	0.000	0.000	0.000
29	  S	  1.3	  1.9	0.000	0.000	0.000
30	  Q	  0.4	  0.9	0.000	0.000	0.000
31	  P	  0.1	  0.1	0.000	0.000	0.000
32	  L	  0.2	  0.1	0.000	0.000	0.000
33	  A	  0.5	  0.1	0.000	0.000	0.000
34	  F	  3.0	  0.0	0.000	0.000	0.000
35	  K	  6.7	  0.0	0.000	0.000	0.000
36	  V	  7.9	  0.0	0.000	0.000	0.000
37	  K	  6.3	  0.0	0.000	0.000	0.000
38	  T	  3.7	  0.0	0.000	0.000	0.000
39	  T	  2.4	  0.0	0.000	0.000	0.000
40	  A	  1.6	  0.2	0.000	0.000	0.000
41	  P	  0.1	  0.2	0.000	0.000	0.000
42	  K	  0.2	  0.2	0.000	0.000	0.000
43	  L	  1.9	  0.2	0.000	0.000	0.000
44	  Y	  4.3	  0.1	0.000	0.000	0.000
45	  C	  7.2	  0.0	0.000	0.000	0.000
46	  V	  6.0	  0.0	0.000	0.000	0.000
47	  R	  3.6	  0.8	0.000	0.000	0.000
48	  P	  0.4	  0.8	0.000	0.000	0.000
49	  N	  0.1	  1.3	0.000	0.000	0.000
50	  A	  0.5	  1.3	0.000	0.000	0.000
51	  S	  1.1	  0.6	0.000	0.000	0.000
52	  I	  3.0	  0.5	0.000	0.000	0.000
53	  I	  2.5	  0.2	0.000	0.000	0.000
54	  G	  2.0	  2.3	0.000	0.000	0.000
55	  P	  0.0	  2.4	0.000	0.000	0.000
56	  G	  0.0	  2.5	0.367	0.000	0.000
57	  E	  0.0	  2.3	0.367	0.000	0.000
58	  S	  0.8	  0.3	1.430	0.000	0.000
59	  I	  5.6	  0.1	1.430	0.000	0.000
60	  K	  6.3	  0.0	1.650	0.000	0.000
61	  I	  8.8	  0.0	1.650	13.822	13.822
62	  S	  4.3	  0.0	1.871	13.822	13.822
63	  L	  4.7	  0.0	1.764	15.405	15.405
64	  I	  2.7	  0.0	1.764	15.680	15.680
65	  L	  2.4	  0.5	1.764	15.680	15.680
66	  Q	  1.3	  0.5	1.647	3.330	3.330
67	  G	  0.2	  0.5	1.121	2.817	2.817
68	  F	  8.2	  0.5	0.211	2.817	2.817
69	  T	  8.4	  0.0	0.000	1.059	1.059
70	  Q	  8.2	  0.0	0.000	0.000	0.000
71	  P	  0.2	  0.0	0.000	0.000	0.000
72	  L	  0.0	  0.2	0.000	0.000	0.000
73	  P	  0.0	  0.6	0.000	0.000	0.000
74	  K	  0.1	  0.6	0.000	0.000	0.000
75	  D	  0.5	  0.6	0.000	0.000	0.000
76	  Y	  4.7	  0.4	0.000	0.000	0.000
77	  K	  5.5	  0.0	0.000	0.000	0.000
78	  C	  5.2	  0.6	0.000	0.000	0.000
79	  K	  1.1	  0.6	0.000	0.000	0.000
80	  D	  0.3	  0.6	0.000	0.109	0.109
81	  K	  0.3	  0.6	0.000	0.109	0.109
82	  F	  1.0	  0.0	0.000	68.075	68.075
83	  L	  2.2	  0.0	0.000	68.154	68.154
84	  I	  5.0	  0.0	0.000	68.154	68.154
85	  V	 13.0	  0.0	0.000	68.154	68.154
86	  S	 11.8	  0.0	0.000	68.045	68.045
87	  L	  9.0	  0.0	0.000	4.614	4.614
88	  P	  0.1	  0.0	0.000	2.455	2.455
89	  C	  0.0	  1.8	0.000	0.000	0.000
90	  P	  0.0	  1.8	0.000	0.000	0.000
91	  D	  0.2	  1.9	0.000	0.000	0.000
92	  L	  0.6	  1.9	0.000	0.000	0.000
93	  T	  0.6	  0.1	0.000	0.000	0.000
94	  D	  0.5	  5.9	0.117	0.000	0.000
95	  P	  0.0	  5.8	0.117	0.000	0.000
96	  S	  0.3	  5.8	0.228	0.000	0.000
97	  K	  1.5	  5.8	0.228	0.000	0.000
98	  V	  1.8	  0.1	0.228	0.000	0.000
99	  S	  1.5	  0.1	0.228	0.000	0.000
100	  E	  0.5	  0.1	0.228	0.000	0.000
101	  Q	  1.7	  0.1	0.228	0.000	0.000
102	  W	  3.9	  0.2	0.000	0.000	0.000
103	  S	  3.9	  0.1	1.526	0.000	0.000
104	  A	  2.4	  0.1	1.526	0.000	0.000
105	  L	  0.3	  0.2	1.526	0.000	0.000
106	  E	  0.6	  0.2	1.635	0.000	0.000
107	  S	  0.7	  0.2	3.130	0.000	0.000
108	  K	  1.4	  0.2	3.130	0.000	0.000
109	  F	  1.7	  0.2	2.868	0.000	0.000
110	  R	  1.5	  0.2	3.153	0.000	0.000
111	  D	  0.7	  0.3	4.148	0.000	0.000
112	  Q	  0.6	  0.3	4.275	0.000	0.000
113	  L	  0.7	  0.1	4.159	0.000	0.000
114	  L	  0.8	  0.1	4.159	0.000	0.000
115	  Q	  0.5	  0.1	4.159	0.000	0.000
116	  K	  0.4	  0.1	3.464	0.000	0.000
117	  K	  0.8	  0.1	1.654	0.000	0.000
118	  L	  2.6	  0.1	0.609	0.364	0.364
119	  R	  8.4	  0.0	0.510	0.364	0.364
120	  V	 10.4	  0.0	0.093	35.646	35.646
121	  N	  9.1	  0.0	0.093	35.646	35.646
122	  F	  5.1	  0.0	0.000	35.646	35.646
123	  V	  6.7	  0.0	0.000	35.646	35.646
124	  I	  6.2	  0.0	0.000	35.646	35.646
125	  D	  4.3	  3.4	0.118	0.364	0.364
126	  E	  0.1	  3.4	0.118	0.000	0.000
127	  D	  0.0	  5.5	0.118	0.000	0.000
128	  E	  0.0	  5.6	0.118	0.000	0.000
129	  S	  0.0	  2.3	0.912	0.000	0.000
130	  N	  0.0	  2.5	0.912	0.000	0.000
131	  E	  0.1	  0.3	0.794	0.000	0.000
132	  T	  0.6	  0.2	0.794	0.000	0.000
133	  Q	  0.6	  0.5	0.794	0.000	0.000
134	  A	  0.5	  0.4	0.794	0.000	0.000
135	  N	  0.1	  0.5	0.679	0.000	0.000
136	  D	  0.2	  0.5	0.207	0.000	0.000
137	  T	  3.7	  0.2	0.000	0.000	0.000
138	  T	  7.2	  0.1	0.000	0.000	0.000
139	  F	  7.2	  0.4	0.000	0.000	0.000
140	  A	  3.8	  0.4	0.000	0.000	0.000
141	  N	  0.3	  0.6	0.000	0.000	0.000
142	  A	  0.2	  0.6	0.000	0.000	0.000
143	  T	  1.5	  0.4	0.000	0.000	0.000
144	  S	  1.6	  0.5	0.000	0.000	0.000
145	  S	  1.5	  1.0	0.000	0.000	0.000
146	  A	  0.2	  1.0	0.000	0.000	0.000
147	  G	  0.1	  1.1	0.000	0.000	0.000
148	  F	  0.2	  1.2	0.000	0.000	0.000
149	  G	  0.2	  0.7	0.116	0.000	0.000
150	  A	  0.2	  1.1	0.116	0.000	0.000
151	  A	  0.1	  1.1	0.116	0.000	0.000
152	  G	  0.0	  1.4	0.242	0.000	0.000
153	  A	  0.0	  1.3	0.242	0.000	0.000
154	  G	  0.1	  1.1	0.242	0.000	0.000
155	  A	  0.1	  1.2	0.126	0.000	0.000
156	  A	  0.1	  0.8	0.126	0.000	0.000
157	  G	  0.1	  0.8	0.276	0.000	0.000
158	  A	  0.1	  1.0	0.276	0.000	0.000
159	  A	  0.1	  0.8	0.151	0.000	0.000
160	  G	  0.1	  0.6	0.151	0.000	0.000
161	  A	  0.1	  0.5	0.151	0.000	0.000
162	  A	  0.1	  0.4	0.151	0.000	0.000
163	  A	  0.1	  0.3	0.151	0.000	0.000
164	  G	  0.1	  0.5	0.151	0.000	0.000
165	  V	  0.1	  0.9	0.000	0.000	0.000
166	  G	  0.1	  1.2	0.000	0.000	0.000
167	  A	  0.1	  1.4	0.000	0.000	0.000
168	  G	  0.0	  1.8	0.137	0.000	0.000
169	  A	  0.0	  1.6	0.137	0.000	0.000
170	  G	  0.0	  1.5	0.137	0.000	0.000
171	  A	  0.0	  1.2	0.137	0.000	0.000
172	  N	  0.0	  4.4	0.137	0.000	0.000
173	  A	  0.0	  4.2	0.137	0.000	0.000
174	  N	  0.0	  3.8	0.137	0.000	0.000
175	  D	  0.5	  3.8	0.000	0.000	0.000
176	  T	  5.0	  0.2	0.104	0.000	0.000
177	  V	  5.1	  0.1	0.104	0.000	0.000
178	  D	  4.7	  0.1	0.104	0.000	0.000
179	  R	  0.5	  0.2	0.104	0.000	0.000
180	  T	  1.6	  0.2	0.104	0.000	0.000
181	  L	  1.9	  0.3	0.104	0.000	0.000
182	  D	  1.7	  2.0	0.104	0.000	0.000
183	  S	  0.4	  2.0	0.000	0.000	0.000
184	  S	  0.4	  1.9	0.000	0.000	0.000
185	  A	  0.6	  1.9	0.000	0.000	0.000
186	  V	  2.1	  0.1	0.000	0.000	0.000
187	  N	  1.8	  0.6	0.000	0.000	0.000
188	  S	  1.5	  1.0	0.000	0.000	0.000
189	  G	  0.0	  1.3	0.237	0.000	0.000
190	  A	  0.0	  1.3	0.237	0.000	0.000
191	  D	  0.2	  0.9	0.518	0.000	0.000
192	  T	  2.9	  0.5	0.804	0.000	0.000
193	  T	  3.5	  0.2	0.804	0.000	0.000
194	  K	  3.4	  0.2	0.804	0.000	0.000
195	  E	  0.9	  0.1	0.682	0.000	0.000
196	  A	  0.3	  0.1	0.682	0.000	0.000
197	  F	  0.2	  0.9	0.682	0.000	0.000
198	  P	  0.0	  0.9	0.000	0.000	0.000
199	  S	  0.4	  1.2	0.000	0.000	0.000
200	  V	  0.5	  1.6	0.000	0.000	0.000
201	  G	  0.6	  0.8	0.000	0.000	0.000
202	  S	  0.3	  1.4	0.157	0.000	0.000
203	  A	  0.2	  1.3	0.157	0.000	0.000
204	  G	  0.1	  1.3	0.640	0.000	0.000
205	  A	  0.0	  1.3	0.640	0.000	0.000
206	  D	  0.0	  0.7	2.294	0.000	0.000
207	  E	  0.1	  0.6	2.947	0.000	0.000
208	  A	  0.2	  0.2	2.947	0.000	0.000
209	  Q	  0.5	  0.2	2.947	0.000	0.000
210	  Q	  0.8	  0.1	2.607	0.000	0.000
211	  K	  0.8	  0.2	2.588	0.000	0.000
212	  E	  0.7	  0.1	2.155	0.000	0.000
213	  L	  0.4	  0.1	1.996	0.000	0.000
214	  E	  0.5	  0.2	1.846	0.000	0.000
215	  A	  0.3	  0.4	1.538	0.000	0.000
216	  S	  0.2	  0.4	1.092	0.000	0.000
217	  N	  0.0	  0.4	1.204	0.000	0.000
218	  E	  0.1	  0.3	1.078	0.000	0.000
219	  K	  1.6	  0.1	1.078	0.000	0.000
220	  I	  1.7	  0.1	1.078	0.000	0.000
221	  N	  1.7	  0.1	1.078	0.000	0.000
222	  N	  0.4	  0.5	1.078	0.000	0.000
223	  L	  0.3	  0.5	0.473	0.000	0.000
224	  S	  0.3	  0.6	0.185	0.000	0.000
225	  E	  0.1	  0.6	0.000	0.000	0.000
226	  K	  0.6	  0.3	0.000	0.000	0.000
227	  L	  0.9	  0.4	0.000	0.000	0.000
228	  D	  0.8	  3.0	1.454	0.000	0.000
229	  S	  0.3	  2.9	3.224	0.000	0.000
230	  N	  0.0	  2.9	5.328	0.000	0.000
231	  E	  0.1	  2.8	5.678	0.000	0.000
232	  K	  0.2	  0.2	5.831	0.000	0.000
233	  A	  0.2	  0.2	5.831	0.000	0.000
234	  A	  0.2	  0.0	5.670	0.000	0.000
235	  A	  0.2	  0.1	5.286	0.000	0.000
236	  A	  0.2	  0.2	4.270	0.000	0.000
237	  S	  0.8	  0.6	2.612	0.000	0.000
238	  T	  1.5	  0.7	0.119	0.000	0.000
239	  N	  1.5	  0.7	0.278	0.000	0.000
240	  S	  1.2	  0.9	0.159	0.000	0.000
241	  Q	  0.4	  0.5	0.159	0.000	0.000
242	  T	  0.5	  0.9	0.159	0.000	0.000
243	  G	  0.3	  0.8	0.159	0.000	0.000
244	  S	  1.0	  0.6	0.159	0.000	0.000
245	  A	  0.9	  0.6	0.000	0.000	0.000
246	  T	  0.8	  0.4	0.000	0.000	0.000
247	  E	  0.1	  0.4	0.000	0.000	0.000
248	  D	  0.5	  0.3	0.000	0.000	0.000
249	  T	 17.0	  0.3	0.000	0.000	0.000
250	  V	 17.4	  0.2	0.000	0.000	0.000
251	  S	 17.0	  0.2	0.000	0.000	0.000
252	  G	  0.6	  0.2	0.000	0.000	0.000
253	  V	  7.6	  0.1	0.000	0.000	0.000
254	  S	  7.7	  0.0	0.073	0.000	0.000
255	  L	  7.7	  0.0	0.255	0.000	0.000
256	  P	  0.1	  0.0	1.277	0.960	0.960
257	  F	  0.6	  0.0	1.520	77.921	77.921
258	  A	  0.7	  0.0	2.206	83.865	83.865
259	  A	  1.1	  0.0	2.756	90.876	90.876
260	  I	  3.1	  0.0	3.255	99.145	99.145
261	  L	  4.8	  0.0	3.816	99.864	99.864
262	  V	 16.9	  0.0	4.425	99.989	99.989
263	  I	 17.9	  0.0	4.706	99.999	99.999
264	  V	 18.5	  0.0	4.706	99.999	99.999
265	  A	  6.8	  0.0	4.706	99.992	99.992
266	  I	  5.2	  0.0	4.706	99.985	99.985
267	  L	  2.8	  0.2	4.706	99.911	99.911
268	  L	  2.4	  0.2	4.626	99.483	99.483
269	  G	  0.1	  0.2	4.531	97.017	97.017
270	  W	  0.8	  0.2	0.720	96.797	96.797
271	  Y	  2.3	  0.0	0.000	95.851	95.851
272	  V	  2.3	  0.0	0.000	92.779	92.779
273	  L	  1.6	  0.0	0.000	0.018	0.018
