res	aa	Beta	Turn	Helix	Aggregation	Conc-Stab_Aggregation
01	  M	  0.2	  0.0	0.000	0.000	0.000
02	  R	  0.2	  0.1	0.000	0.000	0.000
03	  P	  0.2	  0.1	0.000	0.000	0.000
04	  L	  0.6	  0.1	0.000	0.000	0.000
05	  F	  2.9	  0.1	0.000	0.000	0.000
06	  Y	  4.9	  0.1	0.000	0.000	0.000
07	  E	  4.6	  0.2	0.000	0.000	0.000
08	  K	  2.3	  0.2	0.000	0.000	0.000
09	  N	  0.4	  0.3	0.000	0.000	0.000
10	  S	  0.4	  0.2	0.098	0.242	0.242
11	  Q	  0.7	  0.1	0.098	0.588	0.588
12	  I	  3.9	  0.0	0.098	8.912	8.912
13	  A	  4.1	  0.0	0.098	9.244	9.244
14	  V	 12.2	  0.0	0.098	9.244	9.244
15	  S	  9.6	  0.0	0.098	9.244	9.244
16	  V	  9.6	  0.0	0.000	9.244	9.244
17	  A	  1.2	  0.1	0.000	4.416	4.416
18	  E	  0.7	  0.2	0.000	0.000	0.000
19	  T	  0.1	  0.4	0.000	0.000	0.000
20	  D	  0.1	  0.4	0.000	0.000	0.000
21	  G	  0.0	  0.3	0.191	0.617	0.617
22	  V	  1.8	  0.2	0.191	3.507	3.507
23	  W	  4.5	  0.0	0.191	3.507	3.507
24	  T	  9.5	  0.0	0.191	3.507	3.507
25	  L	  7.9	  0.1	0.191	3.507	3.507
26	  S	  6.9	  0.3	0.191	3.073	3.073
27	  T	  2.6	  0.3	0.000	2.470	2.470
28	  S	  2.9	  0.3	0.000	0.255	0.255
29	  K	  2.1	  0.3	0.000	0.000	0.000
30	  T	 22.2	  0.1	0.000	0.000	0.000
31	  I	 22.0	  0.1	0.000	0.000	0.000
32	  S	 21.3	  0.2	0.000	0.000	0.000
33	  P	  0.2	  0.4	0.000	0.000	0.000
34	  E	  0.0	  0.5	0.000	0.000	0.000
35	  Q	  0.0	  0.6	0.000	0.229	0.229
36	  G	  0.0	  0.3	0.000	6.420	6.420
37	  Y	  2.5	  0.1	0.000	7.779	7.779
38	  V	  9.2	  0.0	0.000	7.779	7.779
39	  A	  9.6	  0.0	0.000	7.779	7.779
40	  V	  8.1	  0.0	0.000	7.779	7.779
41	  S	  2.0	  2.0	0.000	2.046	2.046
42	  K	  1.4	  2.1	0.000	0.000	0.000
43	  N	  0.6	  2.5	0.000	0.000	0.000
44	  D	  0.0	  2.5	0.000	0.000	0.000
45	  S	  0.4	  0.5	0.515	0.000	0.000
46	  L	  0.7	  0.4	0.515	0.000	0.000
47	  I	  1.3	  0.1	0.515	0.000	0.000
48	  T	  1.0	  0.0	0.981	0.000	0.000
49	  N	  0.7	  0.1	0.981	0.000	0.000
50	  R	  0.3	  0.1	0.981	0.000	0.000
51	  E	  1.8	  0.0	0.465	0.000	0.000
52	  V	  7.4	  0.0	0.465	1.851	1.851
53	  Y	  9.2	  0.0	0.465	1.851	1.851
54	  V	 11.0	  0.0	0.000	1.851	1.851
55	  V	  6.5	  0.0	0.000	1.851	1.851
56	  D	  4.5	  0.1	0.983	1.851	1.851
57	  S	  1.8	  0.1	1.291	1.851	1.851
58	  I	  2.3	  0.1	1.291	1.851	1.851
59	  K	  2.2	  0.5	1.291	1.851	1.851
60	  A	  1.5	  0.7	1.291	0.487	0.487
61	  G	  0.1	  1.6	1.291	0.000	0.000
62	  K	  0.0	  1.6	0.693	0.000	0.000
63	  G	  0.0	  1.3	0.000	0.000	0.000
64	  Q	  0.0	  2.0	0.000	0.000	0.000
65	  G	  0.0	  1.1	0.000	0.000	0.000
66	  N	  0.0	  4.2	0.000	0.000	0.000
67	  S	  0.0	  5.2	0.098	0.000	0.000
68	  D	  0.0	  4.7	0.510	0.000	0.000
69	  D	  0.2	  4.6	1.578	0.000	0.000
70	  S	  0.4	  1.5	7.535	0.000	0.000
71	  I	  1.0	  0.4	7.649	0.000	0.000
72	  Y	  1.4	  0.1	7.766	0.000	0.000
73	  A	  1.7	  0.1	7.766	0.000	0.000
74	  R	  3.8	  0.1	7.766	0.000	0.000
75	  I	  4.8	  0.1	7.344	0.000	0.000
76	  L	  4.3	  0.0	7.344	0.000	0.000
77	  K	  1.6	  0.0	5.526	0.000	0.000
78	  P	  0.1	  0.0	0.000	0.000	0.000
79	  I	  0.8	  0.0	0.000	0.000	0.000
80	  F	  1.4	  0.7	0.000	0.000	0.000
81	  E	  1.4	  0.7	0.000	0.000	0.000
82	  D	  0.9	  0.7	0.573	0.000	0.000
83	  L	  0.7	  0.7	0.573	0.000	0.000
84	  I	  6.6	  0.0	0.573	0.000	0.000
85	  H	 11.8	  0.0	0.573	0.000	0.000
86	  I	 11.8	  0.0	0.573	0.000	0.000
87	  K	  6.1	  0.0	0.573	0.000	0.000
88	  H	  1.8	  0.0	0.141	0.000	0.000
89	  H	  3.4	  0.0	0.000	0.000	0.000
90	  Y	  5.7	  0.0	0.000	0.730	0.730
91	  V	  5.4	  0.0	0.000	0.730	0.730
92	  A	  3.6	  0.0	0.000	0.730	0.730
93	  T	  3.9	  0.1	0.000	0.730	0.730
94	  T	  3.3	  0.1	0.000	0.730	0.730
95	  S	  3.5	  0.2	0.142	0.000	0.000
96	  A	  0.8	  0.3	0.142	0.000	0.000
97	  E	  0.4	  0.3	0.142	0.000	0.000
98	  S	  0.4	  0.2	0.602	0.000	0.000
99	  I	  0.7	  0.1	0.602	0.000	0.000
100	  A	  0.8	  0.0	0.602	0.000	0.000
101	  E	  0.8	  0.0	0.602	0.000	0.000
102	  F	  1.2	  0.2	0.602	0.000	0.000
103	  A	  1.3	  0.3	0.461	0.000	0.000
104	  S	  1.1	  0.3	0.332	0.000	0.000
105	  S	  0.4	  0.3	0.116	0.000	0.000
106	  L	  0.3	  0.5	0.000	0.000	0.000
107	  P	  0.1	  0.4	0.000	0.000	0.000
108	  S	  0.0	  0.4	0.000	0.000	0.000
109	  S	  0.0	  0.4	0.000	0.000	0.000
110	  P	  0.0	  0.0	0.000	0.000	0.000
111	  E	  0.0	  0.0	0.000	0.000	0.000
112	  P	  0.0	  0.0	0.000	0.000	0.000
113	  K	  0.5	  0.0	0.000	0.000	0.000
114	  L	  2.6	  0.0	0.000	90.374	90.374
115	  V	  9.4	  0.0	0.000	95.948	95.948
116	  I	 14.2	  0.0	0.000	95.955	95.955
117	  I	 13.1	  0.0	0.000	95.955	95.955
118	  L	  6.6	  0.2	0.000	95.955	95.955
119	  G	  1.1	  2.0	0.000	37.683	37.683
120	  G	  0.0	  2.1	0.000	3.120	3.120
121	  D	  0.1	  2.2	0.000	0.000	0.000
122	  T	  0.5	  2.0	0.000	0.000	0.000
123	  S	  6.0	  0.4	0.000	0.000	0.000
124	  I	  6.1	  0.4	0.000	0.000	0.000
125	  S	  5.8	  0.2	0.000	0.000	0.000
126	  E	  0.3	  0.2	0.000	0.000	0.000
127	  F	  1.7	  0.2	0.000	0.000	0.000
128	  V	  1.9	  3.8	0.000	0.000	0.000
129	  N	  1.8	  3.9	0.000	0.000	0.000
130	  G	  0.3	  4.1	0.000	0.000	0.000
131	  I	  0.1	  4.2	0.000	0.000	0.000
132	  G	  0.1	  0.8	0.000	0.000	0.000
133	  E	  0.1	  0.7	0.000	0.000	0.000
134	  S	  2.9	  1.2	0.000	0.000	0.000
135	  L	  3.3	  1.0	0.000	0.000	0.000
136	  N	  3.3	  0.9	0.000	0.000	0.000
137	  S	  0.4	  0.9	0.000	0.000	0.000
138	  G	  0.0	  0.2	0.000	0.000	0.000
139	  L	  0.5	  0.2	0.000	0.000	0.000
140	  I	  3.2	  0.0	0.000	0.000	0.000
141	  D	  3.2	  0.0	0.000	0.000	0.000
142	  L	  3.1	  0.0	0.000	0.000	0.000
143	  A	  2.1	  0.0	0.000	0.000	0.000
144	  V	  2.7	  0.0	0.000	0.000	0.000
145	  I	  2.4	  0.4	0.000	0.000	0.000
146	  P	  0.6	  0.5	0.000	0.000	0.000
147	  T	  0.1	  0.9	0.000	0.000	0.000
148	  G	  0.1	  1.0	0.000	0.000	0.000
149	  T	  0.1	  1.4	0.000	0.000	0.000
150	  G	  0.0	  1.4	0.280	0.000	0.000
151	  N	  0.0	  1.1	1.263	0.000	0.000
152	  A	  0.1	  1.0	1.263	1.696	1.696
153	  L	  0.4	  0.1	1.263	3.599	3.599
154	  A	  0.6	  0.1	1.263	3.599	3.599
155	  L	  2.2	  0.1	1.263	3.711	3.711
156	  S	  2.1	  0.1	1.109	3.711	3.711
157	  L	  2.0	  0.2	0.683	3.527	3.527
158	  G	  0.3	  0.4	0.560	1.226	1.226
159	  I	  0.2	  0.8	0.000	1.114	1.114
160	  G	  0.0	  0.8	0.000	0.000	0.000
161	  D	  0.4	  0.7	0.413	0.000	0.000
162	  V	  1.4	  0.6	0.413	0.000	0.000
163	  H	  1.5	  0.1	0.534	0.000	0.000
164	  S	  1.2	  0.1	0.898	0.000	0.000
165	  A	  0.4	  0.1	0.898	0.000	0.000
166	  L	  0.4	  0.1	0.898	0.000	0.000
167	  Q	  0.5	  0.1	0.898	0.000	0.000
168	  R	  0.9	  0.1	0.744	0.000	0.000
169	  L	  1.1	  0.1	0.482	0.225	0.225
170	  F	  3.7	  0.1	0.332	0.225	0.225
171	  T	  3.9	  0.1	0.000	0.225	0.225
172	  S	  3.7	  0.1	0.000	0.225	0.225
173	  T	  6.3	  0.1	0.000	0.225	0.225
174	  L	  6.0	  0.1	0.000	0.225	0.225
175	  S	  5.9	  0.0	0.000	0.000	0.000
176	  K	  0.6	  0.1	0.000	0.000	0.000
177	  P	  0.1	  0.1	0.000	0.000	0.000
178	  L	  2.9	  0.1	0.000	0.162	0.162
179	  N	  6.7	  0.1	0.817	0.162	0.162
180	  V	 10.9	  0.0	0.817	1.819	1.819
181	  Y	 11.6	  0.1	0.817	1.819	1.819
182	  S	  7.8	  0.1	0.817	1.819	1.819
183	  A	  4.1	  0.1	0.817	1.819	1.819
184	  L	  0.7	  0.1	0.817	1.819	1.819
185	  L	  0.6	  0.5	0.618	0.000	0.000
186	  P	  0.1	  0.9	0.000	0.000	0.000
187	  E	  0.0	  1.0	0.000	0.000	0.000
188	  G	  0.0	  1.1	0.222	0.000	0.000
189	  T	  1.8	  0.6	0.222	0.000	0.000
190	  Q	  2.4	  0.2	0.222	0.000	0.000
191	  K	  3.3	  0.1	0.222	0.000	0.000
192	  V	  3.8	  0.0	0.222	0.000	0.000
193	  F	  4.4	  0.2	0.222	0.000	0.000
194	  R	  3.6	  0.2	0.000	0.000	0.000
195	  G	  1.3	  0.2	0.000	0.000	0.000
196	  E	  0.2	  0.2	0.000	0.000	0.000
197	  F	  0.8	  0.0	0.000	0.000	0.000
198	  V	  0.9	  1.0	0.000	0.000	0.000
199	  G	  0.8	  1.0	0.000	0.000	0.000
200	  N	  0.1	  1.0	0.000	0.000	0.000
201	  A	  0.0	  1.2	0.000	0.000	0.000
202	  P	  0.0	  0.3	0.000	0.000	0.000
203	  K	  0.1	  0.3	0.000	0.000	0.000
204	  K	  0.4	  0.3	0.000	0.000	0.000
205	  Y	  1.6	  0.1	0.000	74.396	74.396
206	  Y	  2.4	  0.0	0.000	95.681	95.681
207	  F	  3.1	  0.0	0.000	99.662	99.662
208	  L	  3.5	  0.0	0.000	99.937	99.937
209	  V	  9.9	  0.0	0.000	99.984	99.984
210	  V	 11.6	  0.0	0.000	99.973	99.973
211	  L	 11.6	  0.0	0.000	99.667	99.667
212	  S	  4.8	  0.0	0.000	97.440	97.440
213	  W	  2.5	  0.0	0.000	97.157	97.157
214	  A	  1.2	  0.0	0.000	93.462	93.462
215	  F	  2.5	  0.0	0.000	90.330	90.330
216	  H	  2.4	  0.4	0.000	49.776	49.776
217	  A	  2.4	  0.4	0.000	49.117	49.117
218	  S	  1.1	  0.4	0.000	48.559	48.559
219	  L	  1.6	  0.4	0.000	48.489	48.489
220	  V	  1.7	  0.2	0.000	48.086	48.086
221	  A	  1.4	  0.2	0.000	22.062	22.062
222	  D	  0.6	  2.6	1.620	0.000	0.000
223	  S	  0.0	  2.7	3.258	0.000	0.000
224	  D	  0.1	  2.6	3.890	0.000	0.000
225	  T	  0.2	  2.6	12.964	0.000	0.000
226	  E	  0.2	  0.2	13.132	0.000	0.000
227	  Q	  0.7	  0.1	13.132	0.000	0.000
228	  L	  0.9	  0.2	12.889	0.000	0.000
229	  R	  2.5	  0.1	12.889	0.000	0.000
230	  Q	  2.0	  0.1	12.507	0.000	0.000
231	  Y	  1.8	  1.8	6.699	0.000	0.000
232	  G	  0.2	  1.7	2.502	0.000	0.000
233	  N	  0.1	  1.8	2.660	0.000	0.000
234	  E	  0.2	  1.8	1.646	0.000	0.000
235	  R	  0.7	  0.1	1.523	0.000	0.000
236	  F	  2.6	  0.1	1.523	0.000	0.000
237	  K	  3.6	  0.0	1.404	0.000	0.000
238	  I	  4.0	  0.0	1.301	0.000	0.000
239	  A	  2.2	  0.6	1.301	0.000	0.000
240	  A	  0.9	  0.8	1.181	0.000	0.000
241	  G	  0.1	  1.1	0.994	0.000	0.000
242	  K	  0.1	  1.1	0.301	0.000	0.000
243	  N	  0.3	  1.0	0.000	0.000	0.000
244	  L	  0.5	  0.8	0.000	0.000	0.000
245	  S	  0.5	  0.5	0.000	0.000	0.000
246	  R	  0.2	  0.7	0.000	0.000	0.000
247	  P	  0.0	  0.3	0.000	0.000	0.000
248	  Q	  0.7	  0.3	0.000	0.000	0.000
249	  K	  4.0	  0.3	0.000	0.000	0.000
250	  Y	  4.3	  0.3	0.000	0.000	0.000
251	  E	  3.7	  0.3	0.000	0.000	0.000
252	  G	  0.3	  0.3	0.188	6.240	6.240
253	  T	  3.6	  0.3	0.413	6.240	6.240
254	  V	  6.4	  0.1	0.413	6.240	6.240
255	  L	  6.7	  0.0	0.413	6.240	6.240
256	  I	  4.4	  0.1	0.413	6.240	6.240
257	  K	  2.1	  0.1	0.413	0.000	0.000
258	  S	  2.1	  0.2	0.225	0.000	0.000
259	  K	  1.1	  0.2	0.000	0.000	0.000
260	  E	  0.8	  0.2	0.000	0.000	0.000
261	  K	  2.2	  0.1	0.000	0.000	0.000
262	  V	  4.7	  0.0	0.000	0.000	0.000
263	  V	  6.1	  0.0	0.000	0.000	0.000
264	  K	  4.4	  0.2	0.000	0.000	0.000
265	  T	  1.7	  0.2	0.000	0.000	0.000
266	  N	  0.2	  0.2	0.000	0.000	0.000
267	  G	  0.0	  0.3	0.000	0.000	0.000
268	  P	  0.0	  0.2	0.000	0.890	0.890
269	  F	  6.0	  0.3	0.000	72.705	72.705
270	  S	  6.4	  0.2	0.000	77.798	77.798
271	  Y	  7.1	  0.1	0.000	78.085	78.085
272	  L	  2.5	  0.1	0.000	78.122	78.122
273	  I	  8.6	  0.0	0.000	78.122	78.122
274	  V	  8.4	  0.0	0.000	72.612	72.612
275	  T	  7.1	  0.0	0.000	0.789	0.789
276	  P	  0.5	  0.0	0.000	0.383	0.383
277	  V	  0.6	  0.1	0.000	0.000	0.000
278	  Q	  0.9	  0.1	0.000	0.000	0.000
279	  E	  2.9	  0.1	0.000	0.000	0.000
280	  F	  3.0	  0.1	0.000	0.000	0.000
281	  E	  2.7	  0.9	0.000	0.000	0.000
282	  P	  0.6	  0.9	0.000	0.000	0.000
283	  G	  0.0	  0.9	0.000	0.000	0.000
284	  F	  6.1	  0.9	0.000	0.000	0.000
285	  R	  9.9	  0.0	0.000	0.000	0.000
286	  I	 10.1	  0.0	0.000	0.000	0.000
287	  S	  4.3	  0.9	0.000	0.000	0.000
288	  P	  0.2	  0.9	0.000	0.000	0.000
289	  R	  0.1	  1.0	0.000	0.000	0.000
290	  G	  0.1	  1.0	0.000	0.000	0.000
291	  N	  4.2	  0.2	0.000	0.000	0.000
292	  V	  7.1	  0.1	0.000	0.000	0.000
293	  F	  7.9	  0.1	0.000	0.000	0.000
294	  D	  4.0	  0.8	0.000	0.000	0.000
295	  S	  1.0	  0.9	0.000	0.481	0.481
296	  S	  0.4	  0.9	0.198	4.426	4.426
297	  L	  1.0	  0.8	0.198	71.659	71.659
298	  Y	  1.7	  0.1	0.198	82.560	82.560
299	  L	  1.6	  0.0	0.198	83.012	83.012
300	  L	  4.4	  0.0	0.198	83.073	83.073
301	  T	  4.2	  0.1	0.198	82.633	82.633
302	  V	  4.1	  0.1	0.198	77.902	77.902
303	  G	  0.7	  0.1	0.198	11.927	11.927
304	  Y	  2.0	  0.2	0.000	9.333	9.333
305	  E	  2.0	  0.1	0.000	0.000	0.000
306	  H	  2.1	  0.2	0.000	0.000	0.000
307	  E	  0.2	  0.3	0.000	0.000	0.000
308	  E	  0.1	  0.2	0.000	0.000	0.000
309	  S	  5.8	  0.7	0.167	0.000	0.000
310	  I	  6.9	  0.8	0.167	0.000	0.000
311	  S	  6.9	  1.1	0.167	0.000	0.000
312	  G	  1.3	  1.1	0.167	0.000	0.000
313	  K	  0.2	  0.6	0.167	0.347	0.347
314	  Y	  0.9	  0.4	0.167	0.347	0.347
315	  L	  1.2	  0.0	0.000	0.347	0.347
316	  F	  4.4	  0.0	0.000	0.347	0.347
317	  D	  3.8	  0.0	0.158	0.347	0.347
318	  V	  8.0	  0.0	0.262	0.347	0.347
319	  M	  4.6	  0.0	0.262	0.135	0.135
320	  M	  4.7	  0.1	0.262	0.135	0.135
321	  E	  0.4	  0.1	0.262	0.000	0.000
322	  A	  0.4	  0.1	0.262	0.000	0.000
323	  Y	  0.6	  0.6	0.262	0.000	0.000
324	  D	  0.5	 10.1	0.000	0.000	0.000
325	  N	  0.3	 10.2	0.000	0.000	0.000
326	  G	  0.0	 10.2	0.000	0.000	0.000
327	  K	  0.5	  9.8	0.000	0.000	0.000
328	  H	  5.4	  0.3	0.000	0.000	0.000
329	  I	  5.5	  0.2	0.000	0.000	0.000
330	  D	  5.0	  0.1	0.000	0.000	0.000
331	  N	  0.2	  0.3	0.097	0.000	0.000
332	  P	  0.0	  0.1	0.097	0.000	0.000
333	  R	  1.2	  0.1	0.097	0.000	0.000
334	  V	  5.1	  0.1	0.097	0.000	0.000
335	  S	  6.4	  0.0	0.248	0.000	0.000
336	  Y	  5.8	  0.1	0.248	0.000	0.000
337	  K	  2.4	  0.1	0.151	0.000	0.000
338	  E	  5.7	  0.1	0.151	0.000	0.000
339	  V	 11.8	  0.1	0.151	0.000	0.000
340	  T	 12.6	  0.1	0.151	0.000	0.000
341	  L	  8.2	  0.1	0.151	0.000	0.000
342	  D	  1.5	  0.9	0.151	0.000	0.000
343	  Q	  0.3	  0.9	0.000	0.000	0.000
344	  N	  2.8	  0.8	0.000	0.000	0.000
345	  I	  8.4	  0.7	0.000	0.000	0.000
346	  I	  8.9	  0.0	0.000	0.000	0.000
347	  L	  6.4	  0.4	0.000	0.000	0.000
348	  E	  0.7	  0.7	0.000	0.000	0.000
349	  G	  0.0	  1.1	0.000	0.000	0.000
350	  E	  0.0	  1.1	0.000	0.000	0.000
351	  N	  0.1	  0.7	0.000	0.000	0.000
352	  L	  0.1	  0.4	0.000	0.000	0.000
353	  L	  0.1	  0.2	0.000	0.000	0.000
354	  P	  0.1	  0.2	0.136	0.000	0.000
355	  A	  0.4	  0.2	0.136	0.000	0.000
356	  Y	  3.4	  0.2	0.136	0.000	0.000
357	  T	  4.2	  0.1	0.136	0.000	0.000
358	  R	  4.7	  0.1	0.136	0.000	0.000
359	  R	  1.8	  0.1	0.136	0.000	0.000
360	  F	  3.3	  0.0	0.000	0.000	0.000
361	  C	  3.8	  0.3	0.000	0.000	0.000
362	  V	  3.9	  0.6	0.000	0.000	0.000
363	  D	  1.5	  0.7	0.000	0.000	0.000
364	  G	  0.2	  0.7	0.000	0.000	0.000
365	  A	  0.6	  0.3	0.000	0.000	0.000
366	  I	  3.5	  0.0	0.000	0.000	0.000
367	  V	 12.5	  0.0	0.000	0.000	0.000
368	  S	 12.0	  0.0	0.000	0.000	0.000
369	  L	  9.2	  0.2	0.000	0.000	0.000
370	  P	  0.1	  0.5	0.096	0.000	0.000
371	  E	  0.0	  0.5	0.096	0.000	0.000
372	  N	  0.0	  0.6	0.545	0.000	0.000
373	  E	  0.1	  0.4	0.545	0.000	0.000
374	  K	  0.6	  0.2	0.545	0.000	0.000
375	  A	  1.3	  0.2	0.545	0.426	0.426
376	  T	  5.4	  0.0	0.449	0.426	0.426
377	  I	  6.0	  0.0	0.449	0.426	0.426
378	  Q	  6.7	  0.0	0.449	0.426	0.426
379	  I	  2.8	  0.0	0.129	0.426	0.426
380	  Q	  1.6	  0.5	0.129	0.000	0.000
381	  P	  0.1	  1.2	0.000	0.000	0.000
382	  E	  0.0	  1.7	0.000	0.000	0.000
383	  G	  0.0	  1.8	0.000	0.000	0.000
384	  S	  0.2	  1.5	0.000	0.000	0.000
385	  Q	  0.2	  0.7	0.000	0.000	0.000
386	  L	  0.2	  0.3	0.000	0.000	0.000
387	  G	  0.1	  0.2	0.190	0.000	0.000
388	  D	  0.3	  0.1	0.306	0.000	0.000
389	  W	  1.1	  0.1	0.306	0.000	0.000
390	  K	  1.6	  0.0	0.306	0.000	0.000
391	  L	  2.1	  0.0	0.306	0.000	0.000
392	  Q	  1.8	  0.0	0.306	0.000	0.000
393	  V	  2.6	  0.0	0.117	0.000	0.000
394	  L	  1.9	  0.0	0.117	0.000	0.000
395	  T	  1.4	  0.0	0.000	0.000	0.000
